id,U_SAEM,L_SAEM,m_SAEM,e_SAEM,s_SAEM,alpha_SAEM,k_SAEM,U_mode,L_mode,m_mode,e_mode,s_mode,alpha_mode,k_mode,goes_down,mab_virus,run_id
130_bNAb_Combinations|1313842|cc|1|1|nan|2946,1,0.00273695,0.688614,100.768,10.3869,0.411005,1.09595,1,0.00273403,0.684345,1,10.3869,0.413077,1.10585,False,nan|2946,1313842
130_bNAb_Combinations|1313842|cc|2|1|nan|2946,1,0.00273695,0.677725,45.8841,10.3869,0.411005,1.09595,1,0.00273403,0.684345,1,10.3869,0.413077,1.10585,False,nan|2946,1313842
130_bNAb_Combinations|1313842|cc|3|1|nan|2946,1,0.00273695,0.686986,45.1273,10.3869,0.411005,1.09595,1,0.00273403,0.684345,1,10.3869,0.413077,1.10585,False,nan|2946,1313842
130_bNAb_Combinations|1313842|cc|4|1|nan|2946,1,0.00273695,0.646798,84.4515,10.3869,0.411005,1.09595,1,0.00273403,0.684345,1,10.3869,0.413077,1.10585,False,nan|2946,1313842
130_bNAb_Combinations|1313842|cc|5|1|nan|2946,1,0.00273695,0.683148,36.3316,10.3869,0.411005,1.09595,1,0.00273403,0.684345,1,10.3869,0.413077,1.10585,False,nan|2946,1313842
130_bNAb_Combinations|1313842|cc|6|1|nan|2946,1,0.00273695,0.670693,159,10.3869,0.411005,1.09595,1,0.00273403,0.684345,1,10.3869,0.413077,1.10585,False,nan|2946,1313842
130_bNAb_Combinations|1313842|cc|7|1|nan|2946,1,0.00273695,0.679474,395.356,10.3869,0.411005,1.09595,1,0.00273403,0.684345,1,10.3869,0.413077,1.10585,False,nan|2946,1313842
130_bNAb_Combinations|1313842|cc|8|1|nan|2946,1,0.00273695,0.667967,164.496,10.3869,0.411005,1.09595,1,0.00273403,0.684345,1,10.3869,0.413077,1.10585,False,nan|2946,1313842
130_bNAb_Combinations|1313842|sample|10|nan|2946,1,0.00273733,0.669416,0.0767129,10.2482,0.411005,1.09595,1,0.00273441,0.647782,0.071481,10.2482,0.413077,1.10585,True,PGT121|2946,1313842
130_bNAb_Combinations|1313842|sample|11|nan|2946,1,0.00273775,0.764621,0.100617,8.28773,0.411005,1.09595,1,0.00273482,0.765152,0.101565,8.28773,0.413077,1.10585,True,VRC07-523LS|2946,1313842
130_bNAb_Combinations|1313842|sample|12|nan|2946,1,0.00273775,0.713772,0.115117,8.28773,0.411005,1.09595,1,0.00273482,0.687782,0.102963,8.28773,0.413077,1.10585,True,VRC07-523LS|2946,1313842
130_bNAb_Combinations|1313842|sample|3|nan|2946,1,0.002737,0.612455,0.0196089,8.30734,0.411005,1.09595,1,0.00273408,0.632766,0.0208774,8.30734,0.413077,1.10585,True,PGDM1400|2946,1313842
130_bNAb_Combinations|1313842|sample|4|nan|2946,1,0.002737,0.591318,0.0196085,8.30734,0.411005,1.09595,1,0.00273408,0.596492,0.0196715,8.30734,0.413077,1.10585,True,PGDM1400|2946,1313842
130_bNAb_Combinations|1313842|sample|5|nan|2946,1,0.002737,0.358276,0.00210405,8.30734,0.411005,1.09595,1,0.00273408,0.38579,0.00287892,8.30734,0.413077,1.10585,True,PGDM1400|2946,1313842
130_bNAb_Combinations|1313842|sample|6|nan|2946,1,0.002737,0.403617,0.00327132,8.30734,0.411005,1.09595,1,0.00273408,0.417243,0.0035507,8.30734,0.413077,1.10585,True,PGDM1400|2946,1313842
130_bNAb_Combinations|1313842|sample|7|nan|2946,1,0.00273733,0.659194,0.0588355,10.2482,0.411005,1.09595,1,0.00273441,0.688947,0.0688629,10.2482,0.413077,1.10585,True,PGT121|2946,1313842
130_bNAb_Combinations|1313842|sample|8|nan|2946,1,0.00273733,0.650005,0.065617,10.2482,0.411005,1.09595,1,0.00273441,0.658819,0.0645975,10.2482,0.413077,1.10585,True,PGT121|2946,1313842
130_bNAb_Combinations|1313842|sample|9|nan|2946,1,0.00273733,0.777626,0.112106,10.2482,0.411005,1.09595,1,0.00273441,0.700614,0.0868804,10.2482,0.413077,1.10585,True,PGT121|2946,1313842
130_bNAb_Combinations|1313842|vc|1|2|nan|2946,1,0.00273695,0.688125,501.89,10.3869,0.411005,1.09595,1,0.00273403,0.684345,1,10.3869,0.413077,1.10585,False,nan|2946,1313842
130_bNAb_Combinations|1313842|vc|2|2|nan|2946,1,0.00273695,0.662789,81.2758,10.3869,0.411005,1.09595,1,0.00273403,0.684345,1,10.3869,0.413077,1.10585,False,nan|2946,1313842
130_bNAb_Combinations|1313842|vc|3|2|nan|2946,1,0.00273695,0.693618,39.8204,10.3869,0.411005,1.09595,1,0.00273403,0.684345,1,10.3869,0.413077,1.10585,False,nan|2946,1313842
130_bNAb_Combinations|1313842|vc|4|2|nan|2946,1,0.00273695,0.70966,222.802,10.3869,0.411005,1.09595,1,0.00273403,0.684345,1,10.3869,0.413077,1.10585,False,nan|2946,1313842
130_bNAb_Combinations|1313842|vc|5|2|nan|2946,1,0.00273695,0.690033,68.5702,10.3869,0.411005,1.09595,1,0.00273403,0.684345,1,10.3869,0.413077,1.10585,False,nan|2946,1313842
130_bNAb_Combinations|1313842|vc|6|2|nan|2946,1,0.00273695,0.702059,22.9057,10.3869,0.411005,1.09595,1,0.00273403,0.684345,1,10.3869,0.413077,1.10585,False,nan|2946,1313842
130_bNAb_Combinations|1313842|vc|7|2|nan|2946,1,0.00273695,0.687058,113.611,10.3869,0.411005,1.09595,1,0.00273403,0.684345,1,10.3869,0.413077,1.10585,False,nan|2946,1313842
130_bNAb_Combinations|1313842|vc|8|2|nan|2946,1,0.00273695,0.686675,95.4091,10.3869,0.411005,1.09595,1,0.00273403,0.684345,1,10.3869,0.413077,1.10585,False,nan|2946,1313842
130_bNAb_Combinations|1313860|cc|1|1|PVO.4|5024,1,0.00273695,0.673569,461.949,11.7075,0.411082,1.09595,1,0.00273403,0.684345,1,11.7075,0.413156,1.10585,False,nan|PVO.4,1313860
130_bNAb_Combinations|1313860|cc|2|1|PVO.4|5024,1,0.00273695,0.665234,639.923,11.7075,0.411082,1.09595,1,0.00273403,0.684345,1,11.7075,0.413156,1.10585,False,nan|PVO.4,1313860
130_bNAb_Combinations|1313860|cc|3|1|PVO.4|5024,1,0.00273695,0.681785,60.0314,11.7075,0.411082,1.09595,1,0.00273403,0.684345,1,11.7075,0.413156,1.10585,False,nan|PVO.4,1313860
130_bNAb_Combinations|1313860|cc|4|1|PVO.4|5024,1,0.00273695,0.682586,56.6376,11.7075,0.411082,1.09595,1,0.00273403,0.684345,1,11.7075,0.413156,1.10585,False,nan|PVO.4,1313860
130_bNAb_Combinations|1313860|cc|5|1|PVO.4|5024,1,0.00273695,0.674227,198.736,11.7075,0.411082,1.09595,1,0.00273403,0.684345,1,11.7075,0.413156,1.10585,False,nan|PVO.4,1313860
130_bNAb_Combinations|1313860|cc|6|1|PVO.4|5024,1,0.00273695,0.679187,84.0874,11.7075,0.411082,1.09595,1,0.00273403,0.684345,1,11.7075,0.413156,1.10585,False,nan|PVO.4,1313860
130_bNAb_Combinations|1313860|cc|7|1|PVO.4|5024,1,0.00273695,0.677071,171.352,11.7075,0.411082,1.09595,1,0.00273403,0.684345,1,11.7075,0.413156,1.10585,False,nan|PVO.4,1313860
130_bNAb_Combinations|1313860|cc|8|1|PVO.4|5024,1,0.00273695,0.686023,46.12,11.7075,0.411082,1.09595,1,0.00273403,0.684345,1,11.7075,0.413156,1.10585,False,nan|PVO.4,1313860
130_bNAb_Combinations|1313860|sample|10|PVO.4|5024,1,0.000680468,0.735344,0.1163,16.6655,0.411082,1.09595,1,0.000640025,0.708118,0.104373,16.6655,0.413156,1.10585,True,PGT121|PVO.4,1313860
130_bNAb_Combinations|1313860|sample|11|PVO.4|5024,1,0.00273699,0.815495,0.204591,16.4001,0.411082,1.09595,1,0.00273407,0.755473,0.167623,16.4001,0.413156,1.10585,True,VRC07-523LS|PVO.4,1313860
130_bNAb_Combinations|1313860|sample|12|PVO.4|5024,1,0.00273699,0.878498,0.253939,16.4001,0.411082,1.09595,1,0.00273407,0.861453,0.247034,16.4001,0.413156,1.10585,True,VRC07-523LS|PVO.4,1313860
130_bNAb_Combinations|1313860|sample|3|PVO.4|5024,1,0.00273714,0.753949,0.0427551,8.21716,0.411082,1.09595,1,0.00273422,0.727048,0.0399985,8.21716,0.413156,1.10585,True,PGDM1400|PVO.4,1313860
130_bNAb_Combinations|1313860|sample|4|PVO.4|5024,1,0.00273714,0.675755,0.0319691,8.21716,0.411082,1.09595,1,0.00273422,0.703904,0.0364411,8.21716,0.413156,1.10585,True,PGDM1400|PVO.4,1313860
130_bNAb_Combinations|1313860|sample|5|PVO.4|5024,1,0.00273714,0.681752,0.0354148,8.21716,0.411082,1.09595,1,0.00273422,0.653004,0.0329338,8.21716,0.413156,1.10585,True,PGDM1400|PVO.4,1313860
130_bNAb_Combinations|1313860|sample|6|PVO.4|5024,1,0.00273714,0.745877,0.0461177,8.21716,0.411082,1.09595,1,0.00273422,0.717509,0.044702,8.21716,0.413156,1.10585,True,PGDM1400|PVO.4,1313860
130_bNAb_Combinations|1313860|sample|7|PVO.4|5024,1,0.000680468,0.702516,0.0970185,16.6655,0.411082,1.09595,1,0.000640025,0.659607,0.0833908,16.6655,0.413156,1.10585,True,PGT121|PVO.4,1313860
130_bNAb_Combinations|1313860|sample|8|PVO.4|5024,1,0.000680468,0.663051,0.0825748,16.6655,0.411082,1.09595,1,0.000640025,0.649037,0.0808773,16.6655,0.413156,1.10585,True,PGT121|PVO.4,1313860
130_bNAb_Combinations|1313860|sample|9|PVO.4|5024,1,0.000680468,0.690266,0.0999901,16.6655,0.411082,1.09595,1,0.000640025,0.700354,0.103991,16.6655,0.413156,1.10585,True,PGT121|PVO.4,1313860
130_bNAb_Combinations|1313860|vc|1|2|PVO.4|5024,1,0.00273695,0.687376,59.8582,11.7075,0.411082,1.09595,1,0.00273403,0.684345,1,11.7075,0.413156,1.10585,False,nan|PVO.4,1313860
130_bNAb_Combinations|1313860|vc|2|2|PVO.4|5024,1,0.00273695,0.711546,49.5262,11.7075,0.411082,1.09595,1,0.00273403,0.684345,1,11.7075,0.413156,1.10585,False,nan|PVO.4,1313860
130_bNAb_Combinations|1313860|vc|3|2|PVO.4|5024,1,0.00273695,0.68348,997.604,11.7075,0.411082,1.09595,1,0.00273403,0.684345,1,11.7075,0.413156,1.10585,False,nan|PVO.4,1313860
130_bNAb_Combinations|1313860|vc|4|2|PVO.4|5024,1,0.00273695,0.686443,75.8542,11.7075,0.411082,1.09595,1,0.00273403,0.684345,1,11.7075,0.413156,1.10585,False,nan|PVO.4,1313860
130_bNAb_Combinations|1313860|vc|5|2|PVO.4|5024,1,0.00273695,0.687642,125.613,11.7075,0.411082,1.09595,1,0.00273403,0.684345,1,11.7075,0.413156,1.10585,False,nan|PVO.4,1313860
130_bNAb_Combinations|1313860|vc|6|2|PVO.4|5024,1,0.00273695,0.71219,53.5135,11.7075,0.411082,1.09595,1,0.00273403,0.684345,1,11.7075,0.413156,1.10585,False,nan|PVO.4,1313860
130_bNAb_Combinations|1313860|vc|7|2|PVO.4|5024,1,0.00273695,0.672679,399.352,11.7075,0.411082,1.09595,1,0.00273403,0.684345,1,11.7075,0.413156,1.10585,False,nan|PVO.4,1313860
130_bNAb_Combinations|1313860|vc|8|2|PVO.4|5024,1,0.00273695,0.674566,41.3913,11.7075,0.411082,1.09595,1,0.00273403,0.684345,0.999999,11.7075,0.413156,1.10585,False,nan|PVO.4,1313860
130_bNAb_Combinations|1313884|cc|1|1|nan|4168,1,0.00273693,0.677706,60.8089,11.9793,0.411056,1.09593,1,0.00273402,0.684345,1,11.9793,0.413129,1.10583,False,nan|4168,1313884
130_bNAb_Combinations|1313884|cc|2|1|nan|4168,1,0.00273693,0.661172,56.7095,11.9793,0.411056,1.09593,1,0.00273402,0.684345,1,11.9793,0.413129,1.10583,False,nan|4168,1313884
130_bNAb_Combinations|1313884|cc|3|1|nan|4168,1,0.00273693,0.689606,86.182,11.9793,0.411056,1.09593,1,0.00273402,0.684345,1,11.9793,0.413129,1.10583,False,nan|4168,1313884
130_bNAb_Combinations|1313884|cc|4|1|nan|4168,1,0.00273693,0.679655,19.072,11.9793,0.411056,1.09593,1,0.00273402,0.684345,1,11.9793,0.413129,1.10583,False,nan|4168,1313884
130_bNAb_Combinations|1313884|cc|5|1|nan|4168,1,0.00273693,0.673888,167.984,11.9793,0.411056,1.09593,1,0.00273402,0.684345,1,11.9793,0.413129,1.10583,False,nan|4168,1313884
130_bNAb_Combinations|1313884|cc|6|1|nan|4168,1,0.00273693,0.697891,85.6791,11.9793,0.411056,1.09593,1,0.00273402,0.684345,1,11.9793,0.413129,1.10583,False,nan|4168,1313884
130_bNAb_Combinations|1313884|cc|7|1|nan|4168,1,0.00273693,0.677806,87.4437,11.9793,0.411056,1.09593,1,0.00273402,0.684345,1,11.9793,0.413129,1.10583,False,nan|4168,1313884
130_bNAb_Combinations|1313884|cc|8|1|nan|4168,1,0.00273693,0.703401,38.6777,11.9793,0.411056,1.09593,1,0.00273402,0.684345,1,11.9793,0.413129,1.10583,False,nan|4168,1313884
130_bNAb_Combinations|1313884|sample|10|nan|4168,1,0.002737,0.240074,0.000150198,14.1091,0.411056,1.09593,1,0.00273408,0.239121,0.000140403,14.1091,0.413129,1.10583,True,PGT121|4168,1313884
130_bNAb_Combinations|1313884|sample|11|nan|4168,1,0.00273699,0.518321,0.210218,6.54559,0.411056,1.09593,1,0.00273407,0.507013,0.198509,6.54559,0.413129,1.10583,True,VRC07-523LS|4168,1313884
130_bNAb_Combinations|1313884|sample|12|nan|4168,1,0.00273699,0.569409,0.283814,6.54559,0.411056,1.09593,1,0.00273407,0.571538,0.284126,6.54559,0.413129,1.10583,True,VRC07-523LS|4168,1313884
130_bNAb_Combinations|1313884|sample|3|nan|4168,1,0.002737,0.657398,0.00642992,10.2185,0.411056,1.09593,1,0.00273408,0.711668,0.00848443,10.2185,0.413129,1.10583,True,PGDM1400|4168,1313884
130_bNAb_Combinations|1313884|sample|4|nan|4168,1,0.002737,0.773256,0.010458,10.2185,0.411056,1.09593,1,0.00273408,0.715294,0.00764592,10.2185,0.413129,1.10583,True,PGDM1400|4168,1313884
130_bNAb_Combinations|1313884|sample|5|nan|4168,1,0.002737,0.630839,0.00452277,10.2185,0.411056,1.09593,1,0.00273408,0.594153,0.0040289,10.2185,0.413129,1.10583,True,PGDM1400|4168,1313884
130_bNAb_Combinations|1313884|sample|6|nan|4168,1,0.002737,0.557373,0.00317505,10.2185,0.411056,1.09593,1,0.00273408,0.584098,0.00371666,10.2185,0.413129,1.10583,True,PGDM1400|4168,1313884
130_bNAb_Combinations|1313884|sample|7|nan|4168,1,0.002737,0.310017,0.000756036,14.1091,0.411056,1.09593,1,0.00273408,0.305644,0.000756829,14.1091,0.413129,1.10583,True,PGT121|4168,1313884
130_bNAb_Combinations|1313884|sample|8|nan|4168,1,0.002737,0.330163,0.00128067,14.1091,0.411056,1.09593,1,0.00273408,0.305822,0.000778935,14.1091,0.413129,1.10583,True,PGT121|4168,1313884
130_bNAb_Combinations|1313884|sample|9|nan|4168,1,0.002737,0.253635,0.000196768,14.1091,0.411056,1.09593,1,0.00273408,0.248627,0.000163826,14.1091,0.413129,1.10583,True,PGT121|4168,1313884
130_bNAb_Combinations|1313884|vc|1|2|nan|4168,1,0.00273693,0.694432,497.061,11.9793,0.411056,1.09593,1,0.00273402,0.684345,1,11.9793,0.413129,1.10583,False,nan|4168,1313884
130_bNAb_Combinations|1313884|vc|2|2|nan|4168,1,0.00273693,0.672347,141.074,11.9793,0.411056,1.09593,1,0.00273402,0.684345,1,11.9793,0.413129,1.10583,False,nan|4168,1313884
130_bNAb_Combinations|1313884|vc|3|2|nan|4168,1,0.00273693,0.68328,65.0616,11.9793,0.411056,1.09593,1,0.00273402,0.684345,1,11.9793,0.413129,1.10583,False,nan|4168,1313884
130_bNAb_Combinations|1313884|vc|4|2|nan|4168,1,0.00273693,0.655167,81.7049,11.9793,0.411056,1.09593,1,0.00273402,0.684345,1,11.9793,0.413129,1.10583,False,nan|4168,1313884
130_bNAb_Combinations|1313884|vc|5|2|nan|4168,1,0.00273693,0.693969,235.398,11.9793,0.411056,1.09593,1,0.00273402,0.684345,1,11.9793,0.413129,1.10583,False,nan|4168,1313884
130_bNAb_Combinations|1313884|vc|6|2|nan|4168,1,0.00273693,0.698097,160.793,11.9793,0.411056,1.09593,1,0.00273402,0.684345,1,11.9793,0.413129,1.10583,False,nan|4168,1313884
130_bNAb_Combinations|1313884|vc|7|2|nan|4168,1,0.00273693,0.686434,43.1376,11.9793,0.411056,1.09593,1,0.00273402,0.684345,1,11.9793,0.413129,1.10583,False,nan|4168,1313884
130_bNAb_Combinations|1313884|vc|8|2|nan|4168,1,0.00273693,0.68492,81.7834,11.9793,0.411056,1.09593,1,0.00273402,0.684345,1,11.9793,0.413129,1.10583,False,nan|4168,1313884
130_bNAb_Combinations|1313920|cc|1|1|nan|1798,1,0.00273693,0.692625,70.8028,10.8785,0.411029,0.915055,1,0.00273401,0.684345,1,10.8785,0.413103,0.911326,False,nan|1798,1313920
130_bNAb_Combinations|1313920|cc|2|1|nan|1798,1,0.00273693,0.677206,216.335,10.8785,0.411029,0.915055,1,0.00273401,0.684345,1,10.8785,0.413103,0.911326,False,nan|1798,1313920
130_bNAb_Combinations|1313920|cc|3|1|nan|1798,1,0.00273693,0.681267,67.8091,10.8785,0.411029,0.915055,1,0.00273401,0.684345,1,10.8785,0.413103,0.911326,False,nan|1798,1313920
130_bNAb_Combinations|1313920|cc|4|1|nan|1798,1,0.00273693,0.691552,78.7987,10.8785,0.411029,0.915055,1,0.00273401,0.684345,1,10.8785,0.413103,0.911326,False,nan|1798,1313920
130_bNAb_Combinations|1313920|cc|5|1|nan|1798,1,0.00273693,0.6894,106.741,10.8785,0.411029,0.915055,1,0.00273401,0.684345,1,10.8785,0.413103,0.911326,False,nan|1798,1313920
130_bNAb_Combinations|1313920|cc|6|1|nan|1798,1,0.00273693,0.677661,30.1373,10.8785,0.411029,0.915055,1,0.00273401,0.684345,0.999999,10.8785,0.413103,0.911326,False,nan|1798,1313920
130_bNAb_Combinations|1313920|cc|7|1|nan|1798,1,0.00273693,0.689163,72.7475,10.8785,0.411029,0.915055,1,0.00273401,0.684345,1,10.8785,0.413103,0.911326,False,nan|1798,1313920
130_bNAb_Combinations|1313920|cc|8|1|nan|1798,1,0.00273693,0.680842,139.017,10.8785,0.411029,0.915055,1,0.00273401,0.684345,1,10.8785,0.413103,0.911326,False,nan|1798,1313920
130_bNAb_Combinations|1313920|sample|10|nan|1798,1,0.00273699,0.745081,1.00997,8.51496,0.411029,0.915055,1,0.00273407,0.695979,0.919696,8.51496,0.413103,0.911326,True,PGT121|1798,1313920
130_bNAb_Combinations|1313920|sample|11|nan|1798,1,0.00273716,0.674156,0.0691041,12.815,0.411029,0.915055,1,0.00273424,0.666486,0.0690354,12.815,0.413103,0.911326,True,VRC07-523LS|1798,1313920
130_bNAb_Combinations|1313920|sample|12|nan|1798,1,0.00273716,0.734357,0.0792058,12.815,0.411029,0.915055,1,0.00273424,0.740771,0.0810872,12.815,0.413103,0.911326,True,VRC07-523LS|1798,1313920
130_bNAb_Combinations|1313920|sample|3|nan|1798,1,0.002737,0.420915,0.00528943,10.957,0.411029,0.915055,1,0.00273408,0.421372,0.00490382,10.957,0.413103,0.911326,True,PGDM1400|1798,1313920
130_bNAb_Combinations|1313920|sample|4|nan|1798,1,0.002737,0.377421,0.00290819,10.957,0.411029,0.915055,1,0.00273408,0.395794,0.00384296,10.957,0.413103,0.911326,True,PGDM1400|1798,1313920
130_bNAb_Combinations|1313920|sample|5|nan|1798,1,0.002737,0.296346,0.000421632,10.957,0.411029,0.915055,1,0.00273408,0.291434,0.000364976,10.957,0.413103,0.911326,True,PGDM1400|1798,1313920
130_bNAb_Combinations|1313920|sample|6|nan|1798,1,0.002737,0.267335,0.000268978,10.957,0.411029,0.915055,1,0.00273408,0.270423,0.000284771,10.957,0.413103,0.911326,True,PGDM1400|1798,1313920
130_bNAb_Combinations|1313920|sample|7|nan|1798,1,0.00273699,0.703651,0.664546,8.51496,0.411029,0.915055,1,0.00273407,0.762701,0.807477,8.51496,0.413103,0.911326,True,PGT121|1798,1313920
130_bNAb_Combinations|1313920|sample|8|nan|1798,1,0.00273699,0.796503,0.918783,8.51496,0.411029,0.915055,1,0.00273407,0.739463,0.812665,8.51496,0.413103,0.911326,True,PGT121|1798,1313920
130_bNAb_Combinations|1313920|sample|9|nan|1798,1,0.00273699,0.681072,0.811799,8.51496,0.411029,0.915055,1,0.00273407,0.70288,0.867819,8.51496,0.413103,0.911326,True,PGT121|1798,1313920
130_bNAb_Combinations|1313920|vc|1|2|nan|1798,1,0.00273693,0.678596,72.9324,10.8785,0.411029,0.915055,1,0.00273401,0.684345,1,10.8785,0.413103,0.911326,False,nan|1798,1313920
130_bNAb_Combinations|1313920|vc|2|2|nan|1798,1,0.00273693,0.667637,65.4921,10.8785,0.411029,0.915055,1,0.00273401,0.684345,1,10.8785,0.413103,0.911326,False,nan|1798,1313920
130_bNAb_Combinations|1313920|vc|3|2|nan|1798,1,0.00273693,0.675076,773.133,10.8785,0.411029,0.915055,1,0.00273401,0.684345,1,10.8785,0.413103,0.911326,False,nan|1798,1313920
130_bNAb_Combinations|1313920|vc|4|2|nan|1798,1,0.00273693,0.699068,4756.54,10.8785,0.411029,0.915055,1,0.00273401,0.684345,1,10.8785,0.413103,0.911326,False,nan|1798,1313920
130_bNAb_Combinations|1313920|vc|5|2|nan|1798,1,0.00273693,0.694206,57.4439,10.8785,0.411029,0.915055,1,0.00273401,0.684345,1,10.8785,0.413103,0.911326,False,nan|1798,1313920
130_bNAb_Combinations|1313920|vc|6|2|nan|1798,1,0.00273693,0.704849,112.76,10.8785,0.411029,0.915055,1,0.00273401,0.684345,0.999999,10.8785,0.413103,0.911326,False,nan|1798,1313920
130_bNAb_Combinations|1313920|vc|7|2|nan|1798,1,0.00273693,0.672145,122.268,10.8785,0.411029,0.915055,1,0.00273401,0.684345,1,10.8785,0.413103,0.911326,False,nan|1798,1313920
130_bNAb_Combinations|1313920|vc|8|2|nan|1798,1,0.00273693,0.684678,339.974,10.8785,0.411029,0.915055,1,0.00273401,0.684345,1,10.8785,0.413103,0.911326,False,nan|1798,1313920
130_bNAb_Combinations|1313938|cc|1|1|TRO.11|8301,1,0.00273693,0.694872,66.7977,11.2659,0.41103,1.09591,1,0.00273401,0.684345,1,11.2659,0.413103,1.10581,False,nan|TRO.11,1313938
130_bNAb_Combinations|1313938|cc|2|1|TRO.11|8301,1,0.00273693,0.686684,87.5638,11.2659,0.41103,1.09591,1,0.00273401,0.684345,1,11.2659,0.413103,1.10581,False,nan|TRO.11,1313938
130_bNAb_Combinations|1313938|cc|3|1|TRO.11|8301,1,0.00273693,0.695688,131.127,11.2659,0.41103,1.09591,1,0.00273401,0.684345,1,11.2659,0.413103,1.10581,False,nan|TRO.11,1313938
130_bNAb_Combinations|1313938|cc|4|1|TRO.11|8301,1,0.00273693,0.673678,213.053,11.2659,0.41103,1.09591,1,0.00273401,0.684345,1,11.2659,0.413103,1.10581,False,nan|TRO.11,1313938
130_bNAb_Combinations|1313938|cc|5|1|TRO.11|8301,1,0.00273693,0.660931,352.559,11.2659,0.41103,1.09591,1,0.00273401,0.684345,1,11.2659,0.413103,1.10581,False,nan|TRO.11,1313938
130_bNAb_Combinations|1313938|cc|6|1|TRO.11|8301,1,0.00273693,0.687254,33.8436,11.2659,0.41103,1.09591,1,0.00273401,0.684345,0.999999,11.2659,0.413103,1.10581,False,nan|TRO.11,1313938
130_bNAb_Combinations|1313938|cc|7|1|TRO.11|8301,1,0.00273693,0.694558,167.57,11.2659,0.41103,1.09591,1,0.00273401,0.684345,1,11.2659,0.413103,1.10581,False,nan|TRO.11,1313938
130_bNAb_Combinations|1313938|cc|8|1|TRO.11|8301,1,0.00273693,0.662311,74.9078,11.2659,0.41103,1.09591,1,0.00273401,0.684345,1,11.2659,0.413103,1.10581,False,nan|TRO.11,1313938
130_bNAb_Combinations|1313938|sample|10|TRO.11|8301,1,0.000693136,0.716006,0.969387,16.1957,0.41103,1.09591,1,0.000549807,0.737663,1.06674,16.1957,0.413103,1.10581,True,PGT121|TRO.11,1313938
130_bNAb_Combinations|1313938|sample|11|TRO.11|8301,1,0.00273748,0.839594,0.327205,13.9099,0.41103,1.09591,1,0.00273457,0.82727,0.317426,13.9099,0.413103,1.10581,True,VRC07-523LS|TRO.11,1313938
130_bNAb_Combinations|1313938|sample|12|TRO.11|8301,1,0.00273748,0.869127,0.347559,13.9099,0.41103,1.09591,1,0.00273457,0.828798,0.315025,13.9099,0.413103,1.10581,True,VRC07-523LS|TRO.11,1313938
130_bNAb_Combinations|1313938|sample|3|TRO.11|8301,1,0.00273699,0.645581,0.025468,12.5246,0.41103,1.09591,1,0.00273407,0.701411,0.0335849,12.5246,0.413103,1.10581,True,PGDM1400|TRO.11,1313938
130_bNAb_Combinations|1313938|sample|4|TRO.11|8301,1,0.00273699,0.646194,0.0272181,12.5246,0.41103,1.09591,1,0.00273407,0.645871,0.0277678,12.5246,0.413103,1.10581,True,PGDM1400|TRO.11,1313938
130_bNAb_Combinations|1313938|sample|5|TRO.11|8301,1,0.00273699,0.540942,0.0167408,12.5246,0.41103,1.09591,1,0.00273407,0.590379,0.0216271,12.5246,0.413103,1.10581,True,PGDM1400|TRO.11,1313938
130_bNAb_Combinations|1313938|sample|6|TRO.11|8301,1,0.00273699,0.566644,0.0184427,12.5246,0.41103,1.09591,1,0.00273407,0.586927,0.021291,12.5246,0.413103,1.10581,True,PGDM1400|TRO.11,1313938
130_bNAb_Combinations|1313938|sample|7|TRO.11|8301,1,0.000693136,0.738288,0.959832,16.1957,0.41103,1.09591,1,0.000549807,0.718774,0.899678,16.1957,0.413103,1.10581,True,PGT121|TRO.11,1313938
130_bNAb_Combinations|1313938|sample|8|TRO.11|8301,1,0.000693136,0.709107,0.796358,16.1957,0.41103,1.09591,1,0.000549807,0.716389,0.842277,16.1957,0.413103,1.10581,True,PGT121|TRO.11,1313938
130_bNAb_Combinations|1313938|sample|9|TRO.11|8301,1,0.000693136,0.746663,1.12797,16.1957,0.41103,1.09591,1,0.000549807,0.749497,1.14067,16.1957,0.413103,1.10581,True,PGT121|TRO.11,1313938
130_bNAb_Combinations|1313938|vc|1|2|TRO.11|8301,1,0.00273693,0.678043,341.695,11.2659,0.41103,1.09591,1,0.00273401,0.684345,1,11.2659,0.413103,1.10581,False,nan|TRO.11,1313938
130_bNAb_Combinations|1313938|vc|2|2|TRO.11|8301,1,0.00273693,0.694087,45.4353,11.2659,0.41103,1.09591,1,0.00273401,0.684345,1,11.2659,0.413103,1.10581,False,nan|TRO.11,1313938
130_bNAb_Combinations|1313938|vc|3|2|TRO.11|8301,1,0.00273693,0.674533,122.962,11.2659,0.41103,1.09591,1,0.00273401,0.684345,1,11.2659,0.413103,1.10581,False,nan|TRO.11,1313938
130_bNAb_Combinations|1313938|vc|4|2|TRO.11|8301,1,0.00273693,0.688506,68.1323,11.2659,0.41103,1.09591,1,0.00273401,0.684345,1,11.2659,0.413103,1.10581,False,nan|TRO.11,1313938
130_bNAb_Combinations|1313938|vc|5|2|TRO.11|8301,1,0.00273693,0.67302,67.7374,11.2659,0.41103,1.09591,1,0.00273401,0.684345,1,11.2659,0.413103,1.10581,False,nan|TRO.11,1313938
130_bNAb_Combinations|1313938|vc|6|2|TRO.11|8301,1,0.00273693,0.677193,163.481,11.2659,0.41103,1.09591,1,0.00273401,0.684345,1,11.2659,0.413103,1.10581,False,nan|TRO.11,1313938
130_bNAb_Combinations|1313938|vc|7|2|TRO.11|8301,1,0.00273693,0.701268,38.2698,11.2659,0.41103,1.09591,1,0.00273401,0.684345,1,11.2659,0.413103,1.10581,False,nan|TRO.11,1313938
130_bNAb_Combinations|1313938|vc|8|2|TRO.11|8301,1,0.00273693,0.69022,92.3066,11.2659,0.41103,1.09591,1,0.00273401,0.684345,1,11.2659,0.413103,1.10581,False,nan|TRO.11,1313938
130_bNAb_Combinations|1313956|cc|1|1|Ce1176_A3|7023,1,0.00273693,0.691479,129.539,10.8065,0.851236,1.09595,1,0.00273402,0.684345,1,10.8065,0.854733,1.10585,False,nan|Ce1176_A3,1313956
130_bNAb_Combinations|1313956|cc|2|1|Ce1176_A3|7023,1,0.00273693,0.683217,151.524,10.8065,0.851236,1.09595,1,0.00273402,0.684345,1,10.8065,0.854733,1.10585,False,nan|Ce1176_A3,1313956
130_bNAb_Combinations|1313956|cc|3|1|Ce1176_A3|7023,1,0.00273693,0.69148,139.204,10.8065,0.851236,1.09595,1,0.00273402,0.684345,1,10.8065,0.854733,1.10585,False,nan|Ce1176_A3,1313956
130_bNAb_Combinations|1313956|cc|4|1|Ce1176_A3|7023,1,0.00273693,0.681255,219.661,10.8065,0.851236,1.09595,1,0.00273402,0.684345,1,10.8065,0.854733,1.10585,False,nan|Ce1176_A3,1313956
130_bNAb_Combinations|1313956|cc|5|1|Ce1176_A3|7023,1,0.00273693,0.696269,65.3122,10.8065,0.851236,1.09595,1,0.00273402,0.684345,1,10.8065,0.854733,1.10585,False,nan|Ce1176_A3,1313956
130_bNAb_Combinations|1313956|cc|6|1|Ce1176_A3|7023,1,0.00273693,0.661798,103.638,10.8065,0.851236,1.09595,1,0.00273402,0.684345,0.999999,10.8065,0.854733,1.10585,False,nan|Ce1176_A3,1313956
130_bNAb_Combinations|1313956|cc|7|1|Ce1176_A3|7023,1,0.00273693,0.651081,68.0469,10.8065,0.851236,1.09595,1,0.00273402,0.684345,1,10.8065,0.854733,1.10585,False,nan|Ce1176_A3,1313956
130_bNAb_Combinations|1313956|cc|8|1|Ce1176_A3|7023,1,0.00273693,0.662376,32.1646,10.8065,0.851236,1.09595,1,0.00273402,0.684345,1,10.8065,0.854733,1.10585,False,nan|Ce1176_A3,1313956
130_bNAb_Combinations|1313956|sample|10|Ce1176_A3|7023,1,0.00273699,0.750819,1.32365,14.5783,0.851236,1.09595,1,0.00273407,0.722824,1.15774,14.5783,0.854733,1.10585,True,PGT121|Ce1176_A3,1313956
130_bNAb_Combinations|1313956|sample|11|Ce1176_A3|7023,1,0.00273699,0.772711,0.162337,10.2788,0.851236,1.09595,1,0.00273407,0.731317,0.146275,10.2788,0.854733,1.10585,True,VRC07-523LS|Ce1176_A3,1313956
130_bNAb_Combinations|1313956|sample|12|Ce1176_A3|7023,1,0.00273699,0.642276,0.102621,10.2788,0.851236,1.09595,1,0.00273407,0.702018,0.134363,10.2788,0.854733,1.10585,True,VRC07-523LS|Ce1176_A3,1313956
130_bNAb_Combinations|1313956|sample|3|Ce1176_A3|7023,1,0.00273699,0.455896,0.00154818,13.7983,0.851236,1.09595,1,0.00273407,0.387222,0.000584284,13.7983,0.854733,1.10585,True,PGDM1400|Ce1176_A3,1313956
130_bNAb_Combinations|1313956|sample|4|Ce1176_A3|7023,1,0.00273699,0.430872,0.00111465,13.7983,0.851236,1.09595,1,0.00273407,0.393605,0.000663664,13.7983,0.854733,1.10585,True,PGDM1400|Ce1176_A3,1313956
130_bNAb_Combinations|1313956|sample|5|Ce1176_A3|7023,1,0.00273699,0.300725,5.4214e-05,13.7983,0.851236,1.09595,1,0.00273407,0.30139,5.70365e-05,13.7983,0.854733,1.10585,True,PGDM1400|Ce1176_A3,1313956
130_bNAb_Combinations|1313956|sample|6|Ce1176_A3|7023,1,0.00273699,0.315379,8.81967e-05,13.7983,0.851236,1.09595,1,0.00273407,0.28597,4.9005e-05,13.7983,0.854733,1.10585,True,PGDM1400|Ce1176_A3,1313956
130_bNAb_Combinations|1313956|sample|7|Ce1176_A3|7023,1,0.00273699,0.833802,1.34538,14.5783,0.851236,1.09595,1,0.00273407,0.803896,1.25719,14.5783,0.854733,1.10585,True,PGT121|Ce1176_A3,1313956
130_bNAb_Combinations|1313956|sample|8|Ce1176_A3|7023,1,0.00273699,0.796099,1.15829,14.5783,0.851236,1.09595,1,0.00273407,0.825672,1.29199,14.5783,0.854733,1.10585,True,PGT121|Ce1176_A3,1313956
130_bNAb_Combinations|1313956|sample|9|Ce1176_A3|7023,1,0.00273699,0.791254,1.39035,14.5783,0.851236,1.09595,1,0.00273407,0.801985,1.46714,14.5783,0.854733,1.10585,True,PGT121|Ce1176_A3,1313956
130_bNAb_Combinations|1313956|vc|1|2|Ce1176_A3|7023,1,0.00273693,0.687408,60.9647,10.8065,0.851236,1.09595,1,0.00273402,0.684345,1,10.8065,0.854733,1.10585,False,nan|Ce1176_A3,1313956
130_bNAb_Combinations|1313956|vc|2|2|Ce1176_A3|7023,1,0.00273693,0.680839,262.143,10.8065,0.851236,1.09595,1,0.00273402,0.684345,1,10.8065,0.854733,1.10585,False,nan|Ce1176_A3,1313956
130_bNAb_Combinations|1313956|vc|3|2|Ce1176_A3|7023,1,0.00273693,0.662365,98.9968,10.8065,0.851236,1.09595,1,0.00273402,0.684345,1,10.8065,0.854733,1.10585,False,nan|Ce1176_A3,1313956
130_bNAb_Combinations|1313956|vc|4|2|Ce1176_A3|7023,1,0.00273693,0.661692,57.087,10.8065,0.851236,1.09595,1,0.00273402,0.684345,1,10.8065,0.854733,1.10585,False,nan|Ce1176_A3,1313956
130_bNAb_Combinations|1313956|vc|5|2|Ce1176_A3|7023,1,0.00273693,0.693955,624.372,10.8065,0.851236,1.09595,1,0.00273402,0.684345,0.999999,10.8065,0.854733,1.10585,False,nan|Ce1176_A3,1313956
130_bNAb_Combinations|1313956|vc|6|2|Ce1176_A3|7023,1,0.00273693,0.683536,53.145,10.8065,0.851236,1.09595,1,0.00273402,0.684345,1,10.8065,0.854733,1.10585,False,nan|Ce1176_A3,1313956
130_bNAb_Combinations|1313956|vc|7|2|Ce1176_A3|7023,1,0.00273693,0.679271,121.336,10.8065,0.851236,1.09595,1,0.00273402,0.684345,1,10.8065,0.854733,1.10585,False,nan|Ce1176_A3,1313956
130_bNAb_Combinations|1313956|vc|8|2|Ce1176_A3|7023,1,0.00273693,0.690935,114.831,10.8065,0.851236,1.09595,1,0.00273402,0.684345,1,10.8065,0.854733,1.10585,False,nan|Ce1176_A3,1313956
130_bNAb_Combinations|1313974|cc|1|1|nan|1176,1,0.00273693,0.699061,224.627,12.7722,0.411026,0.324492,1,0.00273402,0.684345,1,12.7722,0.413099,0.322949,False,nan|1176,1313974
130_bNAb_Combinations|1313974|cc|2|1|nan|1176,1,0.00273693,0.693194,254.062,12.7722,0.411026,0.324492,1,0.00273402,0.684345,1,12.7722,0.413099,0.322949,False,nan|1176,1313974
130_bNAb_Combinations|1313974|cc|3|1|nan|1176,1,0.00273693,0.696179,47.2444,12.7722,0.411026,0.324492,1,0.00273402,0.684345,1,12.7722,0.413099,0.322949,False,nan|1176,1313974
130_bNAb_Combinations|1313974|cc|4|1|nan|1176,1,0.00273693,0.692705,31.4391,12.7722,0.411026,0.324492,1,0.00273402,0.684345,1,12.7722,0.413099,0.322949,False,nan|1176,1313974
130_bNAb_Combinations|1313974|cc|5|1|nan|1176,1,0.00273693,0.672039,70.2967,12.7722,0.411026,0.324492,1,0.00273402,0.684345,1,12.7722,0.413099,0.322949,False,nan|1176,1313974
130_bNAb_Combinations|1313974|cc|6|1|nan|1176,1,0.00273693,0.676741,238.633,12.7722,0.411026,0.324492,1,0.00273402,0.684345,1,12.7722,0.413099,0.322949,False,nan|1176,1313974
130_bNAb_Combinations|1313974|cc|7|1|nan|1176,1,0.00273693,0.698033,129.026,12.7722,0.411026,0.324492,1,0.00273402,0.684345,1,12.7722,0.413099,0.322949,False,nan|1176,1313974
130_bNAb_Combinations|1313974|cc|8|1|nan|1176,1,0.00273693,0.673432,129.286,12.7722,0.411026,0.324492,1,0.00273402,0.684345,1,12.7722,0.413099,0.322949,False,nan|1176,1313974
130_bNAb_Combinations|1313974|sample|10|nan|1176,1,0.00273699,0.544249,0.00191318,13.8006,0.411026,0.324492,1,0.00273407,0.478682,0.00117442,13.8006,0.413099,0.322949,True,PGT121|1176,1313974
130_bNAb_Combinations|1313974|sample|11|nan|1176,1,0.00665977,0.764191,0.436,11.4737,0.411026,0.324492,1,0.00665461,0.746848,0.424118,11.4737,0.413099,0.322949,True,VRC07-523LS|1176,1313974
130_bNAb_Combinations|1313974|sample|12|nan|1176,1,0.00665977,0.718368,0.616373,11.4737,0.411026,0.324492,1,0.00665461,0.689224,0.56461,11.4737,0.413099,0.322949,True,VRC07-523LS|1176,1313974
130_bNAb_Combinations|1313974|sample|3|nan|1176,1,0.0322215,0.781268,0.866902,12.8374,0.411026,0.324492,1,0.0325297,0.778223,0.849413,12.8374,0.413099,0.322949,True,PGDM1400|1176,1313974
130_bNAb_Combinations|1313974|sample|4|nan|1176,1,0.0322215,0.699013,0.553695,12.8374,0.411026,0.324492,1,0.0325297,0.652076,0.438895,12.8374,0.413099,0.322949,True,PGDM1400|1176,1313974
130_bNAb_Combinations|1313974|sample|5|nan|1176,1,0.0322215,0.522095,0.207654,12.8374,0.411026,0.324492,1,0.0325297,0.503983,0.18292,12.8374,0.413099,0.322949,True,PGDM1400|1176,1313974
130_bNAb_Combinations|1313974|sample|6|nan|1176,1,0.0322215,0.505987,0.168614,12.8374,0.411026,0.324492,1,0.0325297,0.507618,0.172345,12.8374,0.413099,0.322949,True,PGDM1400|1176,1313974
130_bNAb_Combinations|1313974|sample|7|nan|1176,1,0.00273699,0.655423,0.0079649,13.8006,0.411026,0.324492,1,0.00273407,0.649975,0.00765065,13.8006,0.413099,0.322949,True,PGT121|1176,1313974
130_bNAb_Combinations|1313974|sample|8|nan|1176,1,0.00273699,0.673548,0.00925041,13.8006,0.411026,0.324492,1,0.00273407,0.689097,0.0105169,13.8006,0.413099,0.322949,True,PGT121|1176,1313974
130_bNAb_Combinations|1313974|sample|9|nan|1176,1,0.00273699,0.622274,0.00252714,13.8006,0.411026,0.324492,1,0.00273407,0.457523,0.000893603,13.8006,0.413099,0.322949,True,PGT121|1176,1313974
130_bNAb_Combinations|1313974|vc|1|2|nan|1176,1,0.00273693,0.685355,191.161,12.7722,0.411026,0.324492,1,0.00273402,0.684345,1,12.7722,0.413099,0.322949,False,nan|1176,1313974
130_bNAb_Combinations|1313974|vc|2|2|nan|1176,1,0.00273693,0.68917,92.219,12.7722,0.411026,0.324492,1,0.00273402,0.684345,1,12.7722,0.413099,0.322949,False,nan|1176,1313974
130_bNAb_Combinations|1313974|vc|3|2|nan|1176,1,0.00273693,0.667951,126.511,12.7722,0.411026,0.324492,1,0.00273402,0.684345,1,12.7722,0.413099,0.322949,False,nan|1176,1313974
130_bNAb_Combinations|1313974|vc|4|2|nan|1176,1,0.00273693,0.684659,243.52,12.7722,0.411026,0.324492,1,0.00273402,0.684345,1,12.7722,0.413099,0.322949,False,nan|1176,1313974
130_bNAb_Combinations|1313974|vc|5|2|nan|1176,1,0.00273693,0.673659,163.888,12.7722,0.411026,0.324492,1,0.00273402,0.684345,1,12.7722,0.413099,0.322949,False,nan|1176,1313974
130_bNAb_Combinations|1313974|vc|6|2|nan|1176,1,0.00273693,0.689166,104.211,12.7722,0.411026,0.324492,1,0.00273402,0.684345,1,12.7722,0.413099,0.322949,False,nan|1176,1313974
130_bNAb_Combinations|1313974|vc|7|2|nan|1176,1,0.00273693,0.684608,106.821,12.7722,0.411026,0.324492,1,0.00273402,0.684345,1,12.7722,0.413099,0.322949,False,nan|1176,1313974
130_bNAb_Combinations|1313974|vc|8|2|nan|1176,1,0.00273693,0.700771,34.7615,12.7722,0.411026,0.324492,1,0.00273402,0.684345,1,12.7722,0.413099,0.322949,False,nan|1176,1313974
130_bNAb_Combinations|1313992|cc|1|1|RHPA4259.7|5371,1,0.00273693,0.684761,364.395,10.9332,0.931977,1.09597,1,0.00273402,0.684345,1,10.9332,0.955298,1.10587,False,nan|RHPA4259.7,1313992
130_bNAb_Combinations|1313992|cc|2|1|RHPA4259.7|5371,1,0.00273693,0.699943,96.0659,10.9332,0.931977,1.09597,1,0.00273402,0.684345,1,10.9332,0.955298,1.10587,False,nan|RHPA4259.7,1313992
130_bNAb_Combinations|1313992|cc|3|1|RHPA4259.7|5371,1,0.00273693,0.695167,44.704,10.9332,0.931977,1.09597,1,0.00273402,0.684345,1,10.9332,0.955298,1.10587,False,nan|RHPA4259.7,1313992
130_bNAb_Combinations|1313992|cc|4|1|RHPA4259.7|5371,1,0.00273693,0.683564,45.7942,10.9332,0.931977,1.09597,1,0.00273402,0.684345,1,10.9332,0.955298,1.10587,False,nan|RHPA4259.7,1313992
130_bNAb_Combinations|1313992|cc|5|1|RHPA4259.7|5371,1,0.00273693,0.699606,48.8259,10.9332,0.931977,1.09597,1,0.00273402,0.684345,1,10.9332,0.955298,1.10587,False,nan|RHPA4259.7,1313992
130_bNAb_Combinations|1313992|cc|6|1|RHPA4259.7|5371,1,0.00273693,0.676971,78.4039,10.9332,0.931977,1.09597,1,0.00273402,0.684345,0.999997,10.9332,0.955298,1.10587,False,nan|RHPA4259.7,1313992
130_bNAb_Combinations|1313992|cc|7|1|RHPA4259.7|5371,1,0.00273693,0.696918,254.892,10.9332,0.931977,1.09597,1,0.00273402,0.684345,1,10.9332,0.955298,1.10587,False,nan|RHPA4259.7,1313992
130_bNAb_Combinations|1313992|cc|8|1|RHPA4259.7|5371,1,0.00273693,0.684804,45.924,10.9332,0.931977,1.09597,1,0.00273402,0.684345,1,10.9332,0.955298,1.10587,False,nan|RHPA4259.7,1313992
130_bNAb_Combinations|1313992|sample|10|RHPA4259.7|5371,1,0.00273731,0.704199,1.5892,10.0923,0.931977,1.09597,1,0.00273439,0.712436,1.70568,10.0923,0.955298,1.10587,True,PGT121|RHPA4259.7,1313992
130_bNAb_Combinations|1313992|sample|11|RHPA4259.7|5371,1,0.00273718,0.596823,0.542533,16.9999,0.931977,1.09597,1,0.00273426,0.618205,0.609191,16.9999,0.955298,1.10587,True,VRC07-523LS|RHPA4259.7,1313992
130_bNAb_Combinations|1313992|sample|12|RHPA4259.7|5371,1,0.00273718,0.749969,0.653974,16.9999,0.931977,1.09597,1,0.00273426,0.728912,0.62244,16.9999,0.955298,1.10587,True,VRC07-523LS|RHPA4259.7,1313992
130_bNAb_Combinations|1313992|sample|3|RHPA4259.7|5371,1,0.002737,0.711392,0.0373616,14.5799,0.931977,1.09597,1,0.00273408,0.723826,0.0402268,14.5799,0.955298,1.10587,True,PGDM1400|RHPA4259.7,1313992
130_bNAb_Combinations|1313992|sample|4|RHPA4259.7|5371,1,0.002737,0.730397,0.041235,14.5799,0.931977,1.09597,1,0.00273408,0.692114,0.0352067,14.5799,0.955298,1.10587,True,PGDM1400|RHPA4259.7,1313992
130_bNAb_Combinations|1313992|sample|5|RHPA4259.7|5371,1,0.002737,0.719403,0.0504572,14.5799,0.931977,1.09597,1,0.00273408,0.772498,0.0613207,14.5799,0.955298,1.10587,True,PGDM1400|RHPA4259.7,1313992
130_bNAb_Combinations|1313992|sample|6|RHPA4259.7|5371,1,0.002737,0.769991,0.0614914,14.5799,0.931977,1.09597,1,0.00273408,0.692216,0.0452778,14.5799,0.955298,1.10587,True,PGDM1400|RHPA4259.7,1313992
130_bNAb_Combinations|1313992|sample|7|RHPA4259.7|5371,1,0.00273731,0.746114,1.88398,10.0923,0.931977,1.09597,1,0.00273439,0.738226,1.79443,10.0923,0.955298,1.10587,True,PGT121|RHPA4259.7,1313992
130_bNAb_Combinations|1313992|sample|8|RHPA4259.7|5371,1,0.00273731,0.775569,1.6396,10.0923,0.931977,1.09597,1,0.00273439,0.766162,1.64349,10.0923,0.955298,1.10587,True,PGT121|RHPA4259.7,1313992
130_bNAb_Combinations|1313992|sample|9|RHPA4259.7|5371,1,0.00273731,0.81065,2.07299,10.0923,0.931977,1.09597,1,0.00273439,0.758432,1.83259,10.0923,0.955298,1.10587,True,PGT121|RHPA4259.7,1313992
130_bNAb_Combinations|1313992|vc|1|2|RHPA4259.7|5371,1,0.00273693,0.672809,144.085,10.9332,0.931977,1.09597,1,0.00273402,0.684345,1,10.9332,0.955298,1.10587,False,nan|RHPA4259.7,1313992
130_bNAb_Combinations|1313992|vc|2|2|RHPA4259.7|5371,1,0.00273693,0.667141,109.936,10.9332,0.931977,1.09597,1,0.00273402,0.684345,1,10.9332,0.955298,1.10587,False,nan|RHPA4259.7,1313992
130_bNAb_Combinations|1313992|vc|3|2|RHPA4259.7|5371,1,0.00273693,0.683267,142.605,10.9332,0.931977,1.09597,1,0.00273402,0.684345,1,10.9332,0.955298,1.10587,False,nan|RHPA4259.7,1313992
130_bNAb_Combinations|1313992|vc|4|2|RHPA4259.7|5371,1,0.00273693,0.676907,34.8028,10.9332,0.931977,1.09597,1,0.00273402,0.684345,0.999999,10.9332,0.955298,1.10587,False,nan|RHPA4259.7,1313992
130_bNAb_Combinations|1313992|vc|5|2|RHPA4259.7|5371,1,0.00273693,0.691281,111.068,10.9332,0.931977,1.09597,1,0.00273402,0.684345,1,10.9332,0.955298,1.10587,False,nan|RHPA4259.7,1313992
130_bNAb_Combinations|1313992|vc|6|2|RHPA4259.7|5371,1,0.00273693,0.679826,111.909,10.9332,0.931977,1.09597,1,0.00273402,0.684345,1,10.9332,0.955298,1.10587,False,nan|RHPA4259.7,1313992
130_bNAb_Combinations|1313992|vc|7|2|RHPA4259.7|5371,1,0.00273693,0.695538,77.238,10.9332,0.931977,1.09597,1,0.00273402,0.684345,1,10.9332,0.955298,1.10587,False,nan|RHPA4259.7,1313992
130_bNAb_Combinations|1313992|vc|8|2|RHPA4259.7|5371,1,0.00273693,0.720665,41.9601,10.9332,0.931977,1.09597,1,0.00273402,0.684345,1,10.9332,0.955298,1.10587,False,nan|RHPA4259.7,1313992
130_bNAb_Combinations|1314016|cc|1|1|nan|3430,1,0.00273693,0.692839,130.535,12.2884,0.411032,1.0959,1,0.00273401,0.684345,1,12.2884,0.413105,1.1058,False,nan|3430,1314016
130_bNAb_Combinations|1314016|cc|2|1|nan|3430,1,0.00273693,0.682268,179.446,12.2884,0.411032,1.0959,1,0.00273401,0.684345,1,12.2884,0.413105,1.1058,False,nan|3430,1314016
130_bNAb_Combinations|1314016|cc|3|1|nan|3430,1,0.00273693,0.681954,124.254,12.2884,0.411032,1.0959,1,0.00273401,0.684345,1,12.2884,0.413105,1.1058,False,nan|3430,1314016
130_bNAb_Combinations|1314016|cc|4|1|nan|3430,1,0.00273693,0.693912,66.861,12.2884,0.411032,1.0959,1,0.00273401,0.684345,1,12.2884,0.413105,1.1058,False,nan|3430,1314016
130_bNAb_Combinations|1314016|cc|5|1|nan|3430,1,0.00273693,0.685972,50.0955,12.2884,0.411032,1.0959,1,0.00273401,0.684345,1,12.2884,0.413105,1.1058,False,nan|3430,1314016
130_bNAb_Combinations|1314016|cc|6|1|nan|3430,1,0.00273693,0.687658,61.5154,12.2884,0.411032,1.0959,1,0.00273401,0.684345,0.999999,12.2884,0.413105,1.1058,False,nan|3430,1314016
130_bNAb_Combinations|1314016|cc|7|1|nan|3430,1,0.00273693,0.669867,102.701,12.2884,0.411032,1.0959,1,0.00273401,0.684345,1.00287,12.2884,0.413105,1.1058,False,nan|3430,1314016
130_bNAb_Combinations|1314016|cc|8|1|nan|3430,1,0.00273693,0.699521,151.386,12.2884,0.411032,1.0959,1,0.00273401,0.684345,1,12.2884,0.413105,1.1058,False,nan|3430,1314016
130_bNAb_Combinations|1314016|sample|10|nan|3430,1,0.00273699,0.448525,0.0617022,14.8402,0.411032,1.0959,1,0.00273407,0.464699,0.0693102,14.8402,0.413105,1.1058,True,PGT121|3430,1314016
130_bNAb_Combinations|1314016|sample|11|nan|3430,1,0.00273712,0.669293,0.604838,11.2113,0.411032,1.0959,1,0.0027342,0.679152,0.644892,11.2113,0.413105,1.1058,True,VRC07-523LS|3430,1314016
130_bNAb_Combinations|1314016|sample|12|nan|3430,1,0.00273712,0.759027,0.803662,11.2113,0.411032,1.0959,1,0.0027342,0.775383,0.850211,11.2113,0.413105,1.1058,True,VRC07-523LS|3430,1314016
130_bNAb_Combinations|1314016|sample|3|nan|3430,1,0.010799,0.703705,5.45359,14.228,0.411032,1.0959,1,0.0106942,0.690218,4.99565,14.228,0.413105,1.1058,True,PGDM1400|3430,1314016
130_bNAb_Combinations|1314016|sample|4|nan|3430,1,0.010799,0.749549,5.92923,14.228,0.411032,1.0959,1,0.0106942,0.745189,5.80938,14.228,0.413105,1.1058,True,PGDM1400|3430,1314016
130_bNAb_Combinations|1314016|sample|5|nan|3430,1,0.010799,0.657408,5.13724,14.228,0.411032,1.0959,1,0.0106942,0.655791,4.92367,14.228,0.413105,1.1058,True,PGDM1400|3430,1314016
130_bNAb_Combinations|1314016|sample|6|nan|3430,1,0.010799,0.602975,4.13062,14.228,0.411032,1.0959,1,0.0106942,0.604079,4.05617,14.228,0.413105,1.1058,True,PGDM1400|3430,1314016
130_bNAb_Combinations|1314016|sample|7|nan|3430,1,0.00273699,0.523538,0.0875598,14.8402,0.411032,1.0959,1,0.00273407,0.543666,0.0968107,14.8402,0.413105,1.1058,True,PGT121|3430,1314016
130_bNAb_Combinations|1314016|sample|8|nan|3430,1,0.00273699,0.492682,0.0621274,14.8402,0.411032,1.0959,1,0.00273407,0.478907,0.0550133,14.8402,0.413105,1.1058,True,PGT121|3430,1314016
130_bNAb_Combinations|1314016|sample|9|nan|3430,1,0.00273699,0.433646,0.0486665,14.8402,0.411032,1.0959,1,0.00273407,0.434073,0.0486027,14.8402,0.413105,1.1058,True,PGT121|3430,1314016
130_bNAb_Combinations|1314016|vc|1|2|nan|3430,1,0.00273693,0.687818,1662.34,12.2884,0.411032,1.0959,1,0.00273401,0.684345,1,12.2884,0.413105,1.1058,False,nan|3430,1314016
130_bNAb_Combinations|1314016|vc|2|2|nan|3430,1,0.00273693,0.664626,102.748,12.2884,0.411032,1.0959,1,0.00273401,0.684345,1,12.2884,0.413105,1.1058,False,nan|3430,1314016
130_bNAb_Combinations|1314016|vc|3|2|nan|3430,1,0.00273693,0.714172,106.946,12.2884,0.411032,1.0959,1,0.00273401,0.684345,0.999999,12.2884,0.413105,1.1058,False,nan|3430,1314016
130_bNAb_Combinations|1314016|vc|4|2|nan|3430,1,0.00273693,0.717644,53.9922,12.2884,0.411032,1.0959,1,0.00273401,0.684345,1,12.2884,0.413105,1.1058,False,nan|3430,1314016
130_bNAb_Combinations|1314016|vc|5|2|nan|3430,1,0.00273693,0.684181,124.481,12.2884,0.411032,1.0959,1,0.00273401,0.684345,1,12.2884,0.413105,1.1058,False,nan|3430,1314016
130_bNAb_Combinations|1314016|vc|6|2|nan|3430,1,0.00273693,0.689066,321.594,12.2884,0.411032,1.0959,1,0.00273401,0.684345,1,12.2884,0.413105,1.1058,False,nan|3430,1314016
130_bNAb_Combinations|1314016|vc|7|2|nan|3430,1,0.00273693,0.697502,403.373,12.2884,0.411032,1.0959,1,0.00273401,0.684345,1,12.2884,0.413105,1.1058,False,nan|3430,1314016
130_bNAb_Combinations|1314016|vc|8|2|nan|3430,1,0.00273693,0.650583,50.5894,12.2884,0.411032,1.0959,1,0.00273401,0.684345,1,12.2884,0.413105,1.1058,False,nan|3430,1314016
130_bNAb_Combinations|1314040|cc|1|1|nan|4166,1,0.00273674,0.689951,338.44,12.0088,0.411068,1.09596,1,0.00273383,0.684345,1,12.0088,0.413141,1.10586,False,nan|4166,1314040
130_bNAb_Combinations|1314040|cc|2|1|nan|4166,1,0.00273674,0.663304,281.505,12.0088,0.411068,1.09596,1,0.00273383,0.684345,0.999999,12.0088,0.413141,1.10586,False,nan|4166,1314040
130_bNAb_Combinations|1314040|cc|3|1|nan|4166,1,0.00273674,0.673804,45.9021,12.0088,0.411068,1.09596,1,0.00273383,0.684345,1,12.0088,0.413141,1.10586,False,nan|4166,1314040
130_bNAb_Combinations|1314040|cc|4|1|nan|4166,1,0.00273674,0.691677,100.169,12.0088,0.411068,1.09596,1,0.00273383,0.684345,1,12.0088,0.413141,1.10586,False,nan|4166,1314040
130_bNAb_Combinations|1314040|cc|5|1|nan|4166,1,0.00273674,0.665594,119.971,12.0088,0.411068,1.09596,1,0.00273383,0.684345,1,12.0088,0.413141,1.10586,False,nan|4166,1314040
130_bNAb_Combinations|1314040|cc|6|1|nan|4166,1,0.00273674,0.662858,129.981,12.0088,0.411068,1.09596,1,0.00273383,0.684345,1,12.0088,0.413141,1.10586,False,nan|4166,1314040
130_bNAb_Combinations|1314040|cc|7|1|nan|4166,1,0.00273674,0.689531,85.2825,12.0088,0.411068,1.09596,1,0.00273383,0.684345,1,12.0088,0.413141,1.10586,False,nan|4166,1314040
130_bNAb_Combinations|1314040|cc|8|1|nan|4166,1,0.00273674,0.678788,223.717,12.0088,0.411068,1.09596,1,0.00273383,0.684345,1,12.0088,0.413141,1.10586,False,nan|4166,1314040
130_bNAb_Combinations|1314040|sample|10|nan|4166,1,0.002737,0.931482,6.31711,10.2337,0.411068,1.09596,1,0.00273408,0.79701,4.72946,10.2337,0.413141,1.10586,True,PGT121|4166,1314040
130_bNAb_Combinations|1314040|sample|11|nan|4166,1,0.00273733,0.751261,1.54303,12.8582,0.411068,1.09596,1,0.00273441,0.740205,1.50264,12.8582,0.413141,1.10586,True,VRC07-523LS|4166,1314040
130_bNAb_Combinations|1314040|sample|12|nan|4166,1,0.00273733,0.598435,0.994527,12.8582,0.411068,1.09596,1,0.00273441,0.61848,1.14472,12.8582,0.413141,1.10586,True,VRC07-523LS|4166,1314040
130_bNAb_Combinations|1314040|sample|3|nan|4166,1,0.00273699,0.583139,1.2822,14.5088,0.411068,1.09596,1,0.00273407,0.563117,1.17636,14.5088,0.413141,1.10586,True,PGDM1400|4166,1314040
130_bNAb_Combinations|1314040|sample|4|nan|4166,1,0.00273699,0.562347,0.734215,14.5088,0.411068,1.09596,1,0.00273407,0.535904,0.64258,14.5088,0.413141,1.10586,True,PGDM1400|4166,1314040
130_bNAb_Combinations|1314040|sample|5|nan|4166,1,0.00273699,0.530305,0.899895,14.5088,0.411068,1.09596,1,0.00273407,0.51802,0.785739,14.5088,0.413141,1.10586,True,PGDM1400|4166,1314040
130_bNAb_Combinations|1314040|sample|6|nan|4166,1,0.00273699,0.578099,1.19657,14.5088,0.411068,1.09596,1,0.00273407,0.568817,1.10288,14.5088,0.413141,1.10586,True,PGDM1400|4166,1314040
130_bNAb_Combinations|1314040|sample|7|nan|4166,1,0.002737,0.793628,3.28351,10.2337,0.411068,1.09596,1,0.00273408,0.832035,3.83204,10.2337,0.413141,1.10586,True,PGT121|4166,1314040
130_bNAb_Combinations|1314040|sample|8|nan|4166,1,0.002737,0.857469,3.81431,10.2337,0.411068,1.09596,1,0.00273408,0.825704,3.56355,10.2337,0.413141,1.10586,True,PGT121|4166,1314040
130_bNAb_Combinations|1314040|sample|9|nan|4166,1,0.002737,0.748522,3.11983,10.2337,0.411068,1.09596,1,0.00273408,0.792069,3.60902,10.2337,0.413141,1.10586,True,PGT121|4166,1314040
130_bNAb_Combinations|1314040|vc|1|2|nan|4166,1,0.00273674,0.688603,61.7796,12.0088,0.411068,1.09596,1,0.00273383,0.684345,1,12.0088,0.413141,1.10586,False,nan|4166,1314040
130_bNAb_Combinations|1314040|vc|2|2|nan|4166,1,0.00273674,0.683078,97.3519,12.0088,0.411068,1.09596,1,0.00273383,0.684345,1,12.0088,0.413141,1.10586,False,nan|4166,1314040
130_bNAb_Combinations|1314040|vc|3|2|nan|4166,1,0.00273674,0.682285,191.5,12.0088,0.411068,1.09596,1,0.00273383,0.684345,1,12.0088,0.413141,1.10586,False,nan|4166,1314040
130_bNAb_Combinations|1314040|vc|4|2|nan|4166,1,0.00273674,0.687849,1208.97,12.0088,0.411068,1.09596,1,0.00273383,0.684345,1,12.0088,0.413141,1.10586,False,nan|4166,1314040
130_bNAb_Combinations|1314040|vc|5|2|nan|4166,1,0.00273674,0.664698,402.961,12.0088,0.411068,1.09596,1,0.00273383,0.684345,1,12.0088,0.413141,1.10586,False,nan|4166,1314040
130_bNAb_Combinations|1314040|vc|6|2|nan|4166,1,0.00273674,0.689783,75.8044,12.0088,0.411068,1.09596,1,0.00273383,0.684345,1,12.0088,0.413141,1.10586,False,nan|4166,1314040
130_bNAb_Combinations|1314040|vc|7|2|nan|4166,1,0.00273674,0.677845,229.739,12.0088,0.411068,1.09596,1,0.00273383,0.684345,1,12.0088,0.413141,1.10586,False,nan|4166,1314040
130_bNAb_Combinations|1314040|vc|8|2|nan|4166,1,0.00273674,0.688367,86.3504,12.0088,0.411068,1.09596,1,0.00273383,0.684345,1,12.0088,0.413141,1.10586,False,nan|4166,1314040
130_bNAb_Combinations|1314058|cc|1|1|nan|2944,1,0.00273694,0.691124,160.036,10.6696,0.411031,1.09595,1,0.00273402,0.684345,1,10.6696,0.413104,1.10585,False,nan|2944,1314058
130_bNAb_Combinations|1314058|cc|2|1|nan|2944,1,0.00273694,0.679687,77.574,10.6696,0.411031,1.09595,1,0.00273402,0.684345,1,10.6696,0.413104,1.10585,False,nan|2944,1314058
130_bNAb_Combinations|1314058|cc|3|1|nan|2944,1,0.00273694,0.650401,74.8458,10.6696,0.411031,1.09595,1,0.00273402,0.684345,1,10.6696,0.413104,1.10585,False,nan|2944,1314058
130_bNAb_Combinations|1314058|cc|4|1|nan|2944,1,0.00273694,0.682776,46.0543,10.6696,0.411031,1.09595,1,0.00273402,0.684345,1,10.6696,0.413104,1.10585,False,nan|2944,1314058
130_bNAb_Combinations|1314058|cc|5|1|nan|2944,1,0.00273694,0.680107,54.1777,10.6696,0.411031,1.09595,1,0.00273402,0.684345,1,10.6696,0.413104,1.10585,False,nan|2944,1314058
130_bNAb_Combinations|1314058|cc|6|1|nan|2944,1,0.00273694,0.666225,27.7341,10.6696,0.411031,1.09595,1,0.00273402,0.684345,0.999999,10.6696,0.413104,1.10585,False,nan|2944,1314058
130_bNAb_Combinations|1314058|cc|7|1|nan|2944,1,0.00273694,0.689355,337.519,10.6696,0.411031,1.09595,1,0.00273402,0.684345,1,10.6696,0.413104,1.10585,False,nan|2944,1314058
130_bNAb_Combinations|1314058|cc|8|1|nan|2944,1,0.00273694,0.690849,108.643,10.6696,0.411031,1.09595,1,0.00273402,0.684345,0.999999,10.6696,0.413104,1.10585,False,nan|2944,1314058
130_bNAb_Combinations|1314058|sample|10|nan|2944,1,0.00273703,0.883303,3.01741,14.0876,0.411031,1.09595,1,0.00273411,0.81463,2.50232,14.0876,0.413104,1.10585,True,PGT121|2944,1314058
130_bNAb_Combinations|1314058|sample|11|nan|2944,1,0.00273702,0.751383,0.378364,12.5248,0.411031,1.09595,1,0.0027341,0.735438,0.35582,12.5248,0.413104,1.10585,True,VRC07-523LS|2944,1314058
130_bNAb_Combinations|1314058|sample|12|nan|2944,1,0.00273702,0.682332,0.289747,12.5248,0.411031,1.09595,1,0.0027341,0.650635,0.25434,12.5248,0.413104,1.10585,True,VRC07-523LS|2944,1314058
130_bNAb_Combinations|1314058|sample|3|nan|2944,1,0.002737,0.738106,12.0917,12.9434,0.411031,1.09595,1,0.00273408,0.732296,12.6036,12.9434,0.413104,1.10585,True,PGDM1400|2944,1314058
130_bNAb_Combinations|1314058|sample|4|nan|2944,1,0.002737,0.61103,7.36712,12.9434,0.411031,1.09595,1,0.00273408,0.602818,6.71816,12.9434,0.413104,1.10585,True,PGDM1400|2944,1314058
130_bNAb_Combinations|1314058|sample|5|nan|2944,1,0.002737,0.474718,3.94758,12.9434,0.411031,1.09595,1,0.00273408,0.512552,5.3863,12.9434,0.413104,1.10585,True,PGDM1400|2944,1314058
130_bNAb_Combinations|1314058|sample|6|nan|2944,1,0.002737,0.586271,11.1908,12.9434,0.411031,1.09595,1,0.00273408,0.590483,11.2127,12.9434,0.413104,1.10585,True,PGDM1400|2944,1314058
130_bNAb_Combinations|1314058|sample|7|nan|2944,1,0.00273703,0.669313,1.61477,14.0876,0.411031,1.09595,1,0.00273411,0.624178,1.27546,14.0876,0.413104,1.10585,True,PGT121|2944,1314058
130_bNAb_Combinations|1314058|sample|8|nan|2944,1,0.00273703,0.79121,1.94534,14.0876,0.411031,1.09595,1,0.00273411,0.804405,2.03215,14.0876,0.413104,1.10585,True,PGT121|2944,1314058
130_bNAb_Combinations|1314058|sample|9|nan|2944,1,0.00273703,0.846685,2.98406,14.0876,0.411031,1.09595,1,0.00273411,0.800629,2.61423,14.0876,0.413104,1.10585,True,PGT121|2944,1314058
130_bNAb_Combinations|1314058|vc|1|2|nan|2944,1,0.00273694,0.678064,73.7556,10.6696,0.411031,1.09595,1,0.00273402,0.684345,1,10.6696,0.413104,1.10585,False,nan|2944,1314058
130_bNAb_Combinations|1314058|vc|2|2|nan|2944,1,0.00273694,0.687966,244.792,10.6696,0.411031,1.09595,1,0.00273402,0.684345,1,10.6696,0.413104,1.10585,False,nan|2944,1314058
130_bNAb_Combinations|1314058|vc|3|2|nan|2944,1,0.00273694,0.685595,272.988,10.6696,0.411031,1.09595,1,0.00273402,0.684345,1,10.6696,0.413104,1.10585,False,nan|2944,1314058
130_bNAb_Combinations|1314058|vc|4|2|nan|2944,1,0.00273694,0.705603,251.126,10.6696,0.411031,1.09595,1,0.00273402,0.684345,1,10.6696,0.413104,1.10585,False,nan|2944,1314058
130_bNAb_Combinations|1314058|vc|5|2|nan|2944,1,0.00273694,0.683461,342.359,10.6696,0.411031,1.09595,1,0.00273402,0.684345,1,10.6696,0.413104,1.10585,False,nan|2944,1314058
130_bNAb_Combinations|1314058|vc|6|2|nan|2944,1,0.00273694,0.690472,42.1347,10.6696,0.411031,1.09595,1,0.00273402,0.684345,1,10.6696,0.413104,1.10585,False,nan|2944,1314058
130_bNAb_Combinations|1314058|vc|7|2|nan|2944,1,0.00273694,0.687602,122.306,10.6696,0.411031,1.09595,1,0.00273402,0.684345,1,10.6696,0.413104,1.10585,False,nan|2944,1314058
130_bNAb_Combinations|1314058|vc|8|2|nan|2944,1,0.00273694,0.66342,100.254,10.6696,0.411031,1.09595,1,0.00273402,0.684345,1,10.6696,0.413104,1.10585,False,nan|2944,1314058
130_bNAb_Combinations|1342240|cc|1|1|nan|1798,1,0.00273693,0.672237,116.983,10.8785,0.411029,1.09595,1,0.00273401,0.684345,1,10.8785,0.413102,1.10585,False,nan|1798,1342240
130_bNAb_Combinations|1342240|cc|2|1|nan|1798,1,0.00273693,0.690163,111.791,10.8785,0.411029,1.09595,1,0.00273401,0.684345,1,10.8785,0.413102,1.10585,False,nan|1798,1342240
130_bNAb_Combinations|1342240|cc|3|1|nan|1798,1,0.00273693,0.683882,281.433,10.8785,0.411029,1.09595,1,0.00273401,0.684345,1,10.8785,0.413102,1.10585,False,nan|1798,1342240
130_bNAb_Combinations|1342240|cc|4|1|nan|1798,1,0.00273693,0.679611,58.6121,10.8785,0.411029,1.09595,1,0.00273401,0.684345,1,10.8785,0.413102,1.10585,False,nan|1798,1342240
130_bNAb_Combinations|1342240|cc|5|1|nan|1798,1,0.00273693,0.695118,96.5324,10.8785,0.411029,1.09595,1,0.00273401,0.684345,1,10.8785,0.413102,1.10585,False,nan|1798,1342240
130_bNAb_Combinations|1342240|cc|6|1|nan|1798,1,0.00273693,0.70061,92.6262,10.8785,0.411029,1.09595,1,0.00273401,0.684345,1,10.8785,0.413102,1.10585,False,nan|1798,1342240
130_bNAb_Combinations|1342240|cc|7|1|nan|1798,1,0.00273693,0.699429,40.4638,10.8785,0.411029,1.09595,1,0.00273401,0.684345,1,10.8785,0.413102,1.10585,False,nan|1798,1342240
130_bNAb_Combinations|1342240|cc|8|1|nan|1798,1,0.00273693,0.698255,105.569,10.8785,0.411029,1.09595,1,0.00273401,0.684345,1,10.8785,0.413102,1.10585,False,nan|1798,1342240
130_bNAb_Combinations|1342240|sample|3|nan|1798,1,0.00273716,0.865935,0.0873077,12.815,0.411029,1.09595,1,0.00273424,0.88258,0.0912524,12.815,0.413102,1.10585,True,VRC07-523LS|1798,1342240
130_bNAb_Combinations|1342240|sample|4|nan|1798,1,0.00273716,0.89847,0.0954088,12.815,0.411029,1.09595,1,0.00273424,0.893591,0.0964947,12.815,0.413102,1.10585,True,VRC07-523LS|1798,1342240
130_bNAb_Combinations|1342240|sample|8|nan|1798,1,0.00273716,0.699529,235.504,12.815,0.411029,1.09595,1,0.00273424,0.672461,1,12.815,0.413102,1.10585,True,VRC07-523LS|1798,1342240
130_bNAb_Combinations|1342240|vc|1|2|nan|1798,1,0.00273693,0.690356,29.5765,10.8785,0.411029,1.09595,1,0.00273401,0.684345,1,10.8785,0.413102,1.10585,False,nan|1798,1342240
130_bNAb_Combinations|1342240|vc|2|2|nan|1798,1,0.00273693,0.703607,237.223,10.8785,0.411029,1.09595,1,0.00273401,0.684345,1,10.8785,0.413102,1.10585,False,nan|1798,1342240
130_bNAb_Combinations|1342240|vc|3|2|nan|1798,1,0.00273693,0.687877,41.6074,10.8785,0.411029,1.09595,1,0.00273401,0.684345,1,10.8785,0.413102,1.10585,False,nan|1798,1342240
130_bNAb_Combinations|1342240|vc|4|2|nan|1798,1,0.00273693,0.695297,95.726,10.8785,0.411029,1.09595,1,0.00273401,0.684345,1,10.8785,0.413102,1.10585,False,nan|1798,1342240
130_bNAb_Combinations|1342240|vc|5|2|nan|1798,1,0.00273693,0.686519,68.5092,10.8785,0.411029,1.09595,1,0.00273401,0.684345,1,10.8785,0.413102,1.10585,False,nan|1798,1342240
130_bNAb_Combinations|1342240|vc|6|2|nan|1798,1,0.00273693,0.670932,63.9787,10.8785,0.411029,1.09595,1,0.00273401,0.684345,1,10.8785,0.413102,1.10585,False,nan|1798,1342240
130_bNAb_Combinations|1342240|vc|7|2|nan|1798,1,0.00273693,0.682941,50.2253,10.8785,0.411029,1.09595,1,0.00273401,0.684345,1,10.8785,0.413102,1.10585,False,nan|1798,1342240
130_bNAb_Combinations|1342240|vc|8|2|nan|1798,1,0.00273693,0.666024,103.873,10.8785,0.411029,1.09595,1,0.00273401,0.684345,0.999999,10.8785,0.413102,1.10585,False,nan|1798,1342240
130_bNAb_Combinations|1342258|cc|1|1|TRO.11|8301,1,0.00273693,0.664826,39.2038,11.2659,0.411029,1.09595,1,0.00273401,0.684345,0.999999,11.2659,0.413102,1.10585,False,nan|TRO.11,1342258
130_bNAb_Combinations|1342258|cc|2|1|TRO.11|8301,1,0.00273693,0.681507,72.8311,11.2659,0.411029,1.09595,1,0.00273401,0.684345,1,11.2659,0.413102,1.10585,False,nan|TRO.11,1342258
130_bNAb_Combinations|1342258|cc|3|1|TRO.11|8301,1,0.00273693,0.662669,137.044,11.2659,0.411029,1.09595,1,0.00273401,0.684345,1,11.2659,0.413102,1.10585,False,nan|TRO.11,1342258
130_bNAb_Combinations|1342258|cc|4|1|TRO.11|8301,1,0.00273693,0.693332,68.5408,11.2659,0.411029,1.09595,1,0.00273401,0.684345,1,11.2659,0.413102,1.10585,False,nan|TRO.11,1342258
130_bNAb_Combinations|1342258|cc|5|1|TRO.11|8301,1,0.00273693,0.700012,115.349,11.2659,0.411029,1.09595,1,0.00273401,0.684345,1,11.2659,0.413102,1.10585,False,nan|TRO.11,1342258
130_bNAb_Combinations|1342258|cc|6|1|TRO.11|8301,1,0.00273693,0.700077,100.765,11.2659,0.411029,1.09595,1,0.00273401,0.684345,1,11.2659,0.413102,1.10585,False,nan|TRO.11,1342258
130_bNAb_Combinations|1342258|cc|7|1|TRO.11|8301,1,0.00273693,0.682235,150.725,11.2659,0.411029,1.09595,1,0.00273401,0.684345,1,11.2659,0.413102,1.10585,False,nan|TRO.11,1342258
130_bNAb_Combinations|1342258|cc|8|1|TRO.11|8301,1,0.00273693,0.686575,254.657,11.2659,0.411029,1.09595,1,0.00273401,0.684345,1,11.2659,0.413102,1.10585,False,nan|TRO.11,1342258
130_bNAb_Combinations|1342258|sample|3|TRO.11|8301,1,0.00273748,0.943051,0.381735,13.9099,0.411029,1.09595,1,0.00273457,0.878381,0.343493,13.9099,0.413102,1.10585,True,VRC07-523LS|TRO.11,1342258
130_bNAb_Combinations|1342258|sample|4|TRO.11|8301,1,0.00273748,0.864826,0.300496,13.9099,0.411029,1.09595,1,0.00273457,0.837282,0.287325,13.9099,0.413102,1.10585,True,VRC07-523LS|TRO.11,1342258
130_bNAb_Combinations|1342258|vc|1|2|TRO.11|8301,1,0.00273693,0.67446,331.539,11.2659,0.411029,1.09595,1,0.00273401,0.684345,1,11.2659,0.413102,1.10585,False,nan|TRO.11,1342258
130_bNAb_Combinations|1342258|vc|2|2|TRO.11|8301,1,0.00273693,0.687061,2281.17,11.2659,0.411029,1.09595,1,0.00273401,0.684345,1,11.2659,0.413102,1.10585,False,nan|TRO.11,1342258
130_bNAb_Combinations|1342258|vc|3|2|TRO.11|8301,1,0.00273693,0.673474,199.906,11.2659,0.411029,1.09595,1,0.00273401,0.684345,1,11.2659,0.413102,1.10585,False,nan|TRO.11,1342258
130_bNAb_Combinations|1342258|vc|4|2|TRO.11|8301,1,0.00273693,0.66582,98.7823,11.2659,0.411029,1.09595,1,0.00273401,0.684345,1,11.2659,0.413102,1.10585,False,nan|TRO.11,1342258
130_bNAb_Combinations|1342258|vc|5|2|TRO.11|8301,1,0.00273693,0.685576,236.329,11.2659,0.411029,1.09595,1,0.00273401,0.684345,1,11.2659,0.413102,1.10585,False,nan|TRO.11,1342258
130_bNAb_Combinations|1342258|vc|6|2|TRO.11|8301,1,0.00273693,0.682707,226.024,11.2659,0.411029,1.09595,1,0.00273401,0.684345,1,11.2659,0.413102,1.10585,False,nan|TRO.11,1342258
130_bNAb_Combinations|1342258|vc|7|2|TRO.11|8301,1,0.00273693,0.665577,177.849,11.2659,0.411029,1.09595,1,0.00273401,0.684345,1,11.2659,0.413102,1.10585,False,nan|TRO.11,1342258
130_bNAb_Combinations|1342258|vc|8|2|TRO.11|8301,1,0.00273693,0.68615,274.275,11.2659,0.411029,1.09595,1,0.00273401,0.684345,1,11.2659,0.413102,1.10585,False,nan|TRO.11,1342258
130_bNAb_Combinations|1342276|cc|1|1|Ce1176_A3|7023,1,0.00273693,0.677896,57.7855,10.8065,0.41103,0.695414,1,0.00273402,0.684345,1,10.8065,0.413103,0.700861,False,nan|Ce1176_A3,1342276
130_bNAb_Combinations|1342276|cc|2|1|Ce1176_A3|7023,1,0.00273693,0.674009,57.7365,10.8065,0.41103,0.695414,1,0.00273402,0.684345,1,10.8065,0.413103,0.700861,False,nan|Ce1176_A3,1342276
130_bNAb_Combinations|1342276|cc|3|1|Ce1176_A3|7023,1,0.00273693,0.688451,30.9124,10.8065,0.41103,0.695414,1,0.00273402,0.684345,1,10.8065,0.413103,0.700861,False,nan|Ce1176_A3,1342276
130_bNAb_Combinations|1342276|cc|4|1|Ce1176_A3|7023,1,0.00273693,0.679655,191.351,10.8065,0.41103,0.695414,1,0.00273402,0.684345,1,10.8065,0.413103,0.700861,False,nan|Ce1176_A3,1342276
130_bNAb_Combinations|1342276|cc|5|1|Ce1176_A3|7023,1,0.00273693,0.686548,304.317,10.8065,0.41103,0.695414,1,0.00273402,0.684345,1,10.8065,0.413103,0.700861,False,nan|Ce1176_A3,1342276
130_bNAb_Combinations|1342276|cc|6|1|Ce1176_A3|7023,1,0.00273693,0.696615,228.265,10.8065,0.41103,0.695414,1,0.00273402,0.684345,1,10.8065,0.413103,0.700861,False,nan|Ce1176_A3,1342276
130_bNAb_Combinations|1342276|cc|7|1|Ce1176_A3|7023,1,0.00273693,0.698165,168.274,10.8065,0.41103,0.695414,1,0.00273402,0.684345,1,10.8065,0.413103,0.700861,False,nan|Ce1176_A3,1342276
130_bNAb_Combinations|1342276|cc|8|1|Ce1176_A3|7023,1,0.00273693,0.643815,59.7097,10.8065,0.41103,0.695414,1,0.00273402,0.684345,1,10.8065,0.413103,0.700861,False,nan|Ce1176_A3,1342276
130_bNAb_Combinations|1342276|sample|3|Ce1176_A3|7023,1,0.00273699,0.908007,0.180795,10.2788,0.41103,0.695414,1,0.00273407,0.842469,0.151649,10.2788,0.413103,0.700861,True,VRC07-523LS|Ce1176_A3,1342276
130_bNAb_Combinations|1342276|sample|4|Ce1176_A3|7023,1,0.00273699,0.843204,0.141237,10.2788,0.41103,0.695414,1,0.00273407,0.827136,0.135095,10.2788,0.413103,0.700861,True,VRC07-523LS|Ce1176_A3,1342276
130_bNAb_Combinations|1342276|vc|1|2|Ce1176_A3|7023,1,0.00273693,0.679858,163.252,10.8065,0.41103,0.695414,1,0.00273402,0.684345,1,10.8065,0.413103,0.700861,False,nan|Ce1176_A3,1342276
130_bNAb_Combinations|1342276|vc|2|2|Ce1176_A3|7023,1,0.00273693,0.687154,79.9554,10.8065,0.41103,0.695414,1,0.00273402,0.684345,1,10.8065,0.413103,0.700861,False,nan|Ce1176_A3,1342276
130_bNAb_Combinations|1342276|vc|3|2|Ce1176_A3|7023,1,0.00273693,0.662163,152.762,10.8065,0.41103,0.695414,1,0.00273402,0.684345,1,10.8065,0.413103,0.700861,False,nan|Ce1176_A3,1342276
130_bNAb_Combinations|1342276|vc|4|2|Ce1176_A3|7023,1,0.00273693,0.685276,151.215,10.8065,0.41103,0.695414,1,0.00273402,0.684345,1,10.8065,0.413103,0.700861,False,nan|Ce1176_A3,1342276
130_bNAb_Combinations|1342276|vc|5|2|Ce1176_A3|7023,1,0.00273693,0.695243,45.0671,10.8065,0.41103,0.695414,1,0.00273402,0.684345,1,10.8065,0.413103,0.700861,False,nan|Ce1176_A3,1342276
130_bNAb_Combinations|1342276|vc|6|2|Ce1176_A3|7023,1,0.00273693,0.701534,49.5069,10.8065,0.41103,0.695414,1,0.00273402,0.684345,1,10.8065,0.413103,0.700861,False,nan|Ce1176_A3,1342276
130_bNAb_Combinations|1342276|vc|7|2|Ce1176_A3|7023,1,0.00273693,0.676569,59.0432,10.8065,0.41103,0.695414,1,0.00273402,0.684345,1,10.8065,0.413103,0.700861,False,nan|Ce1176_A3,1342276
130_bNAb_Combinations|1342276|vc|8|2|Ce1176_A3|7023,1,0.00273693,0.701974,54.5276,10.8065,0.41103,0.695414,1,0.00273402,0.684345,1,10.8065,0.413103,0.700861,False,nan|Ce1176_A3,1342276
130_bNAb_Combinations|1342294|cc|1|1|nan|1176,1,0.00273693,0.667881,251.346,12.7722,0.41103,1.09594,1,0.00273402,0.684345,1,12.7722,0.413103,1.10584,False,nan|1176,1342294
130_bNAb_Combinations|1342294|cc|2|1|nan|1176,1,0.00273693,0.693036,156.664,12.7722,0.41103,1.09594,1,0.00273402,0.684345,1,12.7722,0.413103,1.10584,False,nan|1176,1342294
130_bNAb_Combinations|1342294|cc|3|1|nan|1176,1,0.00273693,0.673041,74.328,12.7722,0.41103,1.09594,1,0.00273402,0.684345,1,12.7722,0.413103,1.10584,False,nan|1176,1342294
130_bNAb_Combinations|1342294|cc|4|1|nan|1176,1,0.00273693,0.701367,106.667,12.7722,0.41103,1.09594,1,0.00273402,0.684345,1,12.7722,0.413103,1.10584,False,nan|1176,1342294
130_bNAb_Combinations|1342294|cc|5|1|nan|1176,1,0.00273693,0.687407,169.2,12.7722,0.41103,1.09594,1,0.00273402,0.684345,0.999999,12.7722,0.413103,1.10584,False,nan|1176,1342294
130_bNAb_Combinations|1342294|cc|6|1|nan|1176,1,0.00273693,0.672936,59.5204,12.7722,0.41103,1.09594,1,0.00273402,0.684345,1,12.7722,0.413103,1.10584,False,nan|1176,1342294
130_bNAb_Combinations|1342294|cc|7|1|nan|1176,1,0.00273693,0.687761,4805.17,12.7722,0.41103,1.09594,1,0.00273402,0.684345,1,12.7722,0.413103,1.10584,False,nan|1176,1342294
130_bNAb_Combinations|1342294|cc|8|1|nan|1176,1,0.00273693,0.69261,91.2221,12.7722,0.41103,1.09594,1,0.00273402,0.684345,1,12.7722,0.413103,1.10584,False,nan|1176,1342294
130_bNAb_Combinations|1342294|sample|3|nan|1176,1,0.00665977,0.666247,0.489892,11.4737,0.41103,1.09594,1,0.00665461,0.65401,0.48254,11.4737,0.413103,1.10584,True,VRC07-523LS|1176,1342294
130_bNAb_Combinations|1342294|sample|4|nan|1176,1,0.00665977,0.791941,0.615908,11.4737,0.41103,1.09594,1,0.00665461,0.75898,0.568844,11.4737,0.413103,1.10584,True,VRC07-523LS|1176,1342294
130_bNAb_Combinations|1342294|sample|8|nan|1176,1,0.00665977,0.666668,130.244,11.4737,0.41103,1.09594,1,0.00665461,0.672461,0.999998,11.4737,0.413103,1.10584,True,VRC07-523LS|1176,1342294
130_bNAb_Combinations|1342294|vc|1|2|nan|1176,1,0.00273693,0.678091,34.6254,12.7722,0.41103,1.09594,1,0.00273402,0.684345,1,12.7722,0.413103,1.10584,False,nan|1176,1342294
130_bNAb_Combinations|1342294|vc|2|2|nan|1176,1,0.00273693,0.693825,55.1393,12.7722,0.41103,1.09594,1,0.00273402,0.684345,0.999999,12.7722,0.413103,1.10584,False,nan|1176,1342294
130_bNAb_Combinations|1342294|vc|3|2|nan|1176,1,0.00273693,0.667502,135.494,12.7722,0.41103,1.09594,1,0.00273402,0.684345,1,12.7722,0.413103,1.10584,False,nan|1176,1342294
130_bNAb_Combinations|1342294|vc|4|2|nan|1176,1,0.00273693,0.695787,197.298,12.7722,0.41103,1.09594,1,0.00273402,0.684345,1,12.7722,0.413103,1.10584,False,nan|1176,1342294
130_bNAb_Combinations|1342294|vc|5|2|nan|1176,1,0.00273693,0.680384,159.347,12.7722,0.41103,1.09594,1,0.00273402,0.684345,1,12.7722,0.413103,1.10584,False,nan|1176,1342294
130_bNAb_Combinations|1342294|vc|6|2|nan|1176,1,0.00273693,0.700493,86.3336,12.7722,0.41103,1.09594,1,0.00273402,0.684345,1,12.7722,0.413103,1.10584,False,nan|1176,1342294
130_bNAb_Combinations|1342294|vc|7|2|nan|1176,1,0.00273693,0.679744,300.218,12.7722,0.41103,1.09594,1,0.00273402,0.684345,1,12.7722,0.413103,1.10584,False,nan|1176,1342294
130_bNAb_Combinations|1342294|vc|8|2|nan|1176,1,0.00273693,0.66724,112.53,12.7722,0.41103,1.09594,1,0.00273402,0.684345,1,12.7722,0.413103,1.10584,False,nan|1176,1342294
130_bNAb_Combinations|1342312|cc|1|1|RHPA4259.7|5371,1,0.00273693,0.659819,223.426,10.9332,0.41103,0.900568,1,0.00273402,0.684345,0.999999,10.9332,0.413103,0.900372,False,nan|RHPA4259.7,1342312
130_bNAb_Combinations|1342312|cc|2|1|RHPA4259.7|5371,1,0.00273693,0.67056,99.3886,10.9332,0.41103,0.900568,1,0.00273402,0.684345,1,10.9332,0.413103,0.900372,False,nan|RHPA4259.7,1342312
130_bNAb_Combinations|1342312|cc|3|1|RHPA4259.7|5371,1,0.00273693,0.676654,141.204,10.9332,0.41103,0.900568,1,0.00273402,0.684345,1,10.9332,0.413103,0.900372,False,nan|RHPA4259.7,1342312
130_bNAb_Combinations|1342312|cc|4|1|RHPA4259.7|5371,1,0.00273693,0.684485,19.6101,10.9332,0.41103,0.900568,1,0.00273402,0.684345,1,10.9332,0.413103,0.900372,False,nan|RHPA4259.7,1342312
130_bNAb_Combinations|1342312|cc|5|1|RHPA4259.7|5371,1,0.00273693,0.671101,72.1096,10.9332,0.41103,0.900568,1,0.00273402,0.684345,1,10.9332,0.413103,0.900372,False,nan|RHPA4259.7,1342312
130_bNAb_Combinations|1342312|cc|6|1|RHPA4259.7|5371,1,0.00273693,0.658577,55.5634,10.9332,0.41103,0.900568,1,0.00273402,0.684345,1,10.9332,0.413103,0.900372,False,nan|RHPA4259.7,1342312
130_bNAb_Combinations|1342312|cc|7|1|RHPA4259.7|5371,1,0.00273693,0.668526,275.799,10.9332,0.41103,0.900568,1,0.00273402,0.684345,1,10.9332,0.413103,0.900372,False,nan|RHPA4259.7,1342312
130_bNAb_Combinations|1342312|cc|8|1|RHPA4259.7|5371,1,0.00273693,0.683771,170.142,10.9332,0.41103,0.900568,1,0.00273402,0.684345,1,10.9332,0.413103,0.900372,False,nan|RHPA4259.7,1342312
130_bNAb_Combinations|1342312|sample|3|RHPA4259.7|5371,1,0.00273718,0.877354,0.902716,16.9999,0.41103,0.900568,1,0.00273426,0.84882,0.853692,16.9999,0.413103,0.900372,True,VRC07-523LS|RHPA4259.7,1342312
130_bNAb_Combinations|1342312|sample|4|RHPA4259.7|5371,1,0.00273718,0.841126,0.853366,16.9999,0.41103,0.900568,1,0.00273426,0.880642,1.0047,16.9999,0.413103,0.900372,True,VRC07-523LS|RHPA4259.7,1342312
130_bNAb_Combinations|1342312|vc|1|2|RHPA4259.7|5371,1,0.00273693,0.671694,24.2022,10.9332,0.41103,0.900568,1,0.00273402,0.684345,1,10.9332,0.413103,0.900372,False,nan|RHPA4259.7,1342312
130_bNAb_Combinations|1342312|vc|2|2|RHPA4259.7|5371,1,0.00273693,0.687734,54.9762,10.9332,0.41103,0.900568,1,0.00273402,0.684345,1,10.9332,0.413103,0.900372,False,nan|RHPA4259.7,1342312
130_bNAb_Combinations|1342312|vc|3|2|RHPA4259.7|5371,1,0.00273693,0.693316,220.574,10.9332,0.41103,0.900568,1,0.00273402,0.684345,1,10.9332,0.413103,0.900372,False,nan|RHPA4259.7,1342312
130_bNAb_Combinations|1342312|vc|4|2|RHPA4259.7|5371,1,0.00273693,0.664406,213.315,10.9332,0.41103,0.900568,1,0.00273402,0.684345,1,10.9332,0.413103,0.900372,False,nan|RHPA4259.7,1342312
130_bNAb_Combinations|1342312|vc|5|2|RHPA4259.7|5371,1,0.00273693,0.664125,53.7492,10.9332,0.41103,0.900568,1,0.00273402,0.684345,1,10.9332,0.413103,0.900372,False,nan|RHPA4259.7,1342312
130_bNAb_Combinations|1342312|vc|6|2|RHPA4259.7|5371,1,0.00273693,0.690358,111.16,10.9332,0.41103,0.900568,1,0.00273402,0.684345,1,10.9332,0.413103,0.900372,False,nan|RHPA4259.7,1342312
130_bNAb_Combinations|1342312|vc|7|2|RHPA4259.7|5371,1,0.00273693,0.695449,232.338,10.9332,0.41103,0.900568,1,0.00273402,0.684345,1,10.9332,0.413103,0.900372,False,nan|RHPA4259.7,1342312
130_bNAb_Combinations|1342312|vc|8|2|RHPA4259.7|5371,1,0.00273693,0.700459,27.4142,10.9332,0.41103,0.900568,1,0.00273402,0.684345,1,10.9332,0.413103,0.900372,False,nan|RHPA4259.7,1342312
130_bNAb_Combinations|1342336|cc|1|1|nan|3430,1,0.00273693,0.673611,111.336,12.2884,0.411199,1.09595,1,0.00273401,0.684345,1,12.2884,0.413279,1.10585,False,nan|3430,1342336
130_bNAb_Combinations|1342336|cc|2|1|nan|3430,1,0.00273693,0.680998,65.4081,12.2884,0.411199,1.09595,1,0.00273401,0.684345,1,12.2884,0.413279,1.10585,False,nan|3430,1342336
130_bNAb_Combinations|1342336|cc|3|1|nan|3430,1,0.00273693,0.684615,97.9789,12.2884,0.411199,1.09595,1,0.00273401,0.684345,0.999999,12.2884,0.413279,1.10585,False,nan|3430,1342336
130_bNAb_Combinations|1342336|cc|4|1|nan|3430,1,0.00273693,0.693941,469.239,12.2884,0.411199,1.09595,1,0.00273401,0.684345,1,12.2884,0.413279,1.10585,False,nan|3430,1342336
130_bNAb_Combinations|1342336|cc|5|1|nan|3430,1,0.00273693,0.667127,70.1278,12.2884,0.411199,1.09595,1,0.00273401,0.684345,1,12.2884,0.413279,1.10585,False,nan|3430,1342336
130_bNAb_Combinations|1342336|cc|6|1|nan|3430,1,0.00273693,0.676021,93.3524,12.2884,0.411199,1.09595,1,0.00273401,0.684345,1,12.2884,0.413279,1.10585,False,nan|3430,1342336
130_bNAb_Combinations|1342336|cc|7|1|nan|3430,1,0.00273693,0.68416,306.077,12.2884,0.411199,1.09595,1,0.00273401,0.684345,1,12.2884,0.413279,1.10585,False,nan|3430,1342336
130_bNAb_Combinations|1342336|cc|8|1|nan|3430,1,0.00273693,0.669876,139.976,12.2884,0.411199,1.09595,1,0.00273401,0.684345,1,12.2884,0.413279,1.10585,False,nan|3430,1342336
130_bNAb_Combinations|1342336|sample|3|nan|3430,1,0.00273712,0.766995,0.8096,11.2113,0.411199,1.09595,1,0.0027342,0.779177,0.8231,11.2113,0.413279,1.10585,True,VRC07-523LS|3430,1342336
130_bNAb_Combinations|1342336|sample|4|nan|3430,1,0.00273712,0.783472,0.777663,11.2113,0.411199,1.09595,1,0.0027342,0.792618,0.807922,11.2113,0.413279,1.10585,True,VRC07-523LS|3430,1342336
130_bNAb_Combinations|1342336|sample|5|nan|3430,1,0.00273712,0.687249,87.322,11.2113,0.411199,1.09595,1,0.0027342,0.672544,1.01986,11.2113,0.413279,1.10585,True,VRC07-523LS|3430,1342336
130_bNAb_Combinations|1342336|vc|1|2|nan|3430,1,0.00273693,0.665323,119.135,12.2884,0.411199,1.09595,1,0.00273401,0.684345,1,12.2884,0.413279,1.10585,False,nan|3430,1342336
130_bNAb_Combinations|1342336|vc|2|2|nan|3430,1,0.00273693,0.691482,176.527,12.2884,0.411199,1.09595,1,0.00273401,0.684345,1,12.2884,0.413279,1.10585,False,nan|3430,1342336
130_bNAb_Combinations|1342336|vc|3|2|nan|3430,1,0.00273693,0.698932,49.5157,12.2884,0.411199,1.09595,1,0.00273401,0.684345,1,12.2884,0.413279,1.10585,False,nan|3430,1342336
130_bNAb_Combinations|1342336|vc|4|2|nan|3430,1,0.00273693,0.68276,121.527,12.2884,0.411199,1.09595,1,0.00273401,0.684345,1,12.2884,0.413279,1.10585,False,nan|3430,1342336
130_bNAb_Combinations|1342336|vc|5|2|nan|3430,1,0.00273693,0.71424,76.2159,12.2884,0.411199,1.09595,1,0.00273401,0.684345,1,12.2884,0.413279,1.10585,False,nan|3430,1342336
130_bNAb_Combinations|1342336|vc|6|2|nan|3430,1,0.00273693,0.673525,61.6584,12.2884,0.411199,1.09595,1,0.00273401,0.684345,1,12.2884,0.413279,1.10585,False,nan|3430,1342336
130_bNAb_Combinations|1342336|vc|7|2|nan|3430,1,0.00273693,0.678868,136.896,12.2884,0.411199,1.09595,1,0.00273401,0.684345,0.999999,12.2884,0.413279,1.10585,False,nan|3430,1342336
130_bNAb_Combinations|1342336|vc|8|2|nan|3430,1,0.00273693,0.710241,128.05,12.2884,0.411199,1.09595,1,0.00273401,0.684345,1,12.2884,0.413279,1.10585,False,nan|3430,1342336
130_bNAb_Combinations|1342348|cc|1|1|nan|4166,1,0.00273674,0.705951,42.9324,12.0088,0.41103,1.09601,1,0.00273383,0.684345,1,12.0088,0.413103,1.10591,False,nan|4166,1342348
130_bNAb_Combinations|1342348|cc|2|1|nan|4166,1,0.00273674,0.691587,37.0781,12.0088,0.41103,1.09601,1,0.00273383,0.684345,1,12.0088,0.413103,1.10591,False,nan|4166,1342348
130_bNAb_Combinations|1342348|cc|3|1|nan|4166,1,0.00273674,0.693739,96.7541,12.0088,0.41103,1.09601,1,0.00273383,0.684345,1,12.0088,0.413103,1.10591,False,nan|4166,1342348
130_bNAb_Combinations|1342348|cc|4|1|nan|4166,1,0.00273674,0.70392,106.953,12.0088,0.41103,1.09601,1,0.00273383,0.684345,1,12.0088,0.413103,1.10591,False,nan|4166,1342348
130_bNAb_Combinations|1342348|cc|5|1|nan|4166,1,0.00273674,0.687818,431.739,12.0088,0.41103,1.09601,1,0.00273383,0.684345,1,12.0088,0.413103,1.10591,False,nan|4166,1342348
130_bNAb_Combinations|1342348|cc|6|1|nan|4166,1,0.00273674,0.67844,52.7824,12.0088,0.41103,1.09601,1,0.00273383,0.684345,1,12.0088,0.413103,1.10591,False,nan|4166,1342348
130_bNAb_Combinations|1342348|cc|7|1|nan|4166,1,0.00273674,0.669324,141.364,12.0088,0.41103,1.09601,1,0.00273383,0.684345,1,12.0088,0.413103,1.10591,False,nan|4166,1342348
130_bNAb_Combinations|1342348|cc|8|1|nan|4166,1,0.00273674,0.697857,232.312,12.0088,0.41103,1.09601,1,0.00273383,0.684345,1,12.0088,0.413103,1.10591,False,nan|4166,1342348
130_bNAb_Combinations|1342348|sample|3|nan|4166,1,0.00273733,0.795885,1.32839,12.8582,0.41103,1.09601,1,0.00273441,0.800555,1.37803,12.8582,0.413103,1.10591,True,VRC07-523LS|4166,1342348
130_bNAb_Combinations|1342348|sample|4|nan|4166,1,0.00273733,0.810895,1.54895,12.8582,0.41103,1.09601,1,0.00273441,0.810848,1.55344,12.8582,0.413103,1.10591,True,VRC07-523LS|4166,1342348
130_bNAb_Combinations|1342348|vc|1|2|nan|4166,1,0.00273674,0.678288,188.15,12.0088,0.41103,1.09601,1,0.00273383,0.684345,1,12.0088,0.413103,1.10591,False,nan|4166,1342348
130_bNAb_Combinations|1342348|vc|2|2|nan|4166,1,0.00273674,0.65994,134.843,12.0088,0.41103,1.09601,1,0.00273383,0.684345,1,12.0088,0.413103,1.10591,False,nan|4166,1342348
130_bNAb_Combinations|1342348|vc|3|2|nan|4166,1,0.00273674,0.696187,155.932,12.0088,0.41103,1.09601,1,0.00273383,0.684345,0.999999,12.0088,0.413103,1.10591,False,nan|4166,1342348
130_bNAb_Combinations|1342348|vc|4|2|nan|4166,1,0.00273674,0.692892,140.364,12.0088,0.41103,1.09601,1,0.00273383,0.684345,1,12.0088,0.413103,1.10591,False,nan|4166,1342348
130_bNAb_Combinations|1342348|vc|5|2|nan|4166,1,0.00273674,0.670772,685.592,12.0088,0.41103,1.09601,1,0.00273383,0.684345,1,12.0088,0.413103,1.10591,False,nan|4166,1342348
130_bNAb_Combinations|1342348|vc|6|2|nan|4166,1,0.00273674,0.708669,86.4215,12.0088,0.41103,1.09601,1,0.00273383,0.684345,1,12.0088,0.413103,1.10591,False,nan|4166,1342348
130_bNAb_Combinations|1342348|vc|7|2|nan|4166,1,0.00273674,0.682889,70.303,12.0088,0.41103,1.09601,1,0.00273383,0.684345,1,12.0088,0.413103,1.10591,False,nan|4166,1342348
130_bNAb_Combinations|1342348|vc|8|2|nan|4166,1,0.00273674,0.68861,173.675,12.0088,0.41103,1.09601,1,0.00273383,0.684345,0.999999,12.0088,0.413103,1.10591,False,nan|4166,1342348
130_bNAb_Combinations|1342372|cc|1|1|nan|2944,1,0.00273694,0.685463,151.729,10.6696,0.41103,1.09595,1,0.00273402,0.684345,1,10.6696,0.413103,1.10585,False,nan|2944,1342372
130_bNAb_Combinations|1342372|cc|2|1|nan|2944,1,0.00273694,0.667061,70.8412,10.6696,0.41103,1.09595,1,0.00273402,0.684345,1,10.6696,0.413103,1.10585,False,nan|2944,1342372
130_bNAb_Combinations|1342372|cc|3|1|nan|2944,1,0.00273694,0.691972,26.0738,10.6696,0.41103,1.09595,1,0.00273402,0.684345,1,10.6696,0.413103,1.10585,False,nan|2944,1342372
130_bNAb_Combinations|1342372|cc|4|1|nan|2944,1,0.00273694,0.697506,61.1596,10.6696,0.41103,1.09595,1,0.00273402,0.684345,1,10.6696,0.413103,1.10585,False,nan|2944,1342372
130_bNAb_Combinations|1342372|cc|5|1|nan|2944,1,0.00273694,0.710624,1409.73,10.6696,0.41103,1.09595,1,0.00273402,0.684345,1,10.6696,0.413103,1.10585,False,nan|2944,1342372
130_bNAb_Combinations|1342372|cc|6|1|nan|2944,1,0.00273694,0.709357,170.757,10.6696,0.41103,1.09595,1,0.00273402,0.684345,1,10.6696,0.413103,1.10585,False,nan|2944,1342372
130_bNAb_Combinations|1342372|cc|7|1|nan|2944,1,0.00273694,0.700124,203.53,10.6696,0.41103,1.09595,1,0.00273402,0.684345,0.999956,10.6696,0.413103,1.10585,False,nan|2944,1342372
130_bNAb_Combinations|1342372|cc|8|1|nan|2944,1,0.00273694,0.662575,63.0741,10.6696,0.41103,1.09595,1,0.00273402,0.684345,1,10.6696,0.413103,1.10585,False,nan|2944,1342372
130_bNAb_Combinations|1342372|sample|3|nan|2944,1,0.00273702,0.711327,0.297835,12.5248,0.41103,1.09595,1,0.0027341,0.693096,0.278226,12.5248,0.413103,1.10585,True,VRC07-523LS|2944,1342372
130_bNAb_Combinations|1342372|sample|4|nan|2944,1,0.00273702,0.701495,0.325303,12.5248,0.41103,1.09595,1,0.0027341,0.701744,0.329191,12.5248,0.413103,1.10585,True,VRC07-523LS|2944,1342372
130_bNAb_Combinations|1342372|vc|1|2|nan|2944,1,0.00273694,0.68339,109.036,10.6696,0.41103,1.09595,1,0.00273402,0.684345,1,10.6696,0.413103,1.10585,False,nan|2944,1342372
130_bNAb_Combinations|1342372|vc|2|2|nan|2944,1,0.00273694,0.669637,112.038,10.6696,0.41103,1.09595,1,0.00273402,0.684345,1,10.6696,0.413103,1.10585,False,nan|2944,1342372
130_bNAb_Combinations|1342372|vc|3|2|nan|2944,1,0.00273694,0.688813,106.584,10.6696,0.41103,1.09595,1,0.00273402,0.684345,1,10.6696,0.413103,1.10585,False,nan|2944,1342372
130_bNAb_Combinations|1342372|vc|4|2|nan|2944,1,0.00273694,0.686305,349.473,10.6696,0.41103,1.09595,1,0.00273402,0.684345,1,10.6696,0.413103,1.10585,False,nan|2944,1342372
130_bNAb_Combinations|1342372|vc|5|2|nan|2944,1,0.00273694,0.689573,73.8887,10.6696,0.41103,1.09595,1,0.00273402,0.684345,1,10.6696,0.413103,1.10585,False,nan|2944,1342372
130_bNAb_Combinations|1342372|vc|6|2|nan|2944,1,0.00273694,0.682713,57.8236,10.6696,0.41103,1.09595,1,0.00273402,0.684345,1,10.6696,0.413103,1.10585,False,nan|2944,1342372
130_bNAb_Combinations|1342372|vc|7|2|nan|2944,1,0.00273694,0.68176,82.2746,10.6696,0.41103,1.09595,1,0.00273402,0.684345,1,10.6696,0.413103,1.10585,False,nan|2944,1342372
130_bNAb_Combinations|1342372|vc|8|2|nan|2944,1,0.00273694,0.671367,55.6949,10.6696,0.41103,1.09595,1,0.00273402,0.684345,1,10.6696,0.413103,1.10585,False,nan|2944,1342372
130_bNAb_Combinations|1342384|cc|1|1|nan|2946,1,0.00273695,0.686687,160.272,10.3869,0.411035,1.09595,1,0.00273403,0.684345,1,10.3869,0.413108,1.10585,False,nan|2946,1342384
130_bNAb_Combinations|1342384|cc|2|1|nan|2946,1,0.00273695,0.671944,54.0994,10.3869,0.411035,1.09595,1,0.00273403,0.684345,0.999999,10.3869,0.413108,1.10585,False,nan|2946,1342384
130_bNAb_Combinations|1342384|cc|3|1|nan|2946,1,0.00273695,0.682606,114.644,10.3869,0.411035,1.09595,1,0.00273403,0.684345,1,10.3869,0.413108,1.10585,False,nan|2946,1342384
130_bNAb_Combinations|1342384|cc|4|1|nan|2946,1,0.00273695,0.672978,165.904,10.3869,0.411035,1.09595,1,0.00273403,0.684345,1,10.3869,0.413108,1.10585,False,nan|2946,1342384
130_bNAb_Combinations|1342384|cc|5|1|nan|2946,1,0.00273695,0.69259,73.2532,10.3869,0.411035,1.09595,1,0.00273403,0.684345,1,10.3869,0.413108,1.10585,False,nan|2946,1342384
130_bNAb_Combinations|1342384|cc|6|1|nan|2946,1,0.00273695,0.699167,157.89,10.3869,0.411035,1.09595,1,0.00273403,0.684345,1,10.3869,0.413108,1.10585,False,nan|2946,1342384
130_bNAb_Combinations|1342384|cc|7|1|nan|2946,1,0.00273695,0.68446,94.6929,10.3869,0.411035,1.09595,1,0.00273403,0.684345,1,10.3869,0.413108,1.10585,False,nan|2946,1342384
130_bNAb_Combinations|1342384|cc|8|1|nan|2946,1,0.00273695,0.683838,329.355,10.3869,0.411035,1.09595,1,0.00273403,0.684345,1,10.3869,0.413108,1.10585,False,nan|2946,1342384
130_bNAb_Combinations|1342384|sample|3|nan|2946,1,0.00273775,0.826677,0.10148,8.28773,0.411035,1.09595,1,0.00273482,0.810769,0.101901,8.28773,0.413108,1.10585,True,VRC07-523LS|2946,1342384
130_bNAb_Combinations|1342384|sample|4|nan|2946,1,0.00273775,0.817518,0.0977329,8.28773,0.411035,1.09595,1,0.00273482,0.807158,0.0963411,8.28773,0.413108,1.10585,True,VRC07-523LS|2946,1342384
130_bNAb_Combinations|1342384|vc|1|2|nan|2946,1,0.00273695,0.68992,111.282,10.3869,0.411035,1.09595,1,0.00273403,0.684345,1,10.3869,0.413108,1.10585,False,nan|2946,1342384
130_bNAb_Combinations|1342384|vc|2|2|nan|2946,1,0.00273695,0.68363,297.037,10.3869,0.411035,1.09595,1,0.00273403,0.684345,1,10.3869,0.413108,1.10585,False,nan|2946,1342384
130_bNAb_Combinations|1342384|vc|3|2|nan|2946,1,0.00273695,0.703392,124.011,10.3869,0.411035,1.09595,1,0.00273403,0.684345,1,10.3869,0.413108,1.10585,False,nan|2946,1342384
130_bNAb_Combinations|1342384|vc|4|2|nan|2946,1,0.00273695,0.692447,51.4107,10.3869,0.411035,1.09595,1,0.00273403,0.684345,1,10.3869,0.413108,1.10585,False,nan|2946,1342384
130_bNAb_Combinations|1342384|vc|5|2|nan|2946,1,0.00273695,0.682568,540.94,10.3869,0.411035,1.09595,1,0.00273403,0.684345,1,10.3869,0.413108,1.10585,False,nan|2946,1342384
130_bNAb_Combinations|1342384|vc|6|2|nan|2946,1,0.00273695,0.698049,92.7512,10.3869,0.411035,1.09595,1,0.00273403,0.684345,1,10.3869,0.413108,1.10585,False,nan|2946,1342384
130_bNAb_Combinations|1342384|vc|7|2|nan|2946,1,0.00273695,0.68198,125.66,10.3869,0.411035,1.09595,1,0.00273403,0.684345,1,10.3869,0.413108,1.10585,False,nan|2946,1342384
130_bNAb_Combinations|1342384|vc|8|2|nan|2946,1,0.00273695,0.686246,44.0317,10.3869,0.411035,1.09595,1,0.00273403,0.684345,1,10.3869,0.413108,1.10585,False,nan|2946,1342384
130_bNAb_Combinations|1342396|cc|1|1|PVO.4|5024,1,0.00273695,0.692068,85.3653,11.7075,0.41103,1.09589,1,0.00273403,0.684345,1,11.7075,0.413103,1.10579,False,nan|PVO.4,1342396
130_bNAb_Combinations|1342396|cc|2|1|PVO.4|5024,1,0.00273695,0.686975,72.0095,11.7075,0.41103,1.09589,1,0.00273403,0.684345,1,11.7075,0.413103,1.10579,False,nan|PVO.4,1342396
130_bNAb_Combinations|1342396|cc|3|1|PVO.4|5024,1,0.00273695,0.694546,49.5476,11.7075,0.41103,1.09589,1,0.00273403,0.684345,0.999999,11.7075,0.413103,1.10579,False,nan|PVO.4,1342396
130_bNAb_Combinations|1342396|cc|4|1|PVO.4|5024,1,0.00273695,0.673839,347.277,11.7075,0.41103,1.09589,1,0.00273403,0.684345,1,11.7075,0.413103,1.10579,False,nan|PVO.4,1342396
130_bNAb_Combinations|1342396|cc|5|1|PVO.4|5024,1,0.00273695,0.685707,63.4736,11.7075,0.41103,1.09589,1,0.00273403,0.684345,1,11.7075,0.413103,1.10579,False,nan|PVO.4,1342396
130_bNAb_Combinations|1342396|cc|6|1|PVO.4|5024,1,0.00273695,0.678441,826.453,11.7075,0.41103,1.09589,1,0.00273403,0.684345,1,11.7075,0.413103,1.10579,False,nan|PVO.4,1342396
130_bNAb_Combinations|1342396|cc|7|1|PVO.4|5024,1,0.00273695,0.700593,50.9038,11.7075,0.41103,1.09589,1,0.00273403,0.684345,1,11.7075,0.413103,1.10579,False,nan|PVO.4,1342396
130_bNAb_Combinations|1342396|cc|8|1|PVO.4|5024,1,0.00273695,0.662633,75.0411,11.7075,0.41103,1.09589,1,0.00273403,0.684345,1,11.7075,0.413103,1.10579,False,nan|PVO.4,1342396
130_bNAb_Combinations|1342396|sample|3|PVO.4|5024,1,0.00273699,0.822614,0.211134,16.4001,0.41103,1.09589,1,0.00273407,0.79495,0.194695,16.4001,0.413103,1.10579,True,VRC07-523LS|PVO.4,1342396
130_bNAb_Combinations|1342396|sample|4|PVO.4|5024,1,0.00273699,0.794139,0.170082,16.4001,0.41103,1.09589,1,0.00273407,0.78036,0.163128,16.4001,0.413103,1.10579,True,VRC07-523LS|PVO.4,1342396
130_bNAb_Combinations|1342396|vc|1|2|PVO.4|5024,1,0.00273695,0.67662,249.418,11.7075,0.41103,1.09589,1,0.00273403,0.684345,1,11.7075,0.413103,1.10579,False,nan|PVO.4,1342396
130_bNAb_Combinations|1342396|vc|2|2|PVO.4|5024,1,0.00273695,0.687473,51.9225,11.7075,0.41103,1.09589,1,0.00273403,0.684345,1,11.7075,0.413103,1.10579,False,nan|PVO.4,1342396
130_bNAb_Combinations|1342396|vc|3|2|PVO.4|5024,1,0.00273695,0.650223,70.2949,11.7075,0.41103,1.09589,1,0.00273403,0.684345,1,11.7075,0.413103,1.10579,False,nan|PVO.4,1342396
130_bNAb_Combinations|1342396|vc|4|2|PVO.4|5024,1,0.00273695,0.684762,77.8557,11.7075,0.41103,1.09589,1,0.00273403,0.684345,1,11.7075,0.413103,1.10579,False,nan|PVO.4,1342396
130_bNAb_Combinations|1342396|vc|5|2|PVO.4|5024,1,0.00273695,0.667757,186.547,11.7075,0.41103,1.09589,1,0.00273403,0.684345,1,11.7075,0.413103,1.10579,False,nan|PVO.4,1342396
130_bNAb_Combinations|1342396|vc|6|2|PVO.4|5024,1,0.00273695,0.688384,50.693,11.7075,0.41103,1.09589,1,0.00273403,0.684345,1,11.7075,0.413103,1.10579,False,nan|PVO.4,1342396
130_bNAb_Combinations|1342396|vc|7|2|PVO.4|5024,1,0.00273695,0.665792,47.1915,11.7075,0.41103,1.09589,1,0.00273403,0.684345,1,11.7075,0.413103,1.10579,False,nan|PVO.4,1342396
130_bNAb_Combinations|1342396|vc|8|2|PVO.4|5024,1,0.00273695,0.680733,398.993,11.7075,0.41103,1.09589,1,0.00273403,0.684345,1,11.7075,0.413103,1.10579,False,nan|PVO.4,1342396
130_bNAb_Combinations|1342408|cc|1|1|nan|4168,1,0.00273693,0.660861,47.6536,11.9793,0.411066,1.09595,1,0.00273402,0.684345,1,11.9793,0.413139,1.10585,False,nan|4168,1342408
130_bNAb_Combinations|1342408|cc|2|1|nan|4168,1,0.00273693,0.658736,218.075,11.9793,0.411066,1.09595,1,0.00273402,0.684345,0.999999,11.9793,0.413139,1.10585,False,nan|4168,1342408
130_bNAb_Combinations|1342408|cc|3|1|nan|4168,1,0.00273693,0.691687,285.117,11.9793,0.411066,1.09595,1,0.00273402,0.684345,1,11.9793,0.413139,1.10585,False,nan|4168,1342408
130_bNAb_Combinations|1342408|cc|4|1|nan|4168,1,0.00273693,0.692322,55.5576,11.9793,0.411066,1.09595,1,0.00273402,0.684345,1,11.9793,0.413139,1.10585,False,nan|4168,1342408
130_bNAb_Combinations|1342408|cc|5|1|nan|4168,1,0.00273693,0.699217,210.134,11.9793,0.411066,1.09595,1,0.00273402,0.684345,1,11.9793,0.413139,1.10585,False,nan|4168,1342408
130_bNAb_Combinations|1342408|cc|6|1|nan|4168,1,0.00273693,0.691341,490.15,11.9793,0.411066,1.09595,1,0.00273402,0.684345,1,11.9793,0.413139,1.10585,False,nan|4168,1342408
130_bNAb_Combinations|1342408|cc|7|1|nan|4168,1,0.00273693,0.693138,83.6506,11.9793,0.411066,1.09595,1,0.00273402,0.684345,1,11.9793,0.413139,1.10585,False,nan|4168,1342408
130_bNAb_Combinations|1342408|cc|8|1|nan|4168,1,0.00273693,0.698631,85.6221,11.9793,0.411066,1.09595,1,0.00273402,0.684345,1,11.9793,0.413139,1.10585,False,nan|4168,1342408
130_bNAb_Combinations|1342408|sample|3|nan|4168,1,0.00273699,0.573872,0.195828,6.54559,0.411066,1.09595,1,0.00273407,0.584703,0.20198,6.54559,0.413139,1.10585,True,VRC07-523LS|4168,1342408
130_bNAb_Combinations|1342408|sample|4|nan|4168,1,0.00273699,0.57403,0.166821,6.54559,0.411066,1.09595,1,0.00273407,0.588405,0.176444,6.54559,0.413139,1.10585,True,VRC07-523LS|4168,1342408
130_bNAb_Combinations|1342408|vc|1|2|nan|4168,1,0.00273693,0.675678,1009.9,11.9793,0.411066,1.09595,1,0.00273402,0.684345,1,11.9793,0.413139,1.10585,False,nan|4168,1342408
130_bNAb_Combinations|1342408|vc|2|2|nan|4168,1,0.00273693,0.697591,337.216,11.9793,0.411066,1.09595,1,0.00273402,0.684345,1,11.9793,0.413139,1.10585,False,nan|4168,1342408
130_bNAb_Combinations|1342408|vc|3|2|nan|4168,1,0.00273693,0.66427,220.142,11.9793,0.411066,1.09595,1,0.00273402,0.684345,1,11.9793,0.413139,1.10585,False,nan|4168,1342408
130_bNAb_Combinations|1342408|vc|4|2|nan|4168,1,0.00273693,0.704435,380.656,11.9793,0.411066,1.09595,1,0.00273402,0.684345,1,11.9793,0.413139,1.10585,False,nan|4168,1342408
130_bNAb_Combinations|1342408|vc|5|2|nan|4168,1,0.00273693,0.6791,36.1952,11.9793,0.411066,1.09595,1,0.00273402,0.684345,1,11.9793,0.413139,1.10585,False,nan|4168,1342408
130_bNAb_Combinations|1342408|vc|6|2|nan|4168,1,0.00273693,0.674194,39.634,11.9793,0.411066,1.09595,1,0.00273402,0.684345,1,11.9793,0.413139,1.10585,False,nan|4168,1342408
130_bNAb_Combinations|1342408|vc|7|2|nan|4168,1,0.00273693,0.685164,239.832,11.9793,0.411066,1.09595,1,0.00273402,0.684345,1,11.9793,0.413139,1.10585,False,nan|4168,1342408
130_bNAb_Combinations|1342408|vc|8|2|nan|4168,1,0.00273693,0.681788,160.443,11.9793,0.411066,1.09595,1,0.00273402,0.684345,1,11.9793,0.413139,1.10585,False,nan|4168,1342408
704_VRC01_Concordance|1200432|cc|1|1|PVO.4|5024,1,0.00273695,0.668273,175.232,11.7075,0.41103,1.09595,1,0.00273403,0.684345,1,11.7075,0.413103,1.10585,False,nan|PVO.4,1200432
704_VRC01_Concordance|1200432|cc|2|1|PVO.4|5024,1,0.00273695,0.661879,65.291,11.7075,0.41103,1.09595,1,0.00273403,0.684345,1,11.7075,0.413103,1.10585,False,nan|PVO.4,1200432
704_VRC01_Concordance|1200432|cc|3|1|PVO.4|5024,1,0.00273695,0.661898,147.364,11.7075,0.41103,1.09595,1,0.00273403,0.684345,1,11.7075,0.413103,1.10585,False,nan|PVO.4,1200432
704_VRC01_Concordance|1200432|cc|4|1|PVO.4|5024,1,0.00273695,0.688216,111.941,11.7075,0.41103,1.09595,1,0.00273403,0.684345,1,11.7075,0.413103,1.10585,False,nan|PVO.4,1200432
704_VRC01_Concordance|1200432|cc|5|1|PVO.4|5024,1,0.00273695,0.673044,129.588,11.7075,0.41103,1.09595,1,0.00273403,0.684345,1,11.7075,0.413103,1.10585,False,nan|PVO.4,1200432
704_VRC01_Concordance|1200432|cc|6|1|PVO.4|5024,1,0.00273695,0.670278,147.46,11.7075,0.41103,1.09595,1,0.00273403,0.684345,1,11.7075,0.413103,1.10585,False,nan|PVO.4,1200432
704_VRC01_Concordance|1200432|cc|7|1|PVO.4|5024,1,0.00273695,0.682865,50.0887,11.7075,0.41103,1.09595,1,0.00273403,0.684345,1,11.7075,0.413103,1.10585,False,nan|PVO.4,1200432
704_VRC01_Concordance|1200432|cc|8|1|PVO.4|5024,1,0.00273695,0.693655,62.2994,11.7075,0.41103,1.09595,1,0.00273403,0.684345,1,11.7075,0.413103,1.10585,False,nan|PVO.4,1200432
704_VRC01_Concordance|1200432|sample|10|PVO.4|5024,1,0.00273699,0.764203,0.0496879,10.7096,0.41103,1.09595,1,0.00273407,0.738012,0.0476757,10.7096,0.413103,1.10585,True,Clinical VRC01|PVO.4,1200432
704_VRC01_Concordance|1200432|sample|11|PVO.4|5024,1,0.00273699,0.688902,0.0574357,10.7096,0.41103,1.09595,1,0.00273407,0.730142,0.0678262,10.7096,0.413103,1.10585,True,Clinical VRC01|PVO.4,1200432
704_VRC01_Concordance|1200432|sample|12|PVO.4|5024,1,0.00273699,0.676426,0.0573458,10.7096,0.41103,1.09595,1,0.00273407,0.717325,0.0695777,10.7096,0.413103,1.10585,True,Clinical VRC01|PVO.4,1200432
704_VRC01_Concordance|1200432|sample|3|PVO.4|5024,1,0.00273699,0.774865,0.0989553,10.7096,0.41103,1.09595,1,0.00273407,0.765677,0.101618,10.7096,0.413103,1.10585,True,Clinical VRC01|PVO.4,1200432
704_VRC01_Concordance|1200432|sample|4|PVO.4|5024,1,0.00273699,0.701249,0.0474427,10.7096,0.41103,1.09595,1,0.00273407,0.750477,0.0572003,10.7096,0.413103,1.10585,True,Clinical VRC01|PVO.4,1200432
704_VRC01_Concordance|1200432|sample|5|PVO.4|5024,1,0.00273699,0.704729,0.0449618,10.7096,0.41103,1.09595,1,0.00273407,0.720865,0.0479066,10.7096,0.413103,1.10585,True,Clinical VRC01|PVO.4,1200432
704_VRC01_Concordance|1200432|sample|6|PVO.4|5024,1,0.00273699,0.649522,0.0320416,10.7096,0.41103,1.09595,1,0.00273407,0.69392,0.039522,10.7096,0.413103,1.10585,True,Clinical VRC01|PVO.4,1200432
704_VRC01_Concordance|1200432|sample|7|PVO.4|5024,1,0.00273699,0.782388,0.0849245,10.7096,0.41103,1.09595,1,0.00273407,0.770997,0.0835022,10.7096,0.413103,1.10585,True,Clinical VRC01|PVO.4,1200432
704_VRC01_Concordance|1200432|sample|8|PVO.4|5024,1,0.00273699,0.752174,0.0737441,10.7096,0.41103,1.09595,1,0.00273407,0.745076,0.0723879,10.7096,0.413103,1.10585,True,Clinical VRC01|PVO.4,1200432
704_VRC01_Concordance|1200432|sample|9|PVO.4|5024,1,0.00273699,0.701527,0.0478067,10.7096,0.41103,1.09595,1,0.00273407,0.710557,0.0486812,10.7096,0.413103,1.10585,True,Clinical VRC01|PVO.4,1200432
704_VRC01_Concordance|1200432|vc|1|2|PVO.4|5024,1,0.00273695,0.68129,115.999,11.7075,0.41103,1.09595,1,0.00273403,0.684345,1,11.7075,0.413103,1.10585,False,nan|PVO.4,1200432
704_VRC01_Concordance|1200432|vc|2|2|PVO.4|5024,1,0.00273695,0.695558,22.2618,11.7075,0.41103,1.09595,1,0.00273403,0.684345,1,11.7075,0.413103,1.10585,False,nan|PVO.4,1200432
704_VRC01_Concordance|1200432|vc|3|2|PVO.4|5024,1,0.00273695,0.686723,31.392,11.7075,0.41103,1.09595,1,0.00273403,0.684345,1,11.7075,0.413103,1.10585,False,nan|PVO.4,1200432
704_VRC01_Concordance|1200432|vc|4|2|PVO.4|5024,1,0.00273695,0.684484,89.8355,11.7075,0.41103,1.09595,1,0.00273403,0.684345,1,11.7075,0.413103,1.10585,False,nan|PVO.4,1200432
704_VRC01_Concordance|1200432|vc|5|2|PVO.4|5024,1,0.00273695,0.66653,13.9481,11.7075,0.41103,1.09595,1,0.00273403,0.684345,1,11.7075,0.413103,1.10585,False,nan|PVO.4,1200432
704_VRC01_Concordance|1200432|vc|6|2|PVO.4|5024,1,0.00273695,0.681033,89.826,11.7075,0.41103,1.09595,1,0.00273403,0.684345,1,11.7075,0.413103,1.10585,False,nan|PVO.4,1200432
704_VRC01_Concordance|1200432|vc|7|2|PVO.4|5024,1,0.00273695,0.695889,133.426,11.7075,0.41103,1.09595,1,0.00273403,0.684345,0.999999,11.7075,0.413103,1.10585,False,nan|PVO.4,1200432
704_VRC01_Concordance|1200432|vc|8|2|PVO.4|5024,1,0.00273695,0.700859,193.238,11.7075,0.41103,1.09595,1,0.00273403,0.684345,1,11.7075,0.413103,1.10585,False,nan|PVO.4,1200432
