id,eta_U_SAEM,eta_L_SAEM,eta_m_SAEM,eta_e_SAEM,eta_s_SAEM,eta_alpha_SAEM,eta_k_SAEM,eta_U_mode,eta_L_mode,eta_m_mode,eta_e_mode,eta_s_mode,eta_alpha_mode,eta_k_mode,goes_down,mab_virus,run_id
130_bNAb_Combinations|1313842|cc|1|1|nan|2946,0,0.208585,-2.49083e-09,0.132476,-0.311694,0,0,0,3.39696e-08,2.33147e-15,3.522e-08,-4.45973e-07,0,0,False,nan|2946,1313842
130_bNAb_Combinations|1313842|cc|2|1|nan|2946,0,0.235603,-3.70385e-10,0.14721,0.420072,0,0,0,-6.43652e-07,-1.9984e-15,1.65547e-07,3.75936e-08,0,0,False,nan|2946,1313842
130_bNAb_Combinations|1313842|cc|3|1|nan|2946,0,-0.466241,1.02423e-10,-0.4041,-0.858977,0,0,0,1.6796e-08,4.77396e-15,-4.06191e-08,-3.07134e-07,0,0,False,nan|2946,1313842
130_bNAb_Combinations|1313842|cc|4|1|nan|2946,0,-0.617266,-1.27238e-09,-0.0227443,-0.698871,0,0,0,3.20228e-07,0,-1.16689e-07,1.95054e-07,0,0,False,nan|2946,1313842
130_bNAb_Combinations|1313842|cc|5|1|nan|2946,0,-0.793761,-1.73229e-09,0.0716079,-0.217053,0,0,0,-4.46341e-08,3.10862e-15,-6.28846e-08,3.42391e-07,0,0,False,nan|2946,1313842
130_bNAb_Combinations|1313842|cc|6|1|nan|2946,0,0.505746,8.71569e-09,0.0588257,0.837535,0,0,0,-5.86182e-07,-1.55431e-15,7.54463e-08,1.71347e-06,0,0,False,nan|2946,1313842
130_bNAb_Combinations|1313842|cc|7|1|nan|2946,0,0.841185,-3.27667e-09,-0.0208396,1.73814,0,0,0,-1.46748e-07,-4.32987e-15,-3.23713e-09,-3.13171e-07,0,0,False,nan|2946,1313842
130_bNAb_Combinations|1313842|cc|8|1|nan|2946,0,0.156074,-6.27837e-10,-0.0635926,0.0214556,0,0,0,3.7276e-07,-3.33067e-15,-2.57463e-08,2.42424e-07,0,0,False,nan|2946,1313842
130_bNAb_Combinations|1313842|sample|10|nan|2946,0,-10.2125,9.73053e-09,-1.27158,5.19155,0,0,0,-7.49262,5.21805e-15,-1.19102,4.64849,0,0,True,PGT121|2946,1313842
130_bNAb_Combinations|1313842|sample|11|nan|2946,0,-12.3543,-5.50427e-11,-1.91782,6.6501,0,0,0,-7.74682,2.81997e-14,-1.91235,6.33925,0,0,True,VRC07-523LS|2946,1313842
130_bNAb_Combinations|1313842|sample|12|nan|2946,0,-11.3245,-7.74738e-11,-1.33917,5.33477,0,0,0,-6.82241,1.37668e-14,-1.51251,5.44451,0,0,True,VRC07-523LS|2946,1313842
130_bNAb_Combinations|1313842|sample|3|nan|2946,0,-1.5871,-2.8878e-09,-0.879033,12.1184,0,0,0,-1.76253,-9.32587e-15,0.347859,0.657562,0,0,True,PGDM1400|2946,1313842
130_bNAb_Combinations|1313842|sample|4|nan|2946,0,-1.75488,3.9539e-09,-0.803843,10.0951,0,0,0,-2.96832,3.752e-10,1.04113,0.262787,0,0,True,PGDM1400|2946,1313842
130_bNAb_Combinations|1313842|sample|5|nan|2946,0,-2.30931,-6.52806e-09,-1.17677,8.3976,0,0,0,-3.47328,-8.88178e-16,1.54607,0.221618,0,0,True,PGDM1400|2946,1313842
130_bNAb_Combinations|1313842|sample|6|nan|2946,0,-2.06656,4.41789e-09,-1.40839,13.8612,0,0,0,-5.8819,1.46549e-14,1.55263,0.180683,0,0,True,PGDM1400|2946,1313842
130_bNAb_Combinations|1313842|sample|7|nan|2946,0,-10.7341,-2.77448e-10,-2.43741,8.70074,0,0,0,-6.97022,3.15303e-14,-1.87903,6.18434,0,0,True,PGT121|2946,1313842
130_bNAb_Combinations|1313842|sample|8|nan|2946,0,-8.32904,4.05709e-09,-2.16362,7.6632,0,0,0,-6.32491,2.91989e-14,-1.44489,4.94777,0,0,True,PGT121|2946,1313842
130_bNAb_Combinations|1313842|sample|9|nan|2946,0,-9.41649,-6.93537e-10,-1.5931,6.79874,0,0,0,-7.43077,3.75255e-14,-1.57376,5.85428,0,0,True,PGT121|2946,1313842
130_bNAb_Combinations|1313842|vc|1|2|nan|2946,0,0.375493,1.44175e-09,0.118705,0.208097,0,0,0,-4.59584e-08,-1.44329e-15,-7.14762e-08,2.96101e-07,0,0,False,nan|2946,1313842
130_bNAb_Combinations|1313842|vc|2|2|nan|2946,0,1.14593,-3.55577e-09,0.0526281,-0.381812,0,0,0,-2.1826e-07,-2.33147e-15,-1.17499e-07,-3.21689e-08,0,0,False,nan|2946,1313842
130_bNAb_Combinations|1313842|vc|3|2|nan|2946,0,-0.140839,3.95529e-09,0.0396,0.491587,0,0,0,7.18171e-07,1.44329e-15,-4.15892e-09,-1.99835e-07,0,0,False,nan|2946,1313842
130_bNAb_Combinations|1313842|vc|4|2|nan|2946,0,-0.0743134,3.87121e-10,0.0240966,0.0333221,0,0,0,-4.70869e-07,1.77636e-15,-3.57809e-09,-2.77929e-07,0,0,False,nan|2946,1313842
130_bNAb_Combinations|1313842|vc|5|2|nan|2946,0,0.748524,-2.00396e-09,-0.123638,1.87219,0,0,0,-1.12342e-07,2.10942e-15,-1.31366e-07,-1.77143e-07,0,0,False,nan|2946,1313842
130_bNAb_Combinations|1313842|vc|6|2|nan|2946,0,-0.113297,4.53795e-09,-0.0756177,-2.01607,0,0,0,-1.21562e-08,7.77156e-16,-3.55706e-08,2.05412e-07,0,0,False,nan|2946,1313842
130_bNAb_Combinations|1313842|vc|7|2|nan|2946,0,-1.14949,4.0539e-10,-0.159621,0.451882,0,0,0,5.35308e-08,-2.55351e-15,3.74008e-08,1.0686e-07,0,0,False,nan|2946,1313842
130_bNAb_Combinations|1313842|vc|8|2|nan|2946,0,0.00084829,3.07706e-10,0.00366337,-0.654595,0,0,0,5.64943e-08,5.55112e-16,9.72668e-08,9.23833e-08,0,0,False,nan|2946,1313842
130_bNAb_Combinations|1313860|cc|1|1|PVO.4|5024,0,0.087239,-1.92872e-09,0.179738,0.438093,0,0,0,-5.82664e-07,6.66134e-16,-1.03102e-08,1.51093e-07,0,0,False,nan|PVO.4,1313860
130_bNAb_Combinations|1313860|cc|2|1|PVO.4|5024,0,-0.213218,1.55432e-09,0.0451048,-1.16901,0,0,0,-1.22057e-07,-1.9984e-15,-3.91795e-08,8.72263e-07,0,0,False,nan|PVO.4,1313860
130_bNAb_Combinations|1313860|cc|3|1|PVO.4|5024,0,0.578435,5.09591e-09,0.00690757,-0.78975,0,0,0,-9.09754e-08,-2.22045e-16,6.57752e-09,2.27408e-07,0,0,False,nan|PVO.4,1313860
130_bNAb_Combinations|1313860|cc|4|1|PVO.4|5024,0,-0.192863,3.18872e-09,-0.00225872,1.73337,0,0,0,-2.29849e-07,4.44089e-16,3.62572e-08,-8.6718e-08,0,0,False,nan|PVO.4,1313860
130_bNAb_Combinations|1313860|cc|5|1|PVO.4|5024,0,0.365745,-1.78498e-09,0.0693386,0.282132,0,0,0,-2.65782e-07,-1.33227e-15,5.95497e-08,4.54544e-08,0,0,False,nan|PVO.4,1313860
130_bNAb_Combinations|1313860|cc|6|1|PVO.4|5024,0,-0.109592,-6.44032e-09,-0.0248342,-0.514023,0,0,0,-1.13746e-07,-6.66134e-16,1.71177e-09,3.43407e-07,0,0,False,nan|PVO.4,1313860
130_bNAb_Combinations|1313860|cc|7|1|PVO.4|5024,0,1.24211,5.47023e-10,0.0200777,0.271902,0,0,0,9.71031e-07,2.88658e-15,1.27854e-07,1.57818e-07,0,0,False,nan|PVO.4,1313860
130_bNAb_Combinations|1313860|cc|8|1|PVO.4|5024,0,0.446631,-2.11234e-09,-0.143937,1.58931,0,0,0,3.94309e-07,1.33227e-15,1.29038e-09,4.86622e-07,0,0,False,nan|PVO.4,1313860
130_bNAb_Combinations|1313860|sample|10|PVO.4|5024,0,-10.5193,-1.39831e-10,-1.30215,10.0355,0,0,0,-7.62081,1.73195e-14,-0.442305,5.67316,0,0,True,PGT121|PVO.4,1313860
130_bNAb_Combinations|1313860|sample|11|PVO.4|5024,0,-10.6822,2.73494e-09,-1.09468,11.8603,0,0,0,-7.54315,7.43849e-15,-0.337531,6.39877,0,0,True,VRC07-523LS|PVO.4,1313860
130_bNAb_Combinations|1313860|sample|12|PVO.4|5024,0,-11.4568,4.40691e-09,-1.29457,12.9161,0,0,0,-7.80935,5.61773e-14,-0.944302,10.2656,0,0,True,VRC07-523LS|PVO.4,1313860
130_bNAb_Combinations|1313860|sample|3|PVO.4|5024,0,-2.17882,1.06422e-08,-0.743581,12.552,0,0,0,-2.21745,7.99361e-15,0.0818836,0.855379,0,0,True,PGDM1400|PVO.4,1313860
130_bNAb_Combinations|1313860|sample|4|PVO.4|5024,0,-2.11779,6.45854e-09,-0.587491,6.16327,0,0,0,-2.17437,-4.44089e-16,0.0867514,0.828171,0,0,True,PGDM1400|PVO.4,1313860
130_bNAb_Combinations|1313860|sample|5|PVO.4|5024,0,-5.96607,1.288e-08,-1.8145,8.50064,0,0,0,-7.7401,-7.42708e-11,0.368299,0.311582,0,0,True,PGDM1400|PVO.4,1313860
130_bNAb_Combinations|1313860|sample|6|PVO.4|5024,0,-8.82989,-1.25743e-08,0.028287,3.30915,0,0,0,-1.44375,-2.22045e-15,0.589488,2.66686,0,0,True,PGDM1400|PVO.4,1313860
130_bNAb_Combinations|1313860|sample|7|PVO.4|5024,0,-10.0189,1.41514e-08,-0.948335,7.63685,0,0,0,-7.18584,3.33067e-16,-0.0325189,4.33839,0,0,True,PGT121|PVO.4,1313860
130_bNAb_Combinations|1313860|sample|8|PVO.4|5024,0,-9.85303,2.11614e-09,-1.13125,8.84104,0,0,0,-7.1706,-3.33067e-15,0.0370714,4.20446,0,0,True,PGT121|PVO.4,1313860
130_bNAb_Combinations|1313860|sample|9|PVO.4|5024,0,-10.776,-6.55927e-09,0.145126,4.55792,0,0,0,-7.21226,1.19904e-14,-0.307803,5.33071,0,0,True,PGT121|PVO.4,1313860
130_bNAb_Combinations|1313860|vc|1|2|PVO.4|5024,0,-0.408534,-6.23848e-09,-0.140124,1.43549,0,0,0,1.50197e-07,1.55431e-15,-8.29398e-09,3.53421e-07,0,0,False,nan|PVO.4,1313860
130_bNAb_Combinations|1313860|vc|2|2|PVO.4|5024,0,0.210134,7.59621e-09,-0.158327,1.05422,0,0,0,3.46018e-07,2.22045e-16,1.38456e-08,-1.75896e-07,0,0,False,nan|PVO.4,1313860
130_bNAb_Combinations|1313860|vc|3|2|PVO.4|5024,0,-0.671517,-7.25661e-11,0.125125,-0.944765,0,0,0,1.84827e-07,-4.44089e-16,-5.82207e-09,-6.35627e-08,0,0,False,nan|PVO.4,1313860
130_bNAb_Combinations|1313860|vc|4|2|PVO.4|5024,0,0.396402,-3.98605e-09,0.104317,1.35221,0,0,0,-2.8817e-07,-2.88658e-15,-1.27759e-07,2.28237e-08,0,0,False,nan|PVO.4,1313860
130_bNAb_Combinations|1313860|vc|5|2|PVO.4|5024,0,0.332516,9.47846e-10,-0.0202154,0.638972,0,0,0,3.3946e-07,2.88658e-15,4.93542e-08,1.42662e-07,0,0,False,nan|PVO.4,1313860
130_bNAb_Combinations|1313860|vc|6|2|PVO.4|5024,0,-0.16978,7.75479e-09,-0.167756,0.5479,0,0,0,5.76395e-07,0,6.97861e-08,1.8419e-09,0,0,False,nan|PVO.4,1313860
130_bNAb_Combinations|1313860|vc|7|2|PVO.4|5024,0,0.500229,-2.96573e-09,0.0798844,-0.514042,0,0,0,-1.54071e-07,2.22045e-15,-3.43291e-09,4.03447e-07,0,0,False,nan|PVO.4,1313860
130_bNAb_Combinations|1313860|vc|8|2|PVO.4|5024,0,0.302772,-1.26989e-09,-0.241177,0.75077,0,0,0,7.89567e-08,-1.33227e-15,-8.01801e-08,-3.55984e-07,0,0,False,nan|PVO.4,1313860
130_bNAb_Combinations|1313884|cc|1|1|nan|4168,0,1.26969,5.87298e-09,0.0302444,0.0885121,0,0,0,-4.10048e-07,1.11022e-15,5.88769e-09,1.53334e-07,0,0,False,nan|4168,1313884
130_bNAb_Combinations|1313884|cc|2|1|nan|4168,0,-0.144191,2.82531e-09,-0.0525301,-0.654366,0,0,0,4.40156e-07,-1.11022e-15,-1.26979e-07,1.06432e-06,0,0,False,nan|4168,1313884
130_bNAb_Combinations|1313884|cc|3|1|nan|4168,0,-0.663358,-1.20174e-10,0.370923,0.641197,0,0,0,1.43462e-07,-1.55431e-15,7.47136e-08,-6.38793e-07,0,0,False,nan|4168,1313884
130_bNAb_Combinations|1313884|cc|4|1|nan|4168,0,0.743688,-1.47401e-09,0.0670518,-0.260518,0,0,0,-1.9365e-07,1.9984e-15,-7.54266e-08,-2.46521e-07,0,0,False,nan|4168,1313884
130_bNAb_Combinations|1313884|cc|5|1|nan|4168,0,0.926191,2.79612e-09,-0.131321,0.202705,0,0,0,2.18231e-08,-1.33227e-15,7.1097e-08,-5.68305e-07,0,0,False,nan|4168,1313884
130_bNAb_Combinations|1313884|cc|6|1|nan|4168,0,-0.618753,5.23603e-09,-0.0840834,0.45625,0,0,0,-1.24173e-07,6.66134e-16,3.13075e-09,1.95966e-07,0,0,False,nan|4168,1313884
130_bNAb_Combinations|1313884|cc|7|1|nan|4168,0,-0.0817807,3.47186e-09,0.163022,-1.2446,0,0,0,-9.28661e-08,1.11022e-15,7.67562e-08,-4.70695e-07,0,0,False,nan|4168,1313884
130_bNAb_Combinations|1313884|cc|8|1|nan|4168,0,0.493895,-2.29757e-09,0.0150443,0.622958,0,0,0,-1.57084e-07,2.22045e-16,3.32332e-08,2.48275e-07,0,0,False,nan|4168,1313884
130_bNAb_Combinations|1313884|sample|10|nan|4168,0,-2.64745,-1.01539e-08,-0.158597,4.45322,0,0,0,-2.84494,-1.28786e-14,1.11007,2.44113,0,0,True,PGT121|4168,1313884
130_bNAb_Combinations|1313884|sample|11|nan|4168,0,-10.0164,-6.7837e-09,-1.81233,6.90695,0,0,0,-6.57993,7.28306e-14,-1.29375,5.36581,0,0,True,VRC07-523LS|4168,1313884
130_bNAb_Combinations|1313884|sample|12|nan|4168,0,-5.72793,2.19584e-09,-2.81928,10.8888,0,0,0,-5.28429,1.47493e-13,-2.21949,8.49887,0,0,True,VRC07-523LS|4168,1313884
130_bNAb_Combinations|1313884|sample|3|nan|4168,0,-0.0485709,8.81333e-10,-0.604632,11.1893,0,0,0,-0.0785955,0,-1.51408,4.92787,0,0,True,PGDM1400|4168,1313884
130_bNAb_Combinations|1313884|sample|4|nan|4168,0,-0.0442975,6.71654e-10,-0.776809,11.0525,0,0,0,-0.0862491,2.22045e-15,-1.52995,4.98014,0,0,True,PGDM1400|4168,1313884
130_bNAb_Combinations|1313884|sample|5|nan|4168,0,-0.0527179,1.82758e-09,-0.953164,11.0072,0,0,0,-0.0528873,1.15463e-14,-0.730493,3.58707,0,0,True,PGDM1400|4168,1313884
130_bNAb_Combinations|1313884|sample|6|nan|4168,0,-0.0206785,5.45444e-09,-0.188797,7.6329,0,0,0,-0.0656603,-1.46549e-14,-0.760297,3.67241,0,0,True,PGDM1400|4168,1313884
130_bNAb_Combinations|1313884|sample|7|nan|4168,0,-5.77254,-1.46964e-08,-1.43667,9.16278,0,0,0,-2.3818,1.82077e-14,-0.200987,3.57628,0,0,True,PGT121|4168,1313884
130_bNAb_Combinations|1313884|sample|8|nan|4168,0,-2.38562,-2.08781e-09,-2.15278,8.204,0,0,0,-2.35926,3.55271e-14,-0.532303,4.25283,0,0,True,PGT121|4168,1313884
130_bNAb_Combinations|1313884|sample|9|nan|4168,0,-2.60218,6.70753e-09,-0.124671,4.59833,0,0,0,-2.92266,-1.81521e-14,0.848311,2.40992,0,0,True,PGT121|4168,1313884
130_bNAb_Combinations|1313884|vc|1|2|nan|4168,0,0.111701,1.05538e-09,-0.0492134,-1.6896,0,0,0,3.02494e-07,-1.11022e-15,-4.73306e-08,-2.02707e-07,0,0,False,nan|4168,1313884
130_bNAb_Combinations|1313884|vc|2|2|nan|4168,0,-0.459617,-2.16272e-09,-0.229241,-0.200773,0,0,0,-1.95175e-07,-2.22045e-16,6.47825e-08,-3.34417e-07,0,0,False,nan|4168,1313884
130_bNAb_Combinations|1313884|vc|3|2|nan|4168,0,-0.200698,7.6841e-10,0.0493686,-0.82145,0,0,0,-9.44683e-08,-4.44089e-16,-7.98381e-08,4.07531e-08,0,0,False,nan|4168,1313884
130_bNAb_Combinations|1313884|vc|4|2|nan|4168,0,0.00469145,4.2804e-09,0.208912,0.890207,0,0,0,8.03613e-07,-2.66454e-15,-2.62012e-08,-9.71989e-07,0,0,False,nan|4168,1313884
130_bNAb_Combinations|1313884|vc|5|2|nan|4168,0,0.237583,4.36405e-09,-0.102581,0.554381,0,0,0,-8.35924e-08,1.9984e-15,-6.15176e-08,7.21488e-07,0,0,False,nan|4168,1313884
130_bNAb_Combinations|1313884|vc|6|2|nan|4168,0,-0.190243,4.51453e-09,-0.0697331,1.70095,0,0,0,1.47627e-07,-2.44249e-15,2.07977e-08,3.99619e-07,0,0,False,nan|4168,1313884
130_bNAb_Combinations|1313884|vc|7|2|nan|4168,0,-0.441852,-1.36545e-09,-0.0749083,0.731232,0,0,0,-2.7942e-08,1.55431e-15,-5.86137e-10,-3.07686e-07,0,0,False,nan|4168,1313884
130_bNAb_Combinations|1313884|vc|8|2|nan|4168,0,-0.0525504,-3.48546e-10,-0.174962,0.615585,0,0,0,-1.82483e-07,-6.66134e-16,5.95065e-09,-1.83952e-07,0,0,False,nan|4168,1313884
130_bNAb_Combinations|1313920|cc|1|1|nan|1798,0,-1.03217,1.22352e-09,0.0868371,-1.02073,0,0,0,-4.45092e-07,4.44089e-16,4.19653e-08,-4.25078e-08,0,0,False,nan|1798,1313920
130_bNAb_Combinations|1313920|cc|2|1|nan|1798,0,-0.497494,3.67298e-09,-0.112612,-0.483082,0,0,0,-3.39356e-07,3.9968e-15,-1.0427e-07,-7.13588e-07,0,0,False,nan|1798,1313920
130_bNAb_Combinations|1313920|cc|3|1|nan|1798,0,0.198734,2.17233e-09,0.0031344,-0.762185,0,0,0,-2.6916e-07,8.88178e-16,-5.76309e-08,3.54146e-07,0,0,False,nan|1798,1313920
130_bNAb_Combinations|1313920|cc|4|1|nan|1798,0,-0.00213378,1.80108e-09,-0.0401787,0.621926,0,0,0,2.13682e-07,1.9984e-15,-4.33325e-08,4.95034e-07,0,0,False,nan|1798,1313920
130_bNAb_Combinations|1313920|cc|5|1|nan|1798,0,-0.342466,-1.00485e-09,0.113819,-2.22396,0,0,0,2.14837e-07,4.44089e-16,1.12839e-08,-3.08556e-07,0,0,False,nan|1798,1313920
130_bNAb_Combinations|1313920|cc|6|1|nan|1798,0,0.852859,-8.26861e-09,0.098253,1.11779,0,0,0,1.79748e-07,-1.55431e-15,2.60781e-08,1.07357e-07,0,0,False,nan|1798,1313920
130_bNAb_Combinations|1313920|cc|7|1|nan|1798,0,-0.371844,2.60863e-09,-0.00462008,-1.30808,0,0,0,4.80978e-07,0,8.18909e-08,-1.65925e-08,0,0,False,nan|1798,1313920
130_bNAb_Combinations|1313920|cc|8|1|nan|1798,0,0.543749,1.44594e-09,0.166051,-0.641059,0,0,0,-4.52557e-07,3.10862e-15,8.72171e-08,9.866e-08,0,0,False,nan|1798,1313920
130_bNAb_Combinations|1313920|sample|10|nan|1798,0,-10.2656,3.06003e-10,-0.134874,10.1081,0,0,0,-7.68759,-1.92069e-14,0.770407,5.41978,0,0,True,PGT121|1798,1313920
130_bNAb_Combinations|1313920|sample|11|nan|1798,0,-9.34544,-7.55896e-09,-1.8158,11.2338,0,0,0,-7.47492,-7.32747e-15,-0.270243,3.42105,0,0,True,VRC07-523LS|1798,1313920
130_bNAb_Combinations|1313920|sample|12|nan|1798,0,-10.2229,-5.40588e-09,-1.784,10.438,0,0,0,-7.83799,9.76996e-15,-0.576818,4.01014,0,0,True,VRC07-523LS|1798,1313920
130_bNAb_Combinations|1313920|sample|3|nan|1798,0,-2.24725,-6.53467e-09,-2.08674,9.54833,0,0,0,-2.08591,3.33067e-14,-0.431771,3.3754,0,0,True,PGDM1400|1798,1313920
130_bNAb_Combinations|1313920|sample|4|nan|1798,0,-3.95833,-1.28255e-09,-0.348018,5.31992,0,0,0,-2.03295,1.80966e-14,-0.209171,3.30163,0,0,True,PGDM1400|1798,1313920
130_bNAb_Combinations|1313920|sample|5|nan|1798,0,-2.15386,-2.85703e-10,-1.61629,6.76129,0,0,0,-2.83858,-2.12053e-14,1.56119,1.12266,0,0,True,PGDM1400|1798,1313920
130_bNAb_Combinations|1313920|sample|6|nan|1798,0,-2.29921,-2.45876e-09,-0.581993,4.76983,0,0,0,-2.7203,-3.33067e-15,1.8313,1.19653,0,0,True,PGDM1400|1798,1313920
130_bNAb_Combinations|1313920|sample|7|nan|1798,0,-10.2372,1.12544e-10,-0.140292,8.31718,0,0,0,-7.25009,3.21965e-15,0.0558373,7.24343,0,0,True,PGT121|1798,1313920
130_bNAb_Combinations|1313920|sample|8|nan|1798,0,-11.9397,1.39905e-09,-0.44201,12.3247,0,0,0,-7.22836,8.54872e-15,0.261713,6.5545,0,0,True,PGT121|1798,1313920
130_bNAb_Combinations|1313920|sample|9|nan|1798,0,-9.58582,-3.549e-09,0.0294503,8.53321,0,0,0,-7.47846,-1.34337e-14,0.650232,5.61111,0,0,True,PGT121|1798,1313920
130_bNAb_Combinations|1313920|vc|1|2|nan|1798,0,0.223341,-5.9069e-10,-0.0935963,-0.09793,0,0,0,3.4125e-07,-1.33227e-15,-6.15626e-08,-7.52227e-08,0,0,False,nan|1798,1313920
130_bNAb_Combinations|1313920|vc|2|2|nan|1798,0,-0.364683,-1.26932e-09,-0.125016,-0.323578,0,0,0,7.86583e-08,1.11022e-15,6.85779e-08,-3.87649e-07,0,0,False,nan|1798,1313920
130_bNAb_Combinations|1313920|vc|3|2|nan|1798,0,-0.05018,-2.87965e-09,0.044925,-0.0101902,0,0,0,-1.95624e-07,0,-4.45887e-08,-6.1945e-07,0,0,False,nan|1798,1313920
130_bNAb_Combinations|1313920|vc|4|2|nan|1798,0,-0.0138229,-1.53543e-09,0.0977301,-0.824905,0,0,0,2.35426e-07,3.77476e-15,1.44487e-08,-5.75311e-07,0,0,False,nan|1798,1313920
130_bNAb_Combinations|1313920|vc|5|2|nan|1798,0,0.00113802,6.15383e-09,-0.139803,-0.996861,0,0,0,4.62302e-07,1.33227e-15,-6.1273e-08,-9.8837e-08,0,0,False,nan|1798,1313920
130_bNAb_Combinations|1313920|vc|6|2|nan|1798,0,-0.0306332,-1.26962e-09,-0.0473967,-0.259127,0,0,0,5.31273e-07,-1.55431e-15,2.30518e-08,-1.87413e-07,0,0,False,nan|1798,1313920
130_bNAb_Combinations|1313920|vc|7|2|nan|1798,0,0.499278,-2.15828e-09,0.0987422,0.9048,0,0,0,-3.15291e-07,-2.44249e-15,1.88165e-08,-2.41789e-07,0,0,False,nan|1798,1313920
130_bNAb_Combinations|1313920|vc|8|2|nan|1798,0,0.0997583,1.42438e-09,-0.105975,-0.222305,0,0,0,1.30362e-07,-2.22045e-16,-4.97544e-08,-4.56334e-07,0,0,False,nan|1798,1313920
130_bNAb_Combinations|1313938|cc|1|1|TRO.11|8301,0,0.0658704,-2.02062e-09,0.124674,0.705867,0,0,0,2.85468e-07,1.33227e-15,7.72559e-08,-2.16802e-07,0,0,False,nan|TRO.11,1313938
130_bNAb_Combinations|1313938|cc|2|1|TRO.11|8301,0,-0.234349,2.10167e-09,0.0446366,0.346536,0,0,0,1.78678e-07,1.9984e-15,3.56159e-08,-2.83474e-07,0,0,False,nan|TRO.11,1313938
130_bNAb_Combinations|1313938|cc|3|1|TRO.11|8301,0,-0.729273,-4.41295e-09,-0.0812505,-0.572953,0,0,0,1.56797e-07,-1.77636e-15,-5.75511e-08,-2.56393e-07,0,0,False,nan|TRO.11,1313938
130_bNAb_Combinations|1313938|cc|4|1|TRO.11|8301,0,0.329619,6.3784e-10,0.0154001,1.84167,0,0,0,-2.2164e-07,-1.9984e-15,7.45413e-10,-4.05069e-07,0,0,False,nan|TRO.11,1313938
130_bNAb_Combinations|1313938|cc|5|1|TRO.11|8301,0,0.516921,3.03269e-09,0.14718,-0.841404,0,0,0,-1.16695e-07,-8.88178e-16,4.95877e-08,-3.82879e-07,0,0,False,nan|TRO.11,1313938
130_bNAb_Combinations|1313938|cc|6|1|TRO.11|8301,0,0.728673,1.76994e-10,-0.14815,-0.268144,0,0,0,2.80558e-07,-6.66134e-16,-6.31237e-08,-6.98042e-08,0,0,False,nan|TRO.11,1313938
130_bNAb_Combinations|1313938|cc|7|1|TRO.11|8301,0,-0.276906,4.24639e-09,-0.183826,-1.47991,0,0,0,5.17423e-07,0,-3.74863e-08,3.24811e-07,0,0,False,nan|TRO.11,1313938
130_bNAb_Combinations|1313938|cc|8|1|TRO.11|8301,0,0.0447907,5.72398e-09,0.0127643,1.89758,0,0,0,3.23465e-07,1.55431e-15,-2.84998e-08,-3.19713e-08,0,0,False,nan|TRO.11,1313938
130_bNAb_Combinations|1313938|sample|10|TRO.11|8301,0,-9.28834,-2.85753e-11,0.158632,16.2702,0,0,0,-7.49493,1.69864e-14,1.06596,8.75904,0,0,True,PGT121|TRO.11,1313938
130_bNAb_Combinations|1313938|sample|11|TRO.11|8301,0,-9.35088,2.89116e-09,-0.823177,11.4415,0,0,0,-7.82636,9.10383e-15,-0.089057,6.65807,0,0,True,VRC07-523LS|TRO.11,1313938
130_bNAb_Combinations|1313938|sample|12|TRO.11|8301,0,-12.2428,-3.92847e-09,-0.543341,10.2853,0,0,0,-7.83294,4.55191e-15,0.0746761,5.8037,0,0,True,VRC07-523LS|TRO.11,1313938
130_bNAb_Combinations|1313938|sample|3|TRO.11|8301,0,-4.30966,6.78562e-09,-0.176231,3.46786,0,0,0,-4.34811,-7.10543e-15,0.696982,0.683451,0,0,True,PGDM1400|TRO.11,1313938
130_bNAb_Combinations|1313938|sample|4|TRO.11|8301,0,-3.0022,-2.30255e-10,-1.11473,14.6686,0,0,0,-4.77444,2.22045e-15,1.07737,0.545535,0,0,True,PGDM1400|TRO.11,1313938
130_bNAb_Combinations|1313938|sample|5|TRO.11|8301,0,-4.05632,8.20516e-09,-1.47668,13.0275,0,0,0,-5.55465,2.08722e-14,1.28067,0.507583,0,0,True,PGDM1400|TRO.11,1313938
130_bNAb_Combinations|1313938|sample|6|TRO.11|8301,0,-4.14624,-2.77178e-09,-1.33182,9.88053,0,0,0,-5.3274,-1.5099e-14,1.20641,0.525168,0,0,True,PGDM1400|TRO.11,1313938
130_bNAb_Combinations|1313938|sample|7|TRO.11|8301,0,-12.2403,-7.65759e-09,1.16734,7.79328,0,0,0,-7.33343,1.55431e-15,0.913366,9.15154,0,0,True,PGT121|TRO.11,1313938
130_bNAb_Combinations|1313938|sample|8|TRO.11|8301,0,-9.65914,5.4443e-09,0.757934,9.95593,0,0,0,-7.2166,-1.46549e-14,1.00912,8.24492,0,0,True,PGT121|TRO.11,1313938
130_bNAb_Combinations|1313938|sample|9|TRO.11|8301,0,-10.2617,-1.89384e-10,0.537801,13.0226,0,0,0,-7.36982,1.79856e-14,1.08018,8.86802,0,0,True,PGT121|TRO.11,1313938
130_bNAb_Combinations|1313938|vc|1|2|TRO.11|8301,0,-1.03433,2.81688e-09,-0.0880446,-0.222311,0,0,0,2.98638e-08,4.44089e-16,-2.43972e-08,-6.62688e-07,0,0,False,nan|TRO.11,1313938
130_bNAb_Combinations|1313938|vc|2|2|TRO.11|8301,0,0.635547,4.19989e-09,0.11893,0.285792,0,0,0,2.69233e-07,-6.66134e-16,-8.00469e-08,1.99622e-07,0,0,False,nan|TRO.11,1313938
130_bNAb_Combinations|1313938|vc|3|2|TRO.11|8301,0,0.5375,9.74642e-10,0.0329334,-0.0897889,0,0,0,1.66892e-07,-1.11022e-15,-2.18434e-08,-2.7286e-07,0,0,False,nan|TRO.11,1313938
130_bNAb_Combinations|1313938|vc|4|2|TRO.11|8301,0,0.648708,-5.27266e-09,0.047027,0.668724,0,0,0,-2.61754e-07,-1.11022e-15,8.3545e-08,-3.27452e-07,0,0,False,nan|TRO.11,1313938
130_bNAb_Combinations|1313938|vc|5|2|TRO.11|8301,0,0.845652,-1.35162e-08,-0.0978485,1.17179,0,0,0,6.64919e-07,1.77636e-15,-4.55712e-08,2.85082e-07,0,0,False,nan|TRO.11,1313938
130_bNAb_Combinations|1313938|vc|6|2|TRO.11|8301,0,-0.381593,4.46816e-09,-0.112704,0.728889,0,0,0,-8.81513e-08,4.44089e-15,-1.55212e-07,-4.87164e-07,0,0,False,nan|TRO.11,1313938
130_bNAb_Combinations|1313938|vc|7|2|TRO.11|8301,0,0.257563,5.07458e-09,-0.227564,-0.566079,0,0,0,1.3703e-09,1.55431e-15,2.53704e-08,-8.11451e-07,0,0,False,nan|TRO.11,1313938
130_bNAb_Combinations|1313938|vc|8|2|TRO.11|8301,0,0.574442,-9.26291e-09,-0.0348208,0.383415,0,0,0,5.65403e-07,-1.77636e-15,-6.16677e-08,-4.22525e-07,0,0,False,nan|TRO.11,1313938
130_bNAb_Combinations|1313956|cc|1|1|Ce1176_A3|7023,0,-0.190454,3.42759e-09,-0.223892,0.984585,0,0,0,1.50262e-07,0,2.55492e-08,7.05205e-07,0,0,False,nan|Ce1176_A3,1313956
130_bNAb_Combinations|1313956|cc|2|1|Ce1176_A3|7023,0,0.812084,5.37217e-09,0.0995468,-0.105459,0,0,0,-1.36426e-07,-3.10862e-15,4.65033e-08,-5.58367e-07,0,0,False,nan|Ce1176_A3,1313956
130_bNAb_Combinations|1313956|cc|3|1|Ce1176_A3|7023,0,-0.149991,8.59514e-09,-0.355488,-0.787605,0,0,0,2.07502e-07,1.11022e-15,-1.01589e-08,-1.70167e-07,0,0,False,nan|Ce1176_A3,1313956
130_bNAb_Combinations|1313956|cc|4|1|Ce1176_A3|7023,0,-0.479761,3.07837e-09,-0.0271899,-0.0472026,0,0,0,1.11161e-06,2.44249e-15,4.72416e-08,8.43373e-08,0,0,False,nan|Ce1176_A3,1313956
130_bNAb_Combinations|1313956|cc|5|1|Ce1176_A3|7023,0,0.0780857,-5.47213e-10,-0.0553278,0.892927,0,0,0,3.37903e-07,-1.77636e-15,-1.29108e-08,-3.7268e-07,0,0,False,nan|Ce1176_A3,1313956
130_bNAb_Combinations|1313956|cc|6|1|Ce1176_A3|7023,0,-0.273161,-2.27736e-09,-0.154945,0.422315,0,0,0,5.96774e-09,-2.44249e-15,1.48927e-07,-3.68954e-07,0,0,False,nan|Ce1176_A3,1313956
130_bNAb_Combinations|1313956|cc|7|1|Ce1176_A3|7023,0,-0.241122,-1.84002e-09,-0.258031,1.23057,0,0,0,-2.49074e-07,-1.55431e-15,-9.01081e-08,-2.3323e-07,0,0,False,nan|Ce1176_A3,1313956
130_bNAb_Combinations|1313956|cc|8|1|Ce1176_A3|7023,0,-0.129368,1.34689e-09,-0.181316,-0.514384,0,0,0,-2.4198e-08,-2.22045e-15,-9.47497e-08,5.74477e-08,0,0,False,nan|Ce1176_A3,1313956
130_bNAb_Combinations|1313956|sample|10|Ce1176_A3|7023,0,-11.1463,1.54881e-09,0.451148,14.5759,0,0,0,-7.69142,-1.85407e-14,1.63652,6.14336,0,0,True,PGT121|Ce1176_A3,1313956
130_bNAb_Combinations|1313956|sample|11|Ce1176_A3|7023,0,-12.805,3.5256e-09,-1.85443,10.2906,0,0,0,-7.83715,1.84297e-14,-1.18002,6.45402,0,0,True,VRC07-523LS|Ce1176_A3,1313956
130_bNAb_Combinations|1313956|sample|12|Ce1176_A3|7023,0,-9.11924,1.4887e-08,-1.44926,8.38305,0,0,0,-7.07946,1.75415e-14,-0.735474,4.96854,0,0,True,VRC07-523LS|Ce1176_A3,1313956
130_bNAb_Combinations|1313956|sample|3|Ce1176_A3|7023,0,-2.31309,3.91737e-09,-2.00335,5.78617,0,0,0,-1.84451,-7.54952e-15,-0.186716,1.68636,0,0,True,PGDM1400|Ce1176_A3,1313956
130_bNAb_Combinations|1313956|sample|4|Ce1176_A3|7023,0,-7.34146,9.18856e-09,-2.02253,3.61263,0,0,0,-1.82767,1.17684e-14,-0.286417,1.8028,0,0,True,PGDM1400|Ce1176_A3,1313956
130_bNAb_Combinations|1313956|sample|5|Ce1176_A3|7023,0,-7.2291,-6.14941e-11,0.509599,1.60289,0,0,0,-2.83951,-7.21645e-16,0.108344,1.16407,0,0,True,PGDM1400|Ce1176_A3,1313956
130_bNAb_Combinations|1313956|sample|6|Ce1176_A3|7023,0,-2.02376,-1.42719e-08,-4.03907,7.854,0,0,0,-2.80291,-1.98175e-14,0.257596,1.21746,0,0,True,PGDM1400|Ce1176_A3,1313956
130_bNAb_Combinations|1313956|sample|7|Ce1176_A3|7023,0,-9.41637,-5.4523e-10,1.30346,7.34951,0,0,0,-7.06829,-3.21965e-15,1.17113,7.7163,0,0,True,PGT121|Ce1176_A3,1313956
130_bNAb_Combinations|1313956|sample|8|Ce1176_A3|7023,0,-10.3936,-6.00337e-09,-0.0741895,19.9894,0,0,0,-7.56485,6.66134e-15,1.06288,8.1356,0,0,True,PGT121|Ce1176_A3,1313956
130_bNAb_Combinations|1313956|sample|9|Ce1176_A3|7023,0,-12.1991,6.30537e-09,0.796933,11.4461,0,0,0,-7.46577,5.21805e-15,1.44405,7.02538,0,0,True,PGT121|Ce1176_A3,1313956
130_bNAb_Combinations|1313956|vc|1|2|Ce1176_A3|7023,0,0.0898534,1.12624e-09,-0.114169,-0.258071,0,0,0,-2.19907e-08,1.55431e-15,-4.26657e-08,4.43635e-07,0,0,False,nan|Ce1176_A3,1313956
130_bNAb_Combinations|1313956|vc|2|2|Ce1176_A3|7023,0,-0.573134,-6.99574e-09,0.128372,-0.300237,0,0,0,2.13269e-07,8.88178e-16,8.071e-09,4.88498e-07,0,0,False,nan|Ce1176_A3,1313956
130_bNAb_Combinations|1313956|vc|3|2|Ce1176_A3|7023,0,-0.142448,5.0018e-09,0.0753389,1.1147,0,0,0,1.48889e-07,6.66134e-16,3.78003e-08,-1.72755e-07,0,0,False,nan|Ce1176_A3,1313956
130_bNAb_Combinations|1313956|vc|4|2|Ce1176_A3|7023,0,-0.276709,-3.66019e-09,-0.128025,-0.879178,0,0,0,-1.97739e-07,-4.44089e-16,6.49814e-09,-2.34158e-07,0,0,False,nan|Ce1176_A3,1313956
130_bNAb_Combinations|1313956|vc|5|2|Ce1176_A3|7023,0,0.439337,-1.04597e-08,-0.207946,0.920352,0,0,0,-9.05735e-08,-1.9984e-15,-2.28265e-09,-9.62871e-08,0,0,False,nan|Ce1176_A3,1313956
130_bNAb_Combinations|1313956|vc|6|2|Ce1176_A3|7023,0,0.960786,2.53403e-09,-0.236565,0.706463,0,0,0,-6.43397e-08,-2.22045e-16,-7.52616e-08,-5.93357e-07,0,0,False,nan|Ce1176_A3,1313956
130_bNAb_Combinations|1313956|vc|7|2|Ce1176_A3|7023,0,-0.668959,2.06598e-10,-0.243336,0.858318,0,0,0,2.77259e-08,4.44089e-16,1.14369e-07,-2.72304e-07,0,0,False,nan|Ce1176_A3,1313956
130_bNAb_Combinations|1313956|vc|8|2|Ce1176_A3|7023,0,-1.85955,9.40589e-10,0.0666522,-0.816658,0,0,0,-1.31727e-07,-1.9984e-15,3.47239e-08,-5.19524e-07,0,0,False,nan|Ce1176_A3,1313956
130_bNAb_Combinations|1313974|cc|1|1|nan|1176,0,-0.0932349,-5.81389e-09,-0.334304,-1.05997,0,0,0,-1.0389e-07,-2.22045e-15,-3.2479e-08,-7.54925e-08,0,0,False,nan|1176,1313974
130_bNAb_Combinations|1313974|cc|2|1|nan|1176,0,0.703645,-2.9924e-09,0.071283,-0.833936,0,0,0,-6.60668e-08,4.44089e-16,-9.19201e-08,-3.23412e-07,0,0,False,nan|1176,1313974
130_bNAb_Combinations|1313974|cc|3|1|nan|1176,0,-0.0231413,5.52657e-10,-0.00272846,0.592139,0,0,0,-1.01986e-07,3.77476e-15,1.01906e-07,2.61594e-07,0,0,False,nan|1176,1313974
130_bNAb_Combinations|1313974|cc|4|1|nan|1176,0,0.585354,-2.57914e-09,0.155102,1.24895,0,0,0,3.9569e-07,1.9984e-15,2.48944e-09,-8.62101e-08,0,0,False,nan|1176,1313974
130_bNAb_Combinations|1313974|cc|5|1|nan|1176,0,-0.379694,-5.30165e-09,-0.0855121,-1.01953,0,0,0,3.37159e-07,6.66134e-16,4.44442e-08,-3.44251e-07,0,0,False,nan|1176,1313974
130_bNAb_Combinations|1313974|cc|6|1|nan|1176,0,0.226416,4.54294e-10,-0.133311,-0.255648,0,0,0,-1.96313e-07,1.33227e-15,-9.46165e-09,5.11958e-07,0,0,False,nan|1176,1313974
130_bNAb_Combinations|1313974|cc|7|1|nan|1176,0,-0.21375,-6.7736e-09,-0.25161,0.362148,0,0,0,-2.61404e-07,-1.55431e-15,-6.25887e-09,-3.67666e-07,0,0,False,nan|1176,1313974
130_bNAb_Combinations|1313974|cc|8|1|nan|1176,0,-0.237032,1.2954e-11,-0.202617,1.18313,0,0,0,-3.43207e-07,3.10862e-15,1.56275e-08,-1.4223e-07,0,0,False,nan|1176,1313974
130_bNAb_Combinations|1313974|sample|10|nan|1176,0,-2.17175,-2.77486e-09,-1.75361,5.9347,0,0,0,-5.21717,-2.24265e-14,1.26324,0.490886,0,0,True,PGT121|1176,1313974
130_bNAb_Combinations|1313974|sample|11|nan|1176,0,-4.91066,3.88855e-09,-0.667343,10.037,0,0,0,-4.88547,1.53211e-14,-0.376508,8.50828,0,0,True,VRC07-523LS|1176,1313974
130_bNAb_Combinations|1313974|sample|12|nan|1176,0,-5.1828,-1.11131e-08,-0.266102,10.4327,0,0,0,-5.17971,-3.30846e-14,0.615271,6.19472,0,0,True,VRC07-523LS|1176,1313974
130_bNAb_Combinations|1313974|sample|3|nan|1176,0,-3.6595,-4.33784e-09,-0.523281,8.87203,0,0,0,-3.75107,1.17295e-13,-0.984502,10.1488,0,0,True,PGDM1400|1176,1313974
130_bNAb_Combinations|1313974|sample|4|nan|1176,0,-4.15023,1.1897e-08,-0.888852,8.6018,0,0,0,-4.28466,3.04201e-14,-0.0093406,5.88633,0,0,True,PGDM1400|1176,1313974
130_bNAb_Combinations|1313974|sample|5|nan|1176,0,-3.66526,-5.71437e-09,0.630385,5.13372,0,0,0,-3.77472,-1.77636e-14,1.5761,3.31611,0,0,True,PGDM1400|1176,1313974
130_bNAb_Combinations|1313974|sample|6|nan|1176,0,-3.4842,-3.51941e-09,-0.00777249,6.35191,0,0,0,-4.17494,-1.33227e-15,2.70907,2.02293,0,0,True,PGDM1400|1176,1313974
130_bNAb_Combinations|1313974|sample|7|nan|1176,0,-4.56218,4.27663e-09,-0.988752,6.97003,0,0,0,-2.01775,2.88658e-15,0.0613147,1.64888,0,0,True,PGT121|1176,1313974
130_bNAb_Combinations|1313974|sample|8|nan|1176,0,-6.01419,5.0976e-09,-1.8894,8.51354,0,0,0,-3.78504,-5.10703e-15,0.32456,0.923699,0,0,True,PGT121|1176,1313974
130_bNAb_Combinations|1313974|sample|9|nan|1176,0,-2.3072,4.81062e-09,-2.91056,10.0649,0,0,0,-3.8454,-2.10942e-14,1.23354,0.518955,0,0,True,PGT121|1176,1313974
130_bNAb_Combinations|1313974|vc|1|2|nan|1176,0,-1.21819,6.21978e-09,0.0725436,0.0377053,0,0,0,-3.05524e-07,-2.88658e-15,2.04927e-08,2.42744e-07,0,0,False,nan|1176,1313974
130_bNAb_Combinations|1313974|vc|2|2|nan|1176,0,0.0599313,2.63158e-09,0.0766776,-0.252357,0,0,0,1.17146e-07,-2.44249e-15,-3.83374e-08,-3.0561e-07,0,0,False,nan|1176,1313974
130_bNAb_Combinations|1313974|vc|3|2|nan|1176,0,-0.312482,-5.13413e-09,0.0228421,-0.487192,0,0,0,-1.60704e-07,2.66454e-15,5.19806e-08,4.37109e-08,0,0,False,nan|1176,1313974
130_bNAb_Combinations|1313974|vc|4|2|nan|1176,0,0.202981,-4.10665e-09,0.131544,-0.0231002,0,0,0,3.92631e-07,1.33227e-15,-2.71024e-08,-5.27657e-07,0,0,False,nan|1176,1313974
130_bNAb_Combinations|1313974|vc|5|2|nan|1176,0,-0.218467,5.12609e-10,0.161411,0.86029,0,0,0,-2.86056e-07,-2.22045e-15,9.57862e-08,-2.55896e-08,0,0,False,nan|1176,1313974
130_bNAb_Combinations|1313974|vc|6|2|nan|1176,0,0.207903,-3.04138e-09,0.112633,1.50905,0,0,0,1.22394e-07,2.22045e-16,-1.77906e-08,3.28444e-07,0,0,False,nan|1176,1313974
130_bNAb_Combinations|1313974|vc|7|2|nan|1176,0,-0.0178772,3.08059e-10,-0.138001,0.345468,0,0,0,-6.59309e-08,3.33067e-15,4.59054e-08,-2.11796e-07,0,0,False,nan|1176,1313974
130_bNAb_Combinations|1313974|vc|8|2|nan|1176,0,-0.0701114,-2.96566e-09,0.0177373,-0.419431,0,0,0,3.04296e-07,2.22045e-15,-3.74595e-08,-2.48715e-08,0,0,False,nan|1176,1313974
130_bNAb_Combinations|1313992|cc|1|1|RHPA4259.7|5371,0,-0.997176,-6.97441e-10,-0.206997,1.03435,0,0,0,-4.03463e-07,-6.66134e-16,1.76405e-08,7.50974e-07,0,0,False,nan|RHPA4259.7,1313992
130_bNAb_Combinations|1313992|cc|2|1|RHPA4259.7|5371,0,-0.0525841,1.05112e-09,0.0100426,-0.901505,0,0,0,8.59458e-08,-1.11022e-15,5.76858e-09,-7.42695e-07,0,0,False,nan|RHPA4259.7,1313992
130_bNAb_Combinations|1313992|cc|3|1|RHPA4259.7|5371,0,0.309387,1.52162e-09,-0.269202,-0.03446,0,0,0,-2.11441e-07,6.66134e-16,7.44117e-08,1.55051e-07,0,0,False,nan|RHPA4259.7,1313992
130_bNAb_Combinations|1313992|cc|4|1|RHPA4259.7|5371,0,-0.0936364,-3.50108e-09,-0.206178,-0.115909,0,0,0,1.53199e-07,-2.22045e-15,7.79053e-08,1.79727e-07,0,0,False,nan|RHPA4259.7,1313992
130_bNAb_Combinations|1313992|cc|5|1|RHPA4259.7|5371,0,0.139405,9.054e-10,-0.114732,0.188081,0,0,0,1.649e-07,-1.55431e-15,-3.05415e-08,7.11679e-07,0,0,False,nan|RHPA4259.7,1313992
130_bNAb_Combinations|1313992|cc|6|1|RHPA4259.7|5371,0,-0.154839,2.90766e-10,0.0710963,-0.0773058,0,0,0,1.549e-08,2.44249e-15,-5.12045e-08,-2.7171e-07,0,0,False,nan|RHPA4259.7,1313992
130_bNAb_Combinations|1313992|cc|7|1|RHPA4259.7|5371,0,0.184377,-4.81794e-09,0.13753,0.97221,0,0,0,-1.16966e-07,1.9984e-15,7.15822e-08,4.09574e-07,0,0,False,nan|RHPA4259.7,1313992
130_bNAb_Combinations|1313992|cc|8|1|RHPA4259.7|5371,0,0.160561,-9.11242e-09,0.0290716,-0.278438,0,0,0,-5.34129e-07,1.11022e-15,1.14183e-08,8.00118e-07,0,0,False,nan|RHPA4259.7,1313992
130_bNAb_Combinations|1313992|sample|10|RHPA4259.7|5371,0,-10.813,-2.67772e-09,0.433759,10.5973,0,0,0,-6.93854,3.10862e-15,0.60696,9.53383,0,0,True,PGT121|RHPA4259.7,1313992
130_bNAb_Combinations|1313992|sample|11|RHPA4259.7|5371,0,-9.51352,3.29809e-09,0.554133,11.9774,0,0,0,-7.49385,-2.68674e-14,1.19985,7.08464,0,0,True,VRC07-523LS|RHPA4259.7,1313992
130_bNAb_Combinations|1313992|sample|12|RHPA4259.7|5371,0,-11.9889,1.01668e-08,0.80181,7.66085,0,0,0,-7.74043,-3.55271e-15,0.594097,8.61176,0,0,True,VRC07-523LS|RHPA4259.7,1313992
130_bNAb_Combinations|1313992|sample|3|RHPA4259.7|5371,0,-3.90966,1.85712e-09,-0.805975,7.77671,0,0,0,-4.97409,-3.9968e-15,0.44797,1.16349,0,0,True,PGDM1400|RHPA4259.7,1313992
130_bNAb_Combinations|1313992|sample|4|RHPA4259.7|5371,0,-3.85547,-7.8815e-10,-1.12342,9.98698,0,0,0,-5.15487,-3.33067e-15,0.520561,1.06838,0,0,True,PGDM1400|RHPA4259.7,1313992
130_bNAb_Combinations|1313992|sample|5|RHPA4259.7|5371,0,-5.32667,1.46768e-08,-1.24769,8.67243,0,0,0,-6.76462,-1.46549e-14,1.00017,0.848742,0,0,True,PGDM1400|RHPA4259.7,1313992
130_bNAb_Combinations|1313992|sample|6|RHPA4259.7|5371,0,-9.01204,-3.12866e-09,-0.282256,5.01639,0,0,0,-7.67346,-4.66294e-15,1.11485,0.782848,0,0,True,PGDM1400|RHPA4259.7,1313992
130_bNAb_Combinations|1313992|sample|7|RHPA4259.7|5371,0,-8.36062,8.47812e-10,0.506784,10.1416,0,0,0,-6.23365,1.95399e-14,0.524124,10.0657,0,0,True,PGT121|RHPA4259.7,1313992
130_bNAb_Combinations|1313992|sample|8|RHPA4259.7|5371,0,-11.6407,-6.07246e-09,0.218723,11.2455,0,0,0,-7.06688,4.65183e-14,0.289023,10.56,0,0,True,PGT121|RHPA4259.7,1313992
130_bNAb_Combinations|1313992|sample|9|RHPA4259.7|5371,0,-11.3498,-3.9714e-09,0.243669,12.577,0,0,0,-7.35777,3.43059e-14,0.326695,11.2638,0,0,True,PGT121|RHPA4259.7,1313992
130_bNAb_Combinations|1313992|vc|1|2|RHPA4259.7|5371,0,0.347596,1.73845e-09,0.105332,-0.513498,0,0,0,-1.62171e-07,3.77476e-15,2.49301e-08,-1.48049e-07,0,0,False,nan|RHPA4259.7,1313992
130_bNAb_Combinations|1313992|vc|2|2|RHPA4259.7|5371,0,-0.584083,3.60957e-09,0.162199,-0.480266,0,0,0,-1.01163e-08,3.33067e-15,1.12408e-07,-1.03697e-06,0,0,False,nan|RHPA4259.7,1313992
130_bNAb_Combinations|1313992|vc|3|2|RHPA4259.7|5371,0,1.16654,2.67222e-09,-0.0626375,0.152518,0,0,0,-5.35262e-07,8.88178e-16,3.61021e-08,-9.53866e-07,0,0,False,nan|RHPA4259.7,1313992
130_bNAb_Combinations|1313992|vc|4|2|RHPA4259.7|5371,0,-0.558972,3.45023e-09,0.0868278,-0.0717147,0,0,0,4.5681e-07,-1.9984e-15,-5.73109e-08,-5.40572e-08,0,0,False,nan|RHPA4259.7,1313992
130_bNAb_Combinations|1313992|vc|5|2|RHPA4259.7|5371,0,-0.160661,-3.0055e-09,0.0410621,0.372514,0,0,0,7.155e-07,6.66134e-16,-8.31275e-08,-2.32884e-07,0,0,False,nan|RHPA4259.7,1313992
130_bNAb_Combinations|1313992|vc|6|2|RHPA4259.7|5371,0,-1.12388,3.76035e-09,-0.19887,-1.48149,0,0,0,3.29098e-07,2.22045e-16,-6.54841e-08,1.26831e-07,0,0,False,nan|RHPA4259.7,1313992
130_bNAb_Combinations|1313992|vc|7|2|RHPA4259.7|5371,0,0.371121,-6.02285e-09,-0.15728,0.358475,0,0,0,-2.10999e-07,-2.44249e-15,5.09989e-08,8.4479e-07,0,0,False,nan|RHPA4259.7,1313992
130_bNAb_Combinations|1313992|vc|8|2|RHPA4259.7|5371,0,-0.0766405,4.52518e-10,-0.0375168,0.993495,0,0,0,-1.51829e-07,-1.11022e-15,-1.09468e-07,5.38112e-08,0,0,False,nan|RHPA4259.7,1313992
130_bNAb_Combinations|1314016|cc|1|1|nan|3430,0,-0.081249,1.00713e-09,-0.155307,1.26032,0,0,0,6.74602e-07,2.44249e-15,1.64675e-08,-6.38706e-07,0,0,False,nan|3430,1314016
130_bNAb_Combinations|1314016|cc|2|1|nan|3430,0,0.707596,3.25704e-09,-0.00424811,0.538807,0,0,0,-1.57481e-07,-4.66294e-15,-1.3658e-07,1.08996e-07,0,0,False,nan|3430,1314016
130_bNAb_Combinations|1314016|cc|3|1|nan|3430,0,0.2077,2.26753e-09,0.0299993,0.2117,0,0,0,-4.68988e-07,2.22045e-16,4.57595e-08,-2.06788e-07,0,0,False,nan|3430,1314016
130_bNAb_Combinations|1314016|cc|4|1|nan|3430,0,0.702778,-4.67521e-09,-0.18162,0.891345,0,0,0,6.72585e-08,2.88658e-15,-5.4083e-08,1.75678e-07,0,0,False,nan|3430,1314016
130_bNAb_Combinations|1314016|cc|5|1|nan|3430,0,-1.33764,8.84045e-09,-0.100195,0.288107,0,0,0,-5.74416e-07,2.22045e-16,1.19163e-07,-3.84659e-07,0,0,False,nan|3430,1314016
130_bNAb_Combinations|1314016|cc|6|1|nan|3430,0,-0.103132,-2.50878e-10,-0.138644,-0.689004,0,0,0,-3.11511e-07,-1.9984e-15,-5.17883e-08,-4.93818e-08,0,0,False,nan|3430,1314016
130_bNAb_Combinations|1314016|cc|7|1|nan|3430,0,0.186097,3.90426e-09,-0.124878,0.649667,0,0,0,2.34863e-07,-1.11022e-15,9.73897e-08,2.4068e-07,0,0,False,nan|3430,1314016
130_bNAb_Combinations|1314016|cc|8|1|nan|3430,0,-0.222381,4.24517e-11,0.158668,1.78147,0,0,0,2.28106e-07,0,9.16335e-08,5.68667e-07,0,0,False,nan|3430,1314016
130_bNAb_Combinations|1314016|sample|10|nan|3430,0,-4.64346,1.30785e-09,-1.82847,12.3107,0,0,0,-4.60785,4.68514e-14,-0.722205,7.5846,0,0,True,PGT121|3430,1314016
130_bNAb_Combinations|1314016|sample|11|nan|3430,0,-10.3065,-1.62091e-09,0.442045,7.42591,0,0,0,-6.68471,-8.99281e-15,0.487059,6.63924,0,0,True,VRC07-523LS|3430,1314016
130_bNAb_Combinations|1314016|sample|12|nan|3430,0,-11.185,5.30098e-09,-0.0891003,9.70653,0,0,0,-7.17393,2.03171e-14,-0.0614948,9.53884,0,0,True,VRC07-523LS|3430,1314016
130_bNAb_Combinations|1314016|sample|3|nan|3430,0,-4.66075,8.04278e-09,1.62426,11.6538,0,0,0,-4.58964,5.93969e-14,1.33005,13.7138,0,0,True,PGDM1400|3430,1314016
130_bNAb_Combinations|1314016|sample|4|nan|3430,0,-4.90078,3.44797e-09,1.31865,13.6266,0,0,0,-4.84899,9.78106e-14,1.14801,14.5722,0,0,True,PGDM1400|3430,1314016
130_bNAb_Combinations|1314016|sample|5|nan|3430,0,-4.59726,-8.74552e-09,2.63055,7.18048,0,0,0,-4.49017,-4.88498e-15,2.15864,9.0956,0,0,True,PGDM1400|3430,1314016
130_bNAb_Combinations|1314016|sample|6|nan|3430,0,-4.73225,7.66376e-09,1.21931,15.6101,0,0,0,-4.77526,-3.51941e-14,3.1114,5.56716,0,0,True,PGDM1400|3430,1314016
130_bNAb_Combinations|1314016|sample|7|nan|3430,0,-5.19455,4.43549e-10,-0.693873,6.56729,0,0,0,-4.91997,1.14575e-13,-1.55733,9.46516,0,0,True,PGT121|3430,1314016
130_bNAb_Combinations|1314016|sample|8|nan|3430,0,-4.4397,4.57739e-09,-1.775,10.4315,0,0,0,-4.68239,4.9738e-14,-0.881099,6.99596,0,0,True,PGT121|3430,1314016
130_bNAb_Combinations|1314016|sample|9|nan|3430,0,-4.8548,9.54602e-09,-0.866845,7.68192,0,0,0,-5.14794,1.68754e-14,0.553283,4.2429,0,0,True,PGT121|3430,1314016
130_bNAb_Combinations|1314016|vc|1|2|nan|3430,0,0.208461,3.88523e-09,-0.256704,-0.245933,0,0,0,-9.21493e-08,1.77636e-15,-8.61726e-08,-2.16257e-10,0,0,False,nan|3430,1314016
130_bNAb_Combinations|1314016|vc|2|2|nan|3430,0,-0.495798,3.99192e-09,-0.0821929,-1.11208,0,0,0,-3.60638e-07,-2.22045e-16,3.59216e-08,2.24476e-07,0,0,False,nan|3430,1314016
130_bNAb_Combinations|1314016|vc|3|2|nan|3430,0,0.144167,4.06453e-10,-0.0454635,0.843822,0,0,0,-1.30984e-07,-3.33067e-15,-1.46337e-08,3.01206e-07,0,0,False,nan|3430,1314016
130_bNAb_Combinations|1314016|vc|4|2|nan|3430,0,-0.494901,4.39171e-09,0.0600411,-0.768984,0,0,0,-4.44716e-07,1.11022e-15,1.1753e-07,-9.74279e-08,0,0,False,nan|3430,1314016
130_bNAb_Combinations|1314016|vc|5|2|nan|3430,0,-0.460465,-6.28733e-09,-0.171694,1.16611,0,0,0,-3.26901e-07,-1.11022e-15,-1.21874e-07,-1.13977e-06,0,0,False,nan|3430,1314016
130_bNAb_Combinations|1314016|vc|6|2|nan|3430,0,0.244041,-1.44867e-09,-0.129403,1.59653,0,0,0,1.23892e-07,2.44249e-15,1.47701e-08,-4.57556e-07,0,0,False,nan|3430,1314016
130_bNAb_Combinations|1314016|vc|7|2|nan|3430,0,-0.125335,-5.74003e-09,-0.0923091,0.276354,0,0,0,2.08138e-07,-1.55431e-15,5.15541e-08,-1.00121e-06,0,0,False,nan|3430,1314016
130_bNAb_Combinations|1314016|vc|8|2|nan|3430,0,-0.256102,-7.63533e-10,-0.08845,1.11643,0,0,0,-2.52582e-07,1.11022e-15,-7.34137e-08,9.30819e-07,0,0,False,nan|3430,1314016
130_bNAb_Combinations|1314040|cc|1|1|nan|4166,0,1.12684,6.40135e-10,0.099857,0.737548,0,0,0,-2.76707e-07,2.66454e-15,4.74244e-08,-1.64375e-07,0,0,False,nan|4166,1314040
130_bNAb_Combinations|1314040|cc|2|1|nan|4166,0,1.14536,1.12279e-09,0.0348916,0.687873,0,0,0,-4.14201e-07,0,-4.92837e-08,-4.34275e-07,0,0,False,nan|4166,1314040
130_bNAb_Combinations|1314040|cc|3|1|nan|4166,0,0.181247,5.03081e-09,-0.0950659,0.987433,0,0,0,-2.78118e-07,-8.88178e-16,-4.26282e-08,-2.85055e-07,0,0,False,nan|4166,1314040
130_bNAb_Combinations|1314040|cc|4|1|nan|4166,0,-0.128375,-4.87431e-09,-0.0739117,-0.881285,0,0,0,-4.23362e-07,1.33227e-15,-2.1132e-08,-2.9503e-07,0,0,False,nan|4166,1314040
130_bNAb_Combinations|1314040|cc|5|1|nan|4166,0,0.0219714,8.60689e-10,0.0990817,1.09559,0,0,0,-3.33578e-07,-1.77636e-15,-1.89371e-08,3.85925e-07,0,0,False,nan|4166,1314040
130_bNAb_Combinations|1314040|cc|6|1|nan|4166,0,-0.549572,7.06775e-10,-0.0380933,-0.0067037,0,0,0,2.18426e-08,-8.88178e-16,-1.40423e-07,-3.48121e-07,0,0,False,nan|4166,1314040
130_bNAb_Combinations|1314040|cc|7|1|nan|4166,0,0.590979,6.78949e-09,-0.155717,0.203027,0,0,0,-7.14612e-07,0,9.54627e-09,1.46365e-07,0,0,False,nan|4166,1314040
130_bNAb_Combinations|1314040|cc|8|1|nan|4166,0,0.475304,5.84112e-09,-0.0771253,-0.0755409,0,0,0,6.16308e-08,2.66454e-15,-1.02561e-07,3.69053e-07,0,0,False,nan|4166,1314040
130_bNAb_Combinations|1314040|sample|10|nan|4166,0,-8.80675,-7.26289e-09,1.11142,16.8561,0,0,0,-6.73439,-5.44009e-15,1.84706,9.12335,0,0,True,PGT121|4166,1314040
130_bNAb_Combinations|1314040|sample|11|nan|4166,0,-10.8814,3.47253e-09,-0.219338,17.8386,0,0,0,-6.91648,1.77636e-14,0.770571,9.43214,0,0,True,VRC07-523LS|4166,1314040
130_bNAb_Combinations|1314040|sample|12|nan|4166,0,-10.2256,-2.23178e-10,0.881667,10.9615,0,0,0,-6.78249,-1.56541e-14,1.62893,6.19319,0,0,True,VRC07-523LS|4166,1314040
130_bNAb_Combinations|1314040|sample|3|nan|4166,0,-4.57569,-8.64503e-10,0.0759256,20.565,0,0,0,-4.70619,2.12053e-14,1.20051,9.99867,0,0,True,PGDM1400|4166,1314040
130_bNAb_Combinations|1314040|sample|4|nan|4166,0,-4.5491,-3.50736e-09,0.96137,9.55423,0,0,0,-4.6027,3.19744e-14,1.80411,6.0733,0,0,True,PGDM1400|4166,1314040
130_bNAb_Combinations|1314040|sample|5|nan|4166,0,-4.55142,-4.80768e-09,0.564255,14.5274,0,0,0,-4.56141,2.19824e-14,1.31406,9.27994,0,0,True,PGDM1400|4166,1314040
130_bNAb_Combinations|1314040|sample|6|nan|4166,0,-4.58828,1.16162e-08,0.893675,11.0538,0,0,0,-4.64552,3.58602e-14,1.18505,9.59837,0,0,True,PGDM1400|4166,1314040
130_bNAb_Combinations|1314040|sample|7|nan|4166,0,-9.508,4.45044e-10,1.56973,9.19127,0,0,0,-6.38768,1.33227e-15,1.73484,8.08183,0,0,True,PGT121|4166,1314040
130_bNAb_Combinations|1314040|sample|8|nan|4166,0,-7.42969,-2.74094e-09,1.65654,8.84344,0,0,0,-6.16298,6.66134e-16,1.9345,6.61872,0,0,True,PGT121|4166,1314040
130_bNAb_Combinations|1314040|sample|9|nan|4166,0,-9.18303,-4.4831e-10,1.12091,12.8433,0,0,0,-6.6125,-1.55431e-15,2.00062,6.70685,0,0,True,PGT121|4166,1314040
130_bNAb_Combinations|1314040|vc|1|2|nan|4166,0,0.555908,5.78797e-10,0.0667727,-0.570837,0,0,0,2.64488e-07,0,3.9458e-10,3.26416e-08,0,0,False,nan|4166,1314040
130_bNAb_Combinations|1314040|vc|2|2|nan|4166,0,0.221622,1.39704e-09,0.00827709,0.0695148,0,0,0,-3.91607e-07,-1.33227e-15,9.75165e-08,-5.39793e-07,0,0,False,nan|4166,1314040
130_bNAb_Combinations|1314040|vc|3|2|nan|4166,0,-0.821355,-9.06304e-12,0.0413066,-0.46013,0,0,0,-2.01999e-07,2.22045e-15,7.62903e-08,3.04839e-07,0,0,False,nan|4166,1314040
130_bNAb_Combinations|1314040|vc|4|2|nan|4166,0,-0.202722,-4.83017e-09,-0.0175809,0.28775,0,0,0,-2.01605e-08,4.44089e-16,8.04356e-08,7.23865e-07,0,0,False,nan|4166,1314040
130_bNAb_Combinations|1314040|vc|5|2|nan|4166,0,-0.648684,3.03894e-09,0.012253,0.980034,0,0,0,-2.14936e-07,-4.44089e-15,-2.6205e-08,-7.75542e-08,0,0,False,nan|4166,1314040
130_bNAb_Combinations|1314040|vc|6|2|nan|4166,0,0.0322262,2.50135e-09,0.12869,-1.22867,0,0,0,2.1217e-07,-1.33227e-15,1.84345e-09,-7.26552e-08,0,0,False,nan|4166,1314040
130_bNAb_Combinations|1314040|vc|7|2|nan|4166,0,0.306274,1.43415e-09,-0.0846231,0.875812,0,0,0,-1.55041e-07,-1.33227e-15,1.38765e-07,1.01349e-07,0,0,False,nan|4166,1314040
130_bNAb_Combinations|1314040|vc|8|2|nan|4166,0,-0.784655,5.94243e-09,0.0216851,1.7134,0,0,0,-8.95829e-08,-2.66454e-15,-5.81475e-08,1.00528e-07,0,0,False,nan|4166,1314040
130_bNAb_Combinations|1314058|cc|1|1|nan|2944,0,-0.791481,1.74218e-09,-0.0153156,1.02102,0,0,0,-1.5406e-08,-2.22045e-16,1.07057e-07,-3.7282e-07,0,0,False,nan|2944,1314058
130_bNAb_Combinations|1314058|cc|2|1|nan|2944,0,0.371886,-4.32508e-09,0.286396,0.289618,0,0,0,1.8164e-07,-1.11022e-15,-2.88188e-08,2.23026e-07,0,0,False,nan|2944,1314058
130_bNAb_Combinations|1314058|cc|3|1|nan|2944,0,-0.343811,2.25892e-09,0.244681,1.84177,0,0,0,-1.60981e-07,-6.66134e-16,1.70476e-09,4.44657e-08,0,0,False,nan|2944,1314058
130_bNAb_Combinations|1314058|cc|4|1|nan|2944,0,0.259094,-3.88648e-09,-0.294005,1.2413,0,0,0,-1.15263e-07,-2.22045e-16,4.11349e-08,2.30755e-07,0,0,False,nan|2944,1314058
130_bNAb_Combinations|1314058|cc|5|1|nan|2944,0,-0.177654,-3.16929e-09,-0.170052,-0.184291,0,0,0,-2.26867e-07,-4.88498e-15,1.59526e-08,2.5699e-07,0,0,False,nan|2944,1314058
130_bNAb_Combinations|1314058|cc|6|1|nan|2944,0,-0.687278,3.68265e-09,0.0134491,1.46738,0,0,0,7.33065e-08,-1.33227e-15,-1.46792e-07,-5.21429e-07,0,0,False,nan|2944,1314058
130_bNAb_Combinations|1314058|cc|7|1|nan|2944,0,0.34898,-8.9963e-09,-0.16192,-0.883357,0,0,0,6.88433e-08,1.33227e-15,6.23619e-08,-4.10944e-07,0,0,False,nan|2944,1314058
130_bNAb_Combinations|1314058|cc|8|1|nan|2944,0,0.275295,1.4683e-09,0.0641297,0.117275,0,0,0,7.64117e-07,-2.44249e-15,6.80722e-08,5.85407e-08,0,0,False,nan|2944,1314058
130_bNAb_Combinations|1314058|sample|10|nan|2944,0,-8.15897,-4.20944e-09,1.42141,10.1109,0,0,0,-6.115,1.22125e-14,1.69349,8.36234,0,0,True,PGT121|2944,1314058
130_bNAb_Combinations|1314058|sample|11|nan|2944,0,-10.582,-1.5206e-08,-1.29509,13.2661,0,0,0,-7.12338,4.9849e-14,-0.861669,9.93439,0,0,True,VRC07-523LS|2944,1314058
130_bNAb_Combinations|1314058|sample|12|nan|2944,0,-11.3451,7.40672e-10,-1.63993,15.432,0,0,0,-7.21048,1.65423e-14,-0.209383,6.53943,0,0,True,VRC07-523LS|2944,1314058
130_bNAb_Combinations|1314058|sample|3|nan|2944,0,-5.12803,4.86967e-09,2.04418,13.534,0,0,0,-5.2162,9.12603e-14,1.68063,16.3831,0,0,True,PGDM1400|2944,1314058
130_bNAb_Combinations|1314058|sample|4|nan|2944,0,-5.15319,1.39722e-08,1.60163,17.4013,0,0,0,-5.20188,3.10862e-15,2.3516,10.7059,0,0,True,PGDM1400|2944,1314058
130_bNAb_Combinations|1314058|sample|5|nan|2944,0,-5.27229,-2.80198e-09,2.95932,8.96336,0,0,0,-5.1886,-3.73035e-14,2.69555,10.2536,0,0,True,PGDM1400|2944,1314058
130_bNAb_Combinations|1314058|sample|6|nan|2944,0,-5.36992,2.75367e-09,2.96409,10.359,0,0,0,-5.31201,-1.23235e-14,2.55512,12.9389,0,0,True,PGDM1400|2944,1314058
130_bNAb_Combinations|1314058|sample|7|nan|2944,0,-5.17336,-2.19639e-09,1.32142,11.7029,0,0,0,-5.64396,-2.35367e-14,3.18321,3.07844,0,0,True,PGT121|2944,1314058
130_bNAb_Combinations|1314058|sample|8|nan|2944,0,-6.61031,-9.07384e-09,2.11782,5.63985,0,0,0,-5.84411,3.10862e-15,1.27383,10.3181,0,0,True,PGT121|2944,1314058
130_bNAb_Combinations|1314058|sample|9|nan|2944,0,-6.87755,-5.9785e-09,1.53138,10.3949,0,0,0,-5.79471,5.9952e-15,1.5716,9.95453,0,0,True,PGT121|2944,1314058
130_bNAb_Combinations|1314058|vc|1|2|nan|2944,0,0.713096,3.02714e-09,0.073739,-1.01966,0,0,0,-7.76298e-07,-2.88658e-15,4.99916e-08,-5.36791e-07,0,0,False,nan|2944,1314058
130_bNAb_Combinations|1314058|vc|2|2|nan|2944,0,-0.769443,4.632e-09,0.181238,0.00732283,0,0,0,-7.9661e-08,2.22045e-16,-1.47278e-07,1.71441e-07,0,0,False,nan|2944,1314058
130_bNAb_Combinations|1314058|vc|3|2|nan|2944,0,0.090465,2.05156e-09,-0.00148193,0.399415,0,0,0,2.83251e-07,-3.77476e-15,-7.42188e-08,-3.26472e-07,0,0,False,nan|2944,1314058
130_bNAb_Combinations|1314058|vc|4|2|nan|2944,0,0.484029,6.89701e-09,0.0373961,0.236534,0,0,0,-2.28863e-07,-6.66134e-16,-2.69836e-08,-6.45622e-08,0,0,False,nan|2944,1314058
130_bNAb_Combinations|1314058|vc|5|2|nan|2944,0,-0.00429209,3.48475e-09,-0.156499,0.676525,0,0,0,-3.37661e-08,-2.88658e-15,-4.74107e-08,3.76528e-07,0,0,False,nan|2944,1314058
130_bNAb_Combinations|1314058|vc|6|2|nan|2944,0,-0.489338,-3.07425e-09,0.164793,0.313645,0,0,0,-4.51198e-07,0,2.2911e-07,-6.06627e-08,0,0,False,nan|2944,1314058
130_bNAb_Combinations|1314058|vc|7|2|nan|2944,0,-0.63266,7.77614e-10,0.0288267,-0.191119,0,0,0,6.57503e-08,-2.66454e-15,-7.4566e-09,-1.43238e-08,0,0,False,nan|2944,1314058
130_bNAb_Combinations|1314058|vc|8|2|nan|2944,0,0.356703,1.84367e-09,0.0575495,0.595257,0,0,0,-5.62741e-07,-6.66134e-16,-1.55955e-08,8.57992e-08,0,0,False,nan|2944,1314058
130_bNAb_Combinations|1342240|cc|1|1|nan|1798,0,0.844771,-1.70551e-09,-0.186542,-0.745492,0,0,0,4.57069e-08,-4.44089e-15,7.17697e-08,4.15683e-07,0,0,False,nan|1798,1342240
130_bNAb_Combinations|1342240|cc|2|1|nan|1798,0,-0.031971,-4.14804e-09,-0.00668362,-0.501961,0,0,0,3.66066e-07,-8.88178e-16,3.44433e-08,1.72949e-07,0,0,False,nan|1798,1342240
130_bNAb_Combinations|1342240|cc|3|1|nan|1798,0,-0.592088,1.50137e-10,-0.00303157,0.890292,0,0,0,1.94993e-07,7.32747e-15,-6.90519e-08,-2.65967e-08,0,0,False,nan|1798,1342240
130_bNAb_Combinations|1342240|cc|4|1|nan|1798,0,-0.427498,9.44105e-09,-0.0691293,0.314794,0,0,0,6.12646e-07,1.11022e-15,1.98723e-07,-4.14836e-07,0,0,False,nan|1798,1342240
130_bNAb_Combinations|1342240|cc|5|1|nan|1798,0,-1.94261,-8.47988e-10,0.00672953,-1.30712,0,0,0,-4.9769e-07,-4.88498e-15,-1.16797e-07,-1.76621e-06,0,0,False,nan|1798,1342240
130_bNAb_Combinations|1342240|cc|6|1|nan|1798,0,-0.050645,-2.15052e-09,0.0535981,-0.988701,0,0,0,5.55002e-08,1.33227e-15,-1.008e-07,1.60668e-07,0,0,False,nan|1798,1342240
130_bNAb_Combinations|1342240|cc|7|1|nan|1798,0,0.0767929,4.34826e-09,0.021221,0.952165,0,0,0,3.58035e-07,-4.44089e-16,6.59617e-08,-5.4741e-08,0,0,False,nan|1798,1342240
130_bNAb_Combinations|1342240|cc|8|1|nan|1798,0,-0.306636,-1.66705e-09,-0.104211,0.466561,0,0,0,-3.98755e-08,5.10703e-15,2.21956e-09,4.79319e-07,0,0,False,nan|1798,1342240
130_bNAb_Combinations|1342240|sample|3|nan|1798,0,-11.1485,8.23791e-09,-2.2013,12.3391,0,0,0,-6.82698,2.52021e-14,-1.4123,6.21527,0,0,True,VRC07-523LS|1798,1342240
130_bNAb_Combinations|1342240|sample|4|nan|1798,0,-11.4519,1.05812e-09,-2.1586,11.4581,0,0,0,-7.63608,2.86438e-14,-1.46234,6.62666,0,0,True,VRC07-523LS|1798,1342240
130_bNAb_Combinations|1342240|sample|8|nan|1798,0,-9.99116,6.34866e-10,0.073647,11.8383,0,0,0,-7.04557,-8.77076e-15,0.0826673,3.35979,0,0,True,VRC07-523LS|1798,1342240
130_bNAb_Combinations|1342240|vc|1|2|nan|1798,0,0.682886,1.31734e-10,-0.0778588,-0.0165469,0,0,0,-1.66652e-07,-8.88178e-16,4.65792e-08,-4.8822e-08,0,0,False,nan|1798,1342240
130_bNAb_Combinations|1342240|vc|2|2|nan|1798,0,0.317632,4.75276e-09,0.0610682,-1.01633,0,0,0,2.3514e-07,8.88178e-16,2.07256e-08,-1.00225e-08,0,0,False,nan|1798,1342240
130_bNAb_Combinations|1342240|vc|3|2|nan|1798,0,0.223866,5.35307e-09,-0.0221104,-0.59876,0,0,0,2.50174e-07,1.77636e-15,-7.25294e-08,-1.77591e-07,0,0,False,nan|1798,1342240
130_bNAb_Combinations|1342240|vc|4|2|nan|1798,0,0.485306,-1.96552e-09,0.0139575,-0.981698,0,0,0,-1.55712e-07,-8.88178e-16,9.22094e-08,-1.11989e-07,0,0,False,nan|1798,1342240
130_bNAb_Combinations|1342240|vc|5|2|nan|1798,0,0.129119,-1.5534e-09,-0.13879,-0.862644,0,0,0,2.94638e-07,-1.77636e-15,6.96041e-08,-2.78999e-07,0,0,False,nan|1798,1342240
130_bNAb_Combinations|1342240|vc|6|2|nan|1798,0,1.05761,-1.92524e-09,-0.200592,-1.03325,0,0,0,-4.42014e-07,2.22045e-16,-7.59892e-08,1.72516e-07,0,0,False,nan|1798,1342240
130_bNAb_Combinations|1342240|vc|7|2|nan|1798,0,-0.7654,-1.98367e-09,-0.0156037,0.475935,0,0,0,-2.61293e-07,8.88178e-16,2.47098e-08,-3.34657e-07,0,0,False,nan|1798,1342240
130_bNAb_Combinations|1342240|vc|8|2|nan|1798,0,-0.17783,1.971e-10,-0.158173,-0.917134,0,0,0,-9.87001e-08,-3.55271e-15,-9.12508e-09,1.02076e-07,0,0,False,nan|1798,1342240
130_bNAb_Combinations|1342258|cc|1|1|TRO.11|8301,0,-0.054656,-2.92471e-09,0.190921,0.953891,0,0,0,-4.27043e-07,8.88178e-16,2.33954e-08,2.23194e-08,0,0,False,nan|TRO.11,1342258
130_bNAb_Combinations|1342258|cc|2|1|TRO.11|8301,0,-0.690147,-4.69817e-09,-0.0138407,0.379934,0,0,0,-2.44098e-07,-1.11022e-15,5.59753e-08,3.57728e-07,0,0,False,nan|TRO.11,1342258
130_bNAb_Combinations|1342258|cc|3|1|TRO.11|8301,0,1.21476,-4.42964e-09,0.14622,-0.899408,0,0,0,-1.41501e-07,-2.22045e-16,7.86122e-08,3.66281e-07,0,0,False,nan|TRO.11,1342258
130_bNAb_Combinations|1342258|cc|4|1|TRO.11|8301,0,-0.731694,7.57968e-10,-0.180077,-0.229244,0,0,0,-4.18945e-07,2.66454e-15,8.26585e-08,1.8602e-07,0,0,False,nan|TRO.11,1342258
130_bNAb_Combinations|1342258|cc|5|1|TRO.11|8301,0,0.502012,2.71031e-09,0.02271,-0.203232,0,0,0,3.17597e-07,-1.77636e-15,-8.63099e-08,5.57203e-08,0,0,False,nan|TRO.11,1342258
130_bNAb_Combinations|1342258|cc|6|1|TRO.11|8301,0,0.501013,-5.89977e-09,0.0711619,0.420468,0,0,0,4.70027e-07,-4.44089e-16,-6.22011e-09,1.15009e-07,0,0,False,nan|TRO.11,1342258
130_bNAb_Combinations|1342258|cc|7|1|TRO.11|8301,0,-0.459159,-2.18274e-09,0.0466648,-0.328401,0,0,0,-3.29878e-07,4.44089e-16,8.25845e-09,-3.91401e-08,0,0,False,nan|TRO.11,1342258
130_bNAb_Combinations|1342258|cc|8|1|TRO.11|8301,0,0.0222107,-2.20644e-09,-0.0105517,-1.52363,0,0,0,-1.21047e-07,1.77636e-15,-8.13352e-08,-1.8329e-07,0,0,False,nan|TRO.11,1342258
130_bNAb_Combinations|1342258|sample|3|TRO.11|8301,0,-12.5368,2.71385e-09,-0.722359,11.3743,0,0,0,-6.87615,1.26565e-14,-0.274541,7.58594,0,0,True,VRC07-523LS|TRO.11,1342258
130_bNAb_Combinations|1342258|sample|4|TRO.11|8301,0,-10.7737,6.05889e-09,-0.127119,8.59828,0,0,0,-6.80515,1.68754e-14,-0.107906,6.29866,0,0,True,VRC07-523LS|TRO.11,1342258
130_bNAb_Combinations|1342258|vc|1|2|TRO.11|8301,0,-0.922757,-7.77705e-10,0.236937,-0.163934,0,0,0,1.33884e-07,-2.22045e-15,3.85176e-08,-3.97511e-07,0,0,False,nan|TRO.11,1342258
130_bNAb_Combinations|1342258|vc|2|2|TRO.11|8301,0,1.2419,-3.25628e-09,0.0176646,0.296834,0,0,0,-6.28496e-08,-2.66454e-15,-1.57341e-08,-3.5288e-07,0,0,False,nan|TRO.11,1342258
130_bNAb_Combinations|1342258|vc|3|2|TRO.11|8301,0,1.43641,-2.01583e-09,0.0728398,-0.428328,0,0,0,2.71901e-07,2.22045e-16,2.78227e-08,-2.10958e-07,0,0,False,nan|TRO.11,1342258
130_bNAb_Combinations|1342258|vc|4|2|TRO.11|8301,0,0.167978,7.81056e-10,0.123543,0.431961,0,0,0,1.61647e-07,8.88178e-16,1.20015e-07,3.69371e-07,0,0,False,nan|TRO.11,1342258
130_bNAb_Combinations|1342258|vc|5|2|TRO.11|8301,0,-0.195146,-5.00862e-09,0.0533023,0.949697,0,0,0,3.01108e-07,2.66454e-15,-1.00581e-07,-6.43354e-07,0,0,False,nan|TRO.11,1342258
130_bNAb_Combinations|1342258|vc|6|2|TRO.11|8301,0,-0.559943,3.53771e-09,-0.28667,1.13771,0,0,0,-2.12469e-09,-1.33227e-15,7.13044e-08,1.11223e-07,0,0,False,nan|TRO.11,1342258
130_bNAb_Combinations|1342258|vc|7|2|TRO.11|8301,0,0.190108,1.05974e-09,0.0236259,0.63827,0,0,0,-1.60414e-08,-4.44089e-16,-4.92534e-08,2.99479e-07,0,0,False,nan|TRO.11,1342258
130_bNAb_Combinations|1342258|vc|8|2|TRO.11|8301,0,0.441447,5.06635e-09,0.0121925,0.90683,0,0,0,5.97527e-07,-2.22045e-16,-8.39899e-10,2.2119e-08,0,0,False,nan|TRO.11,1342258
130_bNAb_Combinations|1342276|cc|1|1|Ce1176_A3|7023,0,-0.193896,-3.9625e-09,-0.027922,0.36388,0,0,0,1.81059e-07,-2.88658e-15,-1.35691e-08,-3.62632e-07,0,0,False,nan|Ce1176_A3,1342276
130_bNAb_Combinations|1342276|cc|2|1|Ce1176_A3|7023,0,-0.430668,2.80356e-09,-0.0257761,-1.54106,0,0,0,-3.03133e-07,-1.77636e-15,4.89489e-08,-7.17847e-07,0,0,False,nan|Ce1176_A3,1342276
130_bNAb_Combinations|1342276|cc|3|1|Ce1176_A3|7023,0,0.432126,-2.70129e-09,-0.0123977,-0.152888,0,0,0,-1.37584e-07,3.55271e-15,-7.30511e-09,1.25558e-06,0,0,False,nan|Ce1176_A3,1342276
130_bNAb_Combinations|1342276|cc|4|1|Ce1176_A3|7023,0,-0.61969,3.56909e-10,0.0663551,-0.0739691,0,0,0,-5.11717e-07,-1.11022e-15,5.05185e-08,-1.49917e-07,0,0,False,nan|Ce1176_A3,1342276
130_bNAb_Combinations|1342276|cc|5|1|Ce1176_A3|7023,0,0.156715,5.61753e-09,0.0035608,-0.252893,0,0,0,-1.50998e-07,2.22045e-15,-1.23817e-07,-3.13542e-07,0,0,False,nan|Ce1176_A3,1342276
130_bNAb_Combinations|1342276|cc|6|1|Ce1176_A3|7023,0,0.903626,3.19767e-09,0.102059,-0.480028,0,0,0,-2.05721e-07,-3.55271e-15,-5.43144e-08,3.91795e-07,0,0,False,nan|Ce1176_A3,1342276
130_bNAb_Combinations|1342276|cc|7|1|Ce1176_A3|7023,0,0.19924,3.97791e-09,-0.0430155,0.157099,0,0,0,4.13371e-08,-2.22045e-15,-4.05681e-08,5.67453e-07,0,0,False,nan|Ce1176_A3,1342276
130_bNAb_Combinations|1342276|cc|8|1|Ce1176_A3|7023,0,-0.934006,-7.86923e-09,0.0326315,-0.872514,0,0,0,2.10585e-07,2.66454e-15,7.0319e-09,-2.18251e-07,0,0,False,nan|Ce1176_A3,1342276
130_bNAb_Combinations|1342276|sample|3|Ce1176_A3|7023,0,-10.3075,4.02955e-09,-2.03035,10.4207,0,0,0,-7.03566,5.12923e-14,-1.76235,8.58445,0,0,True,VRC07-523LS|Ce1176_A3,1342276
130_bNAb_Combinations|1342276|sample|4|Ce1176_A3|7023,0,-12.2385,-3.29475e-09,-1.79324,8.18,0,0,0,-7.58668,2.19824e-14,-1.67519,7.64499,0,0,True,VRC07-523LS|Ce1176_A3,1342276
130_bNAb_Combinations|1342276|vc|1|2|Ce1176_A3|7023,0,0.347974,-6.92534e-10,-0.266783,1.1423,0,0,0,-1.17616e-07,6.66134e-16,-1.68199e-08,-3.80579e-07,0,0,False,nan|Ce1176_A3,1342276
130_bNAb_Combinations|1342276|vc|2|2|Ce1176_A3|7023,0,0.118355,1.98976e-09,0.190846,-0.0646192,0,0,0,1.70235e-07,-4.44089e-16,-1.45783e-08,3.6457e-07,0,0,False,nan|Ce1176_A3,1342276
130_bNAb_Combinations|1342276|vc|3|2|Ce1176_A3|7023,0,-0.493007,-1.74175e-09,0.00753577,-1.47217,0,0,0,4.7986e-09,1.9984e-15,-4.07972e-08,-2.25333e-07,0,0,False,nan|Ce1176_A3,1342276
130_bNAb_Combinations|1342276|vc|4|2|Ce1176_A3|7023,0,0.639943,1.17709e-09,0.0377278,-0.783039,0,0,0,-2.35041e-07,-2.66454e-15,9.57748e-08,-2.20138e-07,0,0,False,nan|Ce1176_A3,1342276
130_bNAb_Combinations|1342276|vc|5|2|Ce1176_A3|7023,0,0.0760071,-2.81944e-09,-0.00746744,-0.551012,0,0,0,2.59392e-07,-4.44089e-16,-4.92951e-08,4.26165e-07,0,0,False,nan|Ce1176_A3,1342276
130_bNAb_Combinations|1342276|vc|6|2|Ce1176_A3|7023,0,-0.177787,2.34864e-09,-0.146467,-0.930076,0,0,0,4.32156e-07,2.22045e-16,1.20779e-07,-1.52091e-07,0,0,False,nan|Ce1176_A3,1342276
130_bNAb_Combinations|1342276|vc|7|2|Ce1176_A3|7023,0,-0.34688,3.55047e-09,0.0204508,-0.338886,0,0,0,4.50659e-07,-4.44089e-16,9.52234e-09,-6.71386e-08,0,0,False,nan|Ce1176_A3,1342276
130_bNAb_Combinations|1342276|vc|8|2|Ce1176_A3|7023,0,-0.805369,-1.84289e-10,0.0408566,-1.4904,0,0,0,3.28769e-07,-6.66134e-16,-7.34266e-08,-7.70034e-07,0,0,False,nan|Ce1176_A3,1342276
130_bNAb_Combinations|1342294|cc|1|1|nan|1176,0,-0.0653633,-3.67914e-09,0.102399,-0.773356,0,0,0,2.15102e-07,-6.66134e-16,-4.50867e-08,1.18607e-08,0,0,False,nan|1176,1342294
130_bNAb_Combinations|1342294|cc|2|1|nan|1176,0,-0.57977,-5.02168e-09,0.0434081,-0.546267,0,0,0,-5.32932e-08,1.11022e-15,1.01737e-07,-1.85059e-07,0,0,False,nan|1176,1342294
130_bNAb_Combinations|1342294|cc|3|1|nan|1176,0,0.399262,-2.42439e-09,0.121609,-0.19631,0,0,0,1.20403e-07,-1.77636e-15,-1.41657e-07,6.54907e-08,0,0,False,nan|1176,1342294
130_bNAb_Combinations|1342294|cc|4|1|nan|1176,0,-0.0580335,3.91593e-10,-0.11837,-1.44369,0,0,0,2.59937e-07,1.33227e-15,4.8845e-08,5.04783e-07,0,0,False,nan|1176,1342294
130_bNAb_Combinations|1342294|cc|5|1|nan|1176,0,-1.3126,5.35779e-09,0.118593,-0.00412676,0,0,0,3.69883e-07,-5.10703e-15,1.09721e-08,-2.59459e-07,0,0,False,nan|1176,1342294
130_bNAb_Combinations|1342294|cc|6|1|nan|1176,0,-0.295455,2.80702e-09,-0.0253489,-1.02838,0,0,0,-3.09649e-07,1.55431e-15,-8.55289e-08,1.34161e-08,0,0,False,nan|1176,1342294
130_bNAb_Combinations|1342294|cc|7|1|nan|1176,0,-1.29511,-4.14061e-09,-3.32051e-06,-0.179835,0,0,0,7.2499e-07,-2.22045e-16,-6.48807e-06,4.44571e-08,0,0,False,nan|1176,1342294
130_bNAb_Combinations|1342294|cc|8|1|nan|1176,0,-0.339359,-2.17951e-09,0.214223,-0.279606,0,0,0,1.09827e-07,2.88658e-15,1.6883e-07,3.35278e-07,0,0,False,nan|1176,1342294
130_bNAb_Combinations|1342294|sample|3|nan|1176,0,-5.1595,-5.38275e-09,-0.238331,10.377,0,0,0,-5.19517,1.76525e-14,0.317449,6.4475,0,0,True,VRC07-523LS|1176,1342294
130_bNAb_Combinations|1342294|sample|4|nan|1176,0,-5.30334,-2.15502e-09,-0.536858,9.86798,0,0,0,-5.38963,6.62803e-14,-0.636943,10.3393,0,0,True,VRC07-523LS|1176,1342294
130_bNAb_Combinations|1342294|sample|8|nan|1176,0,-5.35564,-1.00586e-08,-0.0795999,7.86226,0,0,0,-4.84027,-1.06581e-14,0.0635217,3.09192,0,0,True,VRC07-523LS|1176,1342294
130_bNAb_Combinations|1342294|vc|1|2|nan|1176,0,-0.0900114,3.21575e-09,0.0267204,0.449327,0,0,0,5.12956e-07,6.66134e-16,-1.10231e-07,-3.00557e-07,0,0,False,nan|1176,1342294
130_bNAb_Combinations|1342294|vc|2|2|nan|1176,0,-0.758676,-3.23091e-09,-0.0737282,-0.870107,0,0,0,4.99467e-08,3.77476e-15,1.18025e-07,-4.6969e-07,0,0,False,nan|1176,1342294
130_bNAb_Combinations|1342294|vc|3|2|nan|1176,0,0.369827,-1.0046e-08,-0.00962038,-1.15538,0,0,0,-3.81859e-07,3.77476e-15,-3.95907e-08,2.7112e-07,0,0,False,nan|1176,1342294
130_bNAb_Combinations|1342294|vc|4|2|nan|1176,0,-0.20312,-4.03847e-09,-0.12488,0.134128,0,0,0,-4.60866e-07,-1.11022e-15,2.84168e-08,3.86817e-07,0,0,False,nan|1176,1342294
130_bNAb_Combinations|1342294|vc|5|2|nan|1176,0,-0.317701,-4.18961e-09,-0.130815,-0.569169,0,0,0,-1.92917e-07,-1.33227e-15,7.56609e-08,-2.417e-07,0,0,False,nan|1176,1342294
130_bNAb_Combinations|1342294|vc|6|2|nan|1176,0,-0.512747,7.93457e-09,-0.00749845,-0.686191,0,0,0,1.11901e-06,6.43929e-15,4.72097e-07,-8.24907e-07,0,0,False,nan|1176,1342294
130_bNAb_Combinations|1342294|vc|7|2|nan|1176,0,0.694748,-3.09569e-09,0.0109089,-0.877693,0,0,0,-3.55436e-07,2.22045e-15,-2.85238e-08,-1.94398e-07,0,0,False,nan|1176,1342294
130_bNAb_Combinations|1342294|vc|8|2|nan|1176,0,-0.468659,1.51946e-09,-0.174973,1.61364,0,0,0,-9.5791e-07,-4.44089e-16,-8.0897e-08,-5.09637e-07,0,0,False,nan|1176,1342294
130_bNAb_Combinations|1342312|cc|1|1|RHPA4259.7|5371,0,1.43704,6.19003e-09,-0.060841,0.913053,0,0,0,-7.71369e-08,1.33227e-15,5.61568e-08,-1.60563e-07,0,0,False,nan|RHPA4259.7,1342312
130_bNAb_Combinations|1342312|cc|2|1|RHPA4259.7|5371,0,0.846803,-2.10889e-09,-0.0366216,-0.944543,0,0,0,-4.70637e-08,-2.22045e-16,2.67784e-08,6.39422e-07,0,0,False,nan|RHPA4259.7,1342312
130_bNAb_Combinations|1342312|cc|3|1|RHPA4259.7|5371,0,0.456002,-4.05701e-09,-0.129739,-0.25927,0,0,0,3.34788e-07,-2.88658e-15,-9.11795e-08,-1.76291e-07,0,0,False,nan|RHPA4259.7,1342312
130_bNAb_Combinations|1342312|cc|4|1|RHPA4259.7|5371,0,0.00782126,-2.58189e-09,-9.26468e-05,-0.976867,0,0,0,1.67373e-05,-2.44249e-15,-0.000169407,3.23504e-08,0,0,False,nan|RHPA4259.7,1342312
130_bNAb_Combinations|1342312|cc|5|1|RHPA4259.7|5371,0,-1.04013,-1.38422e-09,-0.0872672,-0.60584,0,0,0,4.77462e-07,-1.9984e-15,7.66318e-08,6.54669e-08,0,0,False,nan|RHPA4259.7,1342312
130_bNAb_Combinations|1342312|cc|6|1|RHPA4259.7|5371,0,-1.04182,6.72843e-09,0.211561,0.613284,0,0,0,-9.86491e-08,2.22045e-16,-2.37583e-09,3.90643e-07,0,0,False,nan|RHPA4259.7,1342312
130_bNAb_Combinations|1342312|cc|7|1|RHPA4259.7|5371,0,0.799494,2.20958e-09,-0.0152432,-1.05405,0,0,0,3.33459e-07,1.77636e-15,2.0725e-08,-5.01637e-07,0,0,False,nan|RHPA4259.7,1342312
130_bNAb_Combinations|1342312|cc|8|1|RHPA4259.7|5371,0,-0.170709,-9.98734e-10,0.0832926,0.275477,0,0,0,7.60796e-08,-2.22045e-16,-4.41347e-08,2.65896e-07,0,0,False,nan|RHPA4259.7,1342312
130_bNAb_Combinations|1342312|sample|3|RHPA4259.7|5371,0,-9.95196,6.70976e-10,0.0292428,11.0794,0,0,0,-6.54548,5.21805e-14,0.0393622,10.6611,0,0,True,VRC07-523LS|RHPA4259.7,1342312
130_bNAb_Combinations|1342312|sample|4|RHPA4259.7|5371,0,-10.7584,4.63932e-09,-0.083329,12.5458,0,0,0,-6.59466,8.24896e-14,-0.0305315,11.7543,0,0,True,VRC07-523LS|RHPA4259.7,1342312
130_bNAb_Combinations|1342312|vc|1|2|RHPA4259.7|5371,0,-0.426073,-3.49345e-09,-0.110393,-0.71567,0,0,0,-1.9561e-07,1.33227e-15,-8.45208e-08,-6.11193e-07,0,0,False,nan|RHPA4259.7,1342312
130_bNAb_Combinations|1342312|vc|2|2|RHPA4259.7|5371,0,-0.572665,4.33598e-09,-0.0262629,0.026085,0,0,0,-2.76619e-07,-2.22045e-16,-4.37124e-08,-4.36718e-07,0,0,False,nan|RHPA4259.7,1342312
130_bNAb_Combinations|1342312|vc|3|2|RHPA4259.7|5371,0,-1.62566,-6.25017e-09,0.173392,-0.236054,0,0,0,6.97187e-08,-1.55431e-15,1.88782e-07,-1.72596e-07,0,0,False,nan|RHPA4259.7,1342312
130_bNAb_Combinations|1342312|vc|4|2|RHPA4259.7|5371,0,-0.826495,8.56636e-09,-0.189706,0.157836,0,0,0,1.276e-07,1.11022e-15,-3.8248e-08,6.26496e-07,0,0,False,nan|RHPA4259.7,1342312
130_bNAb_Combinations|1342312|vc|5|2|RHPA4259.7|5371,0,-0.123422,-3.33199e-09,-0.097623,0.0710835,0,0,0,-3.1625e-07,-1.11022e-15,8.80122e-08,9.49052e-08,0,0,False,nan|RHPA4259.7,1342312
130_bNAb_Combinations|1342312|vc|6|2|RHPA4259.7|5371,0,-0.84004,-4.145e-09,0.00991437,0.621844,0,0,0,1.17997e-07,1.9984e-15,-8.84642e-08,-2.57877e-07,0,0,False,nan|RHPA4259.7,1342312
130_bNAb_Combinations|1342312|vc|7|2|RHPA4259.7|5371,0,-0.255025,-2.41585e-09,0.194405,-1.84841,0,0,0,2.50108e-07,2.22045e-16,-2.3367e-08,4.62026e-07,0,0,False,nan|RHPA4259.7,1342312
130_bNAb_Combinations|1342312|vc|8|2|RHPA4259.7|5371,0,0.415391,7.21552e-09,-0.0188282,-0.604839,0,0,0,-6.58947e-07,2.66454e-15,-6.16418e-08,-8.67372e-07,0,0,False,nan|RHPA4259.7,1342312
130_bNAb_Combinations|1342336|cc|1|1|nan|3430,0,-0.44899,-4.04919e-10,-0.00920709,0.651183,0,0,0,-2.30775e-07,-2.22045e-16,1.16e-07,4.43866e-07,0,0,False,nan|3430,1342336
130_bNAb_Combinations|1342336|cc|2|1|nan|3430,0,-0.325275,3.1354e-09,-0.222856,0.367778,0,0,0,-1.27387e-07,2.88658e-15,-4.54527e-08,1.53774e-07,0,0,False,nan|3430,1342336
130_bNAb_Combinations|1342336|cc|3|1|nan|3430,0,0.240207,-2.52224e-09,-0.138007,-0.670659,0,0,0,1.41656e-07,-2.88658e-15,-2.83311e-08,3.45129e-07,0,0,False,nan|3430,1342336
130_bNAb_Combinations|1342336|cc|4|1|nan|3430,0,0.756123,1.96192e-09,0.00885477,-0.0474144,0,0,0,-1.74243e-07,-1.11022e-15,3.599e-08,1.10179e-07,0,0,False,nan|3430,1342336
130_bNAb_Combinations|1342336|cc|5|1|nan|3430,0,0.386159,8.70767e-09,0.0740243,-0.550193,0,0,0,5.50653e-10,2.44249e-15,4.04304e-08,3.37717e-07,0,0,False,nan|3430,1342336
130_bNAb_Combinations|1342336|cc|6|1|nan|3430,0,-0.358032,4.60243e-09,0.179306,-0.122842,0,0,0,4.21655e-08,1.55431e-15,1.78713e-07,-1.5496e-09,0,0,False,nan|3430,1342336
130_bNAb_Combinations|1342336|cc|7|1|nan|3430,0,0.0647855,5.04543e-09,0.10737,1.36997,0,0,0,-1.24037e-08,0,2.15809e-08,5.00542e-07,0,0,False,nan|3430,1342336
130_bNAb_Combinations|1342336|cc|8|1|nan|3430,0,-0.775905,2.57587e-09,-0.0144165,-1.0773,0,0,0,3.57082e-07,-1.33227e-15,8.8216e-08,-1.13531e-08,0,0,False,nan|3430,1342336
130_bNAb_Combinations|1342336|sample|3|nan|3430,0,-10.2971,-1.09219e-08,-0.0671581,9.58789,0,0,0,-6.41064,4.20775e-14,-0.324022,10.499,0,0,True,VRC07-523LS|3430,1342336
130_bNAb_Combinations|1342336|sample|4|nan|3430,0,-9.00641,-9.39926e-09,-0.521335,11.5553,0,0,0,-6.77225,4.56302e-14,-0.597438,12.194,0,0,True,VRC07-523LS|3430,1342336
130_bNAb_Combinations|1342336|sample|5|nan|3430,0,-10.7237,9.87541e-09,0.693189,13.0244,0,0,0,-6.74349,-1.63203e-14,0.291311,5.71396,0,0,True,VRC07-523LS|3430,1342336
130_bNAb_Combinations|1342336|vc|1|2|nan|3430,0,-0.254854,-6.26615e-09,0.132819,1.03382,0,0,0,-3.81353e-07,1.55431e-15,-1.23924e-09,4.00643e-07,0,0,False,nan|3430,1342336
130_bNAb_Combinations|1342336|vc|2|2|nan|3430,0,0.291134,4.46849e-09,0.222486,-0.710993,0,0,0,-3.1326e-07,1.77636e-15,1.95877e-08,2.54542e-07,0,0,False,nan|3430,1342336
130_bNAb_Combinations|1342336|vc|3|2|nan|3430,0,0.663025,6.71301e-10,0.152218,0.626302,0,0,0,3.50713e-07,-4.44089e-16,6.86675e-08,1.08217e-07,0,0,False,nan|3430,1342336
130_bNAb_Combinations|1342336|vc|4|2|nan|3430,0,0.0737999,-2.6264e-09,0.0836558,-0.419255,0,0,0,5.3314e-07,-1.11022e-15,-9.71226e-09,-1.6178e-07,0,0,False,nan|3430,1342336
130_bNAb_Combinations|1342336|vc|5|2|nan|3430,0,-0.577009,8.14959e-09,0.0571398,0.417629,0,0,0,8.05215e-08,-1.33227e-15,2.92959e-08,-2.7779e-07,0,0,False,nan|3430,1342336
130_bNAb_Combinations|1342336|vc|6|2|nan|3430,0,-0.162821,-8.68987e-09,0.063389,0.0140041,0,0,0,-1.16905e-07,1.33227e-15,-1.7044e-08,5.6863e-07,0,0,False,nan|3430,1342336
130_bNAb_Combinations|1342336|vc|7|2|nan|3430,0,-0.679018,6.73978e-10,-0.0255637,0.826081,0,0,0,-4.74701e-07,-1.9984e-15,3.28801e-08,-1.90679e-07,0,0,False,nan|3430,1342336
130_bNAb_Combinations|1342336|vc|8|2|nan|3430,0,0.857116,-3.711e-10,0.101578,-0.0080179,0,0,0,2.82191e-07,1.11022e-15,4.89433e-08,-1.751e-07,0,0,False,nan|3430,1342336
130_bNAb_Combinations|1342348|cc|1|1|nan|4166,0,-0.00158008,-5.46184e-10,-0.0523228,0.967233,0,0,0,2.05063e-08,0,5.53457e-08,-5.34906e-07,0,0,False,nan|4166,1342348
130_bNAb_Combinations|1342348|cc|2|1|nan|4166,0,-0.183786,3.56116e-09,-0.121713,-1.77206,0,0,0,5.46253e-07,-1.77636e-15,-8.82138e-08,-4.5997e-09,0,0,False,nan|4166,1342348
130_bNAb_Combinations|1342348|cc|3|1|nan|4166,0,0.289481,1.35863e-09,-0.237946,-1.53527,0,0,0,2.37566e-07,1.33227e-15,2.40049e-08,-4.89352e-07,0,0,False,nan|4166,1342348
130_bNAb_Combinations|1342348|cc|4|1|nan|4166,0,-0.0191559,-1.42448e-09,0.0570502,0.142125,0,0,0,-6.20076e-08,8.88178e-16,-3.16512e-08,2.32953e-07,0,0,False,nan|4166,1342348
130_bNAb_Combinations|1342348|cc|5|1|nan|4166,0,1.08026,2.68995e-10,0.277136,-1.4934,0,0,0,2.12594e-07,8.88178e-16,-8.11882e-08,-4.57551e-08,0,0,False,nan|4166,1342348
130_bNAb_Combinations|1342348|cc|6|1|nan|4166,0,-0.181378,-4.72225e-09,0.0645766,-1.14185,0,0,0,-2.15829e-07,-1.77636e-15,9.73632e-08,-1.19889e-07,0,0,False,nan|4166,1342348
130_bNAb_Combinations|1342348|cc|7|1|nan|4166,0,-0.510422,4.353e-09,-0.166139,0.671613,0,0,0,3.79349e-07,4.44089e-16,1.18539e-07,1.41183e-07,0,0,False,nan|4166,1342348
130_bNAb_Combinations|1342348|cc|8|1|nan|4166,0,0.179984,8.03177e-09,0.131572,0.955269,0,0,0,2.57261e-07,4.44089e-16,-3.36148e-08,4.66691e-08,0,0,False,nan|4166,1342348
130_bNAb_Combinations|1342348|sample|3|nan|4166,0,-13.0774,8.15691e-09,0.514323,9.50763,0,0,0,-8.04189,5.41789e-14,0.286743,11.2006,0,0,True,VRC07-523LS|4166,1342348
130_bNAb_Combinations|1342348|sample|4|nan|4166,0,-9.78725,4.64947e-09,0.183264,12.4776,0,0,0,-6.70567,5.93969e-14,0.284334,12.0289,0,0,True,VRC07-523LS|4166,1342348
130_bNAb_Combinations|1342348|vc|1|2|nan|4166,0,0.134143,1.84042e-09,0.0664586,-0.212334,0,0,0,2.80193e-07,1.77636e-15,8.22574e-10,-1.76552e-07,0,0,False,nan|4166,1342348
130_bNAb_Combinations|1342348|vc|2|2|nan|4166,0,0.0930945,6.51656e-09,-0.0807361,0.0410035,0,0,0,-1.91424e-07,-8.88178e-16,1.21198e-09,3.41337e-07,0,0,False,nan|4166,1342348
130_bNAb_Combinations|1342348|vc|3|2|nan|4166,0,-0.287836,-3.74443e-09,0.17841,0.768469,0,0,0,4.39379e-07,-4.44089e-16,-7.39053e-08,-4.23404e-08,0,0,False,nan|4166,1342348
130_bNAb_Combinations|1342348|vc|4|2|nan|4166,0,-0.558346,5.77219e-09,0.0938082,-0.900827,0,0,0,-1.50852e-07,3.10862e-15,-7.98716e-08,9.42381e-08,0,0,False,nan|4166,1342348
130_bNAb_Combinations|1342348|vc|5|2|nan|4166,0,-0.408693,-1.94442e-09,0.0640728,-0.573986,0,0,0,-4.36757e-08,1.77636e-15,-7.76529e-09,5.1649e-07,0,0,False,nan|4166,1342348
130_bNAb_Combinations|1342348|vc|6|2|nan|4166,0,0.890892,-5.24072e-09,0.0309946,-0.279051,0,0,0,2.8975e-07,8.88178e-16,-5.86376e-08,4.91353e-07,0,0,False,nan|4166,1342348
130_bNAb_Combinations|1342348|vc|7|2|nan|4166,0,0.0971088,-2.08471e-09,-0.00371392,-0.661957,0,0,0,5.14001e-07,0,-3.33402e-09,-4.49163e-07,0,0,False,nan|4166,1342348
130_bNAb_Combinations|1342348|vc|8|2|nan|4166,0,-1.15256,1.35411e-09,-0.152747,-0.445063,0,0,0,2.4074e-08,1.77636e-15,-9.33163e-08,-4.58981e-07,0,0,False,nan|4166,1342348
130_bNAb_Combinations|1342372|cc|1|1|nan|2944,0,-0.370133,-1.91996e-09,-0.0134029,-0.185526,0,0,0,-4.33502e-08,-1.9984e-15,5.10344e-09,-1.78081e-07,0,0,False,nan|2944,1342372
130_bNAb_Combinations|1342372|cc|2|1|nan|2944,0,1.03112,4.64441e-09,0.175698,-0.360368,0,0,0,-4.21385e-07,5.32907e-15,5.90513e-08,1.30662e-07,0,0,False,nan|2944,1342372
130_bNAb_Combinations|1342372|cc|3|1|nan|2944,0,-0.57183,1.735e-09,0.203398,-0.558882,0,0,0,-5.18122e-07,-1.9984e-15,-2.58573e-09,-3.30642e-07,0,0,False,nan|2944,1342372
130_bNAb_Combinations|1342372|cc|4|1|nan|2944,0,0.373621,2.64532e-09,0.107321,-0.0413225,0,0,0,-1.7171e-07,3.9968e-15,5.18832e-08,3.05799e-07,0,0,False,nan|2944,1342372
130_bNAb_Combinations|1342372|cc|5|1|nan|2944,0,0.394363,-1.83664e-09,-0.108856,0.0368527,0,0,0,1.32111e-07,1.77636e-15,-6.69857e-08,-3.07079e-07,0,0,False,nan|2944,1342372
130_bNAb_Combinations|1342372|cc|6|1|nan|2944,0,-0.169806,1.44826e-09,-0.0601546,0.0235465,0,0,0,-1.76861e-07,4.66294e-15,1.48367e-07,-3.40333e-07,0,0,False,nan|2944,1342372
130_bNAb_Combinations|1342372|cc|7|1|nan|2944,0,-1.01004,-7.69071e-09,-0.0617459,-0.121995,0,0,0,-3.66576e-07,-2.22045e-16,-9.54301e-08,-6.3096e-08,0,0,False,nan|2944,1342372
130_bNAb_Combinations|1342372|cc|8|1|nan|2944,0,0.619432,-1.39414e-09,-0.177663,0.185986,0,0,0,2.10486e-07,1.77636e-15,6.23763e-08,-2.07359e-07,0,0,False,nan|2944,1342372
130_bNAb_Combinations|1342372|sample|3|nan|2944,0,-9.02583,1.52062e-09,-0.783972,9.38146,0,0,0,-6.78955,3.34177e-14,-0.504033,7.62645,0,0,True,VRC07-523LS|2944,1342372
130_bNAb_Combinations|1342372|sample|4|nan|2944,0,-6.71617,3.37777e-09,-1.02921,11.7812,0,0,0,-6.09339,3.95239e-14,-0.599993,8.90754,0,0,True,VRC07-523LS|2944,1342372
130_bNAb_Combinations|1342372|vc|1|2|nan|2944,0,0.432569,3.17344e-09,0.17503,-0.812301,0,0,0,1.44042e-07,-1.77636e-15,-5.70024e-08,-1.9722e-08,0,0,False,nan|2944,1342372
130_bNAb_Combinations|1342372|vc|2|2|nan|2944,0,-0.0465257,-1.37235e-09,0.236078,-0.371773,0,0,0,-2.87903e-07,6.66134e-16,-1.77603e-08,2.78429e-07,0,0,False,nan|2944,1342372
130_bNAb_Combinations|1342372|vc|3|2|nan|2944,0,-0.217802,3.25141e-10,0.00701438,-0.215198,0,0,0,3.7824e-07,0,8.21729e-08,-4.41764e-07,0,0,False,nan|2944,1342372
130_bNAb_Combinations|1342372|vc|4|2|nan|2944,0,-0.505347,-6.12813e-09,0.0158311,0.285111,0,0,0,4.44107e-07,-2.22045e-15,9.45849e-09,4.42873e-07,0,0,False,nan|2944,1342372
130_bNAb_Combinations|1342372|vc|5|2|nan|2944,0,-0.232268,-1.90597e-09,0.121541,0.143486,0,0,0,-2.31084e-07,-1.9984e-15,-1.32405e-07,1.521e-08,0,0,False,nan|2944,1342372
130_bNAb_Combinations|1342372|vc|6|2|nan|2944,0,-0.0862677,1.50047e-09,0.100097,-0.240702,0,0,0,-6.88242e-09,1.11022e-15,-1.26019e-08,7.89981e-07,0,0,False,nan|2944,1342372
130_bNAb_Combinations|1342372|vc|7|2|nan|2944,0,1.0703,2.09711e-09,0.180448,0.0933948,0,0,0,7.47528e-08,6.66134e-16,-1.10058e-07,1.8872e-07,0,0,False,nan|2944,1342372
130_bNAb_Combinations|1342372|vc|8|2|nan|2944,0,0.147225,-5.63305e-09,0.150881,-0.159996,0,0,0,3.54782e-07,1.55431e-15,4.10123e-08,3.39967e-07,0,0,False,nan|2944,1342372
130_bNAb_Combinations|1342384|cc|1|1|nan|2946,0,-0.18178,1.71601e-09,-0.0395792,-0.387109,0,0,0,6.5815e-08,-3.33067e-16,7.34326e-09,3.30895e-07,0,0,False,nan|2946,1342384
130_bNAb_Combinations|1342384|cc|2|1|nan|2946,0,-0.0315607,-4.41487e-09,-0.0863518,1.50248,0,0,0,-3.31045e-07,-1.11022e-15,-4.43139e-08,-1.37856e-07,0,0,False,nan|2946,1342384
130_bNAb_Combinations|1342384|cc|3|1|nan|2946,0,-0.0965047,-2.79616e-11,-0.0844237,-0.108749,0,0,0,-3.83627e-07,-7.77156e-16,7.61213e-08,1.79432e-07,0,0,False,nan|2946,1342384
130_bNAb_Combinations|1342384|cc|4|1|nan|2946,0,-0.451481,2.38085e-09,-0.0222755,1.81149,0,0,0,-4.27919e-07,6.66134e-16,3.47917e-08,1.4885e-07,0,0,False,nan|2946,1342384
130_bNAb_Combinations|1342384|cc|5|1|nan|2946,0,-0.302677,1.39695e-09,0.279567,0.165465,0,0,0,1.80438e-07,2.88658e-15,-3.59489e-08,-1.82089e-07,0,0,False,nan|2946,1342384
130_bNAb_Combinations|1342384|cc|6|1|nan|2946,0,-0.761377,-6.16195e-09,-0.0260451,-0.168138,0,0,0,1.6468e-07,-1.77636e-15,4.52193e-08,2.3204e-07,0,0,False,nan|2946,1342384
130_bNAb_Combinations|1342384|cc|7|1|nan|2946,0,-0.358623,-4.46961e-10,0.104955,0.323494,0,0,0,-1.64234e-08,0,6.4831e-08,-4.61169e-07,0,0,False,nan|2946,1342384
130_bNAb_Combinations|1342384|cc|8|1|nan|2946,0,0.160429,5.61232e-09,0.125344,0.520476,0,0,0,4.44385e-07,1.33227e-15,-1.08399e-07,-1.8689e-07,0,0,False,nan|2946,1342384
130_bNAb_Combinations|1342384|sample|3|nan|2946,0,-10.3678,1.51165e-09,-2.58076,9.60355,0,0,0,-7.04215,4.64073e-14,-1.86631,5.96309,0,0,True,VRC07-523LS|2946,1342384
130_bNAb_Combinations|1342384|sample|4|nan|2946,0,-9.86975,-8.97879e-09,-2.46479,8.77578,0,0,0,-7.35329,2.76446e-14,-1.95256,6.1286,0,0,True,VRC07-523LS|2946,1342384
130_bNAb_Combinations|1342384|vc|1|2|nan|2946,0,-0.65506,1.49645e-09,0.139298,-0.18333,0,0,0,2.61158e-07,-7.77156e-16,-6.74854e-08,-5.09099e-07,0,0,False,nan|2946,1342384
130_bNAb_Combinations|1342384|vc|2|2|nan|2946,0,-0.156412,-2.73731e-09,-0.0136872,0.897236,0,0,0,-1.42905e-07,2.55351e-15,-6.60257e-09,3.04111e-07,0,0,False,nan|2946,1342384
130_bNAb_Combinations|1342384|vc|3|2|nan|2946,0,0.646727,-6.66818e-10,0.100327,-0.171981,0,0,0,-3.96686e-07,2.10942e-15,-5.30371e-08,5.7392e-07,0,0,False,nan|2946,1342384
130_bNAb_Combinations|1342384|vc|4|2|nan|2946,0,-1.20918,7.35494e-09,-0.0326274,-0.753253,0,0,0,2.25982e-07,-1.9984e-15,-7.28594e-08,1.97814e-07,0,0,False,nan|2946,1342384
130_bNAb_Combinations|1342384|vc|5|2|nan|2946,0,0.210655,8.87611e-10,0.219417,0.942257,0,0,0,-4.54844e-07,0,-1.2576e-08,2.84849e-07,0,0,False,nan|2946,1342384
130_bNAb_Combinations|1342384|vc|6|2|nan|2946,0,-0.84635,3.15937e-09,0.0906707,-0.357019,0,0,0,1.20055e-07,9.99201e-16,-3.61745e-08,1.53847e-08,0,0,False,nan|2946,1342384
130_bNAb_Combinations|1342384|vc|7|2|nan|2946,0,0.407051,3.32943e-09,0.0555856,0.454416,0,0,0,-6.08187e-07,2.10942e-15,-8.21623e-08,-1.38395e-07,0,0,False,nan|2946,1342384
130_bNAb_Combinations|1342384|vc|8|2|nan|2946,0,-0.798652,-1.91121e-09,0.0380572,-0.769122,0,0,0,-4.39824e-07,1.44329e-15,-9.8914e-09,-4.48034e-07,0,0,False,nan|2946,1342384
130_bNAb_Combinations|1342396|cc|1|1|PVO.4|5024,0,0.565258,-4.83499e-10,0.243016,0.133033,0,0,0,1.94095e-07,-3.10862e-15,-2.19113e-08,-7.82045e-08,0,0,False,nan|PVO.4,1342396
130_bNAb_Combinations|1342396|cc|2|1|PVO.4|5024,0,-0.121026,-2.25437e-10,-0.0895892,0.832574,0,0,0,3.12847e-07,1.55431e-15,4.04327e-08,-2.93313e-07,0,0,False,nan|PVO.4,1342396
130_bNAb_Combinations|1342396|cc|3|1|PVO.4|5024,0,0.338497,2.11601e-09,-0.193464,0.585956,0,0,0,8.97719e-08,4.88498e-15,7.45362e-08,-2.70055e-07,0,0,False,nan|PVO.4,1342396
130_bNAb_Combinations|1342396|cc|4|1|PVO.4|5024,0,1.04398,-8.80987e-11,-0.0634563,-0.675074,0,0,0,-2.45404e-07,2.22045e-16,3.87436e-08,-1.90643e-07,0,0,False,nan|PVO.4,1342396
130_bNAb_Combinations|1342396|cc|5|1|PVO.4|5024,0,1.15505,1.29665e-09,0.0555626,-0.225763,0,0,0,4.54196e-07,3.77476e-15,5.87726e-08,2.54462e-07,0,0,False,nan|PVO.4,1342396
130_bNAb_Combinations|1342396|cc|6|1|PVO.4|5024,0,0.187623,-8.49812e-10,-0.087441,-0.964167,0,0,0,2.97725e-07,-1.9984e-15,2.57051e-08,-1.27891e-07,0,0,False,nan|PVO.4,1342396
130_bNAb_Combinations|1342396|cc|7|1|PVO.4|5024,0,-0.00153047,-2.01659e-09,-0.306418,0.528871,0,0,0,3.84476e-07,2.88658e-15,7.99283e-08,3.15654e-07,0,0,False,nan|PVO.4,1342396
130_bNAb_Combinations|1342396|cc|8|1|PVO.4|5024,0,0.298537,3.43531e-09,0.0791102,-0.659077,0,0,0,2.54774e-07,-6.66134e-16,-1.69646e-08,5.99268e-07,0,0,False,nan|PVO.4,1342396
130_bNAb_Combinations|1342396|sample|3|PVO.4|5024,0,-10.3622,1.08539e-08,-0.467804,7.23435,0,0,0,-7.53663,3.475e-14,-0.242476,6.13084,0,0,True,VRC07-523LS|PVO.4,1342396
130_bNAb_Combinations|1342396|sample|4|PVO.4|5024,0,-11.4268,-9.85318e-09,-0.633766,7.78399,0,0,0,-7.7078,1.73195e-14,-0.502389,6.72521,0,0,True,VRC07-523LS|PVO.4,1342396
130_bNAb_Combinations|1342396|vc|1|2|PVO.4|5024,0,-0.880339,-5.50783e-09,0.15204,-0.814085,0,0,0,9.66607e-08,1.9984e-15,-4.58418e-08,1.95378e-07,0,0,False,nan|PVO.4,1342396
130_bNAb_Combinations|1342396|vc|2|2|PVO.4|5024,0,0.743002,-2.17575e-09,-0.118184,-0.38463,0,0,0,2.4203e-07,0,-1.44068e-08,-3.21114e-07,0,0,False,nan|PVO.4,1342396
130_bNAb_Combinations|1342396|vc|3|2|PVO.4|5024,0,-0.358673,1.15352e-09,0.0233812,0.866316,0,0,0,-2.47808e-07,-2.88658e-15,9.55571e-09,-1.03723e-07,0,0,False,nan|PVO.4,1342396
130_bNAb_Combinations|1342396|vc|4|2|PVO.4|5024,0,0.491552,-2.89055e-09,0.030837,0.199869,0,0,0,5.12173e-07,6.66134e-16,-3.10293e-08,-1.508e-08,0,0,False,nan|PVO.4,1342396
130_bNAb_Combinations|1342396|vc|5|2|PVO.4|5024,0,-0.552155,1.08136e-09,-0.0221627,-0.278998,0,0,0,3.86573e-07,1.9984e-15,3.42823e-08,1.21038e-07,0,0,False,nan|PVO.4,1342396
130_bNAb_Combinations|1342396|vc|6|2|PVO.4|5024,0,-0.480869,-2.74966e-09,-0.228533,0.559502,0,0,0,2.01205e-07,-8.88178e-16,-1.86988e-08,-1.42769e-07,0,0,False,nan|PVO.4,1342396
130_bNAb_Combinations|1342396|vc|7|2|PVO.4|5024,0,-0.791866,6.45586e-10,-0.0137797,0.299808,0,0,0,-1.6062e-07,-2.44249e-15,2.66079e-08,-5.0377e-07,0,0,False,nan|PVO.4,1342396
130_bNAb_Combinations|1342396|vc|8|2|PVO.4|5024,0,0.63677,3.09117e-09,-0.0850437,0.0946883,0,0,0,5.41732e-07,6.66134e-16,2.64627e-09,-2.20998e-07,0,0,False,nan|PVO.4,1342396
130_bNAb_Combinations|1342408|cc|1|1|nan|4168,0,0.197764,3.44489e-09,0.0541734,1.03563,0,0,0,3.50224e-07,-6.66134e-16,-4.90117e-08,1.44283e-08,0,0,False,nan|4168,1342408
130_bNAb_Combinations|1342408|cc|2|1|nan|4168,0,-0.964303,-2.56988e-09,-0.051647,-1.03114,0,0,0,-1.56317e-07,-1.55431e-15,-6.51403e-08,7.5732e-08,0,0,False,nan|4168,1342408
130_bNAb_Combinations|1342408|cc|3|1|nan|4168,0,-0.054446,3.99522e-09,0.0464469,-1.17122,0,0,0,1.23895e-07,2.66454e-15,1.21568e-07,-2.87076e-08,0,0,False,nan|4168,1342408
130_bNAb_Combinations|1342408|cc|4|1|nan|4168,0,0.0724702,-1.24108e-09,0.0535732,1.27457,0,0,0,5.17729e-08,-1.11022e-15,3.56092e-08,-8.1519e-08,0,0,False,nan|4168,1342408
130_bNAb_Combinations|1342408|cc|5|1|nan|4168,0,0.894605,-1.70616e-09,0.0317859,-0.0990004,0,0,0,-3.05018e-07,-2.22045e-16,3.79374e-09,5.7696e-08,0,0,False,nan|4168,1342408
130_bNAb_Combinations|1342408|cc|6|1|nan|4168,0,0.320659,-6.26578e-10,0.0416969,0.481202,0,0,0,-3.79042e-07,1.77636e-15,6.40445e-08,3.03551e-08,0,0,False,nan|4168,1342408
130_bNAb_Combinations|1342408|cc|7|1|nan|4168,0,-0.328888,3.02994e-09,0.0489587,-0.247166,0,0,0,-7.63686e-07,1.33227e-15,1.08041e-07,-2.15773e-07,0,0,False,nan|4168,1342408
130_bNAb_Combinations|1342408|cc|8|1|nan|4168,0,-0.634799,1.52304e-10,-0.200451,0.810155,0,0,0,3.33518e-07,-1.11022e-15,-5.98102e-08,-3.7227e-07,0,0,False,nan|4168,1342408
130_bNAb_Combinations|1342408|sample|3|nan|4168,0,-5.50357,3.87972e-09,-2.681,9.17211,0,0,0,-5.57699,1.20959e-13,-1.96304,6.68686,0,0,True,VRC07-523LS|4168,1342408
130_bNAb_Combinations|1342408|sample|4|nan|4168,0,-6.84957,4.37402e-09,-2.73329,8.84606,0,0,0,-5.95333,1.2651e-13,-2.34688,7.38964,0,0,True,VRC07-523LS|4168,1342408
130_bNAb_Combinations|1342408|vc|1|2|nan|4168,0,0.337896,-1.47288e-12,0.247176,0.478473,0,0,0,1.74451e-07,1.9984e-15,2.95241e-08,-4.65726e-07,0,0,False,nan|4168,1342408
130_bNAb_Combinations|1342408|vc|2|2|nan|4168,0,-0.0829633,1.71606e-09,0.183907,1.27323,0,0,0,4.90792e-07,1.11022e-15,-3.25617e-08,2.97941e-08,0,0,False,nan|4168,1342408
130_bNAb_Combinations|1342408|vc|3|2|nan|4168,0,-0.705029,5.26316e-09,0.207005,-0.867718,0,0,0,-9.95729e-08,1.11022e-15,4.20807e-08,-4.27502e-07,0,0,False,nan|4168,1342408
130_bNAb_Combinations|1342408|vc|4|2|nan|4168,0,0.0391744,3.83043e-10,0.0772707,0.0566494,0,0,0,3.75808e-07,2.22045e-16,4.93237e-08,-3.11858e-07,0,0,False,nan|4168,1342408
130_bNAb_Combinations|1342408|vc|5|2|nan|4168,0,-0.0181208,-8.84796e-09,0.104451,-0.883512,0,0,0,5.98847e-07,-4.44089e-16,-5.20127e-08,-2.41674e-07,0,0,False,nan|4168,1342408
130_bNAb_Combinations|1342408|vc|6|2|nan|4168,0,-0.127793,-1.07181e-08,-0.0945506,-0.899802,0,0,0,7.9382e-07,2.22045e-16,7.56411e-08,-3.60793e-07,0,0,False,nan|4168,1342408
130_bNAb_Combinations|1342408|vc|7|2|nan|4168,0,0.455585,3.70021e-09,-0.0418226,1.37239,0,0,0,-2.95593e-07,1.11022e-15,4.74146e-08,-5.51248e-07,0,0,False,nan|4168,1342408
130_bNAb_Combinations|1342408|vc|8|2|nan|4168,0,0.196959,-5.153e-09,-0.0518283,0.704626,0,0,0,-1.57148e-07,-4.44089e-16,5.59346e-08,3.55173e-07,0,0,False,nan|4168,1342408
704_VRC01_Concordance|1200432|cc|1|1|PVO.4|5024,0,-0.591097,-1.4873e-09,-0.144985,-0.850237,0,0,0,2.24532e-07,6.66134e-16,7.49885e-08,-4.71113e-07,0,0,False,nan|PVO.4,1200432
704_VRC01_Concordance|1200432|cc|2|1|PVO.4|5024,0,-0.278387,2.0135e-09,0.0968001,0.481867,0,0,0,-3.52098e-07,-2.22045e-16,5.87826e-08,7.25773e-07,0,0,False,nan|PVO.4,1200432
704_VRC01_Concordance|1200432|cc|3|1|PVO.4|5024,0,1.41944,-1.44219e-10,0.201008,1.18695,0,0,0,1.57495e-07,1.9984e-15,3.57825e-08,6.93707e-07,0,0,False,nan|PVO.4,1200432
704_VRC01_Concordance|1200432|cc|4|1|PVO.4|5024,0,-0.915817,-3.46324e-09,0.0913156,-1.07386,0,0,0,-4.49696e-07,1.77636e-15,4.83084e-08,-2.76253e-08,0,0,False,nan|PVO.4,1200432
704_VRC01_Concordance|1200432|cc|5|1|PVO.4|5024,0,0.441182,4.25858e-09,0.0662334,-0.890222,0,0,0,1.60188e-07,-2.66454e-15,-9.69199e-08,3.26209e-07,0,0,False,nan|PVO.4,1200432
704_VRC01_Concordance|1200432|cc|6|1|PVO.4|5024,0,0.734797,-1.61953e-09,0.109035,-0.841027,0,0,0,-7.46225e-08,4.44089e-16,6.73385e-08,-5.03834e-07,0,0,False,nan|PVO.4,1200432
704_VRC01_Concordance|1200432|cc|7|1|PVO.4|5024,0,-0.166357,4.96961e-09,-0.00472307,0.687552,0,0,0,1.6097e-07,-1.55431e-15,1.3785e-07,3.51119e-08,0,0,False,nan|PVO.4,1200432
704_VRC01_Concordance|1200432|cc|8|1|PVO.4|5024,0,-0.560256,-8.37612e-10,0.0850167,-0.22651,0,0,0,2.00308e-07,-1.11022e-15,6.96669e-08,4.88099e-07,0,0,False,nan|PVO.4,1200432
704_VRC01_Concordance|1200432|sample|10|PVO.4|5024,0,-9.98652,2.88863e-09,-3.15012,12.0744,0,0,0,-5.97568,2.12053e-14,-1.76532,4.82702,0,0,True,Clinical VRC01|PVO.4,1200432
704_VRC01_Concordance|1200432|sample|11|PVO.4|5024,0,-10.1114,6.74928e-09,-1.41916,5.21045,0,0,0,-6.81265,6.88338e-14,-1.01236,3.79027,0,0,True,Clinical VRC01|PVO.4,1200432
704_VRC01_Concordance|1200432|sample|12|PVO.4|5024,0,-12.0445,-8.15735e-09,-1.77705,6.43263,0,0,0,-7.80226,2.55351e-14,-1.21402,4.45861,0,0,True,Clinical VRC01|PVO.4,1200432
704_VRC01_Concordance|1200432|sample|3|PVO.4|5024,0,-6.26327,-4.59603e-09,-2.54019,12.7525,0,0,0,-6.04005,5.19584e-14,-1.33567,5.73606,0,0,True,Clinical VRC01|PVO.4,1200432
704_VRC01_Concordance|1200432|sample|4|PVO.4|5024,0,-10.1302,4.13914e-09,-1.8742,6.17452,0,0,0,-6.25626,4.21885e-14,-1.66032,5.01267,0,0,True,Clinical VRC01|PVO.4,1200432
704_VRC01_Concordance|1200432|sample|5|PVO.4|5024,0,-8.59226,-4.91353e-09,-2.19186,7.30909,0,0,0,-6.02589,3.4639e-14,-1.65503,4.67085,0,0,True,Clinical VRC01|PVO.4,1200432
704_VRC01_Concordance|1200432|sample|6|PVO.4|5024,0,-7.71706,2.10849e-09,-2.52973,8.57177,0,0,0,-4.67635,3.0087e-14,-1.18466,3.41944,0,0,True,Clinical VRC01|PVO.4,1200432
704_VRC01_Concordance|1200432|sample|7|PVO.4|5024,0,-8.4663,-5.73914e-09,-2.66368,12.3959,0,0,0,-6.28185,3.75255e-14,-1.60694,5.96783,0,0,True,Clinical VRC01|PVO.4,1200432
704_VRC01_Concordance|1200432|sample|8|PVO.4|5024,0,-9.0334,6.0716e-09,-2.42097,10.4305,0,0,0,-7.05726,1.40998e-14,-1.41683,5.01411,0,0,True,Clinical VRC01|PVO.4,1200432
704_VRC01_Concordance|1200432|sample|9|PVO.4|5024,0,-8.33902,6.01014e-09,-1.99411,6.77213,0,0,0,-5.0726,3.13083e-14,-1.34549,4.08794,0,0,True,Clinical VRC01|PVO.4,1200432
704_VRC01_Concordance|1200432|vc|1|2|PVO.4|5024,0,0.550646,1.78694e-09,0.10118,-0.526358,0,0,0,3.88299e-07,-1.9984e-15,-4.88794e-08,-2.43054e-07,0,0,False,nan|PVO.4,1200432
704_VRC01_Concordance|1200432|vc|2|2|PVO.4|5024,0,-1.04287,6.12456e-10,0.104002,1.30519,0,0,0,4.52963e-07,-1.77636e-15,-5.6035e-08,3.58188e-07,0,0,False,nan|PVO.4,1200432
704_VRC01_Concordance|1200432|vc|3|2|PVO.4|5024,0,-1.17608,2.62555e-09,-0.0911681,0.729802,0,0,0,-2.23201e-07,-3.10862e-15,1.8357e-08,2.09879e-07,0,0,False,nan|PVO.4,1200432
704_VRC01_Concordance|1200432|vc|4|2|PVO.4|5024,0,-0.0591691,-5.187e-09,0.196402,0.548231,0,0,0,4.22149e-07,-1.55431e-15,-3.21036e-08,-4.1802e-07,0,0,False,nan|PVO.4,1200432
704_VRC01_Concordance|1200432|vc|5|2|PVO.4|5024,0,-0.849457,-2.96325e-09,0.210319,0.0747799,0,0,0,1.80322e-07,-2.44249e-15,6.44192e-08,-2.15891e-07,0,0,False,nan|PVO.4,1200432
704_VRC01_Concordance|1200432|vc|6|2|PVO.4|5024,0,1.09424,-1.57323e-09,0.0626338,0.477676,0,0,0,-7.22989e-08,-1.11022e-15,-1.54903e-08,-2.87812e-07,0,0,False,nan|PVO.4,1200432
704_VRC01_Concordance|1200432|vc|7|2|PVO.4|5024,0,0.481064,-2.72587e-09,0.115014,0.300136,0,0,0,-1.69426e-07,-2.44249e-15,-3.17199e-08,-1.58568e-07,0,0,False,nan|PVO.4,1200432
704_VRC01_Concordance|1200432|vc|8|2|PVO.4|5024,0,-0.705365,-4.17617e-09,0.0333197,1.32103,0,0,0,-4.75999e-08,-2.88658e-15,-2.10287e-08,6.89935e-08,0,0,False,nan|PVO.4,1200432
