rep,id,U,L,m,e,alpha,k,goes_down,mab_virus,run_id
1,130_bNAb_Combinations|1313842|cc|1|1|nan|2946,1,4.34299e-08,1.5324,41.7225,0.173616,3.93978e-08,False,nan|2946,1313842
1,130_bNAb_Combinations|1313842|cc|2|1|nan|2946,1,4.34299e-08,1.5324,0.453981,0.173616,3.93978e-08,False,nan|2946,1313842
1,130_bNAb_Combinations|1313842|cc|3|1|nan|2946,1,4.34299e-08,1.5324,2.4605,0.173616,3.93978e-08,False,nan|2946,1313842
1,130_bNAb_Combinations|1313842|cc|4|1|nan|2946,1,4.34299e-08,1.5324,0.625531,0.173616,3.93978e-08,False,nan|2946,1313842
1,130_bNAb_Combinations|1313842|cc|5|1|nan|2946,1,4.34299e-08,1.5324,1.48108,0.173616,3.93978e-08,False,nan|2946,1313842
1,130_bNAb_Combinations|1313842|cc|6|1|nan|2946,1,4.34299e-08,1.5324,0.0883366,0.173616,3.93978e-08,False,nan|2946,1313842
1,130_bNAb_Combinations|1313842|cc|7|1|nan|2946,1,4.34299e-08,1.5324,113.474,0.173616,3.93978e-08,False,nan|2946,1313842
1,130_bNAb_Combinations|1313842|cc|8|1|nan|2946,1,4.34299e-08,1.5324,42.8018,0.173616,3.93978e-08,False,nan|2946,1313842
1,130_bNAb_Combinations|1313842|sample|10|nan|2946,1,5.60361e-07,1.53578,2.46556,0.173616,3.93978e-08,True,PGT121|2946,1313842
1,130_bNAb_Combinations|1313842|sample|11|nan|2946,1,2.70711e-07,1.53262,1.91366,0.173616,3.93978e-08,True,VRC07-523LS|2946,1313842
1,130_bNAb_Combinations|1313842|sample|12|nan|2946,1,2.70711e-07,1.53262,2.17572,0.173616,3.93978e-08,True,VRC07-523LS|2946,1313842
1,130_bNAb_Combinations|1313842|sample|3|nan|2946,1,7.81534e-07,0.846345,1.00368,0.173616,3.93978e-08,True,PGDM1400|2946,1313842
1,130_bNAb_Combinations|1313842|sample|4|nan|2946,1,7.81534e-07,0.846345,0.984947,0.173616,3.93978e-08,True,PGDM1400|2946,1313842
1,130_bNAb_Combinations|1313842|sample|5|nan|2946,1,7.81534e-07,0.846345,0.587051,0.173616,3.93978e-08,True,PGDM1400|2946,1313842
1,130_bNAb_Combinations|1313842|sample|6|nan|2946,1,7.81534e-07,0.846345,0.690405,0.173616,3.93978e-08,True,PGDM1400|2946,1313842
1,130_bNAb_Combinations|1313842|sample|7|nan|2946,1,5.60361e-07,1.53578,1.87113,0.173616,3.93978e-08,True,PGT121|2946,1313842
1,130_bNAb_Combinations|1313842|sample|8|nan|2946,1,5.60361e-07,1.53578,1.8576,0.173616,3.93978e-08,True,PGT121|2946,1313842
1,130_bNAb_Combinations|1313842|sample|9|nan|2946,1,5.60361e-07,1.53578,2.21197,0.173616,3.93978e-08,True,PGT121|2946,1313842
1,130_bNAb_Combinations|1313842|vc|1|2|nan|2946,1,4.34299e-08,1.5324,0.211715,0.173616,3.93978e-08,False,nan|2946,1313842
1,130_bNAb_Combinations|1313842|vc|2|2|nan|2946,1,4.34299e-08,1.5324,53.679,0.173616,3.93978e-08,False,nan|2946,1313842
1,130_bNAb_Combinations|1313842|vc|3|2|nan|2946,1,4.34299e-08,1.5324,1.07982,0.173616,3.93978e-08,False,nan|2946,1313842
1,130_bNAb_Combinations|1313842|vc|4|2|nan|2946,1,4.34299e-08,1.5324,0.0547448,0.173616,3.93978e-08,False,nan|2946,1313842
1,130_bNAb_Combinations|1313842|vc|5|2|nan|2946,1,4.34299e-08,1.5324,2.6313,0.173616,3.93978e-08,False,nan|2946,1313842
1,130_bNAb_Combinations|1313842|vc|6|2|nan|2946,1,4.34299e-08,1.5324,2.69381,0.173616,3.93978e-08,False,nan|2946,1313842
1,130_bNAb_Combinations|1313842|vc|7|2|nan|2946,1,4.34299e-08,1.5324,61.5116,0.173616,3.93978e-08,False,nan|2946,1313842
1,130_bNAb_Combinations|1313842|vc|8|2|nan|2946,1,4.34299e-08,1.5324,0.262426,0.173616,3.93978e-08,False,nan|2946,1313842
1,130_bNAb_Combinations|1313860|cc|1|1|PVO.4|5024,1,6.28876e-08,1.53124,5.93729,0.173615,3.93861e-08,False,nan|PVO.4,1313860
1,130_bNAb_Combinations|1313860|cc|2|1|PVO.4|5024,1,6.28876e-08,1.53124,0.00977165,0.173615,3.93861e-08,False,nan|PVO.4,1313860
1,130_bNAb_Combinations|1313860|cc|3|1|PVO.4|5024,1,6.28876e-08,1.53124,0.0551444,0.173615,3.93861e-08,False,nan|PVO.4,1313860
1,130_bNAb_Combinations|1313860|cc|4|1|PVO.4|5024,1,6.28876e-08,1.53124,0.0207281,0.173615,3.93861e-08,False,nan|PVO.4,1313860
1,130_bNAb_Combinations|1313860|cc|5|1|PVO.4|5024,1,6.28876e-08,1.53124,0.365088,0.173615,3.93861e-08,False,nan|PVO.4,1313860
1,130_bNAb_Combinations|1313860|cc|6|1|PVO.4|5024,1,6.28876e-08,1.53124,0.857244,0.173615,3.93861e-08,False,nan|PVO.4,1313860
1,130_bNAb_Combinations|1313860|cc|7|1|PVO.4|5024,1,6.28876e-08,1.53124,0.133744,0.173615,3.93861e-08,False,nan|PVO.4,1313860
1,130_bNAb_Combinations|1313860|cc|8|1|PVO.4|5024,1,6.28876e-08,1.53124,3.21199,0.173615,3.93861e-08,False,nan|PVO.4,1313860
1,130_bNAb_Combinations|1313860|sample|10|PVO.4|5024,1,2.20753e-07,1.68225,6.61676,0.173615,3.93861e-08,True,PGT121|PVO.4,1313860
1,130_bNAb_Combinations|1313860|sample|11|PVO.4|5024,1,2.00452e-08,1.53262,8.94678,0.173615,3.93861e-08,True,VRC07-523LS|PVO.4,1313860
1,130_bNAb_Combinations|1313860|sample|12|PVO.4|5024,1,2.00452e-08,1.53262,8.37534,0.173615,3.93861e-08,True,VRC07-523LS|PVO.4,1313860
1,130_bNAb_Combinations|1313860|sample|3|PVO.4|5024,1,2.10063e-08,1.52717,0.647697,0.173615,3.93861e-08,True,PGDM1400|PVO.4,1313860
1,130_bNAb_Combinations|1313860|sample|4|PVO.4|5024,1,2.10063e-08,1.52717,0.701264,0.173615,3.93861e-08,True,PGDM1400|PVO.4,1313860
1,130_bNAb_Combinations|1313860|sample|5|PVO.4|5024,1,2.10063e-08,1.52717,0.742115,0.173615,3.93861e-08,True,PGDM1400|PVO.4,1313860
1,130_bNAb_Combinations|1313860|sample|6|PVO.4|5024,1,2.10063e-08,1.52717,0.898951,0.173615,3.93861e-08,True,PGDM1400|PVO.4,1313860
1,130_bNAb_Combinations|1313860|sample|7|PVO.4|5024,1,2.20753e-07,1.68225,6.19282,0.173615,3.93861e-08,True,PGT121|PVO.4,1313860
1,130_bNAb_Combinations|1313860|sample|8|PVO.4|5024,1,2.20753e-07,1.68225,5.52198,0.173615,3.93861e-08,True,PGT121|PVO.4,1313860
1,130_bNAb_Combinations|1313860|sample|9|PVO.4|5024,1,2.20753e-07,1.68225,6.67599,0.173615,3.93861e-08,True,PGT121|PVO.4,1313860
1,130_bNAb_Combinations|1313860|vc|1|2|PVO.4|5024,1,6.28876e-08,1.53124,0.425128,0.173615,3.93861e-08,False,nan|PVO.4,1313860
1,130_bNAb_Combinations|1313860|vc|2|2|PVO.4|5024,1,6.28876e-08,1.53124,16.0489,0.173615,3.93861e-08,False,nan|PVO.4,1313860
1,130_bNAb_Combinations|1313860|vc|3|2|PVO.4|5024,1,6.28876e-08,1.53124,0.519139,0.173615,3.93861e-08,False,nan|PVO.4,1313860
1,130_bNAb_Combinations|1313860|vc|4|2|PVO.4|5024,1,6.28876e-08,1.53124,0.0751291,0.173615,3.93861e-08,False,nan|PVO.4,1313860
1,130_bNAb_Combinations|1313860|vc|5|2|PVO.4|5024,1,6.28876e-08,1.53124,0.000150468,0.173615,3.93861e-08,False,nan|PVO.4,1313860
1,130_bNAb_Combinations|1313860|vc|6|2|PVO.4|5024,1,6.28876e-08,1.53124,0.000408776,0.173615,3.93861e-08,False,nan|PVO.4,1313860
1,130_bNAb_Combinations|1313860|vc|7|2|PVO.4|5024,1,6.28876e-08,1.53124,0.207158,0.173615,3.93861e-08,False,nan|PVO.4,1313860
1,130_bNAb_Combinations|1313860|vc|8|2|PVO.4|5024,1,6.28876e-08,1.53124,0.511568,0.173615,3.93861e-08,False,nan|PVO.4,1313860
1,130_bNAb_Combinations|1313884|cc|1|1|nan|4168,1,2.45624e-08,1.53239,1.82247,0.173617,3.9386e-08,False,nan|4168,1313884
1,130_bNAb_Combinations|1313884|cc|2|1|nan|4168,1,2.45624e-08,1.53239,0.0193198,0.173617,3.9386e-08,False,nan|4168,1313884
1,130_bNAb_Combinations|1313884|cc|3|1|nan|4168,1,2.45624e-08,1.53239,0.305209,0.173617,3.9386e-08,False,nan|4168,1313884
1,130_bNAb_Combinations|1313884|cc|4|1|nan|4168,1,2.45624e-08,1.53239,11.365,0.173617,3.9386e-08,False,nan|4168,1313884
1,130_bNAb_Combinations|1313884|cc|5|1|nan|4168,1,2.45624e-08,1.53239,12.5076,0.173617,3.9386e-08,False,nan|4168,1313884
1,130_bNAb_Combinations|1313884|cc|6|1|nan|4168,1,2.45624e-08,1.53239,12.0133,0.173617,3.9386e-08,False,nan|4168,1313884
1,130_bNAb_Combinations|1313884|cc|7|1|nan|4168,1,2.45624e-08,1.53239,0.41759,0.173617,3.9386e-08,False,nan|4168,1313884
1,130_bNAb_Combinations|1313884|cc|8|1|nan|4168,1,2.45624e-08,1.53239,2.43113,0.173617,3.9386e-08,False,nan|4168,1313884
1,130_bNAb_Combinations|1313884|sample|10|nan|4168,1,6.59198e-07,1.53275,0.33994,0.173617,3.9386e-08,True,PGT121|4168,1313884
1,130_bNAb_Combinations|1313884|sample|11|nan|4168,1,1.52799e-08,1.53262,3.15012,0.173617,3.9386e-08,True,VRC07-523LS|4168,1313884
1,130_bNAb_Combinations|1313884|sample|12|nan|4168,1,1.52799e-08,1.53262,4.87017,0.173617,3.9386e-08,True,VRC07-523LS|4168,1313884
1,130_bNAb_Combinations|1313884|sample|3|nan|4168,1,1.41475e-07,1.53265,0.271452,0.173617,3.9386e-08,True,PGDM1400|4168,1313884
1,130_bNAb_Combinations|1313884|sample|4|nan|4168,1,1.41475e-07,1.53265,0.275634,0.173617,3.9386e-08,True,PGDM1400|4168,1313884
1,130_bNAb_Combinations|1313884|sample|5|nan|4168,1,1.41475e-07,1.53265,0.161033,0.173617,3.9386e-08,True,PGDM1400|4168,1313884
1,130_bNAb_Combinations|1313884|sample|6|nan|4168,1,1.41475e-07,1.53265,0.190238,0.173617,3.9386e-08,True,PGDM1400|4168,1313884
1,130_bNAb_Combinations|1313884|sample|7|nan|4168,1,6.59198e-07,1.53275,0.626366,0.173617,3.9386e-08,True,PGT121|4168,1313884
1,130_bNAb_Combinations|1313884|sample|8|nan|4168,1,6.59198e-07,1.53275,0.595374,0.173617,3.9386e-08,True,PGT121|4168,1313884
1,130_bNAb_Combinations|1313884|sample|9|nan|4168,1,6.59198e-07,1.53275,0.354604,0.173617,3.9386e-08,True,PGT121|4168,1313884
1,130_bNAb_Combinations|1313884|vc|1|2|nan|4168,1,2.45624e-08,1.53239,0.115665,0.173617,3.9386e-08,False,nan|4168,1313884
1,130_bNAb_Combinations|1313884|vc|2|2|nan|4168,1,2.45624e-08,1.53239,3.09978,0.173617,3.9386e-08,False,nan|4168,1313884
1,130_bNAb_Combinations|1313884|vc|3|2|nan|4168,1,2.45624e-08,1.53239,0.424572,0.173617,3.9386e-08,False,nan|4168,1313884
1,130_bNAb_Combinations|1313884|vc|4|2|nan|4168,1,2.45624e-08,1.53239,0.0015453,0.173617,3.9386e-08,False,nan|4168,1313884
1,130_bNAb_Combinations|1313884|vc|5|2|nan|4168,1,2.45624e-08,1.53239,0.274077,0.173617,3.9386e-08,False,nan|4168,1313884
1,130_bNAb_Combinations|1313884|vc|6|2|nan|4168,1,2.45624e-08,1.53239,0.213956,0.173617,3.9386e-08,False,nan|4168,1313884
1,130_bNAb_Combinations|1313884|vc|7|2|nan|4168,1,2.45624e-08,1.53239,4.4782,0.173617,3.9386e-08,False,nan|4168,1313884
1,130_bNAb_Combinations|1313884|vc|8|2|nan|4168,1,2.45624e-08,1.53239,0.691049,0.173617,3.9386e-08,False,nan|4168,1313884
1,130_bNAb_Combinations|1313920|cc|1|1|nan|1798,1,5.8255e-08,1.53211,0.014838,0.1737,3.93869e-08,False,nan|1798,1313920
1,130_bNAb_Combinations|1313920|cc|2|1|nan|1798,1,5.8255e-08,1.53211,0.0194618,0.1737,3.93869e-08,False,nan|1798,1313920
1,130_bNAb_Combinations|1313920|cc|3|1|nan|1798,1,5.8255e-08,1.53211,5.55297,0.1737,3.93869e-08,False,nan|1798,1313920
1,130_bNAb_Combinations|1313920|cc|4|1|nan|1798,1,5.8255e-08,1.53211,0.381725,0.1737,3.93869e-08,False,nan|1798,1313920
1,130_bNAb_Combinations|1313920|cc|5|1|nan|1798,1,5.8255e-08,1.53211,3.32597,0.1737,3.93869e-08,False,nan|1798,1313920
1,130_bNAb_Combinations|1313920|cc|6|1|nan|1798,1,5.8255e-08,1.53211,0.265317,0.1737,3.93869e-08,False,nan|1798,1313920
1,130_bNAb_Combinations|1313920|cc|7|1|nan|1798,1,5.8255e-08,1.53211,0.333581,0.1737,3.93869e-08,False,nan|1798,1313920
1,130_bNAb_Combinations|1313920|cc|8|1|nan|1798,1,5.8255e-08,1.53211,0.094983,0.1737,3.93869e-08,False,nan|1798,1313920
1,130_bNAb_Combinations|1313920|sample|10|nan|1798,1,6.91944e-09,1.53261,17.9674,0.1737,3.93869e-08,True,PGT121|1798,1313920
1,130_bNAb_Combinations|1313920|sample|11|nan|1798,1,4.43886e-09,1.53251,3.36876,0.1737,3.93869e-08,True,VRC07-523LS|1798,1313920
1,130_bNAb_Combinations|1313920|sample|12|nan|1798,1,4.43886e-09,1.53251,2.98416,0.1737,3.93869e-08,True,VRC07-523LS|1798,1313920
1,130_bNAb_Combinations|1313920|sample|3|nan|1798,1,1.03524e-07,0.597851,2.85451,0.1737,3.93869e-08,True,PGDM1400|1798,1313920
1,130_bNAb_Combinations|1313920|sample|4|nan|1798,1,1.03524e-07,0.597851,4.84858,0.1737,3.93869e-08,True,PGDM1400|1798,1313920
1,130_bNAb_Combinations|1313920|sample|5|nan|1798,1,1.03524e-07,0.597851,2.30492,0.1737,3.93869e-08,True,PGDM1400|1798,1313920
1,130_bNAb_Combinations|1313920|sample|6|nan|1798,1,1.03523e-07,0.597851,3.75955,0.1737,3.93869e-08,True,PGDM1400|1798,1313920
1,130_bNAb_Combinations|1313920|sample|7|nan|1798,1,6.91944e-09,1.53261,15.4825,0.1737,3.93869e-08,True,PGT121|1798,1313920
1,130_bNAb_Combinations|1313920|sample|8|nan|1798,1,6.91944e-09,1.53261,15.8271,0.1737,3.93869e-08,True,PGT121|1798,1313920
1,130_bNAb_Combinations|1313920|sample|9|nan|1798,1,6.91944e-09,1.53261,19.9507,0.1737,3.93869e-08,True,PGT121|1798,1313920
1,130_bNAb_Combinations|1313920|vc|1|2|nan|1798,1,5.8255e-08,1.53211,0.586007,0.1737,3.93869e-08,False,nan|1798,1313920
1,130_bNAb_Combinations|1313920|vc|2|2|nan|1798,1,5.8255e-08,1.53211,0.597479,0.1737,3.93869e-08,False,nan|1798,1313920
1,130_bNAb_Combinations|1313920|vc|3|2|nan|1798,1,5.8255e-08,1.53211,0.0220817,0.1737,3.93869e-08,False,nan|1798,1313920
1,130_bNAb_Combinations|1313920|vc|4|2|nan|1798,1,5.8255e-08,1.53211,0.250748,0.1737,3.93869e-08,False,nan|1798,1313920
1,130_bNAb_Combinations|1313920|vc|5|2|nan|1798,1,5.8255e-08,1.53211,175.465,0.1737,3.93869e-08,False,nan|1798,1313920
1,130_bNAb_Combinations|1313920|vc|6|2|nan|1798,1,5.8255e-08,1.53211,0.119174,0.1737,3.93869e-08,False,nan|1798,1313920
1,130_bNAb_Combinations|1313920|vc|7|2|nan|1798,1,5.8255e-08,1.53211,1.94764,0.1737,3.93869e-08,False,nan|1798,1313920
1,130_bNAb_Combinations|1313920|vc|8|2|nan|1798,1,5.8255e-08,1.53211,7.2026,0.1737,3.93869e-08,False,nan|1798,1313920
1,130_bNAb_Combinations|1313938|cc|1|1|TRO.11|8301,1,5.65305e-08,1.5324,0.202228,0.173628,3.93855e-08,False,nan|TRO.11,1313938
1,130_bNAb_Combinations|1313938|cc|2|1|TRO.11|8301,1,5.65305e-08,1.5324,61.2867,0.173628,3.93855e-08,False,nan|TRO.11,1313938
1,130_bNAb_Combinations|1313938|cc|3|1|TRO.11|8301,1,5.65305e-08,1.5324,0.210084,0.173628,3.93855e-08,False,nan|TRO.11,1313938
1,130_bNAb_Combinations|1313938|cc|4|1|TRO.11|8301,1,5.65305e-08,1.5324,0.63312,0.173628,3.93855e-08,False,nan|TRO.11,1313938
1,130_bNAb_Combinations|1313938|cc|5|1|TRO.11|8301,1,5.65305e-08,1.5324,106.954,0.173628,3.93855e-08,False,nan|TRO.11,1313938
1,130_bNAb_Combinations|1313938|cc|6|1|TRO.11|8301,1,5.65305e-08,1.5324,31.0322,0.173628,3.93855e-08,False,nan|TRO.11,1313938
1,130_bNAb_Combinations|1313938|cc|7|1|TRO.11|8301,1,5.65305e-08,1.5324,14.9508,0.173628,3.93855e-08,False,nan|TRO.11,1313938
1,130_bNAb_Combinations|1313938|cc|8|1|TRO.11|8301,1,5.65305e-08,1.5324,0.294832,0.173628,3.93855e-08,False,nan|TRO.11,1313938
1,130_bNAb_Combinations|1313938|sample|10|TRO.11|8301,1,7.41904e-08,1.53259,62.1373,0.173628,3.93855e-08,True,PGT121|TRO.11,1313938
1,130_bNAb_Combinations|1313938|sample|11|TRO.11|8301,1,1.4181e-08,1.53262,9.51765,0.173628,3.93855e-08,True,VRC07-523LS|TRO.11,1313938
1,130_bNAb_Combinations|1313938|sample|12|TRO.11|8301,1,1.4181e-08,1.53262,10.011,0.173628,3.93855e-08,True,VRC07-523LS|TRO.11,1313938
1,130_bNAb_Combinations|1313938|sample|3|TRO.11|8301,1,2.97024e-08,1.53272,1.39576,0.173628,3.93855e-08,True,PGDM1400|TRO.11,1313938
1,130_bNAb_Combinations|1313938|sample|4|TRO.11|8301,1,2.97024e-08,1.53272,1.4242,0.173628,3.93855e-08,True,PGDM1400|TRO.11,1313938
1,130_bNAb_Combinations|1313938|sample|5|TRO.11|8301,1,2.97024e-08,1.53272,1.32131,0.173628,3.93855e-08,True,PGDM1400|TRO.11,1313938
1,130_bNAb_Combinations|1313938|sample|6|TRO.11|8301,1,2.97024e-08,1.53272,1.04137,0.173628,3.93855e-08,True,PGDM1400|TRO.11,1313938
1,130_bNAb_Combinations|1313938|sample|7|TRO.11|8301,1,7.41904e-08,1.53259,43.6674,0.173628,3.93855e-08,True,PGT121|TRO.11,1313938
1,130_bNAb_Combinations|1313938|sample|8|TRO.11|8301,1,7.41904e-08,1.53259,37.9537,0.173628,3.93855e-08,True,PGT121|TRO.11,1313938
1,130_bNAb_Combinations|1313938|sample|9|TRO.11|8301,1,7.41904e-08,1.53259,46.7179,0.173628,3.93855e-08,True,PGT121|TRO.11,1313938
1,130_bNAb_Combinations|1313938|vc|1|2|TRO.11|8301,1,5.65305e-08,1.5324,24.4322,0.173628,3.93855e-08,False,nan|TRO.11,1313938
1,130_bNAb_Combinations|1313938|vc|2|2|TRO.11|8301,1,5.65305e-08,1.5324,62.0356,0.173628,3.93855e-08,False,nan|TRO.11,1313938
1,130_bNAb_Combinations|1313938|vc|3|2|TRO.11|8301,1,5.65305e-08,1.5324,0.00148708,0.173628,3.93855e-08,False,nan|TRO.11,1313938
1,130_bNAb_Combinations|1313938|vc|4|2|TRO.11|8301,1,5.65305e-08,1.5324,0.140885,0.173628,3.93855e-08,False,nan|TRO.11,1313938
1,130_bNAb_Combinations|1313938|vc|5|2|TRO.11|8301,1,5.65305e-08,1.5324,0.0354681,0.173628,3.93855e-08,False,nan|TRO.11,1313938
1,130_bNAb_Combinations|1313938|vc|6|2|TRO.11|8301,1,5.65305e-08,1.5324,0.528706,0.173628,3.93855e-08,False,nan|TRO.11,1313938
1,130_bNAb_Combinations|1313938|vc|7|2|TRO.11|8301,1,5.65305e-08,1.5324,797.359,0.173628,3.93855e-08,False,nan|TRO.11,1313938
1,130_bNAb_Combinations|1313938|vc|8|2|TRO.11|8301,1,5.65305e-08,1.5324,17.6019,0.173628,3.93855e-08,False,nan|TRO.11,1313938
1,130_bNAb_Combinations|1313956|cc|1|1|Ce1176_A3|7023,1,5.71566e-08,1.53242,36.6027,0.173617,3.93644e-08,False,nan|Ce1176_A3,1313956
1,130_bNAb_Combinations|1313956|cc|2|1|Ce1176_A3|7023,1,5.71566e-08,1.53242,6.09088,0.173617,3.93644e-08,False,nan|Ce1176_A3,1313956
1,130_bNAb_Combinations|1313956|cc|3|1|Ce1176_A3|7023,1,5.71566e-08,1.53242,1.25235,0.173617,3.93644e-08,False,nan|Ce1176_A3,1313956
1,130_bNAb_Combinations|1313956|cc|4|1|Ce1176_A3|7023,1,5.71566e-08,1.53242,0.303647,0.173617,3.93644e-08,False,nan|Ce1176_A3,1313956
1,130_bNAb_Combinations|1313956|cc|5|1|Ce1176_A3|7023,1,5.71566e-08,1.53242,0.0628906,0.173617,3.93644e-08,False,nan|Ce1176_A3,1313956
1,130_bNAb_Combinations|1313956|cc|6|1|Ce1176_A3|7023,1,5.71566e-08,1.53242,2.05631,0.173617,3.93644e-08,False,nan|Ce1176_A3,1313956
1,130_bNAb_Combinations|1313956|cc|7|1|Ce1176_A3|7023,1,5.71566e-08,1.53242,2.48135,0.173617,3.93644e-08,False,nan|Ce1176_A3,1313956
1,130_bNAb_Combinations|1313956|cc|8|1|Ce1176_A3|7023,1,5.71566e-08,1.53242,32.4985,0.173617,3.93644e-08,False,nan|Ce1176_A3,1313956
1,130_bNAb_Combinations|1313956|sample|10|Ce1176_A3|7023,1,1.91347e-09,1.5326,54.4429,0.173617,3.93644e-08,True,PGT121|Ce1176_A3,1313956
1,130_bNAb_Combinations|1313956|sample|11|Ce1176_A3|7023,1,5.11042e-08,1.53256,4.21126,0.173617,3.93644e-08,True,VRC07-523LS|Ce1176_A3,1313956
1,130_bNAb_Combinations|1313956|sample|12|Ce1176_A3|7023,1,5.11042e-08,1.53256,6.18386,0.173617,3.93644e-08,True,VRC07-523LS|Ce1176_A3,1313956
1,130_bNAb_Combinations|1313956|sample|3|Ce1176_A3|7023,1,3.11285e-07,1.53267,0.552878,0.173617,3.93644e-08,True,PGDM1400|Ce1176_A3,1313956
1,130_bNAb_Combinations|1313956|sample|4|Ce1176_A3|7023,1,3.11285e-07,1.53267,0.435821,0.173617,3.93644e-08,True,PGDM1400|Ce1176_A3,1313956
1,130_bNAb_Combinations|1313956|sample|5|Ce1176_A3|7023,1,3.11285e-07,1.53267,0.104453,0.173617,3.93644e-08,True,PGDM1400|Ce1176_A3,1313956
1,130_bNAb_Combinations|1313956|sample|6|Ce1176_A3|7023,1,3.11285e-07,1.53267,0.0953904,0.173617,3.93644e-08,True,PGDM1400|Ce1176_A3,1313956
1,130_bNAb_Combinations|1313956|sample|7|Ce1176_A3|7023,1,1.91347e-09,1.5326,47.4962,0.173617,3.93644e-08,True,PGT121|Ce1176_A3,1313956
1,130_bNAb_Combinations|1313956|sample|8|Ce1176_A3|7023,1,1.91347e-09,1.5326,45.7508,0.173617,3.93644e-08,True,PGT121|Ce1176_A3,1313956
1,130_bNAb_Combinations|1313956|sample|9|Ce1176_A3|7023,1,1.91347e-09,1.5326,58.7571,0.173617,3.93644e-08,True,PGT121|Ce1176_A3,1313956
1,130_bNAb_Combinations|1313956|vc|1|2|Ce1176_A3|7023,1,5.71566e-08,1.53242,24.944,0.173617,3.93644e-08,False,nan|Ce1176_A3,1313956
1,130_bNAb_Combinations|1313956|vc|2|2|Ce1176_A3|7023,1,5.71566e-08,1.53242,0.0412399,0.173617,3.93644e-08,False,nan|Ce1176_A3,1313956
1,130_bNAb_Combinations|1313956|vc|3|2|Ce1176_A3|7023,1,5.71566e-08,1.53242,0.111296,0.173617,3.93644e-08,False,nan|Ce1176_A3,1313956
1,130_bNAb_Combinations|1313956|vc|4|2|Ce1176_A3|7023,1,5.71566e-08,1.53242,2.60534,0.173617,3.93644e-08,False,nan|Ce1176_A3,1313956
1,130_bNAb_Combinations|1313956|vc|5|2|Ce1176_A3|7023,1,5.71566e-08,1.53242,2.22487,0.173617,3.93644e-08,False,nan|Ce1176_A3,1313956
1,130_bNAb_Combinations|1313956|vc|6|2|Ce1176_A3|7023,1,5.71566e-08,1.53242,10.9032,0.173617,3.93644e-08,False,nan|Ce1176_A3,1313956
1,130_bNAb_Combinations|1313956|vc|7|2|Ce1176_A3|7023,1,5.71566e-08,1.53242,0.0963499,0.173617,3.93644e-08,False,nan|Ce1176_A3,1313956
1,130_bNAb_Combinations|1313956|vc|8|2|Ce1176_A3|7023,1,5.71566e-08,1.53242,1.57642,0.173617,3.93644e-08,False,nan|Ce1176_A3,1313956
1,130_bNAb_Combinations|1313974|cc|1|1|nan|1176,1,6.63837e-09,1.53238,8.93118,0.173616,3.93856e-08,False,nan|1176,1313974
1,130_bNAb_Combinations|1313974|cc|2|1|nan|1176,1,6.63837e-09,1.53238,0.916686,0.173616,3.93856e-08,False,nan|1176,1313974
1,130_bNAb_Combinations|1313974|cc|3|1|nan|1176,1,6.63837e-09,1.53238,12.5972,0.173616,3.93856e-08,False,nan|1176,1313974
1,130_bNAb_Combinations|1313974|cc|4|1|nan|1176,1,6.63837e-09,1.53238,5.53375,0.173616,3.93856e-08,False,nan|1176,1313974
1,130_bNAb_Combinations|1313974|cc|5|1|nan|1176,1,6.63837e-09,1.53238,0.449304,0.173616,3.93856e-08,False,nan|1176,1313974
1,130_bNAb_Combinations|1313974|cc|6|1|nan|1176,1,6.63837e-09,1.53238,0.321566,0.173616,3.93856e-08,False,nan|1176,1313974
1,130_bNAb_Combinations|1313974|cc|7|1|nan|1176,1,6.63837e-09,1.53238,0.252238,0.173616,3.93856e-08,False,nan|1176,1313974
1,130_bNAb_Combinations|1313974|cc|8|1|nan|1176,1,6.63837e-09,1.53238,0.402932,0.173616,3.93856e-08,False,nan|1176,1313974
1,130_bNAb_Combinations|1313974|sample|10|nan|1176,1,5.7252e-09,0.814374,0.824838,0.173616,3.93856e-08,True,PGT121|1176,1313974
1,130_bNAb_Combinations|1313974|sample|11|nan|1176,1,2.8652e-10,1.53261,11.2268,0.173616,3.93856e-08,True,VRC07-523LS|1176,1313974
1,130_bNAb_Combinations|1313974|sample|12|nan|1176,1,2.8652e-10,1.53261,24.2929,0.173616,3.93856e-08,True,VRC07-523LS|1176,1313974
1,130_bNAb_Combinations|1313974|sample|3|nan|1176,1,2.07119e-05,1.53268,2.74082,0.173616,3.93856e-08,True,PGDM1400|1176,1313974
1,130_bNAb_Combinations|1313974|sample|4|nan|1176,1,2.07119e-05,1.53268,12.6439,0.173616,3.93856e-08,True,PGDM1400|1176,1313974
1,130_bNAb_Combinations|1313974|sample|5|nan|1176,1,2.07119e-05,1.53268,0.991838,0.173616,3.93856e-08,True,PGDM1400|1176,1313974
1,130_bNAb_Combinations|1313974|sample|6|nan|1176,1,2.07119e-05,1.53268,1.35116,0.173616,3.93856e-08,True,PGDM1400|1176,1313974
1,130_bNAb_Combinations|1313974|sample|7|nan|1176,1,5.7252e-09,0.814374,0.62971,0.173616,3.93856e-08,True,PGT121|1176,1313974
1,130_bNAb_Combinations|1313974|sample|8|nan|1176,1,5.7252e-09,0.814374,1.26288,0.173616,3.93856e-08,True,PGT121|1176,1313974
1,130_bNAb_Combinations|1313974|sample|9|nan|1176,1,5.7252e-09,0.814374,0.409148,0.173616,3.93856e-08,True,PGT121|1176,1313974
1,130_bNAb_Combinations|1313974|vc|1|2|nan|1176,1,6.63837e-09,1.53238,5.98865,0.173616,3.93856e-08,False,nan|1176,1313974
1,130_bNAb_Combinations|1313974|vc|2|2|nan|1176,1,6.63837e-09,1.53238,0.000546111,0.173616,3.93856e-08,False,nan|1176,1313974
1,130_bNAb_Combinations|1313974|vc|3|2|nan|1176,1,6.63837e-09,1.53238,1692.65,0.173616,3.93856e-08,False,nan|1176,1313974
1,130_bNAb_Combinations|1313974|vc|4|2|nan|1176,1,6.63837e-09,1.53238,0.237738,0.173616,3.93856e-08,False,nan|1176,1313974
1,130_bNAb_Combinations|1313974|vc|5|2|nan|1176,1,6.63837e-09,1.53238,24.1454,0.173616,3.93856e-08,False,nan|1176,1313974
1,130_bNAb_Combinations|1313974|vc|6|2|nan|1176,1,6.63837e-09,1.53238,1.76236,0.173616,3.93856e-08,False,nan|1176,1313974
1,130_bNAb_Combinations|1313974|vc|7|2|nan|1176,1,6.63837e-09,1.53238,0.00300385,0.173616,3.93856e-08,False,nan|1176,1313974
1,130_bNAb_Combinations|1313974|vc|8|2|nan|1176,1,6.63837e-09,1.53238,5.69474,0.173616,3.93856e-08,False,nan|1176,1313974
1,130_bNAb_Combinations|1313992|cc|1|1|RHPA4259.7|5371,1,1.43599e-07,1.5324,2.32,0.173617,3.93861e-08,False,nan|RHPA4259.7,1313992
1,130_bNAb_Combinations|1313992|cc|2|1|RHPA4259.7|5371,1,1.43599e-07,1.5324,2.42521,0.173617,3.93861e-08,False,nan|RHPA4259.7,1313992
1,130_bNAb_Combinations|1313992|cc|3|1|RHPA4259.7|5371,1,1.43599e-07,1.5324,0.0584447,0.173617,3.93861e-08,False,nan|RHPA4259.7,1313992
1,130_bNAb_Combinations|1313992|cc|4|1|RHPA4259.7|5371,1,1.43599e-07,1.5324,0.304833,0.173617,3.93861e-08,False,nan|RHPA4259.7,1313992
1,130_bNAb_Combinations|1313992|cc|5|1|RHPA4259.7|5371,1,1.43599e-07,1.5324,1.87095,0.173617,3.93861e-08,False,nan|RHPA4259.7,1313992
1,130_bNAb_Combinations|1313992|cc|6|1|RHPA4259.7|5371,1,1.43599e-07,1.5324,0.804273,0.173617,3.93861e-08,False,nan|RHPA4259.7,1313992
1,130_bNAb_Combinations|1313992|cc|7|1|RHPA4259.7|5371,1,1.43599e-07,1.5324,9.47761,0.173617,3.93861e-08,False,nan|RHPA4259.7,1313992
1,130_bNAb_Combinations|1313992|cc|8|1|RHPA4259.7|5371,1,1.43599e-07,1.5324,0.333948,0.173617,3.93861e-08,False,nan|RHPA4259.7,1313992
1,130_bNAb_Combinations|1313992|sample|10|RHPA4259.7|5371,1,1.26825e-07,1.53257,51.1479,0.173617,3.93861e-08,True,PGT121|RHPA4259.7,1313992
1,130_bNAb_Combinations|1313992|sample|11|RHPA4259.7|5371,1,4.53192e-07,1.5326,69.682,0.173617,3.93861e-08,True,VRC07-523LS|RHPA4259.7,1313992
1,130_bNAb_Combinations|1313992|sample|12|RHPA4259.7|5371,1,4.53192e-07,1.5326,61.3968,0.173617,3.93861e-08,True,VRC07-523LS|RHPA4259.7,1313992
1,130_bNAb_Combinations|1313992|sample|3|RHPA4259.7|5371,1,9.42771e-09,1.53262,2.2261,0.173617,3.93861e-08,True,PGDM1400|RHPA4259.7,1313992
1,130_bNAb_Combinations|1313992|sample|4|RHPA4259.7|5371,1,9.42771e-09,1.53262,1.71542,0.173617,3.93861e-08,True,PGDM1400|RHPA4259.7,1313992
1,130_bNAb_Combinations|1313992|sample|5|RHPA4259.7|5371,1,9.42771e-09,1.53262,2.41053,0.173617,3.93861e-08,True,PGDM1400|RHPA4259.7,1313992
1,130_bNAb_Combinations|1313992|sample|6|RHPA4259.7|5371,1,9.42771e-09,1.53262,2.25857,0.173617,3.93861e-08,True,PGDM1400|RHPA4259.7,1313992
1,130_bNAb_Combinations|1313992|sample|7|RHPA4259.7|5371,1,1.26825e-07,1.53257,41.709,0.173617,3.93861e-08,True,PGT121|RHPA4259.7,1313992
1,130_bNAb_Combinations|1313992|sample|8|RHPA4259.7|5371,1,1.26825e-07,1.53257,40.5312,0.173617,3.93861e-08,True,PGT121|RHPA4259.7,1313992
1,130_bNAb_Combinations|1313992|sample|9|RHPA4259.7|5371,1,1.26825e-07,1.53257,44.5289,0.173617,3.93861e-08,True,PGT121|RHPA4259.7,1313992
1,130_bNAb_Combinations|1313992|vc|1|2|RHPA4259.7|5371,1,1.43599e-07,1.5324,99.8578,0.173617,3.93861e-08,False,nan|RHPA4259.7,1313992
1,130_bNAb_Combinations|1313992|vc|2|2|RHPA4259.7|5371,1,1.43599e-07,1.5324,0.0318822,0.173617,3.93861e-08,False,nan|RHPA4259.7,1313992
1,130_bNAb_Combinations|1313992|vc|3|2|RHPA4259.7|5371,1,1.43599e-07,1.5324,0.242697,0.173617,3.93861e-08,False,nan|RHPA4259.7,1313992
1,130_bNAb_Combinations|1313992|vc|4|2|RHPA4259.7|5371,1,1.43599e-07,1.5324,0.94929,0.173617,3.93861e-08,False,nan|RHPA4259.7,1313992
1,130_bNAb_Combinations|1313992|vc|5|2|RHPA4259.7|5371,1,1.43599e-07,1.5324,0.558246,0.173617,3.93861e-08,False,nan|RHPA4259.7,1313992
1,130_bNAb_Combinations|1313992|vc|6|2|RHPA4259.7|5371,1,1.43599e-07,1.5324,8.24434,0.173617,3.93861e-08,False,nan|RHPA4259.7,1313992
1,130_bNAb_Combinations|1313992|vc|7|2|RHPA4259.7|5371,1,1.43599e-07,1.5324,18.1706,0.173617,3.93861e-08,False,nan|RHPA4259.7,1313992
1,130_bNAb_Combinations|1313992|vc|8|2|RHPA4259.7|5371,1,1.43599e-07,1.5324,88.4689,0.173617,3.93861e-08,False,nan|RHPA4259.7,1313992
1,130_bNAb_Combinations|1314016|cc|1|1|nan|3430,1,2.11671e-07,1.5324,5.7836,0.173614,3.93839e-08,False,nan|3430,1314016
1,130_bNAb_Combinations|1314016|cc|2|1|nan|3430,1,2.11671e-07,1.5324,2.72529,0.173614,3.93839e-08,False,nan|3430,1314016
1,130_bNAb_Combinations|1314016|cc|3|1|nan|3430,1,2.11671e-07,1.5324,11.5821,0.173614,3.93839e-08,False,nan|3430,1314016
1,130_bNAb_Combinations|1314016|cc|4|1|nan|3430,1,2.11671e-07,1.5324,70.85,0.173614,3.93839e-08,False,nan|3430,1314016
1,130_bNAb_Combinations|1314016|cc|5|1|nan|3430,1,2.11671e-07,1.5324,0.631273,0.173614,3.93839e-08,False,nan|3430,1314016
1,130_bNAb_Combinations|1314016|cc|6|1|nan|3430,1,2.1167e-07,1.5324,287.234,0.173614,3.93839e-08,False,nan|3430,1314016
1,130_bNAb_Combinations|1314016|cc|7|1|nan|3430,1,2.11671e-07,1.5324,0.0115433,0.173614,3.93839e-08,False,nan|3430,1314016
1,130_bNAb_Combinations|1314016|cc|8|1|nan|3430,1,2.11671e-07,1.5324,585.391,0.173614,3.93839e-08,False,nan|3430,1314016
1,130_bNAb_Combinations|1314016|sample|10|nan|3430,1,1.04669e-07,0.948676,32.1226,0.173614,3.93839e-08,True,PGT121|3430,1314016
1,130_bNAb_Combinations|1314016|sample|11|nan|3430,1,1.42844e-08,1.53253,25.1169,0.173614,3.93839e-08,True,VRC07-523LS|3430,1314016
1,130_bNAb_Combinations|1314016|sample|12|nan|3430,1,1.42844e-08,1.53253,27.5749,0.173614,3.93839e-08,True,VRC07-523LS|3430,1314016
1,130_bNAb_Combinations|1314016|sample|3|nan|3430,1,1.74939e-08,0.89152,367.561,0.173614,3.93839e-08,True,PGDM1400|3430,1314016
1,130_bNAb_Combinations|1314016|sample|4|nan|3430,1,1.74939e-08,0.89152,427.493,0.173614,3.93839e-08,True,PGDM1400|3430,1314016
1,130_bNAb_Combinations|1314016|sample|5|nan|3430,1,1.74939e-08,0.89152,488.804,0.173614,3.93839e-08,True,PGDM1400|3430,1314016
1,130_bNAb_Combinations|1314016|sample|6|nan|3430,1,1.74939e-08,0.89152,542.333,0.173614,3.93839e-08,True,PGDM1400|3430,1314016
1,130_bNAb_Combinations|1314016|sample|7|nan|3430,1,1.04669e-07,0.948676,19.3719,0.173614,3.93839e-08,True,PGT121|3430,1314016
1,130_bNAb_Combinations|1314016|sample|8|nan|3430,1,1.04669e-07,0.948676,19.4238,0.173614,3.93839e-08,True,PGT121|3430,1314016
1,130_bNAb_Combinations|1314016|sample|9|nan|3430,1,1.04669e-07,0.948676,28.5164,0.173614,3.93839e-08,True,PGT121|3430,1314016
1,130_bNAb_Combinations|1314016|vc|1|2|nan|3430,1,2.11671e-07,1.5324,34.5391,0.173614,3.93839e-08,False,nan|3430,1314016
1,130_bNAb_Combinations|1314016|vc|2|2|nan|3430,1,2.1167e-07,1.5324,11.011,0.173614,3.93839e-08,False,nan|3430,1314016
1,130_bNAb_Combinations|1314016|vc|3|2|nan|3430,1,2.11671e-07,1.5324,0.0291792,0.173614,3.93839e-08,False,nan|3430,1314016
1,130_bNAb_Combinations|1314016|vc|4|2|nan|3430,1,2.11671e-07,1.5324,1.48785,0.173614,3.93839e-08,False,nan|3430,1314016
1,130_bNAb_Combinations|1314016|vc|5|2|nan|3430,1,2.11671e-07,1.5324,0.0404336,0.173614,3.93839e-08,False,nan|3430,1314016
1,130_bNAb_Combinations|1314016|vc|6|2|nan|3430,1,2.11671e-07,1.5324,9.49023,0.173614,3.93839e-08,False,nan|3430,1314016
1,130_bNAb_Combinations|1314016|vc|7|2|nan|3430,1,2.11671e-07,1.5324,0.0251843,0.173614,3.93839e-08,False,nan|3430,1314016
1,130_bNAb_Combinations|1314016|vc|8|2|nan|3430,1,2.11671e-07,1.5324,0.0129694,0.173614,3.93839e-08,False,nan|3430,1314016
1,130_bNAb_Combinations|1314040|cc|1|1|nan|4166,1,5.62704e-08,1.53237,0.366605,0.17352,3.93835e-08,False,nan|4166,1314040
1,130_bNAb_Combinations|1314040|cc|2|1|nan|4166,1,5.62704e-08,1.53237,0.148005,0.17352,3.93835e-08,False,nan|4166,1314040
1,130_bNAb_Combinations|1314040|cc|3|1|nan|4166,1,5.62704e-08,1.53237,0.585798,0.17352,3.93835e-08,False,nan|4166,1314040
1,130_bNAb_Combinations|1314040|cc|4|1|nan|4166,1,5.62704e-08,1.53237,1.96078,0.17352,3.93835e-08,False,nan|4166,1314040
1,130_bNAb_Combinations|1314040|cc|5|1|nan|4166,1,5.62704e-08,1.53237,208.588,0.17352,3.93835e-08,False,nan|4166,1314040
1,130_bNAb_Combinations|1314040|cc|6|1|nan|4166,1,5.62704e-08,1.53237,5.06002,0.17352,3.93835e-08,False,nan|4166,1314040
1,130_bNAb_Combinations|1314040|cc|7|1|nan|4166,1,5.62704e-08,1.53237,0.876192,0.17352,3.93835e-08,False,nan|4166,1314040
1,130_bNAb_Combinations|1314040|cc|8|1|nan|4166,1,5.62704e-08,1.53237,0.0180454,0.17352,3.93835e-08,False,nan|4166,1314040
1,130_bNAb_Combinations|1314040|sample|10|nan|4166,1,1.78165e-08,1.97195,82.9023,0.17352,3.93835e-08,True,PGT121|4166,1314040
1,130_bNAb_Combinations|1314040|sample|11|nan|4166,1,2.00326e-08,1.53246,52.5653,0.17352,3.93835e-08,True,VRC07-523LS|4166,1314040
1,130_bNAb_Combinations|1314040|sample|12|nan|4166,1,2.00326e-08,1.53246,76.8825,0.17352,3.93835e-08,True,VRC07-523LS|4166,1314040
1,130_bNAb_Combinations|1314040|sample|3|nan|4166,1,2.69012e-08,0.946323,228.456,0.17352,3.93835e-08,True,PGDM1400|4166,1314040
1,130_bNAb_Combinations|1314040|sample|4|nan|4166,1,2.69012e-08,0.946323,111.692,0.17352,3.93835e-08,True,PGDM1400|4166,1314040
1,130_bNAb_Combinations|1314040|sample|5|nan|4166,1,2.69012e-08,0.946323,164.82,0.17352,3.93835e-08,True,PGDM1400|4166,1314040
1,130_bNAb_Combinations|1314040|sample|6|nan|4166,1,2.69012e-08,0.946323,175.738,0.17352,3.93835e-08,True,PGDM1400|4166,1314040
1,130_bNAb_Combinations|1314040|sample|7|nan|4166,1,1.78165e-08,1.97195,55.81,0.17352,3.93835e-08,True,PGT121|4166,1314040
1,130_bNAb_Combinations|1314040|sample|8|nan|4166,1,1.78165e-08,1.97195,52.7237,0.17352,3.93835e-08,True,PGT121|4166,1314040
1,130_bNAb_Combinations|1314040|sample|9|nan|4166,1,1.78165e-08,1.97195,64.1617,0.17352,3.93835e-08,True,PGT121|4166,1314040
1,130_bNAb_Combinations|1314040|vc|1|2|nan|4166,1,5.62704e-08,1.53237,10.6867,0.17352,3.93835e-08,False,nan|4166,1314040
1,130_bNAb_Combinations|1314040|vc|2|2|nan|4166,1,5.62704e-08,1.53237,0.534451,0.17352,3.93835e-08,False,nan|4166,1314040
1,130_bNAb_Combinations|1314040|vc|3|2|nan|4166,1,5.62704e-08,1.53237,17.884,0.17352,3.93835e-08,False,nan|4166,1314040
1,130_bNAb_Combinations|1314040|vc|4|2|nan|4166,1,5.62704e-08,1.53237,0.0283281,0.17352,3.93835e-08,False,nan|4166,1314040
1,130_bNAb_Combinations|1314040|vc|5|2|nan|4166,1,5.62704e-08,1.53237,0.711352,0.17352,3.93835e-08,False,nan|4166,1314040
1,130_bNAb_Combinations|1314040|vc|6|2|nan|4166,1,5.62704e-08,1.53237,1.13964,0.17352,3.93835e-08,False,nan|4166,1314040
1,130_bNAb_Combinations|1314040|vc|7|2|nan|4166,1,5.62704e-08,1.53237,19.9612,0.17352,3.93835e-08,False,nan|4166,1314040
1,130_bNAb_Combinations|1314040|vc|8|2|nan|4166,1,5.62704e-08,1.53237,0.547294,0.17352,3.93835e-08,False,nan|4166,1314040
1,130_bNAb_Combinations|1314058|cc|1|1|nan|2944,1,1.54195e-07,1.53239,1.03763,0.173596,3.93718e-08,False,nan|2944,1314058
1,130_bNAb_Combinations|1314058|cc|2|1|nan|2944,1,1.54195e-07,1.53239,2.62158,0.173596,3.93718e-08,False,nan|2944,1314058
1,130_bNAb_Combinations|1314058|cc|3|1|nan|2944,1,1.54195e-07,1.53239,0.217874,0.173596,3.93718e-08,False,nan|2944,1314058
1,130_bNAb_Combinations|1314058|cc|4|1|nan|2944,1,1.54195e-07,1.53239,0.625887,0.173596,3.93718e-08,False,nan|2944,1314058
1,130_bNAb_Combinations|1314058|cc|5|1|nan|2944,1,1.54195e-07,1.53239,5958.93,0.173596,3.93718e-08,False,nan|2944,1314058
1,130_bNAb_Combinations|1314058|cc|6|1|nan|2944,1,1.54195e-07,1.53239,2.65067,0.173596,3.93718e-08,False,nan|2944,1314058
1,130_bNAb_Combinations|1314058|cc|7|1|nan|2944,1,1.54195e-07,1.53239,0.510891,0.173596,3.93718e-08,False,nan|2944,1314058
1,130_bNAb_Combinations|1314058|cc|8|1|nan|2944,1,1.54195e-07,1.53239,0.441314,0.173596,3.93718e-08,False,nan|2944,1314058
1,130_bNAb_Combinations|1314058|sample|10|nan|2944,1,5.46466e-07,1.53244,86.7543,0.173596,3.93718e-08,True,PGT121|2944,1314058
1,130_bNAb_Combinations|1314058|sample|11|nan|2944,1,4.07553e-10,1.5325,12.4371,0.173596,3.93718e-08,True,VRC07-523LS|2944,1314058
1,130_bNAb_Combinations|1314058|sample|12|nan|2944,1,4.07553e-10,1.5325,15.5867,0.173596,3.93718e-08,True,VRC07-523LS|2944,1314058
1,130_bNAb_Combinations|1314058|sample|3|nan|2944,1,4.26987e-07,1.53265,361.605,0.173596,3.93718e-08,True,PGDM1400|2944,1314058
1,130_bNAb_Combinations|1314058|sample|4|nan|2944,1,4.26987e-07,1.53265,564.156,0.173596,3.93718e-08,True,PGDM1400|2944,1314058
1,130_bNAb_Combinations|1314058|sample|5|nan|2944,1,4.26987e-07,1.53265,433.6,0.173596,3.93718e-08,True,PGDM1400|2944,1314058
1,130_bNAb_Combinations|1314058|sample|6|nan|2944,1,4.26987e-07,1.53265,740.88,0.173596,3.93718e-08,True,PGDM1400|2944,1314058
1,130_bNAb_Combinations|1314058|sample|7|nan|2944,1,5.46466e-07,1.53244,70.1372,0.173596,3.93718e-08,True,PGT121|2944,1314058
1,130_bNAb_Combinations|1314058|sample|8|nan|2944,1,5.46466e-07,1.53244,67.371,0.173596,3.93718e-08,True,PGT121|2944,1314058
1,130_bNAb_Combinations|1314058|sample|9|nan|2944,1,5.46466e-07,1.53244,73.496,0.173596,3.93718e-08,True,PGT121|2944,1314058
1,130_bNAb_Combinations|1314058|vc|1|2|nan|2944,1,1.54195e-07,1.53239,0.47356,0.173596,3.93718e-08,False,nan|2944,1314058
1,130_bNAb_Combinations|1314058|vc|2|2|nan|2944,1,1.54195e-07,1.53239,0.343597,0.173596,3.93718e-08,False,nan|2944,1314058
1,130_bNAb_Combinations|1314058|vc|3|2|nan|2944,1,1.54195e-07,1.53239,4.09369,0.173596,3.93718e-08,False,nan|2944,1314058
1,130_bNAb_Combinations|1314058|vc|4|2|nan|2944,1,1.54195e-07,1.53239,0.0128069,0.173596,3.93718e-08,False,nan|2944,1314058
1,130_bNAb_Combinations|1314058|vc|5|2|nan|2944,1,1.54195e-07,1.53239,13.0149,0.173596,3.93718e-08,False,nan|2944,1314058
1,130_bNAb_Combinations|1314058|vc|6|2|nan|2944,1,1.54195e-07,1.53239,40.3548,0.173596,3.93718e-08,False,nan|2944,1314058
1,130_bNAb_Combinations|1314058|vc|7|2|nan|2944,1,1.54195e-07,1.53239,1.61388,0.173596,3.93718e-08,False,nan|2944,1314058
1,130_bNAb_Combinations|1314058|vc|8|2|nan|2944,1,1.54195e-07,1.53239,3.04145,0.173596,3.93718e-08,False,nan|2944,1314058
1,130_bNAb_Combinations|1342240|cc|1|1|nan|1798,1,5.8255e-08,1.53211,0.0838037,0.173616,3.93858e-08,False,nan|1798,1342240
1,130_bNAb_Combinations|1342240|cc|2|1|nan|1798,1,5.8255e-08,1.53211,0.0507476,0.173616,3.93858e-08,False,nan|1798,1342240
1,130_bNAb_Combinations|1342240|cc|3|1|nan|1798,1,5.8255e-08,1.53211,0.1617,0.173616,3.93858e-08,False,nan|1798,1342240
1,130_bNAb_Combinations|1342240|cc|4|1|nan|1798,1,5.8255e-08,1.53211,0.126171,0.173616,3.93858e-08,False,nan|1798,1342240
1,130_bNAb_Combinations|1342240|cc|5|1|nan|1798,1,5.8255e-08,1.53211,0.480781,0.173616,3.93858e-08,False,nan|1798,1342240
1,130_bNAb_Combinations|1342240|cc|6|1|nan|1798,1,5.8255e-08,1.53211,0.484044,0.173616,3.93858e-08,False,nan|1798,1342240
1,130_bNAb_Combinations|1342240|cc|7|1|nan|1798,1,5.8255e-08,1.53211,1.20842,0.173616,3.93858e-08,False,nan|1798,1342240
1,130_bNAb_Combinations|1342240|cc|8|1|nan|1798,1,5.8255e-08,1.53211,0.131873,0.173616,3.93858e-08,False,nan|1798,1342240
1,130_bNAb_Combinations|1342240|sample|3|nan|1798,1,4.43886e-09,1.53251,1.78594,0.173616,3.93858e-08,True,VRC07-523LS|1798,1342240
1,130_bNAb_Combinations|1342240|sample|4|nan|1798,1,4.43886e-09,1.53251,2.20277,0.173616,3.93858e-08,True,VRC07-523LS|1798,1342240
1,130_bNAb_Combinations|1342240|sample|8|nan|1798,1,4.43886e-09,1.53251,7.34428,0.173616,3.93858e-08,True,VRC07-523LS|1798,1342240
1,130_bNAb_Combinations|1342240|vc|1|2|nan|1798,1,5.8255e-08,1.53211,0.0120421,0.173616,3.93858e-08,False,nan|1798,1342240
1,130_bNAb_Combinations|1342240|vc|2|2|nan|1798,1,5.8255e-08,1.53211,0.0779908,0.173616,3.93858e-08,False,nan|1798,1342240
1,130_bNAb_Combinations|1342240|vc|3|2|nan|1798,1,5.8255e-08,1.53211,0.856354,0.173616,3.93858e-08,False,nan|1798,1342240
1,130_bNAb_Combinations|1342240|vc|4|2|nan|1798,1,5.8255e-08,1.53211,0.727043,0.173616,3.93858e-08,False,nan|1798,1342240
1,130_bNAb_Combinations|1342240|vc|5|2|nan|1798,1,5.8255e-08,1.53211,0.269996,0.173616,3.93858e-08,False,nan|1798,1342240
1,130_bNAb_Combinations|1342240|vc|6|2|nan|1798,1,5.8255e-08,1.53211,1.82347,0.173616,3.93858e-08,False,nan|1798,1342240
1,130_bNAb_Combinations|1342240|vc|7|2|nan|1798,1,5.8255e-08,1.53211,0.0019976,0.173616,3.93858e-08,False,nan|1798,1342240
1,130_bNAb_Combinations|1342240|vc|8|2|nan|1798,1,5.8255e-08,1.53211,2.54203,0.173616,3.93858e-08,False,nan|1798,1342240
1,130_bNAb_Combinations|1342258|cc|1|1|TRO.11|8301,1,5.65305e-08,1.5324,0.000967646,0.173642,3.93797e-08,False,nan|TRO.11,1342258
1,130_bNAb_Combinations|1342258|cc|2|1|TRO.11|8301,1,5.65305e-08,1.5324,10.924,0.173642,3.93797e-08,False,nan|TRO.11,1342258
1,130_bNAb_Combinations|1342258|cc|3|1|TRO.11|8301,1,5.65305e-08,1.5324,0.363081,0.173642,3.93797e-08,False,nan|TRO.11,1342258
1,130_bNAb_Combinations|1342258|cc|4|1|TRO.11|8301,1,5.65305e-08,1.5324,0.133714,0.173642,3.93797e-08,False,nan|TRO.11,1342258
1,130_bNAb_Combinations|1342258|cc|5|1|TRO.11|8301,1,5.65305e-08,1.5324,0.144757,0.173642,3.93797e-08,False,nan|TRO.11,1342258
1,130_bNAb_Combinations|1342258|cc|6|1|TRO.11|8301,1,5.65305e-08,1.5324,0.385635,0.173642,3.93797e-08,False,nan|TRO.11,1342258
1,130_bNAb_Combinations|1342258|cc|7|1|TRO.11|8301,1,5.65305e-08,1.5324,100.895,0.173642,3.93797e-08,False,nan|TRO.11,1342258
1,130_bNAb_Combinations|1342258|cc|8|1|TRO.11|8301,1,5.65305e-08,1.5324,0.844645,0.173642,3.93797e-08,False,nan|TRO.11,1342258
1,130_bNAb_Combinations|1342258|sample|3|TRO.11|8301,1,1.4181e-08,1.53262,9.43498,0.173642,3.93797e-08,True,VRC07-523LS|TRO.11,1342258
1,130_bNAb_Combinations|1342258|sample|4|TRO.11|8301,1,1.4181e-08,1.53262,8.41748,0.173642,3.93797e-08,True,VRC07-523LS|TRO.11,1342258
1,130_bNAb_Combinations|1342258|vc|1|2|TRO.11|8301,1,5.65305e-08,1.5324,1.36882,0.173642,3.93797e-08,False,nan|TRO.11,1342258
1,130_bNAb_Combinations|1342258|vc|2|2|TRO.11|8301,1,5.65305e-08,1.5324,0.153881,0.173642,3.93797e-08,False,nan|TRO.11,1342258
1,130_bNAb_Combinations|1342258|vc|3|2|TRO.11|8301,1,5.65305e-08,1.5324,0.104446,0.173642,3.93797e-08,False,nan|TRO.11,1342258
1,130_bNAb_Combinations|1342258|vc|4|2|TRO.11|8301,1,5.65305e-08,1.5324,0.174452,0.173642,3.93797e-08,False,nan|TRO.11,1342258
1,130_bNAb_Combinations|1342258|vc|5|2|TRO.11|8301,1,5.65305e-08,1.5324,2.63037,0.173642,3.93797e-08,False,nan|TRO.11,1342258
1,130_bNAb_Combinations|1342258|vc|6|2|TRO.11|8301,1,5.65305e-08,1.5324,526.533,0.173642,3.93797e-08,False,nan|TRO.11,1342258
1,130_bNAb_Combinations|1342258|vc|7|2|TRO.11|8301,1,5.65305e-08,1.5324,0.474078,0.173642,3.93797e-08,False,nan|TRO.11,1342258
1,130_bNAb_Combinations|1342258|vc|8|2|TRO.11|8301,1,5.65305e-08,1.5324,6.91879,0.173642,3.93797e-08,False,nan|TRO.11,1342258
1,130_bNAb_Combinations|1342276|cc|1|1|Ce1176_A3|7023,1,5.71566e-08,1.53242,0.396584,0.173683,3.93925e-08,False,nan|Ce1176_A3,1342276
1,130_bNAb_Combinations|1342276|cc|2|1|Ce1176_A3|7023,1,5.71566e-08,1.53242,1.26104,0.173683,3.93925e-08,False,nan|Ce1176_A3,1342276
1,130_bNAb_Combinations|1342276|cc|3|1|Ce1176_A3|7023,1,5.71566e-08,1.53242,305.742,0.173683,3.93925e-08,False,nan|Ce1176_A3,1342276
1,130_bNAb_Combinations|1342276|cc|4|1|Ce1176_A3|7023,1,5.71566e-08,1.53242,0.174574,0.173683,3.93925e-08,False,nan|Ce1176_A3,1342276
1,130_bNAb_Combinations|1342276|cc|5|1|Ce1176_A3|7023,1,5.71566e-08,1.53242,2.34005,0.173683,3.93925e-08,False,nan|Ce1176_A3,1342276
1,130_bNAb_Combinations|1342276|cc|6|1|Ce1176_A3|7023,1,5.71566e-08,1.53242,230.481,0.173683,3.93925e-08,False,nan|Ce1176_A3,1342276
1,130_bNAb_Combinations|1342276|cc|7|1|Ce1176_A3|7023,1,5.71566e-08,1.53242,6.83085,0.173683,3.93925e-08,False,nan|Ce1176_A3,1342276
1,130_bNAb_Combinations|1342276|cc|8|1|Ce1176_A3|7023,1,5.71566e-08,1.53242,6.86597,0.173683,3.93925e-08,False,nan|Ce1176_A3,1342276
1,130_bNAb_Combinations|1342276|sample|3|Ce1176_A3|7023,1,5.11042e-08,1.53256,3.55469,0.173683,3.93925e-08,True,VRC07-523LS|Ce1176_A3,1342276
1,130_bNAb_Combinations|1342276|sample|4|Ce1176_A3|7023,1,5.11042e-08,1.53256,2.82878,0.173683,3.93925e-08,True,VRC07-523LS|Ce1176_A3,1342276
1,130_bNAb_Combinations|1342276|vc|1|2|Ce1176_A3|7023,1,5.71566e-08,1.53242,0.0207942,0.173683,3.93925e-08,False,nan|Ce1176_A3,1342276
1,130_bNAb_Combinations|1342276|vc|2|2|Ce1176_A3|7023,1,5.71566e-08,1.53242,0.193398,0.173683,3.93925e-08,False,nan|Ce1176_A3,1342276
1,130_bNAb_Combinations|1342276|vc|3|2|Ce1176_A3|7023,1,5.71566e-08,1.53242,1.00408,0.173683,3.93925e-08,False,nan|Ce1176_A3,1342276
1,130_bNAb_Combinations|1342276|vc|4|2|Ce1176_A3|7023,1,5.71566e-08,1.53242,1.46025,0.173683,3.93925e-08,False,nan|Ce1176_A3,1342276
1,130_bNAb_Combinations|1342276|vc|5|2|Ce1176_A3|7023,1,5.71566e-08,1.53242,0.000662999,0.173683,3.93925e-08,False,nan|Ce1176_A3,1342276
1,130_bNAb_Combinations|1342276|vc|6|2|Ce1176_A3|7023,1,5.71566e-08,1.53242,0.668246,0.173683,3.93925e-08,False,nan|Ce1176_A3,1342276
1,130_bNAb_Combinations|1342276|vc|7|2|Ce1176_A3|7023,1,5.71566e-08,1.53242,0.000896576,0.173683,3.93925e-08,False,nan|Ce1176_A3,1342276
1,130_bNAb_Combinations|1342276|vc|8|2|Ce1176_A3|7023,1,5.71566e-08,1.53242,11.8561,0.173683,3.93925e-08,False,nan|Ce1176_A3,1342276
1,130_bNAb_Combinations|1342294|cc|1|1|nan|1176,1,6.63837e-09,1.53238,0.788559,0.173617,3.9385e-08,False,nan|1176,1342294
1,130_bNAb_Combinations|1342294|cc|2|1|nan|1176,1,6.63837e-09,1.53238,0.0425685,0.173617,3.9385e-08,False,nan|1176,1342294
1,130_bNAb_Combinations|1342294|cc|3|1|nan|1176,1,6.63837e-09,1.53238,0.00557355,0.173617,3.9385e-08,False,nan|1176,1342294
1,130_bNAb_Combinations|1342294|cc|4|1|nan|1176,1,6.63837e-09,1.53238,649.34,0.173617,3.9385e-08,False,nan|1176,1342294
1,130_bNAb_Combinations|1342294|cc|5|1|nan|1176,1,6.63837e-09,1.53238,0.204756,0.173617,3.9385e-08,False,nan|1176,1342294
1,130_bNAb_Combinations|1342294|cc|6|1|nan|1176,1,6.63837e-09,1.53238,4.40817,0.173617,3.9385e-08,False,nan|1176,1342294
1,130_bNAb_Combinations|1342294|cc|7|1|nan|1176,1,6.63837e-09,1.53238,259.887,0.173617,3.9385e-08,False,nan|1176,1342294
1,130_bNAb_Combinations|1342294|cc|8|1|nan|1176,1,6.63837e-09,1.53238,0.120227,0.173617,3.9385e-08,False,nan|1176,1342294
1,130_bNAb_Combinations|1342294|sample|3|nan|1176,1,2.8652e-10,1.53261,17.1681,0.173617,3.9385e-08,True,VRC07-523LS|1176,1342294
1,130_bNAb_Combinations|1342294|sample|4|nan|1176,1,2.8652e-10,1.53261,17.98,0.173617,3.9385e-08,True,VRC07-523LS|1176,1342294
1,130_bNAb_Combinations|1342294|sample|8|nan|1176,1,2.8652e-10,1.53261,1.2091,0.173617,3.9385e-08,True,VRC07-523LS|1176,1342294
1,130_bNAb_Combinations|1342294|vc|1|2|nan|1176,1,6.63837e-09,1.53238,21.8245,0.173617,3.9385e-08,False,nan|1176,1342294
1,130_bNAb_Combinations|1342294|vc|2|2|nan|1176,1,6.63837e-09,1.53238,1.27793,0.173617,3.9385e-08,False,nan|1176,1342294
1,130_bNAb_Combinations|1342294|vc|3|2|nan|1176,1,6.63837e-09,1.53238,699.835,0.173617,3.9385e-08,False,nan|1176,1342294
1,130_bNAb_Combinations|1342294|vc|4|2|nan|1176,1,6.63837e-09,1.53238,0.369421,0.173617,3.9385e-08,False,nan|1176,1342294
1,130_bNAb_Combinations|1342294|vc|5|2|nan|1176,1,6.63837e-09,1.53238,0.589924,0.173617,3.9385e-08,False,nan|1176,1342294
1,130_bNAb_Combinations|1342294|vc|6|2|nan|1176,1,6.63837e-09,1.53238,0.242432,0.173617,3.9385e-08,False,nan|1176,1342294
1,130_bNAb_Combinations|1342294|vc|7|2|nan|1176,1,6.63837e-09,1.53238,71.3289,0.173617,3.9385e-08,False,nan|1176,1342294
1,130_bNAb_Combinations|1342294|vc|8|2|nan|1176,1,6.63837e-09,1.53238,222.505,0.173617,3.9385e-08,False,nan|1176,1342294
1,130_bNAb_Combinations|1342312|cc|1|1|RHPA4259.7|5371,1,1.43599e-07,1.5324,0.137957,0.173615,3.90616e-08,False,nan|RHPA4259.7,1342312
1,130_bNAb_Combinations|1342312|cc|2|1|RHPA4259.7|5371,1,1.43599e-07,1.5324,60.5704,0.173615,3.90616e-08,False,nan|RHPA4259.7,1342312
1,130_bNAb_Combinations|1342312|cc|3|1|RHPA4259.7|5371,1,1.43599e-07,1.5324,0.863551,0.173615,3.90616e-08,False,nan|RHPA4259.7,1342312
1,130_bNAb_Combinations|1342312|cc|4|1|RHPA4259.7|5371,1,1.43599e-07,1.5324,0.226163,0.173615,3.90616e-08,False,nan|RHPA4259.7,1342312
1,130_bNAb_Combinations|1342312|cc|5|1|RHPA4259.7|5371,1,1.43599e-07,1.5324,3.10967,0.173615,3.90616e-08,False,nan|RHPA4259.7,1342312
1,130_bNAb_Combinations|1342312|cc|6|1|RHPA4259.7|5371,1,1.43599e-07,1.5324,77.0497,0.173615,3.90616e-08,False,nan|RHPA4259.7,1342312
1,130_bNAb_Combinations|1342312|cc|7|1|RHPA4259.7|5371,1,1.43599e-07,1.5324,45.1224,0.173615,3.90616e-08,False,nan|RHPA4259.7,1342312
1,130_bNAb_Combinations|1342312|cc|8|1|RHPA4259.7|5371,1,1.43599e-07,1.5324,216.446,0.173615,3.90616e-08,False,nan|RHPA4259.7,1342312
1,130_bNAb_Combinations|1342312|sample|3|RHPA4259.7|5371,1,4.53192e-07,1.5326,31.6511,0.173615,3.90616e-08,True,VRC07-523LS|RHPA4259.7,1342312
1,130_bNAb_Combinations|1342312|sample|4|RHPA4259.7|5371,1,4.53192e-07,1.5326,33.4526,0.173615,3.90616e-08,True,VRC07-523LS|RHPA4259.7,1342312
1,130_bNAb_Combinations|1342312|vc|1|2|RHPA4259.7|5371,1,1.43599e-07,1.5324,0.887742,0.173615,3.90616e-08,False,nan|RHPA4259.7,1342312
1,130_bNAb_Combinations|1342312|vc|2|2|RHPA4259.7|5371,1,1.43599e-07,1.5324,13.9964,0.173615,3.90616e-08,False,nan|RHPA4259.7,1342312
1,130_bNAb_Combinations|1342312|vc|3|2|RHPA4259.7|5371,1,1.43599e-07,1.5324,43.9006,0.173615,3.90616e-08,False,nan|RHPA4259.7,1342312
1,130_bNAb_Combinations|1342312|vc|4|2|RHPA4259.7|5371,1,1.43599e-07,1.5324,5.72339,0.173615,3.90616e-08,False,nan|RHPA4259.7,1342312
1,130_bNAb_Combinations|1342312|vc|5|2|RHPA4259.7|5371,1,1.43599e-07,1.5324,0.0386242,0.173615,3.90616e-08,False,nan|RHPA4259.7,1342312
1,130_bNAb_Combinations|1342312|vc|6|2|RHPA4259.7|5371,1,1.43599e-07,1.5324,1.46224,0.173615,3.90616e-08,False,nan|RHPA4259.7,1342312
1,130_bNAb_Combinations|1342312|vc|7|2|RHPA4259.7|5371,1,1.43599e-07,1.5324,28.1039,0.173615,3.90616e-08,False,nan|RHPA4259.7,1342312
1,130_bNAb_Combinations|1342312|vc|8|2|RHPA4259.7|5371,1,1.43599e-07,1.5324,0.0863026,0.173615,3.90616e-08,False,nan|RHPA4259.7,1342312
1,130_bNAb_Combinations|1342336|cc|1|1|nan|3430,1,2.11671e-07,1.5324,3.00799,0.173616,3.93856e-08,False,nan|3430,1342336
1,130_bNAb_Combinations|1342336|cc|2|1|nan|3430,1,2.11671e-07,1.5324,0.0553284,0.173616,3.93856e-08,False,nan|3430,1342336
1,130_bNAb_Combinations|1342336|cc|3|1|nan|3430,1,2.11671e-07,1.5324,0.692344,0.173616,3.93856e-08,False,nan|3430,1342336
1,130_bNAb_Combinations|1342336|cc|4|1|nan|3430,1,2.11671e-07,1.5324,306.075,0.173616,3.93856e-08,False,nan|3430,1342336
1,130_bNAb_Combinations|1342336|cc|5|1|nan|3430,1,2.11671e-07,1.5324,0.0139056,0.173616,3.93856e-08,False,nan|3430,1342336
1,130_bNAb_Combinations|1342336|cc|6|1|nan|3430,1,2.11671e-07,1.5324,0.000610176,0.173616,3.93856e-08,False,nan|3430,1342336
1,130_bNAb_Combinations|1342336|cc|7|1|nan|3430,1,2.11671e-07,1.5324,0.0636736,0.173616,3.93856e-08,False,nan|3430,1342336
1,130_bNAb_Combinations|1342336|cc|8|1|nan|3430,1,2.11671e-07,1.5324,1.74714,0.173616,3.93856e-08,False,nan|3430,1342336
1,130_bNAb_Combinations|1342336|sample|3|nan|3430,1,1.42844e-08,1.53253,20.3089,0.173616,3.93856e-08,True,VRC07-523LS|3430,1342336
1,130_bNAb_Combinations|1342336|sample|4|nan|3430,1,1.42844e-08,1.53253,22.8643,0.173616,3.93856e-08,True,VRC07-523LS|3430,1342336
1,130_bNAb_Combinations|1342336|sample|5|nan|3430,1,1.42844e-08,1.53253,1408.38,0.173616,3.93856e-08,True,VRC07-523LS|3430,1342336
1,130_bNAb_Combinations|1342336|vc|1|2|nan|3430,1,2.11671e-07,1.5324,2.6093,0.173616,3.93856e-08,False,nan|3430,1342336
1,130_bNAb_Combinations|1342336|vc|2|2|nan|3430,1,2.11671e-07,1.5324,2.98561,0.173616,3.93856e-08,False,nan|3430,1342336
1,130_bNAb_Combinations|1342336|vc|3|2|nan|3430,1,2.11671e-07,1.5324,0.973861,0.173616,3.93856e-08,False,nan|3430,1342336
1,130_bNAb_Combinations|1342336|vc|4|2|nan|3430,1,2.11671e-07,1.5324,0.0616783,0.173616,3.93856e-08,False,nan|3430,1342336
1,130_bNAb_Combinations|1342336|vc|5|2|nan|3430,1,2.1167e-07,1.5324,0.00301904,0.173616,3.93856e-08,False,nan|3430,1342336
1,130_bNAb_Combinations|1342336|vc|6|2|nan|3430,1,2.11671e-07,1.5324,1.10698,0.173616,3.93856e-08,False,nan|3430,1342336
1,130_bNAb_Combinations|1342336|vc|7|2|nan|3430,1,2.11671e-07,1.5324,0.0782395,0.173616,3.93856e-08,False,nan|3430,1342336
1,130_bNAb_Combinations|1342336|vc|8|2|nan|3430,1,2.11671e-07,1.5324,54.8995,0.173616,3.93856e-08,False,nan|3430,1342336
1,130_bNAb_Combinations|1342348|cc|1|1|nan|4166,1,5.62704e-08,1.53237,0.0349632,0.173619,3.89881e-08,False,nan|4166,1342348
1,130_bNAb_Combinations|1342348|cc|2|1|nan|4166,1,5.62704e-08,1.53237,0.241843,0.173619,3.89881e-08,False,nan|4166,1342348
1,130_bNAb_Combinations|1342348|cc|3|1|nan|4166,1,5.62704e-08,1.53237,10.2348,0.173619,3.89881e-08,False,nan|4166,1342348
1,130_bNAb_Combinations|1342348|cc|4|1|nan|4166,1,5.62704e-08,1.53237,0.414758,0.173619,3.89881e-08,False,nan|4166,1342348
1,130_bNAb_Combinations|1342348|cc|5|1|nan|4166,1,5.62704e-08,1.53237,2.05625,0.173619,3.89881e-08,False,nan|4166,1342348
1,130_bNAb_Combinations|1342348|cc|6|1|nan|4166,1,5.62704e-08,1.53237,90.7864,0.173619,3.89881e-08,False,nan|4166,1342348
1,130_bNAb_Combinations|1342348|cc|7|1|nan|4166,1,5.62704e-08,1.53237,0.0119062,0.173619,3.89881e-08,False,nan|4166,1342348
1,130_bNAb_Combinations|1342348|cc|8|1|nan|4166,1,5.62704e-08,1.53237,0.136836,0.173619,3.89881e-08,False,nan|4166,1342348
1,130_bNAb_Combinations|1342348|sample|3|nan|4166,1,2.00326e-08,1.53246,43.6882,0.173619,3.89881e-08,True,VRC07-523LS|4166,1342348
1,130_bNAb_Combinations|1342348|sample|4|nan|4166,1,2.00326e-08,1.53246,49.2772,0.173619,3.89881e-08,True,VRC07-523LS|4166,1342348
1,130_bNAb_Combinations|1342348|vc|1|2|nan|4166,1,5.62704e-08,1.53237,1.80011,0.173619,3.89881e-08,False,nan|4166,1342348
1,130_bNAb_Combinations|1342348|vc|2|2|nan|4166,1,5.62704e-08,1.53237,5.56481,0.173619,3.89881e-08,False,nan|4166,1342348
1,130_bNAb_Combinations|1342348|vc|3|2|nan|4166,1,5.62704e-08,1.53237,3.70139,0.173619,3.89881e-08,False,nan|4166,1342348
1,130_bNAb_Combinations|1342348|vc|4|2|nan|4166,1,5.62704e-08,1.53237,0.0176033,0.173619,3.89881e-08,False,nan|4166,1342348
1,130_bNAb_Combinations|1342348|vc|5|2|nan|4166,1,5.62704e-08,1.53237,595.157,0.173619,3.89881e-08,False,nan|4166,1342348
1,130_bNAb_Combinations|1342348|vc|6|2|nan|4166,1,5.62704e-08,1.53237,0.216116,0.173619,3.89881e-08,False,nan|4166,1342348
1,130_bNAb_Combinations|1342348|vc|7|2|nan|4166,1,5.62704e-08,1.53237,65.7389,0.173619,3.89881e-08,False,nan|4166,1342348
1,130_bNAb_Combinations|1342348|vc|8|2|nan|4166,1,5.62704e-08,1.53237,703.829,0.173619,3.89881e-08,False,nan|4166,1342348
1,130_bNAb_Combinations|1342372|cc|1|1|nan|2944,1,1.54195e-07,1.53239,0.0275829,0.173646,3.93881e-08,False,nan|2944,1342372
1,130_bNAb_Combinations|1342372|cc|2|1|nan|2944,1,1.54195e-07,1.53239,16.1876,0.173646,3.93881e-08,False,nan|2944,1342372
1,130_bNAb_Combinations|1342372|cc|3|1|nan|2944,1,1.54195e-07,1.53239,0.380264,0.173646,3.93881e-08,False,nan|2944,1342372
1,130_bNAb_Combinations|1342372|cc|4|1|nan|2944,1,1.54195e-07,1.53239,0.917871,0.173646,3.93881e-08,False,nan|2944,1342372
1,130_bNAb_Combinations|1342372|cc|5|1|nan|2944,1,1.54195e-07,1.53239,15.0508,0.173646,3.93881e-08,False,nan|2944,1342372
1,130_bNAb_Combinations|1342372|cc|6|1|nan|2944,1,1.54195e-07,1.53239,1.34368,0.173646,3.93881e-08,False,nan|2944,1342372
1,130_bNAb_Combinations|1342372|cc|7|1|nan|2944,1,1.54195e-07,1.53239,2.07277,0.173646,3.93881e-08,False,nan|2944,1342372
1,130_bNAb_Combinations|1342372|cc|8|1|nan|2944,1,1.54195e-07,1.53239,20.9408,0.173646,3.93881e-08,False,nan|2944,1342372
1,130_bNAb_Combinations|1342372|sample|3|nan|2944,1,4.07553e-10,1.5325,12.6052,0.173646,3.93881e-08,True,VRC07-523LS|2944,1342372
1,130_bNAb_Combinations|1342372|sample|4|nan|2944,1,4.07553e-10,1.5325,13.1681,0.173646,3.93881e-08,True,VRC07-523LS|2944,1342372
1,130_bNAb_Combinations|1342372|vc|1|2|nan|2944,1,1.54195e-07,1.53239,0.0120945,0.173646,3.93881e-08,False,nan|2944,1342372
1,130_bNAb_Combinations|1342372|vc|2|2|nan|2944,1,1.54195e-07,1.53239,52.3785,0.173646,3.93881e-08,False,nan|2944,1342372
1,130_bNAb_Combinations|1342372|vc|3|2|nan|2944,1,1.54195e-07,1.53239,50.772,0.173646,3.93881e-08,False,nan|2944,1342372
1,130_bNAb_Combinations|1342372|vc|4|2|nan|2944,1,1.54195e-07,1.53239,0.0732542,0.173646,3.93881e-08,False,nan|2944,1342372
1,130_bNAb_Combinations|1342372|vc|5|2|nan|2944,1,1.54195e-07,1.53239,19.476,0.173646,3.93881e-08,False,nan|2944,1342372
1,130_bNAb_Combinations|1342372|vc|6|2|nan|2944,1,1.54195e-07,1.53239,0.394775,0.173646,3.93881e-08,False,nan|2944,1342372
1,130_bNAb_Combinations|1342372|vc|7|2|nan|2944,1,1.54195e-07,1.53239,0.0784075,0.173646,3.93881e-08,False,nan|2944,1342372
1,130_bNAb_Combinations|1342372|vc|8|2|nan|2944,1,1.54195e-07,1.53239,19.0217,0.173646,3.93881e-08,False,nan|2944,1342372
1,130_bNAb_Combinations|1342384|cc|1|1|nan|2946,1,4.34299e-08,1.5324,0.0712642,0.108153,3.93862e-08,False,nan|2946,1342384
1,130_bNAb_Combinations|1342384|cc|2|1|nan|2946,1,4.34299e-08,1.5324,0.161489,0.108153,3.93862e-08,False,nan|2946,1342384
1,130_bNAb_Combinations|1342384|cc|3|1|nan|2946,1,4.34299e-08,1.5324,0.0713522,0.108153,3.93862e-08,False,nan|2946,1342384
1,130_bNAb_Combinations|1342384|cc|4|1|nan|2946,1,4.34299e-08,1.5324,27.242,0.108153,3.93862e-08,False,nan|2946,1342384
1,130_bNAb_Combinations|1342384|cc|5|1|nan|2946,1,4.34299e-08,1.5324,0.303615,0.108153,3.93862e-08,False,nan|2946,1342384
1,130_bNAb_Combinations|1342384|cc|6|1|nan|2946,1,4.34299e-08,1.5324,30.264,0.108153,3.93862e-08,False,nan|2946,1342384
1,130_bNAb_Combinations|1342384|cc|7|1|nan|2946,1,4.34299e-08,1.5324,1.82255,0.108153,3.93862e-08,False,nan|2946,1342384
1,130_bNAb_Combinations|1342384|cc|8|1|nan|2946,1,4.34299e-08,1.5324,0.0140422,0.108153,3.93862e-08,False,nan|2946,1342384
1,130_bNAb_Combinations|1342384|sample|3|nan|2946,1,2.70711e-07,1.53262,1.70407,0.108153,3.93862e-08,True,VRC07-523LS|2946,1342384
1,130_bNAb_Combinations|1342384|sample|4|nan|2946,1,2.70711e-07,1.53262,1.83971,0.108153,3.93862e-08,True,VRC07-523LS|2946,1342384
1,130_bNAb_Combinations|1342384|vc|1|2|nan|2946,1,4.34299e-08,1.5324,0.0561013,0.108153,3.93862e-08,False,nan|2946,1342384
1,130_bNAb_Combinations|1342384|vc|2|2|nan|2946,1,4.34299e-08,1.5324,0.629726,0.108153,3.93862e-08,False,nan|2946,1342384
1,130_bNAb_Combinations|1342384|vc|3|2|nan|2946,1,4.34299e-08,1.5324,0.627749,0.108153,3.93862e-08,False,nan|2946,1342384
1,130_bNAb_Combinations|1342384|vc|4|2|nan|2946,1,4.34299e-08,1.5324,9.62969,0.108153,3.93862e-08,False,nan|2946,1342384
1,130_bNAb_Combinations|1342384|vc|5|2|nan|2946,1,4.34299e-08,1.5324,0.0432353,0.108153,3.93862e-08,False,nan|2946,1342384
1,130_bNAb_Combinations|1342384|vc|6|2|nan|2946,1,4.34299e-08,1.5324,28.0412,0.108153,3.93862e-08,False,nan|2946,1342384
1,130_bNAb_Combinations|1342384|vc|7|2|nan|2946,1,4.34299e-08,1.5324,0.0122255,0.108153,3.93862e-08,False,nan|2946,1342384
1,130_bNAb_Combinations|1342384|vc|8|2|nan|2946,1,4.34299e-08,1.5324,0.844494,0.108153,3.93862e-08,False,nan|2946,1342384
1,130_bNAb_Combinations|1342396|cc|1|1|PVO.4|5024,1,6.28876e-08,1.53124,2.92998,0.173616,3.93725e-08,False,nan|PVO.4,1342396
1,130_bNAb_Combinations|1342396|cc|2|1|PVO.4|5024,1,6.28876e-08,1.53124,1.91721,0.173616,3.93725e-08,False,nan|PVO.4,1342396
1,130_bNAb_Combinations|1342396|cc|3|1|PVO.4|5024,1,6.28876e-08,1.53124,118.533,0.173616,3.93725e-08,False,nan|PVO.4,1342396
1,130_bNAb_Combinations|1342396|cc|4|1|PVO.4|5024,1,6.28876e-08,1.53124,0.273781,0.173616,3.93725e-08,False,nan|PVO.4,1342396
1,130_bNAb_Combinations|1342396|cc|5|1|PVO.4|5024,1,6.28876e-08,1.53124,1.12362,0.173616,3.93725e-08,False,nan|PVO.4,1342396
1,130_bNAb_Combinations|1342396|cc|6|1|PVO.4|5024,1,6.28876e-08,1.53124,22.5721,0.173616,3.93725e-08,False,nan|PVO.4,1342396
1,130_bNAb_Combinations|1342396|cc|7|1|PVO.4|5024,1,6.28876e-08,1.53124,0.0609436,0.173616,3.93725e-08,False,nan|PVO.4,1342396
1,130_bNAb_Combinations|1342396|cc|8|1|PVO.4|5024,1,6.28876e-08,1.53124,18.4273,0.173616,3.93725e-08,False,nan|PVO.4,1342396
1,130_bNAb_Combinations|1342396|sample|3|PVO.4|5024,1,2.00452e-08,1.53262,8.61648,0.173616,3.93725e-08,True,VRC07-523LS|PVO.4,1342396
1,130_bNAb_Combinations|1342396|sample|4|PVO.4|5024,1,2.00452e-08,1.53262,6.78204,0.173616,3.93725e-08,True,VRC07-523LS|PVO.4,1342396
1,130_bNAb_Combinations|1342396|vc|1|2|PVO.4|5024,1,6.28876e-08,1.53124,0.0750358,0.173616,3.93725e-08,False,nan|PVO.4,1342396
1,130_bNAb_Combinations|1342396|vc|2|2|PVO.4|5024,1,6.28876e-08,1.53124,0.797223,0.173616,3.93725e-08,False,nan|PVO.4,1342396
1,130_bNAb_Combinations|1342396|vc|3|2|PVO.4|5024,1,6.28876e-08,1.53124,0.762623,0.173616,3.93725e-08,False,nan|PVO.4,1342396
1,130_bNAb_Combinations|1342396|vc|4|2|PVO.4|5024,1,6.28876e-08,1.53124,0.0714949,0.173616,3.93725e-08,False,nan|PVO.4,1342396
1,130_bNAb_Combinations|1342396|vc|5|2|PVO.4|5024,1,6.28876e-08,1.53124,0.0696061,0.173616,3.93725e-08,False,nan|PVO.4,1342396
1,130_bNAb_Combinations|1342396|vc|6|2|PVO.4|5024,1,6.28876e-08,1.53124,7.10833,0.173616,3.93725e-08,False,nan|PVO.4,1342396
1,130_bNAb_Combinations|1342396|vc|7|2|PVO.4|5024,1,6.28876e-08,1.53124,0.0963951,0.173616,3.93725e-08,False,nan|PVO.4,1342396
1,130_bNAb_Combinations|1342396|vc|8|2|PVO.4|5024,1,6.28876e-08,1.53124,0.00467225,0.173616,3.93725e-08,False,nan|PVO.4,1342396
1,130_bNAb_Combinations|1342408|cc|1|1|nan|4168,1,2.45624e-08,1.53239,59.2328,0.173638,3.93862e-08,False,nan|4168,1342408
1,130_bNAb_Combinations|1342408|cc|2|1|nan|4168,1,2.45624e-08,1.53239,31.4452,0.173638,3.93862e-08,False,nan|4168,1342408
1,130_bNAb_Combinations|1342408|cc|3|1|nan|4168,1,2.45624e-08,1.53239,396.999,0.173638,3.93862e-08,False,nan|4168,1342408
1,130_bNAb_Combinations|1342408|cc|4|1|nan|4168,1,2.45624e-08,1.53239,2.02375,0.173638,3.93862e-08,False,nan|4168,1342408
1,130_bNAb_Combinations|1342408|cc|5|1|nan|4168,1,2.45624e-08,1.53239,8.11722,0.173638,3.93862e-08,False,nan|4168,1342408
1,130_bNAb_Combinations|1342408|cc|6|1|nan|4168,1,2.45624e-08,1.53239,0.121807,0.173638,3.93862e-08,False,nan|4168,1342408
1,130_bNAb_Combinations|1342408|cc|7|1|nan|4168,1,2.45624e-08,1.53239,0.592855,0.173638,3.93862e-08,False,nan|4168,1342408
1,130_bNAb_Combinations|1342408|cc|8|1|nan|4168,1,2.45624e-08,1.53239,0.390407,0.173638,3.93862e-08,False,nan|4168,1342408
1,130_bNAb_Combinations|1342408|sample|3|nan|4168,1,1.52799e-08,1.53262,2.60397,0.173638,3.93862e-08,True,VRC07-523LS|4168,1342408
1,130_bNAb_Combinations|1342408|sample|4|nan|4168,1,1.52799e-08,1.53262,2.55288,0.173638,3.93862e-08,True,VRC07-523LS|4168,1342408
1,130_bNAb_Combinations|1342408|vc|1|2|nan|4168,1,2.45624e-08,1.53239,0.0131789,0.173638,3.93862e-08,False,nan|4168,1342408
1,130_bNAb_Combinations|1342408|vc|2|2|nan|4168,1,2.45624e-08,1.53239,1.16351,0.173638,3.93862e-08,False,nan|4168,1342408
1,130_bNAb_Combinations|1342408|vc|3|2|nan|4168,1,2.45624e-08,1.53239,0.583534,0.173638,3.93862e-08,False,nan|4168,1342408
1,130_bNAb_Combinations|1342408|vc|4|2|nan|4168,1,2.45624e-08,1.53239,1.77291,0.173638,3.93862e-08,False,nan|4168,1342408
1,130_bNAb_Combinations|1342408|vc|5|2|nan|4168,1,2.45624e-08,1.53239,0.146474,0.173638,3.93862e-08,False,nan|4168,1342408
1,130_bNAb_Combinations|1342408|vc|6|2|nan|4168,1,2.45624e-08,1.53239,2050.78,0.173638,3.93862e-08,False,nan|4168,1342408
1,130_bNAb_Combinations|1342408|vc|7|2|nan|4168,1,2.45624e-08,1.53239,0.0101935,0.173638,3.93862e-08,False,nan|4168,1342408
1,130_bNAb_Combinations|1342408|vc|8|2|nan|4168,1,2.45624e-08,1.53239,3.83133,0.173638,3.93862e-08,False,nan|4168,1342408
1,704_VRC01_Concordance|1200432|cc|1|1|PVO.4|5024,1,6.28876e-08,1.53124,0.190188,0.173616,3.93861e-08,False,nan|PVO.4,1200432
1,704_VRC01_Concordance|1200432|cc|2|1|PVO.4|5024,1,6.28876e-08,1.53124,0.237408,0.173616,3.93861e-08,False,nan|PVO.4,1200432
1,704_VRC01_Concordance|1200432|cc|3|1|PVO.4|5024,1,6.28876e-08,1.53124,2.06673,0.173616,3.93861e-08,False,nan|PVO.4,1200432
1,704_VRC01_Concordance|1200432|cc|4|1|PVO.4|5024,1,6.28876e-08,1.53124,0.107858,0.173616,3.93861e-08,False,nan|PVO.4,1200432
1,704_VRC01_Concordance|1200432|cc|5|1|PVO.4|5024,1,6.28876e-08,1.53124,6.34444,0.173616,3.93861e-08,False,nan|PVO.4,1200432
1,704_VRC01_Concordance|1200432|cc|6|1|PVO.4|5024,1,6.28876e-08,1.53124,7.15323,0.173616,3.93861e-08,False,nan|PVO.4,1200432
1,704_VRC01_Concordance|1200432|cc|7|1|PVO.4|5024,1,6.28876e-08,1.53124,4.12142,0.173616,3.93861e-08,False,nan|PVO.4,1200432
1,704_VRC01_Concordance|1200432|cc|8|1|PVO.4|5024,1,6.28876e-08,1.53124,2.26974,0.173616,3.93861e-08,False,nan|PVO.4,1200432
1,704_VRC01_Concordance|1200432|sample|10|PVO.4|5024,1,1.90679e-08,1.53262,1.19062,0.173616,3.93861e-08,True,Clinical VRC01|PVO.4,1200432
1,704_VRC01_Concordance|1200432|sample|11|PVO.4|5024,1,1.90679e-08,1.53262,2.05778,0.173616,3.93861e-08,True,Clinical VRC01|PVO.4,1200432
1,704_VRC01_Concordance|1200432|sample|12|PVO.4|5024,1,1.90679e-08,1.53262,2.35273,0.173616,3.93861e-08,True,Clinical VRC01|PVO.4,1200432
1,704_VRC01_Concordance|1200432|sample|3|PVO.4|5024,1,1.90679e-08,1.53262,2.75145,0.173616,3.93861e-08,True,Clinical VRC01|PVO.4,1200432
1,704_VRC01_Concordance|1200432|sample|4|PVO.4|5024,1,1.90679e-08,1.53262,1.50372,0.173616,3.93861e-08,True,Clinical VRC01|PVO.4,1200432
1,704_VRC01_Concordance|1200432|sample|5|PVO.4|5024,1,1.90679e-08,1.53262,1.59393,0.173616,3.93861e-08,True,Clinical VRC01|PVO.4,1200432
1,704_VRC01_Concordance|1200432|sample|6|PVO.4|5024,1,1.90679e-08,1.53262,1.27825,0.173616,3.93861e-08,True,Clinical VRC01|PVO.4,1200432
1,704_VRC01_Concordance|1200432|sample|7|PVO.4|5024,1,1.90679e-08,1.53262,2.08385,0.173616,3.93861e-08,True,Clinical VRC01|PVO.4,1200432
1,704_VRC01_Concordance|1200432|sample|8|PVO.4|5024,1,1.90679e-08,1.53262,1.8629,0.173616,3.93861e-08,True,Clinical VRC01|PVO.4,1200432
1,704_VRC01_Concordance|1200432|sample|9|PVO.4|5024,1,1.90679e-08,1.53262,1.42165,0.173616,3.93861e-08,True,Clinical VRC01|PVO.4,1200432
1,704_VRC01_Concordance|1200432|vc|1|2|PVO.4|5024,1,6.28876e-08,1.53124,0.0121812,0.173616,3.93861e-08,False,nan|PVO.4,1200432
1,704_VRC01_Concordance|1200432|vc|2|2|PVO.4|5024,1,6.28876e-08,1.53124,0.00217613,0.173616,3.93861e-08,False,nan|PVO.4,1200432
1,704_VRC01_Concordance|1200432|vc|3|2|PVO.4|5024,1,6.28876e-08,1.53124,1.20009,0.173616,3.93861e-08,False,nan|PVO.4,1200432
1,704_VRC01_Concordance|1200432|vc|4|2|PVO.4|5024,1,6.28876e-08,1.53124,2.12691,0.173616,3.93861e-08,False,nan|PVO.4,1200432
1,704_VRC01_Concordance|1200432|vc|5|2|PVO.4|5024,1,6.28876e-08,1.53124,0.0523927,0.173616,3.93861e-08,False,nan|PVO.4,1200432
1,704_VRC01_Concordance|1200432|vc|6|2|PVO.4|5024,1,6.28876e-08,1.53124,0.0397671,0.173616,3.93861e-08,False,nan|PVO.4,1200432
1,704_VRC01_Concordance|1200432|vc|7|2|PVO.4|5024,1,6.28876e-08,1.53124,0.475219,0.173616,3.93861e-08,False,nan|PVO.4,1200432
1,704_VRC01_Concordance|1200432|vc|8|2|PVO.4|5024,1,6.28876e-08,1.53124,0.200469,0.173616,3.93861e-08,False,nan|PVO.4,1200432
