id,eta_U_SAEM,eta_L_SAEM,eta_m_SAEM,eta_e_SAEM,eta_s_SAEM,eta_alpha_SAEM,eta_k_SAEM,eta_U_mode,eta_L_mode,eta_m_mode,eta_e_mode,eta_s_mode,eta_alpha_mode,eta_k_mode,goes_down,mab_virus,run_id
130_bNAb_Combinations|1313842|cc|1|1|nan|2946,0,0,0,5.16368e-09,5.00829e-10,0,0,0,0,0,2.91371e-11,-6.66311e-12,0,0,False,nan|2946,1313842
130_bNAb_Combinations|1313842|cc|2|1|nan|2946,0,0,0,2.05787e-09,-1.47591e-09,0,0,0,0,0,-1.02611e-11,-2.1581e-11,0,0,False,nan|2946,1313842
130_bNAb_Combinations|1313842|cc|3|1|nan|2946,0,0,0,3.02161e-09,9.59603e-11,0,0,0,0,0,-6.03739e-12,-2.08242e-11,0,0,False,nan|2946,1313842
130_bNAb_Combinations|1313842|cc|4|1|nan|2946,0,0,0,-2.67902e-09,-6.65107e-10,0,0,0,0,0,5.21947e-11,1.71685e-11,0,0,False,nan|2946,1313842
130_bNAb_Combinations|1313842|cc|5|1|nan|2946,0,0,0,1.54458e-09,1.23945e-09,0,0,0,0,0,5.88227e-11,-2.10143e-12,0,0,False,nan|2946,1313842
130_bNAb_Combinations|1313842|cc|6|1|nan|2946,0,0,0,2.55702e-09,1.73562e-09,0,0,0,0,0,2.79732e-12,2.11386e-11,0,0,False,nan|2946,1313842
130_bNAb_Combinations|1313842|cc|7|1|nan|2946,0,0,0,-1.82975e-09,-4.34258e-10,0,0,0,0,0,1.52967e-11,-2.31726e-11,0,0,False,nan|2946,1313842
130_bNAb_Combinations|1313842|cc|8|1|nan|2946,0,0,0,2.3684e-09,-2.40859e-10,0,0,0,0,0,-8.336e-12,1.11839e-11,0,0,False,nan|2946,1313842
130_bNAb_Combinations|1313842|sample|10|nan|2946,0,0,0,-2.51385e-09,1.93517e-09,0,0,0,0,0,-3.95852e-11,-1.031e-11,0,0,True,PGT121|2946,1313842
130_bNAb_Combinations|1313842|sample|11|nan|2946,0,0,0,-2.3031e-09,-1.03084e-09,0,0,0,0,0,3.21214e-11,-1.25233e-12,0,0,True,VRC07-523LS|2946,1313842
130_bNAb_Combinations|1313842|sample|12|nan|2946,0,0,0,-1.06189e-09,2.37847e-09,0,0,0,0,0,-1.40532e-11,-1.20544e-11,0,0,True,VRC07-523LS|2946,1313842
130_bNAb_Combinations|1313842|sample|3|nan|2946,0,0,0,-1.67513e-09,-2.25304e-09,0,0,0,0,0,4.15303e-11,9.28502e-12,0,0,True,PGDM1400|2946,1313842
130_bNAb_Combinations|1313842|sample|4|nan|2946,0,0,0,4.91903e-09,-8.36127e-12,0,0,0,0,0,1.11555e-12,-2.33289e-11,0,0,True,PGDM1400|2946,1313842
130_bNAb_Combinations|1313842|sample|5|nan|2946,0,0,0,5.08457e-09,9.42277e-11,0,0,0,0,0,2.88027e-11,1.88116e-12,0,0,True,PGDM1400|2946,1313842
130_bNAb_Combinations|1313842|sample|6|nan|2946,0,0,0,3.32094e-09,-7.43178e-10,0,0,0,0,0,-7.97495e-12,-1.13651e-11,0,0,True,PGDM1400|2946,1313842
130_bNAb_Combinations|1313842|sample|7|nan|2946,0,0,0,-7.54234e-10,2.83985e-09,0,0,0,0,0,-2.68905e-11,1.17772e-11,0,0,True,PGT121|2946,1313842
130_bNAb_Combinations|1313842|sample|8|nan|2946,0,0,0,-4.84967e-09,-1.95947e-10,0,0,0,0,0,-4.26779e-11,1.00471e-11,0,0,True,PGT121|2946,1313842
130_bNAb_Combinations|1313842|sample|9|nan|2946,0,0,0,3.95062e-09,-9.45263e-10,0,0,0,0,0,-4.99751e-11,1.06084e-11,0,0,True,PGT121|2946,1313842
130_bNAb_Combinations|1313842|vc|1|2|nan|2946,0,0,0,1.67111e-09,-1.39841e-09,0,0,0,0,0,2.47007e-11,-1.35731e-11,0,0,False,nan|2946,1313842
130_bNAb_Combinations|1313842|vc|2|2|nan|2946,0,0,0,-2.60875e-09,-1.73482e-10,0,0,0,0,0,-9.72227e-11,2.58513e-11,0,0,False,nan|2946,1313842
130_bNAb_Combinations|1313842|vc|3|2|nan|2946,0,0,0,1.47844e-09,-2.31435e-09,0,0,0,0,0,-6.61204e-12,-1.76374e-11,0,0,False,nan|2946,1313842
130_bNAb_Combinations|1313842|vc|4|2|nan|2946,0,0,0,-1.05454e-09,5.44887e-10,0,0,0,0,0,3.03952e-11,-1.28466e-11,0,0,False,nan|2946,1313842
130_bNAb_Combinations|1313842|vc|5|2|nan|2946,0,0,0,9.05408e-10,1.44113e-09,0,0,0,0,0,-3.72755e-11,-2.9015e-11,0,0,False,nan|2946,1313842
130_bNAb_Combinations|1313842|vc|6|2|nan|2946,0,0,0,1.0719e-09,1.99901e-09,0,0,0,0,0,-2.16547e-11,-1.01092e-11,0,0,False,nan|2946,1313842
130_bNAb_Combinations|1313842|vc|7|2|nan|2946,0,0,0,-4.31416e-10,-3.49321e-09,0,0,0,0,0,4.61884e-11,2.3638e-11,0,0,False,nan|2946,1313842
130_bNAb_Combinations|1313842|vc|8|2|nan|2946,0,0,0,3.13695e-10,-3.93765e-10,0,0,0,0,0,4.40075e-11,-8.2867e-12,0,0,False,nan|2946,1313842
130_bNAb_Combinations|1313860|cc|1|1|PVO.4|5024,0,0,0,-5.20166e-09,1.4329e-09,0,0,0,0,0,-1.05675e-11,-5.01288e-11,0,0,False,nan|PVO.4,1313860
130_bNAb_Combinations|1313860|cc|2|1|PVO.4|5024,0,0,0,-3.80047e-10,-2.09656e-09,0,0,0,0,0,-5.99734e-11,8.89067e-12,0,0,False,nan|PVO.4,1313860
130_bNAb_Combinations|1313860|cc|3|1|PVO.4|5024,0,0,0,-6.8256e-09,8.32845e-10,0,0,0,0,0,4.86988e-11,-1.08606e-11,0,0,False,nan|PVO.4,1313860
130_bNAb_Combinations|1313860|cc|4|1|PVO.4|5024,0,0,0,2.15985e-09,-1.56153e-09,0,0,0,0,0,8.67928e-12,1.87867e-11,0,0,False,nan|PVO.4,1313860
130_bNAb_Combinations|1313860|cc|5|1|PVO.4|5024,0,0,0,-2.1362e-10,1.90138e-09,0,0,0,0,0,-1.16591e-11,-1.24025e-11,0,0,False,nan|PVO.4,1313860
130_bNAb_Combinations|1313860|cc|6|1|PVO.4|5024,0,0,0,5.44272e-09,-1.01297e-10,0,0,0,0,0,5.4623e-11,2.93632e-12,0,0,False,nan|PVO.4,1313860
130_bNAb_Combinations|1313860|cc|7|1|PVO.4|5024,0,0,0,-1.54499e-10,-2.04984e-09,0,0,0,0,0,8.17124e-12,-1.59677e-11,0,0,False,nan|PVO.4,1313860
130_bNAb_Combinations|1313860|cc|8|1|PVO.4|5024,0,0,0,3.02945e-09,-5.65558e-10,0,0,0,0,0,1.36957e-11,-1.81775e-11,0,0,False,nan|PVO.4,1313860
130_bNAb_Combinations|1313860|sample|10|PVO.4|5024,0,0,0,-1.73457e-09,-1.54267e-09,0,0,0,0,0,-4.20939e-11,4.6434e-12,0,0,True,PGT121|PVO.4,1313860
130_bNAb_Combinations|1313860|sample|11|PVO.4|5024,0,0,0,1.71672e-09,-3.39545e-09,0,0,0,0,0,8.43769e-13,-1.82379e-11,0,0,True,VRC07-523LS|PVO.4,1313860
130_bNAb_Combinations|1313860|sample|12|PVO.4|5024,0,0,0,2.39795e-09,-1.5255e-09,0,0,0,0,0,-1.97402e-11,-2.14762e-11,0,0,True,VRC07-523LS|PVO.4,1313860
130_bNAb_Combinations|1313860|sample|3|PVO.4|5024,0,0,0,3.11456e-09,-9.46667e-10,0,0,0,0,0,4.41291e-11,-1.98952e-11,0,0,True,PGDM1400|PVO.4,1313860
130_bNAb_Combinations|1313860|sample|4|PVO.4|5024,0,0,0,-4.9949e-09,1.28744e-11,0,0,0,0,0,-7.54419e-12,1.60991e-11,0,0,True,PGDM1400|PVO.4,1313860
130_bNAb_Combinations|1313860|sample|5|PVO.4|5024,0,0,0,-8.83487e-10,-2.9369e-10,0,0,0,0,0,-6.36931e-11,3.52784e-12,0,0,True,PGDM1400|PVO.4,1313860
130_bNAb_Combinations|1313860|sample|6|PVO.4|5024,0,0,0,1.1838e-10,1.31709e-09,0,0,0,0,0,4.33946e-11,2.64322e-12,0,0,True,PGDM1400|PVO.4,1313860
130_bNAb_Combinations|1313860|sample|7|PVO.4|5024,0,0,0,-4.10142e-09,3.87345e-10,0,0,0,0,0,-6.82254e-12,1.06972e-11,0,0,True,PGT121|PVO.4,1313860
130_bNAb_Combinations|1313860|sample|8|PVO.4|5024,0,0,0,4.17079e-09,4.20865e-09,0,0,0,0,0,-2.99845e-11,2.28972e-11,0,0,True,PGT121|PVO.4,1313860
130_bNAb_Combinations|1313860|sample|9|PVO.4|5024,0,0,0,-2.22452e-09,1.42684e-10,0,0,0,0,0,1.96478e-11,9.40759e-12,0,0,True,PGT121|PVO.4,1313860
130_bNAb_Combinations|1313860|vc|1|2|PVO.4|5024,0,0,0,1.71513e-09,-5.56336e-10,0,0,0,0,0,3.50555e-11,-1.75326e-12,0,0,False,nan|PVO.4,1313860
130_bNAb_Combinations|1313860|vc|2|2|PVO.4|5024,0,0,0,-5.25213e-09,-3.72058e-09,0,0,0,0,0,1.57137e-11,5.38947e-12,0,0,False,nan|PVO.4,1313860
130_bNAb_Combinations|1313860|vc|3|2|PVO.4|5024,0,0,0,-6.2548e-09,-2.44265e-10,0,0,0,0,0,2.95719e-11,6.76437e-12,0,0,False,nan|PVO.4,1313860
130_bNAb_Combinations|1313860|vc|4|2|PVO.4|5024,0,0,0,-2.41578e-09,9.80979e-10,0,0,0,0,0,-2.35651e-11,1.0564e-11,0,0,False,nan|PVO.4,1313860
130_bNAb_Combinations|1313860|vc|5|2|PVO.4|5024,0,0,0,5.2032e-10,8.4337e-10,0,0,0,0,0,2.7546e-11,4.69136e-12,0,0,False,nan|PVO.4,1313860
130_bNAb_Combinations|1313860|vc|6|2|PVO.4|5024,0,0,0,-4.4648e-09,3.50842e-10,0,0,0,0,0,-4.52882e-12,-1.59446e-11,0,0,False,nan|PVO.4,1313860
130_bNAb_Combinations|1313860|vc|7|2|PVO.4|5024,0,0,0,1.4505e-09,2.40256e-10,0,0,0,0,0,1.03526e-11,-1.14735e-11,0,0,False,nan|PVO.4,1313860
130_bNAb_Combinations|1313860|vc|8|2|PVO.4|5024,0,0,0,-4.44351e-10,-1.16069e-10,0,0,0,0,0,2.33182e-11,1.6481e-11,0,0,False,nan|PVO.4,1313860
130_bNAb_Combinations|1313884|cc|1|1|nan|4168,0,0,0,-5.09499e-10,1.62808e-09,0,0,0,0,0,-1.06073e-10,5.82645e-12,0,0,False,nan|4168,1313884
130_bNAb_Combinations|1313884|cc|2|1|nan|4168,0,0,0,-2.60487e-09,-2.18704e-09,0,0,0,0,0,-2.15028e-12,1.18163e-11,0,0,False,nan|4168,1313884
130_bNAb_Combinations|1313884|cc|3|1|nan|4168,0,0,0,5.52446e-09,2.05725e-10,0,0,0,0,0,-2.25464e-11,2.93419e-11,0,0,False,nan|4168,1313884
130_bNAb_Combinations|1313884|cc|4|1|nan|4168,0,0,0,2.92907e-09,1.67063e-09,0,0,0,0,0,-4.10374e-11,1.75024e-11,0,0,False,nan|4168,1313884
130_bNAb_Combinations|1313884|cc|5|1|nan|4168,0,0,0,4.05937e-09,8.46508e-10,0,0,0,0,0,3.24221e-11,1.38698e-11,0,0,False,nan|4168,1313884
130_bNAb_Combinations|1313884|cc|6|1|nan|4168,0,0,0,-1.04623e-09,-1.4263e-09,0,0,0,0,0,2.11777e-11,4.54392e-12,0,0,False,nan|4168,1313884
130_bNAb_Combinations|1313884|cc|7|1|nan|4168,0,0,0,1.9171e-09,-1.42662e-10,0,0,0,0,0,1.55103e-11,1.05587e-11,0,0,False,nan|4168,1313884
130_bNAb_Combinations|1313884|cc|8|1|nan|4168,0,0,0,-1.65754e-09,7.36987e-10,0,0,0,0,0,3.0469e-11,3.85825e-12,0,0,False,nan|4168,1313884
130_bNAb_Combinations|1313884|sample|10|nan|4168,0,0,0,-2.13544e-09,1.48143e-09,0,0,0,0,0,-8.60751e-11,1.16209e-11,0,0,True,PGT121|4168,1313884
130_bNAb_Combinations|1313884|sample|11|nan|4168,0,0,0,-3.69515e-09,-1.46773e-09,0,0,0,0,0,2.06204e-11,1.21378e-11,0,0,True,VRC07-523LS|4168,1313884
130_bNAb_Combinations|1313884|sample|12|nan|4168,0,0,0,-1.31036e-09,1.83709e-09,0,0,0,0,0,-2.29061e-11,-7.15872e-12,0,0,True,VRC07-523LS|4168,1313884
130_bNAb_Combinations|1313884|sample|3|nan|4168,0,0,0,-2.80815e-09,-1.40099e-10,0,0,0,0,0,-2.25064e-12,9.93694e-12,0,0,True,PGDM1400|4168,1313884
130_bNAb_Combinations|1313884|sample|4|nan|4168,0,0,0,6.41435e-10,-3.89213e-09,0,0,0,0,0,-3.26006e-11,3.28804e-12,0,0,True,PGDM1400|4168,1313884
130_bNAb_Combinations|1313884|sample|5|nan|4168,0,0,0,2.42499e-11,8.36653e-11,0,0,0,0,0,1.93117e-11,1.80638e-11,0,0,True,PGDM1400|4168,1313884
130_bNAb_Combinations|1313884|sample|6|nan|4168,0,0,0,6.39708e-10,9.69267e-11,0,0,0,0,0,2.76046e-11,6.12133e-12,0,0,True,PGDM1400|4168,1313884
130_bNAb_Combinations|1313884|sample|7|nan|4168,0,0,0,-5.15686e-09,-6.87085e-10,0,0,0,0,0,5.64118e-11,1.65912e-11,0,0,True,PGT121|4168,1313884
130_bNAb_Combinations|1313884|sample|8|nan|4168,0,0,0,1.43674e-09,-1.35377e-09,0,0,0,0,0,3.09557e-11,1.63425e-13,0,0,True,PGT121|4168,1313884
130_bNAb_Combinations|1313884|sample|9|nan|4168,0,0,0,1.45701e-09,2.09874e-10,0,0,0,0,0,4.2597e-12,-1.71596e-11,0,0,True,PGT121|4168,1313884
130_bNAb_Combinations|1313884|vc|1|2|nan|4168,0,0,0,1.9848e-09,3.52364e-10,0,0,0,0,0,1.47393e-11,-1.28786e-11,0,0,False,nan|4168,1313884
130_bNAb_Combinations|1313884|vc|2|2|nan|4168,0,0,0,-9.40445e-10,1.24748e-09,0,0,0,0,0,2.51594e-11,1.81508e-11,0,0,False,nan|4168,1313884
130_bNAb_Combinations|1313884|vc|3|2|nan|4168,0,0,0,2.72175e-09,1.17086e-09,0,0,0,0,0,2.63842e-11,4.77662e-12,0,0,False,nan|4168,1313884
130_bNAb_Combinations|1313884|vc|4|2|nan|4168,0,0,0,-3.52107e-10,6.52816e-10,0,0,0,0,0,-1.01288e-11,-1.0651e-11,0,0,False,nan|4168,1313884
130_bNAb_Combinations|1313884|vc|5|2|nan|4168,0,0,0,-3.47927e-09,2.93122e-09,0,0,0,0,0,-2.24514e-11,1.71738e-11,0,0,False,nan|4168,1313884
130_bNAb_Combinations|1313884|vc|6|2|nan|4168,0,0,0,4.77531e-09,-2.10666e-09,0,0,0,0,0,2.71605e-11,-8.7077e-12,0,0,False,nan|4168,1313884
130_bNAb_Combinations|1313884|vc|7|2|nan|4168,0,0,0,4.5462e-09,-1.73472e-09,0,0,0,0,0,-4.14424e-12,7.31859e-12,0,0,False,nan|4168,1313884
130_bNAb_Combinations|1313884|vc|8|2|nan|4168,0,0,0,7.06308e-09,-1.27695e-09,0,0,0,0,0,-2.5425e-11,9.20863e-12,0,0,False,nan|4168,1313884
130_bNAb_Combinations|1313920|cc|1|1|nan|1798,0,0,0,-6.29248e-09,2.01575e-10,0,0,0,0,0,1.68052e-11,9.41291e-12,0,0,False,nan|1798,1313920
130_bNAb_Combinations|1313920|cc|2|1|nan|1798,0,0,0,-8.43124e-09,1.90331e-09,0,0,0,0,0,-2.39702e-11,3.23848e-11,0,0,False,nan|1798,1313920
130_bNAb_Combinations|1313920|cc|3|1|nan|1798,0,0,0,2.35364e-09,2.1622e-09,0,0,0,0,0,-3.1628e-12,-1.61879e-11,0,0,False,nan|1798,1313920
130_bNAb_Combinations|1313920|cc|4|1|nan|1798,0,0,0,-7.96255e-10,-6.92037e-10,0,0,0,0,0,3.27738e-11,2.11564e-12,0,0,False,nan|1798,1313920
130_bNAb_Combinations|1313920|cc|5|1|nan|1798,0,0,0,4.67847e-09,1.0952e-10,0,0,0,0,0,-2.27942e-11,-3.53069e-11,0,0,False,nan|1798,1313920
130_bNAb_Combinations|1313920|cc|6|1|nan|1798,0,0,0,5.04984e-09,3.18518e-09,0,0,0,0,0,4.27089e-11,-1.64615e-11,0,0,False,nan|1798,1313920
130_bNAb_Combinations|1313920|cc|7|1|nan|1798,0,0,0,-2.58827e-09,-4.69402e-10,0,0,0,0,0,-3.26077e-11,2.78888e-13,0,0,False,nan|1798,1313920
130_bNAb_Combinations|1313920|cc|8|1|nan|1798,0,0,0,8.34013e-09,-4.87054e-09,0,0,0,0,0,1.6227e-12,1.81597e-11,0,0,False,nan|1798,1313920
130_bNAb_Combinations|1313920|sample|10|nan|1798,0,0,0,4.04651e-09,-2.08997e-11,0,0,0,0,0,-3.07958e-11,-7.21556e-12,0,0,True,PGT121|1798,1313920
130_bNAb_Combinations|1313920|sample|11|nan|1798,0,0,0,3.33429e-09,-3.48281e-10,0,0,0,0,0,1.97407e-11,3.00222e-11,0,0,True,VRC07-523LS|1798,1313920
130_bNAb_Combinations|1313920|sample|12|nan|1798,0,0,0,-4.27571e-09,-9.74778e-10,0,0,0,0,0,6.06848e-12,-2.16183e-11,0,0,True,VRC07-523LS|1798,1313920
130_bNAb_Combinations|1313920|sample|3|nan|1798,0,0,0,3.21384e-09,-1.02436e-09,0,0,0,0,0,3.63816e-11,-1.14628e-11,0,0,True,PGDM1400|1798,1313920
130_bNAb_Combinations|1313920|sample|4|nan|1798,0,0,0,-4.46998e-11,-3.80443e-10,0,0,0,0,0,-3.82503e-11,-1.85096e-12,0,0,True,PGDM1400|1798,1313920
130_bNAb_Combinations|1313920|sample|5|nan|1798,0,0,0,6.62931e-09,-5.10006e-10,0,0,0,0,0,-2.2804e-11,-1.29834e-11,0,0,True,PGDM1400|1798,1313920
130_bNAb_Combinations|1313920|sample|6|nan|1798,0,0,0,8.11382e-10,3.64642e-09,0,0,0,0,0,-3.91669e-11,-5.87974e-12,0,0,True,PGDM1400|1798,1313920
130_bNAb_Combinations|1313920|sample|7|nan|1798,0,0,0,2.95404e-09,4.58897e-10,0,0,0,0,0,4.4551e-12,-1.05373e-11,0,0,True,PGT121|1798,1313920
130_bNAb_Combinations|1313920|sample|8|nan|1798,0,0,0,5.53613e-10,-1.95898e-09,0,0,0,0,0,-4.02995e-11,2.69296e-12,0,0,True,PGT121|1798,1313920
130_bNAb_Combinations|1313920|sample|9|nan|1798,0,0,0,9.29441e-10,2.51899e-09,0,0,0,0,0,-1.79303e-11,-1.71063e-11,0,0,True,PGT121|1798,1313920
130_bNAb_Combinations|1313920|vc|1|2|nan|1798,0,0,0,9.60419e-09,-1.26756e-09,0,0,0,0,0,-8.28138e-12,2.55493e-11,0,0,False,nan|1798,1313920
130_bNAb_Combinations|1313920|vc|2|2|nan|1798,0,0,0,2.51566e-09,-1.59794e-09,0,0,0,0,0,-9.99911e-12,2.13465e-11,0,0,False,nan|1798,1313920
130_bNAb_Combinations|1313920|vc|3|2|nan|1798,0,0,0,2.39975e-09,-1.53103e-09,0,0,0,0,0,3.24984e-11,1.36691e-11,0,0,False,nan|1798,1313920
130_bNAb_Combinations|1313920|vc|4|2|nan|1798,0,0,0,-2.72863e-10,-2.98569e-09,0,0,0,0,0,-2.25722e-11,-5.14255e-12,0,0,False,nan|1798,1313920
130_bNAb_Combinations|1313920|vc|5|2|nan|1798,0,0,0,-1.32526e-09,-5.46292e-10,0,0,0,0,0,4.95817e-11,1.3376e-11,0,0,False,nan|1798,1313920
130_bNAb_Combinations|1313920|vc|6|2|nan|1798,0,0,0,-8.82712e-10,2.09127e-09,0,0,0,0,0,-1.76872e-11,-1.10187e-11,0,0,False,nan|1798,1313920
130_bNAb_Combinations|1313920|vc|7|2|nan|1798,0,0,0,2.1482e-09,-6.02489e-10,0,0,0,0,0,-7.58646e-11,-1.12426e-11,0,0,False,nan|1798,1313920
130_bNAb_Combinations|1313920|vc|8|2|nan|1798,0,0,0,-1.76429e-09,1.55273e-09,0,0,0,0,0,2.31655e-11,-8.83738e-12,0,0,False,nan|1798,1313920
130_bNAb_Combinations|1313938|cc|1|1|TRO.11|8301,0,0,0,2.04806e-09,4.51899e-10,0,0,0,0,0,-1.5294e-11,-9.18909e-12,0,0,False,nan|TRO.11,1313938
130_bNAb_Combinations|1313938|cc|2|1|TRO.11|8301,0,0,0,-1.02145e-09,1.30468e-09,0,0,0,0,0,4.0401e-11,-8.50164e-12,0,0,False,nan|TRO.11,1313938
130_bNAb_Combinations|1313938|cc|3|1|TRO.11|8301,0,0,0,2.85728e-11,1.39809e-09,0,0,0,0,0,1.05089e-11,-9.78595e-12,0,0,False,nan|TRO.11,1313938
130_bNAb_Combinations|1313938|cc|4|1|TRO.11|8301,0,0,0,2.84113e-09,1.3966e-09,0,0,0,0,0,-4.47993e-11,9.2637e-12,0,0,False,nan|TRO.11,1313938
130_bNAb_Combinations|1313938|cc|5|1|TRO.11|8301,0,0,0,2.99698e-10,1.25714e-09,0,0,0,0,0,2.58344e-11,9.61009e-12,0,0,False,nan|TRO.11,1313938
130_bNAb_Combinations|1313938|cc|6|1|TRO.11|8301,0,0,0,-6.55414e-09,-6.15529e-10,0,0,0,0,0,1.90186e-11,-8.11795e-13,0,0,False,nan|TRO.11,1313938
130_bNAb_Combinations|1313938|cc|7|1|TRO.11|8301,0,0,0,-2.02874e-09,-3.48611e-09,0,0,0,0,0,-3.74447e-11,3.94174e-11,0,0,False,nan|TRO.11,1313938
130_bNAb_Combinations|1313938|cc|8|1|TRO.11|8301,0,0,0,2.15775e-09,3.70806e-09,0,0,0,0,0,1.87219e-11,8.75566e-12,0,0,False,nan|TRO.11,1313938
130_bNAb_Combinations|1313938|sample|10|TRO.11|8301,0,0,0,6.00123e-09,5.03044e-10,0,0,0,0,0,3.46882e-11,1.11147e-11,0,0,True,PGT121|TRO.11,1313938
130_bNAb_Combinations|1313938|sample|11|TRO.11|8301,0,0,0,-9.60808e-10,-1.22093e-09,0,0,0,0,0,8.26361e-12,-1.04805e-11,0,0,True,VRC07-523LS|TRO.11,1313938
130_bNAb_Combinations|1313938|sample|12|TRO.11|8301,0,0,0,2.90677e-10,-1.8397e-09,0,0,0,0,0,1.73745e-11,1.74047e-11,0,0,True,VRC07-523LS|TRO.11,1313938
130_bNAb_Combinations|1313938|sample|3|TRO.11|8301,0,0,0,-1.70446e-09,-1.66765e-09,0,0,0,0,0,-2.30735e-11,1.14273e-11,0,0,True,PGDM1400|TRO.11,1313938
130_bNAb_Combinations|1313938|sample|4|TRO.11|8301,0,0,0,4.61487e-09,-2.00943e-09,0,0,0,0,0,-6.14531e-12,1.11253e-11,0,0,True,PGDM1400|TRO.11,1313938
130_bNAb_Combinations|1313938|sample|5|TRO.11|8301,0,0,0,4.33922e-09,9.03006e-10,0,0,0,0,0,2.18385e-11,2.55973e-12,0,0,True,PGDM1400|TRO.11,1313938
130_bNAb_Combinations|1313938|sample|6|TRO.11|8301,0,0,0,3.41362e-09,9.23762e-10,0,0,0,0,0,9.23706e-14,-9.5195e-12,0,0,True,PGDM1400|TRO.11,1313938
130_bNAb_Combinations|1313938|sample|7|TRO.11|8301,0,0,0,-6.54817e-10,-1.02225e-09,0,0,0,0,0,-3.38549e-11,-1.193e-11,0,0,True,PGT121|TRO.11,1313938
130_bNAb_Combinations|1313938|sample|8|TRO.11|8301,0,0,0,1.65166e-09,-1.18722e-10,0,0,0,0,0,8.89212e-12,1.29887e-11,0,0,True,PGT121|TRO.11,1313938
130_bNAb_Combinations|1313938|sample|9|TRO.11|8301,0,0,0,2.0404e-10,2.68805e-09,0,0,0,0,0,-3.248e-11,9.34186e-12,0,0,True,PGT121|TRO.11,1313938
130_bNAb_Combinations|1313938|vc|1|2|TRO.11|8301,0,0,0,3.64729e-09,-4.92048e-11,0,0,0,0,0,-4.83116e-11,2.10676e-12,0,0,False,nan|TRO.11,1313938
130_bNAb_Combinations|1313938|vc|2|2|TRO.11|8301,0,0,0,4.48426e-10,-3.10824e-10,0,0,0,0,0,1.92122e-11,-2.58691e-11,0,0,False,nan|TRO.11,1313938
130_bNAb_Combinations|1313938|vc|3|2|TRO.11|8301,0,0,0,5.96528e-10,-7.41007e-10,0,0,0,0,0,3.51861e-11,6.94556e-13,0,0,False,nan|TRO.11,1313938
130_bNAb_Combinations|1313938|vc|4|2|TRO.11|8301,0,0,0,1.43459e-09,1.91156e-09,0,0,0,0,0,-5.89861e-11,-5.51204e-12,0,0,False,nan|TRO.11,1313938
130_bNAb_Combinations|1313938|vc|5|2|TRO.11|8301,0,0,0,-1.99426e-09,-1.47422e-09,0,0,0,0,0,1.73861e-11,6.51035e-12,0,0,False,nan|TRO.11,1313938
130_bNAb_Combinations|1313938|vc|6|2|TRO.11|8301,0,0,0,1.08587e-09,-2.66022e-10,0,0,0,0,0,2.80034e-11,-3.8991e-12,0,0,False,nan|TRO.11,1313938
130_bNAb_Combinations|1313938|vc|7|2|TRO.11|8301,0,0,0,4.6717e-10,1.27819e-09,0,0,0,0,0,3.58957e-12,-2.74181e-11,0,0,False,nan|TRO.11,1313938
130_bNAb_Combinations|1313938|vc|8|2|TRO.11|8301,0,0,0,1.88389e-09,1.64827e-09,0,0,0,0,0,-1.85745e-11,-9.59766e-12,0,0,False,nan|TRO.11,1313938
130_bNAb_Combinations|1313956|cc|1|1|Ce1176_A3|7023,0,0,0,6.24262e-10,3.4539e-10,0,0,0,0,0,1.9432e-11,1.3145e-11,0,0,False,nan|Ce1176_A3,1313956
130_bNAb_Combinations|1313956|cc|2|1|Ce1176_A3|7023,0,0,0,5.52724e-10,-7.50323e-10,0,0,0,0,0,-5.35039e-12,1.90887e-11,0,0,False,nan|Ce1176_A3,1313956
130_bNAb_Combinations|1313956|cc|3|1|Ce1176_A3|7023,0,0,0,-6.74719e-10,7.12038e-10,0,0,0,0,0,4.29035e-12,-1.63922e-11,0,0,False,nan|Ce1176_A3,1313956
130_bNAb_Combinations|1313956|cc|4|1|Ce1176_A3|7023,0,0,0,3.26175e-09,7.81929e-10,0,0,0,0,0,-3.51226e-11,-1.21325e-11,0,0,False,nan|Ce1176_A3,1313956
130_bNAb_Combinations|1313956|cc|5|1|Ce1176_A3|7023,0,0,0,1.02276e-08,-1.62813e-09,0,0,0,0,0,-1.25429e-11,-3.11218e-11,0,0,False,nan|Ce1176_A3,1313956
130_bNAb_Combinations|1313956|cc|6|1|Ce1176_A3|7023,0,0,0,-2.17027e-09,-1.71246e-09,0,0,0,0,0,-7.16622e-11,-7.56728e-12,0,0,False,nan|Ce1176_A3,1313956
130_bNAb_Combinations|1313956|cc|7|1|Ce1176_A3|7023,0,0,0,3.68157e-09,3.60567e-09,0,0,0,0,0,5.90759e-11,-5.00577e-12,0,0,False,nan|Ce1176_A3,1313956
130_bNAb_Combinations|1313956|cc|8|1|Ce1176_A3|7023,0,0,0,6.05074e-09,-1.38452e-09,0,0,0,0,0,-1.10476e-11,1.29354e-11,0,0,False,nan|Ce1176_A3,1313956
130_bNAb_Combinations|1313956|sample|10|Ce1176_A3|7023,0,0,0,-4.07861e-09,1.55036e-09,0,0,0,0,0,-7.0324e-11,1.86144e-11,0,0,True,PGT121|Ce1176_A3,1313956
130_bNAb_Combinations|1313956|sample|11|Ce1176_A3|7023,0,0,0,5.81797e-10,-1.80181e-09,0,0,0,0,0,-1.20668e-11,-9.12692e-12,0,0,True,VRC07-523LS|Ce1176_A3,1313956
130_bNAb_Combinations|1313956|sample|12|Ce1176_A3|7023,0,0,0,2.2184e-09,-1.92877e-09,0,0,0,0,0,-6.53726e-11,-7.84262e-12,0,0,True,VRC07-523LS|Ce1176_A3,1313956
130_bNAb_Combinations|1313956|sample|3|Ce1176_A3|7023,0,0,0,3.02905e-09,-9.56911e-10,0,0,0,0,0,-1.14753e-11,1.23777e-11,0,0,True,PGDM1400|Ce1176_A3,1313956
130_bNAb_Combinations|1313956|sample|4|Ce1176_A3|7023,0,0,0,-2.78701e-09,-2.70779e-09,0,0,0,0,0,2.01643e-11,5.0111e-12,0,0,True,PGDM1400|Ce1176_A3,1313956
130_bNAb_Combinations|1313956|sample|5|Ce1176_A3|7023,0,0,0,-5.8847e-11,2.85276e-10,0,0,0,0,0,2.11742e-12,1.36975e-11,0,0,True,PGDM1400|Ce1176_A3,1313956
130_bNAb_Combinations|1313956|sample|6|Ce1176_A3|7023,0,0,0,4.28677e-11,4.73489e-11,0,0,0,0,0,2.97629e-11,-5.05729e-12,0,0,True,PGDM1400|Ce1176_A3,1313956
130_bNAb_Combinations|1313956|sample|7|Ce1176_A3|7023,0,0,0,1.27924e-09,1.48067e-09,0,0,0,0,0,2.06984e-11,1.39337e-11,0,0,True,PGT121|Ce1176_A3,1313956
130_bNAb_Combinations|1313956|sample|8|Ce1176_A3|7023,0,0,0,2.04349e-09,-1.59332e-09,0,0,0,0,0,-4.36787e-11,-2.21494e-11,0,0,True,PGT121|Ce1176_A3,1313956
130_bNAb_Combinations|1313956|sample|9|Ce1176_A3|7023,0,0,0,-3.46894e-09,-1.64497e-09,0,0,0,0,0,8.53122e-12,1.46603e-11,0,0,True,PGT121|Ce1176_A3,1313956
130_bNAb_Combinations|1313956|vc|1|2|Ce1176_A3|7023,0,0,0,5.15711e-09,1.95318e-09,0,0,0,0,0,-2.34208e-11,-1.87939e-11,0,0,False,nan|Ce1176_A3,1313956
130_bNAb_Combinations|1313956|vc|2|2|Ce1176_A3|7023,0,0,0,-1.46855e-09,1.61915e-09,0,0,0,0,0,-4.01794e-11,1.85807e-12,0,0,False,nan|Ce1176_A3,1313956
130_bNAb_Combinations|1313956|vc|3|2|Ce1176_A3|7023,0,0,0,-5.59059e-09,9.70015e-10,0,0,0,0,0,8.66818e-12,-1.88827e-11,0,0,False,nan|Ce1176_A3,1313956
130_bNAb_Combinations|1313956|vc|4|2|Ce1176_A3|7023,0,0,0,-2.91907e-10,4.36435e-10,0,0,0,0,0,9.18865e-12,1.68185e-11,0,0,False,nan|Ce1176_A3,1313956
130_bNAb_Combinations|1313956|vc|5|2|Ce1176_A3|7023,0,0,0,-2.98609e-09,1.11753e-11,0,0,0,0,0,-3.13527e-11,4.08917e-12,0,0,False,nan|Ce1176_A3,1313956
130_bNAb_Combinations|1313956|vc|6|2|Ce1176_A3|7023,0,0,0,1.16348e-09,-9.35911e-10,0,0,0,0,0,-1.63944e-11,1.72165e-11,0,0,False,nan|Ce1176_A3,1313956
130_bNAb_Combinations|1313956|vc|7|2|Ce1176_A3|7023,0,0,0,5.37052e-09,4.88263e-10,0,0,0,0,0,-1.21618e-11,7.82485e-12,0,0,False,nan|Ce1176_A3,1313956
130_bNAb_Combinations|1313956|vc|8|2|Ce1176_A3|7023,0,0,0,-5.13446e-09,8.4475e-10,0,0,0,0,0,2.98974e-11,4.95959e-12,0,0,False,nan|Ce1176_A3,1313956
130_bNAb_Combinations|1313974|cc|1|1|nan|1176,0,0,0,-3.06062e-09,-4.06357e-10,0,0,0,0,0,-5.29106e-11,7.24754e-12,0,0,False,nan|1176,1313974
130_bNAb_Combinations|1313974|cc|2|1|nan|1176,0,0,0,-5.91931e-09,5.89421e-10,0,0,0,0,0,6.31353e-11,-7.82485e-12,0,0,False,nan|1176,1313974
130_bNAb_Combinations|1313974|cc|3|1|nan|1176,0,0,0,1.59797e-09,4.64388e-10,0,0,0,0,0,1.08491e-11,-2.02327e-11,0,0,False,nan|1176,1313974
130_bNAb_Combinations|1313974|cc|4|1|nan|1176,0,0,0,4.69432e-09,-2.613e-09,0,0,0,0,0,4.17524e-11,1.83107e-11,0,0,False,nan|1176,1313974
130_bNAb_Combinations|1313974|cc|5|1|nan|1176,0,0,0,-3.59654e-09,1.21146e-09,0,0,0,0,0,2.8801e-11,5.68434e-14,0,0,False,nan|1176,1313974
130_bNAb_Combinations|1313974|cc|6|1|nan|1176,0,0,0,1.9719e-10,-1.36845e-09,0,0,0,0,0,-1.31921e-11,-1.23617e-11,0,0,False,nan|1176,1313974
130_bNAb_Combinations|1313974|cc|7|1|nan|1176,0,0,0,1.67227e-09,-1.08033e-09,0,0,0,0,0,-3.81428e-11,8.63309e-13,0,0,False,nan|1176,1313974
130_bNAb_Combinations|1313974|cc|8|1|nan|1176,0,0,0,8.89745e-11,-1.36081e-09,0,0,0,0,0,-2.90736e-11,-2.13625e-11,0,0,False,nan|1176,1313974
130_bNAb_Combinations|1313974|sample|10|nan|1176,0,0,0,-2.08398e-09,1.10334e-09,0,0,0,0,0,1.06661e-11,4.6473e-11,0,0,True,PGT121|1176,1313974
130_bNAb_Combinations|1313974|sample|11|nan|1176,0,0,0,2.07277e-09,-3.16398e-10,0,0,0,0,0,-1.25908e-11,1.03881e-11,0,0,True,VRC07-523LS|1176,1313974
130_bNAb_Combinations|1313974|sample|12|nan|1176,0,0,0,4.04998e-09,-7.954e-10,0,0,0,0,0,1.32143e-11,-1.82006e-11,0,0,True,VRC07-523LS|1176,1313974
130_bNAb_Combinations|1313974|sample|3|nan|1176,0,0,0,7.08109e-09,-1.10939e-09,0,0,0,0,0,-2.57385e-11,3.00275e-11,0,0,True,PGDM1400|1176,1313974
130_bNAb_Combinations|1313974|sample|4|nan|1176,0,0,0,1.73176e-09,-1.34784e-10,0,0,0,0,0,-2.95319e-11,1.25002e-11,0,0,True,PGDM1400|1176,1313974
130_bNAb_Combinations|1313974|sample|5|nan|1176,0,0,0,2.87227e-09,1.07348e-09,0,0,0,0,0,-2.59712e-11,2.5338e-11,0,0,True,PGDM1400|1176,1313974
130_bNAb_Combinations|1313974|sample|6|nan|1176,0,0,0,-3.23731e-09,1.90881e-09,0,0,0,0,0,-1.80833e-11,7.12674e-12,0,0,True,PGDM1400|1176,1313974
130_bNAb_Combinations|1313974|sample|7|nan|1176,0,0,0,-4.18331e-09,-4.49772e-10,0,0,0,0,0,-7.79377e-12,1.92166e-11,0,0,True,PGT121|1176,1313974
130_bNAb_Combinations|1313974|sample|8|nan|1176,0,0,0,4.72941e-09,-4.97792e-10,0,0,0,0,0,-3.56914e-11,1.32516e-12,0,0,True,PGT121|1176,1313974
130_bNAb_Combinations|1313974|sample|9|nan|1176,0,0,0,-3.57857e-09,7.77911e-10,0,0,0,0,0,1.88605e-11,8.46612e-12,0,0,True,PGT121|1176,1313974
130_bNAb_Combinations|1313974|vc|1|2|nan|1176,0,0,0,4.43599e-09,-5.14279e-10,0,0,0,0,0,-4.50031e-11,-1.0985e-11,0,0,False,nan|1176,1313974
130_bNAb_Combinations|1313974|vc|2|2|nan|1176,0,0,0,1.50675e-10,1.04636e-09,0,0,0,0,0,1.56026e-11,-1.17382e-11,0,0,False,nan|1176,1313974
130_bNAb_Combinations|1313974|vc|3|2|nan|1176,0,0,0,2.51672e-09,-1.41082e-09,0,0,0,0,0,-8.10907e-13,1.0008e-11,0,0,False,nan|1176,1313974
130_bNAb_Combinations|1313974|vc|4|2|nan|1176,0,0,0,3.03525e-09,1.27256e-09,0,0,0,0,0,-1.05169e-11,-1.15747e-11,0,0,False,nan|1176,1313974
130_bNAb_Combinations|1313974|vc|5|2|nan|1176,0,0,0,-1.19225e-09,-6.13089e-10,0,0,0,0,0,-5.08438e-11,1.13847e-11,0,0,False,nan|1176,1313974
130_bNAb_Combinations|1313974|vc|6|2|nan|1176,0,0,0,-1.58028e-09,-3.39917e-09,0,0,0,0,0,7.61258e-12,1.44755e-11,0,0,False,nan|1176,1313974
130_bNAb_Combinations|1313974|vc|7|2|nan|1176,0,0,0,-2.36975e-09,-3.45051e-09,0,0,0,0,0,-4.55991e-11,-1.48184e-11,0,0,False,nan|1176,1313974
130_bNAb_Combinations|1313974|vc|8|2|nan|1176,0,0,0,1.42729e-09,2.69371e-09,0,0,0,0,0,-3.49791e-11,-1.62714e-12,0,0,False,nan|1176,1313974
130_bNAb_Combinations|1313992|cc|1|1|RHPA4259.7|5371,0,0,0,5.43468e-10,1.58899e-09,0,0,0,0,0,6.00675e-12,-1.04592e-11,0,0,False,nan|RHPA4259.7,1313992
130_bNAb_Combinations|1313992|cc|2|1|RHPA4259.7|5371,0,0,0,-2.87063e-09,-1.43427e-09,0,0,0,0,0,-2.3558e-11,4.44622e-12,0,0,False,nan|RHPA4259.7,1313992
130_bNAb_Combinations|1313992|cc|3|1|RHPA4259.7|5371,0,0,0,1.3717e-09,2.02322e-09,0,0,0,0,0,3.12834e-11,-7.94387e-12,0,0,False,nan|RHPA4259.7,1313992
130_bNAb_Combinations|1313992|cc|4|1|RHPA4259.7|5371,0,0,0,-1.57564e-11,-1.56675e-11,0,0,0,0,0,-5.46558e-11,-1.17666e-11,0,0,False,nan|RHPA4259.7,1313992
130_bNAb_Combinations|1313992|cc|5|1|RHPA4259.7|5371,0,0,0,1.54787e-11,-1.40428e-09,0,0,0,0,0,2.5179e-11,1.08713e-12,0,0,False,nan|RHPA4259.7,1313992
130_bNAb_Combinations|1313992|cc|6|1|RHPA4259.7|5371,0,0,0,4.28012e-10,8.80451e-12,0,0,0,0,0,-1.38778e-12,1.15872e-11,0,0,False,nan|RHPA4259.7,1313992
130_bNAb_Combinations|1313992|cc|7|1|RHPA4259.7|5371,0,0,0,8.61218e-09,4.23939e-10,0,0,0,0,0,5.10885e-11,-2.12417e-11,0,0,False,nan|RHPA4259.7,1313992
130_bNAb_Combinations|1313992|cc|8|1|RHPA4259.7|5371,0,0,0,7.16849e-09,-1.57855e-10,0,0,0,0,0,-1.19944e-11,-1.69891e-11,0,0,False,nan|RHPA4259.7,1313992
130_bNAb_Combinations|1313992|sample|10|RHPA4259.7|5371,0,0,0,2.62321e-09,-6.67392e-10,0,0,0,0,0,2.55866e-11,-7.53886e-12,0,0,True,PGT121|RHPA4259.7,1313992
130_bNAb_Combinations|1313992|sample|11|RHPA4259.7|5371,0,0,0,-3.972e-09,2.01648e-09,0,0,0,0,0,3.97912e-11,2.39453e-12,0,0,True,VRC07-523LS|RHPA4259.7,1313992
130_bNAb_Combinations|1313992|sample|12|RHPA4259.7|5371,0,0,0,2.91918e-09,1.68919e-09,0,0,0,0,0,-1.33586e-11,-7.25464e-12,0,0,True,VRC07-523LS|RHPA4259.7,1313992
130_bNAb_Combinations|1313992|sample|3|RHPA4259.7|5371,0,0,0,-3.3319e-10,-1.28445e-09,0,0,0,0,0,4.07603e-11,3.18856e-12,0,0,True,PGDM1400|RHPA4259.7,1313992
130_bNAb_Combinations|1313992|sample|4|RHPA4259.7|5371,0,0,0,1.01066e-09,-8.13749e-10,0,0,0,0,0,1.95208e-11,-1.35962e-11,0,0,True,PGDM1400|RHPA4259.7,1313992
130_bNAb_Combinations|1313992|sample|5|RHPA4259.7|5371,0,0,0,3.66116e-09,-7.91785e-10,0,0,0,0,0,-3.20379e-11,2.87592e-12,0,0,True,PGDM1400|RHPA4259.7,1313992
130_bNAb_Combinations|1313992|sample|6|RHPA4259.7|5371,0,0,0,6.85741e-09,2.6928e-10,0,0,0,0,0,6.30607e-12,1.50457e-11,0,0,True,PGDM1400|RHPA4259.7,1313992
130_bNAb_Combinations|1313992|sample|7|RHPA4259.7|5371,0,0,0,-8.64612e-10,-2.06151e-09,0,0,0,0,0,4.74492e-11,5.42855e-12,0,0,True,PGT121|RHPA4259.7,1313992
130_bNAb_Combinations|1313992|sample|8|RHPA4259.7|5371,0,0,0,-3.10142e-09,-1.97582e-11,0,0,0,0,0,1.62771e-11,-2.36504e-11,0,0,True,PGT121|RHPA4259.7,1313992
130_bNAb_Combinations|1313992|sample|9|RHPA4259.7|5371,0,0,0,4.48876e-09,1.91107e-10,0,0,0,0,0,-3.08214e-11,-3.71259e-12,0,0,True,PGT121|RHPA4259.7,1313992
130_bNAb_Combinations|1313992|vc|1|2|RHPA4259.7|5371,0,0,0,-8.89874e-10,1.37742e-09,0,0,0,0,0,-4.13847e-11,-1.36531e-11,0,0,False,nan|RHPA4259.7,1313992
130_bNAb_Combinations|1313992|vc|2|2|RHPA4259.7|5371,0,0,0,-4.30297e-09,1.43661e-09,0,0,0,0,0,1.48406e-11,1.40652e-11,0,0,False,nan|RHPA4259.7,1313992
130_bNAb_Combinations|1313992|vc|3|2|RHPA4259.7|5371,0,0,0,9.80899e-10,1.38673e-09,0,0,0,0,0,-4.28013e-12,1.5568e-11,0,0,False,nan|RHPA4259.7,1313992
130_bNAb_Combinations|1313992|vc|4|2|RHPA4259.7|5371,0,0,0,5.27436e-10,-2.29235e-09,0,0,0,0,0,-1.65268e-11,-1.44311e-11,0,0,False,nan|RHPA4259.7,1313992
130_bNAb_Combinations|1313992|vc|5|2|RHPA4259.7|5371,0,0,0,4.74266e-10,-9.67011e-10,0,0,0,0,0,-2.2057e-11,8.59401e-12,0,0,False,nan|RHPA4259.7,1313992
130_bNAb_Combinations|1313992|vc|6|2|RHPA4259.7|5371,0,0,0,-2.35816e-11,-2.786e-09,0,0,0,0,0,-2.48082e-11,2.35811e-11,0,0,False,nan|RHPA4259.7,1313992
130_bNAb_Combinations|1313992|vc|7|2|RHPA4259.7|5371,0,0,0,-6.57974e-09,1.3874e-09,0,0,0,0,0,5.91038e-12,1.5369e-11,0,0,False,nan|RHPA4259.7,1313992
130_bNAb_Combinations|1313992|vc|8|2|RHPA4259.7|5371,0,0,0,-3.43759e-10,-6.39197e-10,0,0,0,0,0,4.64633e-11,-2.20979e-12,0,0,False,nan|RHPA4259.7,1313992
130_bNAb_Combinations|1314016|cc|1|1|nan|3430,0,0,0,8.47523e-09,5.96018e-10,0,0,0,0,0,-3.86495e-11,-9.54614e-12,0,0,False,nan|3430,1314016
130_bNAb_Combinations|1314016|cc|2|1|nan|3430,0,0,0,2.54949e-09,-2.29416e-09,0,0,0,0,0,4.75131e-12,9.29568e-12,0,0,False,nan|3430,1314016
130_bNAb_Combinations|1314016|cc|3|1|nan|3430,0,0,0,-2.48239e-09,3.41254e-09,0,0,0,0,0,-4.1565e-11,2.63434e-12,0,0,False,nan|3430,1314016
130_bNAb_Combinations|1314016|cc|4|1|nan|3430,0,0,0,1.90003e-09,3.71328e-11,0,0,0,0,0,3.25722e-11,-1.2303e-11,0,0,False,nan|3430,1314016
130_bNAb_Combinations|1314016|cc|5|1|nan|3430,0,0,0,4.26746e-09,-2.28592e-09,0,0,0,0,0,-3.87947e-11,2.43343e-11,0,0,False,nan|3430,1314016
130_bNAb_Combinations|1314016|cc|6|1|nan|3430,0,0,0,-2.13823e-09,1.73556e-09,0,0,0,0,0,-2.20708e-11,6.32205e-12,0,0,False,nan|3430,1314016
130_bNAb_Combinations|1314016|cc|7|1|nan|3430,0,0,0,-1.84151e-09,-2.4727e-09,0,0,0,0,0,4.18177e-11,6.22968e-12,0,0,False,nan|3430,1314016
130_bNAb_Combinations|1314016|cc|8|1|nan|3430,0,0,0,3.38314e-09,4.48849e-11,0,0,0,0,0,1.28844e-11,-2.92406e-11,0,0,False,nan|3430,1314016
130_bNAb_Combinations|1314016|sample|10|nan|3430,0,0,0,2.30372e-09,6.57144e-10,0,0,0,0,0,-2.00195e-11,1.25944e-11,0,0,True,PGT121|3430,1314016
130_bNAb_Combinations|1314016|sample|11|nan|3430,0,0,0,-9.88715e-10,-1.14662e-09,0,0,0,0,0,2.53748e-11,1.13118e-11,0,0,True,VRC07-523LS|3430,1314016
130_bNAb_Combinations|1314016|sample|12|nan|3430,0,0,0,-5.20105e-09,-4.39197e-10,0,0,0,0,0,-1.69038e-11,-9.64562e-12,0,0,True,VRC07-523LS|3430,1314016
130_bNAb_Combinations|1314016|sample|3|nan|3430,0,0,0,5.52714e-09,-8.696e-10,0,0,0,0,0,2.49702e-11,4.84359e-11,0,0,True,PGDM1400|3430,1314016
130_bNAb_Combinations|1314016|sample|4|nan|3430,0,0,0,-1.10407e-09,-3.14537e-09,0,0,0,0,0,1.51741e-11,1.0429e-11,0,0,True,PGDM1400|3430,1314016
130_bNAb_Combinations|1314016|sample|5|nan|3430,0,0,0,-3.43212e-09,-1.10004e-10,0,0,0,0,0,5.20028e-11,-2.53308e-12,0,0,True,PGDM1400|3430,1314016
130_bNAb_Combinations|1314016|sample|6|nan|3430,0,0,0,-2.47835e-09,-3.10444e-10,0,0,0,0,0,6.10778e-12,1.62341e-11,0,0,True,PGDM1400|3430,1314016
130_bNAb_Combinations|1314016|sample|7|nan|3430,0,0,0,3.94919e-09,1.47116e-09,0,0,0,0,0,1.28262e-11,1.03118e-11,0,0,True,PGT121|3430,1314016
130_bNAb_Combinations|1314016|sample|8|nan|3430,0,0,0,4.86672e-09,-1.98288e-09,0,0,0,0,0,2.46618e-11,-2.53255e-11,0,0,True,PGT121|3430,1314016
130_bNAb_Combinations|1314016|sample|9|nan|3430,0,0,0,-7.89987e-09,8.42827e-10,0,0,0,0,0,-5.88902e-11,7.47669e-12,0,0,True,PGT121|3430,1314016
130_bNAb_Combinations|1314016|vc|1|2|nan|3430,0,0,0,-1.57372e-09,-1.57705e-09,0,0,0,0,0,-3.59357e-12,-1.37241e-11,0,0,False,nan|3430,1314016
130_bNAb_Combinations|1314016|vc|2|2|nan|3430,0,0,0,-1.18258e-09,4.42388e-10,0,0,0,0,0,2.1021e-11,-3.57581e-12,0,0,False,nan|3430,1314016
130_bNAb_Combinations|1314016|vc|3|2|nan|3430,0,0,0,2.91268e-10,-1.01919e-10,0,0,0,0,0,-2.77636e-11,1.40776e-11,0,0,False,nan|3430,1314016
130_bNAb_Combinations|1314016|vc|4|2|nan|3430,0,0,0,-5.11015e-09,2.51722e-09,0,0,0,0,0,-2.367e-13,1.67883e-11,0,0,False,nan|3430,1314016
130_bNAb_Combinations|1314016|vc|5|2|nan|3430,0,0,0,4.96372e-09,1.36305e-09,0,0,0,0,0,-1.65516e-11,1.30083e-11,0,0,False,nan|3430,1314016
130_bNAb_Combinations|1314016|vc|6|2|nan|3430,0,0,0,4.4861e-09,1.25925e-09,0,0,0,0,0,3.59397e-11,7.40741e-13,0,0,False,nan|3430,1314016
130_bNAb_Combinations|1314016|vc|7|2|nan|3430,0,0,0,-8.90175e-10,3.08589e-09,0,0,0,0,0,3.77565e-12,4.4972e-11,0,0,False,nan|3430,1314016
130_bNAb_Combinations|1314016|vc|8|2|nan|3430,0,0,0,-3.31598e-09,1.46474e-09,0,0,0,0,0,4.66627e-11,-1.15907e-11,0,0,False,nan|3430,1314016
130_bNAb_Combinations|1314040|cc|1|1|nan|4166,0,0,0,-2.04358e-09,2.15799e-10,0,0,0,0,0,-2.33502e-11,6.06803e-12,0,0,False,nan|4166,1314040
130_bNAb_Combinations|1314040|cc|2|1|nan|4166,0,0,0,1.90742e-09,-2.35741e-09,0,0,0,0,0,9.42535e-12,-1.42464e-11,0,0,False,nan|4166,1314040
130_bNAb_Combinations|1314040|cc|3|1|nan|4166,0,0,0,-3.04458e-09,2.89228e-10,0,0,0,0,0,4.10765e-11,3.44613e-12,0,0,False,nan|4166,1314040
130_bNAb_Combinations|1314040|cc|4|1|nan|4166,0,0,0,1.20557e-09,-1.25008e-09,0,0,0,0,0,-5.52625e-12,2.38849e-11,0,0,False,nan|4166,1314040
130_bNAb_Combinations|1314040|cc|5|1|nan|4166,0,0,0,-9.48489e-10,1.03367e-10,0,0,0,0,0,-4.8539e-12,1.30331e-11,0,0,False,nan|4166,1314040
130_bNAb_Combinations|1314040|cc|6|1|nan|4166,0,0,0,5.84465e-10,3.22951e-09,0,0,0,0,0,2.71321e-11,7.62057e-12,0,0,False,nan|4166,1314040
130_bNAb_Combinations|1314040|cc|7|1|nan|4166,0,0,0,-8.39264e-09,-2.87406e-09,0,0,0,0,0,4.83702e-12,8.054e-12,0,0,False,nan|4166,1314040
130_bNAb_Combinations|1314040|cc|8|1|nan|4166,0,0,0,1.71845e-09,1.67791e-09,0,0,0,0,0,-1.78915e-11,2.32703e-12,0,0,False,nan|4166,1314040
130_bNAb_Combinations|1314040|sample|10|nan|4166,0,0,0,-5.26929e-09,2.88208e-10,0,0,0,0,0,-1.68085e-11,2.82512e-11,0,0,True,PGT121|4166,1314040
130_bNAb_Combinations|1314040|sample|11|nan|4166,0,0,0,1.66711e-09,3.96104e-10,0,0,0,0,0,1.75876e-12,-2.28635e-11,0,0,True,VRC07-523LS|4166,1314040
130_bNAb_Combinations|1314040|sample|12|nan|4166,0,0,0,-2.36598e-09,6.79266e-10,0,0,0,0,0,-4.2173e-11,-1.70246e-11,0,0,True,VRC07-523LS|4166,1314040
130_bNAb_Combinations|1314040|sample|3|nan|4166,0,0,0,-4.1793e-09,-5.4899e-10,0,0,0,0,0,-2.55345e-11,-5.56e-12,0,0,True,PGDM1400|4166,1314040
130_bNAb_Combinations|1314040|sample|4|nan|4166,0,0,0,1.03312e-10,8.9978e-11,0,0,0,0,0,3.40663e-11,-1.27152e-11,0,0,True,PGDM1400|4166,1314040
130_bNAb_Combinations|1314040|sample|5|nan|4166,0,0,0,-5.11557e-09,-1.35918e-09,0,0,0,0,0,2.11621e-11,-1.52607e-11,0,0,True,PGDM1400|4166,1314040
130_bNAb_Combinations|1314040|sample|6|nan|4166,0,0,0,-1.93615e-09,2.43686e-10,0,0,0,0,0,-8.72247e-12,-4.29079e-11,0,0,True,PGDM1400|4166,1314040
130_bNAb_Combinations|1314040|sample|7|nan|4166,0,0,0,-3.19882e-09,-4.01748e-10,0,0,0,0,0,3.32263e-11,1.87939e-11,0,0,True,PGT121|4166,1314040
130_bNAb_Combinations|1314040|sample|8|nan|4166,0,0,0,1.35758e-09,6.28807e-10,0,0,0,0,0,4.09135e-11,-2.30109e-11,0,0,True,PGT121|4166,1314040
130_bNAb_Combinations|1314040|sample|9|nan|4166,0,0,0,-1.81316e-09,1.84639e-09,0,0,0,0,0,1.63454e-11,-9.97602e-12,0,0,True,PGT121|4166,1314040
130_bNAb_Combinations|1314040|vc|1|2|nan|4166,0,0,0,-2.20542e-09,-2.81512e-09,0,0,0,0,0,1.76055e-11,1.38591e-11,0,0,False,nan|4166,1314040
130_bNAb_Combinations|1314040|vc|2|2|nan|4166,0,0,0,-3.10279e-10,-1.43852e-09,0,0,0,0,0,3.85105e-11,1.71028e-11,0,0,False,nan|4166,1314040
130_bNAb_Combinations|1314040|vc|3|2|nan|4166,0,0,0,7.68073e-09,-8.59812e-10,0,0,0,0,0,-4.48228e-11,5.63105e-12,0,0,False,nan|4166,1314040
130_bNAb_Combinations|1314040|vc|4|2|nan|4166,0,0,0,2.8219e-09,-8.74733e-11,0,0,0,0,0,4.0985e-11,-1.18305e-11,0,0,False,nan|4166,1314040
130_bNAb_Combinations|1314040|vc|5|2|nan|4166,0,0,0,-3.02927e-09,1.85376e-09,0,0,0,0,0,1.89662e-11,-1.42073e-11,0,0,False,nan|4166,1314040
130_bNAb_Combinations|1314040|vc|6|2|nan|4166,0,0,0,-6.02471e-10,-1.21368e-09,0,0,0,0,0,1.22551e-11,1.31841e-11,0,0,False,nan|4166,1314040
130_bNAb_Combinations|1314040|vc|7|2|nan|4166,0,0,0,5.94144e-09,-2.57835e-10,0,0,0,0,0,1.67475e-11,8.30269e-12,0,0,False,nan|4166,1314040
130_bNAb_Combinations|1314040|vc|8|2|nan|4166,0,0,0,-5.86779e-10,5.6518e-10,0,0,0,0,0,1.88516e-11,-1.09068e-12,0,0,False,nan|4166,1314040
130_bNAb_Combinations|1314058|cc|1|1|nan|2944,0,0,0,4.43152e-10,-2.88088e-10,0,0,0,0,0,-3.27769e-11,-3.94351e-12,0,0,False,nan|2944,1314058
130_bNAb_Combinations|1314058|cc|2|1|nan|2944,0,0,0,1.37245e-09,-1.03914e-09,0,0,0,0,0,3.44831e-11,-3.02869e-11,0,0,False,nan|2944,1314058
130_bNAb_Combinations|1314058|cc|3|1|nan|2944,0,0,0,-7.51427e-09,1.04857e-10,0,0,0,0,0,3.49218e-11,-6.22791e-12,0,0,False,nan|2944,1314058
130_bNAb_Combinations|1314058|cc|4|1|nan|2944,0,0,0,-6.90487e-09,3.52954e-10,0,0,0,0,0,-6.49703e-13,1.28129e-11,0,0,False,nan|2944,1314058
130_bNAb_Combinations|1314058|cc|5|1|nan|2944,0,0,0,1.92005e-10,-7.36428e-10,0,0,0,0,0,-3.63438e-11,6.50502e-12,0,0,False,nan|2944,1314058
130_bNAb_Combinations|1314058|cc|6|1|nan|2944,0,0,0,3.95822e-09,-1.37121e-09,0,0,0,0,0,-2.95453e-11,3.24807e-11,0,0,False,nan|2944,1314058
130_bNAb_Combinations|1314058|cc|7|1|nan|2944,0,0,0,6.47713e-10,-1.4933e-10,0,0,0,0,0,-4.63092e-11,-7.38964e-12,0,0,False,nan|2944,1314058
130_bNAb_Combinations|1314058|cc|8|1|nan|2944,0,0,0,-3.92127e-09,5.46005e-11,0,0,0,0,0,1.26064e-11,-1.57527e-11,0,0,False,nan|2944,1314058
130_bNAb_Combinations|1314058|sample|10|nan|2944,0,0,0,-4.81141e-09,3.89982e-10,0,0,0,0,0,1.96217e-11,-2.26663e-12,0,0,True,PGT121|2944,1314058
130_bNAb_Combinations|1314058|sample|11|nan|2944,0,0,0,-5.83362e-09,-6.3207e-10,0,0,0,0,0,3.53353e-11,4.10871e-12,0,0,True,VRC07-523LS|2944,1314058
130_bNAb_Combinations|1314058|sample|12|nan|2944,0,0,0,-5.94254e-10,-1.29952e-09,0,0,0,0,0,2.5886e-11,-4.17266e-12,0,0,True,VRC07-523LS|2944,1314058
130_bNAb_Combinations|1314058|sample|3|nan|2944,0,0,0,9.03828e-10,-5.55427e-10,0,0,0,0,0,3.78564e-11,3.94529e-12,0,0,True,PGDM1400|2944,1314058
130_bNAb_Combinations|1314058|sample|4|nan|2944,0,0,0,-6.73004e-09,-5.38533e-10,0,0,0,0,0,1.94413e-11,8.0842e-12,0,0,True,PGDM1400|2944,1314058
130_bNAb_Combinations|1314058|sample|5|nan|2944,0,0,0,-2.03145e-09,-2.415e-09,0,0,0,0,0,-2.52798e-11,-6.942e-12,0,0,True,PGDM1400|2944,1314058
130_bNAb_Combinations|1314058|sample|6|nan|2944,0,0,0,-9.55894e-10,-1.32419e-09,0,0,0,0,0,-1.77902e-12,-1.85256e-11,0,0,True,PGDM1400|2944,1314058
130_bNAb_Combinations|1314058|sample|7|nan|2944,0,0,0,2.54711e-10,2.51404e-10,0,0,0,0,0,9.7915e-12,9.87121e-12,0,0,True,PGT121|2944,1314058
130_bNAb_Combinations|1314058|sample|8|nan|2944,0,0,0,-1.16033e-09,-6.92067e-10,0,0,0,0,0,-6.16318e-12,1.08749e-11,0,0,True,PGT121|2944,1314058
130_bNAb_Combinations|1314058|sample|9|nan|2944,0,0,0,-2.19735e-09,-1.51478e-10,0,0,0,0,0,2.21161e-11,-1.30349e-11,0,0,True,PGT121|2944,1314058
130_bNAb_Combinations|1314058|vc|1|2|nan|2944,0,0,0,-4.90876e-09,-3.53441e-10,0,0,0,0,0,-6.92291e-12,-1.88223e-11,0,0,False,nan|2944,1314058
130_bNAb_Combinations|1314058|vc|2|2|nan|2944,0,0,0,-1.13451e-09,3.58384e-10,0,0,0,0,0,5.45919e-12,-1.37383e-11,0,0,False,nan|2944,1314058
130_bNAb_Combinations|1314058|vc|3|2|nan|2944,0,0,0,1.52429e-09,-9.84685e-11,0,0,0,0,0,2.53979e-11,-1.93268e-12,0,0,False,nan|2944,1314058
130_bNAb_Combinations|1314058|vc|4|2|nan|2944,0,0,0,-7.79777e-09,-1.02612e-09,0,0,0,0,0,4.43703e-11,-6.14442e-12,0,0,False,nan|2944,1314058
130_bNAb_Combinations|1314058|vc|5|2|nan|2944,0,0,0,5.82707e-09,-5.31329e-10,0,0,0,0,0,4.0826e-11,1.04787e-11,0,0,False,nan|2944,1314058
130_bNAb_Combinations|1314058|vc|6|2|nan|2944,0,0,0,4.62499e-09,-2.13991e-11,0,0,0,0,0,2.00502e-11,-7.92433e-12,0,0,False,nan|2944,1314058
130_bNAb_Combinations|1314058|vc|7|2|nan|2944,0,0,0,3.79962e-09,-2.68148e-10,0,0,0,0,0,-3.06755e-11,-7.2049e-12,0,0,False,nan|2944,1314058
130_bNAb_Combinations|1314058|vc|8|2|nan|2944,0,0,0,6.77278e-10,-2.09717e-09,0,0,0,0,0,-1.17564e-11,-1.97957e-11,0,0,False,nan|2944,1314058
130_bNAb_Combinations|1342240|cc|1|1|nan|1798,0,0,0,2.64159e-09,-5.04849e-12,0,0,0,0,0,-1.43965e-11,-1.95275e-11,0,0,False,nan|1798,1342240
130_bNAb_Combinations|1342240|cc|2|1|nan|1798,0,0,0,-7.61085e-10,1.06318e-09,0,0,0,0,0,-2.12363e-11,-5.48539e-12,0,0,False,nan|1798,1342240
130_bNAb_Combinations|1342240|cc|3|1|nan|1798,0,0,0,-3.4215e-09,1.39936e-09,0,0,0,0,0,4.996e-11,-9.30989e-12,0,0,False,nan|1798,1342240
130_bNAb_Combinations|1342240|cc|4|1|nan|1798,0,0,0,-1.161e-09,1.10062e-09,0,0,0,0,0,-3.08589e-11,-2.0961e-12,0,0,False,nan|1798,1342240
130_bNAb_Combinations|1342240|cc|5|1|nan|1798,0,0,0,-5.19178e-09,1.47101e-09,0,0,0,0,0,-2.18465e-11,-1.54508e-11,0,0,False,nan|1798,1342240
130_bNAb_Combinations|1342240|cc|6|1|nan|1798,0,0,0,3.93528e-09,-3.37449e-09,0,0,0,0,0,-3.61311e-11,7.67919e-12,0,0,False,nan|1798,1342240
130_bNAb_Combinations|1342240|cc|7|1|nan|1798,0,0,0,4.17799e-09,1.2136e-09,0,0,0,0,0,-3.01501e-11,3.96128e-12,0,0,False,nan|1798,1342240
130_bNAb_Combinations|1342240|cc|8|1|nan|1798,0,0,0,-3.47958e-09,1.06837e-11,0,0,0,0,0,-8.20339e-11,-3.28093e-12,0,0,False,nan|1798,1342240
130_bNAb_Combinations|1342240|sample|3|nan|1798,0,0,0,-4.07015e-09,-1.20038e-09,0,0,0,0,0,-5.32863e-12,-1.20206e-11,0,0,True,VRC07-523LS|1798,1342240
130_bNAb_Combinations|1342240|sample|4|nan|1798,0,0,0,1.23222e-09,1.39074e-09,0,0,0,0,0,3.85616e-11,6.43041e-13,0,0,True,VRC07-523LS|1798,1342240
130_bNAb_Combinations|1342240|sample|8|nan|1798,0,0,0,-1.28889e-09,6.4067e-10,0,0,0,0,0,-1.40776e-11,1.69251e-11,0,0,True,VRC07-523LS|1798,1342240
130_bNAb_Combinations|1342240|vc|1|2|nan|1798,0,0,0,-4.34489e-09,-2.11348e-10,0,0,0,0,0,-3.98268e-11,3.44791e-12,0,0,False,nan|1798,1342240
130_bNAb_Combinations|1342240|vc|2|2|nan|1798,0,0,0,-3.8153e-09,2.852e-09,0,0,0,0,0,1.73301e-11,6.24389e-12,0,0,False,nan|1798,1342240
130_bNAb_Combinations|1342240|vc|3|2|nan|1798,0,0,0,2.50597e-09,-8.10146e-10,0,0,0,0,0,-4.12186e-11,8.72191e-13,0,0,False,nan|1798,1342240
130_bNAb_Combinations|1342240|vc|4|2|nan|1798,0,0,0,6.26222e-10,9.26191e-10,0,0,0,0,0,1.51488e-11,1.93499e-11,0,0,False,nan|1798,1342240
130_bNAb_Combinations|1342240|vc|5|2|nan|1798,0,0,0,-8.34863e-10,1.75955e-09,0,0,0,0,0,7.40918e-12,1.04521e-11,0,0,False,nan|1798,1342240
130_bNAb_Combinations|1342240|vc|6|2|nan|1798,0,0,0,-2.21108e-10,-1.8118e-09,0,0,0,0,0,-1.65468e-11,-8.84626e-12,0,0,False,nan|1798,1342240
130_bNAb_Combinations|1342240|vc|7|2|nan|1798,0,0,0,-2.94496e-09,-9.84028e-10,0,0,0,0,0,1.0723e-11,-1.56231e-11,0,0,False,nan|1798,1342240
130_bNAb_Combinations|1342240|vc|8|2|nan|1798,0,0,0,-1.5228e-09,-1.35274e-09,0,0,0,0,0,-3.1104e-12,2.5226e-11,0,0,False,nan|1798,1342240
130_bNAb_Combinations|1342258|cc|1|1|TRO.11|8301,0,0,0,1.35495e-09,8.25902e-10,0,0,0,0,0,3.1616e-11,-2.71783e-12,0,0,False,nan|TRO.11,1342258
130_bNAb_Combinations|1342258|cc|2|1|TRO.11|8301,0,0,0,-2.83697e-09,-4.78855e-10,0,0,0,0,0,-2.35656e-11,-7.63301e-12,0,0,False,nan|TRO.11,1342258
130_bNAb_Combinations|1342258|cc|3|1|TRO.11|8301,0,0,0,-7.88189e-10,6.8374e-10,0,0,0,0,0,1.20308e-11,1.99645e-11,0,0,False,nan|TRO.11,1342258
130_bNAb_Combinations|1342258|cc|4|1|TRO.11|8301,0,0,0,-4.74244e-10,1.19986e-09,0,0,0,0,0,2.43721e-11,-1.1374e-11,0,0,False,nan|TRO.11,1342258
130_bNAb_Combinations|1342258|cc|5|1|TRO.11|8301,0,0,0,2.66205e-09,-1.56197e-09,0,0,0,0,0,3.94107e-11,8.95284e-12,0,0,False,nan|TRO.11,1342258
130_bNAb_Combinations|1342258|cc|6|1|TRO.11|8301,0,0,0,-6.63891e-09,1.34083e-09,0,0,0,0,0,-1.03468e-11,1.64473e-11,0,0,False,nan|TRO.11,1342258
130_bNAb_Combinations|1342258|cc|7|1|TRO.11|8301,0,0,0,4.47027e-09,-1.27488e-09,0,0,0,0,0,6.18838e-12,-1.7101e-11,0,0,False,nan|TRO.11,1342258
130_bNAb_Combinations|1342258|cc|8|1|TRO.11|8301,0,0,0,-5.72062e-10,3.89842e-09,0,0,0,0,0,1.19371e-12,2.63274e-11,0,0,False,nan|TRO.11,1342258
130_bNAb_Combinations|1342258|sample|3|TRO.11|8301,0,0,0,-1.41771e-09,1.7448e-10,0,0,0,0,0,2.36837e-11,-9.18021e-12,0,0,True,VRC07-523LS|TRO.11,1342258
130_bNAb_Combinations|1342258|sample|4|TRO.11|8301,0,0,0,-4.04266e-09,-7.09473e-10,0,0,0,0,0,3.3638e-11,-5.4925e-12,0,0,True,VRC07-523LS|TRO.11,1342258
130_bNAb_Combinations|1342258|vc|1|2|TRO.11|8301,0,0,0,-4.37339e-09,-1.79926e-10,0,0,0,0,0,-2.72697e-11,2.01261e-11,0,0,False,nan|TRO.11,1342258
130_bNAb_Combinations|1342258|vc|2|2|TRO.11|8301,0,0,0,1.39073e-09,-8.29396e-10,0,0,0,0,0,-1.8423e-11,7.80709e-12,0,0,False,nan|TRO.11,1342258
130_bNAb_Combinations|1342258|vc|3|2|TRO.11|8301,0,0,0,-4.69353e-10,-1.27172e-10,0,0,0,0,0,-8.11617e-12,-1.17453e-11,0,0,False,nan|TRO.11,1342258
130_bNAb_Combinations|1342258|vc|4|2|TRO.11|8301,0,0,0,9.04111e-10,8.12499e-10,0,0,0,0,0,2.52669e-11,-1.37401e-11,0,0,False,nan|TRO.11,1342258
130_bNAb_Combinations|1342258|vc|5|2|TRO.11|8301,0,0,0,-1.75221e-09,4.00922e-10,0,0,0,0,0,3.05023e-11,-1.51079e-11,0,0,False,nan|TRO.11,1342258
130_bNAb_Combinations|1342258|vc|6|2|TRO.11|8301,0,0,0,1.35442e-09,-3.01341e-10,0,0,0,0,0,5.92246e-11,-3.17133e-11,0,0,False,nan|TRO.11,1342258
130_bNAb_Combinations|1342258|vc|7|2|TRO.11|8301,0,0,0,2.56226e-09,-6.74481e-11,0,0,0,0,0,-1.4059e-11,1.29692e-11,0,0,False,nan|TRO.11,1342258
130_bNAb_Combinations|1342258|vc|8|2|TRO.11|8301,0,0,0,2.20398e-09,-2.48325e-10,0,0,0,0,0,8.21947e-11,-2.20748e-11,0,0,False,nan|TRO.11,1342258
130_bNAb_Combinations|1342276|cc|1|1|Ce1176_A3|7023,0,0,0,4.69918e-10,-5.05505e-10,0,0,0,0,0,2.96279e-11,8.65263e-12,0,0,False,nan|Ce1176_A3,1342276
130_bNAb_Combinations|1342276|cc|2|1|Ce1176_A3|7023,0,0,0,4.88827e-09,1.33345e-09,0,0,0,0,0,2.40754e-11,9.20508e-12,0,0,False,nan|Ce1176_A3,1342276
130_bNAb_Combinations|1342276|cc|3|1|Ce1176_A3|7023,0,0,0,-3.04939e-09,-8.11222e-10,0,0,0,0,0,-7.05387e-11,8.58691e-12,0,0,False,nan|Ce1176_A3,1342276
130_bNAb_Combinations|1342276|cc|4|1|Ce1176_A3|7023,0,0,0,-5.54172e-10,-1.65055e-09,0,0,0,0,0,-2.77987e-11,-6.01297e-12,0,0,False,nan|Ce1176_A3,1342276
130_bNAb_Combinations|1342276|cc|5|1|Ce1176_A3|7023,0,0,0,1.78406e-09,1.21985e-09,0,0,0,0,0,-2.63647e-11,-1.64597e-11,0,0,False,nan|Ce1176_A3,1342276
130_bNAb_Combinations|1342276|cc|6|1|Ce1176_A3|7023,0,0,0,-5.40654e-09,2.63614e-09,0,0,0,0,0,-1.29265e-11,1.17417e-11,0,0,False,nan|Ce1176_A3,1342276
130_bNAb_Combinations|1342276|cc|7|1|Ce1176_A3|7023,0,0,0,9.1913e-10,9.03902e-10,0,0,0,0,0,2.97313e-11,1.07079e-11,0,0,False,nan|Ce1176_A3,1342276
130_bNAb_Combinations|1342276|cc|8|1|Ce1176_A3|7023,0,0,0,1.09611e-09,-2.23109e-09,0,0,0,0,0,-3.36193e-11,-1.02922e-11,0,0,False,nan|Ce1176_A3,1342276
130_bNAb_Combinations|1342276|sample|3|Ce1176_A3|7023,0,0,0,-9.17272e-10,9.60393e-11,0,0,0,0,0,1.76907e-11,7.52465e-12,0,0,True,VRC07-523LS|Ce1176_A3,1342276
130_bNAb_Combinations|1342276|sample|4|Ce1176_A3|7023,0,0,0,-6.20778e-09,-2.45531e-09,0,0,0,0,0,9.43889e-11,-1.55023e-11,0,0,True,VRC07-523LS|Ce1176_A3,1342276
130_bNAb_Combinations|1342276|vc|1|2|Ce1176_A3|7023,0,0,0,-3.56883e-10,5.44995e-10,0,0,0,0,0,-1.50799e-11,1.51523e-11,0,0,False,nan|Ce1176_A3,1342276
130_bNAb_Combinations|1342276|vc|2|2|Ce1176_A3|7023,0,0,0,1.64712e-09,2.87939e-09,0,0,0,0,0,2.43117e-11,1.11342e-11,0,0,False,nan|Ce1176_A3,1342276
130_bNAb_Combinations|1342276|vc|3|2|Ce1176_A3|7023,0,0,0,-6.73625e-09,-2.38726e-10,0,0,0,0,0,-1.13132e-11,1.88543e-11,0,0,False,nan|Ce1176_A3,1342276
130_bNAb_Combinations|1342276|vc|4|2|Ce1176_A3|7023,0,0,0,4.28236e-09,1.44251e-09,0,0,0,0,0,3.53406e-11,3.12639e-13,0,0,False,nan|Ce1176_A3,1342276
130_bNAb_Combinations|1342276|vc|5|2|Ce1176_A3|7023,0,0,0,1.68845e-09,-1.56633e-09,0,0,0,0,0,9.02216e-11,-1.80762e-11,0,0,False,nan|Ce1176_A3,1342276
130_bNAb_Combinations|1342276|vc|6|2|Ce1176_A3|7023,0,0,0,-4.08009e-09,1.54403e-09,0,0,0,0,0,1.06755e-11,1.65077e-11,0,0,False,nan|Ce1176_A3,1342276
130_bNAb_Combinations|1342276|vc|7|2|Ce1176_A3|7023,0,0,0,3.34491e-09,2.36789e-09,0,0,0,0,0,6.68865e-11,2.13802e-11,0,0,False,nan|Ce1176_A3,1342276
130_bNAb_Combinations|1342276|vc|8|2|Ce1176_A3|7023,0,0,0,-9.74948e-11,-2.99622e-10,0,0,0,0,0,-4.83342e-11,-6.4535e-12,0,0,False,nan|Ce1176_A3,1342276
130_bNAb_Combinations|1342294|cc|1|1|nan|1176,0,0,0,-2.76437e-10,-2.21184e-09,0,0,0,0,0,1.05649e-11,-4.3201e-12,0,0,False,nan|1176,1342294
130_bNAb_Combinations|1342294|cc|2|1|nan|1176,0,0,0,-4.66076e-09,1.74775e-09,0,0,0,0,0,-5.39035e-12,-1.85949e-11,0,0,False,nan|1176,1342294
130_bNAb_Combinations|1342294|cc|3|1|nan|1176,0,0,0,-1.61213e-09,1.40655e-10,0,0,0,0,0,-5.32596e-11,3.03686e-11,0,0,False,nan|1176,1342294
130_bNAb_Combinations|1342294|cc|4|1|nan|1176,0,0,0,4.20815e-09,-1.36527e-09,0,0,0,0,0,8.72635e-12,8.84626e-12,0,0,False,nan|1176,1342294
130_bNAb_Combinations|1342294|cc|5|1|nan|1176,0,0,0,-3.08844e-09,-1.18863e-09,0,0,0,0,0,-4.13669e-11,-1.18661e-12,0,0,False,nan|1176,1342294
130_bNAb_Combinations|1342294|cc|6|1|nan|1176,0,0,0,-2.5496e-09,8.41833e-10,0,0,0,0,0,-3.14069e-11,-1.6561e-11,0,0,False,nan|1176,1342294
130_bNAb_Combinations|1342294|cc|7|1|nan|1176,0,0,0,3.00029e-09,-1.65164e-09,0,0,0,0,0,-5.4059e-11,-5.73763e-13,0,0,False,nan|1176,1342294
130_bNAb_Combinations|1342294|cc|8|1|nan|1176,0,0,0,-5.22419e-09,-2.1668e-09,0,0,0,0,0,3.7141e-11,3.56586e-11,0,0,False,nan|1176,1342294
130_bNAb_Combinations|1342294|sample|3|nan|1176,0,0,0,5.55456e-09,-8.65577e-10,0,0,0,0,0,-3.81739e-12,-1.35394e-11,0,0,True,VRC07-523LS|1176,1342294
130_bNAb_Combinations|1342294|sample|4|nan|1176,0,0,0,-2.70989e-09,3.18088e-09,0,0,0,0,0,-6.63736e-12,1.51559e-11,0,0,True,VRC07-523LS|1176,1342294
130_bNAb_Combinations|1342294|sample|8|nan|1176,0,0,0,-6.32017e-09,-2.37558e-09,0,0,0,0,0,2.10858e-11,4.21885e-12,0,0,True,VRC07-523LS|1176,1342294
130_bNAb_Combinations|1342294|vc|1|2|nan|1176,0,0,0,4.52831e-09,2.01994e-10,0,0,0,0,0,-1.93969e-11,-2.13198e-11,0,0,False,nan|1176,1342294
130_bNAb_Combinations|1342294|vc|2|2|nan|1176,0,0,0,1.89823e-09,-3.3546e-10,0,0,0,0,0,-1.19504e-11,7.43228e-12,0,0,False,nan|1176,1342294
130_bNAb_Combinations|1342294|vc|3|2|nan|1176,0,0,0,4.52754e-09,-1.81884e-09,0,0,0,0,0,1.73026e-11,-1.45057e-11,0,0,False,nan|1176,1342294
130_bNAb_Combinations|1342294|vc|4|2|nan|1176,0,0,0,-2.04396e-09,-4.59839e-10,0,0,0,0,0,-2.5012e-11,-1.25198e-11,0,0,False,nan|1176,1342294
130_bNAb_Combinations|1342294|vc|5|2|nan|1176,0,0,0,8.9669e-10,1.52395e-10,0,0,0,0,0,4.50333e-11,2.4869e-14,0,0,False,nan|1176,1342294
130_bNAb_Combinations|1342294|vc|6|2|nan|1176,0,0,0,-2.55204e-09,-1.59042e-09,0,0,0,0,0,4.66391e-11,5.2065e-12,0,0,False,nan|1176,1342294
130_bNAb_Combinations|1342294|vc|7|2|nan|1176,0,0,0,-2.2844e-09,-2.29058e-09,0,0,0,0,0,2.78382e-11,9.8872e-12,0,0,False,nan|1176,1342294
130_bNAb_Combinations|1342294|vc|8|2|nan|1176,0,0,0,-3.2054e-09,1.14838e-09,0,0,0,0,0,4.80593e-12,1.94937e-11,0,0,False,nan|1176,1342294
130_bNAb_Combinations|1342312|cc|1|1|RHPA4259.7|5371,0,0,0,-3.44727e-09,-3.61663e-09,0,0,0,0,0,1.82414e-11,7.27951e-12,0,0,False,nan|RHPA4259.7,1342312
130_bNAb_Combinations|1342312|cc|2|1|RHPA4259.7|5371,0,0,0,6.5349e-09,-9.39799e-10,0,0,0,0,0,-1.05188e-10,-1.65095e-11,0,0,False,nan|RHPA4259.7,1342312
130_bNAb_Combinations|1342312|cc|3|1|RHPA4259.7|5371,0,0,0,1.03621e-10,2.68391e-09,0,0,0,0,0,3.95772e-12,9.80549e-12,0,0,False,nan|RHPA4259.7,1342312
130_bNAb_Combinations|1342312|cc|4|1|RHPA4259.7|5371,0,0,0,-1.75533e-09,1.90352e-09,0,0,0,0,0,-2.18732e-11,-5.25624e-12,0,0,False,nan|RHPA4259.7,1342312
130_bNAb_Combinations|1342312|cc|5|1|RHPA4259.7|5371,0,0,0,4.15554e-10,-1.13914e-09,0,0,0,0,0,-2.19553e-11,6.50857e-12,0,0,False,nan|RHPA4259.7,1342312
130_bNAb_Combinations|1342312|cc|6|1|RHPA4259.7|5371,0,0,0,6.03806e-09,-7.23296e-10,0,0,0,0,0,-3.52882e-11,6.72173e-12,0,0,False,nan|RHPA4259.7,1342312
130_bNAb_Combinations|1342312|cc|7|1|RHPA4259.7|5371,0,0,0,-3.18229e-09,3.02956e-10,0,0,0,0,0,4.01101e-11,-3.92397e-12,0,0,False,nan|RHPA4259.7,1342312
130_bNAb_Combinations|1342312|cc|8|1|RHPA4259.7|5371,0,0,0,-1.75236e-10,1.37109e-09,0,0,0,0,0,7.12288e-11,7.72893e-12,0,0,False,nan|RHPA4259.7,1342312
130_bNAb_Combinations|1342312|sample|3|RHPA4259.7|5371,0,0,0,-6.84143e-11,1.4766e-09,0,0,0,0,0,3.15447e-11,3.35376e-12,0,0,True,VRC07-523LS|RHPA4259.7,1342312
130_bNAb_Combinations|1342312|sample|4|RHPA4259.7|5371,0,0,0,-3.56986e-10,1.2481e-10,0,0,0,0,0,3.86222e-11,5.13012e-12,0,0,True,VRC07-523LS|RHPA4259.7,1342312
130_bNAb_Combinations|1342312|vc|1|2|RHPA4259.7|5371,0,0,0,6.84543e-09,2.0975e-09,0,0,0,0,0,2.87619e-11,6.96687e-12,0,0,False,nan|RHPA4259.7,1342312
130_bNAb_Combinations|1342312|vc|2|2|RHPA4259.7|5371,0,0,0,-2.80863e-09,6.46803e-10,0,0,0,0,0,5.40181e-11,2.52811e-11,0,0,False,nan|RHPA4259.7,1342312
130_bNAb_Combinations|1342312|vc|3|2|RHPA4259.7|5371,0,0,0,2.59196e-09,2.25205e-09,0,0,0,0,0,2.63811e-11,1.60885e-11,0,0,False,nan|RHPA4259.7,1342312
130_bNAb_Combinations|1342312|vc|4|2|RHPA4259.7|5371,0,0,0,3.67163e-09,1.59273e-09,0,0,0,0,0,3.68336e-11,-9.16245e-12,0,0,False,nan|RHPA4259.7,1342312
130_bNAb_Combinations|1342312|vc|5|2|RHPA4259.7|5371,0,0,0,1.63974e-10,1.55127e-09,0,0,0,0,0,3.01359e-11,2.10854e-12,0,0,False,nan|RHPA4259.7,1342312
130_bNAb_Combinations|1342312|vc|6|2|RHPA4259.7|5371,0,0,0,5.91174e-09,1.1121e-09,0,0,0,0,0,2.1716e-13,-1.45324e-11,0,0,False,nan|RHPA4259.7,1342312
130_bNAb_Combinations|1342312|vc|7|2|RHPA4259.7|5371,0,0,0,3.34278e-09,-1.03043e-09,0,0,0,0,0,-2.69784e-12,-1.06279e-11,0,0,False,nan|RHPA4259.7,1342312
130_bNAb_Combinations|1342312|vc|8|2|RHPA4259.7|5371,0,0,0,7.29391e-10,1.91984e-10,0,0,0,0,0,3.27764e-11,-1.81721e-12,0,0,False,nan|RHPA4259.7,1342312
130_bNAb_Combinations|1342336|cc|1|1|nan|3430,0,0,0,1.78705e-09,-8.38136e-10,0,0,0,0,0,-9.17266e-12,-2.5759e-11,0,0,False,nan|3430,1342336
130_bNAb_Combinations|1342336|cc|2|1|nan|3430,0,0,0,4.60753e-10,2.10405e-09,0,0,0,0,0,3.21081e-11,7.06102e-12,0,0,False,nan|3430,1342336
130_bNAb_Combinations|1342336|cc|3|1|nan|3430,0,0,0,-2.8186e-09,1.62234e-09,0,0,0,0,0,2.02944e-11,3.15765e-11,0,0,False,nan|3430,1342336
130_bNAb_Combinations|1342336|cc|4|1|nan|3430,0,0,0,1.22286e-09,3.88615e-10,0,0,0,0,0,3.9329e-11,-1.61116e-12,0,0,False,nan|3430,1342336
130_bNAb_Combinations|1342336|cc|5|1|nan|3430,0,0,0,1.79935e-09,-1.4065e-09,0,0,0,0,0,-3.76321e-11,-3.26672e-12,0,0,False,nan|3430,1342336
130_bNAb_Combinations|1342336|cc|6|1|nan|3430,0,0,0,-1.33547e-09,-5.24084e-10,0,0,0,0,0,4.15241e-11,-4.57057e-12,0,0,False,nan|3430,1342336
130_bNAb_Combinations|1342336|cc|7|1|nan|3430,0,0,0,4.14368e-09,-1.51616e-09,0,0,0,0,0,2.9587e-11,6.33982e-12,0,0,False,nan|3430,1342336
130_bNAb_Combinations|1342336|cc|8|1|nan|3430,0,0,0,5.17258e-11,-3.70138e-11,0,0,0,0,0,-2.0957e-11,1.17648e-11,0,0,False,nan|3430,1342336
130_bNAb_Combinations|1342336|sample|3|nan|3430,0,0,0,2.93989e-09,9.05079e-10,0,0,0,0,0,2.06075e-11,2.73559e-13,0,0,True,VRC07-523LS|3430,1342336
130_bNAb_Combinations|1342336|sample|4|nan|3430,0,0,0,2.4816e-09,8.92296e-10,0,0,0,0,0,1.69731e-12,1.24381e-11,0,0,True,VRC07-523LS|3430,1342336
130_bNAb_Combinations|1342336|sample|5|nan|3430,0,0,0,2.75906e-09,9.56141e-10,0,0,0,0,0,-1.04028e-11,-1.49889e-11,0,0,True,VRC07-523LS|3430,1342336
130_bNAb_Combinations|1342336|vc|1|2|nan|3430,0,0,0,-9.91806e-10,2.28411e-09,0,0,0,0,0,2.48011e-11,-7.2653e-13,0,0,False,nan|3430,1342336
130_bNAb_Combinations|1342336|vc|2|2|nan|3430,0,0,0,1.29808e-09,-2.04419e-09,0,0,0,0,0,-5.34905e-12,-1.59606e-11,0,0,False,nan|3430,1342336
130_bNAb_Combinations|1342336|vc|3|2|nan|3430,0,0,0,-3.0674e-09,-1.41101e-09,0,0,0,0,0,-7.06635e-12,8.68461e-12,0,0,False,nan|3430,1342336
130_bNAb_Combinations|1342336|vc|4|2|nan|3430,0,0,0,3.46397e-09,7.30365e-11,0,0,0,0,0,-1.49245e-11,2.61284e-11,0,0,False,nan|3430,1342336
130_bNAb_Combinations|1342336|vc|5|2|nan|3430,0,0,0,4.7819e-09,2.73223e-09,0,0,0,0,0,1.31203e-10,-5.68914e-11,0,0,False,nan|3430,1342336
130_bNAb_Combinations|1342336|vc|6|2|nan|3430,0,0,0,-8.62385e-09,2.28277e-09,0,0,0,0,0,2.67169e-11,-1.40332e-11,0,0,False,nan|3430,1342336
130_bNAb_Combinations|1342336|vc|7|2|nan|3430,0,0,0,2.00264e-09,6.52801e-10,0,0,0,0,0,-1.31286e-11,-3.51541e-12,0,0,False,nan|3430,1342336
130_bNAb_Combinations|1342336|vc|8|2|nan|3430,0,0,0,1.15456e-09,-2.69221e-09,0,0,0,0,0,6.22236e-11,3.02958e-11,0,0,False,nan|3430,1342336
130_bNAb_Combinations|1342348|cc|1|1|nan|4166,0,0,0,-4.97284e-09,9.18546e-10,0,0,0,0,0,-3.42126e-12,2.15756e-11,0,0,False,nan|4166,1342348
130_bNAb_Combinations|1342348|cc|2|1|nan|4166,0,0,0,-5.45339e-10,1.69626e-09,0,0,0,0,0,8.08242e-12,9.09495e-12,0,0,False,nan|4166,1342348
130_bNAb_Combinations|1342348|cc|3|1|nan|4166,0,0,0,-2.91236e-09,-2.86292e-09,0,0,0,0,0,-9.6847e-12,2.44746e-11,0,0,False,nan|4166,1342348
130_bNAb_Combinations|1342348|cc|4|1|nan|4166,0,0,0,-1.70545e-09,-2.41398e-09,0,0,0,0,0,5.44986e-11,-1.32729e-11,0,0,False,nan|4166,1342348
130_bNAb_Combinations|1342348|cc|5|1|nan|4166,0,0,0,-2.34994e-09,1.02811e-09,0,0,0,0,0,-2.23714e-11,-3.01625e-12,0,0,False,nan|4166,1342348
130_bNAb_Combinations|1342348|cc|6|1|nan|4166,0,0,0,-3.75096e-10,5.41817e-10,0,0,0,0,0,2.55413e-11,-2.77751e-11,0,0,False,nan|4166,1342348
130_bNAb_Combinations|1342348|cc|7|1|nan|4166,0,0,0,-2.61972e-09,-1.25447e-09,0,0,0,0,0,5.62324e-11,2.1128e-11,0,0,False,nan|4166,1342348
130_bNAb_Combinations|1342348|cc|8|1|nan|4166,0,0,0,-3.89267e-10,-2.83939e-09,0,0,0,0,0,-2.13536e-11,-2.5544e-12,0,0,False,nan|4166,1342348
130_bNAb_Combinations|1342348|sample|3|nan|4166,0,0,0,4.65952e-09,3.2945e-09,0,0,0,0,0,-3.0163e-11,7.82308e-12,0,0,True,VRC07-523LS|4166,1342348
130_bNAb_Combinations|1342348|sample|4|nan|4166,0,0,0,-4.4344e-09,1.87882e-09,0,0,0,0,0,-2.82751e-11,-3.9897e-12,0,0,True,VRC07-523LS|4166,1342348
130_bNAb_Combinations|1342348|vc|1|2|nan|4166,0,0,0,3.07967e-09,-2.28078e-09,0,0,0,0,0,-2.17302e-11,-1.76943e-11,0,0,False,nan|4166,1342348
130_bNAb_Combinations|1342348|vc|2|2|nan|4166,0,0,0,-4.28912e-09,-2.95968e-09,0,0,0,0,0,-2.97531e-11,2.66009e-11,0,0,False,nan|4166,1342348
130_bNAb_Combinations|1342348|vc|3|2|nan|4166,0,0,0,1.46401e-09,-3.57146e-09,0,0,0,0,0,-3.47029e-11,1.20846e-11,0,0,False,nan|4166,1342348
130_bNAb_Combinations|1342348|vc|4|2|nan|4166,0,0,0,-2.62286e-09,1.12521e-09,0,0,0,0,0,1.30402e-11,3.23652e-12,0,0,False,nan|4166,1342348
130_bNAb_Combinations|1342348|vc|5|2|nan|4166,0,0,0,-3.03275e-10,2.74259e-09,0,0,0,0,0,-4.07505e-11,-1.90834e-11,0,0,False,nan|4166,1342348
130_bNAb_Combinations|1342348|vc|6|2|nan|4166,0,0,0,2.10714e-09,-1.10797e-09,0,0,0,0,0,1.59561e-11,-1.82485e-11,0,0,False,nan|4166,1342348
130_bNAb_Combinations|1342348|vc|7|2|nan|4166,0,0,0,-1.08719e-09,1.2636e-10,0,0,0,0,0,-1.08198e-10,-1.98526e-11,0,0,False,nan|4166,1342348
130_bNAb_Combinations|1342348|vc|8|2|nan|4166,0,0,0,-3.00101e-09,1.10072e-09,0,0,0,0,0,4.28049e-11,1.64491e-12,0,0,False,nan|4166,1342348
130_bNAb_Combinations|1342372|cc|1|1|nan|2944,0,0,0,2.02821e-09,-8.2682e-10,0,0,0,0,0,3.48384e-11,3.60423e-12,0,0,False,nan|2944,1342372
130_bNAb_Combinations|1342372|cc|2|1|nan|2944,0,0,0,-1.04138e-09,1.77182e-09,0,0,0,0,0,-4.30789e-11,8.86224e-12,0,0,False,nan|2944,1342372
130_bNAb_Combinations|1342372|cc|3|1|nan|2944,0,0,0,-6.82519e-09,1.31047e-10,0,0,0,0,0,4.66973e-11,-4.87077e-12,0,0,False,nan|2944,1342372
130_bNAb_Combinations|1342372|cc|4|1|nan|2944,0,0,0,-9.55836e-11,1.14315e-09,0,0,0,0,0,1.27908e-10,-3.06759e-11,0,0,False,nan|2944,1342372
130_bNAb_Combinations|1342372|cc|5|1|nan|2944,0,0,0,4.92748e-09,-1.42663e-09,0,0,0,0,0,4.14602e-12,-1.26565e-11,0,0,False,nan|2944,1342372
130_bNAb_Combinations|1342372|cc|6|1|nan|2944,0,0,0,7.04019e-10,4.16384e-09,0,0,0,0,0,-1.28435e-11,9.65095e-12,0,0,False,nan|2944,1342372
130_bNAb_Combinations|1342372|cc|7|1|nan|2944,0,0,0,-1.68436e-10,1.54464e-09,0,0,0,0,0,-1.40292e-11,2.28084e-11,0,0,False,nan|2944,1342372
130_bNAb_Combinations|1342372|cc|8|1|nan|2944,0,0,0,5.9453e-10,-1.0051e-09,0,0,0,0,0,-3.88805e-11,1.92557e-12,0,0,False,nan|2944,1342372
130_bNAb_Combinations|1342372|sample|3|nan|2944,0,0,0,3.07298e-09,3.15887e-09,0,0,0,0,0,-2.69127e-11,-1.62412e-11,0,0,True,VRC07-523LS|2944,1342372
130_bNAb_Combinations|1342372|sample|4|nan|2944,0,0,0,-5.24626e-09,-1.01169e-10,0,0,0,0,0,-4.26756e-11,8.49631e-12,0,0,True,VRC07-523LS|2944,1342372
130_bNAb_Combinations|1342372|vc|1|2|nan|2944,0,0,0,-4.02129e-10,-9.15165e-10,0,0,0,0,0,8.09797e-12,-1.02567e-11,0,0,False,nan|2944,1342372
130_bNAb_Combinations|1342372|vc|2|2|nan|2944,0,0,0,5.00943e-10,-1.31508e-09,0,0,0,0,0,-1.58247e-11,-6.807e-12,0,0,False,nan|2944,1342372
130_bNAb_Combinations|1342372|vc|3|2|nan|2944,0,0,0,-3.95686e-10,-8.03494e-10,0,0,0,0,0,4.75375e-11,8.55849e-12,0,0,False,nan|2944,1342372
130_bNAb_Combinations|1342372|vc|4|2|nan|2944,0,0,0,1.38299e-09,7.72198e-10,0,0,0,0,0,4.41855e-11,1.65734e-12,0,0,False,nan|2944,1342372
130_bNAb_Combinations|1342372|vc|5|2|nan|2944,0,0,0,-6.54428e-09,-2.41125e-09,0,0,0,0,0,-3.81082e-11,3.25429e-12,0,0,False,nan|2944,1342372
130_bNAb_Combinations|1342372|vc|6|2|nan|2944,0,0,0,-3.86189e-09,-6.50874e-10,0,0,0,0,0,2.72293e-11,-1.51754e-11,0,0,False,nan|2944,1342372
130_bNAb_Combinations|1342372|vc|7|2|nan|2944,0,0,0,-2.94681e-09,3.23053e-10,0,0,0,0,0,-2.75295e-11,-2.12701e-11,0,0,False,nan|2944,1342372
130_bNAb_Combinations|1342372|vc|8|2|nan|2944,0,0,0,-3.20549e-10,-3.52312e-11,0,0,0,0,0,5.7105e-11,-1.84848e-11,0,0,False,nan|2944,1342372
130_bNAb_Combinations|1342384|cc|1|1|nan|2946,0,0,0,4.32269e-10,5.53623e-10,0,0,0,0,0,7.47571e-11,1.14451e-11,0,0,False,nan|2946,1342384
130_bNAb_Combinations|1342384|cc|2|1|nan|2946,0,0,0,1.03554e-09,-4.33694e-09,0,0,0,0,0,-6.0707e-13,1.2621e-11,0,0,False,nan|2946,1342384
130_bNAb_Combinations|1342384|cc|3|1|nan|2946,0,0,0,-1.00619e-10,-1.58917e-09,0,0,0,0,0,-8.30447e-13,-1.50546e-11,0,0,False,nan|2946,1342384
130_bNAb_Combinations|1342384|cc|4|1|nan|2946,0,0,0,2.41256e-09,-5.71138e-11,0,0,0,0,0,2.60285e-11,-1.81011e-12,0,0,False,nan|2946,1342384
130_bNAb_Combinations|1342384|cc|5|1|nan|2946,0,0,0,-2.52327e-09,-2.68938e-11,0,0,0,0,0,8.00915e-12,2.15703e-11,0,0,False,nan|2946,1342384
130_bNAb_Combinations|1342384|cc|6|1|nan|2946,0,0,0,-1.51259e-09,2.37813e-09,0,0,0,0,0,3.03246e-11,-7.61524e-12,0,0,False,nan|2946,1342384
130_bNAb_Combinations|1342384|cc|7|1|nan|2946,0,0,0,1.11013e-09,-1.80986e-09,0,0,0,0,0,-1.44182e-11,-7.40741e-12,0,0,False,nan|2946,1342384
130_bNAb_Combinations|1342384|cc|8|1|nan|2946,0,0,0,2.87761e-09,1.67243e-09,0,0,0,0,0,-4.98392e-11,-7.54063e-12,0,0,False,nan|2946,1342384
130_bNAb_Combinations|1342384|sample|3|nan|2946,0,0,0,-4.48433e-09,3.92186e-09,0,0,0,0,0,8.21831e-12,2.15525e-11,0,0,True,VRC07-523LS|2946,1342384
130_bNAb_Combinations|1342384|sample|4|nan|2946,0,0,0,-3.78495e-09,-6.81108e-10,0,0,0,0,0,2.33369e-12,-9.91918e-12,0,0,True,VRC07-523LS|2946,1342384
130_bNAb_Combinations|1342384|vc|1|2|nan|2946,0,0,0,1.77397e-09,1.07153e-10,0,0,0,0,0,-1.99298e-11,4.7109e-12,0,0,False,nan|2946,1342384
130_bNAb_Combinations|1342384|vc|2|2|nan|2946,0,0,0,-5.29266e-09,-6.22948e-10,0,0,0,0,0,-3.23399e-11,-7.03437e-12,0,0,False,nan|2946,1342384
130_bNAb_Combinations|1342384|vc|3|2|nan|2946,0,0,0,2.51527e-09,1.1743e-09,0,0,0,0,0,-2.06168e-11,1.13882e-11,0,0,False,nan|2946,1342384
130_bNAb_Combinations|1342384|vc|4|2|nan|2946,0,0,0,-4.44749e-09,2.56608e-09,0,0,0,0,0,-1.4166e-11,7.22622e-12,0,0,False,nan|2946,1342384
130_bNAb_Combinations|1342384|vc|5|2|nan|2946,0,0,0,-2.07127e-09,-8.26956e-10,0,0,0,0,0,-2.58757e-11,-4.96847e-12,0,0,False,nan|2946,1342384
130_bNAb_Combinations|1342384|vc|6|2|nan|2946,0,0,0,1.41151e-09,1.71101e-09,0,0,0,0,0,1.52416e-11,3.25979e-11,0,0,False,nan|2946,1342384
130_bNAb_Combinations|1342384|vc|7|2|nan|2946,0,0,0,-3.66305e-09,3.35641e-10,0,0,0,0,0,5.79088e-11,6.30784e-12,0,0,False,nan|2946,1342384
130_bNAb_Combinations|1342384|vc|8|2|nan|2946,0,0,0,-1.38481e-09,-1.46041e-09,0,0,0,0,0,-2.56466e-11,-7.43938e-12,0,0,False,nan|2946,1342384
130_bNAb_Combinations|1342396|cc|1|1|PVO.4|5024,0,0,0,-2.0055e-09,1.66033e-09,0,0,0,0,0,-1.39808e-11,9.7149e-12,0,0,False,nan|PVO.4,1342396
130_bNAb_Combinations|1342396|cc|2|1|PVO.4|5024,0,0,0,2.0301e-09,8.23863e-10,0,0,0,0,0,5.39746e-12,1.57598e-11,0,0,False,nan|PVO.4,1342396
130_bNAb_Combinations|1342396|cc|3|1|PVO.4|5024,0,0,0,-5.00763e-09,-2.08728e-09,0,0,0,0,0,2.97877e-11,8.90665e-12,0,0,False,nan|PVO.4,1342396
130_bNAb_Combinations|1342396|cc|4|1|PVO.4|5024,0,0,0,2.23216e-09,-1.98868e-09,0,0,0,0,0,-1.68807e-11,-6.85851e-12,0,0,False,nan|PVO.4,1342396
130_bNAb_Combinations|1342396|cc|5|1|PVO.4|5024,0,0,0,-2.20984e-09,-1.41818e-10,0,0,0,0,0,6.9571e-12,1.3415e-11,0,0,False,nan|PVO.4,1342396
130_bNAb_Combinations|1342396|cc|6|1|PVO.4|5024,0,0,0,9.2832e-10,-1.77884e-09,0,0,0,0,0,4.62759e-11,-2.25864e-11,0,0,False,nan|PVO.4,1342396
130_bNAb_Combinations|1342396|cc|7|1|PVO.4|5024,0,0,0,-8.62288e-10,-2.19025e-09,0,0,0,0,0,-1.07399e-11,1.25695e-11,0,0,False,nan|PVO.4,1342396
130_bNAb_Combinations|1342396|cc|8|1|PVO.4|5024,0,0,0,-1.56674e-09,-7.22368e-10,0,0,0,0,0,-7.73603e-12,-1.2669e-11,0,0,False,nan|PVO.4,1342396
130_bNAb_Combinations|1342396|sample|3|PVO.4|5024,0,0,0,-2.20827e-09,6.82567e-10,0,0,0,0,0,5.93525e-12,-2.2327e-11,0,0,True,VRC07-523LS|PVO.4,1342396
130_bNAb_Combinations|1342396|sample|4|PVO.4|5024,0,0,0,-4.8326e-09,2.07403e-09,0,0,0,0,0,2.91283e-11,3.3058e-12,0,0,True,VRC07-523LS|PVO.4,1342396
130_bNAb_Combinations|1342396|vc|1|2|PVO.4|5024,0,0,0,5.2789e-10,-2.23586e-09,0,0,0,0,0,4.4599e-11,-1.46869e-11,0,0,False,nan|PVO.4,1342396
130_bNAb_Combinations|1342396|vc|2|2|PVO.4|5024,0,0,0,5.81081e-09,-1.05257e-10,0,0,0,0,0,-1.26255e-11,-4.5155e-12,0,0,False,nan|PVO.4,1342396
130_bNAb_Combinations|1342396|vc|3|2|PVO.4|5024,0,0,0,-3.18456e-09,-7.68484e-10,0,0,0,0,0,-2.29354e-11,2.7736e-11,0,0,False,nan|PVO.4,1342396
130_bNAb_Combinations|1342396|vc|4|2|PVO.4|5024,0,0,0,-4.83338e-09,7.54301e-11,0,0,0,0,0,5.12594e-11,6.16396e-13,0,0,False,nan|PVO.4,1342396
130_bNAb_Combinations|1342396|vc|5|2|PVO.4|5024,0,0,0,1.72282e-09,1.06724e-09,0,0,0,0,0,-4.62563e-12,-1.21574e-11,0,0,False,nan|PVO.4,1342396
130_bNAb_Combinations|1342396|vc|6|2|PVO.4|5024,0,0,0,-4.94523e-10,-1.35625e-09,0,0,0,0,0,7.43849e-12,1.76854e-11,0,0,False,nan|PVO.4,1342396
130_bNAb_Combinations|1342396|vc|7|2|PVO.4|5024,0,0,0,-2.00131e-09,1.21008e-09,0,0,0,0,0,-1.36797e-11,1.27685e-11,0,0,False,nan|PVO.4,1342396
130_bNAb_Combinations|1342396|vc|8|2|PVO.4|5024,0,0,0,4.19977e-09,1.92932e-10,0,0,0,0,0,2.08384e-11,2.91323e-12,0,0,False,nan|PVO.4,1342396
130_bNAb_Combinations|1342408|cc|1|1|nan|4168,0,0,0,-1.90969e-09,9.3581e-10,0,0,0,0,0,1.20854e-11,-1.45839e-11,0,0,False,nan|4168,1342408
130_bNAb_Combinations|1342408|cc|2|1|nan|4168,0,0,0,1.80181e-09,1.22053e-09,0,0,0,0,0,4.57234e-11,-1.15534e-11,0,0,False,nan|4168,1342408
130_bNAb_Combinations|1342408|cc|3|1|nan|4168,0,0,0,2.06205e-09,-3.72519e-10,0,0,0,0,0,3.71321e-11,1.29319e-11,0,0,False,nan|4168,1342408
130_bNAb_Combinations|1342408|cc|4|1|nan|4168,0,0,0,-2.03266e-09,-5.81546e-10,0,0,0,0,0,3.04112e-11,1.89893e-12,0,0,False,nan|4168,1342408
130_bNAb_Combinations|1342408|cc|5|1|nan|4168,0,0,0,3.63861e-09,9.27451e-10,0,0,0,0,0,2.96723e-11,-4.33786e-12,0,0,False,nan|4168,1342408
130_bNAb_Combinations|1342408|cc|6|1|nan|4168,0,0,0,-1.89474e-10,1.28628e-09,0,0,0,0,0,-9.62643e-11,-1.94191e-11,0,0,False,nan|4168,1342408
130_bNAb_Combinations|1342408|cc|7|1|nan|4168,0,0,0,3.47042e-09,3.54262e-10,0,0,0,0,0,8.16502e-12,-6.71463e-12,0,0,False,nan|4168,1342408
130_bNAb_Combinations|1342408|cc|8|1|nan|4168,0,0,0,2.19295e-10,1.74269e-09,0,0,0,0,0,4.11129e-11,2.94289e-11,0,0,False,nan|4168,1342408
130_bNAb_Combinations|1342408|sample|3|nan|4168,0,0,0,2.24925e-09,4.46508e-10,0,0,0,0,0,-3.84448e-12,-1.14735e-11,0,0,True,VRC07-523LS|4168,1342408
130_bNAb_Combinations|1342408|sample|4|nan|4168,0,0,0,-1.28683e-09,-4.01735e-09,0,0,0,0,0,-2.93618e-11,3.84635e-11,0,0,True,VRC07-523LS|4168,1342408
130_bNAb_Combinations|1342408|vc|1|2|nan|4168,0,0,0,-5.8096e-09,1.22285e-09,0,0,0,0,0,4.37241e-11,6.32916e-12,0,0,False,nan|4168,1342408
130_bNAb_Combinations|1342408|vc|2|2|nan|4168,0,0,0,-5.5018e-09,-3.94925e-10,0,0,0,0,0,4.06537e-11,-3.39995e-12,0,0,False,nan|4168,1342408
130_bNAb_Combinations|1342408|vc|3|2|nan|4168,0,0,0,-2.49245e-09,-3.35665e-09,0,0,0,0,0,-9.06208e-12,-1.80052e-11,0,0,False,nan|4168,1342408
130_bNAb_Combinations|1342408|vc|4|2|nan|4168,0,0,0,-4.71994e-09,-4.6284e-09,0,0,0,0,0,2.46905e-11,9.74865e-12,0,0,False,nan|4168,1342408
130_bNAb_Combinations|1342408|vc|5|2|nan|4168,0,0,0,-4.08461e-09,8.34411e-10,0,0,0,0,0,2.47722e-11,-2.05933e-11,0,0,False,nan|4168,1342408
130_bNAb_Combinations|1342408|vc|6|2|nan|4168,0,0,0,-5.73797e-09,1.38248e-09,0,0,0,0,0,-8.84359e-12,1.05231e-11,0,0,False,nan|4168,1342408
130_bNAb_Combinations|1342408|vc|7|2|nan|4168,0,0,0,1.95444e-10,-2.68036e-09,0,0,0,0,0,7.63034e-12,2.46292e-11,0,0,False,nan|4168,1342408
130_bNAb_Combinations|1342408|vc|8|2|nan|4168,0,0,0,2.12259e-09,2.56666e-09,0,0,0,0,0,-2.01519e-11,-4.96954e-11,0,0,False,nan|4168,1342408
704_VRC01_Concordance|1200432|cc|1|1|PVO.4|5024,0,0,0,-3.66285e-09,2.21173e-09,0,0,0,0,0,1.86091e-11,1.88347e-11,0,0,False,nan|PVO.4,1200432
704_VRC01_Concordance|1200432|cc|2|1|PVO.4|5024,0,0,0,-3.03437e-09,-5.45727e-11,0,0,0,0,0,7.70939e-12,-7.77334e-12,0,0,False,nan|PVO.4,1200432
704_VRC01_Concordance|1200432|cc|3|1|PVO.4|5024,0,0,0,1.34354e-09,3.66817e-10,0,0,0,0,0,-5.49241e-11,-2.43219e-11,0,0,False,nan|PVO.4,1200432
704_VRC01_Concordance|1200432|cc|4|1|PVO.4|5024,0,0,0,5.16952e-11,-5.59237e-12,0,0,0,0,0,-3.86589e-11,-1.23208e-11,0,0,False,nan|PVO.4,1200432
704_VRC01_Concordance|1200432|cc|5|1|PVO.4|5024,0,0,0,-3.49126e-09,2.57741e-09,0,0,0,0,0,3.74278e-12,6.97042e-12,0,0,False,nan|PVO.4,1200432
704_VRC01_Concordance|1200432|cc|6|1|PVO.4|5024,0,0,0,-4.71894e-10,6.84742e-10,0,0,0,0,0,2.54561e-11,-1.26246e-11,0,0,False,nan|PVO.4,1200432
704_VRC01_Concordance|1200432|cc|7|1|PVO.4|5024,0,0,0,5.11721e-09,-3.25541e-10,0,0,0,0,0,-3.50893e-11,2.33946e-12,0,0,False,nan|PVO.4,1200432
704_VRC01_Concordance|1200432|cc|8|1|PVO.4|5024,0,0,0,8.27549e-10,9.56846e-10,0,0,0,0,0,-3.96732e-11,9.40226e-12,0,0,False,nan|PVO.4,1200432
704_VRC01_Concordance|1200432|sample|10|PVO.4|5024,0,0,0,9.45325e-10,-1.038e-09,0,0,0,0,0,2.91456e-11,-1.17417e-11,0,0,True,Clinical VRC01|PVO.4,1200432
704_VRC01_Concordance|1200432|sample|11|PVO.4|5024,0,0,0,-2.47084e-09,1.03213e-09,0,0,0,0,0,-2.67293e-11,-1.41736e-11,0,0,True,Clinical VRC01|PVO.4,1200432
704_VRC01_Concordance|1200432|sample|12|PVO.4|5024,0,0,0,5.93925e-10,2.51231e-09,0,0,0,0,0,1.56941e-12,1.6227e-11,0,0,True,Clinical VRC01|PVO.4,1200432
704_VRC01_Concordance|1200432|sample|3|PVO.4|5024,0,0,0,2.75702e-09,-6.84429e-11,0,0,0,0,0,-1.5584e-11,3.31699e-11,0,0,True,Clinical VRC01|PVO.4,1200432
704_VRC01_Concordance|1200432|sample|4|PVO.4|5024,0,0,0,-6.73823e-09,1.29668e-09,0,0,0,0,0,1.25659e-11,-1.22657e-11,0,0,True,Clinical VRC01|PVO.4,1200432
704_VRC01_Concordance|1200432|sample|5|PVO.4|5024,0,0,0,9.85964e-10,6.34748e-10,0,0,0,0,0,2.18758e-12,-2.15099e-11,0,0,True,Clinical VRC01|PVO.4,1200432
704_VRC01_Concordance|1200432|sample|6|PVO.4|5024,0,0,0,2.11637e-09,1.94422e-09,0,0,0,0,0,-1.86491e-11,8.32934e-12,0,0,True,Clinical VRC01|PVO.4,1200432
704_VRC01_Concordance|1200432|sample|7|PVO.4|5024,0,0,0,4.1817e-09,9.47321e-10,0,0,0,0,0,-3.78062e-11,3.44613e-12,0,0,True,Clinical VRC01|PVO.4,1200432
704_VRC01_Concordance|1200432|sample|8|PVO.4|5024,0,0,0,-1.52553e-09,9.23764e-10,0,0,0,0,0,-4.20317e-11,-2.30074e-11,0,0,True,Clinical VRC01|PVO.4,1200432
704_VRC01_Concordance|1200432|sample|9|PVO.4|5024,0,0,0,-2.65304e-09,-1.67813e-10,0,0,0,0,0,1.82898e-11,-4.01812e-12,0,0,True,Clinical VRC01|PVO.4,1200432
704_VRC01_Concordance|1200432|vc|1|2|PVO.4|5024,0,0,0,-3.33049e-09,6.83532e-10,0,0,0,0,0,3.6767e-11,1.77298e-11,0,0,False,nan|PVO.4,1200432
704_VRC01_Concordance|1200432|vc|2|2|PVO.4|5024,0,0,0,1.33858e-09,-1.55645e-09,0,0,0,0,0,-7.86926e-12,1.22355e-11,0,0,False,nan|PVO.4,1200432
704_VRC01_Concordance|1200432|vc|3|2|PVO.4|5024,0,0,0,8.05282e-09,-2.9828e-10,0,0,0,0,0,-2.49116e-11,-5.9508e-13,0,0,False,nan|PVO.4,1200432
704_VRC01_Concordance|1200432|vc|4|2|PVO.4|5024,0,0,0,2.6414e-09,-2.84674e-09,0,0,0,0,0,3.80194e-11,-1.35074e-11,0,0,False,nan|PVO.4,1200432
704_VRC01_Concordance|1200432|vc|5|2|PVO.4|5024,0,0,0,-3.3085e-09,4.18131e-10,0,0,0,0,0,9.12692e-12,-1.66462e-11,0,0,False,nan|PVO.4,1200432
704_VRC01_Concordance|1200432|vc|6|2|PVO.4|5024,0,0,0,3.46477e-09,-1.90407e-09,0,0,0,0,0,-1.37845e-11,1.4456e-11,0,0,False,nan|PVO.4,1200432
704_VRC01_Concordance|1200432|vc|7|2|PVO.4|5024,0,0,0,-3.28636e-09,2.43337e-09,0,0,0,0,0,2.48326e-11,-6.82832e-12,0,0,False,nan|PVO.4,1200432
704_VRC01_Concordance|1200432|vc|8|2|PVO.4|5024,0,0,0,4.72354e-10,-1.25387e-09,0,0,0,0,0,4.62848e-11,1.17861e-11,0,0,False,nan|PVO.4,1200432
