id,eta_U_SAEM,eta_L_SAEM,eta_m_SAEM,eta_e_SAEM,eta_alpha_SAEM,eta_k_SAEM,eta_U_mode,eta_L_mode,eta_m_mode,eta_e_mode,eta_alpha_mode,eta_k_mode,goes_down,mab_virus,run_id
130_bNAb_Combinations|1313842|cc|1|1|nan|2946,0,0,0.187731,0,0,0,0,0,-3.17531e-08,0,0,0,False,nan|2946,1313842
130_bNAb_Combinations|1313842|cc|2|1|nan|2946,0,0,0.113384,0,0,0,0,0,1.44718e-07,0,0,0,False,nan|2946,1313842
130_bNAb_Combinations|1313842|cc|3|1|nan|2946,0,0,0.0625671,0,0,0,0,0,-1.92993e-07,0,0,0,False,nan|2946,1313842
130_bNAb_Combinations|1313842|cc|4|1|nan|2946,0,0,-0.125636,0,0,0,0,0,-5.3682e-08,0,0,0,False,nan|2946,1313842
130_bNAb_Combinations|1313842|cc|5|1|nan|2946,0,0,-0.121466,0,0,0,0,0,-1.4018e-07,0,0,0,False,nan|2946,1313842
130_bNAb_Combinations|1313842|cc|6|1|nan|2946,0,0,0.0326732,0,0,0,0,0,-8.40317e-08,0,0,0,False,nan|2946,1313842
130_bNAb_Combinations|1313842|cc|7|1|nan|2946,0,0,-0.01876,0,0,0,0,0,2.98701e-07,0,0,0,False,nan|2946,1313842
130_bNAb_Combinations|1313842|cc|8|1|nan|2946,0,0,-0.0334906,0,0,0,0,0,2.36539e-07,0,0,0,False,nan|2946,1313842
130_bNAb_Combinations|1313842|sample|10|nan|2946,0,0,-0.847345,0,0,0,0,0,-0.776905,0,0,0,True,PGT121|2946,1313842
130_bNAb_Combinations|1313842|sample|11|nan|2946,0,0,-0.997283,0,0,0,0,0,-0.980415,0,0,0,True,VRC07-523LS|2946,1313842
130_bNAb_Combinations|1313842|sample|12|nan|2946,0,0,-0.944705,0,0,0,0,0,-0.894868,0,0,0,True,VRC07-523LS|2946,1313842
130_bNAb_Combinations|1313842|sample|3|nan|2946,0,0,-1.87909,0,0,0,0,0,-1.77885,0,0,0,True,PGDM1400|2946,1313842
130_bNAb_Combinations|1313842|sample|4|nan|2946,0,0,-1.77171,0,0,0,0,0,-1.72979,0,0,0,True,PGDM1400|2946,1313842
130_bNAb_Combinations|1313842|sample|5|nan|2946,0,0,-1.62351,0,0,0,0,0,-1.59913,0,0,0,True,PGDM1400|2946,1313842
130_bNAb_Combinations|1313842|sample|6|nan|2946,0,0,-1.68396,0,0,0,0,0,-1.65473,0,0,0,True,PGDM1400|2946,1313842
130_bNAb_Combinations|1313842|sample|7|nan|2946,0,0,-1.02382,0,0,0,0,0,-0.948436,0,0,0,True,PGT121|2946,1313842
130_bNAb_Combinations|1313842|sample|8|nan|2946,0,0,-0.958181,0,0,0,0,0,-0.895102,0,0,0,True,PGT121|2946,1313842
130_bNAb_Combinations|1313842|sample|9|nan|2946,0,0,-0.840916,0,0,0,0,0,-0.768738,0,0,0,True,PGT121|2946,1313842
130_bNAb_Combinations|1313842|vc|1|2|nan|2946,0,0,0.0289744,0,0,0,0,0,2.86544e-07,0,0,0,False,nan|2946,1313842
130_bNAb_Combinations|1313842|vc|2|2|nan|2946,0,0,-0.144421,0,0,0,0,0,-1.46201e-07,0,0,0,False,nan|2946,1313842
130_bNAb_Combinations|1313842|vc|3|2|nan|2946,0,0,0.177468,0,0,0,0,0,-9.57579e-08,0,0,0,False,nan|2946,1313842
130_bNAb_Combinations|1313842|vc|4|2|nan|2946,0,0,0.123876,0,0,0,0,0,-1.2755e-07,0,0,0,False,nan|2946,1313842
130_bNAb_Combinations|1313842|vc|5|2|nan|2946,0,0,0.0883454,0,0,0,0,0,2.24124e-07,0,0,0,False,nan|2946,1313842
130_bNAb_Combinations|1313842|vc|6|2|nan|2946,0,0,0.0546829,0,0,0,0,0,2.38904e-08,0,0,0,False,nan|2946,1313842
130_bNAb_Combinations|1313842|vc|7|2|nan|2946,0,0,0.0312652,0,0,0,0,0,2.8311e-07,0,0,0,False,nan|2946,1313842
130_bNAb_Combinations|1313842|vc|8|2|nan|2946,0,0,0.0661879,0,0,0,0,0,-2.76905e-07,0,0,0,False,nan|2946,1313842
130_bNAb_Combinations|1313860|cc|1|1|PVO.4|5024,0,0,-0.0411506,0,0,0,0,0,7.88329e-08,0,0,0,False,nan|PVO.4,1313860
130_bNAb_Combinations|1313860|cc|2|1|PVO.4|5024,0,0,0.173172,0,0,0,0,0,-1.91708e-07,0,0,0,False,nan|PVO.4,1313860
130_bNAb_Combinations|1313860|cc|3|1|PVO.4|5024,0,0,0.0851928,0,0,0,0,0,3.34637e-09,0,0,0,False,nan|PVO.4,1313860
130_bNAb_Combinations|1313860|cc|4|1|PVO.4|5024,0,0,-0.00422583,0,0,0,0,0,2.13749e-07,0,0,0,False,nan|PVO.4,1313860
130_bNAb_Combinations|1313860|cc|5|1|PVO.4|5024,0,0,-0.120215,0,0,0,0,0,3.28235e-07,0,0,0,False,nan|PVO.4,1313860
130_bNAb_Combinations|1313860|cc|6|1|PVO.4|5024,0,0,0.0217422,0,0,0,0,0,2.88264e-07,0,0,0,False,nan|PVO.4,1313860
130_bNAb_Combinations|1313860|cc|7|1|PVO.4|5024,0,0,0.127292,0,0,0,0,0,-1.65668e-07,0,0,0,False,nan|PVO.4,1313860
130_bNAb_Combinations|1313860|cc|8|1|PVO.4|5024,0,0,0.0506384,0,0,0,0,0,2.89441e-07,0,0,0,False,nan|PVO.4,1313860
130_bNAb_Combinations|1313860|sample|10|PVO.4|5024,0,0,-0.349565,0,0,0,0,0,-0.307722,0,0,0,True,PGT121|PVO.4,1313860
130_bNAb_Combinations|1313860|sample|11|PVO.4|5024,0,0,-0.158123,0,0,0,0,0,-0.132149,0,0,0,True,VRC07-523LS|PVO.4,1313860
130_bNAb_Combinations|1313860|sample|12|PVO.4|5024,0,0,0.0686812,0,0,0,0,0,0.0016306,0,0,0,True,VRC07-523LS|PVO.4,1313860
130_bNAb_Combinations|1313860|sample|3|PVO.4|5024,0,0,-1.97741,0,0,0,0,0,-1.82023,0,0,0,True,PGDM1400|PVO.4,1313860
130_bNAb_Combinations|1313860|sample|4|PVO.4|5024,0,0,-1.94267,0,0,0,0,0,-1.86158,0,0,0,True,PGDM1400|PVO.4,1313860
130_bNAb_Combinations|1313860|sample|5|PVO.4|5024,0,0,-1.42319,0,0,0,0,0,-1.37156,0,0,0,True,PGDM1400|PVO.4,1313860
130_bNAb_Combinations|1313860|sample|6|PVO.4|5024,0,0,-1.4344,0,0,0,0,0,-1.34666,0,0,0,True,PGDM1400|PVO.4,1313860
130_bNAb_Combinations|1313860|sample|7|PVO.4|5024,0,0,-0.42752,0,0,0,0,0,-0.361484,0,0,0,True,PGT121|PVO.4,1313860
130_bNAb_Combinations|1313860|sample|8|PVO.4|5024,0,0,-0.378394,0,0,0,0,0,-0.355699,0,0,0,True,PGT121|PVO.4,1313860
130_bNAb_Combinations|1313860|sample|9|PVO.4|5024,0,0,-0.327912,0,0,0,0,0,-0.295514,0,0,0,True,PGT121|PVO.4,1313860
130_bNAb_Combinations|1313860|vc|1|2|PVO.4|5024,0,0,-0.0574127,0,0,0,0,0,2.37551e-07,0,0,0,False,nan|PVO.4,1313860
130_bNAb_Combinations|1313860|vc|2|2|PVO.4|5024,0,0,-0.0324149,0,0,0,0,0,-2.94604e-07,0,0,0,False,nan|PVO.4,1313860
130_bNAb_Combinations|1313860|vc|3|2|PVO.4|5024,0,0,-0.283335,0,0,0,0,0,6.97054e-08,0,0,0,False,nan|PVO.4,1313860
130_bNAb_Combinations|1313860|vc|4|2|PVO.4|5024,0,0,-0.0923765,0,0,0,0,0,2.49942e-08,0,0,0,False,nan|PVO.4,1313860
130_bNAb_Combinations|1313860|vc|5|2|PVO.4|5024,0,0,0.0580128,0,0,0,0,0,9.42521e-08,0,0,0,False,nan|PVO.4,1313860
130_bNAb_Combinations|1313860|vc|6|2|PVO.4|5024,0,0,0.0468141,0,0,0,0,0,-2.40189e-08,0,0,0,False,nan|PVO.4,1313860
130_bNAb_Combinations|1313860|vc|7|2|PVO.4|5024,0,0,0.0744045,0,0,0,0,0,-1.04838e-07,0,0,0,False,nan|PVO.4,1313860
130_bNAb_Combinations|1313860|vc|8|2|PVO.4|5024,0,0,-0.0518566,0,0,0,0,0,-6.0526e-09,0,0,0,False,nan|PVO.4,1313860
130_bNAb_Combinations|1313884|cc|1|1|nan|4168,0,0,-0.167898,0,0,0,0,0,1.56849e-07,0,0,0,False,nan|4168,1313884
130_bNAb_Combinations|1313884|cc|2|1|nan|4168,0,0,-0.0635514,0,0,0,0,0,6.52304e-08,0,0,0,False,nan|4168,1313884
130_bNAb_Combinations|1313884|cc|3|1|nan|4168,0,0,0.114695,0,0,0,0,0,-7.17337e-08,0,0,0,False,nan|4168,1313884
130_bNAb_Combinations|1313884|cc|4|1|nan|4168,0,0,-0.0347869,0,0,0,0,0,-2.71943e-07,0,0,0,False,nan|4168,1313884
130_bNAb_Combinations|1313884|cc|5|1|nan|4168,0,0,-0.0629253,0,0,0,0,0,-1.95618e-07,0,0,0,False,nan|4168,1313884
130_bNAb_Combinations|1313884|cc|6|1|nan|4168,0,0,-0.107773,0,0,0,0,0,-1.399e-07,0,0,0,False,nan|4168,1313884
130_bNAb_Combinations|1313884|cc|7|1|nan|4168,0,0,-0.0242712,0,0,0,0,0,-3.02497e-07,0,0,0,False,nan|4168,1313884
130_bNAb_Combinations|1313884|cc|8|1|nan|4168,0,0,-0.0271405,0,0,0,0,0,1.87867e-07,0,0,0,False,nan|4168,1313884
130_bNAb_Combinations|1313884|sample|10|nan|4168,0,0,-1.5016,0,0,0,0,0,-1.40878,0,0,0,True,PGT121|4168,1313884
130_bNAb_Combinations|1313884|sample|11|nan|4168,0,0,-0.647846,0,0,0,0,0,-0.626713,0,0,0,True,VRC07-523LS|4168,1313884
130_bNAb_Combinations|1313884|sample|12|nan|4168,0,0,-0.594707,0,0,0,0,0,-0.542479,0,0,0,True,VRC07-523LS|4168,1313884
130_bNAb_Combinations|1313884|sample|3|nan|4168,0,0,-2.42532,0,0,0,0,0,-2.35025,0,0,0,True,PGDM1400|4168,1313884
130_bNAb_Combinations|1313884|sample|4|nan|4168,0,0,-2.49308,0,0,0,0,0,-2.42438,0,0,0,True,PGDM1400|4168,1313884
130_bNAb_Combinations|1313884|sample|5|nan|4168,0,0,-2.17829,0,0,0,0,0,-2.0704,0,0,0,True,PGDM1400|4168,1313884
130_bNAb_Combinations|1313884|sample|6|nan|4168,0,0,-2.18298,0,0,0,0,0,-2.08175,0,0,0,True,PGDM1400|4168,1313884
130_bNAb_Combinations|1313884|sample|7|nan|4168,0,0,-1.50351,0,0,0,0,0,-1.3555,0,0,0,True,PGT121|4168,1313884
130_bNAb_Combinations|1313884|sample|8|nan|4168,0,0,-1.495,0,0,0,0,0,-1.35037,0,0,0,True,PGT121|4168,1313884
130_bNAb_Combinations|1313884|sample|9|nan|4168,0,0,-1.47793,0,0,0,0,0,-1.42331,0,0,0,True,PGT121|4168,1313884
130_bNAb_Combinations|1313884|vc|1|2|nan|4168,0,0,0.22857,0,0,0,0,0,-5.43734e-08,0,0,0,False,nan|4168,1313884
130_bNAb_Combinations|1313884|vc|2|2|nan|4168,0,0,0.0572315,0,0,0,0,0,2.43024e-07,0,0,0,False,nan|4168,1313884
130_bNAb_Combinations|1313884|vc|3|2|nan|4168,0,0,0.0852371,0,0,0,0,0,-1.77036e-07,0,0,0,False,nan|4168,1313884
130_bNAb_Combinations|1313884|vc|4|2|nan|4168,0,0,-0.00462144,0,0,0,0,0,1.14075e-07,0,0,0,False,nan|4168,1313884
130_bNAb_Combinations|1313884|vc|5|2|nan|4168,0,0,-0.0176507,0,0,0,0,0,-2.95985e-07,0,0,0,False,nan|4168,1313884
130_bNAb_Combinations|1313884|vc|6|2|nan|4168,0,0,0.11522,0,0,0,0,0,-2.44479e-07,0,0,0,False,nan|4168,1313884
130_bNAb_Combinations|1313884|vc|7|2|nan|4168,0,0,-0.066887,0,0,0,0,0,3.06861e-07,0,0,0,False,nan|4168,1313884
130_bNAb_Combinations|1313884|vc|8|2|nan|4168,0,0,-0.115284,0,0,0,0,0,-2.1514e-07,0,0,0,False,nan|4168,1313884
130_bNAb_Combinations|1313920|cc|1|1|nan|1798,0,0,0.222325,0,0,0,0,0,1.70151e-07,0,0,0,False,nan|1798,1313920
130_bNAb_Combinations|1313920|cc|2|1|nan|1798,0,0,-0.109166,0,0,0,0,0,-1.17472e-08,0,0,0,False,nan|1798,1313920
130_bNAb_Combinations|1313920|cc|3|1|nan|1798,0,0,0.0364979,0,0,0,0,0,-9.39362e-08,0,0,0,False,nan|1798,1313920
130_bNAb_Combinations|1313920|cc|4|1|nan|1798,0,0,0.0275647,0,0,0,0,0,-2.12336e-07,0,0,0,False,nan|1798,1313920
130_bNAb_Combinations|1313920|cc|5|1|nan|1798,0,0,-0.101606,0,0,0,0,0,3.19616e-07,0,0,0,False,nan|1798,1313920
130_bNAb_Combinations|1313920|cc|6|1|nan|1798,0,0,0.0586939,0,0,0,0,0,-8.46388e-09,0,0,0,False,nan|1798,1313920
130_bNAb_Combinations|1313920|cc|7|1|nan|1798,0,0,0.0541165,0,0,0,0,0,-1.61398e-07,0,0,0,False,nan|1798,1313920
130_bNAb_Combinations|1313920|cc|8|1|nan|1798,0,0,-0.174329,0,0,0,0,0,-1.12558e-07,0,0,0,False,nan|1798,1313920
130_bNAb_Combinations|1313920|sample|10|nan|1798,0,0,1.34785,0,0,0,0,0,1.54788,0,0,0,True,PGT121|1798,1313920
130_bNAb_Combinations|1313920|sample|11|nan|1798,0,0,-0.74563,0,0,0,0,0,-0.714759,0,0,0,True,VRC07-523LS|1798,1313920
130_bNAb_Combinations|1313920|sample|12|nan|1798,0,0,-0.809145,0,0,0,0,0,-0.768133,0,0,0,True,VRC07-523LS|1798,1313920
130_bNAb_Combinations|1313920|sample|3|nan|1798,0,0,-1.61815,0,0,0,0,0,-1.52278,0,0,0,True,PGDM1400|1798,1313920
130_bNAb_Combinations|1313920|sample|4|nan|1798,0,0,-1.62068,0,0,0,0,0,-1.53835,0,0,0,True,PGDM1400|1798,1313920
130_bNAb_Combinations|1313920|sample|5|nan|1798,0,0,-1.70952,0,0,0,0,0,-1.68653,0,0,0,True,PGDM1400|1798,1313920
130_bNAb_Combinations|1313920|sample|6|nan|1798,0,0,-1.67871,0,0,0,0,0,-1.66557,0,0,0,True,PGDM1400|1798,1313920
130_bNAb_Combinations|1313920|sample|7|nan|1798,0,0,0.869819,0,0,0,0,0,1.13745,0,0,0,True,PGT121|1798,1313920
130_bNAb_Combinations|1313920|sample|8|nan|1798,0,0,0.927649,0,0,0,0,0,1.18602,0,0,0,True,PGT121|1798,1313920
130_bNAb_Combinations|1313920|sample|9|nan|1798,0,0,1.33422,0,0,0,0,0,1.51148,0,0,0,True,PGT121|1798,1313920
130_bNAb_Combinations|1313920|vc|1|2|nan|1798,0,0,0.0859101,0,0,0,0,0,-1.9263e-07,0,0,0,False,nan|1798,1313920
130_bNAb_Combinations|1313920|vc|2|2|nan|1798,0,0,-0.0128527,0,0,0,0,0,-1.08209e-10,0,0,0,False,nan|1798,1313920
130_bNAb_Combinations|1313920|vc|3|2|nan|1798,0,0,0.112565,0,0,0,0,0,1.31596e-07,0,0,0,False,nan|1798,1313920
130_bNAb_Combinations|1313920|vc|4|2|nan|1798,0,0,-0.0107089,0,0,0,0,0,-1.36367e-07,0,0,0,False,nan|1798,1313920
130_bNAb_Combinations|1313920|vc|5|2|nan|1798,0,0,0.0789455,0,0,0,0,0,-2.66322e-07,0,0,0,False,nan|1798,1313920
130_bNAb_Combinations|1313920|vc|6|2|nan|1798,0,0,0.0657989,0,0,0,0,0,-2.36761e-07,0,0,0,False,nan|1798,1313920
130_bNAb_Combinations|1313920|vc|7|2|nan|1798,0,0,0.113325,0,0,0,0,0,-2.12251e-09,0,0,0,False,nan|1798,1313920
130_bNAb_Combinations|1313920|vc|8|2|nan|1798,0,0,-0.0636143,0,0,0,0,0,-8.93402e-08,0,0,0,False,nan|1798,1313920
130_bNAb_Combinations|1313938|cc|1|1|TRO.11|8301,0,0,-0.0579138,0,0,0,0,0,2.60624e-07,0,0,0,False,nan|TRO.11,1313938
130_bNAb_Combinations|1313938|cc|2|1|TRO.11|8301,0,0,-0.087159,0,0,0,0,0,-2.8585e-07,0,0,0,False,nan|TRO.11,1313938
130_bNAb_Combinations|1313938|cc|3|1|TRO.11|8301,0,0,-0.0395225,0,0,0,0,0,-2.82612e-07,0,0,0,False,nan|TRO.11,1313938
130_bNAb_Combinations|1313938|cc|4|1|TRO.11|8301,0,0,0.051715,0,0,0,0,0,-1.78948e-07,0,0,0,False,nan|TRO.11,1313938
130_bNAb_Combinations|1313938|cc|5|1|TRO.11|8301,0,0,0.0675995,0,0,0,0,0,-1.79255e-07,0,0,0,False,nan|TRO.11,1313938
130_bNAb_Combinations|1313938|cc|6|1|TRO.11|8301,0,0,-0.140142,0,0,0,0,0,-2.71276e-07,0,0,0,False,nan|TRO.11,1313938
130_bNAb_Combinations|1313938|cc|7|1|TRO.11|8301,0,0,-0.130884,0,0,0,0,0,2.91796e-08,0,0,0,False,nan|TRO.11,1313938
130_bNAb_Combinations|1313938|cc|8|1|TRO.11|8301,0,0,-0.0130825,0,0,0,0,0,1.31591e-07,0,0,0,False,nan|TRO.11,1313938
130_bNAb_Combinations|1313938|sample|10|TRO.11|8301,0,0,2.35979,0,0,0,0,0,2.30638,0,0,0,True,PGT121|TRO.11,1313938
130_bNAb_Combinations|1313938|sample|11|TRO.11|8301,0,0,0.284316,0,0,0,0,0,0.116093,0,0,0,True,VRC07-523LS|TRO.11,1313938
130_bNAb_Combinations|1313938|sample|12|TRO.11|8301,0,0,0.109206,0,0,0,0,0,0.0411405,0,0,0,True,VRC07-523LS|TRO.11,1313938
130_bNAb_Combinations|1313938|sample|3|TRO.11|8301,0,0,-1.39647,0,0,0,0,0,-1.27289,0,0,0,True,PGDM1400|TRO.11,1313938
130_bNAb_Combinations|1313938|sample|4|TRO.11|8301,0,0,-1.29984,0,0,0,0,0,-1.21648,0,0,0,True,PGDM1400|TRO.11,1313938
130_bNAb_Combinations|1313938|sample|5|TRO.11|8301,0,0,-1.18169,0,0,0,0,0,-1.07521,0,0,0,True,PGDM1400|TRO.11,1313938
130_bNAb_Combinations|1313938|sample|6|TRO.11|8301,0,0,-1.11932,0,0,0,0,0,-1.08859,0,0,0,True,PGDM1400|TRO.11,1313938
130_bNAb_Combinations|1313938|sample|7|TRO.11|8301,0,0,2.08511,0,0,0,0,0,2.06336,0,0,0,True,PGT121|TRO.11,1313938
130_bNAb_Combinations|1313938|sample|8|TRO.11|8301,0,0,1.96835,0,0,0,0,0,1.9954,0,0,0,True,PGT121|TRO.11,1313938
130_bNAb_Combinations|1313938|sample|9|TRO.11|8301,0,0,2.56443,0,0,0,0,0,2.32972,0,0,0,True,PGT121|TRO.11,1313938
130_bNAb_Combinations|1313938|vc|1|2|TRO.11|8301,0,0,0.106949,0,0,0,0,0,-2.20635e-07,0,0,0,False,nan|TRO.11,1313938
130_bNAb_Combinations|1313938|vc|2|2|TRO.11|8301,0,0,-0.0660089,0,0,0,0,0,5.00734e-08,0,0,0,False,nan|TRO.11,1313938
130_bNAb_Combinations|1313938|vc|3|2|TRO.11|8301,0,0,0.113624,0,0,0,0,0,-2.24027e-07,0,0,0,False,nan|TRO.11,1313938
130_bNAb_Combinations|1313938|vc|4|2|TRO.11|8301,0,0,0.0442603,0,0,0,0,0,1.5618e-07,0,0,0,False,nan|TRO.11,1313938
130_bNAb_Combinations|1313938|vc|5|2|TRO.11|8301,0,0,-0.0623199,0,0,0,0,0,-2.63138e-07,0,0,0,False,nan|TRO.11,1313938
130_bNAb_Combinations|1313938|vc|6|2|TRO.11|8301,0,0,-0.194714,0,0,0,0,0,-5.44307e-08,0,0,0,False,nan|TRO.11,1313938
130_bNAb_Combinations|1313938|vc|7|2|TRO.11|8301,0,0,0.0261229,0,0,0,0,0,-2.88738e-07,0,0,0,False,nan|TRO.11,1313938
130_bNAb_Combinations|1313938|vc|8|2|TRO.11|8301,0,0,-0.0859791,0,0,0,0,0,-1.35015e-07,0,0,0,False,nan|TRO.11,1313938
130_bNAb_Combinations|1313956|cc|1|1|Ce1176_A3|7023,0,0,0.116899,0,0,0,0,0,1.10827e-07,0,0,0,False,nan|Ce1176_A3,1313956
130_bNAb_Combinations|1313956|cc|2|1|Ce1176_A3|7023,0,0,-0.00354836,0,0,0,0,0,2.88133e-07,0,0,0,False,nan|Ce1176_A3,1313956
130_bNAb_Combinations|1313956|cc|3|1|Ce1176_A3|7023,0,0,0.32754,0,0,0,0,0,4.02085e-08,0,0,0,False,nan|Ce1176_A3,1313956
130_bNAb_Combinations|1313956|cc|4|1|Ce1176_A3|7023,0,0,0.0253731,0,0,0,0,0,2.6637e-07,0,0,0,False,nan|Ce1176_A3,1313956
130_bNAb_Combinations|1313956|cc|5|1|Ce1176_A3|7023,0,0,-0.149559,0,0,0,0,0,2.87383e-07,0,0,0,False,nan|Ce1176_A3,1313956
130_bNAb_Combinations|1313956|cc|6|1|Ce1176_A3|7023,0,0,0.0576115,0,0,0,0,0,6.20887e-08,0,0,0,False,nan|Ce1176_A3,1313956
130_bNAb_Combinations|1313956|cc|7|1|Ce1176_A3|7023,0,0,-0.03459,0,0,0,0,0,2.03804e-07,0,0,0,False,nan|Ce1176_A3,1313956
130_bNAb_Combinations|1313956|cc|8|1|Ce1176_A3|7023,0,0,0.0446563,0,0,0,0,0,1.40866e-07,0,0,0,False,nan|Ce1176_A3,1313956
130_bNAb_Combinations|1313956|sample|10|Ce1176_A3|7023,0,0,2.35053,0,0,0,0,0,2.29465,0,0,0,True,PGT121|Ce1176_A3,1313956
130_bNAb_Combinations|1313956|sample|11|Ce1176_A3|7023,0,0,-0.636896,0,0,0,0,0,-0.579594,0,0,0,True,VRC07-523LS|Ce1176_A3,1313956
130_bNAb_Combinations|1313956|sample|12|Ce1176_A3|7023,0,0,-0.609339,0,0,0,0,0,-0.561092,0,0,0,True,VRC07-523LS|Ce1176_A3,1313956
130_bNAb_Combinations|1313956|sample|3|Ce1176_A3|7023,0,0,-2.12246,0,0,0,0,0,-1.94607,0,0,0,True,PGDM1400|Ce1176_A3,1313956
130_bNAb_Combinations|1313956|sample|4|Ce1176_A3|7023,0,0,-2.04032,0,0,0,0,0,-1.92373,0,0,0,True,PGDM1400|Ce1176_A3,1313956
130_bNAb_Combinations|1313956|sample|5|Ce1176_A3|7023,0,0,-2.10011,0,0,0,0,0,-2.01636,0,0,0,True,PGDM1400|Ce1176_A3,1313956
130_bNAb_Combinations|1313956|sample|6|Ce1176_A3|7023,0,0,-2.01796,0,0,0,0,0,-1.96429,0,0,0,True,PGDM1400|Ce1176_A3,1313956
130_bNAb_Combinations|1313956|sample|7|Ce1176_A3|7023,0,0,1.98381,0,0,0,0,0,2.01055,0,0,0,True,PGT121|Ce1176_A3,1313956
130_bNAb_Combinations|1313956|sample|8|Ce1176_A3|7023,0,0,1.89504,0,0,0,0,0,1.99785,0,0,0,True,PGT121|Ce1176_A3,1313956
130_bNAb_Combinations|1313956|sample|9|Ce1176_A3|7023,0,0,2.30195,0,0,0,0,0,2.29987,0,0,0,True,PGT121|Ce1176_A3,1313956
130_bNAb_Combinations|1313956|vc|1|2|Ce1176_A3|7023,0,0,-0.221305,0,0,0,0,0,2.8542e-07,0,0,0,False,nan|Ce1176_A3,1313956
130_bNAb_Combinations|1313956|vc|2|2|Ce1176_A3|7023,0,0,0.0705684,0,0,0,0,0,1.79578e-07,0,0,0,False,nan|Ce1176_A3,1313956
130_bNAb_Combinations|1313956|vc|3|2|Ce1176_A3|7023,0,0,-0.020997,0,0,0,0,0,-9.72683e-08,0,0,0,False,nan|Ce1176_A3,1313956
130_bNAb_Combinations|1313956|vc|4|2|Ce1176_A3|7023,0,0,-0.0786907,0,0,0,0,0,-3.29977e-08,0,0,0,False,nan|Ce1176_A3,1313956
130_bNAb_Combinations|1313956|vc|5|2|Ce1176_A3|7023,0,0,0.283253,0,0,0,0,0,2.21196e-07,0,0,0,False,nan|Ce1176_A3,1313956
130_bNAb_Combinations|1313956|vc|6|2|Ce1176_A3|7023,0,0,-0.0587742,0,0,0,0,0,-9.80338e-08,0,0,0,False,nan|Ce1176_A3,1313956
130_bNAb_Combinations|1313956|vc|7|2|Ce1176_A3|7023,0,0,-0.133428,0,0,0,0,0,1.43731e-07,0,0,0,False,nan|Ce1176_A3,1313956
130_bNAb_Combinations|1313956|vc|8|2|Ce1176_A3|7023,0,0,-0.00732483,0,0,0,0,0,-2.74056e-07,0,0,0,False,nan|Ce1176_A3,1313956
130_bNAb_Combinations|1313974|cc|1|1|nan|1176,0,0,0.0915276,0,0,0,0,0,2.72955e-07,0,0,0,False,nan|1176,1313974
130_bNAb_Combinations|1313974|cc|2|1|nan|1176,0,0,0.125773,0,0,0,0,0,1.25635e-07,0,0,0,False,nan|1176,1313974
130_bNAb_Combinations|1313974|cc|3|1|nan|1176,0,0,0.225873,0,0,0,0,0,-4.24392e-08,0,0,0,False,nan|1176,1313974
130_bNAb_Combinations|1313974|cc|4|1|nan|1176,0,0,-0.155375,0,0,0,0,0,-1.7799e-07,0,0,0,False,nan|1176,1313974
130_bNAb_Combinations|1313974|cc|5|1|nan|1176,0,0,-0.17663,0,0,0,0,0,1.68789e-07,0,0,0,False,nan|1176,1313974
130_bNAb_Combinations|1313974|cc|6|1|nan|1176,0,0,0.12964,0,0,0,0,0,7.88683e-08,0,0,0,False,nan|1176,1313974
130_bNAb_Combinations|1313974|cc|7|1|nan|1176,0,0,-0.0604322,0,0,0,0,0,2.65748e-08,0,0,0,False,nan|1176,1313974
130_bNAb_Combinations|1313974|cc|8|1|nan|1176,0,0,0.0164717,0,0,0,0,0,1.34061e-07,0,0,0,False,nan|1176,1313974
130_bNAb_Combinations|1313974|sample|10|nan|1176,0,0,-1.87825,0,0,0,0,0,-1.80964,0,0,0,True,PGT121|1176,1313974
130_bNAb_Combinations|1313974|sample|11|nan|1176,0,0,0.468978,0,0,0,0,0,0.0640313,0,0,0,True,VRC07-523LS|1176,1313974
130_bNAb_Combinations|1313974|sample|12|nan|1176,0,0,1.27115,0,0,0,0,0,1.50346,0,0,0,True,VRC07-523LS|1176,1313974
130_bNAb_Combinations|1313974|sample|3|nan|1176,0,0,-1.2402,0,0,0,0,0,-1.28376,0,0,0,True,PGDM1400|1176,1313974
130_bNAb_Combinations|1313974|sample|4|nan|1176,0,0,-1.09741,0,0,0,0,0,-1.15315,0,0,0,True,PGDM1400|1176,1313974
130_bNAb_Combinations|1313974|sample|5|nan|1176,0,0,-1.41472,0,0,0,0,0,-1.4317,0,0,0,True,PGDM1400|1176,1313974
130_bNAb_Combinations|1313974|sample|6|nan|1176,0,0,-1.3765,0,0,0,0,0,-1.40702,0,0,0,True,PGDM1400|1176,1313974
130_bNAb_Combinations|1313974|sample|7|nan|1176,0,0,-1.91352,0,0,0,0,0,-1.71666,0,0,0,True,PGT121|1176,1313974
130_bNAb_Combinations|1313974|sample|8|nan|1176,0,0,-1.84544,0,0,0,0,0,-1.75404,0,0,0,True,PGT121|1176,1313974
130_bNAb_Combinations|1313974|sample|9|nan|1176,0,0,-1.92833,0,0,0,0,0,-1.81776,0,0,0,True,PGT121|1176,1313974
130_bNAb_Combinations|1313974|vc|1|2|nan|1176,0,0,0.200946,0,0,0,0,0,2.37179e-07,0,0,0,False,nan|1176,1313974
130_bNAb_Combinations|1313974|vc|2|2|nan|1176,0,0,-0.0802942,0,0,0,0,0,5.76878e-08,0,0,0,False,nan|1176,1313974
130_bNAb_Combinations|1313974|vc|3|2|nan|1176,0,0,-0.0819342,0,0,0,0,0,6.03702e-08,0,0,0,False,nan|1176,1313974
130_bNAb_Combinations|1313974|vc|4|2|nan|1176,0,0,0.0296842,0,0,0,0,0,2.2033e-07,0,0,0,False,nan|1176,1313974
130_bNAb_Combinations|1313974|vc|5|2|nan|1176,0,0,0.105125,0,0,0,0,0,2.01402e-07,0,0,0,False,nan|1176,1313974
130_bNAb_Combinations|1313974|vc|6|2|nan|1176,0,0,-0.0673517,0,0,0,0,0,-1.81798e-07,0,0,0,False,nan|1176,1313974
130_bNAb_Combinations|1313974|vc|7|2|nan|1176,0,0,-0.0231703,0,0,0,0,0,3.10005e-07,0,0,0,False,nan|1176,1313974
130_bNAb_Combinations|1313974|vc|8|2|nan|1176,0,0,-0.00411556,0,0,0,0,0,-1.15864e-07,0,0,0,False,nan|1176,1313974
130_bNAb_Combinations|1313992|cc|1|1|RHPA4259.7|5371,0,0,0.0404472,0,0,0,0,0,-1.46112e-07,0,0,0,False,nan|RHPA4259.7,1313992
130_bNAb_Combinations|1313992|cc|2|1|RHPA4259.7|5371,0,0,0.0463141,0,0,0,0,0,9.47407e-08,0,0,0,False,nan|RHPA4259.7,1313992
130_bNAb_Combinations|1313992|cc|3|1|RHPA4259.7|5371,0,0,-0.0433748,0,0,0,0,0,-3.34981e-08,0,0,0,False,nan|RHPA4259.7,1313992
130_bNAb_Combinations|1313992|cc|4|1|RHPA4259.7|5371,0,0,-0.0260501,0,0,0,0,0,2.10687e-07,0,0,0,False,nan|RHPA4259.7,1313992
130_bNAb_Combinations|1313992|cc|5|1|RHPA4259.7|5371,0,0,-0.237443,0,0,0,0,0,-1.19546e-07,0,0,0,False,nan|RHPA4259.7,1313992
130_bNAb_Combinations|1313992|cc|6|1|RHPA4259.7|5371,0,0,0.0084827,0,0,0,0,0,6.94322e-08,0,0,0,False,nan|RHPA4259.7,1313992
130_bNAb_Combinations|1313992|cc|7|1|RHPA4259.7|5371,0,0,0.0508103,0,0,0,0,0,-1.87677e-07,0,0,0,False,nan|RHPA4259.7,1313992
130_bNAb_Combinations|1313992|cc|8|1|RHPA4259.7|5371,0,0,-0.0392517,0,0,0,0,0,1.67907e-08,0,0,0,False,nan|RHPA4259.7,1313992
130_bNAb_Combinations|1313992|sample|10|RHPA4259.7|5371,0,0,2.09747,0,0,0,0,0,2.14713,0,0,0,True,PGT121|RHPA4259.7,1313992
130_bNAb_Combinations|1313992|sample|11|RHPA4259.7|5371,0,0,2.00222,0,0,0,0,0,2.11193,0,0,0,True,VRC07-523LS|RHPA4259.7,1313992
130_bNAb_Combinations|1313992|sample|12|RHPA4259.7|5371,0,0,1.84358,0,0,0,0,0,1.95129,0,0,0,True,VRC07-523LS|RHPA4259.7,1313992
130_bNAb_Combinations|1313992|sample|3|RHPA4259.7|5371,0,0,-1.08885,0,0,0,0,0,-1.00358,0,0,0,True,PGDM1400|RHPA4259.7,1313992
130_bNAb_Combinations|1313992|sample|4|RHPA4259.7|5371,0,0,-1.12142,0,0,0,0,0,-1.02403,0,0,0,True,PGDM1400|RHPA4259.7,1313992
130_bNAb_Combinations|1313992|sample|5|RHPA4259.7|5371,0,0,-0.821783,0,0,0,0,0,-0.809119,0,0,0,True,PGDM1400|RHPA4259.7,1313992
130_bNAb_Combinations|1313992|sample|6|RHPA4259.7|5371,0,0,-0.867448,0,0,0,0,0,-0.821739,0,0,0,True,PGDM1400|RHPA4259.7,1313992
130_bNAb_Combinations|1313992|sample|7|RHPA4259.7|5371,0,0,1.89246,0,0,0,0,0,1.9308,0,0,0,True,PGT121|RHPA4259.7,1313992
130_bNAb_Combinations|1313992|sample|8|RHPA4259.7|5371,0,0,1.76897,0,0,0,0,0,1.84921,0,0,0,True,PGT121|RHPA4259.7,1313992
130_bNAb_Combinations|1313992|sample|9|RHPA4259.7|5371,0,0,2.03068,0,0,0,0,0,2.16184,0,0,0,True,PGT121|RHPA4259.7,1313992
130_bNAb_Combinations|1313992|vc|1|2|RHPA4259.7|5371,0,0,0.0144837,0,0,0,0,0,-2.2677e-07,0,0,0,False,nan|RHPA4259.7,1313992
130_bNAb_Combinations|1313992|vc|2|2|RHPA4259.7|5371,0,0,0.0968373,0,0,0,0,0,-2.59295e-07,0,0,0,False,nan|RHPA4259.7,1313992
130_bNAb_Combinations|1313992|vc|3|2|RHPA4259.7|5371,0,0,0.0837346,0,0,0,0,0,-2.04954e-07,0,0,0,False,nan|RHPA4259.7,1313992
130_bNAb_Combinations|1313992|vc|4|2|RHPA4259.7|5371,0,0,-0.100102,0,0,0,0,0,9.17675e-08,0,0,0,False,nan|RHPA4259.7,1313992
130_bNAb_Combinations|1313992|vc|5|2|RHPA4259.7|5371,0,0,0.0941007,0,0,0,0,0,-2.17758e-07,0,0,0,False,nan|RHPA4259.7,1313992
130_bNAb_Combinations|1313992|vc|6|2|RHPA4259.7|5371,0,0,-0.0257065,0,0,0,0,0,6.47494e-08,0,0,0,False,nan|RHPA4259.7,1313992
130_bNAb_Combinations|1313992|vc|7|2|RHPA4259.7|5371,0,0,0.0580525,0,0,0,0,0,-2.57202e-07,0,0,0,False,nan|RHPA4259.7,1313992
130_bNAb_Combinations|1313992|vc|8|2|RHPA4259.7|5371,0,0,0.031311,0,0,0,0,0,-1.96247e-07,0,0,0,False,nan|RHPA4259.7,1313992
130_bNAb_Combinations|1314016|cc|1|1|nan|3430,0,0,0.0697059,0,0,0,0,0,-2.75272e-07,0,0,0,False,nan|3430,1314016
130_bNAb_Combinations|1314016|cc|2|1|nan|3430,0,0,-0.321143,0,0,0,0,0,-2.02931e-08,0,0,0,False,nan|3430,1314016
130_bNAb_Combinations|1314016|cc|3|1|nan|3430,0,0,-0.192427,0,0,0,0,0,1.2157e-08,0,0,0,False,nan|3430,1314016
130_bNAb_Combinations|1314016|cc|4|1|nan|3430,0,0,-0.232568,0,0,0,0,0,-9.40047e-08,0,0,0,False,nan|3430,1314016
130_bNAb_Combinations|1314016|cc|5|1|nan|3430,0,0,0.062303,0,0,0,0,0,-1.20798e-07,0,0,0,False,nan|3430,1314016
130_bNAb_Combinations|1314016|cc|6|1|nan|3430,0,0,0.23792,0,0,0,0,0,-3.48836e-08,0,0,0,False,nan|3430,1314016
130_bNAb_Combinations|1314016|cc|7|1|nan|3430,0,0,0.0666734,0,0,0,0,0,-2.91087e-07,0,0,0,False,nan|3430,1314016
130_bNAb_Combinations|1314016|cc|8|1|nan|3430,0,0,0.231381,0,0,0,0,0,-1.20625e-07,0,0,0,False,nan|3430,1314016
130_bNAb_Combinations|1314016|sample|10|nan|3430,0,0,-0.710444,0,0,0,0,0,-0.69731,0,0,0,True,PGT121|3430,1314016
130_bNAb_Combinations|1314016|sample|11|nan|3430,0,0,1.29583,0,0,0,0,0,1.55019,0,0,0,True,VRC07-523LS|3430,1314016
130_bNAb_Combinations|1314016|sample|12|nan|3430,0,0,1.38767,0,0,0,0,0,1.5589,0,0,0,True,VRC07-523LS|3430,1314016
130_bNAb_Combinations|1314016|sample|3|nan|3430,0,0,2.3672,0,0,0,0,0,3.38876,0,0,0,True,PGDM1400|3430,1314016
130_bNAb_Combinations|1314016|sample|4|nan|3430,0,0,2.76545,0,0,0,0,0,3.4078,0,0,0,True,PGDM1400|3430,1314016
130_bNAb_Combinations|1314016|sample|5|nan|3430,0,0,0.732484,0,0,0,0,0,0.855086,0,0,0,True,PGDM1400|3430,1314016
130_bNAb_Combinations|1314016|sample|6|nan|3430,0,0,0.9192,0,0,0,0,0,0.943706,0,0,0,True,PGDM1400|3430,1314016
130_bNAb_Combinations|1314016|sample|7|nan|3430,0,0,-0.378894,0,0,0,0,0,-0.432139,0,0,0,True,PGT121|3430,1314016
130_bNAb_Combinations|1314016|sample|8|nan|3430,0,0,-0.585364,0,0,0,0,0,-0.560258,0,0,0,True,PGT121|3430,1314016
130_bNAb_Combinations|1314016|sample|9|nan|3430,0,0,-0.465987,0,0,0,0,0,-0.545157,0,0,0,True,PGT121|3430,1314016
130_bNAb_Combinations|1314016|vc|1|2|nan|3430,0,0,-0.0927998,0,0,0,0,0,-1.80238e-07,0,0,0,False,nan|3430,1314016
130_bNAb_Combinations|1314016|vc|2|2|nan|3430,0,0,0.141283,0,0,0,0,0,5.83542e-08,0,0,0,False,nan|3430,1314016
130_bNAb_Combinations|1314016|vc|3|2|nan|3430,0,0,-0.0626032,0,0,0,0,0,-3.09953e-07,0,0,0,False,nan|3430,1314016
130_bNAb_Combinations|1314016|vc|4|2|nan|3430,0,0,0.0990314,0,0,0,0,0,7.0386e-08,0,0,0,False,nan|3430,1314016
130_bNAb_Combinations|1314016|vc|5|2|nan|3430,0,0,0.0540236,0,0,0,0,0,-7.37992e-08,0,0,0,False,nan|3430,1314016
130_bNAb_Combinations|1314016|vc|6|2|nan|3430,0,0,0.0149908,0,0,0,0,0,-7.59313e-08,0,0,0,False,nan|3430,1314016
130_bNAb_Combinations|1314016|vc|7|2|nan|3430,0,0,0.0267335,0,0,0,0,0,-2.7593e-07,0,0,0,False,nan|3430,1314016
130_bNAb_Combinations|1314016|vc|8|2|nan|3430,0,0,-0.0394279,0,0,0,0,0,1.46225e-07,0,0,0,False,nan|3430,1314016
130_bNAb_Combinations|1314040|cc|1|1|nan|4166,0,0,0.0368462,0,0,0,0,0,-1.17573e-07,0,0,0,False,nan|4166,1314040
130_bNAb_Combinations|1314040|cc|2|1|nan|4166,0,0,-0.202618,0,0,0,0,0,-3.25951e-07,0,0,0,False,nan|4166,1314040
130_bNAb_Combinations|1314040|cc|3|1|nan|4166,0,0,0.0638325,0,0,0,0,0,-9.75032e-08,0,0,0,False,nan|4166,1314040
130_bNAb_Combinations|1314040|cc|4|1|nan|4166,0,0,-0.111988,0,0,0,0,0,1.91455e-07,0,0,0,False,nan|4166,1314040
130_bNAb_Combinations|1314040|cc|5|1|nan|4166,0,0,-0.0883675,0,0,0,0,0,-5.86419e-08,0,0,0,False,nan|4166,1314040
130_bNAb_Combinations|1314040|cc|6|1|nan|4166,0,0,-0.152315,0,0,0,0,0,2.86557e-08,0,0,0,False,nan|4166,1314040
130_bNAb_Combinations|1314040|cc|7|1|nan|4166,0,0,0.044676,0,0,0,0,0,1.27165e-07,0,0,0,False,nan|4166,1314040
130_bNAb_Combinations|1314040|cc|8|1|nan|4166,0,0,0.118176,0,0,0,0,0,2.51649e-07,0,0,0,False,nan|4166,1314040
130_bNAb_Combinations|1314040|sample|10|nan|4166,0,0,3.16804,0,0,0,0,0,2.67673,0,0,0,True,PGT121|4166,1314040
130_bNAb_Combinations|1314040|sample|11|nan|4166,0,0,1.98159,0,0,0,0,0,2.11755,0,0,0,True,VRC07-523LS|4166,1314040
130_bNAb_Combinations|1314040|sample|12|nan|4166,0,0,2.10239,0,0,0,0,0,2.14526,0,0,0,True,VRC07-523LS|4166,1314040
130_bNAb_Combinations|1314040|sample|3|nan|4166,0,0,1.89145,0,0,0,0,0,3.3663,0,0,0,True,PGDM1400|4166,1314040
130_bNAb_Combinations|1314040|sample|4|nan|4166,0,0,0.965956,0,0,0,0,0,0.0726823,0,0,0,True,PGDM1400|4166,1314040
130_bNAb_Combinations|1314040|sample|5|nan|4166,0,0,0.489004,0,0,0,0,0,0.818805,0,0,0,True,PGDM1400|4166,1314040
130_bNAb_Combinations|1314040|sample|6|nan|4166,0,0,0.735878,0,0,0,0,0,0.826184,0,0,0,True,PGDM1400|4166,1314040
130_bNAb_Combinations|1314040|sample|7|nan|4166,0,0,2.98942,0,0,0,0,0,2.32564,0,0,0,True,PGT121|4166,1314040
130_bNAb_Combinations|1314040|sample|8|nan|4166,0,0,2.6308,0,0,0,0,0,2.22663,0,0,0,True,PGT121|4166,1314040
130_bNAb_Combinations|1314040|sample|9|nan|4166,0,0,2.85415,0,0,0,0,0,2.5415,0,0,0,True,PGT121|4166,1314040
130_bNAb_Combinations|1314040|vc|1|2|nan|4166,0,0,0.0283701,0,0,0,0,0,8.4283e-08,0,0,0,False,nan|4166,1314040
130_bNAb_Combinations|1314040|vc|2|2|nan|4166,0,0,-0.167982,0,0,0,0,0,2.6551e-08,0,0,0,False,nan|4166,1314040
130_bNAb_Combinations|1314040|vc|3|2|nan|4166,0,0,-0.0416325,0,0,0,0,0,-1.23206e-07,0,0,0,False,nan|4166,1314040
130_bNAb_Combinations|1314040|vc|4|2|nan|4166,0,0,0.0644479,0,0,0,0,0,-2.78615e-07,0,0,0,False,nan|4166,1314040
130_bNAb_Combinations|1314040|vc|5|2|nan|4166,0,0,-0.00417347,0,0,0,0,0,-1.86723e-07,0,0,0,False,nan|4166,1314040
130_bNAb_Combinations|1314040|vc|6|2|nan|4166,0,0,-0.00364407,0,0,0,0,0,-1.29081e-07,0,0,0,False,nan|4166,1314040
130_bNAb_Combinations|1314040|vc|7|2|nan|4166,0,0,0.00262772,0,0,0,0,0,-1.31506e-07,0,0,0,False,nan|4166,1314040
130_bNAb_Combinations|1314040|vc|8|2|nan|4166,0,0,-0.0558017,0,0,0,0,0,1.91745e-07,0,0,0,False,nan|4166,1314040
130_bNAb_Combinations|1314058|cc|1|1|nan|2944,0,0,-0.122037,0,0,0,0,0,-2.90899e-07,0,0,0,False,nan|2944,1314058
130_bNAb_Combinations|1314058|cc|2|1|nan|2944,0,0,-0.00922334,0,0,0,0,0,-2.45775e-07,0,0,0,False,nan|2944,1314058
130_bNAb_Combinations|1314058|cc|3|1|nan|2944,0,0,0.0432588,0,0,0,0,0,-1.83868e-08,0,0,0,False,nan|2944,1314058
130_bNAb_Combinations|1314058|cc|4|1|nan|2944,0,0,-0.0643918,0,0,0,0,0,8.34081e-08,0,0,0,False,nan|2944,1314058
130_bNAb_Combinations|1314058|cc|5|1|nan|2944,0,0,0.126756,0,0,0,0,0,-1.65068e-07,0,0,0,False,nan|2944,1314058
130_bNAb_Combinations|1314058|cc|6|1|nan|2944,0,0,0.130346,0,0,0,0,0,-3.61747e-08,0,0,0,False,nan|2944,1314058
130_bNAb_Combinations|1314058|cc|7|1|nan|2944,0,0,-0.0265055,0,0,0,0,0,-2.51002e-07,0,0,0,False,nan|2944,1314058
130_bNAb_Combinations|1314058|cc|8|1|nan|2944,0,0,0.113879,0,0,0,0,0,-3.36993e-08,0,0,0,False,nan|2944,1314058
130_bNAb_Combinations|1314058|sample|10|nan|2944,0,0,2.81896,0,0,0,0,0,2.47678,0,0,0,True,PGT121|2944,1314058
130_bNAb_Combinations|1314058|sample|11|nan|2944,0,0,-0.401978,0,0,0,0,0,-0.314245,0,0,0,True,VRC07-523LS|2944,1314058
130_bNAb_Combinations|1314058|sample|12|nan|2944,0,0,-0.46535,0,0,0,0,0,-0.405348,0,0,0,True,VRC07-523LS|2944,1314058
130_bNAb_Combinations|1314058|sample|3|nan|2944,0,0,3.61549,0,0,0,0,0,3.52067,0,0,0,True,PGDM1400|2944,1314058
130_bNAb_Combinations|1314058|sample|4|nan|2944,0,0,3.80732,0,0,0,0,0,3.6336,0,0,0,True,PGDM1400|2944,1314058
130_bNAb_Combinations|1314058|sample|5|nan|2944,0,0,1.86548,0,0,0,0,0,1.27724,0,0,0,True,PGDM1400|2944,1314058
130_bNAb_Combinations|1314058|sample|6|nan|2944,0,0,1.83861,0,0,0,0,0,1.29492,0,0,0,True,PGDM1400|2944,1314058
130_bNAb_Combinations|1314058|sample|7|nan|2944,0,0,2.16431,0,0,0,0,0,2.07094,0,0,0,True,PGT121|2944,1314058
130_bNAb_Combinations|1314058|sample|8|nan|2944,0,0,2.97135,0,0,0,0,0,2.32982,0,0,0,True,PGT121|2944,1314058
130_bNAb_Combinations|1314058|sample|9|nan|2944,0,0,2.83321,0,0,0,0,0,2.54605,0,0,0,True,PGT121|2944,1314058
130_bNAb_Combinations|1314058|vc|1|2|nan|2944,0,0,0.0869709,0,0,0,0,0,1.99283e-08,0,0,0,False,nan|2944,1314058
130_bNAb_Combinations|1314058|vc|2|2|nan|2944,0,0,-0.0804158,0,0,0,0,0,1.46939e-07,0,0,0,False,nan|2944,1314058
130_bNAb_Combinations|1314058|vc|3|2|nan|2944,0,0,0.0333322,0,0,0,0,0,2.12342e-07,0,0,0,False,nan|2944,1314058
130_bNAb_Combinations|1314058|vc|4|2|nan|2944,0,0,-0.0534563,0,0,0,0,0,-1.51488e-08,0,0,0,False,nan|2944,1314058
130_bNAb_Combinations|1314058|vc|5|2|nan|2944,0,0,0.0271933,0,0,0,0,0,-2.47858e-07,0,0,0,False,nan|2944,1314058
130_bNAb_Combinations|1314058|vc|6|2|nan|2944,0,0,-0.00334602,0,0,0,0,0,2.76103e-08,0,0,0,False,nan|2944,1314058
130_bNAb_Combinations|1314058|vc|7|2|nan|2944,0,0,-0.0138625,0,0,0,0,0,-1.49737e-07,0,0,0,False,nan|2944,1314058
130_bNAb_Combinations|1314058|vc|8|2|nan|2944,0,0,0.0282865,0,0,0,0,0,1.63621e-07,0,0,0,False,nan|2944,1314058
130_bNAb_Combinations|1342240|cc|1|1|nan|1798,0,0,-0.0186733,0,0,0,0,0,-2.4347e-07,0,0,0,False,nan|1798,1342240
130_bNAb_Combinations|1342240|cc|2|1|nan|1798,0,0,-0.120955,0,0,0,0,0,5.07164e-08,0,0,0,False,nan|1798,1342240
130_bNAb_Combinations|1342240|cc|3|1|nan|1798,0,0,-0.0513052,0,0,0,0,0,1.0072e-07,0,0,0,False,nan|1798,1342240
130_bNAb_Combinations|1342240|cc|4|1|nan|1798,0,0,-0.0940782,0,0,0,0,0,6.43476e-08,0,0,0,False,nan|1798,1342240
130_bNAb_Combinations|1342240|cc|5|1|nan|1798,0,0,-0.233701,0,0,0,0,0,3.36288e-07,0,0,0,False,nan|1798,1342240
130_bNAb_Combinations|1342240|cc|6|1|nan|1798,0,0,-0.0189269,0,0,0,0,0,-2.69636e-07,0,0,0,False,nan|1798,1342240
130_bNAb_Combinations|1342240|cc|7|1|nan|1798,0,0,0.0478179,0,0,0,0,0,2.83377e-07,0,0,0,False,nan|1798,1342240
130_bNAb_Combinations|1342240|cc|8|1|nan|1798,0,0,0.0757537,0,0,0,0,0,-1.14175e-07,0,0,0,False,nan|1798,1342240
130_bNAb_Combinations|1342240|sample|3|nan|1798,0,0,-1.03347,0,0,0,0,0,-0.933906,0,0,0,True,VRC07-523LS|1798,1342240
130_bNAb_Combinations|1342240|sample|4|nan|1798,0,0,-0.887174,0,0,0,0,0,-0.842415,0,0,0,True,VRC07-523LS|1798,1342240
130_bNAb_Combinations|1342240|sample|8|nan|1798,0,0,0.883979,0,0,0,0,0,0.0361715,0,0,0,True,VRC07-523LS|1798,1342240
130_bNAb_Combinations|1342240|vc|1|2|nan|1798,0,0,-0.147786,0,0,0,0,0,-3.16582e-07,0,0,0,False,nan|1798,1342240
130_bNAb_Combinations|1342240|vc|2|2|nan|1798,0,0,-0.0149562,0,0,0,0,0,1.25292e-07,0,0,0,False,nan|1798,1342240
130_bNAb_Combinations|1342240|vc|3|2|nan|1798,0,0,0.0423316,0,0,0,0,0,2.85902e-07,0,0,0,False,nan|1798,1342240
130_bNAb_Combinations|1342240|vc|4|2|nan|1798,0,0,0.0204008,0,0,0,0,0,-1.52374e-07,0,0,0,False,nan|1798,1342240
130_bNAb_Combinations|1342240|vc|5|2|nan|1798,0,0,0.161668,0,0,0,0,0,-1.16087e-07,0,0,0,False,nan|1798,1342240
130_bNAb_Combinations|1342240|vc|6|2|nan|1798,0,0,0.0313416,0,0,0,0,0,-7.16284e-08,0,0,0,False,nan|1798,1342240
130_bNAb_Combinations|1342240|vc|7|2|nan|1798,0,0,0.0204797,0,0,0,0,0,-2.54291e-07,0,0,0,False,nan|1798,1342240
130_bNAb_Combinations|1342240|vc|8|2|nan|1798,0,0,-0.0480816,0,0,0,0,0,-5.86908e-08,0,0,0,False,nan|1798,1342240
130_bNAb_Combinations|1342258|cc|1|1|TRO.11|8301,0,0,0.14666,0,0,0,0,0,-2.30961e-07,0,0,0,False,nan|TRO.11,1342258
130_bNAb_Combinations|1342258|cc|2|1|TRO.11|8301,0,0,-0.0501079,0,0,0,0,0,-2.5507e-07,0,0,0,False,nan|TRO.11,1342258
130_bNAb_Combinations|1342258|cc|3|1|TRO.11|8301,0,0,0.0455928,0,0,0,0,0,-8.40728e-08,0,0,0,False,nan|TRO.11,1342258
130_bNAb_Combinations|1342258|cc|4|1|TRO.11|8301,0,0,0.18352,0,0,0,0,0,1.85898e-07,0,0,0,False,nan|TRO.11,1342258
130_bNAb_Combinations|1342258|cc|5|1|TRO.11|8301,0,0,0.0466919,0,0,0,0,0,1.97866e-07,0,0,0,False,nan|TRO.11,1342258
130_bNAb_Combinations|1342258|cc|6|1|TRO.11|8301,0,0,-0.0750186,0,0,0,0,0,1.38205e-07,0,0,0,False,nan|TRO.11,1342258
130_bNAb_Combinations|1342258|cc|7|1|TRO.11|8301,0,0,0.0180351,0,0,0,0,0,2.06669e-07,0,0,0,False,nan|TRO.11,1342258
130_bNAb_Combinations|1342258|cc|8|1|TRO.11|8301,0,0,0.176124,0,0,0,0,0,-2.62494e-07,0,0,0,False,nan|TRO.11,1342258
130_bNAb_Combinations|1342258|sample|3|TRO.11|8301,0,0,-0.0423686,0,0,0,0,0,0.0172187,0,0,0,True,VRC07-523LS|TRO.11,1342258
130_bNAb_Combinations|1342258|sample|4|TRO.11|8301,0,0,-0.0999005,0,0,0,0,0,-0.0476451,0,0,0,True,VRC07-523LS|TRO.11,1342258
130_bNAb_Combinations|1342258|vc|1|2|TRO.11|8301,0,0,0.0612421,0,0,0,0,0,1.84995e-07,0,0,0,False,nan|TRO.11,1342258
130_bNAb_Combinations|1342258|vc|2|2|TRO.11|8301,0,0,0.218396,0,0,0,0,0,-2.67748e-07,0,0,0,False,nan|TRO.11,1342258
130_bNAb_Combinations|1342258|vc|3|2|TRO.11|8301,0,0,-0.0122328,0,0,0,0,0,2.71083e-07,0,0,0,False,nan|TRO.11,1342258
130_bNAb_Combinations|1342258|vc|4|2|TRO.11|8301,0,0,-0.0896023,0,0,0,0,0,1.98472e-07,0,0,0,False,nan|TRO.11,1342258
130_bNAb_Combinations|1342258|vc|5|2|TRO.11|8301,0,0,0.120723,0,0,0,0,0,-2.68048e-07,0,0,0,False,nan|TRO.11,1342258
130_bNAb_Combinations|1342258|vc|6|2|TRO.11|8301,0,0,0.0360819,0,0,0,0,0,2.73865e-07,0,0,0,False,nan|TRO.11,1342258
130_bNAb_Combinations|1342258|vc|7|2|TRO.11|8301,0,0,-0.0563586,0,0,0,0,0,3.055e-07,0,0,0,False,nan|TRO.11,1342258
130_bNAb_Combinations|1342258|vc|8|2|TRO.11|8301,0,0,0.187193,0,0,0,0,0,-1.86846e-07,0,0,0,False,nan|TRO.11,1342258
130_bNAb_Combinations|1342276|cc|1|1|Ce1176_A3|7023,0,0,0.135382,0,0,0,0,0,3.85749e-08,0,0,0,False,nan|Ce1176_A3,1342276
130_bNAb_Combinations|1342276|cc|2|1|Ce1176_A3|7023,0,0,0.00913978,0,0,0,0,0,7.30938e-08,0,0,0,False,nan|Ce1176_A3,1342276
130_bNAb_Combinations|1342276|cc|3|1|Ce1176_A3|7023,0,0,0.10692,0,0,0,0,0,-1.09119e-07,0,0,0,False,nan|Ce1176_A3,1342276
130_bNAb_Combinations|1342276|cc|4|1|Ce1176_A3|7023,0,0,-0.0387486,0,0,0,0,0,2.08138e-07,0,0,0,False,nan|Ce1176_A3,1342276
130_bNAb_Combinations|1342276|cc|5|1|Ce1176_A3|7023,0,0,-0.0471657,0,0,0,0,0,2.00029e-07,0,0,0,False,nan|Ce1176_A3,1342276
130_bNAb_Combinations|1342276|cc|6|1|Ce1176_A3|7023,0,0,0.0503922,0,0,0,0,0,2.62125e-07,0,0,0,False,nan|Ce1176_A3,1342276
130_bNAb_Combinations|1342276|cc|7|1|Ce1176_A3|7023,0,0,-0.129704,0,0,0,0,0,7.1766e-08,0,0,0,False,nan|Ce1176_A3,1342276
130_bNAb_Combinations|1342276|cc|8|1|Ce1176_A3|7023,0,0,-0.0454532,0,0,0,0,0,-3.17454e-08,0,0,0,False,nan|Ce1176_A3,1342276
130_bNAb_Combinations|1342276|sample|3|Ce1176_A3|7023,0,0,-0.70518,0,0,0,0,0,-0.657724,0,0,0,True,VRC07-523LS|Ce1176_A3,1342276
130_bNAb_Combinations|1342276|sample|4|Ce1176_A3|7023,0,0,-0.714098,0,0,0,0,0,-0.679598,0,0,0,True,VRC07-523LS|Ce1176_A3,1342276
130_bNAb_Combinations|1342276|vc|1|2|Ce1176_A3|7023,0,0,-0.0771369,0,0,0,0,0,9.08812e-08,0,0,0,False,nan|Ce1176_A3,1342276
130_bNAb_Combinations|1342276|vc|2|2|Ce1176_A3|7023,0,0,-0.137781,0,0,0,0,0,2.32346e-07,0,0,0,False,nan|Ce1176_A3,1342276
130_bNAb_Combinations|1342276|vc|3|2|Ce1176_A3|7023,0,0,0.0423914,0,0,0,0,0,-7.95207e-08,0,0,0,False,nan|Ce1176_A3,1342276
130_bNAb_Combinations|1342276|vc|4|2|Ce1176_A3|7023,0,0,0.372942,0,0,0,0,0,-1.13618e-07,0,0,0,False,nan|Ce1176_A3,1342276
130_bNAb_Combinations|1342276|vc|5|2|Ce1176_A3|7023,0,0,-0.0236763,0,0,0,0,0,-2.63284e-07,0,0,0,False,nan|Ce1176_A3,1342276
130_bNAb_Combinations|1342276|vc|6|2|Ce1176_A3|7023,0,0,0.0740034,0,0,0,0,0,-4.38144e-08,0,0,0,False,nan|Ce1176_A3,1342276
130_bNAb_Combinations|1342276|vc|7|2|Ce1176_A3|7023,0,0,0.046747,0,0,0,0,0,-2.13937e-07,0,0,0,False,nan|Ce1176_A3,1342276
130_bNAb_Combinations|1342276|vc|8|2|Ce1176_A3|7023,0,0,0.117712,0,0,0,0,0,2.7945e-07,0,0,0,False,nan|Ce1176_A3,1342276
130_bNAb_Combinations|1342294|cc|1|1|nan|1176,0,0,-0.0956453,0,0,0,0,0,4.71453e-08,0,0,0,False,nan|1176,1342294
130_bNAb_Combinations|1342294|cc|2|1|nan|1176,0,0,-0.00430167,0,0,0,0,0,2.97805e-08,0,0,0,False,nan|1176,1342294
130_bNAb_Combinations|1342294|cc|3|1|nan|1176,0,0,0.0541105,0,0,0,0,0,-2.14186e-07,0,0,0,False,nan|1176,1342294
130_bNAb_Combinations|1342294|cc|4|1|nan|1176,0,0,0.141854,0,0,0,0,0,1.13606e-07,0,0,0,False,nan|1176,1342294
130_bNAb_Combinations|1342294|cc|5|1|nan|1176,0,0,-0.265911,0,0,0,0,0,1.31941e-07,0,0,0,False,nan|1176,1342294
130_bNAb_Combinations|1342294|cc|6|1|nan|1176,0,0,-0.27932,0,0,0,0,0,-1.2013e-07,0,0,0,False,nan|1176,1342294
130_bNAb_Combinations|1342294|cc|7|1|nan|1176,0,0,-0.0230476,0,0,0,0,0,4.10947e-08,0,0,0,False,nan|1176,1342294
130_bNAb_Combinations|1342294|cc|8|1|nan|1176,0,0,-0.116395,0,0,0,0,0,-1.52099e-07,0,0,0,False,nan|1176,1342294
130_bNAb_Combinations|1342294|sample|3|nan|1176,0,0,0.0746238,0,0,0,0,0,0.203668,0,0,0,True,VRC07-523LS|1176,1342294
130_bNAb_Combinations|1342294|sample|4|nan|1176,0,0,0.0988644,0,0,0,0,0,0.224895,0,0,0,True,VRC07-523LS|1176,1342294
130_bNAb_Combinations|1342294|sample|8|nan|1176,0,0,-0.143189,0,0,0,0,0,-0.836877,0,0,0,True,VRC07-523LS|1176,1342294
130_bNAb_Combinations|1342294|vc|1|2|nan|1176,0,0,0.210356,0,0,0,0,0,1.73543e-07,0,0,0,False,nan|1176,1342294
130_bNAb_Combinations|1342294|vc|2|2|nan|1176,0,0,-0.0310115,0,0,0,0,0,-7.95167e-08,0,0,0,False,nan|1176,1342294
130_bNAb_Combinations|1342294|vc|3|2|nan|1176,0,0,-0.215691,0,0,0,0,0,-1.40967e-07,0,0,0,False,nan|1176,1342294
130_bNAb_Combinations|1342294|vc|4|2|nan|1176,0,0,0.0288454,0,0,0,0,0,9.35761e-08,0,0,0,False,nan|1176,1342294
130_bNAb_Combinations|1342294|vc|5|2|nan|1176,0,0,-0.00210669,0,0,0,0,0,4.24641e-08,0,0,0,False,nan|1176,1342294
130_bNAb_Combinations|1342294|vc|6|2|nan|1176,0,0,-0.125277,0,0,0,0,0,3.14038e-07,0,0,0,False,nan|1176,1342294
130_bNAb_Combinations|1342294|vc|7|2|nan|1176,0,0,-0.0112794,0,0,0,0,0,-1.72643e-07,0,0,0,False,nan|1176,1342294
130_bNAb_Combinations|1342294|vc|8|2|nan|1176,0,0,0.00260607,0,0,0,0,0,2.80841e-07,0,0,0,False,nan|1176,1342294
130_bNAb_Combinations|1342312|cc|1|1|RHPA4259.7|5371,0,0,-0.100201,0,0,0,0,0,2.99992e-07,0,0,0,False,nan|RHPA4259.7,1342312
130_bNAb_Combinations|1342312|cc|2|1|RHPA4259.7|5371,0,0,-0.0561583,0,0,0,0,0,-2.26833e-07,0,0,0,False,nan|RHPA4259.7,1342312
130_bNAb_Combinations|1342312|cc|3|1|RHPA4259.7|5371,0,0,0.0518631,0,0,0,0,0,9.34709e-08,0,0,0,False,nan|RHPA4259.7,1342312
130_bNAb_Combinations|1342312|cc|4|1|RHPA4259.7|5371,0,0,-0.18083,0,0,0,0,0,-2.63584e-07,0,0,0,False,nan|RHPA4259.7,1342312
130_bNAb_Combinations|1342312|cc|5|1|RHPA4259.7|5371,0,0,-0.145401,0,0,0,0,0,-2.90684e-07,0,0,0,False,nan|RHPA4259.7,1342312
130_bNAb_Combinations|1342312|cc|6|1|RHPA4259.7|5371,0,0,-0.0783957,0,0,0,0,0,1.12903e-07,0,0,0,False,nan|RHPA4259.7,1342312
130_bNAb_Combinations|1342312|cc|7|1|RHPA4259.7|5371,0,0,-0.0726482,0,0,0,0,0,-2.45746e-07,0,0,0,False,nan|RHPA4259.7,1342312
130_bNAb_Combinations|1342312|cc|8|1|RHPA4259.7|5371,0,0,-0.0996151,0,0,0,0,0,-3.3149e-07,0,0,0,False,nan|RHPA4259.7,1342312
130_bNAb_Combinations|1342312|sample|3|RHPA4259.7|5371,0,0,1.53982,0,0,0,0,0,0.671836,0,0,0,True,VRC07-523LS|RHPA4259.7,1342312
130_bNAb_Combinations|1342312|sample|4|RHPA4259.7|5371,0,0,1.50074,0,0,0,0,0,0.74877,0,0,0,True,VRC07-523LS|RHPA4259.7,1342312
130_bNAb_Combinations|1342312|vc|1|2|RHPA4259.7|5371,0,0,0.0549701,0,0,0,0,0,-2.40213e-07,0,0,0,False,nan|RHPA4259.7,1342312
130_bNAb_Combinations|1342312|vc|2|2|RHPA4259.7|5371,0,0,-0.214378,0,0,0,0,0,2.13624e-07,0,0,0,False,nan|RHPA4259.7,1342312
130_bNAb_Combinations|1342312|vc|3|2|RHPA4259.7|5371,0,0,-0.130195,0,0,0,0,0,-1.69118e-07,0,0,0,False,nan|RHPA4259.7,1342312
130_bNAb_Combinations|1342312|vc|4|2|RHPA4259.7|5371,0,0,-0.0353952,0,0,0,0,0,1.0729e-07,0,0,0,False,nan|RHPA4259.7,1342312
130_bNAb_Combinations|1342312|vc|5|2|RHPA4259.7|5371,0,0,-0.0231928,0,0,0,0,0,-1.12575e-07,0,0,0,False,nan|RHPA4259.7,1342312
130_bNAb_Combinations|1342312|vc|6|2|RHPA4259.7|5371,0,0,0.324168,0,0,0,0,0,-1.33453e-07,0,0,0,False,nan|RHPA4259.7,1342312
130_bNAb_Combinations|1342312|vc|7|2|RHPA4259.7|5371,0,0,0.157806,0,0,0,0,0,2.00729e-07,0,0,0,False,nan|RHPA4259.7,1342312
130_bNAb_Combinations|1342312|vc|8|2|RHPA4259.7|5371,0,0,0.424788,0,0,0,0,0,-1.17499e-07,0,0,0,False,nan|RHPA4259.7,1342312
130_bNAb_Combinations|1342336|cc|1|1|nan|3430,0,0,0.0244337,0,0,0,0,0,-1.70848e-07,0,0,0,False,nan|3430,1342336
130_bNAb_Combinations|1342336|cc|2|1|nan|3430,0,0,0.161895,0,0,0,0,0,1.8543e-07,0,0,0,False,nan|3430,1342336
130_bNAb_Combinations|1342336|cc|3|1|nan|3430,0,0,0.147511,0,0,0,0,0,2.71719e-07,0,0,0,False,nan|3430,1342336
130_bNAb_Combinations|1342336|cc|4|1|nan|3430,0,0,0.0145879,0,0,0,0,0,2.00999e-07,0,0,0,False,nan|3430,1342336
130_bNAb_Combinations|1342336|cc|5|1|nan|3430,0,0,-0.115936,0,0,0,0,0,-4.14771e-08,0,0,0,False,nan|3430,1342336
130_bNAb_Combinations|1342336|cc|6|1|nan|3430,0,0,-0.0932521,0,0,0,0,0,-3.32575e-07,0,0,0,False,nan|3430,1342336
130_bNAb_Combinations|1342336|cc|7|1|nan|3430,0,0,0.0922628,0,0,0,0,0,-6.27315e-09,0,0,0,False,nan|3430,1342336
130_bNAb_Combinations|1342336|cc|8|1|nan|3430,0,0,0.0447634,0,0,0,0,0,1.05589e-07,0,0,0,False,nan|3430,1342336
130_bNAb_Combinations|1342336|sample|3|nan|3430,0,0,0.891578,0,0,0,0,0,0.467586,0,0,0,True,VRC07-523LS|3430,1342336
130_bNAb_Combinations|1342336|sample|4|nan|3430,0,0,1.08105,0,0,0,0,0,0.565688,0,0,0,True,VRC07-523LS|3430,1342336
130_bNAb_Combinations|1342336|sample|5|nan|3430,0,0,1.01218,0,0,0,0,0,0.263463,0,0,0,True,VRC07-523LS|3430,1342336
130_bNAb_Combinations|1342336|vc|1|2|nan|3430,0,0,0.0414962,0,0,0,0,0,1.40777e-07,0,0,0,False,nan|3430,1342336
130_bNAb_Combinations|1342336|vc|2|2|nan|3430,0,0,0.0451588,0,0,0,0,0,-2.91312e-07,0,0,0,False,nan|3430,1342336
130_bNAb_Combinations|1342336|vc|3|2|nan|3430,0,0,-0.00898875,0,0,0,0,0,3.12581e-07,0,0,0,False,nan|3430,1342336
130_bNAb_Combinations|1342336|vc|4|2|nan|3430,0,0,-0.291961,0,0,0,0,0,-2.58718e-07,0,0,0,False,nan|3430,1342336
130_bNAb_Combinations|1342336|vc|5|2|nan|3430,0,0,-0.0581853,0,0,0,0,0,-1.83626e-07,0,0,0,False,nan|3430,1342336
130_bNAb_Combinations|1342336|vc|6|2|nan|3430,0,0,0.044617,0,0,0,0,0,-2.15048e-07,0,0,0,False,nan|3430,1342336
130_bNAb_Combinations|1342336|vc|7|2|nan|3430,0,0,0.0481777,0,0,0,0,0,-2.10008e-07,0,0,0,False,nan|3430,1342336
130_bNAb_Combinations|1342336|vc|8|2|nan|3430,0,0,-0.135457,0,0,0,0,0,8.73719e-08,0,0,0,False,nan|3430,1342336
130_bNAb_Combinations|1342348|cc|1|1|nan|4166,0,0,0.0140292,0,0,0,0,0,-2.51053e-07,0,0,0,False,nan|4166,1342348
130_bNAb_Combinations|1342348|cc|2|1|nan|4166,0,0,-0.172372,0,0,0,0,0,-6.88907e-08,0,0,0,False,nan|4166,1342348
130_bNAb_Combinations|1342348|cc|3|1|nan|4166,0,0,0.100571,0,0,0,0,0,1.16187e-07,0,0,0,False,nan|4166,1342348
130_bNAb_Combinations|1342348|cc|4|1|nan|4166,0,0,-0.0888252,0,0,0,0,0,-1.61149e-07,0,0,0,False,nan|4166,1342348
130_bNAb_Combinations|1342348|cc|5|1|nan|4166,0,0,-0.0589881,0,0,0,0,0,-3.08805e-07,0,0,0,False,nan|4166,1342348
130_bNAb_Combinations|1342348|cc|6|1|nan|4166,0,0,0.135537,0,0,0,0,0,-9.79033e-09,0,0,0,False,nan|4166,1342348
130_bNAb_Combinations|1342348|cc|7|1|nan|4166,0,0,-0.0404565,0,0,0,0,0,3.06797e-07,0,0,0,False,nan|4166,1342348
130_bNAb_Combinations|1342348|cc|8|1|nan|4166,0,0,0.147299,0,0,0,0,0,2.64095e-07,0,0,0,False,nan|4166,1342348
130_bNAb_Combinations|1342348|sample|3|nan|4166,0,0,1.56097,0,0,0,0,0,0.892792,0,0,0,True,VRC07-523LS|4166,1342348
130_bNAb_Combinations|1342348|sample|4|nan|4166,0,0,1.57253,0,0,0,0,0,0.866187,0,0,0,True,VRC07-523LS|4166,1342348
130_bNAb_Combinations|1342348|vc|1|2|nan|4166,0,0,0.00696554,0,0,0,0,0,-4.18526e-08,0,0,0,False,nan|4166,1342348
130_bNAb_Combinations|1342348|vc|2|2|nan|4166,0,0,-0.124319,0,0,0,0,0,-2.00951e-07,0,0,0,False,nan|4166,1342348
130_bNAb_Combinations|1342348|vc|3|2|nan|4166,0,0,-0.0170512,0,0,0,0,0,-9.54752e-08,0,0,0,False,nan|4166,1342348
130_bNAb_Combinations|1342348|vc|4|2|nan|4166,0,0,0.16316,0,0,0,0,0,2.19253e-07,0,0,0,False,nan|4166,1342348
130_bNAb_Combinations|1342348|vc|5|2|nan|4166,0,0,0.0378295,0,0,0,0,0,-1.0985e-07,0,0,0,False,nan|4166,1342348
130_bNAb_Combinations|1342348|vc|6|2|nan|4166,0,0,-0.040501,0,0,0,0,0,2.45697e-07,0,0,0,False,nan|4166,1342348
130_bNAb_Combinations|1342348|vc|7|2|nan|4166,0,0,0.0355254,0,0,0,0,0,2.00322e-07,0,0,0,False,nan|4166,1342348
130_bNAb_Combinations|1342348|vc|8|2|nan|4166,0,0,0.0910451,0,0,0,0,0,6.69489e-08,0,0,0,False,nan|4166,1342348
130_bNAb_Combinations|1342372|cc|1|1|nan|2944,0,0,-0.0531969,0,0,0,0,0,2.71754e-08,0,0,0,False,nan|2944,1342372
130_bNAb_Combinations|1342372|cc|2|1|nan|2944,0,0,-0.0803523,0,0,0,0,0,2.927e-07,0,0,0,False,nan|2944,1342372
130_bNAb_Combinations|1342372|cc|3|1|nan|2944,0,0,-0.0502413,0,0,0,0,0,-1.36372e-07,0,0,0,False,nan|2944,1342372
130_bNAb_Combinations|1342372|cc|4|1|nan|2944,0,0,0.147446,0,0,0,0,0,-1.96364e-08,0,0,0,False,nan|2944,1342372
130_bNAb_Combinations|1342372|cc|5|1|nan|2944,0,0,0.0424462,0,0,0,0,0,1.59502e-07,0,0,0,False,nan|2944,1342372
130_bNAb_Combinations|1342372|cc|6|1|nan|2944,0,0,0.181171,0,0,0,0,0,1.81436e-07,0,0,0,False,nan|2944,1342372
130_bNAb_Combinations|1342372|cc|7|1|nan|2944,0,0,-0.235553,0,0,0,0,0,2.95545e-07,0,0,0,False,nan|2944,1342372
130_bNAb_Combinations|1342372|cc|8|1|nan|2944,0,0,-0.0844984,0,0,0,0,0,-1.87823e-07,0,0,0,False,nan|2944,1342372
130_bNAb_Combinations|1342372|sample|3|nan|2944,0,0,-0.405595,0,0,0,0,0,-0.413065,0,0,0,True,VRC07-523LS|2944,1342372
130_bNAb_Combinations|1342372|sample|4|nan|2944,0,0,-0.347296,0,0,0,0,0,-0.316128,0,0,0,True,VRC07-523LS|2944,1342372
130_bNAb_Combinations|1342372|vc|1|2|nan|2944,0,0,0.0858917,0,0,0,0,0,1.09699e-07,0,0,0,False,nan|2944,1342372
130_bNAb_Combinations|1342372|vc|2|2|nan|2944,0,0,-0.263839,0,0,0,0,0,-4.22813e-08,0,0,0,False,nan|2944,1342372
130_bNAb_Combinations|1342372|vc|3|2|nan|2944,0,0,0.0974591,0,0,0,0,0,-2.54509e-07,0,0,0,False,nan|2944,1342372
130_bNAb_Combinations|1342372|vc|4|2|nan|2944,0,0,-0.0307447,0,0,0,0,0,-3.17522e-07,0,0,0,False,nan|2944,1342372
130_bNAb_Combinations|1342372|vc|5|2|nan|2944,0,0,0.245464,0,0,0,0,0,2.4233e-07,0,0,0,False,nan|2944,1342372
130_bNAb_Combinations|1342372|vc|6|2|nan|2944,0,0,0.0507425,0,0,0,0,0,-2.42768e-07,0,0,0,False,nan|2944,1342372
130_bNAb_Combinations|1342372|vc|7|2|nan|2944,0,0,-0.00379243,0,0,0,0,0,1.76187e-07,0,0,0,False,nan|2944,1342372
130_bNAb_Combinations|1342372|vc|8|2|nan|2944,0,0,-0.239961,0,0,0,0,0,9.6966e-08,0,0,0,False,nan|2944,1342372
130_bNAb_Combinations|1342384|cc|1|1|nan|2946,0,0,0.0596385,0,0,0,0,0,-1.34906e-07,0,0,0,False,nan|2946,1342384
130_bNAb_Combinations|1342384|cc|2|1|nan|2946,0,0,-0.0644842,0,0,0,0,0,-1.74136e-07,0,0,0,False,nan|2946,1342384
130_bNAb_Combinations|1342384|cc|3|1|nan|2946,0,0,0.0490927,0,0,0,0,0,3.64535e-09,0,0,0,False,nan|2946,1342384
130_bNAb_Combinations|1342384|cc|4|1|nan|2946,0,0,0.0887185,0,0,0,0,0,3.01697e-07,0,0,0,False,nan|2946,1342384
130_bNAb_Combinations|1342384|cc|5|1|nan|2946,0,0,-0.0427781,0,0,0,0,0,1.86025e-07,0,0,0,False,nan|2946,1342384
130_bNAb_Combinations|1342384|cc|6|1|nan|2946,0,0,0.0765142,0,0,0,0,0,-2.09639e-07,0,0,0,False,nan|2946,1342384
130_bNAb_Combinations|1342384|cc|7|1|nan|2946,0,0,-0.0335761,0,0,0,0,0,2.85427e-07,0,0,0,False,nan|2946,1342384
130_bNAb_Combinations|1342384|cc|8|1|nan|2946,0,0,-0.0737856,0,0,0,0,0,1.85556e-08,0,0,0,False,nan|2946,1342384
130_bNAb_Combinations|1342384|sample|3|nan|2946,0,0,-1.04586,0,0,0,0,0,-1.00192,0,0,0,True,VRC07-523LS|2946,1342384
130_bNAb_Combinations|1342384|sample|4|nan|2946,0,0,-1.08012,0,0,0,0,0,-1.02778,0,0,0,True,VRC07-523LS|2946,1342384
130_bNAb_Combinations|1342384|vc|1|2|nan|2946,0,0,-0.0445355,0,0,0,0,0,1.6892e-07,0,0,0,False,nan|2946,1342384
130_bNAb_Combinations|1342384|vc|2|2|nan|2946,0,0,0.0207672,0,0,0,0,0,-2.06126e-07,0,0,0,False,nan|2946,1342384
130_bNAb_Combinations|1342384|vc|3|2|nan|2946,0,0,0.150339,0,0,0,0,0,2.44832e-07,0,0,0,False,nan|2946,1342384
130_bNAb_Combinations|1342384|vc|4|2|nan|2946,0,0,-0.087617,0,0,0,0,0,9.21001e-08,0,0,0,False,nan|2946,1342384
130_bNAb_Combinations|1342384|vc|5|2|nan|2946,0,0,-0.0118356,0,0,0,0,0,2.96075e-07,0,0,0,False,nan|2946,1342384
130_bNAb_Combinations|1342384|vc|6|2|nan|2946,0,0,0.0898179,0,0,0,0,0,-1.40603e-08,0,0,0,False,nan|2946,1342384
130_bNAb_Combinations|1342384|vc|7|2|nan|2946,0,0,0.0174181,0,0,0,0,0,-2.69951e-07,0,0,0,False,nan|2946,1342384
130_bNAb_Combinations|1342384|vc|8|2|nan|2946,0,0,-0.0979371,0,0,0,0,0,-1.42765e-07,0,0,0,False,nan|2946,1342384
130_bNAb_Combinations|1342396|cc|1|1|PVO.4|5024,0,0,0.0242428,0,0,0,0,0,-1.73365e-07,0,0,0,False,nan|PVO.4,1342396
130_bNAb_Combinations|1342396|cc|2|1|PVO.4|5024,0,0,-0.108135,0,0,0,0,0,-3.13769e-07,0,0,0,False,nan|PVO.4,1342396
130_bNAb_Combinations|1342396|cc|3|1|PVO.4|5024,0,0,0.0403171,0,0,0,0,0,-1.82197e-07,0,0,0,False,nan|PVO.4,1342396
130_bNAb_Combinations|1342396|cc|4|1|PVO.4|5024,0,0,-0.106794,0,0,0,0,0,2.61229e-07,0,0,0,False,nan|PVO.4,1342396
130_bNAb_Combinations|1342396|cc|5|1|PVO.4|5024,0,0,0.126691,0,0,0,0,0,2.82936e-07,0,0,0,False,nan|PVO.4,1342396
130_bNAb_Combinations|1342396|cc|6|1|PVO.4|5024,0,0,-0.0766349,0,0,0,0,0,8.99756e-08,0,0,0,False,nan|PVO.4,1342396
130_bNAb_Combinations|1342396|cc|7|1|PVO.4|5024,0,0,-0.0147794,0,0,0,0,0,-8.93478e-08,0,0,0,False,nan|PVO.4,1342396
130_bNAb_Combinations|1342396|cc|8|1|PVO.4|5024,0,0,-0.114629,0,0,0,0,0,1.52709e-07,0,0,0,False,nan|PVO.4,1342396
130_bNAb_Combinations|1342396|sample|3|PVO.4|5024,0,0,-0.149997,0,0,0,0,0,-0.116884,0,0,0,True,VRC07-523LS|PVO.4,1342396
130_bNAb_Combinations|1342396|sample|4|PVO.4|5024,0,0,-0.247521,0,0,0,0,0,-0.186114,0,0,0,True,VRC07-523LS|PVO.4,1342396
130_bNAb_Combinations|1342396|vc|1|2|PVO.4|5024,0,0,0.087231,0,0,0,0,0,5.44289e-08,0,0,0,False,nan|PVO.4,1342396
130_bNAb_Combinations|1342396|vc|2|2|PVO.4|5024,0,0,-0.154049,0,0,0,0,0,2.38966e-07,0,0,0,False,nan|PVO.4,1342396
130_bNAb_Combinations|1342396|vc|3|2|PVO.4|5024,0,0,0.15718,0,0,0,0,0,6.19484e-10,0,0,0,False,nan|PVO.4,1342396
130_bNAb_Combinations|1342396|vc|4|2|PVO.4|5024,0,0,-0.013979,0,0,0,0,0,-1.80774e-07,0,0,0,False,nan|PVO.4,1342396
130_bNAb_Combinations|1342396|vc|5|2|PVO.4|5024,0,0,0.0453015,0,0,0,0,0,4.5982e-09,0,0,0,False,nan|PVO.4,1342396
130_bNAb_Combinations|1342396|vc|6|2|PVO.4|5024,0,0,0.0292674,0,0,0,0,0,2.44638e-07,0,0,0,False,nan|PVO.4,1342396
130_bNAb_Combinations|1342396|vc|7|2|PVO.4|5024,0,0,0.00465643,0,0,0,0,0,2.55712e-07,0,0,0,False,nan|PVO.4,1342396
130_bNAb_Combinations|1342396|vc|8|2|PVO.4|5024,0,0,0.0103945,0,0,0,0,0,2.29282e-07,0,0,0,False,nan|PVO.4,1342396
130_bNAb_Combinations|1342408|cc|1|1|nan|4168,0,0,0.185646,0,0,0,0,0,-1.43331e-07,0,0,0,False,nan|4168,1342408
130_bNAb_Combinations|1342408|cc|2|1|nan|4168,0,0,0.0820899,0,0,0,0,0,-1.74616e-07,0,0,0,False,nan|4168,1342408
130_bNAb_Combinations|1342408|cc|3|1|nan|4168,0,0,-0.242636,0,0,0,0,0,-1.32442e-07,0,0,0,False,nan|4168,1342408
130_bNAb_Combinations|1342408|cc|4|1|nan|4168,0,0,0.0130066,0,0,0,0,0,4.5848e-08,0,0,0,False,nan|4168,1342408
130_bNAb_Combinations|1342408|cc|5|1|nan|4168,0,0,-0.231962,0,0,0,0,0,9.91587e-08,0,0,0,False,nan|4168,1342408
130_bNAb_Combinations|1342408|cc|6|1|nan|4168,0,0,-0.153805,0,0,0,0,0,1.42167e-07,0,0,0,False,nan|4168,1342408
130_bNAb_Combinations|1342408|cc|7|1|nan|4168,0,0,0.0713905,0,0,0,0,0,-2.03627e-07,0,0,0,False,nan|4168,1342408
130_bNAb_Combinations|1342408|cc|8|1|nan|4168,0,0,-0.145032,0,0,0,0,0,1.01454e-07,0,0,0,False,nan|4168,1342408
130_bNAb_Combinations|1342408|sample|3|nan|4168,0,0,-0.73291,0,0,0,0,0,-0.733611,0,0,0,True,VRC07-523LS|4168,1342408
130_bNAb_Combinations|1342408|sample|4|nan|4168,0,0,-0.784464,0,0,0,0,0,-0.746015,0,0,0,True,VRC07-523LS|4168,1342408
130_bNAb_Combinations|1342408|vc|1|2|nan|4168,0,0,-0.196365,0,0,0,0,0,-2.09551e-07,0,0,0,False,nan|4168,1342408
130_bNAb_Combinations|1342408|vc|2|2|nan|4168,0,0,-0.0779681,0,0,0,0,0,-1.60696e-07,0,0,0,False,nan|4168,1342408
130_bNAb_Combinations|1342408|vc|3|2|nan|4168,0,0,0.0471864,0,0,0,0,0,2.15179e-07,0,0,0,False,nan|4168,1342408
130_bNAb_Combinations|1342408|vc|4|2|nan|4168,0,0,0.153583,0,0,0,0,0,7.49661e-08,0,0,0,False,nan|4168,1342408
130_bNAb_Combinations|1342408|vc|5|2|nan|4168,0,0,-0.0140965,0,0,0,0,0,1.88704e-08,0,0,0,False,nan|4168,1342408
130_bNAb_Combinations|1342408|vc|6|2|nan|4168,0,0,0.0906858,0,0,0,0,0,2.57452e-07,0,0,0,False,nan|4168,1342408
130_bNAb_Combinations|1342408|vc|7|2|nan|4168,0,0,0.138999,0,0,0,0,0,2.19393e-07,0,0,0,False,nan|4168,1342408
130_bNAb_Combinations|1342408|vc|8|2|nan|4168,0,0,-0.11835,0,0,0,0,0,-2.90964e-07,0,0,0,False,nan|4168,1342408
704_VRC01_Concordance|1200432|cc|1|1|PVO.4|5024,0,0,0.137875,0,0,0,0,0,-3.06102e-08,0,0,0,False,nan|PVO.4,1200432
704_VRC01_Concordance|1200432|cc|2|1|PVO.4|5024,0,0,-0.0312851,0,0,0,0,0,6.20131e-08,0,0,0,False,nan|PVO.4,1200432
704_VRC01_Concordance|1200432|cc|3|1|PVO.4|5024,0,0,-0.0973766,0,0,0,0,0,1.57908e-07,0,0,0,False,nan|PVO.4,1200432
704_VRC01_Concordance|1200432|cc|4|1|PVO.4|5024,0,0,0.198609,0,0,0,0,0,-1.61708e-07,0,0,0,False,nan|PVO.4,1200432
704_VRC01_Concordance|1200432|cc|5|1|PVO.4|5024,0,0,-0.00721685,0,0,0,0,0,-1.22703e-07,0,0,0,False,nan|PVO.4,1200432
704_VRC01_Concordance|1200432|cc|6|1|PVO.4|5024,0,0,-0.198445,0,0,0,0,0,-2.21166e-07,0,0,0,False,nan|PVO.4,1200432
704_VRC01_Concordance|1200432|cc|7|1|PVO.4|5024,0,0,0.10853,0,0,0,0,0,-2.22629e-07,0,0,0,False,nan|PVO.4,1200432
704_VRC01_Concordance|1200432|cc|8|1|PVO.4|5024,0,0,0.121443,0,0,0,0,0,1.90559e-07,0,0,0,False,nan|PVO.4,1200432
704_VRC01_Concordance|1200432|sample|10|PVO.4|5024,0,0,-1.37558,0,0,0,0,0,-1.32547,0,0,0,True,Clinical VRC01|PVO.4,1200432
704_VRC01_Concordance|1200432|sample|11|PVO.4|5024,0,0,-0.957005,0,0,0,0,0,-0.923385,0,0,0,True,Clinical VRC01|PVO.4,1200432
704_VRC01_Concordance|1200432|sample|12|PVO.4|5024,0,0,-0.923217,0,0,0,0,0,-0.904281,0,0,0,True,Clinical VRC01|PVO.4,1200432
704_VRC01_Concordance|1200432|sample|3|PVO.4|5024,0,0,-0.756349,0,0,0,0,0,-0.735694,0,0,0,True,Clinical VRC01|PVO.4,1200432
704_VRC01_Concordance|1200432|sample|4|PVO.4|5024,0,0,-1.03438,0,0,0,0,0,-1.00519,0,0,0,True,Clinical VRC01|PVO.4,1200432
704_VRC01_Concordance|1200432|sample|5|PVO.4|5024,0,0,-1.42764,0,0,0,0,0,-1.30863,0,0,0,True,Clinical VRC01|PVO.4,1200432
704_VRC01_Concordance|1200432|sample|6|PVO.4|5024,0,0,-1.2625,0,0,0,0,0,-1.27128,0,0,0,True,Clinical VRC01|PVO.4,1200432
704_VRC01_Concordance|1200432|sample|7|PVO.4|5024,0,0,-0.850048,0,0,0,0,0,-0.845352,0,0,0,True,Clinical VRC01|PVO.4,1200432
704_VRC01_Concordance|1200432|sample|8|PVO.4|5024,0,0,-0.896212,0,0,0,0,0,-0.878872,0,0,0,True,Clinical VRC01|PVO.4,1200432
704_VRC01_Concordance|1200432|sample|9|PVO.4|5024,0,0,-1.27067,0,0,0,0,0,-1.18942,0,0,0,True,Clinical VRC01|PVO.4,1200432
704_VRC01_Concordance|1200432|vc|1|2|PVO.4|5024,0,0,-0.0354016,0,0,0,0,0,2.7728e-07,0,0,0,False,nan|PVO.4,1200432
704_VRC01_Concordance|1200432|vc|2|2|PVO.4|5024,0,0,-0.221768,0,0,0,0,0,2.53111e-07,0,0,0,False,nan|PVO.4,1200432
704_VRC01_Concordance|1200432|vc|3|2|PVO.4|5024,0,0,0.0797425,0,0,0,0,0,2.12899e-07,0,0,0,False,nan|PVO.4,1200432
704_VRC01_Concordance|1200432|vc|4|2|PVO.4|5024,0,0,0.0176858,0,0,0,0,0,-1.34721e-08,0,0,0,False,nan|PVO.4,1200432
704_VRC01_Concordance|1200432|vc|5|2|PVO.4|5024,0,0,0.156472,0,0,0,0,0,-1.97389e-07,0,0,0,False,nan|PVO.4,1200432
704_VRC01_Concordance|1200432|vc|6|2|PVO.4|5024,0,0,-0.101414,0,0,0,0,0,-2.10625e-07,0,0,0,False,nan|PVO.4,1200432
704_VRC01_Concordance|1200432|vc|7|2|PVO.4|5024,0,0,0.0421598,0,0,0,0,0,2.52437e-07,0,0,0,False,nan|PVO.4,1200432
704_VRC01_Concordance|1200432|vc|8|2|PVO.4|5024,0,0,0.17591,0,0,0,0,0,2.78744e-07,0,0,0,False,nan|PVO.4,1200432
