id,eta_U_SAEM,eta_L_SAEM,eta_m_SAEM,eta_e_SAEM,eta_s_SAEM,eta_alpha_SAEM,eta_k_SAEM,eta_U_mode,eta_L_mode,eta_m_mode,eta_e_mode,eta_s_mode,eta_alpha_mode,eta_k_mode,goes_down,mab_virus,run_id
130_bNAb_Combinations|1313842|cc|1|1|nan|2946,0,0,1.60892e-09,7.25791e-09,0,0,0,0,0,-2.21578e-11,-3.29985e-11,0,0,0,False,nan|2946,1313842
130_bNAb_Combinations|1313842|cc|2|1|nan|2946,0,0,-6.44331e-10,1.44524e-10,0,0,0,0,0,-2.26998e-11,2.62625e-11,0,0,0,False,nan|2946,1313842
130_bNAb_Combinations|1313842|cc|3|1|nan|2946,0,0,5.51884e-10,3.33e-09,0,0,0,0,0,1.25222e-11,6.03784e-11,0,0,0,False,nan|2946,1313842
130_bNAb_Combinations|1313842|cc|4|1|nan|2946,0,0,7.82686e-10,2.1064e-09,0,0,0,0,0,1.99661e-11,1.13687e-13,0,0,0,False,nan|2946,1313842
130_bNAb_Combinations|1313842|cc|5|1|nan|2946,0,0,1.56946e-10,-4.91629e-09,0,0,0,0,0,1.09619e-11,2.07594e-11,0,0,0,False,nan|2946,1313842
130_bNAb_Combinations|1313842|cc|6|1|nan|2946,0,0,-3.42319e-10,6.82774e-10,0,0,0,0,0,2.75979e-12,-3.04134e-11,0,0,0,False,nan|2946,1313842
130_bNAb_Combinations|1313842|cc|7|1|nan|2946,0,0,-1.369e-09,2.80603e-09,0,0,0,0,0,1.17346e-11,-1.13771e-11,0,0,0,False,nan|2946,1313842
130_bNAb_Combinations|1313842|cc|8|1|nan|2946,0,0,-1.24553e-09,7.98676e-09,0,0,0,0,0,5.29377e-12,-2.09726e-11,0,0,0,False,nan|2946,1313842
130_bNAb_Combinations|1313842|sample|10|nan|2946,0,0,1.99482e-09,-1.62829e-09,0,0,0,0,0,1.2395e-11,5.29812e-11,0,0,0,True,PGT121|2946,1313842
130_bNAb_Combinations|1313842|sample|11|nan|2946,0,0,2.92413e-09,1.35884e-09,0,0,0,0,0,-7.8002e-12,-3.87166e-11,0,0,0,True,VRC07-523LS|2946,1313842
130_bNAb_Combinations|1313842|sample|12|nan|2946,0,0,6.54997e-10,1.42468e-10,0,0,0,0,0,-8.92619e-13,4.81046e-11,0,0,0,True,VRC07-523LS|2946,1313842
130_bNAb_Combinations|1313842|sample|3|nan|2946,0,0,-7.97166e-10,4.86785e-09,0,0,0,0,0,-7.68763e-12,1.74216e-11,0,0,0,True,PGDM1400|2946,1313842
130_bNAb_Combinations|1313842|sample|4|nan|2946,0,0,1.22383e-09,-2.93651e-09,0,0,0,0,0,8.55316e-12,2.00022e-11,0,0,0,True,PGDM1400|2946,1313842
130_bNAb_Combinations|1313842|sample|5|nan|2946,0,0,-8.58269e-11,2.69952e-09,0,0,0,0,0,1.5338e-11,-2.76965e-11,0,0,0,True,PGDM1400|2946,1313842
130_bNAb_Combinations|1313842|sample|6|nan|2946,0,0,2.65488e-09,-3.16421e-09,0,0,0,0,0,1.31393e-11,-5.25255e-11,0,0,0,True,PGDM1400|2946,1313842
130_bNAb_Combinations|1313842|sample|7|nan|2946,0,0,4.19024e-10,-2.95112e-09,0,0,0,0,0,1.95204e-11,2.02935e-11,0,0,0,True,PGT121|2946,1313842
130_bNAb_Combinations|1313842|sample|8|nan|2946,0,0,1.57124e-09,4.73788e-09,0,0,0,0,0,-2.35523e-11,5.05684e-12,0,0,0,True,PGT121|2946,1313842
130_bNAb_Combinations|1313842|sample|9|nan|2946,0,0,-1.86612e-09,-2.80175e-09,0,0,0,0,0,-2.20113e-12,1.32565e-11,0,0,0,True,PGT121|2946,1313842
130_bNAb_Combinations|1313842|vc|1|2|nan|2946,0,0,4.48741e-09,-3.61768e-09,0,0,0,0,0,1.10866e-11,-2.21161e-11,0,0,0,False,nan|2946,1313842
130_bNAb_Combinations|1313842|vc|2|2|nan|2946,0,0,-2.21093e-11,1.50195e-10,0,0,0,0,0,1.61573e-11,4.55147e-12,0,0,0,False,nan|2946,1313842
130_bNAb_Combinations|1313842|vc|3|2|nan|2946,0,0,-1.99266e-09,-5.7232e-10,0,0,0,0,0,1.81493e-11,-2.19096e-11,0,0,0,False,nan|2946,1313842
130_bNAb_Combinations|1313842|vc|4|2|nan|2946,0,0,1.34988e-09,-6.69152e-10,0,0,0,0,0,5.93059e-12,-1.9384e-11,0,0,0,False,nan|2946,1313842
130_bNAb_Combinations|1313842|vc|5|2|nan|2946,0,0,2.28826e-10,1.72074e-09,0,0,0,0,0,2.42011e-11,2.53064e-11,0,0,0,False,nan|2946,1313842
130_bNAb_Combinations|1313842|vc|6|2|nan|2946,0,0,4.37622e-10,-2.58662e-09,0,0,0,0,0,-1.31477e-11,-1.36944e-11,0,0,0,False,nan|2946,1313842
130_bNAb_Combinations|1313842|vc|7|2|nan|2946,0,0,1.57549e-09,1.47553e-09,0,0,0,0,0,-1.18527e-11,-4.07949e-11,0,0,0,False,nan|2946,1313842
130_bNAb_Combinations|1313842|vc|8|2|nan|2946,0,0,2.04401e-09,2.09908e-09,0,0,0,0,0,3.56759e-12,2.9122e-11,0,0,0,False,nan|2946,1313842
130_bNAb_Combinations|1313860|cc|1|1|PVO.4|5024,0,0,5.13803e-10,3.08075e-09,0,0,0,0,0,1.48199e-11,-4.90146e-11,0,0,0,False,nan|PVO.4,1313860
130_bNAb_Combinations|1313860|cc|2|1|PVO.4|5024,0,0,1.49655e-09,-3.31307e-09,0,0,0,0,0,-1.94504e-11,-2.96896e-11,0,0,0,False,nan|PVO.4,1313860
130_bNAb_Combinations|1313860|cc|3|1|PVO.4|5024,0,0,-1.30169e-09,1.53221e-09,0,0,0,0,0,-1.66864e-11,5.54179e-12,0,0,0,False,nan|PVO.4,1313860
130_bNAb_Combinations|1313860|cc|4|1|PVO.4|5024,0,0,-2.92612e-09,-8.58398e-11,0,0,0,0,0,-4.32954e-11,6.29199e-11,0,0,0,False,nan|PVO.4,1313860
130_bNAb_Combinations|1313860|cc|5|1|PVO.4|5024,0,0,4.17965e-10,-1.45783e-09,0,0,0,0,0,1.2423e-11,-5.09681e-12,0,0,0,False,nan|PVO.4,1313860
130_bNAb_Combinations|1313860|cc|6|1|PVO.4|5024,0,0,9.78246e-10,-9.01686e-10,0,0,0,0,0,-7.20934e-12,-2.56262e-11,0,0,0,False,nan|PVO.4,1313860
130_bNAb_Combinations|1313860|cc|7|1|PVO.4|5024,0,0,1.9539e-09,-3.49597e-09,0,0,0,0,0,-1.71518e-11,-5.48774e-11,0,0,0,False,nan|PVO.4,1313860
130_bNAb_Combinations|1313860|cc|8|1|PVO.4|5024,0,0,1.36128e-09,-5.94094e-09,0,0,0,0,0,-1.00937e-11,3.09952e-11,0,0,0,False,nan|PVO.4,1313860
130_bNAb_Combinations|1313860|sample|10|PVO.4|5024,0,0,-9.45926e-10,6.28446e-10,0,0,0,0,0,-1.11648e-11,-4.78004e-11,0,0,0,True,PGT121|PVO.4,1313860
130_bNAb_Combinations|1313860|sample|11|PVO.4|5024,0,0,5.60006e-10,-7.4164e-09,0,0,0,0,0,2.65252e-11,-4.32383e-11,0,0,0,True,VRC07-523LS|PVO.4,1313860
130_bNAb_Combinations|1313860|sample|12|PVO.4|5024,0,0,7.57972e-10,-5.07668e-09,0,0,0,0,0,8.29825e-12,-1.23874e-11,0,0,0,True,VRC07-523LS|PVO.4,1313860
130_bNAb_Combinations|1313860|sample|3|PVO.4|5024,0,0,1.01203e-09,2.19199e-09,0,0,0,0,0,1.24061e-11,7.37632e-12,0,0,0,True,PGDM1400|PVO.4,1313860
130_bNAb_Combinations|1313860|sample|4|PVO.4|5024,0,0,-8.54063e-10,-3.23792e-10,0,0,0,0,0,-1.7192e-11,7.41185e-12,0,0,0,True,PGDM1400|PVO.4,1313860
130_bNAb_Combinations|1313860|sample|5|PVO.4|5024,0,0,1.11816e-09,-1.8634e-09,0,0,0,0,0,1.43081e-11,2.53477e-11,0,0,0,True,PGDM1400|PVO.4,1313860
130_bNAb_Combinations|1313860|sample|6|PVO.4|5024,0,0,-1.2346e-09,-3.07632e-09,0,0,0,0,0,-9.24105e-12,-3.745e-11,0,0,0,True,PGDM1400|PVO.4,1313860
130_bNAb_Combinations|1313860|sample|7|PVO.4|5024,0,0,2.71841e-09,-2.25781e-09,0,0,0,0,0,1.53793e-11,2.10472e-11,0,0,0,True,PGT121|PVO.4,1313860
130_bNAb_Combinations|1313860|sample|8|PVO.4|5024,0,0,-1.7891e-09,-1.09814e-09,0,0,0,0,0,-1.84728e-11,-3.91114e-11,0,0,0,True,PGT121|PVO.4,1313860
130_bNAb_Combinations|1313860|sample|9|PVO.4|5024,0,0,-1.69007e-10,7.40793e-11,0,0,0,0,0,-1.61415e-11,-9.25038e-13,0,0,0,True,PGT121|PVO.4,1313860
130_bNAb_Combinations|1313860|vc|1|2|PVO.4|5024,0,0,1.06619e-09,7.75056e-10,0,0,0,0,0,2.08267e-11,3.24154e-11,0,0,0,False,nan|PVO.4,1313860
130_bNAb_Combinations|1313860|vc|2|2|PVO.4|5024,0,0,1.07333e-09,-2.77848e-09,0,0,0,0,0,-8.84914e-12,-1.79146e-11,0,0,0,False,nan|PVO.4,1313860
130_bNAb_Combinations|1313860|vc|3|2|PVO.4|5024,0,0,9.84118e-10,-5.07412e-09,0,0,0,0,0,9.92983e-12,-1.75562e-11,0,0,0,False,nan|PVO.4,1313860
130_bNAb_Combinations|1313860|vc|4|2|PVO.4|5024,0,0,9.73205e-10,2.77597e-09,0,0,0,0,0,4.05365e-12,2.46581e-11,0,0,0,False,nan|PVO.4,1313860
130_bNAb_Combinations|1313860|vc|5|2|PVO.4|5024,0,0,2.54957e-10,-1.73269e-10,0,0,0,0,0,-1.37215e-11,-1.39747e-10,0,0,0,False,nan|PVO.4,1313860
130_bNAb_Combinations|1313860|vc|6|2|PVO.4|5024,0,0,6.90083e-10,1.57931e-09,0,0,0,0,0,-1.96601e-11,2.7045e-12,0,0,0,False,nan|PVO.4,1313860
130_bNAb_Combinations|1313860|vc|7|2|PVO.4|5024,0,0,-2.16705e-09,1.06967e-09,0,0,0,0,0,-7.58771e-12,2.15024e-11,0,0,0,False,nan|PVO.4,1313860
130_bNAb_Combinations|1313860|vc|8|2|PVO.4|5024,0,0,6.44421e-10,6.7301e-10,0,0,0,0,0,-3.55809e-11,5.78453e-11,0,0,0,False,nan|PVO.4,1313860
130_bNAb_Combinations|1313884|cc|1|1|nan|4168,0,0,3.75153e-09,1.76384e-10,0,0,0,0,0,1.3941e-11,-3.31735e-12,0,0,0,False,nan|4168,1313884
130_bNAb_Combinations|1313884|cc|2|1|nan|4168,0,0,4.9787e-10,-3.59551e-09,0,0,0,0,0,-1.36694e-11,-2.27747e-11,0,0,0,False,nan|4168,1313884
130_bNAb_Combinations|1313884|cc|3|1|nan|4168,0,0,-5.82116e-10,-6.3945e-09,0,0,0,0,0,1.64361e-11,1.98241e-11,0,0,0,False,nan|4168,1313884
130_bNAb_Combinations|1313884|cc|4|1|nan|4168,0,0,2.17999e-10,2.83792e-09,0,0,0,0,0,-1.68906e-11,-5.4996e-12,0,0,0,False,nan|4168,1313884
130_bNAb_Combinations|1313884|cc|5|1|nan|4168,0,0,1.17177e-09,-1.9228e-10,0,0,0,0,0,1.39965e-11,1.90488e-11,0,0,0,False,nan|4168,1313884
130_bNAb_Combinations|1313884|cc|6|1|nan|4168,0,0,2.17134e-09,1.57751e-09,0,0,0,0,0,-6.47515e-12,1.28804e-11,0,0,0,False,nan|4168,1313884
130_bNAb_Combinations|1313884|cc|7|1|nan|4168,0,0,4.54707e-10,-3.67252e-09,0,0,0,0,0,-1.6391e-11,-1.35358e-12,0,0,0,False,nan|4168,1313884
130_bNAb_Combinations|1313884|cc|8|1|nan|4168,0,0,-5.48141e-10,1.08034e-09,0,0,0,0,0,-1.05993e-12,-1.79092e-11,0,0,0,False,nan|4168,1313884
130_bNAb_Combinations|1313884|sample|10|nan|4168,0,0,4.73404e-10,1.37782e-09,0,0,0,0,0,2.66871e-11,5.02931e-13,0,0,0,True,PGT121|4168,1313884
130_bNAb_Combinations|1313884|sample|11|nan|4168,0,0,3.21371e-09,2.30994e-10,0,0,0,0,0,-1.44749e-11,-7.75873e-11,0,0,0,True,VRC07-523LS|4168,1313884
130_bNAb_Combinations|1313884|sample|12|nan|4168,0,0,-1.24675e-09,-1.70956e-09,0,0,0,0,0,-9.70912e-12,1.80926e-11,0,0,0,True,VRC07-523LS|4168,1313884
130_bNAb_Combinations|1313884|sample|3|nan|4168,0,0,5.49343e-10,1.9047e-09,0,0,0,0,0,-1.03575e-11,-6.45173e-12,0,0,0,True,PGDM1400|4168,1313884
130_bNAb_Combinations|1313884|sample|4|nan|4168,0,0,5.70682e-10,6.34164e-10,0,0,0,0,0,-8.25739e-12,1.55129e-11,0,0,0,True,PGDM1400|4168,1313884
130_bNAb_Combinations|1313884|sample|5|nan|4168,0,0,-1.36784e-09,-6.1989e-10,0,0,0,0,0,-2.95275e-12,-2.10347e-11,0,0,0,True,PGDM1400|4168,1313884
130_bNAb_Combinations|1313884|sample|6|nan|4168,0,0,2.29654e-09,1.4583e-09,0,0,0,0,0,4.61897e-12,2.64651e-11,0,0,0,True,PGDM1400|4168,1313884
130_bNAb_Combinations|1313884|sample|7|nan|4168,0,0,-3.38327e-10,-2.21565e-09,0,0,0,0,0,6.5179e-12,1.53476e-11,0,0,0,True,PGT121|4168,1313884
130_bNAb_Combinations|1313884|sample|8|nan|4168,0,0,-7.8312e-10,-1.8285e-09,0,0,0,0,0,1.87761e-11,-6.21836e-13,0,0,0,True,PGT121|4168,1313884
130_bNAb_Combinations|1313884|sample|9|nan|4168,0,0,1.88511e-09,-1.74084e-09,0,0,0,0,0,5.24558e-12,-1.64428e-11,0,0,0,True,PGT121|4168,1313884
130_bNAb_Combinations|1313884|vc|1|2|nan|4168,0,0,2.92797e-09,2.67976e-10,0,0,0,0,0,1.31853e-11,2.14966e-11,0,0,0,False,nan|4168,1313884
130_bNAb_Combinations|1313884|vc|2|2|nan|4168,0,0,-7.16301e-10,2.33569e-09,0,0,0,0,0,-1.6653e-11,-5.1581e-11,0,0,0,False,nan|4168,1313884
130_bNAb_Combinations|1313884|vc|3|2|nan|4168,0,0,-1.21152e-10,-6.95662e-10,0,0,0,0,0,-1.14343e-11,1.35465e-11,0,0,0,False,nan|4168,1313884
130_bNAb_Combinations|1313884|vc|4|2|nan|4168,0,0,-2.81063e-09,1.45833e-09,0,0,0,0,0,6.46039e-13,4.37153e-11,0,0,0,False,nan|4168,1313884
130_bNAb_Combinations|1313884|vc|5|2|nan|4168,0,0,-4.51494e-11,-4.52225e-09,0,0,0,0,0,7.11731e-12,-2.44036e-11,0,0,0,False,nan|4168,1313884
130_bNAb_Combinations|1313884|vc|6|2|nan|4168,0,0,-3.15962e-10,-3.44493e-09,0,0,0,0,0,1.27107e-11,-2.7514e-11,0,0,0,False,nan|4168,1313884
130_bNAb_Combinations|1313884|vc|7|2|nan|4168,0,0,4.91003e-10,2.17188e-09,0,0,0,0,0,8.44225e-12,2.24176e-11,0,0,0,False,nan|4168,1313884
130_bNAb_Combinations|1313884|vc|8|2|nan|4168,0,0,-4.63646e-09,1.04296e-09,0,0,0,0,0,-6.99563e-12,-1.85469e-11,0,0,0,False,nan|4168,1313884
130_bNAb_Combinations|1313920|cc|1|1|nan|1798,0,0,-2.61276e-10,-1.65407e-09,0,0,0,0,0,1.77702e-11,-3.70317e-11,0,0,0,False,nan|1798,1313920
130_bNAb_Combinations|1313920|cc|2|1|nan|1798,0,0,-3.88944e-10,-6.29383e-10,0,0,0,0,0,3.96683e-12,-3.15667e-11,0,0,0,False,nan|1798,1313920
130_bNAb_Combinations|1313920|cc|3|1|nan|1798,0,0,-1.54328e-09,1.01795e-09,0,0,0,0,0,-1.54807e-11,-3.64135e-11,0,0,0,False,nan|1798,1313920
130_bNAb_Combinations|1313920|cc|4|1|nan|1798,0,0,-1.92444e-09,-3.85103e-09,0,0,0,0,0,1.52995e-11,6.46594e-13,0,0,0,False,nan|1798,1313920
130_bNAb_Combinations|1313920|cc|5|1|nan|1798,0,0,2.52735e-09,6.39997e-10,0,0,0,0,0,6.62981e-12,8.28848e-12,0,0,0,False,nan|1798,1313920
130_bNAb_Combinations|1313920|cc|6|1|nan|1798,0,0,-3.38558e-09,9.28301e-10,0,0,0,0,0,-9.87277e-12,1.7141e-11,0,0,0,False,nan|1798,1313920
130_bNAb_Combinations|1313920|cc|7|1|nan|1798,0,0,1.42685e-09,6.06976e-09,0,0,0,0,0,-2.22218e-11,1.42419e-11,0,0,0,False,nan|1798,1313920
130_bNAb_Combinations|1313920|cc|8|1|nan|1798,0,0,7.70096e-10,5.39046e-10,0,0,0,0,0,-7.4547e-12,2.70868e-11,0,0,0,False,nan|1798,1313920
130_bNAb_Combinations|1313920|sample|10|nan|1798,0,0,-6.58314e-10,-7.33438e-10,0,0,0,0,0,5.93525e-12,-3.31948e-11,0,0,0,True,PGT121|1798,1313920
130_bNAb_Combinations|1313920|sample|11|nan|1798,0,0,2.27548e-09,3.65918e-10,0,0,0,0,0,1.20508e-11,1.49507e-11,0,0,0,True,VRC07-523LS|1798,1313920
130_bNAb_Combinations|1313920|sample|12|nan|1798,0,0,-2.91227e-10,-2.52673e-09,0,0,0,0,0,4.37872e-13,-1.78297e-11,0,0,0,True,VRC07-523LS|1798,1313920
130_bNAb_Combinations|1313920|sample|3|nan|1798,0,0,-6.39922e-10,-3.65287e-10,0,0,0,0,0,-1.94169e-11,-1.13105e-11,0,0,0,True,PGDM1400|1798,1313920
130_bNAb_Combinations|1313920|sample|4|nan|1798,0,0,-3.43839e-09,-1.81329e-09,0,0,0,0,0,5.16698e-13,-2.56768e-11,0,0,0,True,PGDM1400|1798,1313920
130_bNAb_Combinations|1313920|sample|5|nan|1798,0,0,-1.64433e-09,-2.43525e-09,0,0,0,0,0,1.74771e-11,2.77001e-11,0,0,0,True,PGDM1400|1798,1313920
130_bNAb_Combinations|1313920|sample|6|nan|1798,0,0,-1.38659e-10,-1.81605e-09,0,0,0,0,0,9.35541e-12,1.74545e-11,0,0,0,True,PGDM1400|1798,1313920
130_bNAb_Combinations|1313920|sample|7|nan|1798,0,0,-8.07694e-10,1.84945e-09,0,0,0,0,0,3.90488e-12,-2.45035e-11,0,0,0,True,PGT121|1798,1313920
130_bNAb_Combinations|1313920|sample|8|nan|1798,0,0,-9.33463e-10,-3.14765e-10,0,0,0,0,0,-1.11227e-11,4.22364e-11,0,0,0,True,PGT121|1798,1313920
130_bNAb_Combinations|1313920|sample|9|nan|1798,0,0,2.73306e-09,-6.67225e-09,0,0,0,0,0,-1.59814e-11,-2.04907e-11,0,0,0,True,PGT121|1798,1313920
130_bNAb_Combinations|1313920|vc|1|2|nan|1798,0,0,-4.01683e-10,3.04639e-09,0,0,0,0,0,1.68907e-11,3.50138e-11,0,0,0,False,nan|1798,1313920
130_bNAb_Combinations|1313920|vc|2|2|nan|1798,0,0,2.05003e-09,4.74275e-09,0,0,0,0,0,-1.64211e-11,2.03402e-11,0,0,0,False,nan|1798,1313920
130_bNAb_Combinations|1313920|vc|3|2|nan|1798,0,0,-2.02159e-09,1.94232e-09,0,0,0,0,0,2.0981e-12,5.95399e-11,0,0,0,False,nan|1798,1313920
130_bNAb_Combinations|1313920|vc|4|2|nan|1798,0,0,-5.34372e-10,2.84111e-09,0,0,0,0,0,-7.25886e-12,-5.86473e-11,0,0,0,False,nan|1798,1313920
130_bNAb_Combinations|1313920|vc|5|2|nan|1798,0,0,9.07484e-10,3.05082e-09,0,0,0,0,0,1.08782e-11,-2.70095e-11,0,0,0,False,nan|1798,1313920
130_bNAb_Combinations|1313920|vc|6|2|nan|1798,0,0,2.69408e-09,-2.00982e-09,0,0,0,0,0,1.86851e-11,-7.1223e-12,0,0,0,False,nan|1798,1313920
130_bNAb_Combinations|1313920|vc|7|2|nan|1798,0,0,1.09922e-11,4.60658e-09,0,0,0,0,0,1.14813e-11,-3.87059e-11,0,0,0,False,nan|1798,1313920
130_bNAb_Combinations|1313920|vc|8|2|nan|1798,0,0,-2.06306e-09,3.6335e-09,0,0,0,0,0,9.55036e-12,-8.74856e-12,0,0,0,False,nan|1798,1313920
130_bNAb_Combinations|1313938|cc|1|1|TRO.11|8301,0,0,7.56468e-10,1.8462e-09,0,0,0,0,0,-9.49818e-12,-3.6156e-11,0,0,0,False,nan|TRO.11,1313938
130_bNAb_Combinations|1313938|cc|2|1|TRO.11|8301,0,0,5.69106e-10,-1.59123e-09,0,0,0,0,0,1.48845e-11,7.78577e-12,0,0,0,False,nan|TRO.11,1313938
130_bNAb_Combinations|1313938|cc|3|1|TRO.11|8301,0,0,1.22613e-09,4.69125e-09,0,0,0,0,0,-1.26152e-11,-9.00657e-12,0,0,0,False,nan|TRO.11,1313938
130_bNAb_Combinations|1313938|cc|4|1|TRO.11|8301,0,0,1.0922e-09,1.11102e-09,0,0,0,0,0,1.20286e-11,1.39786e-11,0,0,0,False,nan|TRO.11,1313938
130_bNAb_Combinations|1313938|cc|5|1|TRO.11|8301,0,0,-1.88948e-09,2.76152e-10,0,0,0,0,0,-2.02949e-12,-2.57336e-11,0,0,0,False,nan|TRO.11,1313938
130_bNAb_Combinations|1313938|cc|6|1|TRO.11|8301,0,0,1.84259e-10,2.41125e-09,0,0,0,0,0,-7.60636e-12,3.63465e-11,0,0,0,False,nan|TRO.11,1313938
130_bNAb_Combinations|1313938|cc|7|1|TRO.11|8301,0,0,2.92036e-10,1.20985e-09,0,0,0,0,0,2.72049e-12,1.77902e-11,0,0,0,False,nan|TRO.11,1313938
130_bNAb_Combinations|1313938|cc|8|1|TRO.11|8301,0,0,-1.02268e-09,-1.40794e-09,0,0,0,0,0,1.54987e-11,-2.05378e-11,0,0,0,False,nan|TRO.11,1313938
130_bNAb_Combinations|1313938|sample|10|TRO.11|8301,0,0,-2.52807e-09,-6.89213e-09,0,0,0,0,0,-1.01539e-11,-2.99605e-11,0,0,0,True,PGT121|TRO.11,1313938
130_bNAb_Combinations|1313938|sample|11|TRO.11|8301,0,0,4.5048e-10,2.59068e-10,0,0,0,0,0,-3.71969e-12,7.26654e-11,0,0,0,True,VRC07-523LS|TRO.11,1313938
130_bNAb_Combinations|1313938|sample|12|TRO.11|8301,0,0,4.57704e-10,-8.94789e-10,0,0,0,0,0,-9.47686e-13,-1.34847e-11,0,0,0,True,VRC07-523LS|TRO.11,1313938
130_bNAb_Combinations|1313938|sample|3|TRO.11|8301,0,0,1.31223e-09,-2.81807e-09,0,0,0,0,0,-1.20424e-11,-1.87894e-12,0,0,0,True,PGDM1400|TRO.11,1313938
130_bNAb_Combinations|1313938|sample|4|TRO.11|8301,0,0,-6.57513e-10,-2.39604e-09,0,0,0,0,0,-1.84457e-11,-2.19735e-12,0,0,0,True,PGDM1400|TRO.11,1313938
130_bNAb_Combinations|1313938|sample|5|TRO.11|8301,0,0,3.94056e-11,1.20409e-09,0,0,0,0,0,-8.16724e-12,9.68114e-13,0,0,0,True,PGDM1400|TRO.11,1313938
130_bNAb_Combinations|1313938|sample|6|TRO.11|8301,0,0,-3.93005e-10,7.141e-10,0,0,0,0,0,-5.27178e-12,3.76867e-11,0,0,0,True,PGDM1400|TRO.11,1313938
130_bNAb_Combinations|1313938|sample|7|TRO.11|8301,0,0,1.25031e-09,3.69256e-09,0,0,0,0,0,-1.56894e-11,-1.87064e-11,0,0,0,True,PGT121|TRO.11,1313938
130_bNAb_Combinations|1313938|sample|8|TRO.11|8301,0,0,1.01209e-10,-1.35988e-09,0,0,0,0,0,-1.00484e-11,-3.43592e-12,0,0,0,True,PGT121|TRO.11,1313938
130_bNAb_Combinations|1313938|sample|9|TRO.11|8301,0,0,6.3761e-10,-3.0602e-09,0,0,0,0,0,-9.6243e-12,-7.19824e-12,0,0,0,True,PGT121|TRO.11,1313938
130_bNAb_Combinations|1313938|vc|1|2|TRO.11|8301,0,0,-2.84592e-10,1.89702e-09,0,0,0,0,0,2.80638e-11,2.45182e-12,0,0,0,False,nan|TRO.11,1313938
130_bNAb_Combinations|1313938|vc|2|2|TRO.11|8301,0,0,8.59947e-10,-1.50425e-09,0,0,0,0,0,3.46745e-12,2.73106e-11,0,0,0,False,nan|TRO.11,1313938
130_bNAb_Combinations|1313938|vc|3|2|TRO.11|8301,0,0,2.27214e-09,-1.61383e-09,0,0,0,0,0,2.03126e-12,-3.06617e-11,0,0,0,False,nan|TRO.11,1313938
130_bNAb_Combinations|1313938|vc|4|2|TRO.11|8301,0,0,-2.9279e-10,3.14567e-09,0,0,0,0,0,1.14802e-11,1.1979e-10,0,0,0,False,nan|TRO.11,1313938
130_bNAb_Combinations|1313938|vc|5|2|TRO.11|8301,0,0,1.10849e-09,2.15927e-09,0,0,0,0,0,2.07763e-11,-3.20712e-11,0,0,0,False,nan|TRO.11,1313938
130_bNAb_Combinations|1313938|vc|6|2|TRO.11|8301,0,0,-1.2989e-09,8.31457e-09,0,0,0,0,0,4.49951e-12,-2.51057e-11,0,0,0,False,nan|TRO.11,1313938
130_bNAb_Combinations|1313938|vc|7|2|TRO.11|8301,0,0,-9.75694e-10,4.64563e-09,0,0,0,0,0,-2.0802e-11,-2.71405e-11,0,0,0,False,nan|TRO.11,1313938
130_bNAb_Combinations|1313938|vc|8|2|TRO.11|8301,0,0,-2.29674e-10,2.50481e-09,0,0,0,0,0,-1.46549e-11,-1.45453e-11,0,0,0,False,nan|TRO.11,1313938
130_bNAb_Combinations|1313956|cc|1|1|Ce1176_A3|7023,0,0,-5.03716e-10,-4.10234e-09,0,0,0,0,0,1.61412e-11,-2.59359e-11,0,0,0,False,nan|Ce1176_A3,1313956
130_bNAb_Combinations|1313956|cc|2|1|Ce1176_A3|7023,0,0,-1.9929e-10,5.96279e-09,0,0,0,0,0,1.69048e-12,-2.62419e-11,0,0,0,False,nan|Ce1176_A3,1313956
130_bNAb_Combinations|1313956|cc|3|1|Ce1176_A3|7023,0,0,-4.10976e-10,8.75245e-10,0,0,0,0,0,3.51003e-12,3.94105e-11,0,0,0,False,nan|Ce1176_A3,1313956
130_bNAb_Combinations|1313956|cc|4|1|Ce1176_A3|7023,0,0,1.90987e-09,8.7013e-10,0,0,0,0,0,-1.71831e-11,-3.28437e-11,0,0,0,False,nan|Ce1176_A3,1313956
130_bNAb_Combinations|1313956|cc|5|1|Ce1176_A3|7023,0,0,5.04705e-10,-3.69467e-10,0,0,0,0,0,-7.89985e-12,2.38927e-11,0,0,0,False,nan|Ce1176_A3,1313956
130_bNAb_Combinations|1313956|cc|6|1|Ce1176_A3|7023,0,0,-2.41418e-09,-1.04383e-09,0,0,0,0,0,-4.14235e-12,-3.9222e-11,0,0,0,False,nan|Ce1176_A3,1313956
130_bNAb_Combinations|1313956|cc|7|1|Ce1176_A3|7023,0,0,4.87641e-10,-4.41254e-09,0,0,0,0,0,-1.2072e-11,-1.00167e-11,0,0,0,False,nan|Ce1176_A3,1313956
130_bNAb_Combinations|1313956|cc|8|1|Ce1176_A3|7023,0,0,-1.16303e-09,-4.67138e-09,0,0,0,0,0,1.16234e-11,6.38156e-13,0,0,0,False,nan|Ce1176_A3,1313956
130_bNAb_Combinations|1313956|sample|10|Ce1176_A3|7023,0,0,9.80191e-10,-4.41261e-09,0,0,0,0,0,1.20748e-11,-1.61258e-11,0,0,0,True,PGT121|Ce1176_A3,1313956
130_bNAb_Combinations|1313956|sample|11|Ce1176_A3|7023,0,0,4.17814e-10,-2.09388e-09,0,0,0,0,0,9.33476e-12,2.51814e-11,0,0,0,True,VRC07-523LS|Ce1176_A3,1313956
130_bNAb_Combinations|1313956|sample|12|Ce1176_A3|7023,0,0,-6.23244e-10,2.36539e-09,0,0,0,0,0,-6.1684e-13,2.87379e-11,0,0,0,True,VRC07-523LS|Ce1176_A3,1313956
130_bNAb_Combinations|1313956|sample|3|Ce1176_A3|7023,0,0,2.38494e-10,-6.63217e-09,0,0,0,0,0,-2.03624e-11,-4.61995e-11,0,0,0,True,PGDM1400|Ce1176_A3,1313956
130_bNAb_Combinations|1313956|sample|4|Ce1176_A3|7023,0,0,2.65048e-09,-5.73176e-09,0,0,0,0,0,-2.27485e-12,-3.62146e-11,0,0,0,True,PGDM1400|Ce1176_A3,1313956
130_bNAb_Combinations|1313956|sample|5|Ce1176_A3|7023,0,0,-1.73352e-09,-5.69347e-09,0,0,0,0,0,5.41944e-12,-7.08198e-11,0,0,0,True,PGDM1400|Ce1176_A3,1313956
130_bNAb_Combinations|1313956|sample|6|Ce1176_A3|7023,0,0,1.0821e-09,2.74838e-09,0,0,0,0,0,7.98694e-12,-1.16174e-12,0,0,0,True,PGDM1400|Ce1176_A3,1313956
130_bNAb_Combinations|1313956|sample|7|Ce1176_A3|7023,0,0,-2.78831e-11,2.27082e-11,0,0,0,0,0,1.37446e-11,2.63922e-12,0,0,0,True,PGT121|Ce1176_A3,1313956
130_bNAb_Combinations|1313956|sample|8|Ce1176_A3|7023,0,0,9.74812e-10,-5.38428e-09,0,0,0,0,0,-1.23013e-11,-5.50986e-11,0,0,0,True,PGT121|Ce1176_A3,1313956
130_bNAb_Combinations|1313956|sample|9|Ce1176_A3|7023,0,0,1.74355e-09,1.54084e-09,0,0,0,0,0,9.55236e-12,-2.77902e-11,0,0,0,True,PGT121|Ce1176_A3,1313956
130_bNAb_Combinations|1313956|vc|1|2|Ce1176_A3|7023,0,0,-1.21491e-09,3.71545e-09,0,0,0,0,0,7.98939e-12,-1.10703e-11,0,0,0,False,nan|Ce1176_A3,1313956
130_bNAb_Combinations|1313956|vc|2|2|Ce1176_A3|7023,0,0,1.38081e-09,-4.50998e-09,0,0,0,0,0,8.72985e-12,-2.52671e-11,0,0,0,False,nan|Ce1176_A3,1313956
130_bNAb_Combinations|1313956|vc|3|2|Ce1176_A3|7023,0,0,-1.84258e-09,-2.50296e-09,0,0,0,0,0,-1.42826e-11,1.25921e-12,0,0,0,False,nan|Ce1176_A3,1313956
130_bNAb_Combinations|1313956|vc|4|2|Ce1176_A3|7023,0,0,-7.50859e-11,-3.6589e-10,0,0,0,0,0,-6.1825e-12,2.97178e-11,0,0,0,False,nan|Ce1176_A3,1313956
130_bNAb_Combinations|1313956|vc|5|2|Ce1176_A3|7023,0,0,2.03784e-09,8.60277e-10,0,0,0,0,0,-8.60134e-12,-6.52394e-11,0,0,0,False,nan|Ce1176_A3,1313956
130_bNAb_Combinations|1313956|vc|6|2|Ce1176_A3|7023,0,0,-2.69298e-09,-9.49963e-10,0,0,0,0,0,-2.25955e-11,3.27491e-11,0,0,0,False,nan|Ce1176_A3,1313956
130_bNAb_Combinations|1313956|vc|7|2|Ce1176_A3|7023,0,0,2.62521e-09,-1.86995e-09,0,0,0,0,0,1.49216e-11,3.22105e-11,0,0,0,False,nan|Ce1176_A3,1313956
130_bNAb_Combinations|1313956|vc|8|2|Ce1176_A3|7023,0,0,2.00121e-09,1.23298e-10,0,0,0,0,0,2.61056e-11,6.89648e-12,0,0,0,False,nan|Ce1176_A3,1313956
130_bNAb_Combinations|1313974|cc|1|1|nan|1176,0,0,1.77301e-09,2.17937e-09,0,0,0,0,0,1.17774e-11,-3.79625e-11,0,0,0,False,nan|1176,1313974
130_bNAb_Combinations|1313974|cc|2|1|nan|1176,0,0,3.45916e-09,3.37821e-09,0,0,0,0,0,-2.04946e-11,-6.48637e-12,0,0,0,False,nan|1176,1313974
130_bNAb_Combinations|1313974|cc|3|1|nan|1176,0,0,3.7087e-09,-1.30749e-09,0,0,0,0,0,-1.97179e-11,5.40989e-12,0,0,0,False,nan|1176,1313974
130_bNAb_Combinations|1313974|cc|4|1|nan|1176,0,0,2.05094e-09,3.00201e-10,0,0,0,0,0,3.29426e-11,5.70921e-12,0,0,0,False,nan|1176,1313974
130_bNAb_Combinations|1313974|cc|5|1|nan|1176,0,0,-2.83342e-09,-6.45936e-09,0,0,0,0,0,1.32927e-11,2.45155e-11,0,0,0,False,nan|1176,1313974
130_bNAb_Combinations|1313974|cc|6|1|nan|1176,0,0,9.14991e-10,-5.58854e-10,0,0,0,0,0,1.48683e-11,1.07452e-11,0,0,0,False,nan|1176,1313974
130_bNAb_Combinations|1313974|cc|7|1|nan|1176,0,0,-3.87027e-09,3.44959e-10,0,0,0,0,0,3.49654e-12,3.28626e-11,0,0,0,False,nan|1176,1313974
130_bNAb_Combinations|1313974|cc|8|1|nan|1176,0,0,-8.8918e-10,-1.01844e-09,0,0,0,0,0,7.8727e-12,1.85914e-11,0,0,0,False,nan|1176,1313974
130_bNAb_Combinations|1313974|sample|10|nan|1176,0,0,-5.49168e-10,4.85065e-10,0,0,0,0,0,1.87277e-11,-4.80505e-13,0,0,0,True,PGT121|1176,1313974
130_bNAb_Combinations|1313974|sample|11|nan|1176,0,0,-2.73775e-10,2.58718e-09,0,0,0,0,0,8.11218e-12,1.83911e-11,0,0,0,True,VRC07-523LS|1176,1313974
130_bNAb_Combinations|1313974|sample|12|nan|1176,0,0,-3.38241e-10,-5.07669e-09,0,0,0,0,0,-1.52136e-11,-2.56732e-11,0,0,0,True,VRC07-523LS|1176,1313974
130_bNAb_Combinations|1313974|sample|3|nan|1176,0,0,2.59402e-09,-7.87258e-09,0,0,0,0,0,-6.81388e-12,3.36828e-11,0,0,0,True,PGDM1400|1176,1313974
130_bNAb_Combinations|1313974|sample|4|nan|1176,0,0,-2.36969e-09,2.08577e-09,0,0,0,0,0,-1.17539e-11,1.80005e-11,0,0,0,True,PGDM1400|1176,1313974
130_bNAb_Combinations|1313974|sample|5|nan|1176,0,0,-7.39733e-10,-7.95323e-10,0,0,0,0,0,3.89861e-11,-1.66556e-11,0,0,0,True,PGDM1400|1176,1313974
130_bNAb_Combinations|1313974|sample|6|nan|1176,0,0,2.97667e-09,3.47019e-09,0,0,0,0,0,-1.2419e-11,1.42941e-11,0,0,0,True,PGDM1400|1176,1313974
130_bNAb_Combinations|1313974|sample|7|nan|1176,0,0,-9.57613e-10,-7.78041e-10,0,0,0,0,0,7.30527e-13,2.79066e-11,0,0,0,True,PGT121|1176,1313974
130_bNAb_Combinations|1313974|sample|8|nan|1176,0,0,-3.4299e-10,1.38637e-09,0,0,0,0,0,3.09544e-11,5.12599e-11,0,0,0,True,PGT121|1176,1313974
130_bNAb_Combinations|1313974|sample|9|nan|1176,0,0,-1.32501e-09,1.5687e-09,0,0,0,0,0,6.19993e-12,-1.61684e-11,0,0,0,True,PGT121|1176,1313974
130_bNAb_Combinations|1313974|vc|1|2|nan|1176,0,0,-7.62659e-10,7.55848e-10,0,0,0,0,0,1.91391e-12,-4.55236e-11,0,0,0,False,nan|1176,1313974
130_bNAb_Combinations|1313974|vc|2|2|nan|1176,0,0,7.37659e-10,4.64542e-09,0,0,0,0,0,2.16461e-11,1.97131e-11,0,0,0,False,nan|1176,1313974
130_bNAb_Combinations|1313974|vc|3|2|nan|1176,0,0,-5.52367e-10,5.30501e-09,0,0,0,0,0,5.93547e-12,1.87219e-11,0,0,0,False,nan|1176,1313974
130_bNAb_Combinations|1313974|vc|4|2|nan|1176,0,0,3.47022e-10,1.76555e-09,0,0,0,0,0,-3.99847e-12,1.33138e-11,0,0,0,False,nan|1176,1313974
130_bNAb_Combinations|1313974|vc|5|2|nan|1176,0,0,-1.48563e-09,2.39126e-09,0,0,0,0,0,1.24923e-11,2.02789e-11,0,0,0,False,nan|1176,1313974
130_bNAb_Combinations|1313974|vc|6|2|nan|1176,0,0,-3.22937e-09,7.79788e-10,0,0,0,0,0,-2.61902e-12,-3.23528e-11,0,0,0,False,nan|1176,1313974
130_bNAb_Combinations|1313974|vc|7|2|nan|1176,0,0,-2.90907e-09,-1.30203e-09,0,0,0,0,0,-1.49912e-11,5.4694e-12,0,0,0,False,nan|1176,1313974
130_bNAb_Combinations|1313974|vc|8|2|nan|1176,0,0,-1.6967e-09,-4.01455e-10,0,0,0,0,0,5.82756e-12,7.1001e-12,0,0,0,False,nan|1176,1313974
130_bNAb_Combinations|1313992|cc|1|1|RHPA4259.7|5371,0,0,-1.68779e-09,2.50355e-10,0,0,0,0,0,5.49245e-11,-2.9476e-11,0,0,0,False,nan|RHPA4259.7,1313992
130_bNAb_Combinations|1313992|cc|2|1|RHPA4259.7|5371,0,0,1.91202e-10,-2.20016e-09,0,0,0,0,0,-6.9571e-12,-4.94813e-11,0,0,0,False,nan|RHPA4259.7,1313992
130_bNAb_Combinations|1313992|cc|3|1|RHPA4259.7|5371,0,0,4.82543e-10,-2.52464e-09,0,0,0,0,0,1.41516e-11,-6.60805e-13,0,0,0,False,nan|RHPA4259.7,1313992
130_bNAb_Combinations|1313992|cc|4|1|RHPA4259.7|5371,0,0,2.35794e-09,3.29237e-09,0,0,0,0,0,1.59726e-11,-1.00453e-12,0,0,0,False,nan|RHPA4259.7,1313992
130_bNAb_Combinations|1313992|cc|5|1|RHPA4259.7|5371,0,0,2.65812e-09,-1.65262e-09,0,0,0,0,0,-8.32956e-12,-2.76135e-12,0,0,0,False,nan|RHPA4259.7,1313992
130_bNAb_Combinations|1313992|cc|6|1|RHPA4259.7|5371,0,0,2.7499e-11,3.08786e-09,0,0,0,0,0,-8.30536e-12,3.51772e-11,0,0,0,False,nan|RHPA4259.7,1313992
130_bNAb_Combinations|1313992|cc|7|1|RHPA4259.7|5371,0,0,1.71359e-09,1.88732e-09,0,0,0,0,0,8.23475e-12,-2.34746e-11,0,0,0,False,nan|RHPA4259.7,1313992
130_bNAb_Combinations|1313992|cc|8|1|RHPA4259.7|5371,0,0,1.55616e-10,-7.16603e-10,0,0,0,0,0,1.67513e-11,-4.3209e-11,0,0,0,False,nan|RHPA4259.7,1313992
130_bNAb_Combinations|1313992|sample|10|RHPA4259.7|5371,0,0,-8.99068e-10,-5.06996e-09,0,0,0,0,0,1.21045e-11,9.42801e-12,0,0,0,True,PGT121|RHPA4259.7,1313992
130_bNAb_Combinations|1313992|sample|11|RHPA4259.7|5371,0,0,2.16329e-09,-2.35724e-09,0,0,0,0,0,1.33369e-11,7.07834e-12,0,0,0,True,VRC07-523LS|RHPA4259.7,1313992
130_bNAb_Combinations|1313992|sample|12|RHPA4259.7|5371,0,0,2.30489e-10,1.47254e-09,0,0,0,0,0,-1.81144e-12,-2.13554e-11,0,0,0,True,VRC07-523LS|RHPA4259.7,1313992
130_bNAb_Combinations|1313992|sample|3|RHPA4259.7|5371,0,0,2.55213e-09,-2.57114e-09,0,0,0,0,0,-9.73399e-12,-2.91784e-11,0,0,0,True,PGDM1400|RHPA4259.7,1313992
130_bNAb_Combinations|1313992|sample|4|RHPA4259.7|5371,0,0,-2.289e-09,-1.88406e-09,0,0,0,0,0,1.01292e-11,-3.697e-11,0,0,0,True,PGDM1400|RHPA4259.7,1313992
130_bNAb_Combinations|1313992|sample|5|RHPA4259.7|5371,0,0,-1.95144e-09,-9.5157e-10,0,0,0,0,0,-9.54015e-12,3.9595e-12,0,0,0,True,PGDM1400|RHPA4259.7,1313992
130_bNAb_Combinations|1313992|sample|6|RHPA4259.7|5371,0,0,-1.20133e-10,7.74793e-10,0,0,0,0,0,-4.04698e-12,-2.36953e-11,0,0,0,True,PGDM1400|RHPA4259.7,1313992
130_bNAb_Combinations|1313992|sample|7|RHPA4259.7|5371,0,0,3.27707e-09,7.25106e-10,0,0,0,0,0,1.11391e-11,-2.09752e-11,0,0,0,True,PGT121|RHPA4259.7,1313992
130_bNAb_Combinations|1313992|sample|8|RHPA4259.7|5371,0,0,1.32138e-10,1.05192e-09,0,0,0,0,0,4.5679e-12,-1.4257e-11,0,0,0,True,PGT121|RHPA4259.7,1313992
130_bNAb_Combinations|1313992|sample|9|RHPA4259.7|5371,0,0,1.73907e-09,3.26904e-09,0,0,0,0,0,7.54552e-12,-2.71445e-11,0,0,0,True,PGT121|RHPA4259.7,1313992
130_bNAb_Combinations|1313992|vc|1|2|RHPA4259.7|5371,0,0,2.12324e-09,-2.60949e-09,0,0,0,0,0,-8.8618e-12,-1.3606e-11,0,0,0,False,nan|RHPA4259.7,1313992
130_bNAb_Combinations|1313992|vc|2|2|RHPA4259.7|5371,0,0,-2.25549e-10,-1.83538e-09,0,0,0,0,0,2.20539e-11,3.32898e-11,0,0,0,False,nan|RHPA4259.7,1313992
130_bNAb_Combinations|1313992|vc|3|2|RHPA4259.7|5371,0,0,6.01654e-10,3.05315e-09,0,0,0,0,0,-4.45199e-12,3.67537e-11,0,0,0,False,nan|RHPA4259.7,1313992
130_bNAb_Combinations|1313992|vc|4|2|RHPA4259.7|5371,0,0,-1.3306e-09,5.16376e-10,0,0,0,0,0,-2.29134e-11,4.11351e-11,0,0,0,False,nan|RHPA4259.7,1313992
130_bNAb_Combinations|1313992|vc|5|2|RHPA4259.7|5371,0,0,5.13563e-10,-8.39881e-10,0,0,0,0,0,4.50839e-12,2.51399e-11,0,0,0,False,nan|RHPA4259.7,1313992
130_bNAb_Combinations|1313992|vc|6|2|RHPA4259.7|5371,0,0,-9.36759e-10,-1.4433e-09,0,0,0,0,0,2.09117e-11,2.64455e-11,0,0,0,False,nan|RHPA4259.7,1313992
130_bNAb_Combinations|1313992|vc|7|2|RHPA4259.7|5371,0,0,-3.23854e-09,-8.09629e-09,0,0,0,0,0,-1.41209e-11,-4.91163e-13,0,0,0,False,nan|RHPA4259.7,1313992
130_bNAb_Combinations|1313992|vc|8|2|RHPA4259.7|5371,0,0,2.30039e-09,1.48471e-09,0,0,0,0,0,9.47331e-12,3.97939e-11,0,0,0,False,nan|RHPA4259.7,1313992
130_bNAb_Combinations|1314016|cc|1|1|nan|3430,0,0,-6.06631e-10,3.14607e-09,0,0,0,0,0,1.19693e-11,1.6469e-11,0,0,0,False,nan|3430,1314016
130_bNAb_Combinations|1314016|cc|2|1|nan|3430,0,0,3.50264e-12,-2.0338e-09,0,0,0,0,0,-2.19351e-11,-2.24154e-11,0,0,0,False,nan|3430,1314016
130_bNAb_Combinations|1314016|cc|3|1|nan|3430,0,0,1.78233e-09,4.38165e-10,0,0,0,0,0,-1.54521e-12,3.49671e-11,0,0,0,False,nan|3430,1314016
130_bNAb_Combinations|1314016|cc|4|1|nan|3430,0,0,1.71261e-09,2.95112e-09,0,0,0,0,0,-2.48046e-12,-5.51439e-11,0,0,0,False,nan|3430,1314016
130_bNAb_Combinations|1314016|cc|5|1|nan|3430,0,0,5.79572e-10,2.22485e-09,0,0,0,0,0,1.4561e-11,1.63363e-11,0,0,0,False,nan|3430,1314016
130_bNAb_Combinations|1314016|cc|6|1|nan|3430,0,0,-1.30545e-09,1.9194e-09,0,0,0,0,0,2.85023e-11,1.53211e-13,0,0,0,False,nan|3430,1314016
130_bNAb_Combinations|1314016|cc|7|1|nan|3430,0,0,3.20938e-09,-1.09295e-09,0,0,0,0,0,-1.37217e-11,-4.65272e-12,0,0,0,False,nan|3430,1314016
130_bNAb_Combinations|1314016|cc|8|1|nan|3430,0,0,1.53298e-09,4.58788e-10,0,0,0,0,0,-6.24301e-12,-3.8427e-12,0,0,0,False,nan|3430,1314016
130_bNAb_Combinations|1314016|sample|10|nan|3430,0,0,-2.06864e-10,-4.46369e-09,0,0,0,0,0,1.39435e-11,-2.59714e-11,0,0,0,True,PGT121|3430,1314016
130_bNAb_Combinations|1314016|sample|11|nan|3430,0,0,6.77731e-10,-8.28239e-09,0,0,0,0,0,4.2335e-12,-3.29523e-11,0,0,0,True,VRC07-523LS|3430,1314016
130_bNAb_Combinations|1314016|sample|12|nan|3430,0,0,-7.00142e-10,1.7173e-09,0,0,0,0,0,1.88334e-11,1.57887e-11,0,0,0,True,VRC07-523LS|3430,1314016
130_bNAb_Combinations|1314016|sample|3|nan|3430,0,0,-2.74185e-09,-2.29044e-09,0,0,0,0,0,-2.15383e-12,-2.5878e-11,0,0,0,True,PGDM1400|3430,1314016
130_bNAb_Combinations|1314016|sample|4|nan|3430,0,0,9.69612e-10,-1.51682e-09,0,0,0,0,0,-1.20403e-11,5.52758e-12,0,0,0,True,PGDM1400|3430,1314016
130_bNAb_Combinations|1314016|sample|5|nan|3430,0,0,8.92113e-10,2.64361e-09,0,0,0,0,0,-1.28064e-11,5.96945e-12,0,0,0,True,PGDM1400|3430,1314016
130_bNAb_Combinations|1314016|sample|6|nan|3430,0,0,-3.15555e-09,-2.65791e-10,0,0,0,0,0,-4.47198e-12,-1.12719e-11,0,0,0,True,PGDM1400|3430,1314016
130_bNAb_Combinations|1314016|sample|7|nan|3430,0,0,-4.91415e-10,-2.09255e-09,0,0,0,0,0,1.665e-11,-1.83715e-11,0,0,0,True,PGT121|3430,1314016
130_bNAb_Combinations|1314016|sample|8|nan|3430,0,0,-1.57381e-09,-9.62831e-10,0,0,0,0,0,8.4992e-12,1.60056e-11,0,0,0,True,PGT121|3430,1314016
130_bNAb_Combinations|1314016|sample|9|nan|3430,0,0,1.96207e-09,6.83255e-09,0,0,0,0,0,5.50227e-13,-3.98526e-11,0,0,0,True,PGT121|3430,1314016
130_bNAb_Combinations|1314016|vc|1|2|nan|3430,0,0,1.48118e-09,1.718e-10,0,0,0,0,0,-1.73455e-11,4.04952e-11,0,0,0,False,nan|3430,1314016
130_bNAb_Combinations|1314016|vc|2|2|nan|3430,0,0,-1.53712e-09,-3.3669e-09,0,0,0,0,0,7.56661e-12,-3.91585e-11,0,0,0,False,nan|3430,1314016
130_bNAb_Combinations|1314016|vc|3|2|nan|3430,0,0,1.3599e-09,-3.78784e-10,0,0,0,0,0,7.85105e-12,-2.79798e-11,0,0,0,False,nan|3430,1314016
130_bNAb_Combinations|1314016|vc|4|2|nan|3430,0,0,1.56555e-09,-1.74277e-09,0,0,0,0,0,-1.20397e-11,3.09632e-11,0,0,0,False,nan|3430,1314016
130_bNAb_Combinations|1314016|vc|5|2|nan|3430,0,0,-2.00297e-09,2.43729e-09,0,0,0,0,0,-1.00804e-11,2.35389e-11,0,0,0,False,nan|3430,1314016
130_bNAb_Combinations|1314016|vc|6|2|nan|3430,0,0,-5.07176e-10,5.14035e-09,0,0,0,0,0,-1.24221e-11,-4.55058e-12,0,0,0,False,nan|3430,1314016
130_bNAb_Combinations|1314016|vc|7|2|nan|3430,0,0,-1.11977e-09,7.66899e-09,0,0,0,0,0,-2.05482e-11,3.95701e-11,0,0,0,False,nan|3430,1314016
130_bNAb_Combinations|1314016|vc|8|2|nan|3430,0,0,-3.02162e-09,1.94305e-10,0,0,0,0,0,-1.31641e-11,-1.98503e-11,0,0,0,False,nan|3430,1314016
130_bNAb_Combinations|1314040|cc|1|1|nan|4166,0,0,1.15586e-09,5.75516e-10,0,0,0,0,0,1.62537e-12,-2.60707e-11,0,0,0,False,nan|4166,1314040
130_bNAb_Combinations|1314040|cc|2|1|nan|4166,0,0,9.86132e-10,2.51605e-09,0,0,0,0,0,5.60973e-12,-5.85976e-11,0,0,0,False,nan|4166,1314040
130_bNAb_Combinations|1314040|cc|3|1|nan|4166,0,0,-1.92416e-09,-2.2127e-09,0,0,0,0,0,-1.11475e-11,-2.34035e-11,0,0,0,False,nan|4166,1314040
130_bNAb_Combinations|1314040|cc|4|1|nan|4166,0,0,-3.12336e-09,2.43777e-09,0,0,0,0,0,-2.2049e-11,-2.02416e-11,0,0,0,False,nan|4166,1314040
130_bNAb_Combinations|1314040|cc|5|1|nan|4166,0,0,-1.34738e-09,-3.44866e-09,0,0,0,0,0,4.3106e-11,5.28049e-11,0,0,0,False,nan|4166,1314040
130_bNAb_Combinations|1314040|cc|6|1|nan|4166,0,0,3.1253e-09,-2.09846e-11,0,0,0,0,0,-7.44871e-12,2.67946e-11,0,0,0,False,nan|4166,1314040
130_bNAb_Combinations|1314040|cc|7|1|nan|4166,0,0,1.91366e-09,4.37004e-09,0,0,0,0,0,-8.45102e-12,2.2589e-11,0,0,0,False,nan|4166,1314040
130_bNAb_Combinations|1314040|cc|8|1|nan|4166,0,0,1.49229e-10,4.50139e-09,0,0,0,0,0,-8.64464e-12,5.01608e-11,0,0,0,False,nan|4166,1314040
130_bNAb_Combinations|1314040|sample|10|nan|4166,0,0,2.9558e-10,-1.40623e-09,0,0,0,0,0,-2.48179e-11,3.79727e-11,0,0,0,True,PGT121|4166,1314040
130_bNAb_Combinations|1314040|sample|11|nan|4166,0,0,-1.40509e-09,-1.4786e-09,0,0,0,0,0,-7.51177e-13,-5.13576e-11,0,0,0,True,VRC07-523LS|4166,1314040
130_bNAb_Combinations|1314040|sample|12|nan|4166,0,0,-5.70824e-10,5.22821e-09,0,0,0,0,0,-8.25207e-12,-6.68621e-12,0,0,0,True,VRC07-523LS|4166,1314040
130_bNAb_Combinations|1314040|sample|3|nan|4166,0,0,-9.81335e-10,4.44343e-09,0,0,0,0,0,-2.39808e-12,3.57347e-11,0,0,0,True,PGDM1400|4166,1314040
130_bNAb_Combinations|1314040|sample|4|nan|4166,0,0,1.17817e-09,2.94852e-10,0,0,0,0,0,-2.0276e-11,-2.10021e-11,0,0,0,True,PGDM1400|4166,1314040
130_bNAb_Combinations|1314040|sample|5|nan|4166,0,0,2.05221e-10,-1.97831e-09,0,0,0,0,0,6.29097e-12,2.50373e-11,0,0,0,True,PGDM1400|4166,1314040
130_bNAb_Combinations|1314040|sample|6|nan|4166,0,0,5.10381e-10,-1.32729e-09,0,0,0,0,0,-5.5782e-12,-3.81193e-11,0,0,0,True,PGDM1400|4166,1314040
130_bNAb_Combinations|1314040|sample|7|nan|4166,0,0,2.21724e-09,-6.34494e-10,0,0,0,0,0,2.14553e-11,-3.10403e-11,0,0,0,True,PGT121|4166,1314040
130_bNAb_Combinations|1314040|sample|8|nan|4166,0,0,-9.79986e-11,4.24696e-09,0,0,0,0,0,-7.79732e-12,2.54984e-11,0,0,0,True,PGT121|4166,1314040
130_bNAb_Combinations|1314040|sample|9|nan|4166,0,0,5.18359e-10,8.39953e-10,0,0,0,0,0,-1.19793e-12,-4.45293e-11,0,0,0,True,PGT121|4166,1314040
130_bNAb_Combinations|1314040|vc|1|2|nan|4166,0,0,1.61334e-09,-1.38098e-09,0,0,0,0,0,8.66418e-12,-8.0469e-13,0,0,0,False,nan|4166,1314040
130_bNAb_Combinations|1314040|vc|2|2|nan|4166,0,0,2.24037e-09,1.04174e-09,0,0,0,0,0,7.55396e-12,9.46887e-12,0,0,0,False,nan|4166,1314040
130_bNAb_Combinations|1314040|vc|3|2|nan|4166,0,0,-2.41895e-09,-2.21967e-09,0,0,0,0,0,-4.59188e-13,-1.10969e-11,0,0,0,False,nan|4166,1314040
130_bNAb_Combinations|1314040|vc|4|2|nan|4166,0,0,1.53415e-09,-1.41049e-09,0,0,0,0,0,2.06732e-11,2.58069e-11,0,0,0,False,nan|4166,1314040
130_bNAb_Combinations|1314040|vc|5|2|nan|4166,0,0,-3.36294e-09,2.21455e-09,0,0,0,0,0,3.67533e-11,-1.9492e-11,0,0,0,False,nan|4166,1314040
130_bNAb_Combinations|1314040|vc|6|2|nan|4166,0,0,-6.65502e-11,-4.79769e-09,0,0,0,0,0,-1.34941e-11,-3.54898e-11,0,0,0,False,nan|4166,1314040
130_bNAb_Combinations|1314040|vc|7|2|nan|4166,0,0,-3.13047e-10,5.66384e-09,0,0,0,0,0,5.47562e-12,1.10667e-11,0,0,0,False,nan|4166,1314040
130_bNAb_Combinations|1314040|vc|8|2|nan|4166,0,0,3.33661e-09,-5.09938e-10,0,0,0,0,0,-1.58096e-12,-3.79288e-11,0,0,0,False,nan|4166,1314040
130_bNAb_Combinations|1314058|cc|1|1|nan|2944,0,0,2.86317e-09,2.64233e-09,0,0,0,0,0,3.64375e-12,-2.17311e-11,0,0,0,False,nan|2944,1314058
130_bNAb_Combinations|1314058|cc|2|1|nan|2944,0,0,1.64312e-09,-8.87847e-10,0,0,0,0,0,-2.46869e-12,-3.62474e-11,0,0,0,False,nan|2944,1314058
130_bNAb_Combinations|1314058|cc|3|1|nan|2944,0,0,8.76608e-10,-2.79655e-10,0,0,0,0,0,-2.24736e-11,-1.41931e-12,0,0,0,False,nan|2944,1314058
130_bNAb_Combinations|1314058|cc|4|1|nan|2944,0,0,-1.64084e-09,1.13197e-09,0,0,0,0,0,2.49809e-11,1.10356e-12,0,0,0,False,nan|2944,1314058
130_bNAb_Combinations|1314058|cc|5|1|nan|2944,0,0,2.89101e-10,1.43598e-10,0,0,0,0,0,-4.50751e-14,-3.67271e-11,0,0,0,False,nan|2944,1314058
130_bNAb_Combinations|1314058|cc|6|1|nan|2944,0,0,-1.06647e-09,-1.42146e-09,0,0,0,0,0,-1.1203e-11,-3.17106e-11,0,0,0,False,nan|2944,1314058
130_bNAb_Combinations|1314058|cc|7|1|nan|2944,0,0,-6.23044e-10,2.81423e-09,0,0,0,0,0,1.67399e-11,2.90346e-12,0,0,0,False,nan|2944,1314058
130_bNAb_Combinations|1314058|cc|8|1|nan|2944,0,0,1.853e-10,1.36583e-09,0,0,0,0,0,2.60967e-11,4.08829e-12,0,0,0,False,nan|2944,1314058
130_bNAb_Combinations|1314058|sample|10|nan|2944,0,0,-2.05416e-09,4.61821e-09,0,0,0,0,0,3.12665e-11,-3.3179e-11,0,0,0,True,PGT121|2944,1314058
130_bNAb_Combinations|1314058|sample|11|nan|2944,0,0,2.71783e-09,-4.99839e-09,0,0,0,0,0,7.68274e-14,5.4583e-11,0,0,0,True,VRC07-523LS|2944,1314058
130_bNAb_Combinations|1314058|sample|12|nan|2944,0,0,-1.20671e-09,-1.96865e-09,0,0,0,0,0,2.14644e-11,-4.85834e-13,0,0,0,True,VRC07-523LS|2944,1314058
130_bNAb_Combinations|1314058|sample|3|nan|2944,0,0,8.48627e-10,-5.42966e-09,0,0,0,0,0,-4.34797e-12,-3.86451e-11,0,0,0,True,PGDM1400|2944,1314058
130_bNAb_Combinations|1314058|sample|4|nan|2944,0,0,9.29471e-11,3.10278e-09,0,0,0,0,0,-1.22913e-11,-1.8805e-11,0,0,0,True,PGDM1400|2944,1314058
130_bNAb_Combinations|1314058|sample|5|nan|2944,0,0,-1.47842e-09,5.31702e-09,0,0,0,0,0,-9.53637e-12,-3.48623e-11,0,0,0,True,PGDM1400|2944,1314058
130_bNAb_Combinations|1314058|sample|6|nan|2944,0,0,2.70602e-11,-3.12995e-09,0,0,0,0,0,-3.76521e-12,-3.28231e-11,0,0,0,True,PGDM1400|2944,1314058
130_bNAb_Combinations|1314058|sample|7|nan|2944,0,0,7.35039e-10,9.71984e-09,0,0,0,0,0,-3.18101e-12,-3.64937e-11,0,0,0,True,PGT121|2944,1314058
130_bNAb_Combinations|1314058|sample|8|nan|2944,0,0,1.05564e-09,-3.55361e-09,0,0,0,0,0,-1.61533e-11,-1.24372e-11,0,0,0,True,PGT121|2944,1314058
130_bNAb_Combinations|1314058|sample|9|nan|2944,0,0,1.26597e-09,6.99753e-10,0,0,0,0,0,1.4559e-11,-1.21145e-11,0,0,0,True,PGT121|2944,1314058
130_bNAb_Combinations|1314058|vc|1|2|nan|2944,0,0,-7.01076e-10,4.07281e-10,0,0,0,0,0,2.1978e-12,4.36051e-11,0,0,0,False,nan|2944,1314058
130_bNAb_Combinations|1314058|vc|2|2|nan|2944,0,0,1.28682e-09,1.68159e-09,0,0,0,0,0,-7.78577e-12,-2.91065e-11,0,0,0,False,nan|2944,1314058
130_bNAb_Combinations|1314058|vc|3|2|nan|2944,0,0,-2.08167e-09,4.54189e-10,0,0,0,0,0,9.08029e-12,5.71987e-12,0,0,0,False,nan|2944,1314058
130_bNAb_Combinations|1314058|vc|4|2|nan|2944,0,0,1.93087e-10,-1.11333e-09,0,0,0,0,0,-1.31823e-11,4.20277e-11,0,0,0,False,nan|2944,1314058
130_bNAb_Combinations|1314058|vc|5|2|nan|2944,0,0,5.37301e-10,-2.33137e-09,0,0,0,0,0,-1.48876e-11,-1.65032e-11,0,0,0,False,nan|2944,1314058
130_bNAb_Combinations|1314058|vc|6|2|nan|2944,0,0,-2.93817e-10,-2.65064e-09,0,0,0,0,0,6.54121e-12,-2.06244e-11,0,0,0,False,nan|2944,1314058
130_bNAb_Combinations|1314058|vc|7|2|nan|2944,0,0,2.04593e-10,-2.8769e-09,0,0,0,0,0,9.38538e-12,1.34026e-11,0,0,0,False,nan|2944,1314058
130_bNAb_Combinations|1314058|vc|8|2|nan|2944,0,0,-2.00539e-09,3.2169e-09,0,0,0,0,0,-1.31444e-11,-4.56346e-12,0,0,0,False,nan|2944,1314058
130_bNAb_Combinations|1342240|cc|1|1|nan|1798,0,0,-2.02946e-10,-7.44907e-09,0,0,0,0,0,8.64797e-12,-4.1612e-11,0,0,0,False,nan|1798,1342240
130_bNAb_Combinations|1342240|cc|2|1|nan|1798,0,0,-1.29786e-09,-2.05559e-09,0,0,0,0,0,8.86646e-12,-2.79723e-11,0,0,0,False,nan|1798,1342240
130_bNAb_Combinations|1342240|cc|3|1|nan|1798,0,0,-3.21288e-09,5.21427e-10,0,0,0,0,0,-1.62763e-11,-3.09814e-11,0,0,0,False,nan|1798,1342240
130_bNAb_Combinations|1342240|cc|4|1|nan|1798,0,0,-9.76115e-10,3.19792e-09,0,0,0,0,0,1.29965e-11,1.70726e-11,0,0,0,False,nan|1798,1342240
130_bNAb_Combinations|1342240|cc|5|1|nan|1798,0,0,4.4224e-10,1.37022e-09,0,0,0,0,0,-1.2591e-11,-2.89013e-12,0,0,0,False,nan|1798,1342240
130_bNAb_Combinations|1342240|cc|6|1|nan|1798,0,0,-4.93146e-10,4.68419e-09,0,0,0,0,0,1.51323e-12,-2.60929e-11,0,0,0,False,nan|1798,1342240
130_bNAb_Combinations|1342240|cc|7|1|nan|1798,0,0,2.83204e-09,1.13408e-10,0,0,0,0,0,-6.81188e-12,2.77023e-11,0,0,0,False,nan|1798,1342240
130_bNAb_Combinations|1342240|cc|8|1|nan|1798,0,0,5.50701e-10,1.21276e-09,0,0,0,0,0,-1.0365e-11,-5.07061e-12,0,0,0,False,nan|1798,1342240
130_bNAb_Combinations|1342240|sample|3|nan|1798,0,0,1.98367e-09,4.10445e-09,0,0,0,0,0,-1.33498e-11,-1.46192e-11,0,0,0,True,VRC07-523LS|1798,1342240
130_bNAb_Combinations|1342240|sample|4|nan|1798,0,0,-4.32108e-10,1.98231e-09,0,0,0,0,0,-6.79545e-12,4.9071e-11,0,0,0,True,VRC07-523LS|1798,1342240
130_bNAb_Combinations|1342240|sample|8|nan|1798,0,0,4.76734e-10,6.9159e-09,0,0,0,0,0,-2.71774e-11,1.19376e-11,0,0,0,True,VRC07-523LS|1798,1342240
130_bNAb_Combinations|1342240|vc|1|2|nan|1798,0,0,3.10384e-10,1.32108e-09,0,0,0,0,0,1.01485e-11,9.43778e-12,0,0,0,False,nan|1798,1342240
130_bNAb_Combinations|1342240|vc|2|2|nan|1798,0,0,-1.25059e-09,-4.23251e-09,0,0,0,0,0,6.6005e-12,-2.85052e-11,0,0,0,False,nan|1798,1342240
130_bNAb_Combinations|1342240|vc|3|2|nan|1798,0,0,1.37793e-10,1.25882e-09,0,0,0,0,0,-5.32507e-12,-3.29941e-11,0,0,0,False,nan|1798,1342240
130_bNAb_Combinations|1342240|vc|4|2|nan|1798,0,0,4.9034e-11,2.12782e-09,0,0,0,0,0,8.44125e-12,-1.79323e-11,0,0,0,False,nan|1798,1342240
130_bNAb_Combinations|1342240|vc|5|2|nan|1798,0,0,-1.80206e-09,3.47782e-09,0,0,0,0,0,-2.14655e-11,3.69482e-13,0,0,0,False,nan|1798,1342240
130_bNAb_Combinations|1342240|vc|6|2|nan|1798,0,0,-2.25275e-10,-3.06671e-09,0,0,0,0,0,8.05334e-12,3.94413e-11,0,0,0,False,nan|1798,1342240
130_bNAb_Combinations|1342240|vc|7|2|nan|1798,0,0,5.07968e-10,6.04877e-09,0,0,0,0,0,-5.11702e-12,-1.4543e-11,0,0,0,False,nan|1798,1342240
130_bNAb_Combinations|1342240|vc|8|2|nan|1798,0,0,-7.09439e-11,-3.1961e-10,0,0,0,0,0,1.77895e-11,-4.67697e-11,0,0,0,False,nan|1798,1342240
130_bNAb_Combinations|1342258|cc|1|1|TRO.11|8301,0,0,-1.01913e-09,-3.16671e-11,0,0,0,0,0,1.95848e-11,3.54574e-11,0,0,0,False,nan|TRO.11,1342258
130_bNAb_Combinations|1342258|cc|2|1|TRO.11|8301,0,0,-1.29786e-09,-6.25969e-09,0,0,0,0,0,7.84617e-12,-4.65321e-11,0,0,0,False,nan|TRO.11,1342258
130_bNAb_Combinations|1342258|cc|3|1|TRO.11|8301,0,0,2.69358e-09,6.78379e-09,0,0,0,0,0,1.31717e-12,3.04987e-11,0,0,0,False,nan|TRO.11,1342258
130_bNAb_Combinations|1342258|cc|4|1|TRO.11|8301,0,0,-1.06546e-09,6.35123e-10,0,0,0,0,0,1.78701e-12,-2.57541e-11,0,0,0,False,nan|TRO.11,1342258
130_bNAb_Combinations|1342258|cc|5|1|TRO.11|8301,0,0,-5.46861e-10,-4.39613e-10,0,0,0,0,0,-2.09988e-11,-2.66009e-11,0,0,0,False,nan|TRO.11,1342258
130_bNAb_Combinations|1342258|cc|6|1|TRO.11|8301,0,0,-4.32879e-11,7.50956e-09,0,0,0,0,0,8.81872e-12,1.55183e-11,0,0,0,False,nan|TRO.11,1342258
130_bNAb_Combinations|1342258|cc|7|1|TRO.11|8301,0,0,-8.3579e-10,1.21777e-09,0,0,0,0,0,-7.27818e-12,-9.07496e-12,0,0,0,False,nan|TRO.11,1342258
130_bNAb_Combinations|1342258|cc|8|1|TRO.11|8301,0,0,-6.06215e-10,-1.76389e-09,0,0,0,0,0,-2.15339e-11,-2.1438e-11,0,0,0,False,nan|TRO.11,1342258
130_bNAb_Combinations|1342258|sample|3|TRO.11|8301,0,0,5.67757e-11,-4.24062e-10,0,0,0,0,0,-8.83782e-12,2.3536e-11,0,0,0,True,VRC07-523LS|TRO.11,1342258
130_bNAb_Combinations|1342258|sample|4|TRO.11|8301,0,0,-3.47821e-09,6.45658e-10,0,0,0,0,0,-2.07923e-12,5.68459e-11,0,0,0,True,VRC07-523LS|TRO.11,1342258
130_bNAb_Combinations|1342258|vc|1|2|TRO.11|8301,0,0,2.96998e-09,-1.51208e-09,0,0,0,0,0,-6.79901e-12,-4.6255e-11,0,0,0,False,nan|TRO.11,1342258
130_bNAb_Combinations|1342258|vc|2|2|TRO.11|8301,0,0,-5.62777e-10,7.15536e-10,0,0,0,0,0,-3.33866e-12,5.0504e-11,0,0,0,False,nan|TRO.11,1342258
130_bNAb_Combinations|1342258|vc|3|2|TRO.11|8301,0,0,-1.60631e-11,-2.3983e-10,0,0,0,0,0,1.36731e-11,6.38867e-12,0,0,0,False,nan|TRO.11,1342258
130_bNAb_Combinations|1342258|vc|4|2|TRO.11|8301,0,0,-1.4651e-09,2.5216e-09,0,0,0,0,0,6.65379e-12,1.62323e-11,0,0,0,False,nan|TRO.11,1342258
130_bNAb_Combinations|1342258|vc|5|2|TRO.11|8301,0,0,-1.43674e-09,-1.98935e-09,0,0,0,0,0,1.32405e-11,1.70575e-12,0,0,0,False,nan|TRO.11,1342258
130_bNAb_Combinations|1342258|vc|6|2|TRO.11|8301,0,0,-6.81355e-10,1.35229e-10,0,0,0,0,0,-7.21201e-13,3.30131e-11,0,0,0,False,nan|TRO.11,1342258
130_bNAb_Combinations|1342258|vc|7|2|TRO.11|8301,0,0,-2.51805e-09,7.6205e-09,0,0,0,0,0,-7.8737e-12,3.02141e-11,0,0,0,False,nan|TRO.11,1342258
130_bNAb_Combinations|1342258|vc|8|2|TRO.11|8301,0,0,4.76438e-10,3.4316e-09,0,0,0,0,0,1.34928e-11,2.45759e-11,0,0,0,False,nan|TRO.11,1342258
130_bNAb_Combinations|1342276|cc|1|1|Ce1176_A3|7023,0,0,-3.17468e-10,-1.41202e-09,0,0,0,0,0,1.28242e-11,-1.62261e-11,0,0,0,False,nan|Ce1176_A3,1342276
130_bNAb_Combinations|1342276|cc|2|1|Ce1176_A3|7023,0,0,7.59145e-10,2.19583e-09,0,0,0,0,0,-3.12461e-12,2.50016e-11,0,0,0,False,nan|Ce1176_A3,1342276
130_bNAb_Combinations|1342276|cc|3|1|Ce1176_A3|7023,0,0,-2.24689e-10,-2.16402e-09,0,0,0,0,0,1.25664e-11,-1.19915e-11,0,0,0,False,nan|Ce1176_A3,1342276
130_bNAb_Combinations|1342276|cc|4|1|Ce1176_A3|7023,0,0,-2.79954e-10,-2.05317e-09,0,0,0,0,0,8.71991e-12,-2.8942e-11,0,0,0,False,nan|Ce1176_A3,1342276
130_bNAb_Combinations|1342276|cc|5|1|Ce1176_A3|7023,0,0,-1.30518e-10,1.50646e-09,0,0,0,0,0,-1.45661e-11,4.28924e-12,0,0,0,False,nan|Ce1176_A3,1342276
130_bNAb_Combinations|1342276|cc|6|1|Ce1176_A3|7023,0,0,1.0373e-09,-6.78908e-11,0,0,0,0,0,6.95355e-12,-5.72256e-11,0,0,0,False,nan|Ce1176_A3,1342276
130_bNAb_Combinations|1342276|cc|7|1|Ce1176_A3|7023,0,0,3.71341e-10,-4.48415e-09,0,0,0,0,0,-1.78475e-11,-1.53786e-11,0,0,0,False,nan|Ce1176_A3,1342276
130_bNAb_Combinations|1342276|cc|8|1|Ce1176_A3|7023,0,0,7.3735e-10,5.93967e-09,0,0,0,0,0,-5.14144e-12,-4.06366e-11,0,0,0,False,nan|Ce1176_A3,1342276
130_bNAb_Combinations|1342276|sample|3|Ce1176_A3|7023,0,0,9.0745e-10,-1.93541e-09,0,0,0,0,0,7.54685e-12,-8.24341e-12,0,0,0,True,VRC07-523LS|Ce1176_A3,1342276
130_bNAb_Combinations|1342276|sample|4|Ce1176_A3|7023,0,0,-5.68356e-10,5.27772e-09,0,0,0,0,0,-9.36717e-12,-3.55984e-11,0,0,0,True,VRC07-523LS|Ce1176_A3,1342276
130_bNAb_Combinations|1342276|vc|1|2|Ce1176_A3|7023,0,0,5.21098e-10,-4.30049e-09,0,0,0,0,0,-9.42818e-12,1.67366e-11,0,0,0,False,nan|Ce1176_A3,1342276
130_bNAb_Combinations|1342276|vc|2|2|Ce1176_A3|7023,0,0,1.91493e-09,1.37924e-09,0,0,0,0,0,-1.02823e-11,1.16931e-11,0,0,0,False,nan|Ce1176_A3,1342276
130_bNAb_Combinations|1342276|vc|3|2|Ce1176_A3|7023,0,0,-4.05528e-10,1.43577e-09,0,0,0,0,0,-5.65681e-12,-3.26019e-11,0,0,0,False,nan|Ce1176_A3,1342276
130_bNAb_Combinations|1342276|vc|4|2|Ce1176_A3|7023,0,0,4.61559e-10,-2.56723e-10,0,0,0,0,0,1.4656e-11,9.63141e-12,0,0,0,False,nan|Ce1176_A3,1342276
130_bNAb_Combinations|1342276|vc|5|2|Ce1176_A3|7023,0,0,-1.36426e-09,3.21094e-09,0,0,0,0,0,1.97509e-13,-4.02955e-11,0,0,0,False,nan|Ce1176_A3,1342276
130_bNAb_Combinations|1342276|vc|6|2|Ce1176_A3|7023,0,0,1.13152e-09,9.85837e-10,0,0,0,0,0,-1.34436e-11,-1.27238e-11,0,0,0,False,nan|Ce1176_A3,1342276
130_bNAb_Combinations|1342276|vc|7|2|Ce1176_A3|7023,0,0,4.13453e-10,-4.03018e-10,0,0,0,0,0,6.5471e-12,-5.05054e-11,0,0,0,False,nan|Ce1176_A3,1342276
130_bNAb_Combinations|1342276|vc|8|2|Ce1176_A3|7023,0,0,-1.9382e-09,-5.11827e-09,0,0,0,0,0,-1.10123e-11,3.39928e-12,0,0,0,False,nan|Ce1176_A3,1342276
130_bNAb_Combinations|1342294|cc|1|1|nan|1176,0,0,1.4566e-09,-2.89347e-09,0,0,0,0,0,7.51943e-12,-3.48201e-11,0,0,0,False,nan|1176,1342294
130_bNAb_Combinations|1342294|cc|2|1|nan|1176,0,0,1.75359e-09,1.43842e-09,0,0,0,0,0,9.95215e-12,-2.2232e-11,0,0,0,False,nan|1176,1342294
130_bNAb_Combinations|1342294|cc|3|1|nan|1176,0,0,-1.53182e-09,1.30524e-09,0,0,0,0,0,-6.85063e-12,-2.62617e-11,0,0,0,False,nan|1176,1342294
130_bNAb_Combinations|1342294|cc|4|1|nan|1176,0,0,1.15287e-09,-1.18384e-09,0,0,0,0,0,-6.19194e-12,-1.94191e-11,0,0,0,False,nan|1176,1342294
130_bNAb_Combinations|1342294|cc|5|1|nan|1176,0,0,1.45647e-10,1.81405e-09,0,0,0,0,0,1.51451e-11,-1.96891e-11,0,0,0,False,nan|1176,1342294
130_bNAb_Combinations|1342294|cc|6|1|nan|1176,0,0,2.38717e-09,-7.84878e-10,0,0,0,0,0,4.91207e-12,-6.19069e-11,0,0,0,False,nan|1176,1342294
130_bNAb_Combinations|1342294|cc|7|1|nan|1176,0,0,1.2208e-09,-2.75769e-09,0,0,0,0,0,2.30044e-11,5.22125e-11,0,0,0,False,nan|1176,1342294
130_bNAb_Combinations|1342294|cc|8|1|nan|1176,0,0,-1.08617e-09,2.45185e-10,0,0,0,0,0,-7.21834e-12,-2.39471e-11,0,0,0,False,nan|1176,1342294
130_bNAb_Combinations|1342294|sample|3|nan|1176,0,0,3.99821e-10,-2.49307e-09,0,0,0,0,0,3.41349e-12,-2.27811e-11,0,0,0,True,VRC07-523LS|1176,1342294
130_bNAb_Combinations|1342294|sample|4|nan|1176,0,0,6.2441e-11,-4.31989e-10,0,0,0,0,0,1.73062e-12,2.39444e-11,0,0,0,True,VRC07-523LS|1176,1342294
130_bNAb_Combinations|1342294|sample|8|nan|1176,0,0,1.66807e-09,2.99552e-09,0,0,0,0,0,2.05937e-11,1.37261e-11,0,0,0,True,VRC07-523LS|1176,1342294
130_bNAb_Combinations|1342294|vc|1|2|nan|1176,0,0,1.27705e-09,-3.39105e-09,0,0,0,0,0,7.38576e-12,-3.01448e-11,0,0,0,False,nan|1176,1342294
130_bNAb_Combinations|1342294|vc|2|2|nan|1176,0,0,-6.01183e-10,1.99203e-09,0,0,0,0,0,1.26861e-11,-1.98774e-11,0,0,0,False,nan|1176,1342294
130_bNAb_Combinations|1342294|vc|3|2|nan|1176,0,0,2.74166e-09,-9.23039e-10,0,0,0,0,0,8.04923e-12,2.55298e-11,0,0,0,False,nan|1176,1342294
130_bNAb_Combinations|1342294|vc|4|2|nan|1176,0,0,-8.84622e-10,-4.07852e-10,0,0,0,0,0,6.78246e-12,-3.68301e-11,0,0,0,False,nan|1176,1342294
130_bNAb_Combinations|1342294|vc|5|2|nan|1176,0,0,2.36258e-09,-1.53397e-09,0,0,0,0,0,-1.08844e-11,-2.6116e-11,0,0,0,False,nan|1176,1342294
130_bNAb_Combinations|1342294|vc|6|2|nan|1176,0,0,1.9558e-11,3.1144e-09,0,0,0,0,0,-3.01744e-11,-3.33804e-11,0,0,0,False,nan|1176,1342294
130_bNAb_Combinations|1342294|vc|7|2|nan|1176,0,0,-1.02196e-09,8.96568e-10,0,0,0,0,0,-1.41994e-11,1.40572e-11,0,0,0,False,nan|1176,1342294
130_bNAb_Combinations|1342294|vc|8|2|nan|1176,0,0,-3.44909e-09,1.18879e-09,0,0,0,0,0,-1.80799e-11,-9.20064e-12,0,0,0,False,nan|1176,1342294
130_bNAb_Combinations|1342312|cc|1|1|RHPA4259.7|5371,0,0,4.23122e-10,2.24901e-09,0,0,0,0,0,6.48193e-12,-3.44373e-11,0,0,0,False,nan|RHPA4259.7,1342312
130_bNAb_Combinations|1342312|cc|2|1|RHPA4259.7|5371,0,0,-1.03951e-09,-2.40186e-09,0,0,0,0,0,-8.74323e-12,-3.39906e-11,0,0,0,False,nan|RHPA4259.7,1342312
130_bNAb_Combinations|1342312|cc|3|1|RHPA4259.7|5371,0,0,2.02557e-09,-2.88878e-10,0,0,0,0,0,1.65594e-11,-5.40101e-12,0,0,0,False,nan|RHPA4259.7,1342312
130_bNAb_Combinations|1342312|cc|4|1|RHPA4259.7|5371,0,0,-5.88983e-10,-2.1515e-09,0,0,0,0,0,-1.92331e-11,6.86473e-12,0,0,0,False,nan|RHPA4259.7,1342312
130_bNAb_Combinations|1342312|cc|5|1|RHPA4259.7|5371,0,0,3.19324e-10,-4.04949e-09,0,0,0,0,0,-1.79872e-11,-5.10463e-11,0,0,0,False,nan|RHPA4259.7,1342312
130_bNAb_Combinations|1342312|cc|6|1|RHPA4259.7|5371,0,0,-1.14156e-10,1.39526e-10,0,0,0,0,0,3.91642e-12,3.82325e-11,0,0,0,False,nan|RHPA4259.7,1342312
130_bNAb_Combinations|1342312|cc|7|1|RHPA4259.7|5371,0,0,-1.06195e-09,1.26109e-09,0,0,0,0,0,-1.70799e-11,4.37783e-12,0,0,0,False,nan|RHPA4259.7,1342312
130_bNAb_Combinations|1342312|cc|8|1|RHPA4259.7|5371,0,0,-3.92377e-09,-3.40724e-10,0,0,0,0,0,-1.23466e-11,-1.98712e-11,0,0,0,False,nan|RHPA4259.7,1342312
130_bNAb_Combinations|1342312|sample|3|RHPA4259.7|5371,0,0,-1.42276e-09,-2.59036e-09,0,0,0,0,0,-6.84697e-12,-4.67244e-11,0,0,0,True,VRC07-523LS|RHPA4259.7,1342312
130_bNAb_Combinations|1342312|sample|4|RHPA4259.7|5371,0,0,1.42954e-09,2.50378e-09,0,0,0,0,0,4.89941e-12,-3.52469e-11,0,0,0,True,VRC07-523LS|RHPA4259.7,1342312
130_bNAb_Combinations|1342312|vc|1|2|RHPA4259.7|5371,0,0,3.12734e-10,-3.02374e-09,0,0,0,0,0,-1.39191e-11,2.43858e-11,0,0,0,False,nan|RHPA4259.7,1342312
130_bNAb_Combinations|1342312|vc|2|2|RHPA4259.7|5371,0,0,-1.99085e-09,2.62319e-09,0,0,0,0,0,-1.19802e-11,1.73701e-11,0,0,0,False,nan|RHPA4259.7,1342312
130_bNAb_Combinations|1342312|vc|3|2|RHPA4259.7|5371,0,0,1.05433e-09,1.12122e-09,0,0,0,0,0,-1.02185e-12,-2.27205e-11,0,0,0,False,nan|RHPA4259.7,1342312
130_bNAb_Combinations|1342312|vc|4|2|RHPA4259.7|5371,0,0,-6.5599e-10,9.67047e-10,0,0,0,0,0,1.56324e-11,1.91642e-11,0,0,0,False,nan|RHPA4259.7,1342312
130_bNAb_Combinations|1342312|vc|5|2|RHPA4259.7|5371,0,0,5.16688e-11,-5.19309e-09,0,0,0,0,0,1.29619e-11,3.33431e-11,0,0,0,False,nan|RHPA4259.7,1342312
130_bNAb_Combinations|1342312|vc|6|2|RHPA4259.7|5371,0,0,1.64423e-09,-1.11739e-10,0,0,0,0,0,-2.99316e-12,2.12115e-11,0,0,0,False,nan|RHPA4259.7,1342312
130_bNAb_Combinations|1342312|vc|7|2|RHPA4259.7|5371,0,0,5.45471e-10,-4.63098e-10,0,0,0,0,0,1.34659e-11,-2.22755e-11,0,0,0,False,nan|RHPA4259.7,1342312
130_bNAb_Combinations|1342312|vc|8|2|RHPA4259.7|5371,0,0,-9.79995e-10,-3.92003e-09,0,0,0,0,0,-3.74456e-12,-3.7125e-11,0,0,0,False,nan|RHPA4259.7,1342312
130_bNAb_Combinations|1342336|cc|1|1|nan|3430,0,0,-3.15035e-09,2.94101e-09,0,0,0,0,0,2.29778e-11,3.30229e-11,0,0,0,False,nan|3430,1342336
130_bNAb_Combinations|1342336|cc|2|1|nan|3430,0,0,1.25248e-09,-1.73285e-09,0,0,0,0,0,-2.39098e-12,-2.44662e-11,0,0,0,False,nan|3430,1342336
130_bNAb_Combinations|1342336|cc|3|1|nan|3430,0,0,1.2156e-10,-3.74441e-09,0,0,0,0,0,-9.5064e-12,-2.27747e-11,0,0,0,False,nan|3430,1342336
130_bNAb_Combinations|1342336|cc|4|1|nan|3430,0,0,5.97077e-10,-5.30844e-09,0,0,0,0,0,-1.86073e-12,1.62403e-11,0,0,0,False,nan|3430,1342336
130_bNAb_Combinations|1342336|cc|5|1|nan|3430,0,0,4.41487e-10,3.28938e-09,0,0,0,0,0,1.08067e-11,-5.00466e-11,0,0,0,False,nan|3430,1342336
130_bNAb_Combinations|1342336|cc|6|1|nan|3430,0,0,3.6433e-09,-2.81372e-09,0,0,0,0,0,1.27984e-11,-4.24993e-11,0,0,0,False,nan|3430,1342336
130_bNAb_Combinations|1342336|cc|7|1|nan|3430,0,0,6.47829e-10,2.95964e-09,0,0,0,0,0,-1.75797e-11,2.80709e-12,0,0,0,False,nan|3430,1342336
130_bNAb_Combinations|1342336|cc|8|1|nan|3430,0,0,1.54087e-09,9.17255e-10,0,0,0,0,0,2.62457e-13,3.50302e-11,0,0,0,False,nan|3430,1342336
130_bNAb_Combinations|1342336|sample|3|nan|3430,0,0,-1.50067e-09,-1.91601e-09,0,0,0,0,0,9.75264e-12,3.9738e-11,0,0,0,True,VRC07-523LS|3430,1342336
130_bNAb_Combinations|1342336|sample|4|nan|3430,0,0,1.74433e-09,3.87141e-09,0,0,0,0,0,1.5099e-13,-4.30012e-11,0,0,0,True,VRC07-523LS|3430,1342336
130_bNAb_Combinations|1342336|sample|5|nan|3430,0,0,4.0401e-10,2.83615e-09,0,0,0,0,0,-6.3678e-12,2.22022e-11,0,0,0,True,VRC07-523LS|3430,1342336
130_bNAb_Combinations|1342336|vc|1|2|nan|3430,0,0,6.58724e-10,1.32592e-09,0,0,0,0,0,-1.54365e-11,3.94755e-11,0,0,0,False,nan|3430,1342336
130_bNAb_Combinations|1342336|vc|2|2|nan|3430,0,0,2.54868e-09,3.57082e-09,0,0,0,0,0,1.1104e-11,-5.11471e-11,0,0,0,False,nan|3430,1342336
130_bNAb_Combinations|1342336|vc|3|2|nan|3430,0,0,1.37663e-09,-2.5821e-09,0,0,0,0,0,-1.75484e-11,-2.11835e-11,0,0,0,False,nan|3430,1342336
130_bNAb_Combinations|1342336|vc|4|2|nan|3430,0,0,4.30147e-09,3.27114e-09,0,0,0,0,0,-8.92819e-12,-1.48535e-11,0,0,0,False,nan|3430,1342336
130_bNAb_Combinations|1342336|vc|5|2|nan|3430,0,0,-2.26428e-09,3.11819e-09,0,0,0,0,0,-3.056e-12,-3.43738e-11,0,0,0,False,nan|3430,1342336
130_bNAb_Combinations|1342336|vc|6|2|nan|3430,0,0,9.74389e-10,-1.24484e-09,0,0,0,0,0,1.2762e-11,2.54725e-11,0,0,0,False,nan|3430,1342336
130_bNAb_Combinations|1342336|vc|7|2|nan|3430,0,0,2.78773e-09,1.73012e-09,0,0,0,0,0,1.01985e-12,3.81624e-11,0,0,0,False,nan|3430,1342336
130_bNAb_Combinations|1342336|vc|8|2|nan|3430,0,0,-2.2324e-09,-2.60934e-09,0,0,0,0,0,-5.31526e-11,2.47291e-11,0,0,0,False,nan|3430,1342336
130_bNAb_Combinations|1342348|cc|1|1|nan|4166,0,0,-8.44597e-10,-4.61681e-11,0,0,0,0,0,8.25295e-12,4.03624e-11,0,0,0,False,nan|4166,1342348
130_bNAb_Combinations|1342348|cc|2|1|nan|4166,0,0,4.70406e-10,2.04955e-09,0,0,0,0,0,2.12959e-11,9.23812e-11,0,0,0,False,nan|4166,1342348
130_bNAb_Combinations|1342348|cc|3|1|nan|4166,0,0,5.31895e-10,3.79988e-09,0,0,0,0,0,-4.97513e-12,2.96119e-11,0,0,0,False,nan|4166,1342348
130_bNAb_Combinations|1342348|cc|4|1|nan|4166,0,0,1.4335e-09,-1.13426e-09,0,0,0,0,0,1.03864e-11,-5.53957e-12,0,0,0,False,nan|4166,1342348
130_bNAb_Combinations|1342348|cc|5|1|nan|4166,0,0,-3.63695e-10,1.47241e-09,0,0,0,0,0,-6.6529e-12,3.78826e-11,0,0,0,False,nan|4166,1342348
130_bNAb_Combinations|1342348|cc|6|1|nan|4166,0,0,6.25989e-10,2.9036e-09,0,0,0,0,0,-5.35572e-13,-4.54943e-11,0,0,0,False,nan|4166,1342348
130_bNAb_Combinations|1342348|cc|7|1|nan|4166,0,0,1.00657e-09,4.17768e-09,0,0,0,0,0,2.54756e-11,1.94582e-11,0,0,0,False,nan|4166,1342348
130_bNAb_Combinations|1342348|cc|8|1|nan|4166,0,0,7.92551e-10,4.50348e-10,0,0,0,0,0,3.34532e-12,-3.50626e-11,0,0,0,False,nan|4166,1342348
130_bNAb_Combinations|1342348|sample|3|nan|4166,0,0,-8.13074e-10,-2.16699e-09,0,0,0,0,0,1.51126e-11,5.92673e-11,0,0,0,True,VRC07-523LS|4166,1342348
130_bNAb_Combinations|1342348|sample|4|nan|4166,0,0,-1.92006e-09,-6.83393e-09,0,0,0,0,0,1.64642e-11,6.70486e-12,0,0,0,True,VRC07-523LS|4166,1342348
130_bNAb_Combinations|1342348|vc|1|2|nan|4166,0,0,-3.01976e-10,-1.67988e-09,0,0,0,0,0,8.77121e-12,1.13527e-11,0,0,0,False,nan|4166,1342348
130_bNAb_Combinations|1342348|vc|2|2|nan|4166,0,0,-6.03399e-10,-2.89681e-10,0,0,0,0,0,-6.92069e-12,-1.70743e-11,0,0,0,False,nan|4166,1342348
130_bNAb_Combinations|1342348|vc|3|2|nan|4166,0,0,9.56772e-10,1.43704e-09,0,0,0,0,0,7.50333e-12,-3.26015e-11,0,0,0,False,nan|4166,1342348
130_bNAb_Combinations|1342348|vc|4|2|nan|4166,0,0,-1.14327e-09,-1.72074e-09,0,0,0,0,0,1.78799e-11,-2.10232e-11,0,0,0,False,nan|4166,1342348
130_bNAb_Combinations|1342348|vc|5|2|nan|4166,0,0,-6.37466e-10,-3.51274e-09,0,0,0,0,0,-8.45635e-12,-1.61622e-11,0,0,0,False,nan|4166,1342348
130_bNAb_Combinations|1342348|vc|6|2|nan|4166,0,0,-2.31686e-09,2.68561e-09,0,0,0,0,0,2.98002e-11,-4.16938e-11,0,0,0,False,nan|4166,1342348
130_bNAb_Combinations|1342348|vc|7|2|nan|4166,0,0,-1.70487e-09,4.48344e-10,0,0,0,0,0,1.43388e-11,8.90932e-12,0,0,0,False,nan|4166,1342348
130_bNAb_Combinations|1342348|vc|8|2|nan|4166,0,0,1.70371e-10,2.55348e-09,0,0,0,0,0,4.71045e-12,2.79137e-11,0,0,0,False,nan|4166,1342348
130_bNAb_Combinations|1342372|cc|1|1|nan|2944,0,0,2.34531e-10,5.2306e-10,0,0,0,0,0,-1.16729e-11,-3.40377e-11,0,0,0,False,nan|2944,1342372
130_bNAb_Combinations|1342372|cc|2|1|nan|2944,0,0,-3.80496e-10,-2.36252e-09,0,0,0,0,0,-2.2341e-11,-3.556e-11,0,0,0,False,nan|2944,1342372
130_bNAb_Combinations|1342372|cc|3|1|nan|2944,0,0,-7.40846e-10,7.14476e-09,0,0,0,0,0,-9.52749e-12,1.97335e-11,0,0,0,False,nan|2944,1342372
130_bNAb_Combinations|1342372|cc|4|1|nan|2944,0,0,-2.55186e-09,1.755e-09,0,0,0,0,0,9.73222e-12,-2.11369e-11,0,0,0,False,nan|2944,1342372
130_bNAb_Combinations|1342372|cc|5|1|nan|2944,0,0,4.44921e-10,-7.47567e-10,0,0,0,0,0,-7.58549e-12,1.7045e-11,0,0,0,False,nan|2944,1342372
130_bNAb_Combinations|1342372|cc|6|1|nan|2944,0,0,9.8797e-10,1.61941e-11,0,0,0,0,0,6.94667e-12,-1.31664e-11,0,0,0,False,nan|2944,1342372
130_bNAb_Combinations|1342372|cc|7|1|nan|2944,0,0,9.02362e-10,-1.14687e-09,0,0,0,0,0,-1.59197e-11,-1.62474e-11,0,0,0,False,nan|2944,1342372
130_bNAb_Combinations|1342372|cc|8|1|nan|2944,0,0,1.629e-09,-2.23007e-09,0,0,0,0,0,1.93534e-11,-2.25224e-11,0,0,0,False,nan|2944,1342372
130_bNAb_Combinations|1342372|sample|3|nan|2944,0,0,-2.87453e-09,-1.6934e-10,0,0,0,0,0,1.13829e-11,-2.86318e-11,0,0,0,True,VRC07-523LS|2944,1342372
130_bNAb_Combinations|1342372|sample|4|nan|2944,0,0,-1.27431e-09,-1.17253e-09,0,0,0,0,0,1.27967e-11,1.36748e-11,0,0,0,True,VRC07-523LS|2944,1342372
130_bNAb_Combinations|1342372|vc|1|2|nan|2944,0,0,-2.07956e-09,2.73513e-10,0,0,0,0,0,-1.06977e-11,-2.82272e-11,0,0,0,False,nan|2944,1342372
130_bNAb_Combinations|1342372|vc|2|2|nan|2944,0,0,8.44195e-10,-2.58753e-09,0,0,0,0,0,-1.13225e-11,7.97673e-12,0,0,0,False,nan|2944,1342372
130_bNAb_Combinations|1342372|vc|3|2|nan|2944,0,0,8.97329e-10,2.17026e-09,0,0,0,0,0,-2.77394e-11,-3.30536e-12,0,0,0,False,nan|2944,1342372
130_bNAb_Combinations|1342372|vc|4|2|nan|2944,0,0,9.88647e-10,2.97404e-09,0,0,0,0,0,-6.00742e-12,-3.01621e-11,0,0,0,False,nan|2944,1342372
130_bNAb_Combinations|1342372|vc|5|2|nan|2944,0,0,8.36946e-12,-1.56859e-09,0,0,0,0,0,9.06364e-12,2.20419e-11,0,0,0,False,nan|2944,1342372
130_bNAb_Combinations|1342372|vc|6|2|nan|2944,0,0,5.56501e-10,6.285e-09,0,0,0,0,0,-1.00202e-11,2.502e-11,0,0,0,False,nan|2944,1342372
130_bNAb_Combinations|1342372|vc|7|2|nan|2944,0,0,-2.84941e-10,-1.22213e-09,0,0,0,0,0,-7.1223e-12,-3.98588e-11,0,0,0,False,nan|2944,1342372
130_bNAb_Combinations|1342372|vc|8|2|nan|2944,0,0,2.15944e-10,-3.7621e-09,0,0,0,0,0,-1.34563e-11,-2.00306e-11,0,0,0,False,nan|2944,1342372
130_bNAb_Combinations|1342384|cc|1|1|nan|2946,0,0,6.6705e-11,-2.05094e-09,0,0,0,0,0,1.52102e-11,6.33849e-12,0,0,0,False,nan|2946,1342384
130_bNAb_Combinations|1342384|cc|2|1|nan|2946,0,0,4.10713e-10,3.92509e-09,0,0,0,0,0,1.95224e-11,-7.27551e-12,0,0,0,False,nan|2946,1342384
130_bNAb_Combinations|1342384|cc|3|1|nan|2946,0,0,-3.79732e-10,5.8218e-09,0,0,0,0,0,-1.00597e-11,1.49969e-12,0,0,0,False,nan|2946,1342384
130_bNAb_Combinations|1342384|cc|4|1|nan|2946,0,0,-4.30505e-10,-1.82205e-10,0,0,0,0,0,2.11156e-11,-2.92089e-10,0,0,0,False,nan|2946,1342384
130_bNAb_Combinations|1342384|cc|5|1|nan|2946,0,0,4.76406e-11,-2.44131e-09,0,0,0,0,0,1.41721e-11,-1.46581e-11,0,0,0,False,nan|2946,1342384
130_bNAb_Combinations|1342384|cc|6|1|nan|2946,0,0,-2.38617e-09,1.33206e-10,0,0,0,0,0,1.5663e-12,-4.64504e-11,0,0,0,False,nan|2946,1342384
130_bNAb_Combinations|1342384|cc|7|1|nan|2946,0,0,2.26486e-09,-9.60429e-10,0,0,0,0,0,-9.01168e-12,2.81908e-12,0,0,0,False,nan|2946,1342384
130_bNAb_Combinations|1342384|cc|8|1|nan|2946,0,0,-1.20642e-09,1.84866e-09,0,0,0,0,0,-1.87146e-11,3.29248e-12,0,0,0,False,nan|2946,1342384
130_bNAb_Combinations|1342384|sample|3|nan|2946,0,0,-1.29656e-09,2.92149e-09,0,0,0,0,0,1.79585e-11,-3.13589e-11,0,0,0,True,VRC07-523LS|2946,1342384
130_bNAb_Combinations|1342384|sample|4|nan|2946,0,0,1.62285e-09,4.47381e-10,0,0,0,0,0,-1.45135e-11,-3.74287e-11,0,0,0,True,VRC07-523LS|2946,1342384
130_bNAb_Combinations|1342384|vc|1|2|nan|2946,0,0,-3.48269e-10,-3.72446e-09,0,0,0,0,0,1.61335e-11,-4.45421e-13,0,0,0,False,nan|2946,1342384
130_bNAb_Combinations|1342384|vc|2|2|nan|2946,0,0,-6.67759e-10,2.19725e-11,0,0,0,0,0,8.04734e-12,-2.60147e-11,0,0,0,False,nan|2946,1342384
130_bNAb_Combinations|1342384|vc|3|2|nan|2946,0,0,-1.85287e-09,1.97339e-09,0,0,0,0,0,-2.0975e-11,3.86975e-11,0,0,0,False,nan|2946,1342384
130_bNAb_Combinations|1342384|vc|4|2|nan|2946,0,0,-1.63864e-09,-6.04321e-09,0,0,0,0,0,-1.77403e-12,-4.60907e-11,0,0,0,False,nan|2946,1342384
130_bNAb_Combinations|1342384|vc|5|2|nan|2946,0,0,1.65416e-09,-2.06098e-09,0,0,0,0,0,-3.18068e-12,-2.1116e-11,0,0,0,False,nan|2946,1342384
130_bNAb_Combinations|1342384|vc|6|2|nan|2946,0,0,-5.60506e-10,4.93993e-09,0,0,0,0,0,3.52274e-13,2.80838e-11,0,0,0,False,nan|2946,1342384
130_bNAb_Combinations|1342384|vc|7|2|nan|2946,0,0,-1.03637e-09,-4.98174e-09,0,0,0,0,0,1.41496e-11,1.16351e-13,0,0,0,False,nan|2946,1342384
130_bNAb_Combinations|1342384|vc|8|2|nan|2946,0,0,-3.93054e-11,2.28232e-09,0,0,0,0,0,1.54021e-11,-1.51688e-11,0,0,0,False,nan|2946,1342384
130_bNAb_Combinations|1342396|cc|1|1|PVO.4|5024,0,0,-5.07917e-10,-1.78712e-09,0,0,0,0,0,4.20841e-11,7.86637e-11,0,0,0,False,nan|PVO.4,1342396
130_bNAb_Combinations|1342396|cc|2|1|PVO.4|5024,0,0,1.67852e-09,-2.04121e-09,0,0,0,0,0,3.19078e-12,-3.15077e-11,0,0,0,False,nan|PVO.4,1342396
130_bNAb_Combinations|1342396|cc|3|1|PVO.4|5024,0,0,-7.1362e-10,2.95447e-09,0,0,0,0,0,1.25899e-11,-1.7446e-11,0,0,0,False,nan|PVO.4,1342396
130_bNAb_Combinations|1342396|cc|4|1|PVO.4|5024,0,0,5.46144e-10,-4.66189e-11,0,0,0,0,0,-3.09099e-11,-1.01492e-11,0,0,0,False,nan|PVO.4,1342396
130_bNAb_Combinations|1342396|cc|5|1|PVO.4|5024,0,0,4.27786e-10,5.06493e-09,0,0,0,0,0,-3.22231e-12,-4.09135e-11,0,0,0,False,nan|PVO.4,1342396
130_bNAb_Combinations|1342396|cc|6|1|PVO.4|5024,0,0,8.7864e-10,5.39849e-09,0,0,0,0,0,1.39795e-11,-2.10805e-11,0,0,0,False,nan|PVO.4,1342396
130_bNAb_Combinations|1342396|cc|7|1|PVO.4|5024,0,0,7.25684e-10,1.96386e-09,0,0,0,0,0,8.24185e-12,-2.75819e-11,0,0,0,False,nan|PVO.4,1342396
130_bNAb_Combinations|1342396|cc|8|1|PVO.4|5024,0,0,3.4791e-10,4.6581e-10,0,0,0,0,0,2.49978e-12,4.34497e-12,0,0,0,False,nan|PVO.4,1342396
130_bNAb_Combinations|1342396|sample|3|PVO.4|5024,0,0,1.56256e-09,-6.65416e-10,0,0,0,0,0,-2.14113e-11,1.53113e-11,0,0,0,True,VRC07-523LS|PVO.4,1342396
130_bNAb_Combinations|1342396|sample|4|PVO.4|5024,0,0,2.96752e-09,-4.29036e-09,0,0,0,0,0,-1.01883e-11,-2.66933e-11,0,0,0,True,VRC07-523LS|PVO.4,1342396
130_bNAb_Combinations|1342396|vc|1|2|PVO.4|5024,0,0,-1.11435e-09,-2.23835e-09,0,0,0,0,0,-1.39804e-11,-6.41354e-12,0,0,0,False,nan|PVO.4,1342396
130_bNAb_Combinations|1342396|vc|2|2|PVO.4|5024,0,0,4.21782e-11,-3.5814e-09,0,0,0,0,0,-1.08349e-11,-2.01106e-11,0,0,0,False,nan|PVO.4,1342396
130_bNAb_Combinations|1342396|vc|3|2|PVO.4|5024,0,0,1.35801e-09,-1.05392e-09,0,0,0,0,0,2.49267e-12,-2.15827e-11,0,0,0,False,nan|PVO.4,1342396
130_bNAb_Combinations|1342396|vc|4|2|PVO.4|5024,0,0,1.2236e-09,-6.17747e-09,0,0,0,0,0,1.87201e-11,-5.49174e-11,0,0,0,False,nan|PVO.4,1342396
130_bNAb_Combinations|1342396|vc|5|2|PVO.4|5024,0,0,5.0324e-10,4.77163e-10,0,0,0,0,0,-1.19296e-11,-1.22058e-11,0,0,0,False,nan|PVO.4,1342396
130_bNAb_Combinations|1342396|vc|6|2|PVO.4|5024,0,0,2.27782e-09,-6.11111e-10,0,0,0,0,0,2.81386e-11,-8.72058e-12,0,0,0,False,nan|PVO.4,1342396
130_bNAb_Combinations|1342396|vc|7|2|PVO.4|5024,0,0,1.55629e-09,-4.02869e-09,0,0,0,0,0,1.14162e-11,-2.08247e-11,0,0,0,False,nan|PVO.4,1342396
130_bNAb_Combinations|1342396|vc|8|2|PVO.4|5024,0,0,-5.18215e-10,-1.91886e-09,0,0,0,0,0,-2.26077e-11,2.31557e-11,0,0,0,False,nan|PVO.4,1342396
130_bNAb_Combinations|1342408|cc|1|1|nan|4168,0,0,-2.45449e-09,-1.01603e-09,0,0,0,0,0,1.66698e-11,-1.26121e-12,0,0,0,False,nan|4168,1342408
130_bNAb_Combinations|1342408|cc|2|1|nan|4168,0,0,-3.46833e-10,-1.16305e-09,0,0,0,0,0,-7.47991e-12,-1.57492e-11,0,0,0,False,nan|4168,1342408
130_bNAb_Combinations|1342408|cc|3|1|nan|4168,0,0,-3.16893e-11,-8.62598e-09,0,0,0,0,0,-5.86031e-12,2.09059e-11,0,0,0,False,nan|4168,1342408
130_bNAb_Combinations|1342408|cc|4|1|nan|4168,0,0,6.83525e-10,-1.52082e-09,0,0,0,0,0,-6.39033e-12,3.8165e-11,0,0,0,False,nan|4168,1342408
130_bNAb_Combinations|1342408|cc|5|1|nan|4168,0,0,3.23868e-10,-2.34255e-09,0,0,0,0,0,9.05975e-12,-2.95657e-11,0,0,0,False,nan|4168,1342408
130_bNAb_Combinations|1342408|cc|6|1|nan|4168,0,0,-1.45492e-09,-5.49387e-09,0,0,0,0,0,-1.20962e-11,-2.20801e-11,0,0,0,False,nan|4168,1342408
130_bNAb_Combinations|1342408|cc|7|1|nan|4168,0,0,1.84382e-09,7.45027e-10,0,0,0,0,0,7.51699e-12,-2.30163e-11,0,0,0,False,nan|4168,1342408
130_bNAb_Combinations|1342408|cc|8|1|nan|4168,0,0,-5.62901e-10,1.56986e-09,0,0,0,0,0,2.55962e-12,3.16049e-11,0,0,0,False,nan|4168,1342408
130_bNAb_Combinations|1342408|sample|3|nan|4168,0,0,-2.11607e-09,-6.03844e-09,0,0,0,0,0,8.4055e-12,2.16889e-11,0,0,0,True,VRC07-523LS|4168,1342408
130_bNAb_Combinations|1342408|sample|4|nan|4168,0,0,-4.78944e-10,5.72483e-10,0,0,0,0,0,2.25819e-12,2.36189e-11,0,0,0,True,VRC07-523LS|4168,1342408
130_bNAb_Combinations|1342408|vc|1|2|nan|4168,0,0,-9.59009e-10,7.29832e-11,0,0,0,0,0,2.26784e-11,-5.14966e-12,0,0,0,False,nan|4168,1342408
130_bNAb_Combinations|1342408|vc|2|2|nan|4168,0,0,3.17081e-10,1.79407e-09,0,0,0,0,0,2.503e-12,1.80549e-11,0,0,0,False,nan|4168,1342408
130_bNAb_Combinations|1342408|vc|3|2|nan|4168,0,0,-7.58347e-10,-6.18376e-09,0,0,0,0,0,2.93366e-11,1.49942e-11,0,0,0,False,nan|4168,1342408
130_bNAb_Combinations|1342408|vc|4|2|nan|4168,0,0,-1.61216e-10,1.96949e-09,0,0,0,0,0,2.76378e-11,-7.20499e-11,0,0,0,False,nan|4168,1342408
130_bNAb_Combinations|1342408|vc|5|2|nan|4168,0,0,1.46809e-10,3.22606e-10,0,0,0,0,0,1.095e-11,4.36673e-11,0,0,0,False,nan|4168,1342408
130_bNAb_Combinations|1342408|vc|6|2|nan|4168,0,0,-1.3548e-09,-3.44736e-09,0,0,0,0,0,-1.14156e-11,8.5441e-11,0,0,0,False,nan|4168,1342408
130_bNAb_Combinations|1342408|vc|7|2|nan|4168,0,0,7.27052e-11,-1.82885e-09,0,0,0,0,0,2.19573e-11,-1.51088e-11,0,0,0,False,nan|4168,1342408
130_bNAb_Combinations|1342408|vc|8|2|nan|4168,0,0,9.39561e-10,1.85261e-09,0,0,0,0,0,1.67949e-11,-3.80673e-12,0,0,0,False,nan|4168,1342408
704_VRC01_Concordance|1200432|cc|1|1|PVO.4|5024,0,0,-1.69336e-10,-1.27435e-10,0,0,0,0,0,9.66383e-12,1.75824e-11,0,0,0,False,nan|PVO.4,1200432
704_VRC01_Concordance|1200432|cc|2|1|PVO.4|5024,0,0,1.59634e-09,2.11383e-09,0,0,0,0,0,-3.65352e-12,-1.44698e-11,0,0,0,False,nan|PVO.4,1200432
704_VRC01_Concordance|1200432|cc|3|1|PVO.4|5024,0,0,1.76387e-09,-3.56447e-09,0,0,0,0,0,-2.67808e-12,4.65481e-11,0,0,0,False,nan|PVO.4,1200432
704_VRC01_Concordance|1200432|cc|4|1|PVO.4|5024,0,0,-1.46235e-09,-1.70665e-09,0,0,0,0,0,-1.72395e-11,1.09623e-11,0,0,0,False,nan|PVO.4,1200432
704_VRC01_Concordance|1200432|cc|5|1|PVO.4|5024,0,0,-1.5429e-10,1.12039e-09,0,0,0,0,0,-2.24554e-12,-3.82747e-11,0,0,0,False,nan|PVO.4,1200432
704_VRC01_Concordance|1200432|cc|6|1|PVO.4|5024,0,0,5.3025e-10,-1.1082e-09,0,0,0,0,0,1.67377e-11,2.28728e-11,0,0,0,False,nan|PVO.4,1200432
704_VRC01_Concordance|1200432|cc|7|1|PVO.4|5024,0,0,-1.59817e-09,1.35006e-09,0,0,0,0,0,5.3606e-12,-5.51976e-11,0,0,0,False,nan|PVO.4,1200432
704_VRC01_Concordance|1200432|cc|8|1|PVO.4|5024,0,0,1.3414e-09,2.93683e-09,0,0,0,0,0,1.12714e-11,-4.23448e-11,0,0,0,False,nan|PVO.4,1200432
704_VRC01_Concordance|1200432|sample|10|PVO.4|5024,0,0,-5.10884e-10,-4.52563e-09,0,0,0,0,0,-1.61533e-11,-1.9162e-11,0,0,0,True,Clinical VRC01|PVO.4,1200432
704_VRC01_Concordance|1200432|sample|11|PVO.4|5024,0,0,-1.01593e-10,-1.08651e-10,0,0,0,0,0,-1.29172e-11,7.55151e-11,0,0,0,True,Clinical VRC01|PVO.4,1200432
704_VRC01_Concordance|1200432|sample|12|PVO.4|5024,0,0,-4.86989e-10,1.48336e-09,0,0,0,0,0,1.06803e-12,-2.34515e-11,0,0,0,True,Clinical VRC01|PVO.4,1200432
704_VRC01_Concordance|1200432|sample|3|PVO.4|5024,0,0,-8.70436e-10,3.30486e-09,0,0,0,0,0,3.45013e-12,-1.97797e-11,0,0,0,True,Clinical VRC01|PVO.4,1200432
704_VRC01_Concordance|1200432|sample|4|PVO.4|5024,0,0,1.5211e-09,-2.48188e-09,0,0,0,0,0,1.3368e-11,-1.38094e-11,0,0,0,True,Clinical VRC01|PVO.4,1200432
704_VRC01_Concordance|1200432|sample|5|PVO.4|5024,0,0,-1.43063e-09,-1.06376e-09,0,0,0,0,0,-6.18883e-12,2.22351e-11,0,0,0,True,Clinical VRC01|PVO.4,1200432
704_VRC01_Concordance|1200432|sample|6|PVO.4|5024,0,0,-4.27598e-10,2.66941e-09,0,0,0,0,0,-1.61191e-11,3.30034e-11,0,0,0,True,Clinical VRC01|PVO.4,1200432
704_VRC01_Concordance|1200432|sample|7|PVO.4|5024,0,0,-6.08845e-10,-3.66951e-09,0,0,0,0,0,-6.03206e-12,-2.09317e-11,0,0,0,True,Clinical VRC01|PVO.4,1200432
704_VRC01_Concordance|1200432|sample|8|PVO.4|5024,0,0,-9.98222e-11,2.66032e-09,0,0,0,0,0,-5.27933e-12,-3.98952e-11,0,0,0,True,Clinical VRC01|PVO.4,1200432
704_VRC01_Concordance|1200432|sample|9|PVO.4|5024,0,0,2.23756e-09,-7.30835e-10,0,0,0,0,0,-1.5004e-11,-3.31815e-11,0,0,0,True,Clinical VRC01|PVO.4,1200432
704_VRC01_Concordance|1200432|vc|1|2|PVO.4|5024,0,0,6.60892e-10,8.23414e-10,0,0,0,0,0,-1.17355e-11,-4.82014e-11,0,0,0,False,nan|PVO.4,1200432
704_VRC01_Concordance|1200432|vc|2|2|PVO.4|5024,0,0,-4.92738e-10,-3.47199e-10,0,0,0,0,0,-1.1412e-11,4.78542e-11,0,0,0,False,nan|PVO.4,1200432
704_VRC01_Concordance|1200432|vc|3|2|PVO.4|5024,0,0,1.15259e-09,8.34971e-10,0,0,0,0,0,-1.67875e-11,-6.88383e-12,0,0,0,False,nan|PVO.4,1200432
704_VRC01_Concordance|1200432|vc|4|2|PVO.4|5024,0,0,2.48312e-10,-6.95707e-10,0,0,0,0,0,1.06049e-11,2.645e-12,0,0,0,False,nan|PVO.4,1200432
704_VRC01_Concordance|1200432|vc|5|2|PVO.4|5024,0,0,1.4318e-09,4.72485e-09,0,0,0,0,0,1.20026e-11,3.66938e-11,0,0,0,False,nan|PVO.4,1200432
704_VRC01_Concordance|1200432|vc|6|2|PVO.4|5024,0,0,5.82677e-10,5.16953e-09,0,0,0,0,0,-1.21312e-11,1.56457e-11,0,0,0,False,nan|PVO.4,1200432
704_VRC01_Concordance|1200432|vc|7|2|PVO.4|5024,0,0,-2.29575e-10,2.31333e-09,0,0,0,0,0,3.27205e-12,2.40825e-11,0,0,0,False,nan|PVO.4,1200432
704_VRC01_Concordance|1200432|vc|8|2|PVO.4|5024,0,0,4.0286e-09,-4.57056e-09,0,0,0,0,0,8.63842e-12,-2.14291e-11,0,0,0,False,nan|PVO.4,1200432
