id,U_SAEM,L_SAEM,m_SAEM,e_SAEM,s_SAEM,alpha_SAEM,k_SAEM,U_mode,L_mode,m_mode,e_mode,s_mode,alpha_mode,k_mode,goes_down,mab_virus,run_id
130_bNAb_Combinations|1313842|cc|1|1|nan|2946,1,0.0156658,0.603971,0.000291559,2171.18,0.286601,0.334788,1,0.0156658,0.59843,0.000286409,2196.88,0.283778,0.330139,False,nan|2946,1313842
130_bNAb_Combinations|1313842|cc|2|1|nan|2946,1,0.0156658,0.590132,0.000291559,2171.18,0.286601,0.334788,1,0.0156658,0.59843,0.000286409,2196.88,0.283778,0.330139,False,nan|2946,1313842
130_bNAb_Combinations|1313842|cc|3|1|nan|2946,1,0.0156658,0.599456,0.000291559,2171.18,0.286601,0.334788,1,0.0156658,0.59843,0.000286409,2196.88,0.283778,0.330139,False,nan|2946,1313842
130_bNAb_Combinations|1313842|cc|4|1|nan|2946,1,0.0156658,0.594918,0.000291559,2171.18,0.286601,0.334788,1,0.0156658,0.59843,0.000286409,2196.88,0.283778,0.330139,False,nan|2946,1313842
130_bNAb_Combinations|1313842|cc|5|1|nan|2946,1,0.0156658,0.604605,0.000291559,2171.18,0.286601,0.334788,1,0.0156658,0.59843,0.000286409,2196.88,0.283778,0.330139,False,nan|2946,1313842
130_bNAb_Combinations|1313842|cc|6|1|nan|2946,1,0.0156658,0.614967,0.000291559,2171.18,0.286601,0.334788,1,0.0156658,0.59843,0.000286409,2196.88,0.283778,0.330139,False,nan|2946,1313842
130_bNAb_Combinations|1313842|cc|7|1|nan|2946,1,0.0156658,0.613543,0.000291559,2171.18,0.286601,0.334788,1,0.0156658,0.59843,0.000286409,2196.88,0.283778,0.330139,False,nan|2946,1313842
130_bNAb_Combinations|1313842|cc|8|1|nan|2946,1,0.0156658,0.576449,0.000291559,2171.18,0.286601,0.334788,1,0.0156658,0.59843,0.000286409,2196.88,0.283778,0.330139,False,nan|2946,1313842
130_bNAb_Combinations|1313842|sample|10|nan|2946,1,0.00225465,0.887136,0.000291618,2171.18,0.286601,0.334788,1,0.00225465,0.884596,0.000286464,2196.88,0.283778,0.330139,True,PGT121|2946,1313842
130_bNAb_Combinations|1313842|sample|11|nan|2946,1,0.0123046,0.926154,0.000291618,2171.18,0.286601,0.334788,1,0.0123046,0.922423,0.000286464,2196.88,0.283778,0.330139,True,VRC07-523LS|2946,1313842
130_bNAb_Combinations|1313842|sample|12|nan|2946,1,0.0123046,0.897018,0.000291618,2171.18,0.286601,0.334788,1,0.0123046,0.896441,0.000286464,2196.88,0.283778,0.330139,True,VRC07-523LS|2946,1313842
130_bNAb_Combinations|1313842|sample|3|nan|2946,1,0.120773,0.998282,0.000291618,2171.18,0.286601,0.334788,1,0.120773,1.00709,0.000286464,2196.88,0.283778,0.330139,True,PGDM1400|2946,1313842
130_bNAb_Combinations|1313842|sample|4|nan|2946,1,0.120773,0.988309,0.000291618,2171.18,0.286601,0.334788,1,0.120773,0.985048,0.000286464,2196.88,0.283778,0.330139,True,PGDM1400|2946,1313842
130_bNAb_Combinations|1313842|sample|5|nan|2946,1,0.120773,0.964647,0.000291618,2171.18,0.286601,0.334788,1,0.120773,0.955204,0.000286464,2196.88,0.283778,0.330139,True,PGDM1400|2946,1313842
130_bNAb_Combinations|1313842|sample|6|nan|2946,1,0.120773,0.98777,0.000291618,2171.18,0.286601,0.334788,1,0.120773,0.977525,0.000286464,2196.88,0.283778,0.330139,True,PGDM1400|2946,1313842
130_bNAb_Combinations|1313842|sample|7|nan|2946,1,0.00225465,0.920656,0.000291618,2171.18,0.286601,0.334788,1,0.00225465,0.911227,0.000286464,2196.88,0.283778,0.330139,True,PGT121|2946,1313842
130_bNAb_Combinations|1313842|sample|8|nan|2946,1,0.00225465,0.913156,0.000291618,2171.18,0.286601,0.334788,1,0.00225465,0.901144,0.000286464,2196.88,0.283778,0.330139,True,PGT121|2946,1313842
130_bNAb_Combinations|1313842|sample|9|nan|2946,1,0.00225465,0.896274,0.000291618,2171.18,0.286601,0.334788,1,0.00225465,0.885193,0.000286464,2196.88,0.283778,0.330139,True,PGT121|2946,1313842
130_bNAb_Combinations|1313842|vc|1|2|nan|2946,1,0.0156658,0.602972,0.000291559,2171.18,0.286601,0.334788,1,0.0156658,0.598431,0.000286409,2196.88,0.283778,0.330139,False,nan|2946,1313842
130_bNAb_Combinations|1313842|vc|2|2|nan|2946,1,0.0156658,0.589287,0.000291559,2171.18,0.286601,0.334788,1,0.0156658,0.59843,0.000286409,2196.88,0.283778,0.330139,False,nan|2946,1313842
130_bNAb_Combinations|1313842|vc|3|2|nan|2946,1,0.0156658,0.597905,0.000291559,2171.18,0.286601,0.334788,1,0.0156658,0.598431,0.000286409,2196.88,0.283778,0.330139,False,nan|2946,1313842
130_bNAb_Combinations|1313842|vc|4|2|nan|2946,1,0.0156658,0.607906,0.000291559,2171.18,0.286601,0.334788,1,0.0156658,0.598431,0.000286409,2196.88,0.283778,0.330139,False,nan|2946,1313842
130_bNAb_Combinations|1313842|vc|5|2|nan|2946,1,0.0156658,0.596441,0.000291559,2171.18,0.286601,0.334788,1,0.0156658,0.598431,0.000286409,2196.88,0.283778,0.330139,False,nan|2946,1313842
130_bNAb_Combinations|1313842|vc|6|2|nan|2946,1,0.0156658,0.605026,0.000291559,2171.18,0.286601,0.334788,1,0.0156658,0.598431,0.000286409,2196.88,0.283778,0.330139,False,nan|2946,1313842
130_bNAb_Combinations|1313842|vc|7|2|nan|2946,1,0.0156658,0.632633,0.000291559,2171.18,0.286601,0.334788,1,0.0156658,0.598431,0.000286409,2196.88,0.283778,0.330139,False,nan|2946,1313842
130_bNAb_Combinations|1313842|vc|8|2|nan|2946,1,0.0156658,0.590884,0.000291559,2171.18,0.286601,0.334788,1,0.0156658,0.59843,0.000286409,2196.88,0.283778,0.330139,False,nan|2946,1313842
130_bNAb_Combinations|1313860|cc|1|1|PVO.4|5024,1,0.00606544,0.607597,0.000291559,2171.18,0.260311,0.33479,1,0.00606544,0.598431,0.000286409,2196.88,0.258765,0.330142,False,nan|PVO.4,1313860
130_bNAb_Combinations|1313860|cc|2|1|PVO.4|5024,1,0.00606544,0.63411,0.000291559,2171.18,0.260311,0.33479,1,0.00606544,0.59843,0.000286409,2196.88,0.258765,0.330142,False,nan|PVO.4,1313860
130_bNAb_Combinations|1313860|cc|3|1|PVO.4|5024,1,0.00606544,0.61171,0.000291559,2171.18,0.260311,0.33479,1,0.00606544,0.598431,0.000286409,2196.88,0.258765,0.330142,False,nan|PVO.4,1313860
130_bNAb_Combinations|1313860|cc|4|1|PVO.4|5024,1,0.00606544,0.612063,0.000291559,2171.18,0.260311,0.33479,1,0.00606544,0.59843,0.000286409,2196.88,0.258765,0.330142,False,nan|PVO.4,1313860
130_bNAb_Combinations|1313860|cc|5|1|PVO.4|5024,1,0.00606544,0.603588,0.000291559,2171.18,0.260311,0.33479,1,0.00606544,0.59843,0.000286409,2196.88,0.258765,0.330142,False,nan|PVO.4,1313860
130_bNAb_Combinations|1313860|cc|6|1|PVO.4|5024,1,0.00606544,0.61428,0.000291559,2171.18,0.260311,0.33479,1,0.00606544,0.59843,0.000286409,2196.88,0.258765,0.330142,False,nan|PVO.4,1313860
130_bNAb_Combinations|1313860|cc|7|1|PVO.4|5024,1,0.00606544,0.617324,0.000291559,2171.18,0.260311,0.33479,1,0.00606544,0.59843,0.000286409,2196.88,0.258765,0.330142,False,nan|PVO.4,1313860
130_bNAb_Combinations|1313860|cc|8|1|PVO.4|5024,1,0.00606544,0.615956,0.000291559,2171.18,0.260311,0.33479,1,0.00606544,0.598431,0.000286409,2196.88,0.258765,0.330142,False,nan|PVO.4,1313860
130_bNAb_Combinations|1313860|sample|10|PVO.4|5024,1,0.00805233,0.801109,0.000291618,2171.18,0.260311,0.33479,1,0.00805233,0.799706,0.000286464,2196.88,0.258765,0.330142,True,PGT121|PVO.4,1313860
130_bNAb_Combinations|1313860|sample|11|PVO.4|5024,1,0.00295624,0.780755,0.000291618,2171.18,0.260311,0.33479,1,0.00295624,0.781274,0.000286464,2196.88,0.258765,0.330142,True,VRC07-523LS|PVO.4,1313860
130_bNAb_Combinations|1313860|sample|12|PVO.4|5024,1,0.00295624,0.773811,0.000291618,2171.18,0.260311,0.33479,1,0.00295624,0.773223,0.000286464,2196.88,0.258765,0.330142,True,VRC07-523LS|PVO.4,1313860
130_bNAb_Combinations|1313860|sample|3|PVO.4|5024,1,0.0336453,1.03198,0.000291618,2171.18,0.260311,0.33479,1,0.0336453,1.02802,0.000286464,2196.88,0.258765,0.330142,True,PGDM1400|PVO.4,1313860
130_bNAb_Combinations|1313860|sample|4|PVO.4|5024,1,0.0336453,1.04091,0.000291618,2171.18,0.260311,0.33479,1,0.0336453,1.03188,0.000286464,2196.88,0.258765,0.330142,True,PGDM1400|PVO.4,1313860
130_bNAb_Combinations|1313860|sample|5|PVO.4|5024,1,0.0336453,0.991818,0.000291618,2171.18,0.260311,0.33479,1,0.0336453,0.990715,0.000286464,2196.88,0.258765,0.330142,True,PGDM1400|PVO.4,1313860
130_bNAb_Combinations|1313860|sample|6|PVO.4|5024,1,0.0336453,0.989256,0.000291618,2171.18,0.260311,0.33479,1,0.0336453,0.985844,0.000286464,2196.88,0.258765,0.330142,True,PGDM1400|PVO.4,1313860
130_bNAb_Combinations|1313860|sample|7|PVO.4|5024,1,0.00805233,0.800013,0.000291618,2171.18,0.260311,0.33479,1,0.00805233,0.803374,0.000286464,2196.88,0.258765,0.330142,True,PGT121|PVO.4,1313860
130_bNAb_Combinations|1313860|sample|8|PVO.4|5024,1,0.00805233,0.802351,0.000291618,2171.18,0.260311,0.33479,1,0.00805233,0.801949,0.000286464,2196.88,0.258765,0.330142,True,PGT121|PVO.4,1313860
130_bNAb_Combinations|1313860|sample|9|PVO.4|5024,1,0.00805233,0.795917,0.000291618,2171.18,0.260311,0.33479,1,0.00805233,0.796481,0.000286464,2196.88,0.258765,0.330142,True,PGT121|PVO.4,1313860
130_bNAb_Combinations|1313860|vc|1|2|PVO.4|5024,1,0.00606544,0.58893,0.000291559,2171.18,0.260311,0.33479,1,0.00606544,0.59843,0.000286409,2196.88,0.258765,0.330142,False,nan|PVO.4,1313860
130_bNAb_Combinations|1313860|vc|2|2|PVO.4|5024,1,0.00606544,0.625057,0.000291559,2171.18,0.260311,0.33479,1,0.00606544,0.59843,0.000286409,2196.88,0.258765,0.330142,False,nan|PVO.4,1313860
130_bNAb_Combinations|1313860|vc|3|2|PVO.4|5024,1,0.00606544,0.611108,0.000291559,2171.18,0.260311,0.33479,1,0.00606544,0.598431,0.000286409,2196.88,0.258765,0.330142,False,nan|PVO.4,1313860
130_bNAb_Combinations|1313860|vc|4|2|PVO.4|5024,1,0.00606544,0.583861,0.000291559,2171.18,0.260311,0.33479,1,0.00606544,0.598431,0.000286409,2196.88,0.258765,0.330142,False,nan|PVO.4,1313860
130_bNAb_Combinations|1313860|vc|5|2|PVO.4|5024,1,0.00606544,0.589864,0.000291559,2171.18,0.260311,0.33479,1,0.00606544,0.598431,0.000286409,2196.88,0.258765,0.330142,False,nan|PVO.4,1313860
130_bNAb_Combinations|1313860|vc|6|2|PVO.4|5024,1,0.00606544,0.621967,0.000291559,2171.18,0.260311,0.33479,1,0.00606544,0.598431,0.000286409,2196.88,0.258765,0.330142,False,nan|PVO.4,1313860
130_bNAb_Combinations|1313860|vc|7|2|PVO.4|5024,1,0.00606544,0.609089,0.000291559,2171.18,0.260311,0.33479,1,0.00606544,0.598431,0.000286409,2196.88,0.258765,0.330142,False,nan|PVO.4,1313860
130_bNAb_Combinations|1313860|vc|8|2|PVO.4|5024,1,0.00606544,0.589869,0.000291559,2171.18,0.260311,0.33479,1,0.00606544,0.598431,0.000286409,2196.88,0.258765,0.330142,False,nan|PVO.4,1313860
130_bNAb_Combinations|1313884|cc|1|1|nan|4168,1,0.00270442,0.610848,0.000291559,2171.18,0.26025,0.33479,1,0.00270442,0.59843,0.000286409,2196.88,0.258703,0.330142,False,nan|4168,1313884
130_bNAb_Combinations|1313884|cc|2|1|nan|4168,1,0.00270442,0.606652,0.000291559,2171.18,0.26025,0.33479,1,0.00270442,0.59843,0.000286409,2196.88,0.258703,0.330142,False,nan|4168,1313884
130_bNAb_Combinations|1313884|cc|3|1|nan|4168,1,0.00270442,0.626759,0.000291559,2171.18,0.26025,0.33479,1,0.00270442,0.59843,0.000286409,2196.88,0.258703,0.330142,False,nan|4168,1313884
130_bNAb_Combinations|1313884|cc|4|1|nan|4168,1,0.00270442,0.598052,0.000291559,2171.18,0.26025,0.33479,1,0.00270442,0.598431,0.000286409,2196.88,0.258703,0.330142,False,nan|4168,1313884
130_bNAb_Combinations|1313884|cc|5|1|nan|4168,1,0.00270442,0.605297,0.000291559,2171.18,0.26025,0.33479,1,0.00270442,0.598431,0.000286409,2196.88,0.258703,0.330142,False,nan|4168,1313884
130_bNAb_Combinations|1313884|cc|6|1|nan|4168,1,0.00270442,0.627219,0.000291559,2171.18,0.26025,0.33479,1,0.00270442,0.59843,0.000286409,2196.88,0.258703,0.330142,False,nan|4168,1313884
130_bNAb_Combinations|1313884|cc|7|1|nan|4168,1,0.00270442,0.613332,0.000291559,2171.18,0.26025,0.33479,1,0.00270442,0.59843,0.000286409,2196.88,0.258703,0.330142,False,nan|4168,1313884
130_bNAb_Combinations|1313884|cc|8|1|nan|4168,1,0.00270442,0.582839,0.000291559,2171.18,0.26025,0.33479,1,0.00270442,0.59843,0.000286409,2196.88,0.258703,0.330142,False,nan|4168,1313884
130_bNAb_Combinations|1313884|sample|10|nan|4168,1,0.122185,0.716796,0.000291618,2171.18,0.26025,0.33479,1,0.122185,0.715576,0.000286464,2196.88,0.258703,0.330142,True,PGT121|4168,1313884
130_bNAb_Combinations|1313884|sample|11|nan|4168,1,0.0258025,0.81209,0.000291618,2171.18,0.26025,0.33479,1,0.0258025,0.814286,0.000286464,2196.88,0.258703,0.330142,True,VRC07-523LS|4168,1313884
130_bNAb_Combinations|1313884|sample|12|nan|4168,1,0.0258025,0.804779,0.000291618,2171.18,0.26025,0.33479,1,0.0258025,0.799809,0.000286464,2196.88,0.258703,0.330142,True,VRC07-523LS|4168,1313884
130_bNAb_Combinations|1313884|sample|3|nan|4168,1,0.167137,1.12843,0.000291618,2171.18,0.26025,0.33479,1,0.167137,1.11593,0.000286464,2196.88,0.258703,0.330142,True,PGDM1400|4168,1313884
130_bNAb_Combinations|1313884|sample|4|nan|4168,1,0.167137,1.15409,0.000291618,2171.18,0.26025,0.33479,1,0.167137,1.13165,0.000286464,2196.88,0.258703,0.330142,True,PGDM1400|4168,1313884
130_bNAb_Combinations|1313884|sample|5|nan|4168,1,0.167137,1.11894,0.000291618,2171.18,0.26025,0.33479,1,0.167137,1.11893,0.000286464,2196.88,0.258703,0.330142,True,PGDM1400|4168,1313884
130_bNAb_Combinations|1313884|sample|6|nan|4168,1,0.167137,1.13168,0.000291618,2171.18,0.26025,0.33479,1,0.167137,1.13374,0.000286464,2196.88,0.258703,0.330142,True,PGDM1400|4168,1313884
130_bNAb_Combinations|1313884|sample|7|nan|4168,1,0.122185,0.768503,0.000291618,2171.18,0.26025,0.33479,1,0.122185,0.752385,0.000286464,2196.88,0.258703,0.330142,True,PGT121|4168,1313884
130_bNAb_Combinations|1313884|sample|8|nan|4168,1,0.122185,0.748364,0.000291618,2171.18,0.26025,0.33479,1,0.122185,0.744138,0.000286464,2196.88,0.258703,0.330142,True,PGT121|4168,1313884
130_bNAb_Combinations|1313884|sample|9|nan|4168,1,0.122185,0.737873,0.000291618,2171.18,0.26025,0.33479,1,0.122185,0.734672,0.000286464,2196.88,0.258703,0.330142,True,PGT121|4168,1313884
130_bNAb_Combinations|1313884|vc|1|2|nan|4168,1,0.00270442,0.632327,0.000291559,2171.18,0.26025,0.33479,1,0.00270442,0.598431,0.000286409,2196.88,0.258703,0.330142,False,nan|4168,1313884
130_bNAb_Combinations|1313884|vc|2|2|nan|4168,1,0.00270442,0.611224,0.000291559,2171.18,0.26025,0.33479,1,0.00270442,0.598431,0.000286409,2196.88,0.258703,0.330142,False,nan|4168,1313884
130_bNAb_Combinations|1313884|vc|3|2|nan|4168,1,0.00270442,0.584075,0.000291559,2171.18,0.26025,0.33479,1,0.00270442,0.598431,0.000286409,2196.88,0.258703,0.330142,False,nan|4168,1313884
130_bNAb_Combinations|1313884|vc|4|2|nan|4168,1,0.00270442,0.610484,0.000291559,2171.18,0.26025,0.33479,1,0.00270442,0.59843,0.000286409,2196.88,0.258703,0.330142,False,nan|4168,1313884
130_bNAb_Combinations|1313884|vc|5|2|nan|4168,1,0.00270442,0.615497,0.000291559,2171.18,0.26025,0.33479,1,0.00270442,0.598431,0.000286409,2196.88,0.258703,0.330142,False,nan|4168,1313884
130_bNAb_Combinations|1313884|vc|6|2|nan|4168,1,0.00270442,0.635415,0.000291559,2171.18,0.26025,0.33479,1,0.00270442,0.59843,0.000286409,2196.88,0.258703,0.330142,False,nan|4168,1313884
130_bNAb_Combinations|1313884|vc|7|2|nan|4168,1,0.00270442,0.582201,0.000291559,2171.18,0.26025,0.33479,1,0.00270442,0.598431,0.000286409,2196.88,0.258703,0.330142,False,nan|4168,1313884
130_bNAb_Combinations|1313884|vc|8|2|nan|4168,1,0.00270442,0.605538,0.000291559,2171.18,0.26025,0.33479,1,0.00270442,0.59843,0.000286409,2196.88,0.258703,0.330142,False,nan|4168,1313884
130_bNAb_Combinations|1313920|cc|1|1|nan|1798,1,0.00992505,0.615163,0.000291559,2171.18,0.319292,0.33479,1,0.00992505,0.59843,0.000286409,2196.88,0.317062,0.330142,False,nan|1798,1313920
130_bNAb_Combinations|1313920|cc|2|1|nan|1798,1,0.00992505,0.591683,0.000291559,2171.18,0.319292,0.33479,1,0.00992505,0.59843,0.000286409,2196.88,0.317062,0.330142,False,nan|1798,1313920
130_bNAb_Combinations|1313920|cc|3|1|nan|1798,1,0.00992505,0.633215,0.000291559,2171.18,0.319292,0.33479,1,0.00992505,0.59843,0.000286409,2196.88,0.317062,0.330142,False,nan|1798,1313920
130_bNAb_Combinations|1313920|cc|4|1|nan|1798,1,0.00992505,0.623688,0.000291559,2171.18,0.319292,0.33479,1,0.00992505,0.59843,0.000286409,2196.88,0.317062,0.330142,False,nan|1798,1313920
130_bNAb_Combinations|1313920|cc|5|1|nan|1798,1,0.00992505,0.61275,0.000291559,2171.18,0.319292,0.33479,1,0.00992505,0.59843,0.000286409,2196.88,0.317062,0.330142,False,nan|1798,1313920
130_bNAb_Combinations|1313920|cc|6|1|nan|1798,1,0.00992505,0.618733,0.000291559,2171.18,0.319292,0.33479,1,0.00992505,0.59843,0.000286409,2196.88,0.317062,0.330142,False,nan|1798,1313920
130_bNAb_Combinations|1313920|cc|7|1|nan|1798,1,0.00992505,0.584541,0.000291559,2171.18,0.319292,0.33479,1,0.00992505,0.59843,0.000286409,2196.88,0.317062,0.330142,False,nan|1798,1313920
130_bNAb_Combinations|1313920|cc|8|1|nan|1798,1,0.00992505,0.595594,0.000291559,2171.18,0.319292,0.33479,1,0.00992505,0.59843,0.000286409,2196.88,0.317062,0.330142,False,nan|1798,1313920
130_bNAb_Combinations|1313920|sample|10|nan|1798,1,0.00100044,0.712171,0.000291618,2171.18,0.319292,0.33479,1,0.00100044,0.70945,0.000286464,2196.88,0.317062,0.330142,True,PGT121|1798,1313920
130_bNAb_Combinations|1313920|sample|11|nan|1798,1,0.00598992,0.87632,0.000291618,2171.18,0.319292,0.33479,1,0.00598992,0.866673,0.000286464,2196.88,0.317062,0.330142,True,VRC07-523LS|1798,1313920
130_bNAb_Combinations|1313920|sample|12|nan|1798,1,0.00598992,0.873649,0.000291618,2171.18,0.319292,0.33479,1,0.00598992,0.872387,0.000286464,2196.88,0.317062,0.330142,True,VRC07-523LS|1798,1313920
130_bNAb_Combinations|1313920|sample|3|nan|1798,1,0.167774,0.832912,0.000291618,2171.18,0.319292,0.33479,1,0.167774,0.835708,0.000286464,2196.88,0.317062,0.330142,True,PGDM1400|1798,1313920
130_bNAb_Combinations|1313920|sample|4|nan|1798,1,0.167774,0.827598,0.000291618,2171.18,0.319292,0.33479,1,0.167774,0.824303,0.000286464,2196.88,0.317062,0.330142,True,PGDM1400|1798,1313920
130_bNAb_Combinations|1313920|sample|5|nan|1798,1,0.167774,0.825632,0.000291618,2171.18,0.319292,0.33479,1,0.167774,0.815535,0.000286464,2196.88,0.317062,0.330142,True,PGDM1400|1798,1313920
130_bNAb_Combinations|1313920|sample|6|nan|1798,1,0.167774,0.791195,0.000291618,2171.18,0.319292,0.33479,1,0.167774,0.78257,0.000286464,2196.88,0.317062,0.330142,True,PGDM1400|1798,1313920
130_bNAb_Combinations|1313920|sample|7|nan|1798,1,0.00100044,0.734348,0.000291618,2171.18,0.319292,0.33479,1,0.00100044,0.730542,0.000286464,2196.88,0.317062,0.330142,True,PGT121|1798,1313920
130_bNAb_Combinations|1313920|sample|8|nan|1798,1,0.00100044,0.726062,0.000291618,2171.18,0.319292,0.33479,1,0.00100044,0.725706,0.000286464,2196.88,0.317062,0.330142,True,PGT121|1798,1313920
130_bNAb_Combinations|1313920|sample|9|nan|1798,1,0.00100044,0.714579,0.000291618,2171.18,0.319292,0.33479,1,0.00100044,0.713393,0.000286464,2196.88,0.317062,0.330142,True,PGT121|1798,1313920
130_bNAb_Combinations|1313920|vc|1|2|nan|1798,1,0.00992505,0.575776,0.000291559,2171.18,0.319292,0.33479,1,0.00992505,0.598431,0.000286409,2196.88,0.317062,0.330142,False,nan|1798,1313920
130_bNAb_Combinations|1313920|vc|2|2|nan|1798,1,0.00992505,0.612739,0.000291559,2171.18,0.319292,0.33479,1,0.00992505,0.59843,0.000286409,2196.88,0.317062,0.330142,False,nan|1798,1313920
130_bNAb_Combinations|1313920|vc|3|2|nan|1798,1,0.00992505,0.602409,0.000291559,2171.18,0.319292,0.33479,1,0.00992505,0.59843,0.000286409,2196.88,0.317062,0.330142,False,nan|1798,1313920
130_bNAb_Combinations|1313920|vc|4|2|nan|1798,1,0.00992505,0.628995,0.000291559,2171.18,0.319292,0.33479,1,0.00992505,0.59843,0.000286409,2196.88,0.317062,0.330142,False,nan|1798,1313920
130_bNAb_Combinations|1313920|vc|5|2|nan|1798,1,0.00992505,0.630449,0.000291559,2171.18,0.319292,0.33479,1,0.00992505,0.598431,0.000286409,2196.88,0.317062,0.330142,False,nan|1798,1313920
130_bNAb_Combinations|1313920|vc|6|2|nan|1798,1,0.00992505,0.624703,0.000291559,2171.18,0.319292,0.33479,1,0.00992505,0.598431,0.000286409,2196.88,0.317062,0.330142,False,nan|1798,1313920
130_bNAb_Combinations|1313920|vc|7|2|nan|1798,1,0.00992505,0.59584,0.000291559,2171.18,0.319292,0.33479,1,0.00992505,0.59843,0.000286409,2196.88,0.317062,0.330142,False,nan|1798,1313920
130_bNAb_Combinations|1313920|vc|8|2|nan|1798,1,0.00992505,0.581452,0.000291559,2171.18,0.319292,0.33479,1,0.00992505,0.59843,0.000286409,2196.88,0.317062,0.330142,False,nan|1798,1313920
130_bNAb_Combinations|1313938|cc|1|1|TRO.11|8301,1,0.0319739,0.576121,0.000291559,2171.18,0.260209,0.334704,1,0.0319739,0.59843,0.000286409,2196.88,0.258664,0.330052,False,nan|TRO.11,1313938
130_bNAb_Combinations|1313938|cc|2|1|TRO.11|8301,1,0.0319739,0.590509,0.000291559,2171.18,0.260209,0.334704,1,0.0319739,0.59843,0.000286409,2196.88,0.258664,0.330052,False,nan|TRO.11,1313938
130_bNAb_Combinations|1313938|cc|3|1|TRO.11|8301,1,0.0319739,0.629811,0.000291559,2171.18,0.260209,0.334704,1,0.0319739,0.598431,0.000286409,2196.88,0.258664,0.330052,False,nan|TRO.11,1313938
130_bNAb_Combinations|1313938|cc|4|1|TRO.11|8301,1,0.0319739,0.59276,0.000291559,2171.18,0.260209,0.334704,1,0.0319739,0.59843,0.000286409,2196.88,0.258664,0.330052,False,nan|TRO.11,1313938
130_bNAb_Combinations|1313938|cc|5|1|TRO.11|8301,1,0.0319739,0.59493,0.000291559,2171.18,0.260209,0.334704,1,0.0319739,0.59843,0.000286409,2196.88,0.258664,0.330052,False,nan|TRO.11,1313938
130_bNAb_Combinations|1313938|cc|6|1|TRO.11|8301,1,0.0319739,0.611928,0.000291559,2171.18,0.260209,0.334704,1,0.0319739,0.59843,0.000286409,2196.88,0.258664,0.330052,False,nan|TRO.11,1313938
130_bNAb_Combinations|1313938|cc|7|1|TRO.11|8301,1,0.0319739,0.601882,0.000291559,2171.18,0.260209,0.334704,1,0.0319739,0.598431,0.000286409,2196.88,0.258664,0.330052,False,nan|TRO.11,1313938
130_bNAb_Combinations|1313938|cc|8|1|TRO.11|8301,1,0.0319739,0.587378,0.000291559,2171.18,0.260209,0.334704,1,0.0319739,0.59843,0.000286409,2196.88,0.258664,0.330052,False,nan|TRO.11,1313938
130_bNAb_Combinations|1313938|sample|10|TRO.11|8301,1,0.00010554,0.646061,0.000291618,2170.81,0.260209,0.334704,1,0.00010554,0.644624,0.000286464,2196.51,0.258664,0.330052,True,PGT121|TRO.11,1313938
130_bNAb_Combinations|1313938|sample|11|TRO.11|8301,1,0.0076017,0.76355,0.000291618,2171.18,0.260209,0.334704,1,0.0076017,0.761683,0.000286464,2196.88,0.258664,0.330052,True,VRC07-523LS|TRO.11,1313938
130_bNAb_Combinations|1313938|sample|12|TRO.11|8301,1,0.0076017,0.759117,0.000291618,2171.18,0.260209,0.334704,1,0.0076017,0.759511,0.000286464,2196.88,0.258664,0.330052,True,VRC07-523LS|TRO.11,1313938
130_bNAb_Combinations|1313938|sample|3|TRO.11|8301,1,9.97179e-05,0.998883,0.000291618,2171.18,0.260209,0.334704,1,9.97179e-05,0.997466,0.000286464,2196.88,0.258664,0.330052,True,PGDM1400|TRO.11,1313938
130_bNAb_Combinations|1313938|sample|4|TRO.11|8301,1,9.97179e-05,1.00569,0.000291618,2171.18,0.260209,0.334704,1,9.97179e-05,1.0016,0.000286464,2196.88,0.258664,0.330052,True,PGDM1400|TRO.11,1313938
130_bNAb_Combinations|1313938|sample|5|TRO.11|8301,1,9.97179e-05,1.06221,0.000291618,2171.18,0.260209,0.334704,1,9.97179e-05,1.06424,0.000286464,2196.88,0.258664,0.330052,True,PGDM1400|TRO.11,1313938
130_bNAb_Combinations|1313938|sample|6|TRO.11|8301,1,9.97179e-05,1.05272,0.000291618,2171.18,0.260209,0.334704,1,9.97179e-05,1.06281,0.000286464,2196.88,0.258664,0.330052,True,PGDM1400|TRO.11,1313938
130_bNAb_Combinations|1313938|sample|7|TRO.11|8301,1,0.00010554,0.648598,0.000291618,2170.81,0.260209,0.334704,1,0.00010554,0.648737,0.000286464,2196.51,0.258664,0.330052,True,PGT121|TRO.11,1313938
130_bNAb_Combinations|1313938|sample|8|TRO.11|8301,1,0.00010554,0.654815,0.000291618,2170.81,0.260209,0.334704,1,0.00010554,0.652256,0.000286464,2196.51,0.258664,0.330052,True,PGT121|TRO.11,1313938
130_bNAb_Combinations|1313938|sample|9|TRO.11|8301,1,0.00010554,0.644115,0.000291618,2170.81,0.260209,0.334704,1,0.00010554,0.643209,0.000286464,2196.51,0.258664,0.330052,True,PGT121|TRO.11,1313938
130_bNAb_Combinations|1313938|vc|1|2|TRO.11|8301,1,0.0319739,0.590982,0.000291559,2171.18,0.260209,0.334704,1,0.0319739,0.59843,0.000286409,2196.88,0.258664,0.330052,False,nan|TRO.11,1313938
130_bNAb_Combinations|1313938|vc|2|2|TRO.11|8301,1,0.0319739,0.604063,0.000291559,2171.18,0.260209,0.334704,1,0.0319739,0.59843,0.000286409,2196.88,0.258664,0.330052,False,nan|TRO.11,1313938
130_bNAb_Combinations|1313938|vc|3|2|TRO.11|8301,1,0.0319739,0.589612,0.000291559,2171.18,0.260209,0.334704,1,0.0319739,0.59843,0.000286409,2196.88,0.258664,0.330052,False,nan|TRO.11,1313938
130_bNAb_Combinations|1313938|vc|4|2|TRO.11|8301,1,0.0319739,0.658697,0.000291559,2171.18,0.260209,0.334704,1,0.0319739,0.59843,0.000286409,2196.88,0.258664,0.330052,False,nan|TRO.11,1313938
130_bNAb_Combinations|1313938|vc|5|2|TRO.11|8301,1,0.0319739,0.600583,0.000291559,2171.18,0.260209,0.334704,1,0.0319739,0.59843,0.000286409,2196.88,0.258664,0.330052,False,nan|TRO.11,1313938
130_bNAb_Combinations|1313938|vc|6|2|TRO.11|8301,1,0.0319739,0.60767,0.000291559,2171.18,0.260209,0.334704,1,0.0319739,0.59843,0.000286409,2196.88,0.258664,0.330052,False,nan|TRO.11,1313938
130_bNAb_Combinations|1313938|vc|7|2|TRO.11|8301,1,0.0319739,0.619654,0.000291559,2171.18,0.260209,0.334704,1,0.0319739,0.59843,0.000286409,2196.88,0.258664,0.330052,False,nan|TRO.11,1313938
130_bNAb_Combinations|1313938|vc|8|2|TRO.11|8301,1,0.0319739,0.568547,0.000291559,2171.18,0.260209,0.334704,1,0.0319739,0.598431,0.000286409,2196.88,0.258664,0.330052,False,nan|TRO.11,1313938
130_bNAb_Combinations|1313956|cc|1|1|Ce1176_A3|7023,1,0.0151239,0.611699,0.000291559,2171.18,0.426346,0.334791,1,0.0151239,0.59843,0.000286409,2196.88,0.422452,0.330143,False,nan|Ce1176_A3,1313956
130_bNAb_Combinations|1313956|cc|2|1|Ce1176_A3|7023,1,0.0151239,0.617595,0.000291559,2171.18,0.426346,0.334791,1,0.0151239,0.59843,0.000286409,2196.88,0.422452,0.330143,False,nan|Ce1176_A3,1313956
130_bNAb_Combinations|1313956|cc|3|1|Ce1176_A3|7023,1,0.0151239,0.592007,0.000291559,2171.18,0.426346,0.334791,1,0.0151239,0.598431,0.000286409,2196.88,0.422452,0.330143,False,nan|Ce1176_A3,1313956
130_bNAb_Combinations|1313956|cc|4|1|Ce1176_A3|7023,1,0.0151239,0.603611,0.000291559,2171.18,0.426346,0.334791,1,0.0151239,0.598431,0.000286409,2196.88,0.422452,0.330143,False,nan|Ce1176_A3,1313956
130_bNAb_Combinations|1313956|cc|5|1|Ce1176_A3|7023,1,0.0151239,0.593434,0.000291559,2171.18,0.426346,0.334791,1,0.0151239,0.59843,0.000286409,2196.88,0.422452,0.330143,False,nan|Ce1176_A3,1313956
130_bNAb_Combinations|1313956|cc|6|1|Ce1176_A3|7023,1,0.0151239,0.615192,0.000291559,2171.18,0.426346,0.334791,1,0.0151239,0.59843,0.000286409,2196.88,0.422452,0.330143,False,nan|Ce1176_A3,1313956
130_bNAb_Combinations|1313956|cc|7|1|Ce1176_A3|7023,1,0.0151239,0.6038,0.000291559,2171.18,0.426346,0.334791,1,0.0151239,0.598431,0.000286409,2196.88,0.422452,0.330143,False,nan|Ce1176_A3,1313956
130_bNAb_Combinations|1313956|cc|8|1|Ce1176_A3|7023,1,0.0151239,0.60429,0.000291559,2171.18,0.426346,0.334791,1,0.0151239,0.59843,0.000286409,2196.88,0.422452,0.330143,False,nan|Ce1176_A3,1313956
130_bNAb_Combinations|1313956|sample|10|Ce1176_A3|7023,1,0.00372285,0.651569,0.000291618,2171.18,0.426346,0.334791,1,0.00372285,0.647451,0.000286464,2196.88,0.422452,0.330143,True,PGT121|Ce1176_A3,1313956
130_bNAb_Combinations|1313956|sample|11|Ce1176_A3|7023,1,0.00268185,0.853299,0.000291618,2171.18,0.426346,0.334791,1,0.00268185,0.852774,0.000286464,2196.88,0.422452,0.330143,True,VRC07-523LS|Ce1176_A3,1313956
130_bNAb_Combinations|1313956|sample|12|Ce1176_A3|7023,1,0.00268185,0.846728,0.000291618,2171.18,0.426346,0.334791,1,0.00268185,0.843602,0.000286464,2196.88,0.422452,0.330143,True,VRC07-523LS|Ce1176_A3,1313956
130_bNAb_Combinations|1313956|sample|3|Ce1176_A3|7023,1,8.79505e-05,1.13934,0.000291618,2171.18,0.426346,0.334791,1,8.79505e-05,1.13235,0.000286464,2196.88,0.422452,0.330143,True,PGDM1400|Ce1176_A3,1313956
130_bNAb_Combinations|1313956|sample|4|Ce1176_A3|7023,1,8.79505e-05,1.14608,0.000291618,2171.18,0.426346,0.334791,1,8.79505e-05,1.13121,0.000286464,2196.88,0.422452,0.330143,True,PGDM1400|Ce1176_A3,1313956
130_bNAb_Combinations|1313956|sample|5|Ce1176_A3|7023,1,8.79505e-05,1.65119,0.000291618,2171.18,0.426346,0.334791,1,8.79505e-05,1.62329,0.000286464,2196.88,0.422452,0.330143,True,PGDM1400|Ce1176_A3,1313956
130_bNAb_Combinations|1313956|sample|6|Ce1176_A3|7023,1,8.79505e-05,1.62335,0.000291618,2171.18,0.426346,0.334791,1,8.79505e-05,1.6132,0.000286464,2196.88,0.422452,0.330143,True,PGDM1400|Ce1176_A3,1313956
130_bNAb_Combinations|1313956|sample|7|Ce1176_A3|7023,1,0.00372285,0.663777,0.000291618,2171.18,0.426346,0.334791,1,0.00372285,0.659265,0.000286464,2196.88,0.422452,0.330143,True,PGT121|Ce1176_A3,1313956
130_bNAb_Combinations|1313956|sample|8|Ce1176_A3|7023,1,0.00372285,0.657821,0.000291618,2171.18,0.426346,0.334791,1,0.00372285,0.662103,0.000286464,2196.88,0.422452,0.330143,True,PGT121|Ce1176_A3,1313956
130_bNAb_Combinations|1313956|sample|9|Ce1176_A3|7023,1,0.00372285,0.65221,0.000291618,2171.18,0.426346,0.334791,1,0.00372285,0.650808,0.000286464,2196.88,0.422452,0.330143,True,PGT121|Ce1176_A3,1313956
130_bNAb_Combinations|1313956|vc|1|2|Ce1176_A3|7023,1,0.0151239,0.601487,0.000291559,2171.18,0.426346,0.334791,1,0.0151239,0.59843,0.000286409,2196.88,0.422452,0.330143,False,nan|Ce1176_A3,1313956
130_bNAb_Combinations|1313956|vc|2|2|Ce1176_A3|7023,1,0.0151239,0.597208,0.000291559,2171.18,0.426346,0.334791,1,0.0151239,0.598431,0.000286409,2196.88,0.422452,0.330143,False,nan|Ce1176_A3,1313956
130_bNAb_Combinations|1313956|vc|3|2|Ce1176_A3|7023,1,0.0151239,0.610757,0.000291559,2171.18,0.426346,0.334791,1,0.0151239,0.598431,0.000286409,2196.88,0.422452,0.330143,False,nan|Ce1176_A3,1313956
130_bNAb_Combinations|1313956|vc|4|2|Ce1176_A3|7023,1,0.0151239,0.597505,0.000291559,2171.18,0.426346,0.334791,1,0.0151239,0.59843,0.000286409,2196.88,0.422452,0.330143,False,nan|Ce1176_A3,1313956
130_bNAb_Combinations|1313956|vc|5|2|Ce1176_A3|7023,1,0.0151239,0.606247,0.000291559,2171.18,0.426346,0.334791,1,0.0151239,0.598431,0.000286409,2196.88,0.422452,0.330143,False,nan|Ce1176_A3,1313956
130_bNAb_Combinations|1313956|vc|6|2|Ce1176_A3|7023,1,0.0151239,0.592839,0.000291559,2171.18,0.426346,0.334791,1,0.0151239,0.598431,0.000286409,2196.88,0.422452,0.330143,False,nan|Ce1176_A3,1313956
130_bNAb_Combinations|1313956|vc|7|2|Ce1176_A3|7023,1,0.0151239,0.605341,0.000291559,2171.18,0.426346,0.334791,1,0.0151239,0.59843,0.000286409,2196.88,0.422452,0.330143,False,nan|Ce1176_A3,1313956
130_bNAb_Combinations|1313956|vc|8|2|Ce1176_A3|7023,1,0.0151239,0.597156,0.000291559,2171.18,0.426346,0.334791,1,0.0151239,0.598431,0.000286409,2196.88,0.422452,0.330143,False,nan|Ce1176_A3,1313956
130_bNAb_Combinations|1313974|cc|1|1|nan|1176,1,0.00194083,0.603185,0.000291559,2171.18,0.260189,0.334881,1,0.00194083,0.598431,0.000286409,2196.88,0.258645,0.330232,False,nan|1176,1313974
130_bNAb_Combinations|1313974|cc|2|1|nan|1176,1,0.00194083,0.602419,0.000291559,2171.18,0.260189,0.334881,1,0.00194083,0.59843,0.000286409,2196.88,0.258645,0.330232,False,nan|1176,1313974
130_bNAb_Combinations|1313974|cc|3|1|nan|1176,1,0.00194083,0.637301,0.000291559,2171.18,0.260189,0.334881,1,0.00194083,0.598431,0.000286409,2196.88,0.258645,0.330232,False,nan|1176,1313974
130_bNAb_Combinations|1313974|cc|4|1|nan|1176,1,0.00194083,0.61211,0.000291559,2171.18,0.260189,0.334881,1,0.00194083,0.598431,0.000286409,2196.88,0.258645,0.330232,False,nan|1176,1313974
130_bNAb_Combinations|1313974|cc|5|1|nan|1176,1,0.00194083,0.609982,0.000291559,2171.18,0.260189,0.334881,1,0.00194083,0.59843,0.000286409,2196.88,0.258645,0.330232,False,nan|1176,1313974
130_bNAb_Combinations|1313974|cc|6|1|nan|1176,1,0.00194083,0.593498,0.000291559,2171.18,0.260189,0.334881,1,0.00194083,0.598431,0.000286409,2196.88,0.258645,0.330232,False,nan|1176,1313974
130_bNAb_Combinations|1313974|cc|7|1|nan|1176,1,0.00194083,0.593142,0.000291559,2171.18,0.260189,0.334881,1,0.00194083,0.59843,0.000286409,2196.88,0.258645,0.330232,False,nan|1176,1313974
130_bNAb_Combinations|1313974|cc|8|1|nan|1176,1,0.00194083,0.612156,0.000291559,2171.18,0.260189,0.334881,1,0.00194083,0.598431,0.000286409,2196.88,0.258645,0.330232,False,nan|1176,1313974
130_bNAb_Combinations|1313974|sample|10|nan|1176,1,0.171019,0.950901,0.000291618,2171.18,0.260189,0.334881,1,0.171019,0.936437,0.000286464,2196.88,0.258645,0.330232,True,PGT121|1176,1313974
130_bNAb_Combinations|1313974|sample|11|nan|1176,1,0.000367516,0.736173,0.000291618,2171.18,0.260189,0.334881,1,0.000367516,0.731727,0.000286464,2196.88,0.258645,0.330232,True,VRC07-523LS|1176,1313974
130_bNAb_Combinations|1313974|sample|12|nan|1176,1,0.000367516,0.693916,0.000291618,2171.18,0.260189,0.334881,1,0.000367516,0.695932,0.000286464,2196.88,0.258645,0.330232,True,VRC07-523LS|1176,1313974
130_bNAb_Combinations|1313974|sample|3|nan|1176,1,0.0386689,0.673172,0.000291618,2171.18,0.260189,0.334881,1,0.0386689,0.672866,0.000286464,2196.88,0.258645,0.330232,True,PGDM1400|1176,1313974
130_bNAb_Combinations|1313974|sample|4|nan|1176,1,0.0386689,0.68751,0.000291618,2171.18,0.260189,0.334881,1,0.0386689,0.686019,0.000286464,2196.88,0.258645,0.330232,True,PGDM1400|1176,1313974
130_bNAb_Combinations|1313974|sample|5|nan|1176,1,0.0386689,0.690433,0.000291618,2171.18,0.260189,0.334881,1,0.0386689,0.691859,0.000286464,2196.88,0.258645,0.330232,True,PGDM1400|1176,1313974
130_bNAb_Combinations|1313974|sample|6|nan|1176,1,0.0386689,0.693565,0.000291618,2171.18,0.260189,0.334881,1,0.0386689,0.695734,0.000286464,2196.88,0.258645,0.330232,True,PGDM1400|1176,1313974
130_bNAb_Combinations|1313974|sample|7|nan|1176,1,0.171019,0.926579,0.000291618,2171.18,0.260189,0.334881,1,0.171019,0.918917,0.000286464,2196.88,0.258645,0.330232,True,PGT121|1176,1313974
130_bNAb_Combinations|1313974|sample|8|nan|1176,1,0.171019,0.945883,0.000291618,2171.18,0.260189,0.334881,1,0.171019,0.942931,0.000286464,2196.88,0.258645,0.330232,True,PGT121|1176,1313974
130_bNAb_Combinations|1313974|sample|9|nan|1176,1,0.171019,0.961317,0.000291618,2171.18,0.260189,0.334881,1,0.171019,0.939153,0.000286464,2196.88,0.258645,0.330232,True,PGT121|1176,1313974
130_bNAb_Combinations|1313974|vc|1|2|nan|1176,1,0.00194083,0.604563,0.000291559,2171.18,0.260189,0.334881,1,0.00194083,0.59843,0.000286409,2196.88,0.258645,0.330232,False,nan|1176,1313974
130_bNAb_Combinations|1313974|vc|2|2|nan|1176,1,0.00194083,0.597939,0.000291559,2171.18,0.260189,0.334881,1,0.00194083,0.59843,0.000286409,2196.88,0.258645,0.330232,False,nan|1176,1313974
130_bNAb_Combinations|1313974|vc|3|2|nan|1176,1,0.00194083,0.601571,0.000291559,2171.18,0.260189,0.334881,1,0.00194083,0.598431,0.000286409,2196.88,0.258645,0.330232,False,nan|1176,1313974
130_bNAb_Combinations|1313974|vc|4|2|nan|1176,1,0.00194083,0.604886,0.000291559,2171.18,0.260189,0.334881,1,0.00194083,0.59843,0.000286409,2196.88,0.258645,0.330232,False,nan|1176,1313974
130_bNAb_Combinations|1313974|vc|5|2|nan|1176,1,0.00194083,0.627342,0.000291559,2171.18,0.260189,0.334881,1,0.00194083,0.59843,0.000286409,2196.88,0.258645,0.330232,False,nan|1176,1313974
130_bNAb_Combinations|1313974|vc|6|2|nan|1176,1,0.00194083,0.610074,0.000291559,2171.18,0.260189,0.334881,1,0.00194083,0.59843,0.000286409,2196.88,0.258645,0.330232,False,nan|1176,1313974
130_bNAb_Combinations|1313974|vc|7|2|nan|1176,1,0.00194083,0.598589,0.000291559,2171.18,0.260189,0.334881,1,0.00194083,0.59843,0.000286409,2196.88,0.258645,0.330232,False,nan|1176,1313974
130_bNAb_Combinations|1313974|vc|8|2|nan|1176,1,0.00194083,0.609623,0.000291559,2171.18,0.260189,0.334881,1,0.00194083,0.598431,0.000286409,2196.88,0.258645,0.330232,False,nan|1176,1313974
130_bNAb_Combinations|1313992|cc|1|1|RHPA4259.7|5371,1,0.0163632,0.601511,0.000291559,2171.18,0.260163,0.334787,1,0.0163632,0.59843,0.000286409,2196.88,0.258618,0.330138,False,nan|RHPA4259.7,1313992
130_bNAb_Combinations|1313992|cc|2|1|RHPA4259.7|5371,1,0.0163632,0.632697,0.000291559,2171.18,0.260163,0.334787,1,0.0163632,0.59843,0.000286409,2196.88,0.258618,0.330138,False,nan|RHPA4259.7,1313992
130_bNAb_Combinations|1313992|cc|3|1|RHPA4259.7|5371,1,0.0163632,0.614651,0.000291559,2171.18,0.260163,0.334787,1,0.0163632,0.59843,0.000286409,2196.88,0.258618,0.330138,False,nan|RHPA4259.7,1313992
130_bNAb_Combinations|1313992|cc|4|1|RHPA4259.7|5371,1,0.0163632,0.629195,0.000291559,2171.18,0.260163,0.334787,1,0.0163632,0.59843,0.000286409,2196.88,0.258618,0.330138,False,nan|RHPA4259.7,1313992
130_bNAb_Combinations|1313992|cc|5|1|RHPA4259.7|5371,1,0.0163632,0.594753,0.000291559,2171.18,0.260163,0.334787,1,0.0163632,0.59843,0.000286409,2196.88,0.258618,0.330138,False,nan|RHPA4259.7,1313992
130_bNAb_Combinations|1313992|cc|6|1|RHPA4259.7|5371,1,0.0163632,0.60693,0.000291559,2171.18,0.260163,0.334787,1,0.0163632,0.59843,0.000286409,2196.88,0.258618,0.330138,False,nan|RHPA4259.7,1313992
130_bNAb_Combinations|1313992|cc|7|1|RHPA4259.7|5371,1,0.0163632,0.61982,0.000291559,2171.18,0.260163,0.334787,1,0.0163632,0.59843,0.000286409,2196.88,0.258618,0.330138,False,nan|RHPA4259.7,1313992
130_bNAb_Combinations|1313992|cc|8|1|RHPA4259.7|5371,1,0.0163632,0.58266,0.000291559,2171.18,0.260163,0.334787,1,0.0163632,0.59843,0.000286409,2196.88,0.258618,0.330138,False,nan|RHPA4259.7,1313992
130_bNAb_Combinations|1313992|sample|10|RHPA4259.7|5371,1,0.000392532,0.654267,0.000291618,2171.18,0.260163,0.334787,1,0.000392532,0.652997,0.000286464,2196.88,0.258618,0.330138,True,PGT121|RHPA4259.7,1313992
130_bNAb_Combinations|1313992|sample|11|RHPA4259.7|5371,1,0.00371625,0.637866,0.000291618,2171.22,0.260163,0.334787,1,0.00371625,0.636166,0.000286464,2196.92,0.258618,0.330138,True,VRC07-523LS|RHPA4259.7,1313992
130_bNAb_Combinations|1313992|sample|12|RHPA4259.7|5371,1,0.00371625,0.653283,0.000291618,2171.22,0.260163,0.334787,1,0.00371625,0.653083,0.000286464,2196.92,0.258618,0.330138,True,VRC07-523LS|RHPA4259.7,1313992
130_bNAb_Combinations|1313992|sample|3|RHPA4259.7|5371,1,0.0139233,0.905085,0.000291618,2171.18,0.260163,0.334787,1,0.0139233,0.900515,0.000286464,2196.88,0.258618,0.330138,True,PGDM1400|RHPA4259.7,1313992
130_bNAb_Combinations|1313992|sample|4|RHPA4259.7|5371,1,0.0139233,0.90232,0.000291618,2171.18,0.260163,0.334787,1,0.0139233,0.901299,0.000286464,2196.88,0.258618,0.330138,True,PGDM1400|RHPA4259.7,1313992
130_bNAb_Combinations|1313992|sample|5|RHPA4259.7|5371,1,0.0139233,0.895376,0.000291618,2171.18,0.260163,0.334787,1,0.0139233,0.891472,0.000286464,2196.88,0.258618,0.330138,True,PGDM1400|RHPA4259.7,1313992
130_bNAb_Combinations|1313992|sample|6|RHPA4259.7|5371,1,0.0139233,0.896669,0.000291618,2171.18,0.260163,0.334787,1,0.0139233,0.893388,0.000286464,2196.88,0.258618,0.330138,True,PGDM1400|RHPA4259.7,1313992
130_bNAb_Combinations|1313992|sample|7|RHPA4259.7|5371,1,0.000392532,0.658063,0.000291618,2171.18,0.260163,0.334787,1,0.000392532,0.65498,0.000286464,2196.88,0.258618,0.330138,True,PGT121|RHPA4259.7,1313992
130_bNAb_Combinations|1313992|sample|8|RHPA4259.7|5371,1,0.000392532,0.665471,0.000291618,2171.18,0.260163,0.334787,1,0.000392532,0.664534,0.000286464,2196.88,0.258618,0.330138,True,PGT121|RHPA4259.7,1313992
130_bNAb_Combinations|1313992|sample|9|RHPA4259.7|5371,1,0.000392532,0.656224,0.000291618,2171.18,0.260163,0.334787,1,0.000392532,0.655853,0.000286464,2196.88,0.258618,0.330138,True,PGT121|RHPA4259.7,1313992
130_bNAb_Combinations|1313992|vc|1|2|RHPA4259.7|5371,1,0.0163632,0.613101,0.000291559,2171.18,0.260163,0.334787,1,0.0163632,0.59843,0.000286409,2196.88,0.258618,0.330138,False,nan|RHPA4259.7,1313992
130_bNAb_Combinations|1313992|vc|2|2|RHPA4259.7|5371,1,0.0163632,0.60992,0.000291559,2171.18,0.260163,0.334787,1,0.0163632,0.59843,0.000286409,2196.88,0.258618,0.330138,False,nan|RHPA4259.7,1313992
130_bNAb_Combinations|1313992|vc|3|2|RHPA4259.7|5371,1,0.0163632,0.615395,0.000291559,2171.18,0.260163,0.334787,1,0.0163632,0.59843,0.000286409,2196.88,0.258618,0.330138,False,nan|RHPA4259.7,1313992
130_bNAb_Combinations|1313992|vc|4|2|RHPA4259.7|5371,1,0.0163632,0.636188,0.000291559,2171.18,0.260163,0.334787,1,0.0163632,0.59843,0.000286409,2196.88,0.258618,0.330138,False,nan|RHPA4259.7,1313992
130_bNAb_Combinations|1313992|vc|5|2|RHPA4259.7|5371,1,0.0163632,0.595228,0.000291559,2171.18,0.260163,0.334787,1,0.0163632,0.598431,0.000286409,2196.88,0.258618,0.330138,False,nan|RHPA4259.7,1313992
130_bNAb_Combinations|1313992|vc|6|2|RHPA4259.7|5371,1,0.0163632,0.610943,0.000291559,2171.18,0.260163,0.334787,1,0.0163632,0.598431,0.000286409,2196.88,0.258618,0.330138,False,nan|RHPA4259.7,1313992
130_bNAb_Combinations|1313992|vc|7|2|RHPA4259.7|5371,1,0.0163632,0.634136,0.000291559,2171.18,0.260163,0.334787,1,0.0163632,0.598431,0.000286409,2196.88,0.258618,0.330138,False,nan|RHPA4259.7,1313992
130_bNAb_Combinations|1313992|vc|8|2|RHPA4259.7|5371,1,0.0163632,0.618473,0.000291559,2171.18,0.260163,0.334787,1,0.0163632,0.59843,0.000286409,2196.88,0.258618,0.330138,False,nan|RHPA4259.7,1313992
130_bNAb_Combinations|1314016|cc|1|1|nan|3430,1,0.0166356,0.619193,0.000291559,2171.18,0.260297,0.334805,1,0.0166356,0.59843,0.000286409,2196.88,0.258753,0.330156,False,nan|3430,1314016
130_bNAb_Combinations|1314016|cc|2|1|nan|3430,1,0.0166356,0.610598,0.000291559,2171.18,0.260297,0.334805,1,0.0166356,0.59843,0.000286409,2196.88,0.258753,0.330156,False,nan|3430,1314016
130_bNAb_Combinations|1314016|cc|3|1|nan|3430,1,0.0166356,0.603579,0.000291559,2171.18,0.260297,0.334805,1,0.0166356,0.59843,0.000286409,2196.88,0.258753,0.330156,False,nan|3430,1314016
130_bNAb_Combinations|1314016|cc|4|1|nan|3430,1,0.0166356,0.630671,0.000291559,2171.18,0.260297,0.334805,1,0.0166356,0.598431,0.000286409,2196.88,0.258753,0.330156,False,nan|3430,1314016
130_bNAb_Combinations|1314016|cc|5|1|nan|3430,1,0.0166356,0.61702,0.000291559,2171.18,0.260297,0.334805,1,0.0166356,0.598431,0.000286409,2196.88,0.258753,0.330156,False,nan|3430,1314016
130_bNAb_Combinations|1314016|cc|6|1|nan|3430,1,0.0166356,0.591184,0.000291559,2171.18,0.260297,0.334805,1,0.0166356,0.598431,0.000286409,2196.88,0.258753,0.330156,False,nan|3430,1314016
130_bNAb_Combinations|1314016|cc|7|1|nan|3430,1,0.0166356,0.608379,0.000291559,2171.18,0.260297,0.334805,1,0.0166356,0.59843,0.000286409,2196.88,0.258753,0.330156,False,nan|3430,1314016
130_bNAb_Combinations|1314016|cc|8|1|nan|3430,1,0.0166356,0.618686,0.000291559,2171.18,0.260297,0.334805,1,0.0166356,0.59843,0.000286409,2196.88,0.258753,0.330156,False,nan|3430,1314016
130_bNAb_Combinations|1314016|sample|10|nan|3430,1,0.0226661,0.71438,0.000291618,2171.18,0.260297,0.334805,1,0.0226661,0.711361,0.000286464,2196.88,0.258753,0.330156,True,PGT121|3430,1314016
130_bNAb_Combinations|1314016|sample|11|nan|3430,1,0.00378149,0.69724,0.000291618,2171.18,0.260297,0.334805,1,0.00378149,0.698214,0.000286464,2196.88,0.258753,0.330156,True,VRC07-523LS|3430,1314016
130_bNAb_Combinations|1314016|sample|12|nan|3430,1,0.00378149,0.699052,0.000291618,2171.18,0.260297,0.334805,1,0.00378149,0.696996,0.000286464,2196.88,0.258753,0.330156,True,VRC07-523LS|3430,1314016
130_bNAb_Combinations|1314016|sample|3|nan|3430,1,0.00148965,0.573919,0.000291618,2171.18,0.260297,0.334805,1,0.00148965,0.570364,0.000286464,2196.88,0.258753,0.330156,True,PGDM1400|3430,1314016
130_bNAb_Combinations|1314016|sample|4|nan|3430,1,0.00148965,0.577493,0.000291618,2171.18,0.260297,0.334805,1,0.00148965,0.572695,0.000286464,2196.88,0.258753,0.330156,True,PGDM1400|3430,1314016
130_bNAb_Combinations|1314016|sample|5|nan|3430,1,0.00148965,0.576685,0.000291618,2171.18,0.260297,0.334805,1,0.00148965,0.576552,0.000286464,2196.88,0.258753,0.330156,True,PGDM1400|3430,1314016
130_bNAb_Combinations|1314016|sample|6|nan|3430,1,0.00148965,0.575112,0.000291618,2171.18,0.260297,0.334805,1,0.00148965,0.572629,0.000286464,2196.88,0.258753,0.330156,True,PGDM1400|3430,1314016
130_bNAb_Combinations|1314016|sample|7|nan|3430,1,0.0226661,0.73581,0.000291618,2171.18,0.260297,0.334805,1,0.0226661,0.732819,0.000286464,2196.88,0.258753,0.330156,True,PGT121|3430,1314016
130_bNAb_Combinations|1314016|sample|8|nan|3430,1,0.0226661,0.725681,0.000291618,2171.18,0.260297,0.334805,1,0.0226661,0.720783,0.000286464,2196.88,0.258753,0.330156,True,PGT121|3430,1314016
130_bNAb_Combinations|1314016|sample|9|nan|3430,1,0.0226661,0.711131,0.000291618,2171.18,0.260297,0.334805,1,0.0226661,0.711367,0.000286464,2196.88,0.258753,0.330156,True,PGT121|3430,1314016
130_bNAb_Combinations|1314016|vc|1|2|nan|3430,1,0.0166356,0.588469,0.000291559,2171.18,0.260297,0.334805,1,0.0166356,0.59843,0.000286409,2196.88,0.258753,0.330156,False,nan|3430,1314016
130_bNAb_Combinations|1314016|vc|2|2|nan|3430,1,0.0166356,0.629117,0.000291559,2171.18,0.260297,0.334805,1,0.0166356,0.598431,0.000286409,2196.88,0.258753,0.330156,False,nan|3430,1314016
130_bNAb_Combinations|1314016|vc|3|2|nan|3430,1,0.0166356,0.647267,0.000291559,2171.18,0.260297,0.334805,1,0.0166356,0.59843,0.000286409,2196.88,0.258753,0.330156,False,nan|3430,1314016
130_bNAb_Combinations|1314016|vc|4|2|nan|3430,1,0.0166356,0.620689,0.000291559,2171.18,0.260297,0.334805,1,0.0166356,0.59843,0.000286409,2196.88,0.258753,0.330156,False,nan|3430,1314016
130_bNAb_Combinations|1314016|vc|5|2|nan|3430,1,0.0166356,0.612766,0.000291559,2171.18,0.260297,0.334805,1,0.0166356,0.598431,0.000286409,2196.88,0.258753,0.330156,False,nan|3430,1314016
130_bNAb_Combinations|1314016|vc|6|2|nan|3430,1,0.0166356,0.602175,0.000291559,2171.18,0.260297,0.334805,1,0.0166356,0.598431,0.000286409,2196.88,0.258753,0.330156,False,nan|3430,1314016
130_bNAb_Combinations|1314016|vc|7|2|nan|3430,1,0.0166356,0.605002,0.000291559,2171.18,0.260297,0.334805,1,0.0166356,0.59843,0.000286409,2196.88,0.258753,0.330156,False,nan|3430,1314016
130_bNAb_Combinations|1314016|vc|8|2|nan|3430,1,0.0166356,0.63211,0.000291559,2171.18,0.260297,0.334805,1,0.0166356,0.59843,0.000286409,2196.88,0.258753,0.330156,False,nan|3430,1314016
130_bNAb_Combinations|1314040|cc|1|1|nan|4166,1,0.0316722,0.592624,0.000291559,2171.18,0.260224,0.699176,1,0.0316722,0.59843,0.000286409,2196.88,0.25868,0.666088,False,nan|4166,1314040
130_bNAb_Combinations|1314040|cc|2|1|nan|4166,1,0.0316722,0.600176,0.000291559,2171.18,0.260224,0.699176,1,0.0316722,0.59843,0.000286409,2196.88,0.25868,0.666088,False,nan|4166,1314040
130_bNAb_Combinations|1314040|cc|3|1|nan|4166,1,0.0316722,0.588961,0.000291559,2171.18,0.260224,0.699176,1,0.0316722,0.59843,0.000286409,2196.88,0.25868,0.666088,False,nan|4166,1314040
130_bNAb_Combinations|1314040|cc|4|1|nan|4166,1,0.0316722,0.608517,0.000291559,2171.18,0.260224,0.699176,1,0.0316722,0.598431,0.000286409,2196.88,0.25868,0.666088,False,nan|4166,1314040
130_bNAb_Combinations|1314040|cc|5|1|nan|4166,1,0.0316722,0.62128,0.000291559,2171.18,0.260224,0.699176,1,0.0316722,0.59843,0.000286409,2196.88,0.25868,0.666088,False,nan|4166,1314040
130_bNAb_Combinations|1314040|cc|6|1|nan|4166,1,0.0316722,0.579763,0.000291559,2171.18,0.260224,0.699176,1,0.0316722,0.59843,0.000286409,2196.88,0.25868,0.666088,False,nan|4166,1314040
130_bNAb_Combinations|1314040|cc|7|1|nan|4166,1,0.0316722,0.601053,0.000291559,2171.18,0.260224,0.699176,1,0.0316722,0.59843,0.000286409,2196.88,0.25868,0.666088,False,nan|4166,1314040
130_bNAb_Combinations|1314040|cc|8|1|nan|4166,1,0.0316722,0.584813,0.000291559,2171.18,0.260224,0.699176,1,0.0316722,0.59843,0.000286409,2196.88,0.25868,0.666088,False,nan|4166,1314040
130_bNAb_Combinations|1314040|sample|10|nan|4166,1,0.00380092,0.607016,0.000291618,2171.18,0.260224,0.699176,1,0.00380092,0.604676,0.000286464,2196.88,0.25868,0.666088,True,PGT121|4166,1314040
130_bNAb_Combinations|1314040|sample|11|nan|4166,1,0.0037594,0.637247,0.000291618,2171.25,0.260224,0.699176,1,0.0037594,0.640629,0.000286464,2196.96,0.25868,0.666088,True,VRC07-523LS|4166,1314040
130_bNAb_Combinations|1314040|sample|12|nan|4166,1,0.0037594,0.626892,0.000291618,2171.25,0.260224,0.699176,1,0.0037594,0.625591,0.000286464,2196.96,0.25868,0.666088,True,VRC07-523LS|4166,1314040
130_bNAb_Combinations|1314040|sample|3|nan|4166,1,0.00799894,0.594001,0.000291618,2171.18,0.260224,0.699176,1,0.00799894,0.593384,0.000286464,2196.88,0.25868,0.666088,True,PGDM1400|4166,1314040
130_bNAb_Combinations|1314040|sample|4|nan|4166,1,0.00799894,0.621228,0.000291618,2171.18,0.260224,0.699176,1,0.00799894,0.607814,0.000286464,2196.88,0.25868,0.666088,True,PGDM1400|4166,1314040
130_bNAb_Combinations|1314040|sample|5|nan|4166,1,0.00799894,0.599353,0.000291618,2171.18,0.260224,0.699176,1,0.00799894,0.596559,0.000286464,2196.88,0.25868,0.666088,True,PGDM1400|4166,1314040
130_bNAb_Combinations|1314040|sample|6|nan|4166,1,0.00799894,0.601202,0.000291618,2171.18,0.260224,0.699176,1,0.00799894,0.598912,0.000286464,2196.88,0.25868,0.666088,True,PGDM1400|4166,1314040
130_bNAb_Combinations|1314040|sample|7|nan|4166,1,0.00380092,0.624296,0.000291618,2171.18,0.260224,0.699176,1,0.00380092,0.621478,0.000286464,2196.88,0.25868,0.666088,True,PGT121|4166,1314040
130_bNAb_Combinations|1314040|sample|8|nan|4166,1,0.00380092,0.627232,0.000291618,2171.18,0.260224,0.699176,1,0.00380092,0.624955,0.000286464,2196.88,0.25868,0.666088,True,PGT121|4166,1314040
130_bNAb_Combinations|1314040|sample|9|nan|4166,1,0.00380092,0.623967,0.000291618,2171.18,0.260224,0.699176,1,0.00380092,0.618492,0.000286464,2196.88,0.25868,0.666088,True,PGT121|4166,1314040
130_bNAb_Combinations|1314040|vc|1|2|nan|4166,1,0.0316722,0.60564,0.000291559,2171.18,0.260224,0.699176,1,0.0316722,0.59843,0.000286409,2196.88,0.25868,0.666088,False,nan|4166,1314040
130_bNAb_Combinations|1314040|vc|2|2|nan|4166,1,0.0316722,0.63991,0.000291559,2171.18,0.260224,0.699176,1,0.0316722,0.598431,0.000286409,2196.88,0.25868,0.666088,False,nan|4166,1314040
130_bNAb_Combinations|1314040|vc|3|2|nan|4166,1,0.0316722,0.616428,0.000291559,2171.18,0.260224,0.699176,1,0.0316722,0.59843,0.000286409,2196.88,0.25868,0.666088,False,nan|4166,1314040
130_bNAb_Combinations|1314040|vc|4|2|nan|4166,1,0.0316722,0.62026,0.000291559,2171.18,0.260224,0.699176,1,0.0316722,0.59843,0.000286409,2196.88,0.25868,0.666088,False,nan|4166,1314040
130_bNAb_Combinations|1314040|vc|5|2|nan|4166,1,0.0316722,0.61059,0.000291559,2171.18,0.260224,0.699176,1,0.0316722,0.598431,0.000286409,2196.88,0.25868,0.666088,False,nan|4166,1314040
130_bNAb_Combinations|1314040|vc|6|2|nan|4166,1,0.0316722,0.599824,0.000291559,2171.18,0.260224,0.699176,1,0.0316722,0.59843,0.000286409,2196.88,0.25868,0.666088,False,nan|4166,1314040
130_bNAb_Combinations|1314040|vc|7|2|nan|4166,1,0.0316722,0.59371,0.000291559,2171.18,0.260224,0.699176,1,0.0316722,0.598431,0.000286409,2196.88,0.25868,0.666088,False,nan|4166,1314040
130_bNAb_Combinations|1314040|vc|8|2|nan|4166,1,0.0316722,0.602465,0.000291559,2171.18,0.260224,0.699176,1,0.0316722,0.59843,0.000286409,2196.88,0.25868,0.666088,False,nan|4166,1314040
130_bNAb_Combinations|1314058|cc|1|1|nan|2944,1,0.00640955,0.61765,0.000291559,2171.18,0.260471,0.334748,1,0.00640955,0.59843,0.000286409,2196.88,0.258925,0.330101,False,nan|2944,1314058
130_bNAb_Combinations|1314058|cc|2|1|nan|2944,1,0.00640955,0.574048,0.000291559,2171.18,0.260471,0.334748,1,0.00640955,0.598431,0.000286409,2196.88,0.258925,0.330101,False,nan|2944,1314058
130_bNAb_Combinations|1314058|cc|3|1|nan|2944,1,0.00640955,0.588614,0.000291559,2171.18,0.260471,0.334748,1,0.00640955,0.59843,0.000286409,2196.88,0.258925,0.330101,False,nan|2944,1314058
130_bNAb_Combinations|1314058|cc|4|1|nan|2944,1,0.00640955,0.614618,0.000291559,2171.18,0.260471,0.334748,1,0.00640955,0.598431,0.000286409,2196.88,0.258925,0.330101,False,nan|2944,1314058
130_bNAb_Combinations|1314058|cc|5|1|nan|2944,1,0.00640955,0.590494,0.000291559,2171.18,0.260471,0.334748,1,0.00640955,0.598431,0.000286409,2196.88,0.258925,0.330101,False,nan|2944,1314058
130_bNAb_Combinations|1314058|cc|6|1|nan|2944,1,0.00640955,0.600085,0.000291559,2171.18,0.260471,0.334748,1,0.00640955,0.59843,0.000286409,2196.88,0.258925,0.330101,False,nan|2944,1314058
130_bNAb_Combinations|1314058|cc|7|1|nan|2944,1,0.00640955,0.59839,0.000291559,2171.18,0.260471,0.334748,1,0.00640955,0.598431,0.000286409,2196.88,0.258925,0.330101,False,nan|2944,1314058
130_bNAb_Combinations|1314058|cc|8|1|nan|2944,1,0.00640955,0.593672,0.000291559,2171.18,0.260471,0.334748,1,0.00640955,0.59843,0.000286409,2196.88,0.258925,0.330101,False,nan|2944,1314058
130_bNAb_Combinations|1314058|sample|10|nan|2944,1,0.00257382,0.625966,0.000291618,2171.18,0.260471,0.334748,1,0.00257382,0.625924,0.000286464,2196.88,0.258925,0.330101,True,PGT121|2944,1314058
130_bNAb_Combinations|1314058|sample|11|nan|2944,1,0.00099598,0.749365,0.000291618,2171.18,0.260471,0.334748,1,0.00099598,0.74557,0.000286464,2196.88,0.258925,0.330101,True,VRC07-523LS|2944,1314058
130_bNAb_Combinations|1314058|sample|12|nan|2944,1,0.00099598,0.749782,0.000291618,2171.18,0.260471,0.334748,1,0.00099598,0.744429,0.000286464,2196.88,0.258925,0.330101,True,VRC07-523LS|2944,1314058
130_bNAb_Combinations|1314058|sample|3|nan|2944,1,0.00238119,0.539991,0.000291618,2171.18,0.260471,0.334748,1,0.00238119,0.54262,0.000286464,2196.88,0.258925,0.330101,True,PGDM1400|2944,1314058
130_bNAb_Combinations|1314058|sample|4|nan|2944,1,0.00238119,0.54417,0.000291618,2171.18,0.260471,0.334748,1,0.00238119,0.544638,0.000286464,2196.88,0.258925,0.330101,True,PGDM1400|2944,1314058
130_bNAb_Combinations|1314058|sample|5|nan|2944,1,0.00238119,0.528859,0.000291618,2171.18,0.260471,0.334748,1,0.00238119,0.528773,0.000286464,2196.88,0.258925,0.330101,True,PGDM1400|2944,1314058
130_bNAb_Combinations|1314058|sample|6|nan|2944,1,0.00238119,0.518152,0.000291618,2171.18,0.260471,0.334748,1,0.00238119,0.518162,0.000286464,2196.88,0.258925,0.330101,True,PGDM1400|2944,1314058
130_bNAb_Combinations|1314058|sample|7|nan|2944,1,0.00257382,0.620501,0.000291618,2171.18,0.260471,0.334748,1,0.00257382,0.618044,0.000286464,2196.88,0.258925,0.330101,True,PGT121|2944,1314058
130_bNAb_Combinations|1314058|sample|8|nan|2944,1,0.00257382,0.636286,0.000291618,2171.18,0.260471,0.334748,1,0.00257382,0.632647,0.000286464,2196.88,0.258925,0.330101,True,PGT121|2944,1314058
130_bNAb_Combinations|1314058|sample|9|nan|2944,1,0.00257382,0.623914,0.000291618,2171.18,0.260471,0.334748,1,0.00257382,0.619684,0.000286464,2196.88,0.258925,0.330101,True,PGT121|2944,1314058
130_bNAb_Combinations|1314058|vc|1|2|nan|2944,1,0.00640955,0.59728,0.000291559,2171.18,0.260471,0.334748,1,0.00640955,0.59843,0.000286409,2196.88,0.258925,0.330101,False,nan|2944,1314058
130_bNAb_Combinations|1314058|vc|2|2|nan|2944,1,0.00640955,0.609127,0.000291559,2171.18,0.260471,0.334748,1,0.00640955,0.598431,0.000286409,2196.88,0.258925,0.330101,False,nan|2944,1314058
130_bNAb_Combinations|1314058|vc|3|2|nan|2944,1,0.00640955,0.612191,0.000291559,2171.18,0.260471,0.334748,1,0.00640955,0.59843,0.000286409,2196.88,0.258925,0.330101,False,nan|2944,1314058
130_bNAb_Combinations|1314058|vc|4|2|nan|2944,1,0.00640955,0.624777,0.000291559,2171.18,0.260471,0.334748,1,0.00640955,0.59843,0.000286409,2196.88,0.258925,0.330101,False,nan|2944,1314058
130_bNAb_Combinations|1314058|vc|5|2|nan|2944,1,0.00640955,0.600773,0.000291559,2171.18,0.260471,0.334748,1,0.00640955,0.59843,0.000286409,2196.88,0.258925,0.330101,False,nan|2944,1314058
130_bNAb_Combinations|1314058|vc|6|2|nan|2944,1,0.00640955,0.603821,0.000291559,2171.18,0.260471,0.334748,1,0.00640955,0.59843,0.000286409,2196.88,0.258925,0.330101,False,nan|2944,1314058
130_bNAb_Combinations|1314058|vc|7|2|nan|2944,1,0.00640955,0.604232,0.000291559,2171.18,0.260471,0.334748,1,0.00640955,0.59843,0.000286409,2196.88,0.258925,0.330101,False,nan|2944,1314058
130_bNAb_Combinations|1314058|vc|8|2|nan|2944,1,0.00640955,0.602068,0.000291559,2171.18,0.260471,0.334748,1,0.00640955,0.59843,0.000286409,2196.88,0.258925,0.330101,False,nan|2944,1314058
130_bNAb_Combinations|1342240|cc|1|1|nan|1798,1,0.00992505,0.613255,0.000291559,2171.18,0.22507,0.334811,1,0.00992505,0.59843,0.000286409,2196.88,0.220751,0.330162,False,nan|1798,1342240
130_bNAb_Combinations|1342240|cc|2|1|nan|1798,1,0.00992505,0.591109,0.000291559,2171.18,0.22507,0.334811,1,0.00992505,0.59843,0.000286409,2196.88,0.220751,0.330162,False,nan|1798,1342240
130_bNAb_Combinations|1342240|cc|3|1|nan|1798,1,0.00992505,0.580994,0.000291559,2171.18,0.22507,0.334811,1,0.00992505,0.59843,0.000286409,2196.88,0.220751,0.330162,False,nan|1798,1342240
130_bNAb_Combinations|1342240|cc|4|1|nan|1798,1,0.00992505,0.593904,0.000291559,2171.18,0.22507,0.334811,1,0.00992505,0.59843,0.000286409,2196.88,0.220751,0.330162,False,nan|1798,1342240
130_bNAb_Combinations|1342240|cc|5|1|nan|1798,1,0.00992505,0.604529,0.000291559,2171.18,0.22507,0.334811,1,0.00992505,0.59843,0.000286409,2196.88,0.220751,0.330162,False,nan|1798,1342240
130_bNAb_Combinations|1342240|cc|6|1|nan|1798,1,0.00992505,0.551588,0.000291559,2171.18,0.22507,0.334811,1,0.00992505,0.59843,0.000286409,2196.88,0.220751,0.330162,False,nan|1798,1342240
130_bNAb_Combinations|1342240|cc|7|1|nan|1798,1,0.00992505,0.622407,0.000291559,2171.18,0.22507,0.334811,1,0.00992505,0.598431,0.000286409,2196.88,0.220751,0.330162,False,nan|1798,1342240
130_bNAb_Combinations|1342240|cc|8|1|nan|1798,1,0.00992505,0.616686,0.000291559,2171.18,0.22507,0.334811,1,0.00992505,0.598431,0.000286409,2196.88,0.220751,0.330162,False,nan|1798,1342240
130_bNAb_Combinations|1342240|sample|3|nan|1798,1,0.00598992,0.906396,0.000291618,2171.18,0.22507,0.334811,1,0.00598992,0.906379,0.000286464,2196.88,0.220751,0.330162,True,VRC07-523LS|1798,1342240
130_bNAb_Combinations|1342240|sample|4|nan|1798,1,0.00598992,0.899672,0.000291618,2171.18,0.22507,0.334811,1,0.00598992,0.901137,0.000286464,2196.88,0.220751,0.330162,True,VRC07-523LS|1798,1342240
130_bNAb_Combinations|1342240|sample|8|nan|1798,1,0.00598992,0.774219,0.000291618,2171.18,0.22507,0.334811,1,0.00598992,0.805887,0.000286464,2196.88,0.220751,0.330162,True,VRC07-523LS|1798,1342240
130_bNAb_Combinations|1342240|vc|1|2|nan|1798,1,0.00992505,0.603074,0.000291559,2171.18,0.22507,0.334811,1,0.00992505,0.59843,0.000286409,2196.88,0.220751,0.330162,False,nan|1798,1342240
130_bNAb_Combinations|1342240|vc|2|2|nan|1798,1,0.00992505,0.601282,0.000291559,2171.18,0.22507,0.334811,1,0.00992505,0.59843,0.000286409,2196.88,0.220751,0.330162,False,nan|1798,1342240
130_bNAb_Combinations|1342240|vc|3|2|nan|1798,1,0.00992505,0.624791,0.000291559,2171.18,0.22507,0.334811,1,0.00992505,0.59843,0.000286409,2196.88,0.220751,0.330162,False,nan|1798,1342240
130_bNAb_Combinations|1342240|vc|4|2|nan|1798,1,0.00992505,0.660768,0.000291559,2171.18,0.22507,0.334811,1,0.00992505,0.598431,0.000286409,2196.88,0.220751,0.330162,False,nan|1798,1342240
130_bNAb_Combinations|1342240|vc|5|2|nan|1798,1,0.00992505,0.615394,0.000291559,2171.18,0.22507,0.334811,1,0.00992505,0.59843,0.000286409,2196.88,0.220751,0.330162,False,nan|1798,1342240
130_bNAb_Combinations|1342240|vc|6|2|nan|1798,1,0.00992505,0.605033,0.000291559,2171.18,0.22507,0.334811,1,0.00992505,0.59843,0.000286409,2196.88,0.220751,0.330162,False,nan|1798,1342240
130_bNAb_Combinations|1342240|vc|7|2|nan|1798,1,0.00992505,0.614269,0.000291559,2171.18,0.22507,0.334811,1,0.00992505,0.59843,0.000286409,2196.88,0.220751,0.330162,False,nan|1798,1342240
130_bNAb_Combinations|1342240|vc|8|2|nan|1798,1,0.00992505,0.615721,0.000291559,2171.18,0.22507,0.334811,1,0.00992505,0.598431,0.000286409,2196.88,0.220751,0.330162,False,nan|1798,1342240
130_bNAb_Combinations|1342258|cc|1|1|TRO.11|8301,1,0.0319739,0.630324,0.000291559,2171.18,0.0909123,0.334797,1,0.0319739,0.598431,0.000286409,2196.88,0.0918515,0.330149,False,nan|TRO.11,1342258
130_bNAb_Combinations|1342258|cc|2|1|TRO.11|8301,1,0.0319739,0.594704,0.000291559,2171.18,0.0909123,0.334797,1,0.0319739,0.59843,0.000286409,2196.88,0.0918515,0.330149,False,nan|TRO.11,1342258
130_bNAb_Combinations|1342258|cc|3|1|TRO.11|8301,1,0.0319739,0.594338,0.000291559,2171.18,0.0909123,0.334797,1,0.0319739,0.59843,0.000286409,2196.88,0.0918515,0.330149,False,nan|TRO.11,1342258
130_bNAb_Combinations|1342258|cc|4|1|TRO.11|8301,1,0.0319739,0.622759,0.000291559,2171.18,0.0909123,0.334797,1,0.0319739,0.59843,0.000286409,2196.88,0.0918515,0.330149,False,nan|TRO.11,1342258
130_bNAb_Combinations|1342258|cc|5|1|TRO.11|8301,1,0.0319739,0.587107,0.000291559,2171.18,0.0909123,0.334797,1,0.0319739,0.59843,0.000286409,2196.88,0.0918515,0.330149,False,nan|TRO.11,1342258
130_bNAb_Combinations|1342258|cc|6|1|TRO.11|8301,1,0.0319739,0.581067,0.000291559,2171.18,0.0909123,0.334797,1,0.0319739,0.59843,0.000286409,2196.88,0.0918515,0.330149,False,nan|TRO.11,1342258
130_bNAb_Combinations|1342258|cc|7|1|TRO.11|8301,1,0.0319739,0.603684,0.000291559,2171.18,0.0909123,0.334797,1,0.0319739,0.59843,0.000286409,2196.88,0.0918515,0.330149,False,nan|TRO.11,1342258
130_bNAb_Combinations|1342258|cc|8|1|TRO.11|8301,1,0.0319739,0.604818,0.000291559,2171.18,0.0909123,0.334797,1,0.0319739,0.59843,0.000286409,2196.88,0.0918515,0.330149,False,nan|TRO.11,1342258
130_bNAb_Combinations|1342258|sample|3|TRO.11|8301,1,0.0076017,0.759401,0.000291618,2171.18,0.0909123,0.334797,1,0.0076017,0.758447,0.000286464,2196.88,0.0918515,0.330149,True,VRC07-523LS|TRO.11,1342258
130_bNAb_Combinations|1342258|sample|4|TRO.11|8301,1,0.0076017,0.764276,0.000291618,2171.18,0.0909123,0.334797,1,0.0076017,0.764684,0.000286464,2196.88,0.0918515,0.330149,True,VRC07-523LS|TRO.11,1342258
130_bNAb_Combinations|1342258|vc|1|2|TRO.11|8301,1,0.0319739,0.612024,0.000291559,2171.18,0.0909123,0.334797,1,0.0319739,0.59843,0.000286409,2196.88,0.0918515,0.330149,False,nan|TRO.11,1342258
130_bNAb_Combinations|1342258|vc|2|2|TRO.11|8301,1,0.0319739,0.630991,0.000291559,2171.18,0.0909123,0.334797,1,0.0319739,0.59843,0.000286409,2196.88,0.0918515,0.330149,False,nan|TRO.11,1342258
130_bNAb_Combinations|1342258|vc|3|2|TRO.11|8301,1,0.0319739,0.603681,0.000291559,2171.18,0.0909123,0.334797,1,0.0319739,0.59843,0.000286409,2196.88,0.0918515,0.330149,False,nan|TRO.11,1342258
130_bNAb_Combinations|1342258|vc|4|2|TRO.11|8301,1,0.0319739,0.607484,0.000291559,2171.18,0.0909123,0.334797,1,0.0319739,0.598431,0.000286409,2196.88,0.0918515,0.330149,False,nan|TRO.11,1342258
130_bNAb_Combinations|1342258|vc|5|2|TRO.11|8301,1,0.0319739,0.580474,0.000291559,2171.18,0.0909123,0.334797,1,0.0319739,0.59843,0.000286409,2196.88,0.0918515,0.330149,False,nan|TRO.11,1342258
130_bNAb_Combinations|1342258|vc|6|2|TRO.11|8301,1,0.0319739,0.596694,0.000291559,2171.18,0.0909123,0.334797,1,0.0319739,0.59843,0.000286409,2196.88,0.0918515,0.330149,False,nan|TRO.11,1342258
130_bNAb_Combinations|1342258|vc|7|2|TRO.11|8301,1,0.0319739,0.605303,0.000291559,2171.18,0.0909123,0.334797,1,0.0319739,0.59843,0.000286409,2196.88,0.0918515,0.330149,False,nan|TRO.11,1342258
130_bNAb_Combinations|1342258|vc|8|2|TRO.11|8301,1,0.0319739,0.615989,0.000291559,2171.18,0.0909123,0.334797,1,0.0319739,0.59843,0.000286409,2196.88,0.0918515,0.330149,False,nan|TRO.11,1342258
130_bNAb_Combinations|1342276|cc|1|1|Ce1176_A3|7023,1,0.0151239,0.588418,0.000291559,2171.18,0.259941,0.33478,1,0.0151239,0.598431,0.000286409,2196.88,0.258388,0.330132,False,nan|Ce1176_A3,1342276
130_bNAb_Combinations|1342276|cc|2|1|Ce1176_A3|7023,1,0.0151239,0.60433,0.000291559,2171.18,0.259941,0.33478,1,0.0151239,0.59843,0.000286409,2196.88,0.258388,0.330132,False,nan|Ce1176_A3,1342276
130_bNAb_Combinations|1342276|cc|3|1|Ce1176_A3|7023,1,0.0151239,0.597318,0.000291559,2171.18,0.259941,0.33478,1,0.0151239,0.598431,0.000286409,2196.88,0.258388,0.330132,False,nan|Ce1176_A3,1342276
130_bNAb_Combinations|1342276|cc|4|1|Ce1176_A3|7023,1,0.0151239,0.588309,0.000291559,2171.18,0.259941,0.33478,1,0.0151239,0.59843,0.000286409,2196.88,0.258388,0.330132,False,nan|Ce1176_A3,1342276
130_bNAb_Combinations|1342276|cc|5|1|Ce1176_A3|7023,1,0.0151239,0.598753,0.000291559,2171.18,0.259941,0.33478,1,0.0151239,0.598431,0.000286409,2196.88,0.258388,0.330132,False,nan|Ce1176_A3,1342276
130_bNAb_Combinations|1342276|cc|6|1|Ce1176_A3|7023,1,0.0151239,0.60342,0.000291559,2171.18,0.259941,0.33478,1,0.0151239,0.59843,0.000286409,2196.88,0.258388,0.330132,False,nan|Ce1176_A3,1342276
130_bNAb_Combinations|1342276|cc|7|1|Ce1176_A3|7023,1,0.0151239,0.608014,0.000291559,2171.18,0.259941,0.33478,1,0.0151239,0.59843,0.000286409,2196.88,0.258388,0.330132,False,nan|Ce1176_A3,1342276
130_bNAb_Combinations|1342276|cc|8|1|Ce1176_A3|7023,1,0.0151239,0.618562,0.000291559,2171.18,0.259941,0.33478,1,0.0151239,0.59843,0.000286409,2196.88,0.258388,0.330132,False,nan|Ce1176_A3,1342276
130_bNAb_Combinations|1342276|sample|3|Ce1176_A3|7023,1,0.00268185,0.875384,0.000291618,2171.18,0.259941,0.33478,1,0.00268185,0.872248,0.000286464,2196.88,0.258388,0.330132,True,VRC07-523LS|Ce1176_A3,1342276
130_bNAb_Combinations|1342276|sample|4|Ce1176_A3|7023,1,0.00268185,0.88407,0.000291618,2171.18,0.259941,0.33478,1,0.00268185,0.885187,0.000286464,2196.88,0.258388,0.330132,True,VRC07-523LS|Ce1176_A3,1342276
130_bNAb_Combinations|1342276|vc|1|2|Ce1176_A3|7023,1,0.0151239,0.615094,0.000291559,2171.18,0.259941,0.33478,1,0.0151239,0.59843,0.000286409,2196.88,0.258388,0.330132,False,nan|Ce1176_A3,1342276
130_bNAb_Combinations|1342276|vc|2|2|Ce1176_A3|7023,1,0.0151239,0.604383,0.000291559,2171.18,0.259941,0.33478,1,0.0151239,0.59843,0.000286409,2196.88,0.258388,0.330132,False,nan|Ce1176_A3,1342276
130_bNAb_Combinations|1342276|vc|3|2|Ce1176_A3|7023,1,0.0151239,0.580147,0.000291559,2171.18,0.259941,0.33478,1,0.0151239,0.598431,0.000286409,2196.88,0.258388,0.330132,False,nan|Ce1176_A3,1342276
130_bNAb_Combinations|1342276|vc|4|2|Ce1176_A3|7023,1,0.0151239,0.588359,0.000291559,2171.18,0.259941,0.33478,1,0.0151239,0.59843,0.000286409,2196.88,0.258388,0.330132,False,nan|Ce1176_A3,1342276
130_bNAb_Combinations|1342276|vc|5|2|Ce1176_A3|7023,1,0.0151239,0.640671,0.000291559,2171.18,0.259941,0.33478,1,0.0151239,0.598431,0.000286409,2196.88,0.258388,0.330132,False,nan|Ce1176_A3,1342276
130_bNAb_Combinations|1342276|vc|6|2|Ce1176_A3|7023,1,0.0151239,0.583205,0.000291559,2171.18,0.259941,0.33478,1,0.0151239,0.59843,0.000286409,2196.88,0.258388,0.330132,False,nan|Ce1176_A3,1342276
130_bNAb_Combinations|1342276|vc|7|2|Ce1176_A3|7023,1,0.0151239,0.603479,0.000291559,2171.18,0.259941,0.33478,1,0.0151239,0.598431,0.000286409,2196.88,0.258388,0.330132,False,nan|Ce1176_A3,1342276
130_bNAb_Combinations|1342276|vc|8|2|Ce1176_A3|7023,1,0.0151239,0.599599,0.000291559,2171.18,0.259941,0.33478,1,0.0151239,0.598431,0.000286409,2196.88,0.258388,0.330132,False,nan|Ce1176_A3,1342276
130_bNAb_Combinations|1342294|cc|1|1|nan|1176,1,0.00194083,0.584263,0.000291559,2171.18,0.259956,0.334792,1,0.00194083,0.598431,0.000286409,2196.88,0.258411,0.330144,False,nan|1176,1342294
130_bNAb_Combinations|1342294|cc|2|1|nan|1176,1,0.00194083,0.617335,0.000291559,2171.18,0.259956,0.334792,1,0.00194083,0.59843,0.000286409,2196.88,0.258411,0.330144,False,nan|1176,1342294
130_bNAb_Combinations|1342294|cc|3|1|nan|1176,1,0.00194083,0.598116,0.000291559,2171.18,0.259956,0.334792,1,0.00194083,0.59843,0.000286409,2196.88,0.258411,0.330144,False,nan|1176,1342294
130_bNAb_Combinations|1342294|cc|4|1|nan|1176,1,0.00194083,0.607365,0.000291559,2171.18,0.259956,0.334792,1,0.00194083,0.59843,0.000286409,2196.88,0.258411,0.330144,False,nan|1176,1342294
130_bNAb_Combinations|1342294|cc|5|1|nan|1176,1,0.00194083,0.600153,0.000291559,2171.18,0.259956,0.334792,1,0.00194083,0.59843,0.000286409,2196.88,0.258411,0.330144,False,nan|1176,1342294
130_bNAb_Combinations|1342294|cc|6|1|nan|1176,1,0.00194083,0.588925,0.000291559,2171.18,0.259956,0.334792,1,0.00194083,0.598431,0.000286409,2196.88,0.258411,0.330144,False,nan|1176,1342294
130_bNAb_Combinations|1342294|cc|7|1|nan|1176,1,0.00194083,0.613417,0.000291559,2171.18,0.259956,0.334792,1,0.00194083,0.59843,0.000286409,2196.88,0.258411,0.330144,False,nan|1176,1342294
130_bNAb_Combinations|1342294|cc|8|1|nan|1176,1,0.00194083,0.592075,0.000291559,2171.18,0.259956,0.334792,1,0.00194083,0.59843,0.000286409,2196.88,0.258411,0.330144,False,nan|1176,1342294
130_bNAb_Combinations|1342294|sample|3|nan|1176,1,0.000367516,0.726865,0.000291618,2171.18,0.259956,0.334792,1,0.000367516,0.72547,0.000286464,2196.88,0.258411,0.330144,True,VRC07-523LS|1176,1342294
130_bNAb_Combinations|1342294|sample|4|nan|1176,1,0.000367516,0.733647,0.000291618,2171.18,0.259956,0.334792,1,0.000367516,0.731827,0.000286464,2196.88,0.258411,0.330144,True,VRC07-523LS|1176,1342294
130_bNAb_Combinations|1342294|sample|8|nan|1176,1,0.000367516,0.847648,0.000291618,2171.18,0.259956,0.334792,1,0.000367516,0.805888,0.000286464,2196.88,0.258411,0.330144,True,VRC07-523LS|1176,1342294
130_bNAb_Combinations|1342294|vc|1|2|nan|1176,1,0.00194083,0.588697,0.000291559,2171.18,0.259956,0.334792,1,0.00194083,0.59843,0.000286409,2196.88,0.258411,0.330144,False,nan|1176,1342294
130_bNAb_Combinations|1342294|vc|2|2|nan|1176,1,0.00194083,0.631889,0.000291559,2171.18,0.259956,0.334792,1,0.00194083,0.59843,0.000286409,2196.88,0.258411,0.330144,False,nan|1176,1342294
130_bNAb_Combinations|1342294|vc|3|2|nan|1176,1,0.00194083,0.589448,0.000291559,2171.18,0.259956,0.334792,1,0.00194083,0.598431,0.000286409,2196.88,0.258411,0.330144,False,nan|1176,1342294
130_bNAb_Combinations|1342294|vc|4|2|nan|1176,1,0.00194083,0.626269,0.000291559,2171.18,0.259956,0.334792,1,0.00194083,0.59843,0.000286409,2196.88,0.258411,0.330144,False,nan|1176,1342294
130_bNAb_Combinations|1342294|vc|5|2|nan|1176,1,0.00194083,0.596317,0.000291559,2171.18,0.259956,0.334792,1,0.00194083,0.598431,0.000286409,2196.88,0.258411,0.330144,False,nan|1176,1342294
130_bNAb_Combinations|1342294|vc|6|2|nan|1176,1,0.00194083,0.596839,0.000291559,2171.18,0.259956,0.334792,1,0.00194083,0.598431,0.000286409,2196.88,0.258411,0.330144,False,nan|1176,1342294
130_bNAb_Combinations|1342294|vc|7|2|nan|1176,1,0.00194083,0.586825,0.000291559,2171.18,0.259956,0.334792,1,0.00194083,0.59843,0.000286409,2196.88,0.258411,0.330144,False,nan|1176,1342294
130_bNAb_Combinations|1342294|vc|8|2|nan|1176,1,0.00194083,0.612055,0.000291559,2171.18,0.259956,0.334792,1,0.00194083,0.59843,0.000286409,2196.88,0.258411,0.330144,False,nan|1176,1342294
130_bNAb_Combinations|1342312|cc|1|1|RHPA4259.7|5371,1,0.0163632,0.578404,0.000291559,2171.18,0.260295,0.33479,1,0.0163632,0.59843,0.000286409,2196.88,0.258751,0.330142,False,nan|RHPA4259.7,1342312
130_bNAb_Combinations|1342312|cc|2|1|RHPA4259.7|5371,1,0.0163632,0.595463,0.000291559,2171.18,0.260295,0.33479,1,0.0163632,0.59843,0.000286409,2196.88,0.258751,0.330142,False,nan|RHPA4259.7,1342312
130_bNAb_Combinations|1342312|cc|3|1|RHPA4259.7|5371,1,0.0163632,0.605865,0.000291559,2171.18,0.260295,0.33479,1,0.0163632,0.598431,0.000286409,2196.88,0.258751,0.330142,False,nan|RHPA4259.7,1342312
130_bNAb_Combinations|1342312|cc|4|1|RHPA4259.7|5371,1,0.0163632,0.59613,0.000291559,2171.18,0.260295,0.33479,1,0.0163632,0.598431,0.000286409,2196.88,0.258751,0.330142,False,nan|RHPA4259.7,1342312
130_bNAb_Combinations|1342312|cc|5|1|RHPA4259.7|5371,1,0.0163632,0.608396,0.000291559,2171.18,0.260295,0.33479,1,0.0163632,0.59843,0.000286409,2196.88,0.258751,0.330142,False,nan|RHPA4259.7,1342312
130_bNAb_Combinations|1342312|cc|6|1|RHPA4259.7|5371,1,0.0163632,0.591868,0.000291559,2171.18,0.260295,0.33479,1,0.0163632,0.59843,0.000286409,2196.88,0.258751,0.330142,False,nan|RHPA4259.7,1342312
130_bNAb_Combinations|1342312|cc|7|1|RHPA4259.7|5371,1,0.0163632,0.604329,0.000291559,2171.18,0.260295,0.33479,1,0.0163632,0.59843,0.000286409,2196.88,0.258751,0.330142,False,nan|RHPA4259.7,1342312
130_bNAb_Combinations|1342312|cc|8|1|RHPA4259.7|5371,1,0.0163632,0.618914,0.000291559,2171.18,0.260295,0.33479,1,0.0163632,0.59843,0.000286409,2196.88,0.258751,0.330142,False,nan|RHPA4259.7,1342312
130_bNAb_Combinations|1342312|sample|3|RHPA4259.7|5371,1,0.00371625,0.68272,0.000291618,2171.22,0.260295,0.33479,1,0.00371625,0.67804,0.000286464,2196.92,0.258751,0.330142,True,VRC07-523LS|RHPA4259.7,1342312
130_bNAb_Combinations|1342312|sample|4|RHPA4259.7|5371,1,0.00371625,0.67894,0.000291618,2171.22,0.260295,0.33479,1,0.00371625,0.67387,0.000286464,2196.92,0.258751,0.330142,True,VRC07-523LS|RHPA4259.7,1342312
130_bNAb_Combinations|1342312|vc|1|2|RHPA4259.7|5371,1,0.0163632,0.590816,0.000291559,2171.18,0.260295,0.33479,1,0.0163632,0.59843,0.000286409,2196.88,0.258751,0.330142,False,nan|RHPA4259.7,1342312
130_bNAb_Combinations|1342312|vc|2|2|RHPA4259.7|5371,1,0.0163632,0.584637,0.000291559,2171.18,0.260295,0.33479,1,0.0163632,0.598431,0.000286409,2196.88,0.258751,0.330142,False,nan|RHPA4259.7,1342312
130_bNAb_Combinations|1342312|vc|3|2|RHPA4259.7|5371,1,0.0163632,0.604839,0.000291559,2171.18,0.260295,0.33479,1,0.0163632,0.59843,0.000286409,2196.88,0.258751,0.330142,False,nan|RHPA4259.7,1342312
130_bNAb_Combinations|1342312|vc|4|2|RHPA4259.7|5371,1,0.0163632,0.627084,0.000291559,2171.18,0.260295,0.33479,1,0.0163632,0.59843,0.000286409,2196.88,0.258751,0.330142,False,nan|RHPA4259.7,1342312
130_bNAb_Combinations|1342312|vc|5|2|RHPA4259.7|5371,1,0.0163632,0.601299,0.000291559,2171.18,0.260295,0.33479,1,0.0163632,0.598431,0.000286409,2196.88,0.258751,0.330142,False,nan|RHPA4259.7,1342312
130_bNAb_Combinations|1342312|vc|6|2|RHPA4259.7|5371,1,0.0163632,0.605766,0.000291559,2171.18,0.260295,0.33479,1,0.0163632,0.598431,0.000286409,2196.88,0.258751,0.330142,False,nan|RHPA4259.7,1342312
130_bNAb_Combinations|1342312|vc|7|2|RHPA4259.7|5371,1,0.0163632,0.610469,0.000291559,2171.18,0.260295,0.33479,1,0.0163632,0.59843,0.000286409,2196.88,0.258751,0.330142,False,nan|RHPA4259.7,1342312
130_bNAb_Combinations|1342312|vc|8|2|RHPA4259.7|5371,1,0.0163632,0.61915,0.000291559,2171.18,0.260295,0.33479,1,0.0163632,0.59843,0.000286409,2196.88,0.258751,0.330142,False,nan|RHPA4259.7,1342312
130_bNAb_Combinations|1342336|cc|1|1|nan|3430,1,0.0166356,0.622477,0.000291559,2171.18,0.260209,0.334791,1,0.0166356,0.59843,0.000286409,2196.88,0.258664,0.330142,False,nan|3430,1342336
130_bNAb_Combinations|1342336|cc|2|1|nan|3430,1,0.0166356,0.601588,0.000291559,2171.18,0.260209,0.334791,1,0.0166356,0.598431,0.000286409,2196.88,0.258664,0.330142,False,nan|3430,1342336
130_bNAb_Combinations|1342336|cc|3|1|nan|3430,1,0.0166356,0.607604,0.000291559,2171.18,0.260209,0.334791,1,0.0166356,0.59843,0.000286409,2196.88,0.258664,0.330142,False,nan|3430,1342336
130_bNAb_Combinations|1342336|cc|4|1|nan|3430,1,0.0166356,0.617895,0.000291559,2171.18,0.260209,0.334791,1,0.0166356,0.59843,0.000286409,2196.88,0.258664,0.330142,False,nan|3430,1342336
130_bNAb_Combinations|1342336|cc|5|1|nan|3430,1,0.0166356,0.602852,0.000291559,2171.18,0.260209,0.334791,1,0.0166356,0.59843,0.000286409,2196.88,0.258664,0.330142,False,nan|3430,1342336
130_bNAb_Combinations|1342336|cc|6|1|nan|3430,1,0.0166356,0.61205,0.000291559,2171.18,0.260209,0.334791,1,0.0166356,0.59843,0.000286409,2196.88,0.258664,0.330142,False,nan|3430,1342336
130_bNAb_Combinations|1342336|cc|7|1|nan|3430,1,0.0166356,0.568891,0.000291559,2171.18,0.260209,0.334791,1,0.0166356,0.59843,0.000286409,2196.88,0.258664,0.330142,False,nan|3430,1342336
130_bNAb_Combinations|1342336|cc|8|1|nan|3430,1,0.0166356,0.618695,0.000291559,2171.18,0.260209,0.334791,1,0.0166356,0.598431,0.000286409,2196.88,0.258664,0.330142,False,nan|3430,1342336
130_bNAb_Combinations|1342336|sample|3|nan|3430,1,0.00378149,0.708492,0.000291618,2171.18,0.260209,0.334791,1,0.00378149,0.703396,0.000286464,2196.88,0.258664,0.330142,True,VRC07-523LS|3430,1342336
130_bNAb_Combinations|1342336|sample|4|nan|3430,1,0.00378149,0.708419,0.000291618,2171.18,0.260209,0.334791,1,0.00378149,0.705679,0.000286464,2196.88,0.258664,0.330142,True,VRC07-523LS|3430,1342336
130_bNAb_Combinations|1342336|sample|5|nan|3430,1,0.00378149,0.69336,0.000291618,2171.18,0.260209,0.334791,1,0.00378149,0.78319,0.000286464,2196.88,0.258664,0.330142,True,VRC07-523LS|3430,1342336
130_bNAb_Combinations|1342336|vc|1|2|nan|3430,1,0.0166356,0.613956,0.000291559,2171.18,0.260209,0.334791,1,0.0166356,0.598431,0.000286409,2196.88,0.258664,0.330142,False,nan|3430,1342336
130_bNAb_Combinations|1342336|vc|2|2|nan|3430,1,0.0166356,0.617313,0.000291559,2171.18,0.260209,0.334791,1,0.0166356,0.598431,0.000286409,2196.88,0.258664,0.330142,False,nan|3430,1342336
130_bNAb_Combinations|1342336|vc|3|2|nan|3430,1,0.0166356,0.632665,0.000291559,2171.18,0.260209,0.334791,1,0.0166356,0.59843,0.000286409,2196.88,0.258664,0.330142,False,nan|3430,1342336
130_bNAb_Combinations|1342336|vc|4|2|nan|3430,1,0.0166356,0.621438,0.000291559,2171.18,0.260209,0.334791,1,0.0166356,0.59843,0.000286409,2196.88,0.258664,0.330142,False,nan|3430,1342336
130_bNAb_Combinations|1342336|vc|5|2|nan|3430,1,0.0166356,0.61774,0.000291559,2171.18,0.260209,0.334791,1,0.0166356,0.598431,0.000286409,2196.88,0.258664,0.330142,False,nan|3430,1342336
130_bNAb_Combinations|1342336|vc|6|2|nan|3430,1,0.0166356,0.603514,0.000291559,2171.18,0.260209,0.334791,1,0.0166356,0.598431,0.000286409,2196.88,0.258664,0.330142,False,nan|3430,1342336
130_bNAb_Combinations|1342336|vc|7|2|nan|3430,1,0.0166356,0.584308,0.000291559,2171.18,0.260209,0.334791,1,0.0166356,0.59843,0.000286409,2196.88,0.258664,0.330142,False,nan|3430,1342336
130_bNAb_Combinations|1342336|vc|8|2|nan|3430,1,0.0166356,0.600209,0.000291559,2171.18,0.260209,0.334791,1,0.0166356,0.598431,0.000286409,2196.88,0.258664,0.330142,False,nan|3430,1342336
130_bNAb_Combinations|1342348|cc|1|1|nan|4166,1,0.0316722,0.613863,0.000291559,2171.18,0.189071,0.33462,1,0.0316722,0.598431,0.000286409,2196.88,0.181765,0.329972,False,nan|4166,1342348
130_bNAb_Combinations|1342348|cc|2|1|nan|4166,1,0.0316722,0.593793,0.000291559,2171.18,0.189071,0.33462,1,0.0316722,0.59843,0.000286409,2196.88,0.181765,0.329972,False,nan|4166,1342348
130_bNAb_Combinations|1342348|cc|3|1|nan|4166,1,0.0316722,0.577813,0.000291559,2171.18,0.189071,0.33462,1,0.0316722,0.59843,0.000286409,2196.88,0.181765,0.329972,False,nan|4166,1342348
130_bNAb_Combinations|1342348|cc|4|1|nan|4166,1,0.0316722,0.613159,0.000291559,2171.18,0.189071,0.33462,1,0.0316722,0.59843,0.000286409,2196.88,0.181765,0.329972,False,nan|4166,1342348
130_bNAb_Combinations|1342348|cc|5|1|nan|4166,1,0.0316722,0.623861,0.000291559,2171.18,0.189071,0.33462,1,0.0316722,0.59843,0.000286409,2196.88,0.181765,0.329972,False,nan|4166,1342348
130_bNAb_Combinations|1342348|cc|6|1|nan|4166,1,0.0316722,0.602544,0.000291559,2171.18,0.189071,0.33462,1,0.0316722,0.59843,0.000286409,2196.88,0.181765,0.329972,False,nan|4166,1342348
130_bNAb_Combinations|1342348|cc|7|1|nan|4166,1,0.0316722,0.590161,0.000291559,2171.18,0.189071,0.33462,1,0.0316722,0.598431,0.000286409,2196.88,0.181765,0.329972,False,nan|4166,1342348
130_bNAb_Combinations|1342348|cc|8|1|nan|4166,1,0.0316722,0.60762,0.000291559,2171.18,0.189071,0.33462,1,0.0316722,0.598431,0.000286409,2196.88,0.181765,0.329972,False,nan|4166,1342348
130_bNAb_Combinations|1342348|sample|3|nan|4166,1,0.0037594,0.65919,0.000291618,2171.25,0.189071,0.33462,1,0.0037594,0.657398,0.000286464,2196.96,0.181765,0.329972,True,VRC07-523LS|4166,1342348
130_bNAb_Combinations|1342348|sample|4|nan|4166,1,0.0037594,0.651268,0.000291618,2171.25,0.189071,0.33462,1,0.0037594,0.651961,0.000286464,2196.96,0.181765,0.329972,True,VRC07-523LS|4166,1342348
130_bNAb_Combinations|1342348|vc|1|2|nan|4166,1,0.0316722,0.600317,0.000291559,2171.18,0.189071,0.33462,1,0.0316722,0.59843,0.000286409,2196.88,0.181765,0.329972,False,nan|4166,1342348
130_bNAb_Combinations|1342348|vc|2|2|nan|4166,1,0.0316722,0.603331,0.000291559,2171.18,0.189071,0.33462,1,0.0316722,0.59843,0.000286409,2196.88,0.181765,0.329972,False,nan|4166,1342348
130_bNAb_Combinations|1342348|vc|3|2|nan|4166,1,0.0316722,0.589838,0.000291559,2171.18,0.189071,0.33462,1,0.0316722,0.59843,0.000286409,2196.88,0.181765,0.329972,False,nan|4166,1342348
130_bNAb_Combinations|1342348|vc|4|2|nan|4166,1,0.0316722,0.622285,0.000291559,2171.18,0.189071,0.33462,1,0.0316722,0.59843,0.000286409,2196.88,0.181765,0.329972,False,nan|4166,1342348
130_bNAb_Combinations|1342348|vc|5|2|nan|4166,1,0.0316722,0.618293,0.000291559,2171.18,0.189071,0.33462,1,0.0316722,0.598431,0.000286409,2196.88,0.181765,0.329972,False,nan|4166,1342348
130_bNAb_Combinations|1342348|vc|6|2|nan|4166,1,0.0316722,0.611086,0.000291559,2171.18,0.189071,0.33462,1,0.0316722,0.59843,0.000286409,2196.88,0.181765,0.329972,False,nan|4166,1342348
130_bNAb_Combinations|1342348|vc|7|2|nan|4166,1,0.0316722,0.624889,0.000291559,2171.18,0.189071,0.33462,1,0.0316722,0.59843,0.000286409,2196.88,0.181765,0.329972,False,nan|4166,1342348
130_bNAb_Combinations|1342348|vc|8|2|nan|4166,1,0.0316722,0.603827,0.000291559,2171.18,0.189071,0.33462,1,0.0316722,0.59843,0.000286409,2196.88,0.181765,0.329972,False,nan|4166,1342348
130_bNAb_Combinations|1342372|cc|1|1|nan|2944,1,0.00640955,0.585282,0.000291559,2171.18,0.260155,0.334791,1,0.00640955,0.598431,0.000286409,2196.88,0.258612,0.330142,False,nan|2944,1342372
130_bNAb_Combinations|1342372|cc|2|1|nan|2944,1,0.00640955,0.593184,0.000291559,2171.18,0.260155,0.334791,1,0.00640955,0.59843,0.000286409,2196.88,0.258612,0.330142,False,nan|2944,1342372
130_bNAb_Combinations|1342372|cc|3|1|nan|2944,1,0.00640955,0.597565,0.000291559,2171.18,0.260155,0.334791,1,0.00640955,0.59843,0.000286409,2196.88,0.258612,0.330142,False,nan|2944,1342372
130_bNAb_Combinations|1342372|cc|4|1|nan|2944,1,0.00640955,0.60405,0.000291559,2171.18,0.260155,0.334791,1,0.00640955,0.59843,0.000286409,2196.88,0.258612,0.330142,False,nan|2944,1342372
130_bNAb_Combinations|1342372|cc|5|1|nan|2944,1,0.00640955,0.6012,0.000291559,2171.18,0.260155,0.334791,1,0.00640955,0.59843,0.000286409,2196.88,0.258612,0.330142,False,nan|2944,1342372
130_bNAb_Combinations|1342372|cc|6|1|nan|2944,1,0.00640955,0.61049,0.000291559,2171.18,0.260155,0.334791,1,0.00640955,0.598431,0.000286409,2196.88,0.258612,0.330142,False,nan|2944,1342372
130_bNAb_Combinations|1342372|cc|7|1|nan|2944,1,0.00640955,0.614322,0.000291559,2171.18,0.260155,0.334791,1,0.00640955,0.59843,0.000286409,2196.88,0.258612,0.330142,False,nan|2944,1342372
130_bNAb_Combinations|1342372|cc|8|1|nan|2944,1,0.00640955,0.591554,0.000291559,2171.18,0.260155,0.334791,1,0.00640955,0.598431,0.000286409,2196.88,0.258612,0.330142,False,nan|2944,1342372
130_bNAb_Combinations|1342372|sample|3|nan|2944,1,0.00099598,0.75822,0.000291618,2171.18,0.260155,0.334791,1,0.00099598,0.756282,0.000286464,2196.88,0.258612,0.330142,True,VRC07-523LS|2944,1342372
130_bNAb_Combinations|1342372|sample|4|nan|2944,1,0.00099598,0.746583,0.000291618,2171.18,0.260155,0.334791,1,0.00099598,0.744156,0.000286464,2196.88,0.258612,0.330142,True,VRC07-523LS|2944,1342372
130_bNAb_Combinations|1342372|vc|1|2|nan|2944,1,0.00640955,0.60759,0.000291559,2171.18,0.260155,0.334791,1,0.00640955,0.59843,0.000286409,2196.88,0.258612,0.330142,False,nan|2944,1342372
130_bNAb_Combinations|1342372|vc|2|2|nan|2944,1,0.00640955,0.578685,0.000291559,2171.18,0.260155,0.334791,1,0.00640955,0.59843,0.000286409,2196.88,0.258612,0.330142,False,nan|2944,1342372
130_bNAb_Combinations|1342372|vc|3|2|nan|2944,1,0.00640955,0.596645,0.000291559,2171.18,0.260155,0.334791,1,0.00640955,0.59843,0.000286409,2196.88,0.258612,0.330142,False,nan|2944,1342372
130_bNAb_Combinations|1342372|vc|4|2|nan|2944,1,0.00640955,0.604432,0.000291559,2171.18,0.260155,0.334791,1,0.00640955,0.59843,0.000286409,2196.88,0.258612,0.330142,False,nan|2944,1342372
130_bNAb_Combinations|1342372|vc|5|2|nan|2944,1,0.00640955,0.592159,0.000291559,2171.18,0.260155,0.334791,1,0.00640955,0.598431,0.000286409,2196.88,0.258612,0.330142,False,nan|2944,1342372
130_bNAb_Combinations|1342372|vc|6|2|nan|2944,1,0.00640955,0.611593,0.000291559,2171.18,0.260155,0.334791,1,0.00640955,0.59843,0.000286409,2196.88,0.258612,0.330142,False,nan|2944,1342372
130_bNAb_Combinations|1342372|vc|7|2|nan|2944,1,0.00640955,0.618807,0.000291559,2171.18,0.260155,0.334791,1,0.00640955,0.59843,0.000286409,2196.88,0.258612,0.330142,False,nan|2944,1342372
130_bNAb_Combinations|1342372|vc|8|2|nan|2944,1,0.00640955,0.615223,0.000291559,2171.18,0.260155,0.334791,1,0.00640955,0.598431,0.000286409,2196.88,0.258612,0.330142,False,nan|2944,1342372
130_bNAb_Combinations|1342384|cc|1|1|nan|2946,1,0.0156658,0.604797,0.000291559,2171.18,0.260394,0.334791,1,0.0156658,0.598431,0.000286409,2196.88,0.25885,0.330142,False,nan|2946,1342384
130_bNAb_Combinations|1342384|cc|2|1|nan|2946,1,0.0156658,0.597799,0.000291559,2171.18,0.260394,0.334791,1,0.0156658,0.59843,0.000286409,2196.88,0.25885,0.330142,False,nan|2946,1342384
130_bNAb_Combinations|1342384|cc|3|1|nan|2946,1,0.0156658,0.620007,0.000291559,2171.18,0.260394,0.334791,1,0.0156658,0.598431,0.000286409,2196.88,0.25885,0.330142,False,nan|2946,1342384
130_bNAb_Combinations|1342384|cc|4|1|nan|2946,1,0.0156658,0.604546,0.000291559,2171.18,0.260394,0.334791,1,0.0156658,0.59843,0.000286409,2196.88,0.25885,0.330142,False,nan|2946,1342384
130_bNAb_Combinations|1342384|cc|5|1|nan|2946,1,0.0156658,0.609617,0.000291559,2171.18,0.260394,0.334791,1,0.0156658,0.59843,0.000286409,2196.88,0.25885,0.330142,False,nan|2946,1342384
130_bNAb_Combinations|1342384|cc|6|1|nan|2946,1,0.0156658,0.597925,0.000291559,2171.18,0.260394,0.334791,1,0.0156658,0.59843,0.000286409,2196.88,0.25885,0.330142,False,nan|2946,1342384
130_bNAb_Combinations|1342384|cc|7|1|nan|2946,1,0.0156658,0.571563,0.000291559,2171.18,0.260394,0.334791,1,0.0156658,0.59843,0.000286409,2196.88,0.25885,0.330142,False,nan|2946,1342384
130_bNAb_Combinations|1342384|cc|8|1|nan|2946,1,0.0156658,0.58485,0.000291559,2171.18,0.260394,0.334791,1,0.0156658,0.59843,0.000286409,2196.88,0.25885,0.330142,False,nan|2946,1342384
130_bNAb_Combinations|1342384|sample|3|nan|2946,1,0.0123046,0.946587,0.000291618,2171.18,0.260394,0.334791,1,0.0123046,0.944393,0.000286464,2196.88,0.25885,0.330142,True,VRC07-523LS|2946,1342384
130_bNAb_Combinations|1342384|sample|4|nan|2946,1,0.0123046,0.955583,0.000291618,2171.18,0.260394,0.334791,1,0.0123046,0.94985,0.000286464,2196.88,0.25885,0.330142,True,VRC07-523LS|2946,1342384
130_bNAb_Combinations|1342384|vc|1|2|nan|2946,1,0.0156658,0.616584,0.000291559,2171.18,0.260394,0.334791,1,0.0156658,0.59843,0.000286409,2196.88,0.25885,0.330142,False,nan|2946,1342384
130_bNAb_Combinations|1342384|vc|2|2|nan|2946,1,0.0156658,0.620029,0.000291559,2171.18,0.260394,0.334791,1,0.0156658,0.598431,0.000286409,2196.88,0.25885,0.330142,False,nan|2946,1342384
130_bNAb_Combinations|1342384|vc|3|2|nan|2946,1,0.0156658,0.62147,0.000291559,2171.18,0.260394,0.334791,1,0.0156658,0.59843,0.000286409,2196.88,0.25885,0.330142,False,nan|2946,1342384
130_bNAb_Combinations|1342384|vc|4|2|nan|2946,1,0.0156658,0.617585,0.000291559,2171.18,0.260394,0.334791,1,0.0156658,0.59843,0.000286409,2196.88,0.25885,0.330142,False,nan|2946,1342384
130_bNAb_Combinations|1342384|vc|5|2|nan|2946,1,0.0156658,0.597958,0.000291559,2171.18,0.260394,0.334791,1,0.0156658,0.59843,0.000286409,2196.88,0.25885,0.330142,False,nan|2946,1342384
130_bNAb_Combinations|1342384|vc|6|2|nan|2946,1,0.0156658,0.618295,0.000291559,2171.18,0.260394,0.334791,1,0.0156658,0.59843,0.000286409,2196.88,0.25885,0.330142,False,nan|2946,1342384
130_bNAb_Combinations|1342384|vc|7|2|nan|2946,1,0.0156658,0.608346,0.000291559,2171.18,0.260394,0.334791,1,0.0156658,0.59843,0.000286409,2196.88,0.25885,0.330142,False,nan|2946,1342384
130_bNAb_Combinations|1342384|vc|8|2|nan|2946,1,0.0156658,0.586911,0.000291559,2171.18,0.260394,0.334791,1,0.0156658,0.59843,0.000286409,2196.88,0.25885,0.330142,False,nan|2946,1342384
130_bNAb_Combinations|1342396|cc|1|1|PVO.4|5024,1,0.00606544,0.608259,0.000291559,2171.18,0.260209,0.334792,1,0.00606544,0.59843,0.000286409,2196.88,0.258665,0.330144,False,nan|PVO.4,1342396
130_bNAb_Combinations|1342396|cc|2|1|PVO.4|5024,1,0.00606544,0.611705,0.000291559,2171.18,0.260209,0.334792,1,0.00606544,0.59843,0.000286409,2196.88,0.258665,0.330144,False,nan|PVO.4,1342396
130_bNAb_Combinations|1342396|cc|3|1|PVO.4|5024,1,0.00606544,0.601922,0.000291559,2171.18,0.260209,0.334792,1,0.00606544,0.59843,0.000286409,2196.88,0.258665,0.330144,False,nan|PVO.4,1342396
130_bNAb_Combinations|1342396|cc|4|1|PVO.4|5024,1,0.00606544,0.611319,0.000291559,2171.18,0.260209,0.334792,1,0.00606544,0.59843,0.000286409,2196.88,0.258665,0.330144,False,nan|PVO.4,1342396
130_bNAb_Combinations|1342396|cc|5|1|PVO.4|5024,1,0.00606544,0.586407,0.000291559,2171.18,0.260209,0.334792,1,0.00606544,0.59843,0.000286409,2196.88,0.258665,0.330144,False,nan|PVO.4,1342396
130_bNAb_Combinations|1342396|cc|6|1|PVO.4|5024,1,0.00606544,0.616528,0.000291559,2171.18,0.260209,0.334792,1,0.00606544,0.59843,0.000286409,2196.88,0.258665,0.330144,False,nan|PVO.4,1342396
130_bNAb_Combinations|1342396|cc|7|1|PVO.4|5024,1,0.00606544,0.600096,0.000291559,2171.18,0.260209,0.334792,1,0.00606544,0.59843,0.000286409,2196.88,0.258665,0.330144,False,nan|PVO.4,1342396
130_bNAb_Combinations|1342396|cc|8|1|PVO.4|5024,1,0.00606544,0.600909,0.000291559,2171.18,0.260209,0.334792,1,0.00606544,0.59843,0.000286409,2196.88,0.258665,0.330144,False,nan|PVO.4,1342396
130_bNAb_Combinations|1342396|sample|3|PVO.4|5024,1,0.00295624,0.780194,0.000291618,2171.18,0.260209,0.334792,1,0.00295624,0.776546,0.000286464,2196.88,0.258665,0.330144,True,VRC07-523LS|PVO.4,1342396
130_bNAb_Combinations|1342396|sample|4|PVO.4|5024,1,0.00295624,0.789161,0.000291618,2171.18,0.260209,0.334792,1,0.00295624,0.786567,0.000286464,2196.88,0.258665,0.330144,True,VRC07-523LS|PVO.4,1342396
130_bNAb_Combinations|1342396|vc|1|2|PVO.4|5024,1,0.00606544,0.583646,0.000291559,2171.18,0.260209,0.334792,1,0.00606544,0.598431,0.000286409,2196.88,0.258665,0.330144,False,nan|PVO.4,1342396
130_bNAb_Combinations|1342396|vc|2|2|PVO.4|5024,1,0.00606544,0.595955,0.000291559,2171.18,0.260209,0.334792,1,0.00606544,0.59843,0.000286409,2196.88,0.258665,0.330144,False,nan|PVO.4,1342396
130_bNAb_Combinations|1342396|vc|3|2|PVO.4|5024,1,0.00606544,0.598033,0.000291559,2171.18,0.260209,0.334792,1,0.00606544,0.59843,0.000286409,2196.88,0.258665,0.330144,False,nan|PVO.4,1342396
130_bNAb_Combinations|1342396|vc|4|2|PVO.4|5024,1,0.00606544,0.610069,0.000291559,2171.18,0.260209,0.334792,1,0.00606544,0.59843,0.000286409,2196.88,0.258665,0.330144,False,nan|PVO.4,1342396
130_bNAb_Combinations|1342396|vc|5|2|PVO.4|5024,1,0.00606544,0.620099,0.000291559,2171.18,0.260209,0.334792,1,0.00606544,0.59843,0.000286409,2196.88,0.258665,0.330144,False,nan|PVO.4,1342396
130_bNAb_Combinations|1342396|vc|6|2|PVO.4|5024,1,0.00606544,0.614844,0.000291559,2171.18,0.260209,0.334792,1,0.00606544,0.59843,0.000286409,2196.88,0.258665,0.330144,False,nan|PVO.4,1342396
130_bNAb_Combinations|1342396|vc|7|2|PVO.4|5024,1,0.00606544,0.622086,0.000291559,2171.18,0.260209,0.334792,1,0.00606544,0.59843,0.000286409,2196.88,0.258665,0.330144,False,nan|PVO.4,1342396
130_bNAb_Combinations|1342396|vc|8|2|PVO.4|5024,1,0.00606544,0.623472,0.000291559,2171.18,0.260209,0.334792,1,0.00606544,0.598431,0.000286409,2196.88,0.258665,0.330144,False,nan|PVO.4,1342396
130_bNAb_Combinations|1342408|cc|1|1|nan|4168,1,0.00270442,0.607176,0.000291559,2171.18,0.260208,0.334791,1,0.00270442,0.59843,0.000286409,2196.88,0.258663,0.330142,False,nan|4168,1342408
130_bNAb_Combinations|1342408|cc|2|1|nan|4168,1,0.00270442,0.638128,0.000291559,2171.18,0.260208,0.334791,1,0.00270442,0.598431,0.000286409,2196.88,0.258663,0.330142,False,nan|4168,1342408
130_bNAb_Combinations|1342408|cc|3|1|nan|4168,1,0.00270442,0.598968,0.000291559,2171.18,0.260208,0.334791,1,0.00270442,0.59843,0.000286409,2196.88,0.258663,0.330142,False,nan|4168,1342408
130_bNAb_Combinations|1342408|cc|4|1|nan|4168,1,0.00270442,0.591669,0.000291559,2171.18,0.260208,0.334791,1,0.00270442,0.598431,0.000286409,2196.88,0.258663,0.330142,False,nan|4168,1342408
130_bNAb_Combinations|1342408|cc|5|1|nan|4168,1,0.00270442,0.578366,0.000291559,2171.18,0.260208,0.334791,1,0.00270442,0.59843,0.000286409,2196.88,0.258663,0.330142,False,nan|4168,1342408
130_bNAb_Combinations|1342408|cc|6|1|nan|4168,1,0.00270442,0.606695,0.000291559,2171.18,0.260208,0.334791,1,0.00270442,0.59843,0.000286409,2196.88,0.258663,0.330142,False,nan|4168,1342408
130_bNAb_Combinations|1342408|cc|7|1|nan|4168,1,0.00270442,0.584941,0.000291559,2171.18,0.260208,0.334791,1,0.00270442,0.598431,0.000286409,2196.88,0.258663,0.330142,False,nan|4168,1342408
130_bNAb_Combinations|1342408|cc|8|1|nan|4168,1,0.00270442,0.619301,0.000291559,2171.18,0.260208,0.334791,1,0.00270442,0.59843,0.000286409,2196.88,0.258663,0.330142,False,nan|4168,1342408
130_bNAb_Combinations|1342408|sample|3|nan|4168,1,0.0258025,0.82806,0.000291618,2171.18,0.260208,0.334791,1,0.0258025,0.822,0.000286464,2196.88,0.258663,0.330142,True,VRC07-523LS|4168,1342408
130_bNAb_Combinations|1342408|sample|4|nan|4168,1,0.0258025,0.835394,0.000291618,2171.18,0.260208,0.334791,1,0.0258025,0.830315,0.000286464,2196.88,0.258663,0.330142,True,VRC07-523LS|4168,1342408
130_bNAb_Combinations|1342408|vc|1|2|nan|4168,1,0.00270442,0.605822,0.000291559,2171.18,0.260208,0.334791,1,0.00270442,0.59843,0.000286409,2196.88,0.258663,0.330142,False,nan|4168,1342408
130_bNAb_Combinations|1342408|vc|2|2|nan|4168,1,0.00270442,0.630382,0.000291559,2171.18,0.260208,0.334791,1,0.00270442,0.59843,0.000286409,2196.88,0.258663,0.330142,False,nan|4168,1342408
130_bNAb_Combinations|1342408|vc|3|2|nan|4168,1,0.00270442,0.62405,0.000291559,2171.18,0.260208,0.334791,1,0.00270442,0.59843,0.000286409,2196.88,0.258663,0.330142,False,nan|4168,1342408
130_bNAb_Combinations|1342408|vc|4|2|nan|4168,1,0.00270442,0.588905,0.000291559,2171.18,0.260208,0.334791,1,0.00270442,0.59843,0.000286409,2196.88,0.258663,0.330142,False,nan|4168,1342408
130_bNAb_Combinations|1342408|vc|5|2|nan|4168,1,0.00270442,0.619337,0.000291559,2171.18,0.260208,0.334791,1,0.00270442,0.598431,0.000286409,2196.88,0.258663,0.330142,False,nan|4168,1342408
130_bNAb_Combinations|1342408|vc|6|2|nan|4168,1,0.00270442,0.613366,0.000291559,2171.18,0.260208,0.334791,1,0.00270442,0.59843,0.000286409,2196.88,0.258663,0.330142,False,nan|4168,1342408
130_bNAb_Combinations|1342408|vc|7|2|nan|4168,1,0.00270442,0.610808,0.000291559,2171.18,0.260208,0.334791,1,0.00270442,0.598431,0.000286409,2196.88,0.258663,0.330142,False,nan|4168,1342408
130_bNAb_Combinations|1342408|vc|8|2|nan|4168,1,0.00270442,0.622363,0.000291559,2171.18,0.260208,0.334791,1,0.00270442,0.59843,0.000286409,2196.88,0.258663,0.330142,False,nan|4168,1342408
704_VRC01_Concordance|1200432|cc|1|1|PVO.4|5024,1,0.00606544,0.611971,0.000291559,2171.18,0.260209,0.33479,1,0.00606544,0.59843,0.000286409,2196.88,0.258665,0.330142,False,nan|PVO.4,1200432
704_VRC01_Concordance|1200432|cc|2|1|PVO.4|5024,1,0.00606544,0.58912,0.000291559,2171.18,0.260209,0.33479,1,0.00606544,0.59843,0.000286409,2196.88,0.258665,0.330142,False,nan|PVO.4,1200432
704_VRC01_Concordance|1200432|cc|3|1|PVO.4|5024,1,0.00606544,0.608296,0.000291559,2171.18,0.260209,0.33479,1,0.00606544,0.59843,0.000286409,2196.88,0.258665,0.330142,False,nan|PVO.4,1200432
704_VRC01_Concordance|1200432|cc|4|1|PVO.4|5024,1,0.00606544,0.603145,0.000291559,2171.18,0.260209,0.33479,1,0.00606544,0.598431,0.000286409,2196.88,0.258665,0.330142,False,nan|PVO.4,1200432
704_VRC01_Concordance|1200432|cc|5|1|PVO.4|5024,1,0.00606544,0.585615,0.000291559,2171.18,0.260209,0.33479,1,0.00606544,0.59843,0.000286409,2196.88,0.258665,0.330142,False,nan|PVO.4,1200432
704_VRC01_Concordance|1200432|cc|6|1|PVO.4|5024,1,0.00606544,0.586346,0.000291559,2171.18,0.260209,0.33479,1,0.00606544,0.598431,0.000286409,2196.88,0.258665,0.330142,False,nan|PVO.4,1200432
704_VRC01_Concordance|1200432|cc|7|1|PVO.4|5024,1,0.00606544,0.598946,0.000291559,2171.18,0.260209,0.33479,1,0.00606544,0.598431,0.000286409,2196.88,0.258665,0.330142,False,nan|PVO.4,1200432
704_VRC01_Concordance|1200432|cc|8|1|PVO.4|5024,1,0.00606544,0.617,0.000291559,2171.18,0.260209,0.33479,1,0.00606544,0.59843,0.000286409,2196.88,0.258665,0.330142,False,nan|PVO.4,1200432
704_VRC01_Concordance|1200432|sample|10|PVO.4|5024,1,0.0201596,0.96264,0.000291618,2171.18,0.260209,0.33479,1,0.0201596,0.958372,0.000286464,2196.88,0.258665,0.330142,True,Clinical VRC01|PVO.4,1200432
704_VRC01_Concordance|1200432|sample|11|PVO.4|5024,1,0.0201596,0.909944,0.000291618,2171.18,0.260209,0.33479,1,0.0201596,0.909988,0.000286464,2196.88,0.258665,0.330142,True,Clinical VRC01|PVO.4,1200432
704_VRC01_Concordance|1200432|sample|12|PVO.4|5024,1,0.0201596,0.896022,0.000291618,2171.18,0.260209,0.33479,1,0.0201596,0.89364,0.000286464,2196.88,0.258665,0.330142,True,Clinical VRC01|PVO.4,1200432
704_VRC01_Concordance|1200432|sample|3|PVO.4|5024,1,0.0201596,0.86995,0.000291618,2171.18,0.260209,0.33479,1,0.0201596,0.869256,0.000286464,2196.88,0.258665,0.330142,True,Clinical VRC01|PVO.4,1200432
704_VRC01_Concordance|1200432|sample|4|PVO.4|5024,1,0.0201596,0.942575,0.000291618,2171.18,0.260209,0.33479,1,0.0201596,0.940421,0.000286464,2196.88,0.258665,0.330142,True,Clinical VRC01|PVO.4,1200432
704_VRC01_Concordance|1200432|sample|5|PVO.4|5024,1,0.0201596,0.950843,0.000291618,2171.18,0.260209,0.33479,1,0.0201596,0.949492,0.000286464,2196.88,0.258665,0.330142,True,Clinical VRC01|PVO.4,1200432
704_VRC01_Concordance|1200432|sample|6|PVO.4|5024,1,0.0201596,0.974194,0.000291618,2171.18,0.260209,0.33479,1,0.0201596,0.970775,0.000286464,2196.88,0.258665,0.330142,True,Clinical VRC01|PVO.4,1200432
704_VRC01_Concordance|1200432|sample|7|PVO.4|5024,1,0.0201596,0.898514,0.000291618,2171.18,0.260209,0.33479,1,0.0201596,0.895456,0.000286464,2196.88,0.258665,0.330142,True,Clinical VRC01|PVO.4,1200432
704_VRC01_Concordance|1200432|sample|8|PVO.4|5024,1,0.0201596,0.910809,0.000291618,2171.18,0.260209,0.33479,1,0.0201596,0.904981,0.000286464,2196.88,0.258665,0.330142,True,Clinical VRC01|PVO.4,1200432
704_VRC01_Concordance|1200432|sample|9|PVO.4|5024,1,0.0201596,0.936572,0.000291618,2171.18,0.260209,0.33479,1,0.0201596,0.938178,0.000286464,2196.88,0.258665,0.330142,True,Clinical VRC01|PVO.4,1200432
704_VRC01_Concordance|1200432|vc|1|2|PVO.4|5024,1,0.00606544,0.578862,0.000291559,2171.18,0.260209,0.33479,1,0.00606544,0.598431,0.000286409,2196.88,0.258665,0.330142,False,nan|PVO.4,1200432
704_VRC01_Concordance|1200432|vc|2|2|PVO.4|5024,1,0.00606544,0.592015,0.000291559,2171.18,0.260209,0.33479,1,0.00606544,0.59843,0.000286409,2196.88,0.258665,0.330142,False,nan|PVO.4,1200432
704_VRC01_Concordance|1200432|vc|3|2|PVO.4|5024,1,0.00606544,0.582091,0.000291559,2171.18,0.260209,0.33479,1,0.00606544,0.598431,0.000286409,2196.88,0.258665,0.330142,False,nan|PVO.4,1200432
704_VRC01_Concordance|1200432|vc|4|2|PVO.4|5024,1,0.00606544,0.598338,0.000291559,2171.18,0.260209,0.33479,1,0.00606544,0.59843,0.000286409,2196.88,0.258665,0.330142,False,nan|PVO.4,1200432
704_VRC01_Concordance|1200432|vc|5|2|PVO.4|5024,1,0.00606544,0.619351,0.000291559,2171.18,0.260209,0.33479,1,0.00606544,0.59843,0.000286409,2196.88,0.258665,0.330142,False,nan|PVO.4,1200432
704_VRC01_Concordance|1200432|vc|6|2|PVO.4|5024,1,0.00606544,0.613316,0.000291559,2171.18,0.260209,0.33479,1,0.00606544,0.598431,0.000286409,2196.88,0.258665,0.330142,False,nan|PVO.4,1200432
704_VRC01_Concordance|1200432|vc|7|2|PVO.4|5024,1,0.00606544,0.586891,0.000291559,2171.18,0.260209,0.33479,1,0.00606544,0.59843,0.000286409,2196.88,0.258665,0.330142,False,nan|PVO.4,1200432
704_VRC01_Concordance|1200432|vc|8|2|PVO.4|5024,1,0.00606544,0.60555,0.000291559,2171.18,0.260209,0.33479,1,0.00606544,0.59843,0.000286409,2196.88,0.258665,0.330142,False,nan|PVO.4,1200432
