id,U_SAEM,L_SAEM,m_SAEM,e_SAEM,alpha_SAEM,k_SAEM,U_mode,L_mode,m_mode,e_mode,alpha_mode,k_mode,goes_down,mab_virus,run_id
130_bNAb_Combinations|1313842|cc|1|1|nan|2946,1,1.33989e-09,1.45028,11.4629,0.159364,5.45775e-08,1,1.33442e-09,1.44967,1.47172,0.159499,5.32736e-08,False,nan|2946,1313842
130_bNAb_Combinations|1313842|cc|2|1|nan|2946,1,1.33989e-09,1.45028,8.87784,0.159364,5.45775e-08,1,1.33442e-09,1.44967,1.47172,0.159499,5.32736e-08,False,nan|2946,1313842
130_bNAb_Combinations|1313842|cc|3|1|nan|2946,1,1.33989e-09,1.45028,13.4568,0.159364,5.45775e-08,1,1.33442e-09,1.44967,1.47172,0.159499,5.32736e-08,False,nan|2946,1313842
130_bNAb_Combinations|1313842|cc|4|1|nan|2946,1,1.33989e-09,1.45028,18.4566,0.159364,5.45775e-08,1,1.33442e-09,1.44967,1.47172,0.159499,5.32736e-08,False,nan|2946,1313842
130_bNAb_Combinations|1313842|cc|5|1|nan|2946,1,1.33989e-09,1.45028,6.36026,0.159364,5.45775e-08,1,1.33442e-09,1.44967,1.47172,0.159499,5.32736e-08,False,nan|2946,1313842
130_bNAb_Combinations|1313842|cc|6|1|nan|2946,1,1.33989e-09,1.45028,6.1901,0.159364,5.45775e-08,1,1.33442e-09,1.44967,1.47172,0.159499,5.32736e-08,False,nan|2946,1313842
130_bNAb_Combinations|1313842|cc|7|1|nan|2946,1,1.33989e-09,1.45028,34.2616,0.159364,5.45775e-08,1,1.33442e-09,1.44967,1.47172,0.159499,5.32736e-08,False,nan|2946,1313842
130_bNAb_Combinations|1313842|cc|8|1|nan|2946,1,1.33989e-09,1.45028,13.4785,0.159364,5.45775e-08,1,1.33442e-09,1.44967,1.47172,0.159499,5.32736e-08,False,nan|2946,1313842
130_bNAb_Combinations|1313842|sample|10|nan|2946,1,1.3399e-09,1.45063,2.61893,0.159364,5.45775e-08,1,1.33443e-09,1.45002,2.75745,0.159499,5.32736e-08,True,PGT121|2946,1313842
130_bNAb_Combinations|1313842|sample|11|nan|2946,1,1.3399e-09,1.45075,1.96829,0.159364,5.45775e-08,1,1.33443e-09,1.45013,1.98714,0.159499,5.32736e-08,True,VRC07-523LS|2946,1313842
130_bNAb_Combinations|1313842|sample|12|nan|2946,1,1.3399e-09,1.45075,2.53221,0.159364,5.45775e-08,1,1.33443e-09,1.45013,2.61148,0.159499,5.32736e-08,True,VRC07-523LS|2946,1313842
130_bNAb_Combinations|1313842|sample|3|nan|2946,1,1.3399e-09,1.45087,0.62248,0.159364,5.45775e-08,1,1.33443e-09,1.45025,0.625784,0.159499,5.32736e-08,True,PGDM1400|2946,1313842
130_bNAb_Combinations|1313842|sample|4|nan|2946,1,1.3399e-09,1.45087,0.664718,0.159364,5.45775e-08,1,1.33443e-09,1.45025,0.671345,0.159499,5.32736e-08,True,PGDM1400|2946,1313842
130_bNAb_Combinations|1313842|sample|5|nan|2946,1,1.3399e-09,1.45087,0.193171,0.159364,5.45775e-08,1,1.33443e-09,1.45025,0.187638,0.159499,5.32736e-08,True,PGDM1400|2946,1313842
130_bNAb_Combinations|1313842|sample|6|nan|2946,1,1.3399e-09,1.45087,0.229728,0.159364,5.45775e-08,1,1.33443e-09,1.45025,0.215319,0.159499,5.32736e-08,True,PGDM1400|2946,1313842
130_bNAb_Combinations|1313842|sample|7|nan|2946,1,1.3399e-09,1.45063,2.29848,0.159364,5.45775e-08,1,1.33443e-09,1.45002,2.30726,0.159499,5.32736e-08,True,PGT121|2946,1313842
130_bNAb_Combinations|1313842|sample|8|nan|2946,1,1.3399e-09,1.45063,2.4238,0.159364,5.45775e-08,1,1.33443e-09,1.45002,2.46416,0.159499,5.32736e-08,True,PGT121|2946,1313842
130_bNAb_Combinations|1313842|sample|9|nan|2946,1,1.3399e-09,1.45063,2.82476,0.159364,5.45775e-08,1,1.33443e-09,1.45002,2.77485,0.159499,5.32736e-08,True,PGT121|2946,1313842
130_bNAb_Combinations|1313842|vc|1|2|nan|2946,1,1.33989e-09,1.45028,8.93244,0.159364,5.45775e-08,1,1.33442e-09,1.44967,1.47172,0.159499,5.32736e-08,False,nan|2946,1313842
130_bNAb_Combinations|1313842|vc|2|2|nan|2946,1,1.33989e-09,1.45028,7.75957,0.159364,5.45775e-08,1,1.33442e-09,1.44967,1.47172,0.159499,5.32736e-08,False,nan|2946,1313842
130_bNAb_Combinations|1313842|vc|3|2|nan|2946,1,1.33989e-09,1.45028,7.17569,0.159364,5.45775e-08,1,1.33442e-09,1.44967,1.47172,0.159499,5.32736e-08,False,nan|2946,1313842
130_bNAb_Combinations|1313842|vc|4|2|nan|2946,1,1.33989e-09,1.45028,9.63926,0.159364,5.45775e-08,1,1.33442e-09,1.44967,1.47172,0.159499,5.32736e-08,False,nan|2946,1313842
130_bNAb_Combinations|1313842|vc|5|2|nan|2946,1,1.33989e-09,1.45028,8.16124,0.159364,5.45775e-08,1,1.33442e-09,1.44967,1.47172,0.159499,5.32736e-08,False,nan|2946,1313842
130_bNAb_Combinations|1313842|vc|6|2|nan|2946,1,1.33989e-09,1.45028,9.70533,0.159364,5.45775e-08,1,1.33442e-09,1.44967,1.47172,0.159499,5.32736e-08,False,nan|2946,1313842
130_bNAb_Combinations|1313842|vc|7|2|nan|2946,1,1.33989e-09,1.45028,6.23778,0.159364,5.45775e-08,1,1.33442e-09,1.44967,1.47172,0.159499,5.32736e-08,False,nan|2946,1313842
130_bNAb_Combinations|1313842|vc|8|2|nan|2946,1,1.33989e-09,1.45028,14.1361,0.159364,5.45775e-08,1,1.33442e-09,1.44967,1.47172,0.159499,5.32736e-08,False,nan|2946,1313842
130_bNAb_Combinations|1313860|cc|1|1|PVO.4|5024,1,1.33989e-09,1.45046,8.70482,0.159372,5.45714e-08,1,1.33442e-09,1.44984,1.47172,0.159507,5.32677e-08,False,nan|PVO.4,1313860
130_bNAb_Combinations|1313860|cc|2|1|PVO.4|5024,1,1.33989e-09,1.45046,7.8846,0.159372,5.45714e-08,1,1.33442e-09,1.44984,1.47172,0.159507,5.32677e-08,False,nan|PVO.4,1313860
130_bNAb_Combinations|1313860|cc|3|1|PVO.4|5024,1,1.33989e-09,1.45046,19.1725,0.159372,5.45714e-08,1,1.33442e-09,1.44984,1.47172,0.159507,5.32677e-08,False,nan|PVO.4,1313860
130_bNAb_Combinations|1313860|cc|4|1|PVO.4|5024,1,1.33989e-09,1.45046,13.8847,0.159372,5.45714e-08,1,1.33442e-09,1.44984,1.47172,0.159507,5.32677e-08,False,nan|PVO.4,1313860
130_bNAb_Combinations|1313860|cc|5|1|PVO.4|5024,1,1.33989e-09,1.45046,12.3313,0.159372,5.45714e-08,1,1.33442e-09,1.44984,1.47172,0.159507,5.32677e-08,False,nan|PVO.4,1313860
130_bNAb_Combinations|1313860|cc|6|1|PVO.4|5024,1,1.33989e-09,1.45046,8.65786,0.159372,5.45714e-08,1,1.33442e-09,1.44984,1.47172,0.159507,5.32677e-08,False,nan|PVO.4,1313860
130_bNAb_Combinations|1313860|cc|7|1|PVO.4|5024,1,1.33989e-09,1.45046,12.1877,0.159372,5.45714e-08,1,1.33442e-09,1.44984,1.47172,0.159507,5.32677e-08,False,nan|PVO.4,1313860
130_bNAb_Combinations|1313860|cc|8|1|PVO.4|5024,1,1.33989e-09,1.45046,8.57578,0.159372,5.45714e-08,1,1.33442e-09,1.44984,1.47172,0.159507,5.32677e-08,False,nan|PVO.4,1313860
130_bNAb_Combinations|1313860|sample|10|PVO.4|5024,1,1.3399e-09,1.45085,7.08303,0.159372,5.45714e-08,1,1.33443e-09,1.45023,7.17224,0.159507,5.32677e-08,True,PGT121|PVO.4,1313860
130_bNAb_Combinations|1313860|sample|11|PVO.4|5024,1,1.3399e-09,1.45089,8.97108,0.159372,5.45714e-08,1,1.33443e-09,1.45027,9.36705,0.159507,5.32677e-08,True,VRC07-523LS|PVO.4,1313860
130_bNAb_Combinations|1313860|sample|12|PVO.4|5024,1,1.3399e-09,1.45089,10.6581,0.159372,5.45714e-08,1,1.33443e-09,1.45027,10.3491,0.159507,5.32677e-08,True,VRC07-523LS|PVO.4,1313860
130_bNAb_Combinations|1313860|sample|3|PVO.4|5024,1,1.3399e-09,1.45085,0.805477,0.159372,5.45714e-08,1,1.33443e-09,1.45023,0.861357,0.159507,5.32677e-08,True,PGDM1400|PVO.4,1313860
130_bNAb_Combinations|1313860|sample|4|PVO.4|5024,1,1.3399e-09,1.45085,0.815809,0.159372,5.45714e-08,1,1.33443e-09,1.45023,0.83575,0.159507,5.32677e-08,True,PGDM1400|PVO.4,1313860
130_bNAb_Combinations|1313860|sample|5|PVO.4|5024,1,1.3399e-09,1.45085,0.821355,0.159372,5.45714e-08,1,1.33443e-09,1.45023,0.849138,0.159507,5.32677e-08,True,PGDM1400|PVO.4,1313860
130_bNAb_Combinations|1313860|sample|6|PVO.4|5024,1,1.3399e-09,1.45085,1.02154,0.159372,5.45714e-08,1,1.33443e-09,1.45023,0.972713,0.159507,5.32677e-08,True,PGDM1400|PVO.4,1313860
130_bNAb_Combinations|1313860|sample|7|PVO.4|5024,1,1.3399e-09,1.45085,7.25548,0.159372,5.45714e-08,1,1.33443e-09,1.45023,7.07572,0.159507,5.32677e-08,True,PGT121|PVO.4,1313860
130_bNAb_Combinations|1313860|sample|8|PVO.4|5024,1,1.3399e-09,1.45085,7.1622,0.159372,5.45714e-08,1,1.33443e-09,1.45023,7.18272,0.159507,5.32677e-08,True,PGT121|PVO.4,1313860
130_bNAb_Combinations|1313860|sample|9|PVO.4|5024,1,1.3399e-09,1.45085,7.32723,0.159372,5.45714e-08,1,1.33443e-09,1.45023,7.28573,0.159507,5.32677e-08,True,PGT121|PVO.4,1313860
130_bNAb_Combinations|1313860|vc|1|2|PVO.4|5024,1,1.33989e-09,1.45046,12.0836,0.159372,5.45714e-08,1,1.33442e-09,1.44984,1.47172,0.159507,5.32677e-08,False,nan|PVO.4,1313860
130_bNAb_Combinations|1313860|vc|2|2|PVO.4|5024,1,1.33989e-09,1.45046,9.80063,0.159372,5.45714e-08,1,1.33442e-09,1.44984,1.47172,0.159507,5.32677e-08,False,nan|PVO.4,1313860
130_bNAb_Combinations|1313860|vc|3|2|PVO.4|5024,1,1.33989e-09,1.45046,11.5881,0.159372,5.45714e-08,1,1.33442e-09,1.44984,1.47172,0.159507,5.32677e-08,False,nan|PVO.4,1313860
130_bNAb_Combinations|1313860|vc|4|2|PVO.4|5024,1,1.33989e-09,1.45046,10.2248,0.159372,5.45714e-08,1,1.33442e-09,1.44984,1.47172,0.159507,5.32677e-08,False,nan|PVO.4,1313860
130_bNAb_Combinations|1313860|vc|5|2|PVO.4|5024,1,1.33989e-09,1.45046,9.28793,0.159372,5.45714e-08,1,1.33442e-09,1.44984,1.47172,0.159507,5.32677e-08,False,nan|PVO.4,1313860
130_bNAb_Combinations|1313860|vc|6|2|PVO.4|5024,1,1.33989e-09,1.45046,7.19327,0.159372,5.45714e-08,1,1.33442e-09,1.44984,1.47172,0.159507,5.32677e-08,False,nan|PVO.4,1313860
130_bNAb_Combinations|1313860|vc|7|2|PVO.4|5024,1,1.33989e-09,1.45046,10.4908,0.159372,5.45714e-08,1,1.33442e-09,1.44984,1.47172,0.159507,5.32677e-08,False,nan|PVO.4,1313860
130_bNAb_Combinations|1313860|vc|8|2|PVO.4|5024,1,1.33989e-09,1.45046,8.77247,0.159372,5.45714e-08,1,1.33442e-09,1.44984,1.47172,0.159507,5.32677e-08,False,nan|PVO.4,1313860
130_bNAb_Combinations|1313884|cc|1|1|nan|4168,1,1.33989e-09,1.45029,7.51438,0.15932,5.45768e-08,1,1.33442e-09,1.44967,1.47172,0.159455,5.32729e-08,False,nan|4168,1313884
130_bNAb_Combinations|1313884|cc|2|1|nan|4168,1,1.33989e-09,1.45029,6.85323,0.15932,5.45768e-08,1,1.33442e-09,1.44967,1.47172,0.159455,5.32729e-08,False,nan|4168,1313884
130_bNAb_Combinations|1313884|cc|3|1|nan|4168,1,1.33989e-09,1.45029,11.5994,0.15932,5.45768e-08,1,1.33442e-09,1.44967,1.47172,0.159455,5.32729e-08,False,nan|4168,1313884
130_bNAb_Combinations|1313884|cc|4|1|nan|4168,1,1.33989e-09,1.45029,9.22688,0.15932,5.45768e-08,1,1.33442e-09,1.44967,1.47172,0.159455,5.32729e-08,False,nan|4168,1313884
130_bNAb_Combinations|1313884|cc|5|1|nan|4168,1,1.33989e-09,1.45029,8.76056,0.15932,5.45768e-08,1,1.33442e-09,1.44967,1.47172,0.159455,5.32729e-08,False,nan|4168,1313884
130_bNAb_Combinations|1313884|cc|6|1|nan|4168,1,1.33989e-09,1.45029,5.6541,0.15932,5.45768e-08,1,1.33442e-09,1.44967,1.47172,0.159455,5.32729e-08,False,nan|4168,1313884
130_bNAb_Combinations|1313884|cc|7|1|nan|4168,1,1.33989e-09,1.45029,7.05414,0.15932,5.45768e-08,1,1.33442e-09,1.44967,1.47172,0.159455,5.32729e-08,False,nan|4168,1313884
130_bNAb_Combinations|1313884|cc|8|1|nan|4168,1,1.33989e-09,1.45029,9.14579,0.15932,5.45768e-08,1,1.33442e-09,1.44967,1.47172,0.159455,5.32729e-08,False,nan|4168,1313884
130_bNAb_Combinations|1313884|sample|10|nan|4168,1,1.3399e-09,1.31179,0.445363,0.15932,5.45768e-08,1,1.33443e-09,1.24907,0.519617,0.159455,5.32729e-08,True,PGT121|4168,1313884
130_bNAb_Combinations|1313884|sample|11|nan|4168,1,1.3399e-09,1.09298,8.21565,0.15932,5.45768e-08,1,1.33443e-09,1.09247,8.24679,0.159455,5.32729e-08,True,VRC07-523LS|4168,1313884
130_bNAb_Combinations|1313884|sample|12|nan|4168,1,1.3399e-09,1.09298,10.4403,0.15932,5.45768e-08,1,1.33443e-09,1.09247,10.5669,0.159455,5.32729e-08,True,VRC07-523LS|4168,1313884
130_bNAb_Combinations|1313884|sample|3|nan|4168,1,1.3399e-09,1.18436,0.323279,0.15932,5.45768e-08,1,1.33443e-09,1.16471,0.329694,0.159455,5.32729e-08,True,PGDM1400|4168,1313884
130_bNAb_Combinations|1313884|sample|4|nan|4168,1,1.3399e-09,1.18436,0.283297,0.15932,5.45768e-08,1,1.33443e-09,1.16471,0.295859,0.159455,5.32729e-08,True,PGDM1400|4168,1313884
130_bNAb_Combinations|1313884|sample|5|nan|4168,1,1.3399e-09,1.18436,0.276142,0.15932,5.45768e-08,1,1.33443e-09,1.16471,0.286439,0.159455,5.32729e-08,True,PGDM1400|4168,1313884
130_bNAb_Combinations|1313884|sample|6|nan|4168,1,1.3399e-09,1.18436,0.276329,0.15932,5.45768e-08,1,1.33443e-09,1.16471,0.270955,0.159455,5.32729e-08,True,PGDM1400|4168,1313884
130_bNAb_Combinations|1313884|sample|7|nan|4168,1,1.3399e-09,1.31179,1.05409,0.15932,5.45768e-08,1,1.33443e-09,1.24907,1.15479,0.159455,5.32729e-08,True,PGT121|4168,1313884
130_bNAb_Combinations|1313884|sample|8|nan|4168,1,1.3399e-09,1.31179,0.987777,0.15932,5.45768e-08,1,1.33443e-09,1.24907,1.15107,0.159455,5.32729e-08,True,PGT121|4168,1313884
130_bNAb_Combinations|1313884|sample|9|nan|4168,1,1.3399e-09,1.31179,0.421955,0.15932,5.45768e-08,1,1.33443e-09,1.24907,0.488785,0.159455,5.32729e-08,True,PGT121|4168,1313884
130_bNAb_Combinations|1313884|vc|1|2|nan|4168,1,1.33989e-09,1.45029,16.3331,0.15932,5.45768e-08,1,1.33442e-09,1.44967,1.47172,0.159455,5.32729e-08,False,nan|4168,1313884
130_bNAb_Combinations|1313884|vc|2|2|nan|4168,1,1.33989e-09,1.45029,7.60747,0.15932,5.45768e-08,1,1.33442e-09,1.44967,1.47172,0.159455,5.32729e-08,False,nan|4168,1313884
130_bNAb_Combinations|1313884|vc|3|2|nan|4168,1,1.33989e-09,1.45029,8.19751,0.15932,5.45768e-08,1,1.33442e-09,1.44967,1.47172,0.159455,5.32729e-08,False,nan|4168,1313884
130_bNAb_Combinations|1313884|vc|4|2|nan|4168,1,1.33989e-09,1.45029,7.47966,0.15932,5.45768e-08,1,1.33442e-09,1.44967,1.47172,0.159455,5.32729e-08,False,nan|4168,1313884
130_bNAb_Combinations|1313884|vc|5|2|nan|4168,1,1.33989e-09,1.45029,9.5392,0.15932,5.45768e-08,1,1.33442e-09,1.44967,1.47172,0.159455,5.32729e-08,False,nan|4168,1313884
130_bNAb_Combinations|1313884|vc|6|2|nan|4168,1,1.33989e-09,1.45029,11.5988,0.15932,5.45768e-08,1,1.33442e-09,1.44967,1.47172,0.159455,5.32729e-08,False,nan|4168,1313884
130_bNAb_Combinations|1313884|vc|7|2|nan|4168,1,1.33989e-09,1.45029,8.73606,0.15932,5.45768e-08,1,1.33442e-09,1.44967,1.47172,0.159455,5.32729e-08,False,nan|4168,1313884
130_bNAb_Combinations|1313884|vc|8|2|nan|4168,1,1.33989e-09,1.45029,11.16,0.15932,5.45768e-08,1,1.33442e-09,1.44967,1.47172,0.159455,5.32729e-08,False,nan|4168,1313884
130_bNAb_Combinations|1313920|cc|1|1|nan|1798,1,1.33989e-09,1.45032,9.13656,0.159375,5.45705e-08,1,1.33442e-09,1.4497,1.47172,0.159509,5.32671e-08,False,nan|1798,1313920
130_bNAb_Combinations|1313920|cc|2|1|nan|1798,1,1.33989e-09,1.45032,6.3751,0.159375,5.45705e-08,1,1.33442e-09,1.4497,1.47172,0.159509,5.32671e-08,False,nan|1798,1313920
130_bNAb_Combinations|1313920|cc|3|1|nan|1798,1,1.33989e-09,1.45032,9.03323,0.159375,5.45705e-08,1,1.33442e-09,1.4497,1.47172,0.159509,5.32671e-08,False,nan|1798,1313920
130_bNAb_Combinations|1313920|cc|4|1|nan|1798,1,1.33989e-09,1.45032,9.26318,0.159375,5.45705e-08,1,1.33442e-09,1.4497,1.47172,0.159509,5.32671e-08,False,nan|1798,1313920
130_bNAb_Combinations|1313920|cc|5|1|nan|1798,1,1.33989e-09,1.45032,12.6029,0.159375,5.45705e-08,1,1.33442e-09,1.4497,1.47172,0.159509,5.32671e-08,False,nan|1798,1313920
130_bNAb_Combinations|1313920|cc|6|1|nan|1798,1,1.33989e-09,1.45032,9.48327,0.159375,5.45705e-08,1,1.33442e-09,1.4497,1.47172,0.159509,5.32671e-08,False,nan|1798,1313920
130_bNAb_Combinations|1313920|cc|7|1|nan|1798,1,1.33989e-09,1.45032,10.6666,0.159375,5.45705e-08,1,1.33442e-09,1.4497,1.47172,0.159509,5.32671e-08,False,nan|1798,1313920
130_bNAb_Combinations|1313920|cc|8|1|nan|1798,1,1.33989e-09,1.45032,7.24242,0.159375,5.45705e-08,1,1.33442e-09,1.4497,1.47172,0.159509,5.32671e-08,False,nan|1798,1313920
130_bNAb_Combinations|1313920|sample|10|nan|1798,1,1.3399e-09,1.45079,22.0823,0.159375,5.45705e-08,1,1.33443e-09,1.45017,21.7611,0.159509,5.32671e-08,True,PGT121|1798,1313920
130_bNAb_Combinations|1313920|sample|11|nan|1798,1,1.3399e-09,1.45085,3.62947,0.159375,5.45705e-08,1,1.33443e-09,1.45023,3.60067,0.159509,5.32671e-08,True,VRC07-523LS|1798,1313920
130_bNAb_Combinations|1313920|sample|12|nan|1798,1,1.3399e-09,1.45085,3.57531,0.159375,5.45705e-08,1,1.33443e-09,1.45023,3.61731,0.159509,5.32671e-08,True,VRC07-523LS|1798,1313920
130_bNAb_Combinations|1313920|sample|3|nan|1798,1,1.3399e-09,1.45099,0.737932,0.159375,5.45705e-08,1,1.33443e-09,1.45037,0.792766,0.159509,5.32671e-08,True,PGDM1400|1798,1313920
130_bNAb_Combinations|1313920|sample|4|nan|1798,1,1.3399e-09,1.45099,0.777385,0.159375,5.45705e-08,1,1.33443e-09,1.45037,0.785574,0.159509,5.32671e-08,True,PGDM1400|1798,1313920
130_bNAb_Combinations|1313920|sample|5|nan|1798,1,1.3399e-09,1.45099,0.16283,0.159375,5.45705e-08,1,1.33443e-09,1.45037,0.159032,0.159509,5.32671e-08,True,PGDM1400|1798,1313920
130_bNAb_Combinations|1313920|sample|6|nan|1798,1,1.3399e-09,1.45099,0.157486,0.159375,5.45705e-08,1,1.33443e-09,1.45037,0.160309,0.159509,5.32671e-08,True,PGDM1400|1798,1313920
130_bNAb_Combinations|1313920|sample|7|nan|1798,1,1.3399e-09,1.45079,15.7748,0.159375,5.45705e-08,1,1.33443e-09,1.45017,16.0807,0.159509,5.32671e-08,True,PGT121|1798,1313920
130_bNAb_Combinations|1313920|sample|8|nan|1798,1,1.3399e-09,1.45079,17.5036,0.159375,5.45705e-08,1,1.33443e-09,1.45017,17.1111,0.159509,5.32671e-08,True,PGT121|1798,1313920
130_bNAb_Combinations|1313920|sample|9|nan|1798,1,1.3399e-09,1.45079,18.8946,0.159375,5.45705e-08,1,1.33443e-09,1.45017,19.812,0.159509,5.32671e-08,True,PGT121|1798,1313920
130_bNAb_Combinations|1313920|vc|1|2|nan|1798,1,1.33989e-09,1.45032,16.6475,0.159375,5.45705e-08,1,1.33442e-09,1.4497,1.47172,0.159509,5.32671e-08,False,nan|1798,1313920
130_bNAb_Combinations|1313920|vc|2|2|nan|1798,1,1.33989e-09,1.45032,10.0876,0.159375,5.45705e-08,1,1.33442e-09,1.4497,1.47172,0.159509,5.32671e-08,False,nan|1798,1313920
130_bNAb_Combinations|1313920|vc|3|2|nan|1798,1,1.33989e-09,1.45032,22.3973,0.159375,5.45705e-08,1,1.33442e-09,1.4497,1.47172,0.159509,5.32671e-08,False,nan|1798,1313920
130_bNAb_Combinations|1313920|vc|4|2|nan|1798,1,1.33989e-09,1.45032,6.47372,0.159375,5.45705e-08,1,1.33442e-09,1.4497,1.47172,0.159509,5.32671e-08,False,nan|1798,1313920
130_bNAb_Combinations|1313920|vc|5|2|nan|1798,1,1.33989e-09,1.45032,8.46027,0.159375,5.45705e-08,1,1.33442e-09,1.4497,1.47172,0.159509,5.32671e-08,False,nan|1798,1313920
130_bNAb_Combinations|1313920|vc|6|2|nan|1798,1,1.33989e-09,1.45032,9.61901,0.159375,5.45705e-08,1,1.33442e-09,1.4497,1.47172,0.159509,5.32671e-08,False,nan|1798,1313920
130_bNAb_Combinations|1313920|vc|7|2|nan|1798,1,1.33989e-09,1.45032,11.4442,0.159375,5.45705e-08,1,1.33442e-09,1.4497,1.47172,0.159509,5.32671e-08,False,nan|1798,1313920
130_bNAb_Combinations|1313920|vc|8|2|nan|1798,1,1.33989e-09,1.45032,9.30415,0.159375,5.45705e-08,1,1.33442e-09,1.4497,1.47172,0.159509,5.32671e-08,False,nan|1798,1313920
130_bNAb_Combinations|1313938|cc|1|1|TRO.11|8301,1,1.33989e-09,1.45043,10.8343,0.15935,5.45821e-08,1,1.33442e-09,1.44981,1.47172,0.159485,5.32781e-08,False,nan|TRO.11,1313938
130_bNAb_Combinations|1313938|cc|2|1|TRO.11|8301,1,1.33989e-09,1.45043,14.1961,0.15935,5.45821e-08,1,1.33442e-09,1.44981,1.47172,0.159485,5.32781e-08,False,nan|TRO.11,1313938
130_bNAb_Combinations|1313938|cc|3|1|TRO.11|8301,1,1.33989e-09,1.45043,10.1791,0.15935,5.45821e-08,1,1.33442e-09,1.44981,1.47172,0.159485,5.32781e-08,False,nan|TRO.11,1313938
130_bNAb_Combinations|1313938|cc|4|1|TRO.11|8301,1,1.33989e-09,1.45043,9.34093,0.15935,5.45821e-08,1,1.33442e-09,1.44981,1.47172,0.159485,5.32781e-08,False,nan|TRO.11,1313938
130_bNAb_Combinations|1313938|cc|5|1|TRO.11|8301,1,1.33989e-09,1.45043,7.54943,0.15935,5.45821e-08,1,1.33442e-09,1.44981,1.47172,0.159485,5.32781e-08,False,nan|TRO.11,1313938
130_bNAb_Combinations|1313938|cc|6|1|TRO.11|8301,1,1.33989e-09,1.45043,10.3941,0.15935,5.45821e-08,1,1.33442e-09,1.44981,1.47172,0.159485,5.32781e-08,False,nan|TRO.11,1313938
130_bNAb_Combinations|1313938|cc|7|1|TRO.11|8301,1,1.33989e-09,1.45043,11.484,0.15935,5.45821e-08,1,1.33442e-09,1.44981,1.47172,0.159485,5.32781e-08,False,nan|TRO.11,1313938
130_bNAb_Combinations|1313938|cc|8|1|TRO.11|8301,1,1.33989e-09,1.45043,17.2802,0.15935,5.45821e-08,1,1.33442e-09,1.44981,1.47172,0.159485,5.32781e-08,False,nan|TRO.11,1313938
130_bNAb_Combinations|1313938|sample|10|TRO.11|8301,1,1.3399e-09,1.4508,58.7829,0.15935,5.45821e-08,1,1.33443e-09,1.45018,61.0912,0.159485,5.32781e-08,True,PGT121|TRO.11,1313938
130_bNAb_Combinations|1313938|sample|11|TRO.11|8301,1,1.3399e-09,1.85751,8.16681,0.15935,5.45821e-08,1,1.33443e-09,1.87165,8.31064,0.159485,5.32781e-08,True,VRC07-523LS|TRO.11,1313938
130_bNAb_Combinations|1313938|sample|12|TRO.11|8301,1,1.3399e-09,1.85751,9.0805,0.15935,5.45821e-08,1,1.33443e-09,1.87165,8.99772,0.159485,5.32781e-08,True,VRC07-523LS|TRO.11,1313938
130_bNAb_Combinations|1313938|sample|3|TRO.11|8301,1,1.3399e-09,1.27685,1.8227,0.15935,5.45821e-08,1,1.33443e-09,1.28264,1.79341,0.159485,5.32781e-08,True,PGDM1400|TRO.11,1313938
130_bNAb_Combinations|1313938|sample|4|TRO.11|8301,1,1.3399e-09,1.27685,1.92334,0.15935,5.45821e-08,1,1.33443e-09,1.28264,1.90039,0.159485,5.32781e-08,True,PGDM1400|TRO.11,1313938
130_bNAb_Combinations|1313938|sample|5|TRO.11|8301,1,1.3399e-09,1.27685,1.8099,0.15935,5.45821e-08,1,1.33443e-09,1.28264,1.84093,0.159485,5.32781e-08,True,PGDM1400|TRO.11,1313938
130_bNAb_Combinations|1313938|sample|6|TRO.11|8301,1,1.3399e-09,1.27685,1.78194,0.15935,5.45821e-08,1,1.33443e-09,1.28264,1.81432,0.159485,5.32781e-08,True,PGDM1400|TRO.11,1313938
130_bNAb_Combinations|1313938|sample|7|TRO.11|8301,1,1.3399e-09,1.4508,52.0301,0.15935,5.45821e-08,1,1.33443e-09,1.45018,53.1016,0.159485,5.32781e-08,True,PGT121|TRO.11,1313938
130_bNAb_Combinations|1313938|sample|8|TRO.11|8301,1,1.3399e-09,1.4508,48.9877,0.15935,5.45821e-08,1,1.33443e-09,1.45018,51.173,0.159485,5.32781e-08,True,PGT121|TRO.11,1313938
130_bNAb_Combinations|1313938|sample|9|TRO.11|8301,1,1.3399e-09,1.4508,60.9754,0.15935,5.45821e-08,1,1.33443e-09,1.45018,62.6257,0.159485,5.32781e-08,True,PGT121|TRO.11,1313938
130_bNAb_Combinations|1313938|vc|1|2|TRO.11|8301,1,1.33989e-09,1.45043,11.5697,0.15935,5.45821e-08,1,1.33442e-09,1.44981,1.47172,0.159485,5.32781e-08,False,nan|TRO.11,1313938
130_bNAb_Combinations|1313938|vc|2|2|TRO.11|8301,1,1.33989e-09,1.45043,5.42324,0.15935,5.45821e-08,1,1.33442e-09,1.44981,1.47172,0.159485,5.32781e-08,False,nan|TRO.11,1313938
130_bNAb_Combinations|1313938|vc|3|2|TRO.11|8301,1,1.33989e-09,1.45043,17.3088,0.15935,5.45821e-08,1,1.33442e-09,1.44981,1.47172,0.159485,5.32781e-08,False,nan|TRO.11,1313938
130_bNAb_Combinations|1313938|vc|4|2|TRO.11|8301,1,1.33989e-09,1.45043,6.75748,0.15935,5.45821e-08,1,1.33442e-09,1.44981,1.47172,0.159485,5.32781e-08,False,nan|TRO.11,1313938
130_bNAb_Combinations|1313938|vc|5|2|TRO.11|8301,1,1.33989e-09,1.45043,8.50136,0.15935,5.45821e-08,1,1.33442e-09,1.44981,1.47172,0.159485,5.32781e-08,False,nan|TRO.11,1313938
130_bNAb_Combinations|1313938|vc|6|2|TRO.11|8301,1,1.33989e-09,1.45043,6.98493,0.15935,5.45821e-08,1,1.33442e-09,1.44981,1.47172,0.159485,5.32781e-08,False,nan|TRO.11,1313938
130_bNAb_Combinations|1313938|vc|7|2|TRO.11|8301,1,1.33989e-09,1.45043,11.2006,0.15935,5.45821e-08,1,1.33442e-09,1.44981,1.47172,0.159485,5.32781e-08,False,nan|TRO.11,1313938
130_bNAb_Combinations|1313938|vc|8|2|TRO.11|8301,1,1.33989e-09,1.45043,8.99656,0.15935,5.45821e-08,1,1.33442e-09,1.44981,1.47172,0.159485,5.32781e-08,False,nan|TRO.11,1313938
130_bNAb_Combinations|1313956|cc|1|1|Ce1176_A3|7023,1,1.33989e-09,1.45075,15.7085,0.159359,5.45672e-08,1,1.33442e-09,1.45012,1.47172,0.159494,5.32638e-08,False,nan|Ce1176_A3,1313956
130_bNAb_Combinations|1313956|cc|2|1|Ce1176_A3|7023,1,1.33989e-09,1.45075,9.74904,0.159359,5.45672e-08,1,1.33442e-09,1.45012,1.47172,0.159494,5.32638e-08,False,nan|Ce1176_A3,1313956
130_bNAb_Combinations|1313956|cc|3|1|Ce1176_A3|7023,1,1.33989e-09,1.45075,7.20806,0.159359,5.45672e-08,1,1.33442e-09,1.45012,1.47172,0.159494,5.32638e-08,False,nan|Ce1176_A3,1313956
130_bNAb_Combinations|1313956|cc|4|1|Ce1176_A3|7023,1,1.33989e-09,1.45075,8.5064,0.159359,5.45672e-08,1,1.33442e-09,1.45012,1.47172,0.159494,5.32638e-08,False,nan|Ce1176_A3,1313956
130_bNAb_Combinations|1313956|cc|5|1|Ce1176_A3|7023,1,1.33989e-09,1.45075,6.92133,0.159359,5.45672e-08,1,1.33442e-09,1.45012,1.47172,0.159494,5.32638e-08,False,nan|Ce1176_A3,1313956
130_bNAb_Combinations|1313956|cc|6|1|Ce1176_A3|7023,1,1.33989e-09,1.45075,11.9898,0.159359,5.45672e-08,1,1.33442e-09,1.45012,1.47172,0.159494,5.32638e-08,False,nan|Ce1176_A3,1313956
130_bNAb_Combinations|1313956|cc|7|1|Ce1176_A3|7023,1,1.33989e-09,1.45075,12.3827,0.159359,5.45672e-08,1,1.33442e-09,1.45012,1.47172,0.159494,5.32638e-08,False,nan|Ce1176_A3,1313956
130_bNAb_Combinations|1313956|cc|8|1|Ce1176_A3|7023,1,1.33989e-09,1.45075,9.06535,0.159359,5.45672e-08,1,1.33442e-09,1.45012,1.47172,0.159494,5.32638e-08,False,nan|Ce1176_A3,1313956
130_bNAb_Combinations|1313956|sample|10|Ce1176_A3|7023,1,1.3399e-09,1.45079,54.3366,0.159359,5.45672e-08,1,1.33443e-09,1.45017,57.1955,0.159494,5.32638e-08,True,PGT121|Ce1176_A3,1313956
130_bNAb_Combinations|1313956|sample|11|Ce1176_A3|7023,1,1.3399e-09,1.45076,4.42209,0.159359,5.45672e-08,1,1.33443e-09,1.45014,4.55338,0.159494,5.32638e-08,True,VRC07-523LS|Ce1176_A3,1313956
130_bNAb_Combinations|1313956|sample|12|Ce1176_A3|7023,1,1.3399e-09,1.45076,5.33576,0.159359,5.45672e-08,1,1.33443e-09,1.45014,5.62602,0.159494,5.32638e-08,True,VRC07-523LS|Ce1176_A3,1313956
130_bNAb_Combinations|1313956|sample|3|Ce1176_A3|7023,1,1.3399e-09,0.561419,1.52122,0.159359,5.45672e-08,1,1.33443e-09,0.552414,1.59879,0.159494,5.32638e-08,True,PGDM1400|Ce1176_A3,1313956
130_bNAb_Combinations|1313956|sample|4|Ce1176_A3|7023,1,1.3399e-09,0.561419,1.5885,0.159359,5.45672e-08,1,1.33443e-09,0.552414,1.62752,0.159494,5.32638e-08,True,PGDM1400|Ce1176_A3,1313956
130_bNAb_Combinations|1313956|sample|5|Ce1176_A3|7023,1,1.3399e-09,0.561419,0.835049,0.159359,5.45672e-08,1,1.33443e-09,0.552414,0.88359,0.159494,5.32638e-08,True,PGDM1400|Ce1176_A3,1313956
130_bNAb_Combinations|1313956|sample|6|Ce1176_A3|7023,1,1.3399e-09,0.561419,1.07484,0.159359,5.45672e-08,1,1.33443e-09,0.552414,1.0969,0.159494,5.32638e-08,True,PGDM1400|Ce1176_A3,1313956
130_bNAb_Combinations|1313956|sample|7|Ce1176_A3|7023,1,1.3399e-09,1.45079,47.3371,0.159359,5.45672e-08,1,1.33443e-09,1.45017,47.2815,0.159494,5.32638e-08,True,PGT121|Ce1176_A3,1313956
130_bNAb_Combinations|1313956|sample|8|Ce1176_A3|7023,1,1.3399e-09,1.45079,45.0545,0.159359,5.45672e-08,1,1.33443e-09,1.45017,45.8775,0.159494,5.32638e-08,True,PGT121|Ce1176_A3,1313956
130_bNAb_Combinations|1313956|sample|9|Ce1176_A3|7023,1,1.3399e-09,1.45079,54.5342,0.159359,5.45672e-08,1,1.33443e-09,1.45017,56.2219,0.159494,5.32638e-08,True,PGT121|Ce1176_A3,1313956
130_bNAb_Combinations|1313956|vc|1|2|Ce1176_A3|7023,1,1.33989e-09,1.45075,11.0384,0.159359,5.45672e-08,1,1.33442e-09,1.45012,1.47172,0.159494,5.32638e-08,False,nan|Ce1176_A3,1313956
130_bNAb_Combinations|1313956|vc|2|2|Ce1176_A3|7023,1,1.33989e-09,1.45075,10.751,0.159359,5.45672e-08,1,1.33442e-09,1.45012,1.47172,0.159494,5.32638e-08,False,nan|Ce1176_A3,1313956
130_bNAb_Combinations|1313956|vc|3|2|Ce1176_A3|7023,1,1.33989e-09,1.45075,12.8249,0.159359,5.45672e-08,1,1.33442e-09,1.45012,1.47172,0.159494,5.32638e-08,False,nan|Ce1176_A3,1313956
130_bNAb_Combinations|1313956|vc|4|2|Ce1176_A3|7023,1,1.33989e-09,1.45075,12.4309,0.159359,5.45672e-08,1,1.33442e-09,1.45012,1.47172,0.159494,5.32638e-08,False,nan|Ce1176_A3,1313956
130_bNAb_Combinations|1313956|vc|5|2|Ce1176_A3|7023,1,1.33989e-09,1.45075,8.0392,0.159359,5.45672e-08,1,1.33442e-09,1.45012,1.47172,0.159494,5.32638e-08,False,nan|Ce1176_A3,1313956
130_bNAb_Combinations|1313956|vc|6|2|Ce1176_A3|7023,1,1.33989e-09,1.45075,6.8536,0.159359,5.45672e-08,1,1.33442e-09,1.45012,1.47172,0.159494,5.32638e-08,False,nan|Ce1176_A3,1313956
130_bNAb_Combinations|1313956|vc|7|2|Ce1176_A3|7023,1,1.33989e-09,1.45075,13.9027,0.159359,5.45672e-08,1,1.33442e-09,1.45012,1.47172,0.159494,5.32638e-08,False,nan|Ce1176_A3,1313956
130_bNAb_Combinations|1313956|vc|8|2|Ce1176_A3|7023,1,1.33989e-09,1.45075,7.64496,0.159359,5.45672e-08,1,1.33442e-09,1.45012,1.47172,0.159494,5.32638e-08,False,nan|Ce1176_A3,1313956
130_bNAb_Combinations|1313974|cc|1|1|nan|1176,1,1.33989e-09,1.45027,8.8056,0.288929,5.45939e-08,1,1.33442e-09,1.44965,1.47172,0.289902,5.32891e-08,False,nan|1176,1313974
130_bNAb_Combinations|1313974|cc|2|1|nan|1176,1,1.33989e-09,1.45027,39.065,0.288929,5.45939e-08,1,1.33442e-09,1.44965,1.47172,0.289902,5.32891e-08,False,nan|1176,1313974
130_bNAb_Combinations|1313974|cc|3|1|nan|1176,1,1.33989e-09,1.45027,10.3967,0.288929,5.45939e-08,1,1.33442e-09,1.44965,1.47172,0.289902,5.32891e-08,False,nan|1176,1313974
130_bNAb_Combinations|1313974|cc|4|1|nan|1176,1,1.33989e-09,1.45027,10.5049,0.288929,5.45939e-08,1,1.33442e-09,1.44965,1.47172,0.289902,5.32891e-08,False,nan|1176,1313974
130_bNAb_Combinations|1313974|cc|5|1|nan|1176,1,1.33989e-09,1.45027,8.12239,0.288929,5.45939e-08,1,1.33442e-09,1.44965,1.47172,0.289902,5.32891e-08,False,nan|1176,1313974
130_bNAb_Combinations|1313974|cc|6|1|nan|1176,1,1.33989e-09,1.45027,9.74392,0.288929,5.45939e-08,1,1.33442e-09,1.44965,1.47172,0.289902,5.32891e-08,False,nan|1176,1313974
130_bNAb_Combinations|1313974|cc|7|1|nan|1176,1,1.33989e-09,1.45027,6.92237,0.288929,5.45939e-08,1,1.33442e-09,1.44965,1.47172,0.289902,5.32891e-08,False,nan|1176,1313974
130_bNAb_Combinations|1313974|cc|8|1|nan|1176,1,1.33989e-09,1.45027,8.37997,0.288929,5.45939e-08,1,1.33442e-09,1.44965,1.47172,0.289902,5.32891e-08,False,nan|1176,1313974
130_bNAb_Combinations|1313974|sample|10|nan|1176,1,1.3399e-09,1.45111,0.208272,0.288929,5.45939e-08,1,1.33443e-09,1.45049,0.201455,0.289902,5.32891e-08,True,PGT121|1176,1313974
130_bNAb_Combinations|1313974|sample|11|nan|1176,1,1.3399e-09,1.45099,13.6966,0.288929,5.45939e-08,1,1.33443e-09,1.45037,13.5119,0.289902,5.32891e-08,True,VRC07-523LS|1176,1313974
130_bNAb_Combinations|1313974|sample|12|nan|1176,1,1.3399e-09,1.45099,23.7404,0.288929,5.45939e-08,1,1.33443e-09,1.45037,24.3803,0.289902,5.32891e-08,True,VRC07-523LS|1176,1313974
130_bNAb_Combinations|1313974|sample|3|nan|1176,1,1.3399e-09,1.45088,6.85623,0.288929,5.45939e-08,1,1.33443e-09,1.45026,6.60344,0.289902,5.32891e-08,True,PGDM1400|1176,1313974
130_bNAb_Combinations|1313974|sample|4|nan|1176,1,1.3399e-09,1.45088,10.7609,0.288929,5.45939e-08,1,1.33443e-09,1.45026,10.7877,0.289902,5.32891e-08,True,PGDM1400|1176,1313974
130_bNAb_Combinations|1313974|sample|5|nan|1176,1,1.3399e-09,1.45088,1.38543,0.288929,5.45939e-08,1,1.33443e-09,1.45026,1.3229,0.289902,5.32891e-08,True,PGDM1400|1176,1313974
130_bNAb_Combinations|1313974|sample|6|nan|1176,1,1.3399e-09,1.45088,1.99964,0.288929,5.45939e-08,1,1.33443e-09,1.45026,1.86053,0.289902,5.32891e-08,True,PGDM1400|1176,1313974
130_bNAb_Combinations|1313974|sample|7|nan|1176,1,1.3399e-09,1.45111,0.506993,0.288929,5.45939e-08,1,1.33443e-09,1.45049,0.516918,0.289902,5.32891e-08,True,PGT121|1176,1313974
130_bNAb_Combinations|1313974|sample|8|nan|1176,1,1.3399e-09,1.45111,0.624418,0.288929,5.45939e-08,1,1.33443e-09,1.45049,0.595081,0.289902,5.32891e-08,True,PGT121|1176,1313974
130_bNAb_Combinations|1313974|sample|9|nan|1176,1,1.3399e-09,1.45111,0.16948,0.288929,5.45939e-08,1,1.33443e-09,1.45049,0.179957,0.289902,5.32891e-08,True,PGT121|1176,1313974
130_bNAb_Combinations|1313974|vc|1|2|nan|1176,1,1.33989e-09,1.45027,16.8185,0.288929,5.45939e-08,1,1.33442e-09,1.44965,1.47172,0.289902,5.32891e-08,False,nan|1176,1313974
130_bNAb_Combinations|1313974|vc|2|2|nan|1176,1,1.33989e-09,1.45027,7.1139,0.288929,5.45939e-08,1,1.33442e-09,1.44965,1.47172,0.289902,5.32891e-08,False,nan|1176,1313974
130_bNAb_Combinations|1313974|vc|3|2|nan|1176,1,1.33989e-09,1.45027,8.28482,0.288929,5.45939e-08,1,1.33442e-09,1.44965,1.47172,0.289902,5.32891e-08,False,nan|1176,1313974
130_bNAb_Combinations|1313974|vc|4|2|nan|1176,1,1.33989e-09,1.45027,6.92765,0.288929,5.45939e-08,1,1.33442e-09,1.44965,1.47172,0.289902,5.32891e-08,False,nan|1176,1313974
130_bNAb_Combinations|1313974|vc|5|2|nan|1176,1,1.33989e-09,1.45027,17.5694,0.288929,5.45939e-08,1,1.33442e-09,1.44965,1.47172,0.289902,5.32891e-08,False,nan|1176,1313974
130_bNAb_Combinations|1313974|vc|6|2|nan|1176,1,1.33989e-09,1.45027,11.7005,0.288929,5.45939e-08,1,1.33442e-09,1.44965,1.47172,0.289902,5.32891e-08,False,nan|1176,1313974
130_bNAb_Combinations|1313974|vc|7|2|nan|1176,1,1.33989e-09,1.45027,11.3988,0.288929,5.45939e-08,1,1.33442e-09,1.44965,1.47172,0.289902,5.32891e-08,False,nan|1176,1313974
130_bNAb_Combinations|1313974|vc|8|2|nan|1176,1,1.33989e-09,1.45027,10.6693,0.288929,5.45939e-08,1,1.33442e-09,1.44965,1.47172,0.289902,5.32891e-08,False,nan|1176,1313974
130_bNAb_Combinations|1313992|cc|1|1|RHPA4259.7|5371,1,1.33989e-09,1.45203,14.4316,0.159316,5.44651e-08,1,1.33442e-09,1.45139,1.47172,0.15945,5.31648e-08,False,nan|RHPA4259.7,1313992
130_bNAb_Combinations|1313992|cc|2|1|RHPA4259.7|5371,1,1.33989e-09,1.45203,8.15296,0.159316,5.44651e-08,1,1.33442e-09,1.45139,1.47172,0.15945,5.31648e-08,False,nan|RHPA4259.7,1313992
130_bNAb_Combinations|1313992|cc|3|1|RHPA4259.7|5371,1,1.33989e-09,1.45203,11.9181,0.159316,5.44651e-08,1,1.33442e-09,1.45139,1.47172,0.15945,5.31648e-08,False,nan|RHPA4259.7,1313992
130_bNAb_Combinations|1313992|cc|4|1|RHPA4259.7|5371,1,1.33989e-09,1.45203,20.3811,0.159316,5.44651e-08,1,1.33442e-09,1.45139,1.47172,0.15945,5.31648e-08,False,nan|RHPA4259.7,1313992
130_bNAb_Combinations|1313992|cc|5|1|RHPA4259.7|5371,1,1.33989e-09,1.45203,7.10471,0.159316,5.44651e-08,1,1.33442e-09,1.45139,1.47172,0.15945,5.31648e-08,False,nan|RHPA4259.7,1313992
130_bNAb_Combinations|1313992|cc|6|1|RHPA4259.7|5371,1,1.33989e-09,1.45203,11.0061,0.159316,5.44651e-08,1,1.33442e-09,1.45139,1.47172,0.15945,5.31648e-08,False,nan|RHPA4259.7,1313992
130_bNAb_Combinations|1313992|cc|7|1|RHPA4259.7|5371,1,1.33989e-09,1.45203,9.73024,0.159316,5.44651e-08,1,1.33442e-09,1.45139,1.47172,0.15945,5.31648e-08,False,nan|RHPA4259.7,1313992
130_bNAb_Combinations|1313992|cc|8|1|RHPA4259.7|5371,1,1.33989e-09,1.45203,8.4633,0.159316,5.44651e-08,1,1.33442e-09,1.45139,1.47172,0.15945,5.31648e-08,False,nan|RHPA4259.7,1313992
130_bNAb_Combinations|1313992|sample|10|RHPA4259.7|5371,1,1.3399e-09,1.45084,51.4819,0.159316,5.44651e-08,1,1.33443e-09,1.45022,50.4272,0.15945,5.31648e-08,True,PGT121|RHPA4259.7,1313992
130_bNAb_Combinations|1313992|sample|11|RHPA4259.7|5371,1,1.3399e-09,1.45079,63.2087,0.159316,5.44651e-08,1,1.33443e-09,1.45017,66.6573,0.15945,5.31648e-08,True,VRC07-523LS|RHPA4259.7,1313992
130_bNAb_Combinations|1313992|sample|12|RHPA4259.7|5371,1,1.3399e-09,1.45079,53.902,0.159316,5.44651e-08,1,1.33443e-09,1.45017,54.0757,0.15945,5.31648e-08,True,VRC07-523LS|RHPA4259.7,1313992
130_bNAb_Combinations|1313992|sample|3|RHPA4259.7|5371,1,1.3399e-09,1.45108,2.34395,0.159316,5.44651e-08,1,1.33443e-09,1.45047,2.32469,0.15945,5.31648e-08,True,PGDM1400|RHPA4259.7,1313992
130_bNAb_Combinations|1313992|sample|4|RHPA4259.7|5371,1,1.3399e-09,1.45108,2.17074,0.159316,5.44651e-08,1,1.33443e-09,1.45047,2.29307,0.15945,5.31648e-08,True,PGDM1400|RHPA4259.7,1313992
130_bNAb_Combinations|1313992|sample|5|RHPA4259.7|5371,1,1.3399e-09,1.45108,2.5443,0.159316,5.44651e-08,1,1.33443e-09,1.45047,2.58478,0.15945,5.31648e-08,True,PGDM1400|RHPA4259.7,1313992
130_bNAb_Combinations|1313992|sample|6|RHPA4259.7|5371,1,1.3399e-09,1.45108,2.73699,0.159316,5.44651e-08,1,1.33443e-09,1.45047,2.57194,0.15945,5.31648e-08,True,PGDM1400|RHPA4259.7,1313992
130_bNAb_Combinations|1313992|sample|7|RHPA4259.7|5371,1,1.3399e-09,1.45084,48.256,0.159316,5.44651e-08,1,1.33443e-09,1.45022,49.0925,0.15945,5.31648e-08,True,PGT121|RHPA4259.7,1313992
130_bNAb_Combinations|1313992|sample|8|RHPA4259.7|5371,1,1.3399e-09,1.45084,41.1172,0.159316,5.44651e-08,1,1.33443e-09,1.45022,42.3887,0.15945,5.31648e-08,True,PGT121|RHPA4259.7,1313992
130_bNAb_Combinations|1313992|sample|9|RHPA4259.7|5371,1,1.3399e-09,1.45084,45.1681,0.159316,5.44651e-08,1,1.33443e-09,1.45022,46.6775,0.15945,5.31648e-08,True,PGT121|RHPA4259.7,1313992
130_bNAb_Combinations|1313992|vc|1|2|RHPA4259.7|5371,1,1.33989e-09,1.45203,8.26558,0.159316,5.44651e-08,1,1.33442e-09,1.45139,1.47172,0.15945,5.31648e-08,False,nan|RHPA4259.7,1313992
130_bNAb_Combinations|1313992|vc|2|2|RHPA4259.7|5371,1,1.33989e-09,1.45203,10.5264,0.159316,5.44651e-08,1,1.33442e-09,1.45139,1.47172,0.15945,5.31648e-08,False,nan|RHPA4259.7,1313992
130_bNAb_Combinations|1313992|vc|3|2|RHPA4259.7|5371,1,1.33989e-09,1.45203,11.4805,0.159316,5.44651e-08,1,1.33442e-09,1.45139,1.47172,0.15945,5.31648e-08,False,nan|RHPA4259.7,1313992
130_bNAb_Combinations|1313992|vc|4|2|RHPA4259.7|5371,1,1.33989e-09,1.45203,9.14942,0.159316,5.44651e-08,1,1.33442e-09,1.45139,1.47172,0.15945,5.31648e-08,False,nan|RHPA4259.7,1313992
130_bNAb_Combinations|1313992|vc|5|2|RHPA4259.7|5371,1,1.33989e-09,1.45203,10.2492,0.159316,5.44651e-08,1,1.33442e-09,1.45139,1.47172,0.15945,5.31648e-08,False,nan|RHPA4259.7,1313992
130_bNAb_Combinations|1313992|vc|6|2|RHPA4259.7|5371,1,1.33989e-09,1.45203,17.0451,0.159316,5.44651e-08,1,1.33442e-09,1.45139,1.47172,0.15945,5.31648e-08,False,nan|RHPA4259.7,1313992
130_bNAb_Combinations|1313992|vc|7|2|RHPA4259.7|5371,1,1.33989e-09,1.45203,14.0896,0.159316,5.44651e-08,1,1.33442e-09,1.45139,1.47172,0.15945,5.31648e-08,False,nan|RHPA4259.7,1313992
130_bNAb_Combinations|1313992|vc|8|2|RHPA4259.7|5371,1,1.33989e-09,1.45203,6.2147,0.159316,5.44651e-08,1,1.33442e-09,1.45139,1.47172,0.15945,5.31648e-08,False,nan|RHPA4259.7,1313992
130_bNAb_Combinations|1314016|cc|1|1|nan|3430,1,1.33989e-09,1.4504,8.16957,0.159319,5.45814e-08,1,1.33442e-09,1.44979,1.47172,0.159452,5.32774e-08,False,nan|3430,1314016
130_bNAb_Combinations|1314016|cc|2|1|nan|3430,1,1.33989e-09,1.4504,11.1918,0.159319,5.45814e-08,1,1.33442e-09,1.44979,1.47172,0.159452,5.32774e-08,False,nan|3430,1314016
130_bNAb_Combinations|1314016|cc|3|1|nan|3430,1,1.33989e-09,1.4504,8.64368,0.159319,5.45814e-08,1,1.33442e-09,1.44979,1.47172,0.159452,5.32774e-08,False,nan|3430,1314016
130_bNAb_Combinations|1314016|cc|4|1|nan|3430,1,1.33989e-09,1.4504,10.4897,0.159319,5.45814e-08,1,1.33442e-09,1.44979,1.47172,0.159452,5.32774e-08,False,nan|3430,1314016
130_bNAb_Combinations|1314016|cc|5|1|nan|3430,1,1.33989e-09,1.4504,10.4765,0.159319,5.45814e-08,1,1.33442e-09,1.44979,1.47172,0.159452,5.32774e-08,False,nan|3430,1314016
130_bNAb_Combinations|1314016|cc|6|1|nan|3430,1,1.33989e-09,1.4504,13.8882,0.159319,5.45814e-08,1,1.33442e-09,1.44979,1.47172,0.159452,5.32774e-08,False,nan|3430,1314016
130_bNAb_Combinations|1314016|cc|7|1|nan|3430,1,1.33989e-09,1.4504,7.59372,0.159319,5.45814e-08,1,1.33442e-09,1.44979,1.47172,0.159452,5.32774e-08,False,nan|3430,1314016
130_bNAb_Combinations|1314016|cc|8|1|nan|3430,1,1.33989e-09,1.4504,7.65931,0.159319,5.45814e-08,1,1.33442e-09,1.44979,1.47172,0.159452,5.32774e-08,False,nan|3430,1314016
130_bNAb_Combinations|1314016|sample|10|nan|3430,1,1.3399e-09,0.986543,26.4064,0.159319,5.45814e-08,1,1.33443e-09,0.98047,26.8688,0.159452,5.32774e-08,True,PGT121|3430,1314016
130_bNAb_Combinations|1314016|sample|11|nan|3430,1,1.3399e-09,1.66472,20.7322,0.159319,5.45814e-08,1,1.33443e-09,1.67296,20.8633,0.159452,5.32774e-08,True,VRC07-523LS|3430,1314016
130_bNAb_Combinations|1314016|sample|12|nan|3430,1,1.3399e-09,1.66472,23.3002,0.159319,5.45814e-08,1,1.33443e-09,1.67296,23.3161,0.159452,5.32774e-08,True,VRC07-523LS|3430,1314016
130_bNAb_Combinations|1314016|sample|3|nan|3430,1,1.3399e-09,1.45088,241.666,0.159319,5.45814e-08,1,1.33443e-09,1.45026,233.789,0.159452,5.32774e-08,True,PGDM1400|3430,1314016
130_bNAb_Combinations|1314016|sample|4|nan|3430,1,1.3399e-09,1.45088,225.133,0.159319,5.45814e-08,1,1.33443e-09,1.45026,228.337,0.159452,5.32774e-08,True,PGDM1400|3430,1314016
130_bNAb_Combinations|1314016|sample|5|nan|3430,1,1.3399e-09,1.45088,225.076,0.159319,5.45814e-08,1,1.33443e-09,1.45026,217.233,0.159452,5.32774e-08,True,PGDM1400|3430,1314016
130_bNAb_Combinations|1314016|sample|6|nan|3430,1,1.3399e-09,1.45088,221.983,0.159319,5.45814e-08,1,1.33443e-09,1.45026,240.593,0.159452,5.32774e-08,True,PGDM1400|3430,1314016
130_bNAb_Combinations|1314016|sample|7|nan|3430,1,1.3399e-09,0.986543,20.2325,0.159319,5.45814e-08,1,1.33443e-09,0.98047,20.8484,0.159452,5.32774e-08,True,PGT121|3430,1314016
130_bNAb_Combinations|1314016|sample|8|nan|3430,1,1.3399e-09,0.986543,21.0301,0.159319,5.45814e-08,1,1.33443e-09,0.98047,21.3233,0.159452,5.32774e-08,True,PGT121|3430,1314016
130_bNAb_Combinations|1314016|sample|9|nan|3430,1,1.3399e-09,0.986543,26.1291,0.159319,5.45814e-08,1,1.33443e-09,0.98047,26.3553,0.159452,5.32774e-08,True,PGT121|3430,1314016
130_bNAb_Combinations|1314016|vc|1|2|nan|3430,1,1.33989e-09,1.4504,14.1452,0.159319,5.45814e-08,1,1.33442e-09,1.44979,1.47172,0.159452,5.32774e-08,False,nan|3430,1314016
130_bNAb_Combinations|1314016|vc|2|2|nan|3430,1,1.33989e-09,1.4504,8.58295,0.159319,5.45814e-08,1,1.33442e-09,1.44979,1.47172,0.159452,5.32774e-08,False,nan|3430,1314016
130_bNAb_Combinations|1314016|vc|3|2|nan|3430,1,1.33989e-09,1.4504,14.075,0.159319,5.45814e-08,1,1.33442e-09,1.44979,1.47172,0.159452,5.32774e-08,False,nan|3430,1314016
130_bNAb_Combinations|1314016|vc|4|2|nan|3430,1,1.33989e-09,1.4504,9.31082,0.159319,5.45814e-08,1,1.33442e-09,1.44979,1.47172,0.159452,5.32774e-08,False,nan|3430,1314016
130_bNAb_Combinations|1314016|vc|5|2|nan|3430,1,1.33989e-09,1.4504,12.9334,0.159319,5.45814e-08,1,1.33442e-09,1.44979,1.47172,0.159452,5.32774e-08,False,nan|3430,1314016
130_bNAb_Combinations|1314016|vc|6|2|nan|3430,1,1.33989e-09,1.4504,5.05891,0.159319,5.45814e-08,1,1.33442e-09,1.44979,1.47172,0.159452,5.32774e-08,False,nan|3430,1314016
130_bNAb_Combinations|1314016|vc|7|2|nan|3430,1,1.33989e-09,1.4504,10.8704,0.159319,5.45814e-08,1,1.33442e-09,1.44979,1.47172,0.159452,5.32774e-08,False,nan|3430,1314016
130_bNAb_Combinations|1314016|vc|8|2|nan|3430,1,1.33989e-09,1.4504,6.68418,0.159319,5.45814e-08,1,1.33442e-09,1.44979,1.47172,0.159452,5.32774e-08,False,nan|3430,1314016
130_bNAb_Combinations|1314040|cc|1|1|nan|4166,1,1.33989e-09,1.45002,14.5957,0.159415,5.45815e-08,1,1.33442e-09,1.4494,1.47172,0.159549,5.32775e-08,False,nan|4166,1314040
130_bNAb_Combinations|1314040|cc|2|1|nan|4166,1,1.33989e-09,1.45002,7.46532,0.159415,5.45815e-08,1,1.33442e-09,1.4494,1.47172,0.159549,5.32775e-08,False,nan|4166,1314040
130_bNAb_Combinations|1314040|cc|3|1|nan|4166,1,1.33989e-09,1.45002,16.775,0.159415,5.45815e-08,1,1.33442e-09,1.4494,1.47172,0.159549,5.32775e-08,False,nan|4166,1314040
130_bNAb_Combinations|1314040|cc|4|1|nan|4166,1,1.33989e-09,1.45002,6.43517,0.159415,5.45815e-08,1,1.33442e-09,1.4494,1.47172,0.159549,5.32775e-08,False,nan|4166,1314040
130_bNAb_Combinations|1314040|cc|5|1|nan|4166,1,1.33989e-09,1.45002,7.5588,0.159415,5.45815e-08,1,1.33442e-09,1.4494,1.47172,0.159549,5.32775e-08,False,nan|4166,1314040
130_bNAb_Combinations|1314040|cc|6|1|nan|4166,1,1.33989e-09,1.45002,11.485,0.159415,5.45815e-08,1,1.33442e-09,1.4494,1.47172,0.159549,5.32775e-08,False,nan|4166,1314040
130_bNAb_Combinations|1314040|cc|7|1|nan|4166,1,1.33989e-09,1.45002,8.99682,0.159415,5.45815e-08,1,1.33442e-09,1.4494,1.47172,0.159549,5.32775e-08,False,nan|4166,1314040
130_bNAb_Combinations|1314040|cc|8|1|nan|4166,1,1.33989e-09,1.45002,12.1624,0.159415,5.45815e-08,1,1.33442e-09,1.4494,1.47172,0.159549,5.32775e-08,False,nan|4166,1314040
130_bNAb_Combinations|1314040|sample|10|nan|4166,1,1.3399e-09,1.45079,106.684,0.159415,5.45815e-08,1,1.33443e-09,1.45017,114.488,0.159549,5.32775e-08,True,PGT121|4166,1314040
130_bNAb_Combinations|1314040|sample|11|nan|4166,1,1.3399e-09,1.45081,62.8273,0.159415,5.45815e-08,1,1.33443e-09,1.4502,62.6542,0.159549,5.32775e-08,True,VRC07-523LS|4166,1314040
130_bNAb_Combinations|1314040|sample|12|nan|4166,1,1.3399e-09,1.45081,75.1344,0.159415,5.45815e-08,1,1.33443e-09,1.4502,79.1073,0.159549,5.32775e-08,True,VRC07-523LS|4166,1314040
130_bNAb_Combinations|1314040|sample|3|nan|4166,1,1.3399e-09,0.973216,223.887,0.159415,5.45815e-08,1,1.33443e-09,0.97612,215.371,0.159549,5.32775e-08,True,PGDM1400|4166,1314040
130_bNAb_Combinations|1314040|sample|4|nan|4166,1,1.3399e-09,0.973216,143.334,0.159415,5.45815e-08,1,1.33443e-09,0.97612,153.587,0.159549,5.32775e-08,True,PGDM1400|4166,1314040
130_bNAb_Combinations|1314040|sample|5|nan|4166,1,1.3399e-09,0.973216,184.308,0.159415,5.45815e-08,1,1.33443e-09,0.97612,186.987,0.159549,5.32775e-08,True,PGDM1400|4166,1314040
130_bNAb_Combinations|1314040|sample|6|nan|4166,1,1.3399e-09,0.973216,175.171,0.159415,5.45815e-08,1,1.33443e-09,0.97612,180.082,0.159549,5.32775e-08,True,PGDM1400|4166,1314040
130_bNAb_Combinations|1314040|sample|7|nan|4166,1,1.3399e-09,1.45079,85.0611,0.159415,5.45815e-08,1,1.33443e-09,1.45017,82.9275,0.159549,5.32775e-08,True,PGT121|4166,1314040
130_bNAb_Combinations|1314040|sample|8|nan|4166,1,1.3399e-09,1.45079,82.2464,0.159415,5.45815e-08,1,1.33443e-09,1.45017,78.0531,0.159549,5.32775e-08,True,PGT121|4166,1314040
130_bNAb_Combinations|1314040|sample|9|nan|4166,1,1.3399e-09,1.45079,87.3968,0.159415,5.45815e-08,1,1.33443e-09,1.45017,86.2675,0.159549,5.32775e-08,True,PGT121|4166,1314040
130_bNAb_Combinations|1314040|vc|1|2|nan|4166,1,1.33989e-09,1.45002,9.4451,0.159415,5.45815e-08,1,1.33442e-09,1.4494,1.47172,0.159549,5.32775e-08,False,nan|4166,1314040
130_bNAb_Combinations|1314040|vc|2|2|nan|4166,1,1.33989e-09,1.45002,11.4544,0.159415,5.45815e-08,1,1.33442e-09,1.4494,1.47172,0.159549,5.32775e-08,False,nan|4166,1314040
130_bNAb_Combinations|1314040|vc|3|2|nan|4166,1,1.33989e-09,1.45002,10.3258,0.159415,5.45815e-08,1,1.33442e-09,1.4494,1.47172,0.159549,5.32775e-08,False,nan|4166,1314040
130_bNAb_Combinations|1314040|vc|4|2|nan|4166,1,1.33989e-09,1.45002,11.6243,0.159415,5.45815e-08,1,1.33442e-09,1.4494,1.47172,0.159549,5.32775e-08,False,nan|4166,1314040
130_bNAb_Combinations|1314040|vc|5|2|nan|4166,1,1.33989e-09,1.45002,11.6467,0.159415,5.45815e-08,1,1.33442e-09,1.4494,1.47172,0.159549,5.32775e-08,False,nan|4166,1314040
130_bNAb_Combinations|1314040|vc|6|2|nan|4166,1,1.33989e-09,1.45002,8.04399,0.159415,5.45815e-08,1,1.33442e-09,1.4494,1.47172,0.159549,5.32775e-08,False,nan|4166,1314040
130_bNAb_Combinations|1314040|vc|7|2|nan|4166,1,1.33989e-09,1.45002,10.8632,0.159415,5.45815e-08,1,1.33442e-09,1.4494,1.47172,0.159549,5.32775e-08,False,nan|4166,1314040
130_bNAb_Combinations|1314040|vc|8|2|nan|4166,1,1.33989e-09,1.45002,12.6509,0.159415,5.45815e-08,1,1.33442e-09,1.4494,1.47172,0.159549,5.32775e-08,False,nan|4166,1314040
130_bNAb_Combinations|1314058|cc|1|1|nan|2944,1,1.33989e-09,1.45101,9.67738,0.159359,5.45858e-08,1,1.33442e-09,1.45037,1.47172,0.159493,5.32816e-08,False,nan|2944,1314058
130_bNAb_Combinations|1314058|cc|2|1|nan|2944,1,1.33989e-09,1.45101,8.87921,0.159359,5.45858e-08,1,1.33442e-09,1.45037,1.47172,0.159493,5.32816e-08,False,nan|2944,1314058
130_bNAb_Combinations|1314058|cc|3|1|nan|2944,1,1.33989e-09,1.45101,5.64155,0.159359,5.45858e-08,1,1.33442e-09,1.45037,1.47172,0.159493,5.32816e-08,False,nan|2944,1314058
130_bNAb_Combinations|1314058|cc|4|1|nan|2944,1,1.33989e-09,1.45101,10.7977,0.159359,5.45858e-08,1,1.33442e-09,1.45037,1.47172,0.159493,5.32816e-08,False,nan|2944,1314058
130_bNAb_Combinations|1314058|cc|5|1|nan|2944,1,1.33989e-09,1.45101,8.86718,0.159359,5.45858e-08,1,1.33442e-09,1.45037,1.47172,0.159493,5.32816e-08,False,nan|2944,1314058
130_bNAb_Combinations|1314058|cc|6|1|nan|2944,1,1.33989e-09,1.45101,11.1211,0.159359,5.45858e-08,1,1.33442e-09,1.45037,1.47172,0.159493,5.32816e-08,False,nan|2944,1314058
130_bNAb_Combinations|1314058|cc|7|1|nan|2944,1,1.33989e-09,1.45101,13.899,0.159359,5.45858e-08,1,1.33442e-09,1.45037,1.47172,0.159493,5.32816e-08,False,nan|2944,1314058
130_bNAb_Combinations|1314058|cc|8|1|nan|2944,1,1.33989e-09,1.45101,12.6976,0.159359,5.45858e-08,1,1.33442e-09,1.45037,1.47172,0.159493,5.32816e-08,False,nan|2944,1314058
130_bNAb_Combinations|1314058|sample|10|nan|2944,1,1.3399e-09,1.45078,86.7245,0.159359,5.45858e-08,1,1.33443e-09,1.45016,85.4466,0.159493,5.32816e-08,True,PGT121|2944,1314058
130_bNAb_Combinations|1314058|sample|11|nan|2944,1,1.3399e-09,1.45078,13.2252,0.159359,5.45858e-08,1,1.33443e-09,1.45017,13.8556,0.159493,5.32816e-08,True,VRC07-523LS|2944,1314058
130_bNAb_Combinations|1314058|sample|12|nan|2944,1,1.3399e-09,1.45078,15.5684,0.159359,5.45858e-08,1,1.33443e-09,1.45017,14.887,0.159493,5.32816e-08,True,VRC07-523LS|2944,1314058
130_bNAb_Combinations|1314058|sample|3|nan|2944,1,1.3399e-09,1.4508,451.26,0.159359,5.45858e-08,1,1.33443e-09,1.45019,492.35,0.159493,5.32816e-08,True,PGDM1400|2944,1314058
130_bNAb_Combinations|1314058|sample|4|nan|2944,1,1.3399e-09,1.4508,533.379,0.159359,5.45858e-08,1,1.33443e-09,1.45019,501.906,0.159493,5.32816e-08,True,PGDM1400|2944,1314058
130_bNAb_Combinations|1314058|sample|5|nan|2944,1,1.3399e-09,1.4508,529.995,0.159359,5.45858e-08,1,1.33443e-09,1.45019,566.649,0.159493,5.32816e-08,True,PGDM1400|2944,1314058
130_bNAb_Combinations|1314058|sample|6|nan|2944,1,1.3399e-09,1.4508,857.058,0.159359,5.45858e-08,1,1.33443e-09,1.45019,795.11,0.159493,5.32816e-08,True,PGDM1400|2944,1314058
130_bNAb_Combinations|1314058|sample|7|nan|2944,1,1.3399e-09,1.45078,85.2892,0.159359,5.45858e-08,1,1.33443e-09,1.45016,89.2626,0.159493,5.32816e-08,True,PGT121|2944,1314058
130_bNAb_Combinations|1314058|sample|8|nan|2944,1,1.3399e-09,1.45078,67.1032,0.159359,5.45858e-08,1,1.33443e-09,1.45016,71.04,0.159493,5.32816e-08,True,PGT121|2944,1314058
130_bNAb_Combinations|1314058|sample|9|nan|2944,1,1.3399e-09,1.45078,91.6409,0.159359,5.45858e-08,1,1.33443e-09,1.45016,93.9482,0.159493,5.32816e-08,True,PGT121|2944,1314058
130_bNAb_Combinations|1314058|vc|1|2|nan|2944,1,1.33989e-09,1.45101,9.58984,0.159359,5.45858e-08,1,1.33442e-09,1.45037,1.47172,0.159493,5.32816e-08,False,nan|2944,1314058
130_bNAb_Combinations|1314058|vc|2|2|nan|2944,1,1.33989e-09,1.45101,6.2193,0.159359,5.45858e-08,1,1.33442e-09,1.45037,1.47172,0.159493,5.32816e-08,False,nan|2944,1314058
130_bNAb_Combinations|1314058|vc|3|2|nan|2944,1,1.33989e-09,1.45101,8.21286,0.159359,5.45858e-08,1,1.33442e-09,1.45037,1.47172,0.159493,5.32816e-08,False,nan|2944,1314058
130_bNAb_Combinations|1314058|vc|4|2|nan|2944,1,1.33989e-09,1.45101,8.58737,0.159359,5.45858e-08,1,1.33442e-09,1.45037,1.47172,0.159493,5.32816e-08,False,nan|2944,1314058
130_bNAb_Combinations|1314058|vc|5|2|nan|2944,1,1.33989e-09,1.45101,12.3019,0.159359,5.45858e-08,1,1.33442e-09,1.45037,1.47172,0.159493,5.32816e-08,False,nan|2944,1314058
130_bNAb_Combinations|1314058|vc|6|2|nan|2944,1,1.33989e-09,1.45101,6.29304,0.159359,5.45858e-08,1,1.33442e-09,1.45037,1.47172,0.159493,5.32816e-08,False,nan|2944,1314058
130_bNAb_Combinations|1314058|vc|7|2|nan|2944,1,1.33989e-09,1.45101,15.4476,0.159359,5.45858e-08,1,1.33442e-09,1.45037,1.47172,0.159493,5.32816e-08,False,nan|2944,1314058
130_bNAb_Combinations|1314058|vc|8|2|nan|2944,1,1.33989e-09,1.45101,14.148,0.159359,5.45858e-08,1,1.33442e-09,1.45037,1.47172,0.159493,5.32816e-08,False,nan|2944,1314058
130_bNAb_Combinations|1342240|cc|1|1|nan|1798,1,1.33989e-09,1.45032,7.02956,0.159389,5.45805e-08,1,1.33442e-09,1.4497,1.47172,0.159523,5.32766e-08,False,nan|1798,1342240
130_bNAb_Combinations|1342240|cc|2|1|nan|1798,1,1.33989e-09,1.45032,7.1104,0.159389,5.45805e-08,1,1.33442e-09,1.4497,1.47172,0.159523,5.32766e-08,False,nan|1798,1342240
130_bNAb_Combinations|1342240|cc|3|1|nan|1798,1,1.33989e-09,1.45032,7.81361,0.159389,5.45805e-08,1,1.33442e-09,1.4497,1.47172,0.159523,5.32766e-08,False,nan|1798,1342240
130_bNAb_Combinations|1342240|cc|4|1|nan|1798,1,1.33989e-09,1.45032,9.45146,0.159389,5.45805e-08,1,1.33442e-09,1.4497,1.47172,0.159523,5.32766e-08,False,nan|1798,1342240
130_bNAb_Combinations|1342240|cc|5|1|nan|1798,1,1.33989e-09,1.45032,5.13433,0.159389,5.45805e-08,1,1.33442e-09,1.4497,1.47172,0.159523,5.32766e-08,False,nan|1798,1342240
130_bNAb_Combinations|1342240|cc|6|1|nan|1798,1,1.33989e-09,1.45032,10.1247,0.159389,5.45805e-08,1,1.33442e-09,1.4497,1.47172,0.159523,5.32766e-08,False,nan|1798,1342240
130_bNAb_Combinations|1342240|cc|7|1|nan|1798,1,1.33989e-09,1.45032,11.6931,0.159389,5.45805e-08,1,1.33442e-09,1.4497,1.47172,0.159523,5.32766e-08,False,nan|1798,1342240
130_bNAb_Combinations|1342240|cc|8|1|nan|1798,1,1.33989e-09,1.45032,8.03474,0.159389,5.45805e-08,1,1.33442e-09,1.4497,1.47172,0.159523,5.32766e-08,False,nan|1798,1342240
130_bNAb_Combinations|1342240|sample|3|nan|1798,1,1.3399e-09,1.45085,2.23402,0.159389,5.45805e-08,1,1.33443e-09,1.45023,2.31834,0.159523,5.32766e-08,True,VRC07-523LS|1798,1342240
130_bNAb_Combinations|1342240|sample|4|nan|1798,1,1.3399e-09,1.45085,2.32896,0.159389,5.45805e-08,1,1.33443e-09,1.45023,2.37306,0.159523,5.32766e-08,True,VRC07-523LS|1798,1342240
130_bNAb_Combinations|1342240|sample|8|nan|1798,1,1.3399e-09,1.45085,45.3717,0.159389,5.45805e-08,1,1.33443e-09,1.45023,8.90423,0.159523,5.32766e-08,True,VRC07-523LS|1798,1342240
130_bNAb_Combinations|1342240|vc|1|2|nan|1798,1,1.33989e-09,1.45032,8.06452,0.159389,5.45805e-08,1,1.33442e-09,1.4497,1.47172,0.159523,5.32766e-08,False,nan|1798,1342240
130_bNAb_Combinations|1342240|vc|2|2|nan|1798,1,1.33989e-09,1.45032,12.4096,0.159389,5.45805e-08,1,1.33442e-09,1.4497,1.47172,0.159523,5.32766e-08,False,nan|1798,1342240
130_bNAb_Combinations|1342240|vc|3|2|nan|1798,1,1.33989e-09,1.45032,14.857,0.159389,5.45805e-08,1,1.33442e-09,1.4497,1.47172,0.159523,5.32766e-08,False,nan|1798,1342240
130_bNAb_Combinations|1342240|vc|4|2|nan|1798,1,1.33989e-09,1.45032,13.1903,0.159389,5.45805e-08,1,1.33442e-09,1.4497,1.47172,0.159523,5.32766e-08,False,nan|1798,1342240
130_bNAb_Combinations|1342240|vc|5|2|nan|1798,1,1.33989e-09,1.45032,6.1958,0.159389,5.45805e-08,1,1.33442e-09,1.4497,1.47172,0.159523,5.32766e-08,False,nan|1798,1342240
130_bNAb_Combinations|1342240|vc|6|2|nan|1798,1,1.33989e-09,1.45032,12.5147,0.159389,5.45805e-08,1,1.33442e-09,1.4497,1.47172,0.159523,5.32766e-08,False,nan|1798,1342240
130_bNAb_Combinations|1342240|vc|7|2|nan|1798,1,1.33989e-09,1.45032,9.59132,0.159389,5.45805e-08,1,1.33442e-09,1.4497,1.47172,0.159523,5.32766e-08,False,nan|1798,1342240
130_bNAb_Combinations|1342240|vc|8|2|nan|1798,1,1.33989e-09,1.45032,8.50054,0.159389,5.45805e-08,1,1.33442e-09,1.4497,1.47172,0.159523,5.32766e-08,False,nan|1798,1342240
130_bNAb_Combinations|1342258|cc|1|1|TRO.11|8301,1,1.33989e-09,1.45043,7.45913,0.159356,5.46153e-08,1,1.33442e-09,1.44981,1.47172,0.15949,5.33092e-08,False,nan|TRO.11,1342258
130_bNAb_Combinations|1342258|cc|2|1|TRO.11|8301,1,1.33989e-09,1.45043,8.21026,0.159356,5.46153e-08,1,1.33442e-09,1.44981,1.47172,0.15949,5.33092e-08,False,nan|TRO.11,1342258
130_bNAb_Combinations|1342258|cc|3|1|TRO.11|8301,1,1.33989e-09,1.45043,9.57475,0.159356,5.46153e-08,1,1.33442e-09,1.44981,1.47172,0.15949,5.33092e-08,False,nan|TRO.11,1342258
130_bNAb_Combinations|1342258|cc|4|1|TRO.11|8301,1,1.33989e-09,1.45043,9.88173,0.159356,5.46153e-08,1,1.33442e-09,1.44981,1.47172,0.15949,5.33092e-08,False,nan|TRO.11,1342258
130_bNAb_Combinations|1342258|cc|5|1|TRO.11|8301,1,1.33989e-09,1.45043,7.49144,0.159356,5.46153e-08,1,1.33442e-09,1.44981,1.47172,0.15949,5.33092e-08,False,nan|TRO.11,1342258
130_bNAb_Combinations|1342258|cc|6|1|TRO.11|8301,1,1.33989e-09,1.45043,9.17421,0.159356,5.46153e-08,1,1.33442e-09,1.44981,1.47172,0.15949,5.33092e-08,False,nan|TRO.11,1342258
130_bNAb_Combinations|1342258|cc|7|1|TRO.11|8301,1,1.33989e-09,1.45043,10.135,0.159356,5.46153e-08,1,1.33442e-09,1.44981,1.47172,0.15949,5.33092e-08,False,nan|TRO.11,1342258
130_bNAb_Combinations|1342258|cc|8|1|TRO.11|8301,1,1.33989e-09,1.45043,12.3728,0.159356,5.46153e-08,1,1.33442e-09,1.44981,1.47172,0.15949,5.33092e-08,False,nan|TRO.11,1342258
130_bNAb_Combinations|1342258|sample|3|TRO.11|8301,1,1.3399e-09,1.85751,7.7528,0.159356,5.46153e-08,1,1.33443e-09,1.87165,8.03704,0.15949,5.33092e-08,True,VRC07-523LS|TRO.11,1342258
130_bNAb_Combinations|1342258|sample|4|TRO.11|8301,1,1.3399e-09,1.85751,7.40231,0.159356,5.46153e-08,1,1.33443e-09,1.87165,7.21655,0.15949,5.33092e-08,True,VRC07-523LS|TRO.11,1342258
130_bNAb_Combinations|1342258|vc|1|2|TRO.11|8301,1,1.33989e-09,1.45043,10.3524,0.159356,5.46153e-08,1,1.33442e-09,1.44981,1.47172,0.15949,5.33092e-08,False,nan|TRO.11,1342258
130_bNAb_Combinations|1342258|vc|2|2|TRO.11|8301,1,1.33989e-09,1.45043,10.8992,0.159356,5.46153e-08,1,1.33442e-09,1.44981,1.47172,0.15949,5.33092e-08,False,nan|TRO.11,1342258
130_bNAb_Combinations|1342258|vc|3|2|TRO.11|8301,1,1.33989e-09,1.45043,9.26427,0.159356,5.46153e-08,1,1.33442e-09,1.44981,1.47172,0.15949,5.33092e-08,False,nan|TRO.11,1342258
130_bNAb_Combinations|1342258|vc|4|2|TRO.11|8301,1,1.33989e-09,1.45043,8.44162,0.159356,5.46153e-08,1,1.33442e-09,1.44981,1.47172,0.15949,5.33092e-08,False,nan|TRO.11,1342258
130_bNAb_Combinations|1342258|vc|5|2|TRO.11|8301,1,1.33989e-09,1.45043,7.23896,0.159356,5.46153e-08,1,1.33442e-09,1.44981,1.47172,0.15949,5.33092e-08,False,nan|TRO.11,1342258
130_bNAb_Combinations|1342258|vc|6|2|TRO.11|8301,1,1.33989e-09,1.45043,10.7988,0.159356,5.46153e-08,1,1.33442e-09,1.44981,1.47172,0.15949,5.33092e-08,False,nan|TRO.11,1342258
130_bNAb_Combinations|1342258|vc|7|2|TRO.11|8301,1,1.33989e-09,1.45043,6.38861,0.159356,5.46153e-08,1,1.33442e-09,1.44981,1.47172,0.15949,5.33092e-08,False,nan|TRO.11,1342258
130_bNAb_Combinations|1342258|vc|8|2|TRO.11|8301,1,1.33989e-09,1.45043,8.34768,0.159356,5.46153e-08,1,1.33442e-09,1.44981,1.47172,0.15949,5.33092e-08,False,nan|TRO.11,1342258
130_bNAb_Combinations|1342276|cc|1|1|Ce1176_A3|7023,1,1.33989e-09,1.45075,8.73271,0.159386,5.45815e-08,1,1.33442e-09,1.45012,1.47172,0.15952,5.32775e-08,False,nan|Ce1176_A3,1342276
130_bNAb_Combinations|1342276|cc|2|1|Ce1176_A3|7023,1,1.33989e-09,1.45075,11.8597,0.159386,5.45815e-08,1,1.33442e-09,1.45012,1.47172,0.15952,5.32775e-08,False,nan|Ce1176_A3,1342276
130_bNAb_Combinations|1342276|cc|3|1|Ce1176_A3|7023,1,1.33989e-09,1.45075,10.2985,0.159386,5.45815e-08,1,1.33442e-09,1.45012,1.47172,0.15952,5.32775e-08,False,nan|Ce1176_A3,1342276
130_bNAb_Combinations|1342276|cc|4|1|Ce1176_A3|7023,1,1.33989e-09,1.45075,8.20131,0.159386,5.45815e-08,1,1.33442e-09,1.45012,1.47172,0.15952,5.32775e-08,False,nan|Ce1176_A3,1342276
130_bNAb_Combinations|1342276|cc|5|1|Ce1176_A3|7023,1,1.33989e-09,1.45075,19.7597,0.159386,5.45815e-08,1,1.33442e-09,1.45012,1.47172,0.15952,5.32775e-08,False,nan|Ce1176_A3,1342276
130_bNAb_Combinations|1342276|cc|6|1|Ce1176_A3|7023,1,1.33989e-09,1.45075,7.85383,0.159386,5.45815e-08,1,1.33442e-09,1.45012,1.47172,0.15952,5.32775e-08,False,nan|Ce1176_A3,1342276
130_bNAb_Combinations|1342276|cc|7|1|Ce1176_A3|7023,1,1.33989e-09,1.45075,9.42134,0.159386,5.45815e-08,1,1.33442e-09,1.45012,1.47172,0.15952,5.32775e-08,False,nan|Ce1176_A3,1342276
130_bNAb_Combinations|1342276|cc|8|1|Ce1176_A3|7023,1,1.33989e-09,1.45075,8.79862,0.159386,5.45815e-08,1,1.33442e-09,1.45012,1.47172,0.15952,5.32775e-08,False,nan|Ce1176_A3,1342276
130_bNAb_Combinations|1342276|sample|3|Ce1176_A3|7023,1,1.3399e-09,1.45076,3.39987,0.159386,5.45815e-08,1,1.33443e-09,1.45014,3.38445,0.15952,5.32775e-08,True,VRC07-523LS|Ce1176_A3,1342276
130_bNAb_Combinations|1342276|sample|4|Ce1176_A3|7023,1,1.3399e-09,1.45076,3.13851,0.159386,5.45815e-08,1,1.33443e-09,1.45014,3.14861,0.15952,5.32775e-08,True,VRC07-523LS|Ce1176_A3,1342276
130_bNAb_Combinations|1342276|vc|1|2|Ce1176_A3|7023,1,1.33989e-09,1.45075,8.8547,0.159386,5.45815e-08,1,1.33442e-09,1.45012,1.47172,0.15952,5.32775e-08,False,nan|Ce1176_A3,1342276
130_bNAb_Combinations|1342276|vc|2|2|Ce1176_A3|7023,1,1.33989e-09,1.45075,10.1169,0.159386,5.45815e-08,1,1.33442e-09,1.45012,1.47172,0.15952,5.32775e-08,False,nan|Ce1176_A3,1342276
130_bNAb_Combinations|1342276|vc|3|2|Ce1176_A3|7023,1,1.33989e-09,1.45075,10.1617,0.159386,5.45815e-08,1,1.33442e-09,1.45012,1.47172,0.15952,5.32775e-08,False,nan|Ce1176_A3,1342276
130_bNAb_Combinations|1342276|vc|4|2|Ce1176_A3|7023,1,1.33989e-09,1.45075,16.9774,0.159386,5.45815e-08,1,1.33442e-09,1.45012,1.47172,0.15952,5.32775e-08,False,nan|Ce1176_A3,1342276
130_bNAb_Combinations|1342276|vc|5|2|Ce1176_A3|7023,1,1.33989e-09,1.45075,8.75255,0.159386,5.45815e-08,1,1.33442e-09,1.45012,1.47172,0.15952,5.32775e-08,False,nan|Ce1176_A3,1342276
130_bNAb_Combinations|1342276|vc|6|2|Ce1176_A3|7023,1,1.33989e-09,1.45075,14.9372,0.159386,5.45815e-08,1,1.33442e-09,1.45012,1.47172,0.15952,5.32775e-08,False,nan|Ce1176_A3,1342276
130_bNAb_Combinations|1342276|vc|7|2|Ce1176_A3|7023,1,1.33989e-09,1.45075,16.4839,0.159386,5.45815e-08,1,1.33442e-09,1.45012,1.47172,0.15952,5.32775e-08,False,nan|Ce1176_A3,1342276
130_bNAb_Combinations|1342276|vc|8|2|Ce1176_A3|7023,1,1.33989e-09,1.45075,6.3926,0.159386,5.45815e-08,1,1.33442e-09,1.45012,1.47172,0.15952,5.32775e-08,False,nan|Ce1176_A3,1342276
130_bNAb_Combinations|1342294|cc|1|1|nan|1176,1,1.33989e-09,1.45027,7.80448,0.15934,5.45807e-08,1,1.33442e-09,1.44965,1.47172,0.159475,5.32767e-08,False,nan|1176,1342294
130_bNAb_Combinations|1342294|cc|2|1|nan|1176,1,1.33989e-09,1.45027,10.3768,0.15934,5.45807e-08,1,1.33442e-09,1.44965,1.47172,0.159475,5.32767e-08,False,nan|1176,1342294
130_bNAb_Combinations|1342294|cc|3|1|nan|1176,1,1.33989e-09,1.45027,15.5465,0.15934,5.45807e-08,1,1.33442e-09,1.44965,1.47172,0.159475,5.32767e-08,False,nan|1176,1342294
130_bNAb_Combinations|1342294|cc|4|1|nan|1176,1,1.33989e-09,1.45027,10.7173,0.15934,5.45807e-08,1,1.33442e-09,1.44965,1.47172,0.159475,5.32767e-08,False,nan|1176,1342294
130_bNAb_Combinations|1342294|cc|5|1|nan|1176,1,1.33989e-09,1.45027,12.8647,0.15934,5.45807e-08,1,1.33442e-09,1.44965,1.47172,0.159475,5.32767e-08,False,nan|1176,1342294
130_bNAb_Combinations|1342294|cc|6|1|nan|1176,1,1.33989e-09,1.45027,9.27212,0.15934,5.45807e-08,1,1.33442e-09,1.44965,1.47172,0.159475,5.32767e-08,False,nan|1176,1342294
130_bNAb_Combinations|1342294|cc|7|1|nan|1176,1,1.33989e-09,1.45027,11.5891,0.15934,5.45807e-08,1,1.33442e-09,1.44965,1.47172,0.159475,5.32767e-08,False,nan|1176,1342294
130_bNAb_Combinations|1342294|cc|8|1|nan|1176,1,1.33989e-09,1.45027,12.8966,0.15934,5.45807e-08,1,1.33442e-09,1.44965,1.47172,0.159475,5.32767e-08,False,nan|1176,1342294
130_bNAb_Combinations|1342294|sample|3|nan|1176,1,1.3399e-09,1.45099,19.6955,0.15934,5.45807e-08,1,1.33443e-09,1.45037,20.2638,0.159475,5.32767e-08,True,VRC07-523LS|1176,1342294
130_bNAb_Combinations|1342294|sample|4|nan|1176,1,1.3399e-09,1.45099,17.5679,0.15934,5.45807e-08,1,1.33443e-09,1.45037,17.0836,0.159475,5.32767e-08,True,VRC07-523LS|1176,1342294
130_bNAb_Combinations|1342294|sample|8|nan|1176,1,1.3399e-09,1.45099,14.0432,0.15934,5.45807e-08,1,1.33443e-09,1.45037,1.55362,0.159475,5.32767e-08,True,VRC07-523LS|1176,1342294
130_bNAb_Combinations|1342294|vc|1|2|nan|1176,1,1.33989e-09,1.45027,10.5382,0.15934,5.45807e-08,1,1.33442e-09,1.44965,1.47172,0.159475,5.32767e-08,False,nan|1176,1342294
130_bNAb_Combinations|1342294|vc|2|2|nan|1176,1,1.33989e-09,1.45027,7.6757,0.15934,5.45807e-08,1,1.33442e-09,1.44965,1.47172,0.159475,5.32767e-08,False,nan|1176,1342294
130_bNAb_Combinations|1342294|vc|3|2|nan|1176,1,1.33989e-09,1.45027,10.4635,0.15934,5.45807e-08,1,1.33442e-09,1.44965,1.47172,0.159475,5.32767e-08,False,nan|1176,1342294
130_bNAb_Combinations|1342294|vc|4|2|nan|1176,1,1.33989e-09,1.45027,4.5546,0.15934,5.45807e-08,1,1.33442e-09,1.44965,1.47172,0.159475,5.32767e-08,False,nan|1176,1342294
130_bNAb_Combinations|1342294|vc|5|2|nan|1176,1,1.33989e-09,1.45027,15.743,0.15934,5.45807e-08,1,1.33442e-09,1.44965,1.47172,0.159475,5.32767e-08,False,nan|1176,1342294
130_bNAb_Combinations|1342294|vc|6|2|nan|1176,1,1.33989e-09,1.45027,11.4474,0.15934,5.45807e-08,1,1.33442e-09,1.44965,1.47172,0.159475,5.32767e-08,False,nan|1176,1342294
130_bNAb_Combinations|1342294|vc|7|2|nan|1176,1,1.33989e-09,1.45027,8.94202,0.15934,5.45807e-08,1,1.33442e-09,1.44965,1.47172,0.159475,5.32767e-08,False,nan|1176,1342294
130_bNAb_Combinations|1342294|vc|8|2|nan|1176,1,1.33989e-09,1.45027,16.9732,0.15934,5.45807e-08,1,1.33442e-09,1.44965,1.47172,0.159475,5.32767e-08,False,nan|1176,1342294
130_bNAb_Combinations|1342312|cc|1|1|RHPA4259.7|5371,1,1.33989e-09,1.45203,6.72726,0.159428,5.458e-08,1,1.33442e-09,1.45139,1.47172,0.159563,5.32761e-08,False,nan|RHPA4259.7,1342312
130_bNAb_Combinations|1342312|cc|2|1|RHPA4259.7|5371,1,1.33989e-09,1.45203,8.99585,0.159428,5.458e-08,1,1.33442e-09,1.45139,1.47172,0.159563,5.32761e-08,False,nan|RHPA4259.7,1342312
130_bNAb_Combinations|1342312|cc|3|1|RHPA4259.7|5371,1,1.33989e-09,1.45203,17.6991,0.159428,5.458e-08,1,1.33442e-09,1.45139,1.47172,0.159563,5.32761e-08,False,nan|RHPA4259.7,1342312
130_bNAb_Combinations|1342312|cc|4|1|RHPA4259.7|5371,1,1.33989e-09,1.45203,6.94423,0.159428,5.458e-08,1,1.33442e-09,1.45139,1.47172,0.159563,5.32761e-08,False,nan|RHPA4259.7,1342312
130_bNAb_Combinations|1342312|cc|5|1|RHPA4259.7|5371,1,1.33989e-09,1.45203,7.61336,0.159428,5.458e-08,1,1.33442e-09,1.45139,1.47172,0.159563,5.32761e-08,False,nan|RHPA4259.7,1342312
130_bNAb_Combinations|1342312|cc|6|1|RHPA4259.7|5371,1,1.33989e-09,1.45203,14.4891,0.159428,5.458e-08,1,1.33442e-09,1.45139,1.47172,0.159563,5.32761e-08,False,nan|RHPA4259.7,1342312
130_bNAb_Combinations|1342312|cc|7|1|RHPA4259.7|5371,1,1.33989e-09,1.45203,16.5441,0.159428,5.458e-08,1,1.33442e-09,1.45139,1.47172,0.159563,5.32761e-08,False,nan|RHPA4259.7,1342312
130_bNAb_Combinations|1342312|cc|8|1|RHPA4259.7|5371,1,1.33989e-09,1.45203,6.95482,0.159428,5.458e-08,1,1.33442e-09,1.45139,1.47172,0.159563,5.32761e-08,False,nan|RHPA4259.7,1342312
130_bNAb_Combinations|1342312|sample|3|RHPA4259.7|5371,1,1.3399e-09,1.45079,33.02,0.159428,5.458e-08,1,1.33443e-09,1.45017,34.5194,0.159563,5.32761e-08,True,VRC07-523LS|RHPA4259.7,1342312
130_bNAb_Combinations|1342312|sample|4|RHPA4259.7|5371,1,1.3399e-09,1.45079,35.6513,0.159428,5.458e-08,1,1.33443e-09,1.45017,36.7564,0.159563,5.32761e-08,True,VRC07-523LS|RHPA4259.7,1342312
130_bNAb_Combinations|1342312|vc|1|2|RHPA4259.7|5371,1,1.33989e-09,1.45203,11.0858,0.159428,5.458e-08,1,1.33442e-09,1.45139,1.47172,0.159563,5.32761e-08,False,nan|RHPA4259.7,1342312
130_bNAb_Combinations|1342312|vc|2|2|RHPA4259.7|5371,1,1.33989e-09,1.45203,10.1593,0.159428,5.458e-08,1,1.33442e-09,1.45139,1.47172,0.159563,5.32761e-08,False,nan|RHPA4259.7,1342312
130_bNAb_Combinations|1342312|vc|3|2|RHPA4259.7|5371,1,1.33989e-09,1.45203,26.6234,0.159428,5.458e-08,1,1.33442e-09,1.45139,1.47172,0.159563,5.32761e-08,False,nan|RHPA4259.7,1342312
130_bNAb_Combinations|1342312|vc|4|2|RHPA4259.7|5371,1,1.33989e-09,1.45203,7.73303,0.159428,5.458e-08,1,1.33442e-09,1.45139,1.47172,0.159563,5.32761e-08,False,nan|RHPA4259.7,1342312
130_bNAb_Combinations|1342312|vc|5|2|RHPA4259.7|5371,1,1.33989e-09,1.45203,13.3751,0.159428,5.458e-08,1,1.33442e-09,1.45139,1.47172,0.159563,5.32761e-08,False,nan|RHPA4259.7,1342312
130_bNAb_Combinations|1342312|vc|6|2|RHPA4259.7|5371,1,1.33989e-09,1.45203,11.184,0.159428,5.458e-08,1,1.33442e-09,1.45139,1.47172,0.159563,5.32761e-08,False,nan|RHPA4259.7,1342312
130_bNAb_Combinations|1342312|vc|7|2|RHPA4259.7|5371,1,1.33989e-09,1.45203,7.71283,0.159428,5.458e-08,1,1.33442e-09,1.45139,1.47172,0.159563,5.32761e-08,False,nan|RHPA4259.7,1342312
130_bNAb_Combinations|1342312|vc|8|2|RHPA4259.7|5371,1,1.33989e-09,1.45203,16.9879,0.159428,5.458e-08,1,1.33442e-09,1.45139,1.47172,0.159563,5.32761e-08,False,nan|RHPA4259.7,1342312
130_bNAb_Combinations|1342336|cc|1|1|nan|3430,1,1.33989e-09,1.4504,10.9743,0.159357,5.45406e-08,1,1.33442e-09,1.44979,1.47172,0.159491,5.32385e-08,False,nan|3430,1342336
130_bNAb_Combinations|1342336|cc|2|1|nan|3430,1,1.33989e-09,1.4504,8.75001,0.159357,5.45406e-08,1,1.33442e-09,1.44979,1.47172,0.159491,5.32385e-08,False,nan|3430,1342336
130_bNAb_Combinations|1342336|cc|3|1|nan|3430,1,1.33989e-09,1.4504,7.54266,0.159357,5.45406e-08,1,1.33442e-09,1.44979,1.47172,0.159491,5.32385e-08,False,nan|3430,1342336
130_bNAb_Combinations|1342336|cc|4|1|nan|3430,1,1.33989e-09,1.4504,14.0228,0.159357,5.45406e-08,1,1.33442e-09,1.44979,1.47172,0.159491,5.32385e-08,False,nan|3430,1342336
130_bNAb_Combinations|1342336|cc|5|1|nan|3430,1,1.33989e-09,1.4504,7.84145,0.159357,5.45406e-08,1,1.33442e-09,1.44979,1.47172,0.159491,5.32385e-08,False,nan|3430,1342336
130_bNAb_Combinations|1342336|cc|6|1|nan|3430,1,1.33989e-09,1.4504,10.2996,0.159357,5.45406e-08,1,1.33442e-09,1.44979,1.47172,0.159491,5.32385e-08,False,nan|3430,1342336
130_bNAb_Combinations|1342336|cc|7|1|nan|3430,1,1.33989e-09,1.4504,9.06894,0.159357,5.45406e-08,1,1.33442e-09,1.44979,1.47172,0.159491,5.32385e-08,False,nan|3430,1342336
130_bNAb_Combinations|1342336|cc|8|1|nan|3430,1,1.33989e-09,1.4504,8.92147,0.159357,5.45406e-08,1,1.33442e-09,1.44979,1.47172,0.159491,5.32385e-08,False,nan|3430,1342336
130_bNAb_Combinations|1342336|sample|3|nan|3430,1,1.3399e-09,1.66472,19.6137,0.159357,5.45406e-08,1,1.33443e-09,1.67296,19.8737,0.159491,5.32385e-08,True,VRC07-523LS|3430,1342336
130_bNAb_Combinations|1342336|sample|4|nan|3430,1,1.3399e-09,1.66472,18.2014,0.159357,5.45406e-08,1,1.33443e-09,1.67296,18.3785,0.159491,5.32385e-08,True,VRC07-523LS|3430,1342336
130_bNAb_Combinations|1342336|sample|5|nan|3430,1,1.3399e-09,1.66472,94.3003,0.159357,5.45406e-08,1,1.33443e-09,1.67296,13.0544,0.159491,5.32385e-08,True,VRC07-523LS|3430,1342336
130_bNAb_Combinations|1342336|vc|1|2|nan|3430,1,1.33989e-09,1.4504,9.81015,0.159357,5.45406e-08,1,1.33442e-09,1.44979,1.47172,0.159491,5.32385e-08,False,nan|3430,1342336
130_bNAb_Combinations|1342336|vc|2|2|nan|3430,1,1.33989e-09,1.4504,9.72256,0.159357,5.45406e-08,1,1.33442e-09,1.44979,1.47172,0.159491,5.32385e-08,False,nan|3430,1342336
130_bNAb_Combinations|1342336|vc|3|2|nan|3430,1,1.33989e-09,1.4504,34.3275,0.159357,5.45406e-08,1,1.33442e-09,1.44979,1.47172,0.159491,5.32385e-08,False,nan|3430,1342336
130_bNAb_Combinations|1342336|vc|4|2|nan|3430,1,1.33989e-09,1.4504,9.38696,0.159357,5.45406e-08,1,1.33442e-09,1.44979,1.47172,0.159491,5.32385e-08,False,nan|3430,1342336
130_bNAb_Combinations|1342336|vc|5|2|nan|3430,1,1.33989e-09,1.4504,8.93881,0.159357,5.45406e-08,1,1.33442e-09,1.44979,1.47172,0.159491,5.32385e-08,False,nan|3430,1342336
130_bNAb_Combinations|1342336|vc|6|2|nan|3430,1,1.33989e-09,1.4504,16.1759,0.159357,5.45406e-08,1,1.33442e-09,1.44979,1.47172,0.159491,5.32385e-08,False,nan|3430,1342336
130_bNAb_Combinations|1342336|vc|7|2|nan|3430,1,1.33989e-09,1.4504,10.3805,0.159357,5.45406e-08,1,1.33442e-09,1.44979,1.47172,0.159491,5.32385e-08,False,nan|3430,1342336
130_bNAb_Combinations|1342336|vc|8|2|nan|3430,1,1.33989e-09,1.4504,7.58502,0.159357,5.45406e-08,1,1.33442e-09,1.44979,1.47172,0.159491,5.32385e-08,False,nan|3430,1342336
130_bNAb_Combinations|1342348|cc|1|1|nan|4166,1,1.33989e-09,1.45002,11.4259,0.15934,5.45717e-08,1,1.33442e-09,1.4494,1.47172,0.159475,5.3268e-08,False,nan|4166,1342348
130_bNAb_Combinations|1342348|cc|2|1|nan|4166,1,1.33989e-09,1.45002,8.83439,0.15934,5.45717e-08,1,1.33442e-09,1.4494,1.47172,0.159475,5.3268e-08,False,nan|4166,1342348
130_bNAb_Combinations|1342348|cc|3|1|nan|4166,1,1.33989e-09,1.45002,11.6736,0.15934,5.45717e-08,1,1.33442e-09,1.4494,1.47172,0.159475,5.3268e-08,False,nan|4166,1342348
130_bNAb_Combinations|1342348|cc|4|1|nan|4166,1,1.33989e-09,1.45002,10.7105,0.15934,5.45717e-08,1,1.33442e-09,1.4494,1.47172,0.159475,5.3268e-08,False,nan|4166,1342348
130_bNAb_Combinations|1342348|cc|5|1|nan|4166,1,1.33989e-09,1.45002,7.88242,0.15934,5.45717e-08,1,1.33442e-09,1.4494,1.47172,0.159475,5.3268e-08,False,nan|4166,1342348
130_bNAb_Combinations|1342348|cc|6|1|nan|4166,1,1.33989e-09,1.45002,7.45369,0.15934,5.45717e-08,1,1.33442e-09,1.4494,1.47172,0.159475,5.3268e-08,False,nan|4166,1342348
130_bNAb_Combinations|1342348|cc|7|1|nan|4166,1,1.33989e-09,1.45002,9.3307,0.15934,5.45717e-08,1,1.33442e-09,1.4494,1.47172,0.159475,5.3268e-08,False,nan|4166,1342348
130_bNAb_Combinations|1342348|cc|8|1|nan|4166,1,1.33989e-09,1.45002,10.5158,0.15934,5.45717e-08,1,1.33442e-09,1.4494,1.47172,0.159475,5.3268e-08,False,nan|4166,1342348
130_bNAb_Combinations|1342348|sample|3|nan|4166,1,1.3399e-09,1.45081,44.5438,0.15934,5.45717e-08,1,1.33443e-09,1.4502,46.9197,0.159475,5.3268e-08,True,VRC07-523LS|4166,1342348
130_bNAb_Combinations|1342348|sample|4|nan|4166,1,1.3399e-09,1.45081,48.0823,0.15934,5.45717e-08,1,1.33443e-09,1.4502,49.7923,0.159475,5.3268e-08,True,VRC07-523LS|4166,1342348
130_bNAb_Combinations|1342348|vc|1|2|nan|4166,1,1.33989e-09,1.45002,9.85257,0.15934,5.45717e-08,1,1.33442e-09,1.4494,1.47172,0.159475,5.3268e-08,False,nan|4166,1342348
130_bNAb_Combinations|1342348|vc|2|2|nan|4166,1,1.33989e-09,1.45002,7.53562,0.15934,5.45717e-08,1,1.33442e-09,1.4494,1.47172,0.159475,5.3268e-08,False,nan|4166,1342348
130_bNAb_Combinations|1342348|vc|3|2|nan|4166,1,1.33989e-09,1.45002,12.6035,0.15934,5.45717e-08,1,1.33442e-09,1.4494,1.47172,0.159475,5.3268e-08,False,nan|4166,1342348
130_bNAb_Combinations|1342348|vc|4|2|nan|4166,1,1.33989e-09,1.45002,5.99795,0.15934,5.45717e-08,1,1.33442e-09,1.4494,1.47172,0.159475,5.3268e-08,False,nan|4166,1342348
130_bNAb_Combinations|1342348|vc|5|2|nan|4166,1,1.33989e-09,1.45002,13.3976,0.15934,5.45717e-08,1,1.33442e-09,1.4494,1.47172,0.159475,5.3268e-08,False,nan|4166,1342348
130_bNAb_Combinations|1342348|vc|6|2|nan|4166,1,1.33989e-09,1.45002,17.3142,0.15934,5.45717e-08,1,1.33442e-09,1.4494,1.47172,0.159475,5.3268e-08,False,nan|4166,1342348
130_bNAb_Combinations|1342348|vc|7|2|nan|4166,1,1.33989e-09,1.45002,20.3317,0.15934,5.45717e-08,1,1.33442e-09,1.4494,1.47172,0.159475,5.3268e-08,False,nan|4166,1342348
130_bNAb_Combinations|1342348|vc|8|2|nan|4166,1,1.33989e-09,1.45002,10.0693,0.15934,5.45717e-08,1,1.33442e-09,1.4494,1.47172,0.159475,5.3268e-08,False,nan|4166,1342348
130_bNAb_Combinations|1342372|cc|1|1|nan|2944,1,1.33989e-09,1.45101,9.64365,0.159376,5.45787e-08,1,1.33442e-09,1.45037,1.47172,0.15951,5.32748e-08,False,nan|2944,1342372
130_bNAb_Combinations|1342372|cc|2|1|nan|2944,1,1.33989e-09,1.45101,7.93604,0.159376,5.45787e-08,1,1.33442e-09,1.45037,1.47172,0.15951,5.32748e-08,False,nan|2944,1342372
130_bNAb_Combinations|1342372|cc|3|1|nan|2944,1,1.33989e-09,1.45101,6.97003,0.159376,5.45787e-08,1,1.33442e-09,1.45037,1.47172,0.15951,5.32748e-08,False,nan|2944,1342372
130_bNAb_Combinations|1342372|cc|4|1|nan|2944,1,1.33989e-09,1.45101,9.06468,0.159376,5.45787e-08,1,1.33442e-09,1.45037,1.47172,0.15951,5.32748e-08,False,nan|2944,1342372
130_bNAb_Combinations|1342372|cc|5|1|nan|2944,1,1.33989e-09,1.45101,8.8346,0.159376,5.45787e-08,1,1.33442e-09,1.45037,1.47172,0.15951,5.32748e-08,False,nan|2944,1342372
130_bNAb_Combinations|1342372|cc|6|1|nan|2944,1,1.33989e-09,1.45101,8.07488,0.159376,5.45787e-08,1,1.33442e-09,1.45037,1.47172,0.15951,5.32748e-08,False,nan|2944,1342372
130_bNAb_Combinations|1342372|cc|7|1|nan|2944,1,1.33989e-09,1.45101,8.50714,0.159376,5.45787e-08,1,1.33442e-09,1.45037,1.47172,0.15951,5.32748e-08,False,nan|2944,1342372
130_bNAb_Combinations|1342372|cc|8|1|nan|2944,1,1.33989e-09,1.45101,5.94106,0.159376,5.45787e-08,1,1.33442e-09,1.45037,1.47172,0.15951,5.32748e-08,False,nan|2944,1342372
130_bNAb_Combinations|1342372|sample|3|nan|2944,1,1.3399e-09,1.45078,12.6387,0.159376,5.45787e-08,1,1.33443e-09,1.45017,12.6149,0.15951,5.32748e-08,True,VRC07-523LS|2944,1342372
130_bNAb_Combinations|1342372|sample|4|nan|2944,1,1.3399e-09,1.45078,14.1861,0.159376,5.45787e-08,1,1.33443e-09,1.45017,14.1568,0.15951,5.32748e-08,True,VRC07-523LS|2944,1342372
130_bNAb_Combinations|1342372|vc|1|2|nan|2944,1,1.33989e-09,1.45101,12.0064,0.159376,5.45787e-08,1,1.33442e-09,1.45037,1.47172,0.15951,5.32748e-08,False,nan|2944,1342372
130_bNAb_Combinations|1342372|vc|2|2|nan|2944,1,1.33989e-09,1.45101,7.73715,0.159376,5.45787e-08,1,1.33442e-09,1.45037,1.47172,0.15951,5.32748e-08,False,nan|2944,1342372
130_bNAb_Combinations|1342372|vc|3|2|nan|2944,1,1.33989e-09,1.45101,14.9506,0.159376,5.45787e-08,1,1.33442e-09,1.45037,1.47172,0.15951,5.32748e-08,False,nan|2944,1342372
130_bNAb_Combinations|1342372|vc|4|2|nan|2944,1,1.33989e-09,1.45101,8.93684,0.159376,5.45787e-08,1,1.33442e-09,1.45037,1.47172,0.15951,5.32748e-08,False,nan|2944,1342372
130_bNAb_Combinations|1342372|vc|5|2|nan|2944,1,1.33989e-09,1.45101,9.55786,0.159376,5.45787e-08,1,1.33442e-09,1.45037,1.47172,0.15951,5.32748e-08,False,nan|2944,1342372
130_bNAb_Combinations|1342372|vc|6|2|nan|2944,1,1.33989e-09,1.45101,10.0678,0.159376,5.45787e-08,1,1.33442e-09,1.45037,1.47172,0.15951,5.32748e-08,False,nan|2944,1342372
130_bNAb_Combinations|1342372|vc|7|2|nan|2944,1,1.33989e-09,1.45101,8.65304,0.159376,5.45787e-08,1,1.33442e-09,1.45037,1.47172,0.15951,5.32748e-08,False,nan|2944,1342372
130_bNAb_Combinations|1342372|vc|8|2|nan|2944,1,1.33989e-09,1.45101,24.1435,0.159376,5.45787e-08,1,1.33442e-09,1.45037,1.47172,0.15951,5.32748e-08,False,nan|2944,1342372
130_bNAb_Combinations|1342384|cc|1|1|nan|2946,1,1.33989e-09,1.45028,13.6961,0.159356,5.45759e-08,1,1.33442e-09,1.44967,1.47172,0.159491,5.32721e-08,False,nan|2946,1342384
130_bNAb_Combinations|1342384|cc|2|1|nan|2946,1,1.33989e-09,1.45028,13.6287,0.159356,5.45759e-08,1,1.33442e-09,1.44967,1.47172,0.159491,5.32721e-08,False,nan|2946,1342384
130_bNAb_Combinations|1342384|cc|3|1|nan|2946,1,1.33989e-09,1.45028,8.97979,0.159356,5.45759e-08,1,1.33442e-09,1.44967,1.47172,0.159491,5.32721e-08,False,nan|2946,1342384
130_bNAb_Combinations|1342384|cc|4|1|nan|2946,1,1.33989e-09,1.45028,8.93489,0.159356,5.45759e-08,1,1.33442e-09,1.44967,1.47172,0.159491,5.32721e-08,False,nan|2946,1342384
130_bNAb_Combinations|1342384|cc|5|1|nan|2946,1,1.33989e-09,1.45028,13.7306,0.159356,5.45759e-08,1,1.33442e-09,1.44967,1.47172,0.159491,5.32721e-08,False,nan|2946,1342384
130_bNAb_Combinations|1342384|cc|6|1|nan|2946,1,1.33989e-09,1.45028,9.21399,0.159356,5.45759e-08,1,1.33442e-09,1.44967,1.47172,0.159491,5.32721e-08,False,nan|2946,1342384
130_bNAb_Combinations|1342384|cc|7|1|nan|2946,1,1.33989e-09,1.45028,12.134,0.159356,5.45759e-08,1,1.33442e-09,1.44967,1.47172,0.159491,5.32721e-08,False,nan|2946,1342384
130_bNAb_Combinations|1342384|cc|8|1|nan|2946,1,1.33989e-09,1.45028,11.9874,0.159356,5.45759e-08,1,1.33442e-09,1.44967,1.47172,0.159491,5.32721e-08,False,nan|2946,1342384
130_bNAb_Combinations|1342384|sample|3|nan|2946,1,1.3399e-09,1.45075,1.72199,0.159356,5.45759e-08,1,1.33443e-09,1.45013,1.80949,0.159491,5.32721e-08,True,VRC07-523LS|2946,1342384
130_bNAb_Combinations|1342384|sample|4|nan|2946,1,1.3399e-09,1.45075,1.69551,0.159356,5.45759e-08,1,1.33443e-09,1.45013,1.70703,0.159491,5.32721e-08,True,VRC07-523LS|2946,1342384
130_bNAb_Combinations|1342384|vc|1|2|nan|2946,1,1.33989e-09,1.45028,6.54671,0.159356,5.45759e-08,1,1.33442e-09,1.44967,1.47172,0.159491,5.32721e-08,False,nan|2946,1342384
130_bNAb_Combinations|1342384|vc|2|2|nan|2946,1,1.33989e-09,1.45028,9.86419,0.159356,5.45759e-08,1,1.33442e-09,1.44967,1.47172,0.159491,5.32721e-08,False,nan|2946,1342384
130_bNAb_Combinations|1342384|vc|3|2|nan|2946,1,1.33989e-09,1.45028,5.88872,0.159356,5.45759e-08,1,1.33442e-09,1.44967,1.47172,0.159491,5.32721e-08,False,nan|2946,1342384
130_bNAb_Combinations|1342384|vc|4|2|nan|2946,1,1.33989e-09,1.45028,6.49474,0.159356,5.45759e-08,1,1.33442e-09,1.44967,1.47172,0.159491,5.32721e-08,False,nan|2946,1342384
130_bNAb_Combinations|1342384|vc|5|2|nan|2946,1,1.33989e-09,1.45028,6.34192,0.159356,5.45759e-08,1,1.33442e-09,1.44967,1.47172,0.159491,5.32721e-08,False,nan|2946,1342384
130_bNAb_Combinations|1342384|vc|6|2|nan|2946,1,1.33989e-09,1.45028,13.7512,0.159356,5.45759e-08,1,1.33442e-09,1.44967,1.47172,0.159491,5.32721e-08,False,nan|2946,1342384
130_bNAb_Combinations|1342384|vc|7|2|nan|2946,1,1.33989e-09,1.45028,10.5442,0.159356,5.45759e-08,1,1.33442e-09,1.44967,1.47172,0.159491,5.32721e-08,False,nan|2946,1342384
130_bNAb_Combinations|1342384|vc|8|2|nan|2946,1,1.33989e-09,1.45028,14.2132,0.159356,5.45759e-08,1,1.33442e-09,1.44967,1.47172,0.159491,5.32721e-08,False,nan|2946,1342384
130_bNAb_Combinations|1342396|cc|1|1|PVO.4|5024,1,1.33989e-09,1.45046,24.659,0.159377,5.4582e-08,1,1.33442e-09,1.44984,1.47172,0.159512,5.3278e-08,False,nan|PVO.4,1342396
130_bNAb_Combinations|1342396|cc|2|1|PVO.4|5024,1,1.33989e-09,1.45046,11.0987,0.159377,5.4582e-08,1,1.33442e-09,1.44984,1.47172,0.159512,5.3278e-08,False,nan|PVO.4,1342396
130_bNAb_Combinations|1342396|cc|3|1|PVO.4|5024,1,1.33989e-09,1.45046,14.2616,0.159377,5.4582e-08,1,1.33442e-09,1.44984,1.47172,0.159512,5.3278e-08,False,nan|PVO.4,1342396
130_bNAb_Combinations|1342396|cc|4|1|PVO.4|5024,1,1.33989e-09,1.45046,8.65447,0.159377,5.4582e-08,1,1.33442e-09,1.44984,1.47172,0.159512,5.3278e-08,False,nan|PVO.4,1342396
130_bNAb_Combinations|1342396|cc|5|1|PVO.4|5024,1,1.33989e-09,1.45046,10.4182,0.159377,5.4582e-08,1,1.33442e-09,1.44984,1.47172,0.159512,5.3278e-08,False,nan|PVO.4,1342396
130_bNAb_Combinations|1342396|cc|6|1|PVO.4|5024,1,1.33989e-09,1.45046,18.6006,0.159377,5.4582e-08,1,1.33442e-09,1.44984,1.47172,0.159512,5.3278e-08,False,nan|PVO.4,1342396
130_bNAb_Combinations|1342396|cc|7|1|PVO.4|5024,1,1.33989e-09,1.45046,5.90436,0.159377,5.4582e-08,1,1.33442e-09,1.44984,1.47172,0.159512,5.3278e-08,False,nan|PVO.4,1342396
130_bNAb_Combinations|1342396|cc|8|1|PVO.4|5024,1,1.33989e-09,1.45046,10.9373,0.159377,5.4582e-08,1,1.33442e-09,1.44984,1.47172,0.159512,5.3278e-08,False,nan|PVO.4,1342396
130_bNAb_Combinations|1342396|sample|3|PVO.4|5024,1,1.3399e-09,1.45089,8.69615,0.159377,5.4582e-08,1,1.33443e-09,1.45027,9.36174,0.159512,5.3278e-08,True,VRC07-523LS|PVO.4,1342396
130_bNAb_Combinations|1342396|sample|4|PVO.4|5024,1,1.3399e-09,1.45089,7.91077,0.159377,5.4582e-08,1,1.33443e-09,1.45027,8.04385,0.159512,5.3278e-08,True,VRC07-523LS|PVO.4,1342396
130_bNAb_Combinations|1342396|vc|1|2|PVO.4|5024,1,1.33989e-09,1.45046,12.3548,0.159377,5.4582e-08,1,1.33442e-09,1.44984,1.47172,0.159512,5.3278e-08,False,nan|PVO.4,1342396
130_bNAb_Combinations|1342396|vc|2|2|PVO.4|5024,1,1.33989e-09,1.45046,7.41174,0.159377,5.4582e-08,1,1.33442e-09,1.44984,1.47172,0.159512,5.3278e-08,False,nan|PVO.4,1342396
130_bNAb_Combinations|1342396|vc|3|2|PVO.4|5024,1,1.33989e-09,1.45046,8.18411,0.159377,5.4582e-08,1,1.33442e-09,1.44984,1.47172,0.159512,5.3278e-08,False,nan|PVO.4,1342396
130_bNAb_Combinations|1342396|vc|4|2|PVO.4|5024,1,1.33989e-09,1.45046,9.87316,0.159377,5.4582e-08,1,1.33442e-09,1.44984,1.47172,0.159512,5.3278e-08,False,nan|PVO.4,1342396
130_bNAb_Combinations|1342396|vc|5|2|PVO.4|5024,1,1.33989e-09,1.45046,8.7925,0.159377,5.4582e-08,1,1.33442e-09,1.44984,1.47172,0.159512,5.3278e-08,False,nan|PVO.4,1342396
130_bNAb_Combinations|1342396|vc|6|2|PVO.4|5024,1,1.33989e-09,1.45046,12.625,0.159377,5.4582e-08,1,1.33442e-09,1.44984,1.47172,0.159512,5.3278e-08,False,nan|PVO.4,1342396
130_bNAb_Combinations|1342396|vc|7|2|PVO.4|5024,1,1.33989e-09,1.45046,8.15029,0.159377,5.4582e-08,1,1.33442e-09,1.44984,1.47172,0.159512,5.3278e-08,False,nan|PVO.4,1342396
130_bNAb_Combinations|1342396|vc|8|2|PVO.4|5024,1,1.33989e-09,1.45046,9.9725,0.159377,5.4582e-08,1,1.33442e-09,1.44984,1.47172,0.159512,5.3278e-08,False,nan|PVO.4,1342396
130_bNAb_Combinations|1342408|cc|1|1|nan|4168,1,1.33989e-09,1.45029,7.07572,0.159356,5.45812e-08,1,1.33442e-09,1.44967,1.47172,0.15949,5.32772e-08,False,nan|4168,1342408
130_bNAb_Combinations|1342408|cc|2|1|nan|4168,1,1.33989e-09,1.45029,9.41074,0.159356,5.45812e-08,1,1.33442e-09,1.44967,1.47172,0.15949,5.32772e-08,False,nan|4168,1342408
130_bNAb_Combinations|1342408|cc|3|1|nan|4168,1,1.33989e-09,1.45029,12.9673,0.159356,5.45812e-08,1,1.33442e-09,1.44967,1.47172,0.15949,5.32772e-08,False,nan|4168,1342408
130_bNAb_Combinations|1342408|cc|4|1|nan|4168,1,1.33989e-09,1.45029,7.8701,0.159356,5.45812e-08,1,1.33442e-09,1.44967,1.47172,0.15949,5.32772e-08,False,nan|4168,1342408
130_bNAb_Combinations|1342408|cc|5|1|nan|4168,1,1.33989e-09,1.45029,11.6039,0.159356,5.45812e-08,1,1.33442e-09,1.44967,1.47172,0.15949,5.32772e-08,False,nan|4168,1342408
130_bNAb_Combinations|1342408|cc|6|1|nan|4168,1,1.33989e-09,1.45029,8.00182,0.159356,5.45812e-08,1,1.33442e-09,1.44967,1.47172,0.15949,5.32772e-08,False,nan|4168,1342408
130_bNAb_Combinations|1342408|cc|7|1|nan|4168,1,1.33989e-09,1.45029,8.77395,0.159356,5.45812e-08,1,1.33442e-09,1.44967,1.47172,0.15949,5.32772e-08,False,nan|4168,1342408
130_bNAb_Combinations|1342408|cc|8|1|nan|4168,1,1.33989e-09,1.45029,11.5679,0.159356,5.45812e-08,1,1.33442e-09,1.44967,1.47172,0.15949,5.32772e-08,False,nan|4168,1342408
130_bNAb_Combinations|1342408|sample|3|nan|4168,1,1.3399e-09,1.09298,6.07823,0.159356,5.45812e-08,1,1.33443e-09,1.09247,6.11686,0.15949,5.32772e-08,True,VRC07-523LS|4168,1342408
130_bNAb_Combinations|1342408|sample|4|nan|4168,1,1.3399e-09,1.09298,5.42543,0.159356,5.45812e-08,1,1.33443e-09,1.09247,5.39725,0.15949,5.32772e-08,True,VRC07-523LS|4168,1342408
130_bNAb_Combinations|1342408|vc|1|2|nan|4168,1,1.33989e-09,1.45029,10.4895,0.159356,5.45812e-08,1,1.33442e-09,1.44967,1.47172,0.15949,5.32772e-08,False,nan|4168,1342408
130_bNAb_Combinations|1342408|vc|2|2|nan|4168,1,1.33989e-09,1.45029,8.98297,0.159356,5.45812e-08,1,1.33442e-09,1.44967,1.47172,0.15949,5.32772e-08,False,nan|4168,1342408
130_bNAb_Combinations|1342408|vc|3|2|nan|4168,1,1.33989e-09,1.45029,15.9117,0.159356,5.45812e-08,1,1.33442e-09,1.44967,1.47172,0.15949,5.32772e-08,False,nan|4168,1342408
130_bNAb_Combinations|1342408|vc|4|2|nan|4168,1,1.33989e-09,1.45029,9.74785,0.159356,5.45812e-08,1,1.33442e-09,1.44967,1.47172,0.15949,5.32772e-08,False,nan|4168,1342408
130_bNAb_Combinations|1342408|vc|5|2|nan|4168,1,1.33989e-09,1.45029,7.7461,0.159356,5.45812e-08,1,1.33442e-09,1.44967,1.47172,0.15949,5.32772e-08,False,nan|4168,1342408
130_bNAb_Combinations|1342408|vc|6|2|nan|4168,1,1.33989e-09,1.45029,6.81911,0.159356,5.45812e-08,1,1.33442e-09,1.44967,1.47172,0.15949,5.32772e-08,False,nan|4168,1342408
130_bNAb_Combinations|1342408|vc|7|2|nan|4168,1,1.33989e-09,1.45029,5.81776,0.159356,5.45812e-08,1,1.33442e-09,1.44967,1.47172,0.15949,5.32772e-08,False,nan|4168,1342408
130_bNAb_Combinations|1342408|vc|8|2|nan|4168,1,1.33989e-09,1.45029,8.18252,0.159356,5.45812e-08,1,1.33442e-09,1.44967,1.47172,0.15949,5.32772e-08,False,nan|4168,1342408
704_VRC01_Concordance|1200432|cc|1|1|PVO.4|5024,1,1.33989e-09,1.45046,10.9662,0.159357,5.45808e-08,1,1.33442e-09,1.44984,1.47172,0.159492,5.32768e-08,False,nan|PVO.4,1200432
704_VRC01_Concordance|1200432|cc|2|1|PVO.4|5024,1,1.33989e-09,1.45046,9.24589,0.159357,5.45808e-08,1,1.33442e-09,1.44984,1.47172,0.159492,5.32768e-08,False,nan|PVO.4,1200432
704_VRC01_Concordance|1200432|cc|3|1|PVO.4|5024,1,1.33989e-09,1.45046,13.9894,0.159357,5.45808e-08,1,1.33442e-09,1.44984,1.47172,0.159492,5.32768e-08,False,nan|PVO.4,1200432
704_VRC01_Concordance|1200432|cc|4|1|PVO.4|5024,1,1.33989e-09,1.45046,10.6354,0.159357,5.45808e-08,1,1.33442e-09,1.44984,1.47172,0.159492,5.32768e-08,False,nan|PVO.4,1200432
704_VRC01_Concordance|1200432|cc|5|1|PVO.4|5024,1,1.33989e-09,1.45046,9.5145,0.159357,5.45808e-08,1,1.33442e-09,1.44984,1.47172,0.159492,5.32768e-08,False,nan|PVO.4,1200432
704_VRC01_Concordance|1200432|cc|6|1|PVO.4|5024,1,1.33989e-09,1.45046,6.5148,0.159357,5.45808e-08,1,1.33442e-09,1.44984,1.47172,0.159492,5.32768e-08,False,nan|PVO.4,1200432
704_VRC01_Concordance|1200432|cc|7|1|PVO.4|5024,1,1.33989e-09,1.45046,37.6345,0.159357,5.45808e-08,1,1.33442e-09,1.44984,1.47172,0.159492,5.32768e-08,False,nan|PVO.4,1200432
704_VRC01_Concordance|1200432|cc|8|1|PVO.4|5024,1,1.33989e-09,1.45046,6.67991,0.159357,5.45808e-08,1,1.33442e-09,1.44984,1.47172,0.159492,5.32768e-08,False,nan|PVO.4,1200432
704_VRC01_Concordance|1200432|sample|10|PVO.4|5024,1,1.3399e-09,1.45088,1.43239,0.159357,5.45808e-08,1,1.33443e-09,1.45026,1.46302,0.159492,5.32768e-08,True,Clinical VRC01|PVO.4,1200432
704_VRC01_Concordance|1200432|sample|11|PVO.4|5024,1,1.3399e-09,1.45088,2.11097,0.159357,5.45808e-08,1,1.33443e-09,1.45026,2.19012,0.159492,5.32768e-08,True,Clinical VRC01|PVO.4,1200432
704_VRC01_Concordance|1200432|sample|12|PVO.4|5024,1,1.3399e-09,1.45088,2.63156,0.159357,5.45808e-08,1,1.33443e-09,1.45026,2.64671,0.159492,5.32768e-08,True,Clinical VRC01|PVO.4,1200432
704_VRC01_Concordance|1200432|sample|3|PVO.4|5024,1,1.3399e-09,1.45088,2.96139,0.159357,5.45808e-08,1,1.33443e-09,1.45026,2.99765,0.159492,5.32768e-08,True,Clinical VRC01|PVO.4,1200432
704_VRC01_Concordance|1200432|sample|4|PVO.4|5024,1,1.3399e-09,1.45088,1.60264,0.159357,5.45808e-08,1,1.33443e-09,1.45026,1.69213,0.159492,5.32768e-08,True,Clinical VRC01|PVO.4,1200432
704_VRC01_Concordance|1200432|sample|5|PVO.4|5024,1,1.3399e-09,1.45088,1.5735,0.159357,5.45808e-08,1,1.33443e-09,1.45026,1.54055,0.159492,5.32768e-08,True,Clinical VRC01|PVO.4,1200432
704_VRC01_Concordance|1200432|sample|6|PVO.4|5024,1,1.3399e-09,1.45088,1.48829,0.159357,5.45808e-08,1,1.33443e-09,1.45026,1.45405,0.159492,5.32768e-08,True,Clinical VRC01|PVO.4,1200432
704_VRC01_Concordance|1200432|sample|7|PVO.4|5024,1,1.3399e-09,1.45088,2.36568,0.159357,5.45808e-08,1,1.33443e-09,1.45026,2.35248,0.159492,5.32768e-08,True,Clinical VRC01|PVO.4,1200432
704_VRC01_Concordance|1200432|sample|8|PVO.4|5024,1,1.3399e-09,1.45088,2.13034,0.159357,5.45808e-08,1,1.33443e-09,1.45026,2.19843,0.159492,5.32768e-08,True,Clinical VRC01|PVO.4,1200432
704_VRC01_Concordance|1200432|sample|9|PVO.4|5024,1,1.3399e-09,1.45088,1.74839,0.159357,5.45808e-08,1,1.33443e-09,1.45026,1.69597,0.159492,5.32768e-08,True,Clinical VRC01|PVO.4,1200432
704_VRC01_Concordance|1200432|vc|1|2|PVO.4|5024,1,1.33989e-09,1.45046,21.2407,0.159357,5.45808e-08,1,1.33442e-09,1.44984,1.47172,0.159492,5.32768e-08,False,nan|PVO.4,1200432
704_VRC01_Concordance|1200432|vc|2|2|PVO.4|5024,1,1.33989e-09,1.45046,6.43555,0.159357,5.45808e-08,1,1.33442e-09,1.44984,1.47172,0.159492,5.32768e-08,False,nan|PVO.4,1200432
704_VRC01_Concordance|1200432|vc|3|2|PVO.4|5024,1,1.33989e-09,1.45046,9.88312,0.159357,5.45808e-08,1,1.33442e-09,1.44984,1.47172,0.159492,5.32768e-08,False,nan|PVO.4,1200432
704_VRC01_Concordance|1200432|vc|4|2|PVO.4|5024,1,1.33989e-09,1.45046,11.136,0.159357,5.45808e-08,1,1.33442e-09,1.44984,1.47172,0.159492,5.32768e-08,False,nan|PVO.4,1200432
704_VRC01_Concordance|1200432|vc|5|2|PVO.4|5024,1,1.33989e-09,1.45046,13.1626,0.159357,5.45808e-08,1,1.33442e-09,1.44984,1.47172,0.159492,5.32768e-08,False,nan|PVO.4,1200432
704_VRC01_Concordance|1200432|vc|6|2|PVO.4|5024,1,1.33989e-09,1.45046,11.4468,0.159357,5.45808e-08,1,1.33442e-09,1.44984,1.47172,0.159492,5.32768e-08,False,nan|PVO.4,1200432
704_VRC01_Concordance|1200432|vc|7|2|PVO.4|5024,1,1.33989e-09,1.45046,6.98557,0.159357,5.45808e-08,1,1.33442e-09,1.44984,1.47172,0.159492,5.32768e-08,False,nan|PVO.4,1200432
704_VRC01_Concordance|1200432|vc|8|2|PVO.4|5024,1,1.33989e-09,1.45046,8.22759,0.159357,5.45808e-08,1,1.33442e-09,1.44984,1.47172,0.159492,5.32768e-08,False,nan|PVO.4,1200432
