rep,id,eta_U,eta_L,eta_m,eta_e,eta_s,eta_alpha,eta_k,goes_down,mab_virus,run_id
1,130_bNAb_Combinations|1313842|cc|1|1|nan|2946,0,6.92529e-08,-2.84491,0,1.07258e-07,0,0,False,nan|2946,1313842
1,130_bNAb_Combinations|1313842|cc|2|1|nan|2946,0,1.08389e-07,0.818552,0,-7.92541e-08,0,0,False,nan|2946,1313842
1,130_bNAb_Combinations|1313842|cc|3|1|nan|2946,0,3.02218e-08,0.670317,0,-2.31915e-08,0,0,False,nan|2946,1313842
1,130_bNAb_Combinations|1313842|cc|4|1|nan|2946,0,-4.56131e-08,0.486223,0,6.08899e-08,0,0,False,nan|2946,1313842
1,130_bNAb_Combinations|1313842|cc|5|1|nan|2946,0,-6.94441e-09,1.35634,0,1.69366e-08,0,0,False,nan|2946,1313842
1,130_bNAb_Combinations|1313842|cc|6|1|nan|2946,0,-9.86588e-08,0.118788,0,-4.11879e-08,0,0,False,nan|2946,1313842
1,130_bNAb_Combinations|1313842|cc|7|1|nan|2946,0,5.2254e-08,-0.614936,0,-4.12472e-08,0,0,False,nan|2946,1313842
1,130_bNAb_Combinations|1313842|cc|8|1|nan|2946,0,-1.187e-08,-0.842855,0,2.21326e-08,0,0,False,nan|2946,1313842
1,130_bNAb_Combinations|1313842|sample|10|nan|2946,0,1.56457e-09,0.959391,0,2.64242e-08,0,0,True,PGT121|2946,1313842
1,130_bNAb_Combinations|1313842|sample|11|nan|2946,0,-1.69911e-09,1.70061,0,1.28135e-07,0,0,True,VRC07-523LS|2946,1313842
1,130_bNAb_Combinations|1313842|sample|12|nan|2946,0,2.91218e-08,0.784908,0,3.13403e-08,0,0,True,VRC07-523LS|2946,1313842
1,130_bNAb_Combinations|1313842|sample|3|nan|2946,0,2.67217e-08,1.19696,0,-9.00812e-08,0,0,True,PGDM1400|2946,1313842
1,130_bNAb_Combinations|1313842|sample|4|nan|2946,0,-5.85442e-08,1.14766,0,4.97479e-08,0,0,True,PGDM1400|2946,1313842
1,130_bNAb_Combinations|1313842|sample|5|nan|2946,0,-4.50867e-08,1.14485,0,-2.98295e-08,0,0,True,PGDM1400|2946,1313842
1,130_bNAb_Combinations|1313842|sample|6|nan|2946,0,3.0505e-08,1.56526,0,-4.36662e-08,0,0,True,PGDM1400|2946,1313842
1,130_bNAb_Combinations|1313842|sample|7|nan|2946,0,-2.07832e-08,1.03645,0,-1.15962e-07,0,0,True,PGT121|2946,1313842
1,130_bNAb_Combinations|1313842|sample|8|nan|2946,0,2.6507e-08,0.943247,0,2.6655e-08,0,0,True,PGT121|2946,1313842
1,130_bNAb_Combinations|1313842|sample|9|nan|2946,0,9.62894e-09,0.866856,0,1.69687e-07,0,0,True,PGT121|2946,1313842
1,130_bNAb_Combinations|1313842|vc|1|2|nan|2946,0,5.64915e-08,0.275576,0,3.45486e-08,0,0,False,nan|2946,1313842
1,130_bNAb_Combinations|1313842|vc|2|2|nan|2946,0,-8.9595e-08,0.340109,0,6.69124e-09,0,0,False,nan|2946,1313842
1,130_bNAb_Combinations|1313842|vc|3|2|nan|2946,0,-6.47858e-08,0.0997515,0,1.19573e-07,0,0,False,nan|2946,1313842
1,130_bNAb_Combinations|1313842|vc|4|2|nan|2946,0,4.61813e-08,0.48988,0,5.3846e-08,0,0,False,nan|2946,1313842
1,130_bNAb_Combinations|1313842|vc|5|2|nan|2946,0,8.36718e-08,0.6357,0,-5.6717e-08,0,0,False,nan|2946,1313842
1,130_bNAb_Combinations|1313842|vc|6|2|nan|2946,0,2.61451e-08,0.858502,0,1.24815e-07,0,0,False,nan|2946,1313842
1,130_bNAb_Combinations|1313842|vc|7|2|nan|2946,0,-4.61762e-08,0.197317,0,6.17859e-08,0,0,False,nan|2946,1313842
1,130_bNAb_Combinations|1313842|vc|8|2|nan|2946,0,-1.58875e-07,0.306024,0,5.31758e-08,0,0,False,nan|2946,1313842
1,130_bNAb_Combinations|1313860|cc|1|1|PVO.4|5024,0,8.32451e-08,-0.20999,0,8.958e-08,0,0,False,nan|PVO.4,1313860
1,130_bNAb_Combinations|1313860|cc|2|1|PVO.4|5024,0,-2.73674e-08,-0.0627066,0,2.84998e-08,0,0,False,nan|PVO.4,1313860
1,130_bNAb_Combinations|1313860|cc|3|1|PVO.4|5024,0,3.03046e-10,-0.333314,0,7.48667e-08,0,0,False,nan|PVO.4,1313860
1,130_bNAb_Combinations|1313860|cc|4|1|PVO.4|5024,0,8.29496e-08,0.42993,0,1.54662e-08,0,0,False,nan|PVO.4,1313860
1,130_bNAb_Combinations|1313860|cc|5|1|PVO.4|5024,0,4.07663e-08,-1.14148,0,8.6077e-08,0,0,False,nan|PVO.4,1313860
1,130_bNAb_Combinations|1313860|cc|6|1|PVO.4|5024,0,1.88169e-07,-1.83171,0,1.17432e-08,0,0,False,nan|PVO.4,1313860
1,130_bNAb_Combinations|1313860|cc|7|1|PVO.4|5024,0,-1.17786e-07,0.311968,0,1.32897e-08,0,0,False,nan|PVO.4,1313860
1,130_bNAb_Combinations|1313860|cc|8|1|PVO.4|5024,0,-1.30442e-08,0.161462,0,-5.49535e-08,0,0,False,nan|PVO.4,1313860
1,130_bNAb_Combinations|1313860|sample|10|PVO.4|5024,0,3.32279e-08,0.765658,0,7.73941e-08,0,0,True,PGT121|PVO.4,1313860
1,130_bNAb_Combinations|1313860|sample|11|PVO.4|5024,0,1.54299e-08,0.619569,0,-1.24019e-08,0,0,True,VRC07-523LS|PVO.4,1313860
1,130_bNAb_Combinations|1313860|sample|12|PVO.4|5024,0,8.99644e-08,0.613472,0,-1.23728e-07,0,0,True,VRC07-523LS|PVO.4,1313860
1,130_bNAb_Combinations|1313860|sample|3|PVO.4|5024,0,-1.20125e-08,1.28611,0,7.61377e-09,0,0,True,PGDM1400|PVO.4,1313860
1,130_bNAb_Combinations|1313860|sample|4|PVO.4|5024,0,1.01707e-07,2.12233,0,-8.89719e-08,0,0,True,PGDM1400|PVO.4,1313860
1,130_bNAb_Combinations|1313860|sample|5|PVO.4|5024,0,6.86785e-08,1.64409,0,4.34408e-08,0,0,True,PGDM1400|PVO.4,1313860
1,130_bNAb_Combinations|1313860|sample|6|PVO.4|5024,0,4.89509e-08,1.32504,0,-5.65945e-09,0,0,True,PGDM1400|PVO.4,1313860
1,130_bNAb_Combinations|1313860|sample|7|PVO.4|5024,0,1.04783e-07,0.75748,0,1.48817e-07,0,0,True,PGT121|PVO.4,1313860
1,130_bNAb_Combinations|1313860|sample|8|PVO.4|5024,0,1.09001e-08,0.851868,0,1.37331e-07,0,0,True,PGT121|PVO.4,1313860
1,130_bNAb_Combinations|1313860|sample|9|PVO.4|5024,0,3.74229e-08,0.77886,0,8.65761e-08,0,0,True,PGT121|PVO.4,1313860
1,130_bNAb_Combinations|1313860|vc|1|2|PVO.4|5024,0,-5.72128e-08,0.277567,0,-8.57432e-08,0,0,False,nan|PVO.4,1313860
1,130_bNAb_Combinations|1313860|vc|2|2|PVO.4|5024,0,-2.04897e-08,1.18221,0,-7.27413e-10,0,0,False,nan|PVO.4,1313860
1,130_bNAb_Combinations|1313860|vc|3|2|PVO.4|5024,0,-3.06953e-08,0.729325,0,1.3813e-08,0,0,False,nan|PVO.4,1313860
1,130_bNAb_Combinations|1313860|vc|4|2|PVO.4|5024,0,1.28007e-09,1.82581,0,-6.5323e-08,0,0,False,nan|PVO.4,1313860
1,130_bNAb_Combinations|1313860|vc|5|2|PVO.4|5024,0,-4.69445e-08,0.30822,0,5.4395e-08,0,0,False,nan|PVO.4,1313860
1,130_bNAb_Combinations|1313860|vc|6|2|PVO.4|5024,0,-1.06852e-07,0.40944,0,5.02007e-08,0,0,False,nan|PVO.4,1313860
1,130_bNAb_Combinations|1313860|vc|7|2|PVO.4|5024,0,1.48608e-08,1.48782,0,-1.0376e-08,0,0,False,nan|PVO.4,1313860
1,130_bNAb_Combinations|1313860|vc|8|2|PVO.4|5024,0,4.3282e-08,0.537538,0,5.36483e-09,0,0,False,nan|PVO.4,1313860
1,130_bNAb_Combinations|1313884|cc|1|1|nan|4168,0,-9.55407e-08,0.26272,0,1.92095e-07,0,0,False,nan|4168,1313884
1,130_bNAb_Combinations|1313884|cc|2|1|nan|4168,0,-5.25798e-08,-0.0894242,0,2.52325e-08,0,0,False,nan|4168,1313884
1,130_bNAb_Combinations|1313884|cc|3|1|nan|4168,0,1.88529e-08,0.226138,0,-2.10812e-08,0,0,False,nan|4168,1313884
1,130_bNAb_Combinations|1313884|cc|4|1|nan|4168,0,-8.19318e-08,-0.0473742,0,1.28946e-07,0,0,False,nan|4168,1313884
1,130_bNAb_Combinations|1313884|cc|5|1|nan|4168,0,7.60308e-08,-2.04129,0,4.74029e-08,0,0,False,nan|4168,1313884
1,130_bNAb_Combinations|1313884|cc|6|1|nan|4168,0,-4.63644e-08,0.56383,0,2.78957e-08,0,0,False,nan|4168,1313884
1,130_bNAb_Combinations|1313884|cc|7|1|nan|4168,0,6.00064e-08,0.553561,0,-5.99806e-08,0,0,False,nan|4168,1313884
1,130_bNAb_Combinations|1313884|cc|8|1|nan|4168,0,-5.71526e-09,-1.85099,0,6.62485e-09,0,0,False,nan|4168,1313884
1,130_bNAb_Combinations|1313884|sample|10|nan|4168,0,1.52805e-07,0.59561,0,-1.39951e-07,0,0,True,PGT121|4168,1313884
1,130_bNAb_Combinations|1313884|sample|11|nan|4168,0,-1.53068e-07,0.484574,0,7.32008e-08,0,0,True,VRC07-523LS|4168,1313884
1,130_bNAb_Combinations|1313884|sample|12|nan|4168,0,-1.68945e-08,0.455817,0,-7.35752e-08,0,0,True,VRC07-523LS|4168,1313884
1,130_bNAb_Combinations|1313884|sample|3|nan|4168,0,-4.37637e-08,1.5182,0,6.0663e-08,0,0,True,PGDM1400|4168,1313884
1,130_bNAb_Combinations|1313884|sample|4|nan|4168,0,5.01194e-11,1.21656,0,-1.57284e-07,0,0,True,PGDM1400|4168,1313884
1,130_bNAb_Combinations|1313884|sample|5|nan|4168,0,-1.11431e-07,1.49272,0,6.55247e-08,0,0,True,PGDM1400|4168,1313884
1,130_bNAb_Combinations|1313884|sample|6|nan|4168,0,-3.98849e-08,1.72857,0,-2.32207e-07,0,0,True,PGDM1400|4168,1313884
1,130_bNAb_Combinations|1313884|sample|7|nan|4168,0,-1.09638e-07,0.713766,0,-1.43879e-07,0,0,True,PGT121|4168,1313884
1,130_bNAb_Combinations|1313884|sample|8|nan|4168,0,6.70634e-08,0.77449,0,-3.3456e-08,0,0,True,PGT121|4168,1313884
1,130_bNAb_Combinations|1313884|sample|9|nan|4168,0,3.38683e-08,0.59846,0,-8.32998e-08,0,0,True,PGT121|4168,1313884
1,130_bNAb_Combinations|1313884|vc|1|2|nan|4168,0,-3.87748e-08,0.0268702,0,8.37597e-08,0,0,False,nan|4168,1313884
1,130_bNAb_Combinations|1313884|vc|2|2|nan|4168,0,2.23497e-08,1.55565,0,9.46481e-09,0,0,False,nan|4168,1313884
1,130_bNAb_Combinations|1313884|vc|3|2|nan|4168,0,-4.53844e-08,0.0224802,0,-5.43404e-08,0,0,False,nan|4168,1313884
1,130_bNAb_Combinations|1313884|vc|4|2|nan|4168,0,5.01096e-08,0.303775,0,-3.69794e-08,0,0,False,nan|4168,1313884
1,130_bNAb_Combinations|1313884|vc|5|2|nan|4168,0,-2.07195e-08,0.809156,0,-1.09268e-07,0,0,False,nan|4168,1313884
1,130_bNAb_Combinations|1313884|vc|6|2|nan|4168,0,9.62051e-08,0.000352816,0,-8.51552e-08,0,0,False,nan|4168,1313884
1,130_bNAb_Combinations|1313884|vc|7|2|nan|4168,0,-7.05511e-08,0.560167,0,9.59376e-08,0,0,False,nan|4168,1313884
1,130_bNAb_Combinations|1313884|vc|8|2|nan|4168,0,-1.19617e-08,0.193682,0,2.19368e-08,0,0,False,nan|4168,1313884
1,130_bNAb_Combinations|1313920|cc|1|1|nan|1798,0,-1.63247e-08,0.258466,0,-1.25669e-07,0,0,False,nan|1798,1313920
1,130_bNAb_Combinations|1313920|cc|2|1|nan|1798,0,-6.4699e-08,-0.889187,0,2.51101e-08,0,0,False,nan|1798,1313920
1,130_bNAb_Combinations|1313920|cc|3|1|nan|1798,0,-5.94287e-08,-0.885684,0,-6.72354e-08,0,0,False,nan|1798,1313920
1,130_bNAb_Combinations|1313920|cc|4|1|nan|1798,0,-7.42363e-09,-0.917221,0,-1.07212e-07,0,0,False,nan|1798,1313920
1,130_bNAb_Combinations|1313920|cc|5|1|nan|1798,0,1.03164e-08,-1.6925,0,1.58042e-09,0,0,False,nan|1798,1313920
1,130_bNAb_Combinations|1313920|cc|6|1|nan|1798,0,5.39749e-08,-0.110938,0,4.55345e-08,0,0,False,nan|1798,1313920
1,130_bNAb_Combinations|1313920|cc|7|1|nan|1798,0,-1.01402e-07,-0.338725,0,8.25152e-08,0,0,False,nan|1798,1313920
1,130_bNAb_Combinations|1313920|cc|8|1|nan|1798,0,-2.56271e-08,-1.00885,0,7.85792e-09,0,0,False,nan|1798,1313920
1,130_bNAb_Combinations|1313920|sample|10|nan|1798,0,-1.58905e-08,0.49905,0,-1.24044e-07,0,0,True,PGT121|1798,1313920
1,130_bNAb_Combinations|1313920|sample|11|nan|1798,0,-3.49413e-08,0.875255,0,8.54108e-08,0,0,True,VRC07-523LS|1798,1313920
1,130_bNAb_Combinations|1313920|sample|12|nan|1798,0,7.29235e-08,0.868638,0,1.5797e-07,0,0,True,VRC07-523LS|1798,1313920
1,130_bNAb_Combinations|1313920|sample|3|nan|1798,0,-2.84632e-09,0.816491,0,5.88014e-08,0,0,True,PGDM1400|1798,1313920
1,130_bNAb_Combinations|1313920|sample|4|nan|1798,0,-3.7958e-09,0.869432,0,-9.57502e-08,0,0,True,PGDM1400|1798,1313920
1,130_bNAb_Combinations|1313920|sample|5|nan|1798,0,6.0618e-09,0.86544,0,1.56098e-07,0,0,True,PGDM1400|1798,1313920
1,130_bNAb_Combinations|1313920|sample|6|nan|1798,0,-5.8256e-08,0.81731,0,1.38096e-08,0,0,True,PGDM1400|1798,1313920
1,130_bNAb_Combinations|1313920|sample|7|nan|1798,0,1.06771e-07,0.643287,0,-1.63633e-07,0,0,True,PGT121|1798,1313920
1,130_bNAb_Combinations|1313920|sample|8|nan|1798,0,-8.36276e-08,0.489372,0,1.10451e-07,0,0,True,PGT121|1798,1313920
1,130_bNAb_Combinations|1313920|sample|9|nan|1798,0,-3.53633e-08,0.487569,0,4.20082e-08,0,0,True,PGT121|1798,1313920
1,130_bNAb_Combinations|1313920|vc|1|2|nan|1798,0,8.01625e-08,0.41991,0,-4.56028e-08,0,0,False,nan|1798,1313920
1,130_bNAb_Combinations|1313920|vc|2|2|nan|1798,0,-1.00676e-07,0.440584,0,6.21003e-08,0,0,False,nan|1798,1313920
1,130_bNAb_Combinations|1313920|vc|3|2|nan|1798,0,1.04433e-07,0.373722,0,-1.28579e-07,0,0,False,nan|1798,1313920
1,130_bNAb_Combinations|1313920|vc|4|2|nan|1798,0,5.29315e-08,0.539568,0,-1.08565e-07,0,0,False,nan|1798,1313920
1,130_bNAb_Combinations|1313920|vc|5|2|nan|1798,0,-4.43444e-08,1.13897,0,6.14815e-08,0,0,False,nan|1798,1313920
1,130_bNAb_Combinations|1313920|vc|6|2|nan|1798,0,5.36633e-08,0.297401,0,1.52037e-07,0,0,False,nan|1798,1313920
1,130_bNAb_Combinations|1313920|vc|7|2|nan|1798,0,-5.3428e-08,0.377797,0,7.05893e-08,0,0,False,nan|1798,1313920
1,130_bNAb_Combinations|1313920|vc|8|2|nan|1798,0,-2.32925e-08,0.16658,0,-5.76962e-08,0,0,False,nan|1798,1313920
1,130_bNAb_Combinations|1313938|cc|1|1|TRO.11|8301,0,-3.60469e-09,-0.193059,0,-5.60181e-08,0,0,False,nan|TRO.11,1313938
1,130_bNAb_Combinations|1313938|cc|2|1|TRO.11|8301,0,-8.87043e-08,1.36631,0,-1.03288e-07,0,0,False,nan|TRO.11,1313938
1,130_bNAb_Combinations|1313938|cc|3|1|TRO.11|8301,0,8.09241e-08,-0.221854,0,1.36643e-07,0,0,False,nan|TRO.11,1313938
1,130_bNAb_Combinations|1313938|cc|4|1|TRO.11|8301,0,-3.03339e-09,0.0626953,0,2.7429e-08,0,0,False,nan|TRO.11,1313938
1,130_bNAb_Combinations|1313938|cc|5|1|TRO.11|8301,0,4.69949e-09,-0.0946521,0,-7.77645e-08,0,0,False,nan|TRO.11,1313938
1,130_bNAb_Combinations|1313938|cc|6|1|TRO.11|8301,0,1.35403e-08,-0.137307,0,3.18202e-08,0,0,False,nan|TRO.11,1313938
1,130_bNAb_Combinations|1313938|cc|7|1|TRO.11|8301,0,-6.67915e-08,0.0972024,0,1.2751e-07,0,0,False,nan|TRO.11,1313938
1,130_bNAb_Combinations|1313938|cc|8|1|TRO.11|8301,0,4.56995e-08,-0.138948,0,1.44363e-07,0,0,False,nan|TRO.11,1313938
1,130_bNAb_Combinations|1313938|sample|10|TRO.11|8301,0,-4.70506e-08,0.489605,0,4.53117e-09,0,0,True,PGT121|TRO.11,1313938
1,130_bNAb_Combinations|1313938|sample|11|TRO.11|8301,0,3.39804e-08,0.840566,0,1.279e-07,0,0,True,VRC07-523LS|TRO.11,1313938
1,130_bNAb_Combinations|1313938|sample|12|TRO.11|8301,0,-1.31742e-08,0.701987,0,-4.26074e-08,0,0,True,VRC07-523LS|TRO.11,1313938
1,130_bNAb_Combinations|1313938|sample|3|TRO.11|8301,0,2.32384e-08,0.928593,0,1.28202e-07,0,0,True,PGDM1400|TRO.11,1313938
1,130_bNAb_Combinations|1313938|sample|4|TRO.11|8301,0,8.65446e-08,2.36862,0,-4.17777e-08,0,0,True,PGDM1400|TRO.11,1313938
1,130_bNAb_Combinations|1313938|sample|5|TRO.11|8301,0,4.29555e-08,0.86743,0,7.61105e-08,0,0,True,PGDM1400|TRO.11,1313938
1,130_bNAb_Combinations|1313938|sample|6|TRO.11|8301,0,4.49852e-08,1.00158,0,5.83928e-08,0,0,True,PGDM1400|TRO.11,1313938
1,130_bNAb_Combinations|1313938|sample|7|TRO.11|8301,0,-3.18036e-08,0.496912,0,-4.35331e-09,0,0,True,PGT121|TRO.11,1313938
1,130_bNAb_Combinations|1313938|sample|8|TRO.11|8301,0,1.16422e-09,0.510598,0,-3.01727e-08,0,0,True,PGT121|TRO.11,1313938
1,130_bNAb_Combinations|1313938|sample|9|TRO.11|8301,0,-5.04797e-08,0.552822,0,6.95453e-08,0,0,True,PGT121|TRO.11,1313938
1,130_bNAb_Combinations|1313938|vc|1|2|TRO.11|8301,0,-1.27559e-08,0.248909,0,-7.71363e-08,0,0,False,nan|TRO.11,1313938
1,130_bNAb_Combinations|1313938|vc|2|2|TRO.11|8301,0,-1.03439e-07,0.112624,0,5.68734e-08,0,0,False,nan|TRO.11,1313938
1,130_bNAb_Combinations|1313938|vc|3|2|TRO.11|8301,0,-8.69042e-09,0.848153,0,-1.4645e-08,0,0,False,nan|TRO.11,1313938
1,130_bNAb_Combinations|1313938|vc|4|2|TRO.11|8301,0,1.08639e-08,0.605814,0,-1.81327e-08,0,0,False,nan|TRO.11,1313938
1,130_bNAb_Combinations|1313938|vc|5|2|TRO.11|8301,0,1.81483e-07,0.585012,0,4.33301e-08,0,0,False,nan|TRO.11,1313938
1,130_bNAb_Combinations|1313938|vc|6|2|TRO.11|8301,0,5.61006e-08,0.759802,0,-4.7519e-09,0,0,False,nan|TRO.11,1313938
1,130_bNAb_Combinations|1313938|vc|7|2|TRO.11|8301,0,3.81197e-08,0.886544,0,4.89737e-08,0,0,False,nan|TRO.11,1313938
1,130_bNAb_Combinations|1313938|vc|8|2|TRO.11|8301,0,-8.71131e-08,0.375725,0,1.61356e-07,0,0,False,nan|TRO.11,1313938
1,130_bNAb_Combinations|1313956|cc|1|1|Ce1176_A3|7023,0,3.91528e-08,0.508905,0,-2.48085e-08,0,0,False,nan|Ce1176_A3,1313956
1,130_bNAb_Combinations|1313956|cc|2|1|Ce1176_A3|7023,0,3.56595e-08,0.0902639,0,6.81463e-08,0,0,False,nan|Ce1176_A3,1313956
1,130_bNAb_Combinations|1313956|cc|3|1|Ce1176_A3|7023,0,-5.67312e-08,-1.95042,0,-7.43647e-09,0,0,False,nan|Ce1176_A3,1313956
1,130_bNAb_Combinations|1313956|cc|4|1|Ce1176_A3|7023,0,-3.7771e-08,0.874574,0,6.34838e-08,0,0,False,nan|Ce1176_A3,1313956
1,130_bNAb_Combinations|1313956|cc|5|1|Ce1176_A3|7023,0,1.42193e-09,-0.331508,0,5.95398e-08,0,0,False,nan|Ce1176_A3,1313956
1,130_bNAb_Combinations|1313956|cc|6|1|Ce1176_A3|7023,0,-2.34105e-08,1.12324,0,-3.06025e-08,0,0,False,nan|Ce1176_A3,1313956
1,130_bNAb_Combinations|1313956|cc|7|1|Ce1176_A3|7023,0,6.6466e-08,-0.479341,0,4.1262e-09,0,0,False,nan|Ce1176_A3,1313956
1,130_bNAb_Combinations|1313956|cc|8|1|Ce1176_A3|7023,0,-8.56301e-09,0.672049,0,-5.90587e-08,0,0,False,nan|Ce1176_A3,1313956
1,130_bNAb_Combinations|1313956|sample|10|Ce1176_A3|7023,0,-6.64298e-08,0.404603,0,3.4017e-08,0,0,True,PGT121|Ce1176_A3,1313956
1,130_bNAb_Combinations|1313956|sample|11|Ce1176_A3|7023,0,-8.84265e-08,0.758996,0,3.5658e-08,0,0,True,VRC07-523LS|Ce1176_A3,1313956
1,130_bNAb_Combinations|1313956|sample|12|Ce1176_A3|7023,0,-5.42517e-09,0.657911,0,2.57771e-08,0,0,True,VRC07-523LS|Ce1176_A3,1313956
1,130_bNAb_Combinations|1313956|sample|3|Ce1176_A3|7023,0,-1.06222e-07,0.877404,0,-1.36319e-07,0,0,True,PGDM1400|Ce1176_A3,1313956
1,130_bNAb_Combinations|1313956|sample|4|Ce1176_A3|7023,0,9.68925e-08,0.839914,0,1.04988e-10,0,0,True,PGDM1400|Ce1176_A3,1313956
1,130_bNAb_Combinations|1313956|sample|5|Ce1176_A3|7023,0,-4.29859e-09,0.755316,0,-6.15846e-08,0,0,True,PGDM1400|Ce1176_A3,1313956
1,130_bNAb_Combinations|1313956|sample|6|Ce1176_A3|7023,0,-3.5175e-08,1.34803,0,1.5007e-08,0,0,True,PGDM1400|Ce1176_A3,1313956
1,130_bNAb_Combinations|1313956|sample|7|Ce1176_A3|7023,0,2.48021e-08,0.436836,0,7.0275e-08,0,0,True,PGT121|Ce1176_A3,1313956
1,130_bNAb_Combinations|1313956|sample|8|Ce1176_A3|7023,0,8.85159e-09,0.487536,0,2.64419e-07,0,0,True,PGT121|Ce1176_A3,1313956
1,130_bNAb_Combinations|1313956|sample|9|Ce1176_A3|7023,0,2.37358e-08,0.412797,0,-9.16888e-08,0,0,True,PGT121|Ce1176_A3,1313956
1,130_bNAb_Combinations|1313956|vc|1|2|Ce1176_A3|7023,0,1.26839e-09,0.125421,0,-3.38591e-08,0,0,False,nan|Ce1176_A3,1313956
1,130_bNAb_Combinations|1313956|vc|2|2|Ce1176_A3|7023,0,5.78062e-09,0.21443,0,3.94377e-08,0,0,False,nan|Ce1176_A3,1313956
1,130_bNAb_Combinations|1313956|vc|3|2|Ce1176_A3|7023,0,1.87486e-08,0.841483,0,1.23229e-07,0,0,False,nan|Ce1176_A3,1313956
1,130_bNAb_Combinations|1313956|vc|4|2|Ce1176_A3|7023,0,-9.81142e-08,1.13796,0,-2.48543e-08,0,0,False,nan|Ce1176_A3,1313956
1,130_bNAb_Combinations|1313956|vc|5|2|Ce1176_A3|7023,0,8.2313e-08,1.1699,0,5.55714e-08,0,0,False,nan|Ce1176_A3,1313956
1,130_bNAb_Combinations|1313956|vc|6|2|Ce1176_A3|7023,0,-8.25903e-08,0.92901,0,-1.46339e-07,0,0,False,nan|Ce1176_A3,1313956
1,130_bNAb_Combinations|1313956|vc|7|2|Ce1176_A3|7023,0,1.00237e-08,0.544535,0,-4.10233e-08,0,0,False,nan|Ce1176_A3,1313956
1,130_bNAb_Combinations|1313956|vc|8|2|Ce1176_A3|7023,0,8.34452e-08,0.912919,0,-5.04932e-09,0,0,False,nan|Ce1176_A3,1313956
1,130_bNAb_Combinations|1313974|cc|1|1|nan|1176,0,3.18916e-08,0.25422,0,6.71265e-08,0,0,False,nan|1176,1313974
1,130_bNAb_Combinations|1313974|cc|2|1|nan|1176,0,-7.66206e-08,-0.896281,0,1.4628e-07,0,0,False,nan|1176,1313974
1,130_bNAb_Combinations|1313974|cc|3|1|nan|1176,0,7.31591e-08,-0.0740782,0,-3.36774e-08,0,0,False,nan|1176,1313974
1,130_bNAb_Combinations|1313974|cc|4|1|nan|1176,0,-2.18724e-08,0.0521933,0,4.10037e-08,0,0,False,nan|1176,1313974
1,130_bNAb_Combinations|1313974|cc|5|1|nan|1176,0,-1.18109e-07,0.939709,0,9.04062e-08,0,0,False,nan|1176,1313974
1,130_bNAb_Combinations|1313974|cc|6|1|nan|1176,0,-5.30739e-08,0.51487,0,-6.13548e-08,0,0,False,nan|1176,1313974
1,130_bNAb_Combinations|1313974|cc|7|1|nan|1176,0,4.58257e-08,-0.557576,0,2.9019e-09,0,0,False,nan|1176,1313974
1,130_bNAb_Combinations|1313974|cc|8|1|nan|1176,0,-4.60661e-08,-0.548123,0,1.83186e-07,0,0,False,nan|1176,1313974
1,130_bNAb_Combinations|1313974|sample|10|nan|1176,0,-3.04358e-08,1.0629,0,-5.57997e-08,0,0,True,PGT121|1176,1313974
1,130_bNAb_Combinations|1313974|sample|11|nan|1176,0,-6.61556e-08,0.535644,0,9.24227e-08,0,0,True,VRC07-523LS|1176,1313974
1,130_bNAb_Combinations|1313974|sample|12|nan|1176,0,6.28361e-08,0.489887,0,-8.05647e-08,0,0,True,VRC07-523LS|1176,1313974
1,130_bNAb_Combinations|1313974|sample|3|nan|1176,0,7.61365e-10,0.513172,0,-1.3135e-08,0,0,True,PGDM1400|1176,1313974
1,130_bNAb_Combinations|1313974|sample|4|nan|1176,0,-5.19078e-08,0.535682,0,1.75243e-08,0,0,True,PGDM1400|1176,1313974
1,130_bNAb_Combinations|1313974|sample|5|nan|1176,0,-4.6461e-08,0.511794,0,-5.58128e-08,0,0,True,PGDM1400|1176,1313974
1,130_bNAb_Combinations|1313974|sample|6|nan|1176,0,2.42543e-08,0.658915,0,1.27779e-08,0,0,True,PGDM1400|1176,1313974
1,130_bNAb_Combinations|1313974|sample|7|nan|1176,0,9.00342e-08,1.12306,0,-4.19865e-08,0,0,True,PGT121|1176,1313974
1,130_bNAb_Combinations|1313974|sample|8|nan|1176,0,-7.07652e-08,1.55536,0,-1.12318e-07,0,0,True,PGT121|1176,1313974
1,130_bNAb_Combinations|1313974|sample|9|nan|1176,0,9.00743e-09,1.37558,0,-1.01547e-07,0,0,True,PGT121|1176,1313974
1,130_bNAb_Combinations|1313974|vc|1|2|nan|1176,0,3.63496e-08,0.631245,0,-1.9048e-07,0,0,False,nan|1176,1313974
1,130_bNAb_Combinations|1313974|vc|2|2|nan|1176,0,-1.83624e-10,0.453866,0,1.97286e-08,0,0,False,nan|1176,1313974
1,130_bNAb_Combinations|1313974|vc|3|2|nan|1176,0,-3.24234e-08,0.0801068,0,-6.19159e-08,0,0,False,nan|1176,1313974
1,130_bNAb_Combinations|1313974|vc|4|2|nan|1176,0,3.71274e-08,0.888077,0,2.36246e-08,0,0,False,nan|1176,1313974
1,130_bNAb_Combinations|1313974|vc|5|2|nan|1176,0,-1.58326e-08,0.337208,0,-4.23315e-08,0,0,False,nan|1176,1313974
1,130_bNAb_Combinations|1313974|vc|6|2|nan|1176,0,-1.30838e-08,0.364433,0,2.49999e-08,0,0,False,nan|1176,1313974
1,130_bNAb_Combinations|1313974|vc|7|2|nan|1176,0,-7.97435e-08,0.305128,0,-2.81444e-08,0,0,False,nan|1176,1313974
1,130_bNAb_Combinations|1313974|vc|8|2|nan|1176,0,-1.10866e-08,0.486889,0,4.77197e-08,0,0,False,nan|1176,1313974
1,130_bNAb_Combinations|1313992|cc|1|1|RHPA4259.7|5371,0,-4.74217e-08,1.35872,0,-4.89182e-08,0,0,False,nan|RHPA4259.7,1313992
1,130_bNAb_Combinations|1313992|cc|2|1|RHPA4259.7|5371,0,-6.73434e-09,0.127444,0,3.8755e-08,0,0,False,nan|RHPA4259.7,1313992
1,130_bNAb_Combinations|1313992|cc|3|1|RHPA4259.7|5371,0,3.90201e-09,-0.455276,0,9.07542e-09,0,0,False,nan|RHPA4259.7,1313992
1,130_bNAb_Combinations|1313992|cc|4|1|RHPA4259.7|5371,0,3.48493e-08,-1.27467,0,-1.21546e-07,0,0,False,nan|RHPA4259.7,1313992
1,130_bNAb_Combinations|1313992|cc|5|1|RHPA4259.7|5371,0,6.82787e-08,0.0338567,0,5.56394e-08,0,0,False,nan|RHPA4259.7,1313992
1,130_bNAb_Combinations|1313992|cc|6|1|RHPA4259.7|5371,0,7.38854e-08,0.268927,0,-1.5166e-07,0,0,False,nan|RHPA4259.7,1313992
1,130_bNAb_Combinations|1313992|cc|7|1|RHPA4259.7|5371,0,-9.95728e-09,0.249399,0,-1.32608e-07,0,0,False,nan|RHPA4259.7,1313992
1,130_bNAb_Combinations|1313992|cc|8|1|RHPA4259.7|5371,0,-1.33563e-08,-0.80029,0,-7.48943e-08,0,0,False,nan|RHPA4259.7,1313992
1,130_bNAb_Combinations|1313992|sample|10|RHPA4259.7|5371,0,-5.876e-08,0.405547,0,6.75861e-08,0,0,True,PGT121|RHPA4259.7,1313992
1,130_bNAb_Combinations|1313992|sample|11|RHPA4259.7|5371,0,-5.29826e-09,0.472922,0,7.83646e-08,0,0,True,VRC07-523LS|RHPA4259.7,1313992
1,130_bNAb_Combinations|1313992|sample|12|RHPA4259.7|5371,0,1.30694e-08,0.492948,0,3.85343e-08,0,0,True,VRC07-523LS|RHPA4259.7,1313992
1,130_bNAb_Combinations|1313992|sample|3|RHPA4259.7|5371,0,8.99594e-08,1.10915,0,8.94144e-08,0,0,True,PGDM1400|RHPA4259.7,1313992
1,130_bNAb_Combinations|1313992|sample|4|RHPA4259.7|5371,0,-1.58516e-07,1.27485,0,1.89464e-09,0,0,True,PGDM1400|RHPA4259.7,1313992
1,130_bNAb_Combinations|1313992|sample|5|RHPA4259.7|5371,0,-4.58146e-08,1.28412,0,-2.7982e-08,0,0,True,PGDM1400|RHPA4259.7,1313992
1,130_bNAb_Combinations|1313992|sample|6|RHPA4259.7|5371,0,1.2161e-08,1.14614,0,2.51655e-08,0,0,True,PGDM1400|RHPA4259.7,1313992
1,130_bNAb_Combinations|1313992|sample|7|RHPA4259.7|5371,0,-1.42198e-07,0.495499,0,9.77471e-08,0,0,True,PGT121|RHPA4259.7,1313992
1,130_bNAb_Combinations|1313992|sample|8|RHPA4259.7|5371,0,-7.93161e-09,0.493584,0,-2.62191e-08,0,0,True,PGT121|RHPA4259.7,1313992
1,130_bNAb_Combinations|1313992|sample|9|RHPA4259.7|5371,0,3.27401e-08,0.432651,0,-4.49233e-08,0,0,True,PGT121|RHPA4259.7,1313992
1,130_bNAb_Combinations|1313992|vc|1|2|RHPA4259.7|5371,0,3.14376e-08,1.5007,0,1.58255e-07,0,0,False,nan|RHPA4259.7,1313992
1,130_bNAb_Combinations|1313992|vc|2|2|RHPA4259.7|5371,0,8.558e-08,0.794117,0,6.49809e-11,0,0,False,nan|RHPA4259.7,1313992
1,130_bNAb_Combinations|1313992|vc|3|2|RHPA4259.7|5371,0,2.47736e-08,0.367495,0,9.81915e-08,0,0,False,nan|RHPA4259.7,1313992
1,130_bNAb_Combinations|1313992|vc|4|2|RHPA4259.7|5371,0,-2.8647e-08,0.00922573,0,-1.22568e-07,0,0,False,nan|RHPA4259.7,1313992
1,130_bNAb_Combinations|1313992|vc|5|2|RHPA4259.7|5371,0,1.57888e-08,0.713621,0,8.5232e-08,0,0,False,nan|RHPA4259.7,1313992
1,130_bNAb_Combinations|1313992|vc|6|2|RHPA4259.7|5371,0,-7.10847e-08,0.783472,0,2.04742e-08,0,0,False,nan|RHPA4259.7,1313992
1,130_bNAb_Combinations|1313992|vc|7|2|RHPA4259.7|5371,0,-6.12026e-08,0.0308081,0,-2.33441e-08,0,0,False,nan|RHPA4259.7,1313992
1,130_bNAb_Combinations|1313992|vc|8|2|RHPA4259.7|5371,0,1.49852e-07,1.99418,0,2.39051e-08,0,0,False,nan|RHPA4259.7,1313992
1,130_bNAb_Combinations|1314016|cc|1|1|nan|3430,0,1.03406e-08,0.519167,0,-4.16283e-08,0,0,False,nan|3430,1314016
1,130_bNAb_Combinations|1314016|cc|2|1|nan|3430,0,-3.14759e-08,0.382614,0,-3.74393e-08,0,0,False,nan|3430,1314016
1,130_bNAb_Combinations|1314016|cc|3|1|nan|3430,0,-1.00314e-07,0.673588,0,1.3208e-08,0,0,False,nan|3430,1314016
1,130_bNAb_Combinations|1314016|cc|4|1|nan|3430,0,2.58636e-08,0.58095,0,-6.00459e-08,0,0,False,nan|3430,1314016
1,130_bNAb_Combinations|1314016|cc|5|1|nan|3430,0,2.07332e-10,0.237201,0,2.98528e-08,0,0,False,nan|3430,1314016
1,130_bNAb_Combinations|1314016|cc|6|1|nan|3430,0,1.27825e-08,1.59856,0,6.60697e-08,0,0,False,nan|3430,1314016
1,130_bNAb_Combinations|1314016|cc|7|1|nan|3430,0,1.15936e-08,-0.0813531,0,-1.17315e-08,0,0,False,nan|3430,1314016
1,130_bNAb_Combinations|1314016|cc|8|1|nan|3430,0,9.1268e-08,-0.810738,0,-2.10141e-07,0,0,False,nan|3430,1314016
1,130_bNAb_Combinations|1314016|sample|10|nan|3430,0,-1.88182e-08,0.605964,0,-2.0346e-08,0,0,True,PGT121|3430,1314016
1,130_bNAb_Combinations|1314016|sample|11|nan|3430,0,-8.72359e-08,0.492848,0,6.63917e-08,0,0,True,VRC07-523LS|3430,1314016
1,130_bNAb_Combinations|1314016|sample|12|nan|3430,0,8.08754e-09,0.494951,0,7.96008e-08,0,0,True,VRC07-523LS|3430,1314016
1,130_bNAb_Combinations|1314016|sample|3|nan|3430,0,6.65645e-08,0.345417,0,1.31832e-07,0,0,True,PGDM1400|3430,1314016
1,130_bNAb_Combinations|1314016|sample|4|nan|3430,0,-1.06197e-07,0.379772,0,-4.06994e-08,0,0,True,PGDM1400|3430,1314016
1,130_bNAb_Combinations|1314016|sample|5|nan|3430,0,1.18386e-08,0.3392,0,-1.38732e-07,0,0,True,PGDM1400|3430,1314016
1,130_bNAb_Combinations|1314016|sample|6|nan|3430,0,-3.13757e-08,0.303049,0,-1.03784e-07,0,0,True,PGDM1400|3430,1314016
1,130_bNAb_Combinations|1314016|sample|7|nan|3430,0,-4.47499e-08,0.628192,0,5.09535e-08,0,0,True,PGT121|3430,1314016
1,130_bNAb_Combinations|1314016|sample|8|nan|3430,0,1.4585e-07,0.829422,0,1.68272e-07,0,0,True,PGT121|3430,1314016
1,130_bNAb_Combinations|1314016|sample|9|nan|3430,0,-5.83062e-08,0.61048,0,-3.03931e-08,0,0,True,PGT121|3430,1314016
1,130_bNAb_Combinations|1314016|vc|1|2|nan|3430,0,-4.76358e-08,1.156,0,-5.17467e-08,0,0,False,nan|3430,1314016
1,130_bNAb_Combinations|1314016|vc|2|2|nan|3430,0,1.75421e-08,0.00458153,0,1.25823e-07,0,0,False,nan|3430,1314016
1,130_bNAb_Combinations|1314016|vc|3|2|nan|3430,0,2.06677e-08,0.930889,0,-8.70176e-08,0,0,False,nan|3430,1314016
1,130_bNAb_Combinations|1314016|vc|4|2|nan|3430,0,2.71329e-08,0.108847,0,3.09032e-08,0,0,False,nan|3430,1314016
1,130_bNAb_Combinations|1314016|vc|5|2|nan|3430,0,-5.31164e-08,0.816023,0,-7.14586e-09,0,0,False,nan|3430,1314016
1,130_bNAb_Combinations|1314016|vc|6|2|nan|3430,0,-5.3432e-08,0.929204,0,-3.4607e-08,0,0,False,nan|3430,1314016
1,130_bNAb_Combinations|1314016|vc|7|2|nan|3430,0,-6.89574e-09,0.7408,0,5.40425e-08,0,0,False,nan|3430,1314016
1,130_bNAb_Combinations|1314016|vc|8|2|nan|3430,0,7.61689e-08,0.065206,0,9.53515e-08,0,0,False,nan|3430,1314016
1,130_bNAb_Combinations|1314040|cc|1|1|nan|4166,0,-7.09271e-08,0.203506,0,4.64839e-08,0,0,False,nan|4166,1314040
1,130_bNAb_Combinations|1314040|cc|2|1|nan|4166,0,6.84942e-09,-0.697096,0,-1.03794e-07,0,0,False,nan|4166,1314040
1,130_bNAb_Combinations|1314040|cc|3|1|nan|4166,0,4.80732e-08,-0.305123,0,1.08037e-09,0,0,False,nan|4166,1314040
1,130_bNAb_Combinations|1314040|cc|4|1|nan|4166,0,-3.24702e-08,0.368685,0,-6.38514e-08,0,0,False,nan|4166,1314040
1,130_bNAb_Combinations|1314040|cc|5|1|nan|4166,0,3.01383e-08,-0.232926,0,-1.88273e-10,0,0,False,nan|4166,1314040
1,130_bNAb_Combinations|1314040|cc|6|1|nan|4166,0,4.3725e-08,1.07798,0,-2.57232e-08,0,0,False,nan|4166,1314040
1,130_bNAb_Combinations|1314040|cc|7|1|nan|4166,0,6.20234e-09,-0.0522439,0,-1.0067e-07,0,0,False,nan|4166,1314040
1,130_bNAb_Combinations|1314040|cc|8|1|nan|4166,0,2.82997e-08,0.852282,0,8.68385e-08,0,0,False,nan|4166,1314040
1,130_bNAb_Combinations|1314040|sample|10|nan|4166,0,1.65356e-07,0.405576,0,-5.77213e-08,0,0,True,PGT121|4166,1314040
1,130_bNAb_Combinations|1314040|sample|11|nan|4166,0,7.2975e-08,0.448422,0,1.24107e-07,0,0,True,VRC07-523LS|4166,1314040
1,130_bNAb_Combinations|1314040|sample|12|nan|4166,0,9.36093e-08,0.359873,0,-2.04072e-08,0,0,True,VRC07-523LS|4166,1314040
1,130_bNAb_Combinations|1314040|sample|3|nan|4166,0,5.41583e-08,0.359395,0,-5.78669e-09,0,0,True,PGDM1400|4166,1314040
1,130_bNAb_Combinations|1314040|sample|4|nan|4166,0,-3.73071e-08,0.356418,0,8.39479e-08,0,0,True,PGDM1400|4166,1314040
1,130_bNAb_Combinations|1314040|sample|5|nan|4166,0,3.63902e-09,0.358504,0,1.18236e-07,0,0,True,PGDM1400|4166,1314040
1,130_bNAb_Combinations|1314040|sample|6|nan|4166,0,-1.09117e-07,0.34286,0,-7.63217e-08,0,0,True,PGDM1400|4166,1314040
1,130_bNAb_Combinations|1314040|sample|7|nan|4166,0,-4.12871e-08,0.447626,0,5.38447e-08,0,0,True,PGT121|4166,1314040
1,130_bNAb_Combinations|1314040|sample|8|nan|4166,0,2.37651e-09,0.417204,0,-7.61749e-08,0,0,True,PGT121|4166,1314040
1,130_bNAb_Combinations|1314040|sample|9|nan|4166,0,1.16173e-07,0.461499,0,3.97772e-09,0,0,True,PGT121|4166,1314040
1,130_bNAb_Combinations|1314040|vc|1|2|nan|4166,0,2.81788e-08,0.464898,0,8.52216e-08,0,0,False,nan|4166,1314040
1,130_bNAb_Combinations|1314040|vc|2|2|nan|4166,0,-3.67137e-08,0.174131,0,6.08608e-08,0,0,False,nan|4166,1314040
1,130_bNAb_Combinations|1314040|vc|3|2|nan|4166,0,-7.34409e-08,0.118923,0,-2.82419e-08,0,0,False,nan|4166,1314040
1,130_bNAb_Combinations|1314040|vc|4|2|nan|4166,0,-7.41099e-08,0.196684,0,4.21518e-08,0,0,False,nan|4166,1314040
1,130_bNAb_Combinations|1314040|vc|5|2|nan|4166,0,-3.31359e-08,0.377712,0,-2.37083e-09,0,0,False,nan|4166,1314040
1,130_bNAb_Combinations|1314040|vc|6|2|nan|4166,0,-2.99515e-08,0.877571,0,6.93079e-08,0,0,False,nan|4166,1314040
1,130_bNAb_Combinations|1314040|vc|7|2|nan|4166,0,2.23599e-08,1.03372,0,-9.38156e-08,0,0,False,nan|4166,1314040
1,130_bNAb_Combinations|1314040|vc|8|2|nan|4166,0,5.61941e-08,0.141366,0,-9.70157e-08,0,0,False,nan|4166,1314040
1,130_bNAb_Combinations|1314058|cc|1|1|nan|2944,0,-8.74123e-09,-0.179019,0,1.31331e-07,0,0,False,nan|2944,1314058
1,130_bNAb_Combinations|1314058|cc|2|1|nan|2944,0,1.39031e-08,-0.302495,0,-5.95154e-08,0,0,False,nan|2944,1314058
1,130_bNAb_Combinations|1314058|cc|3|1|nan|2944,0,-9.08803e-08,1.34803,0,1.88969e-08,0,0,False,nan|2944,1314058
1,130_bNAb_Combinations|1314058|cc|4|1|nan|2944,0,-8.16279e-10,0.556136,0,3.01016e-08,0,0,False,nan|2944,1314058
1,130_bNAb_Combinations|1314058|cc|5|1|nan|2944,0,1.08846e-07,-0.779745,0,-2.17626e-08,0,0,False,nan|2944,1314058
1,130_bNAb_Combinations|1314058|cc|6|1|nan|2944,0,-1.65525e-08,-0.561662,0,9.63795e-08,0,0,False,nan|2944,1314058
1,130_bNAb_Combinations|1314058|cc|7|1|nan|2944,0,-6.68746e-09,-0.430921,0,7.65422e-08,0,0,False,nan|2944,1314058
1,130_bNAb_Combinations|1314058|cc|8|1|nan|2944,0,-5.4989e-08,-0.406378,0,4.30124e-08,0,0,False,nan|2944,1314058
1,130_bNAb_Combinations|1314058|sample|10|nan|2944,0,4.29314e-08,0.445904,0,9.11016e-08,0,0,True,PGT121|2944,1314058
1,130_bNAb_Combinations|1314058|sample|11|nan|2944,0,-2.2812e-08,0.674446,0,5.29299e-08,0,0,True,VRC07-523LS|2944,1314058
1,130_bNAb_Combinations|1314058|sample|12|nan|2944,0,4.98718e-08,0.541036,0,-1.42516e-07,0,0,True,VRC07-523LS|2944,1314058
1,130_bNAb_Combinations|1314058|sample|3|nan|2944,0,-4.12105e-08,0.330488,0,9.40163e-08,0,0,True,PGDM1400|2944,1314058
1,130_bNAb_Combinations|1314058|sample|4|nan|2944,0,2.72345e-08,0.329621,0,2.85902e-08,0,0,True,PGDM1400|2944,1314058
1,130_bNAb_Combinations|1314058|sample|5|nan|2944,0,-3.04378e-08,0.295539,0,9.00238e-08,0,0,True,PGDM1400|2944,1314058
1,130_bNAb_Combinations|1314058|sample|6|nan|2944,0,9.2406e-09,0.289441,0,-8.10565e-08,0,0,True,PGDM1400|2944,1314058
1,130_bNAb_Combinations|1314058|sample|7|nan|2944,0,-7.21275e-08,0.430792,0,1.27579e-07,0,0,True,PGT121|2944,1314058
1,130_bNAb_Combinations|1314058|sample|8|nan|2944,0,-6.97097e-08,0.45963,0,-2.22226e-08,0,0,True,PGT121|2944,1314058
1,130_bNAb_Combinations|1314058|sample|9|nan|2944,0,-1.98716e-09,0.423429,0,-5.36205e-08,0,0,True,PGT121|2944,1314058
1,130_bNAb_Combinations|1314058|vc|1|2|nan|2944,0,3.57944e-08,0.0672782,0,1.86541e-09,0,0,False,nan|2944,1314058
1,130_bNAb_Combinations|1314058|vc|2|2|nan|2944,0,-3.24113e-08,0.103944,0,-6.11788e-08,0,0,False,nan|2944,1314058
1,130_bNAb_Combinations|1314058|vc|3|2|nan|2944,0,2.46447e-08,1.016,0,1.58511e-08,0,0,False,nan|2944,1314058
1,130_bNAb_Combinations|1314058|vc|4|2|nan|2944,0,2.46092e-08,0.532391,0,-6.50392e-08,0,0,False,nan|2944,1314058
1,130_bNAb_Combinations|1314058|vc|5|2|nan|2944,0,1.38198e-08,0.466544,0,-9.9071e-08,0,0,False,nan|2944,1314058
1,130_bNAb_Combinations|1314058|vc|6|2|nan|2944,0,7.06493e-08,0.486112,0,1.69667e-09,0,0,False,nan|2944,1314058
1,130_bNAb_Combinations|1314058|vc|7|2|nan|2944,0,3.17669e-08,2.24962,0,8.21757e-08,0,0,False,nan|2944,1314058
1,130_bNAb_Combinations|1314058|vc|8|2|nan|2944,0,-4.22282e-08,0.260456,0,-5.55104e-08,0,0,False,nan|2944,1314058
1,130_bNAb_Combinations|1342240|cc|1|1|nan|1798,0,4.75993e-08,0.0890465,0,-7.8567e-08,0,0,False,nan|1798,1342240
1,130_bNAb_Combinations|1342240|cc|2|1|nan|1798,0,-1.17434e-07,-0.248154,0,-3.15566e-08,0,0,False,nan|1798,1342240
1,130_bNAb_Combinations|1342240|cc|3|1|nan|1798,0,-2.33674e-08,1.30343,0,-4.2277e-08,0,0,False,nan|1798,1342240
1,130_bNAb_Combinations|1342240|cc|4|1|nan|1798,0,-2.86717e-08,0.571947,0,3.86989e-08,0,0,False,nan|1798,1342240
1,130_bNAb_Combinations|1342240|cc|5|1|nan|1798,0,-5.40663e-08,-0.244002,0,-1.17069e-07,0,0,False,nan|1798,1342240
1,130_bNAb_Combinations|1342240|cc|6|1|nan|1798,0,-6.31975e-08,0.123908,0,5.09209e-08,0,0,False,nan|1798,1342240
1,130_bNAb_Combinations|1342240|cc|7|1|nan|1798,0,-1.48924e-08,-1.8242,0,5.1149e-08,0,0,False,nan|1798,1342240
1,130_bNAb_Combinations|1342240|cc|8|1|nan|1798,0,-4.64414e-08,-0.13727,0,6.90776e-08,0,0,False,nan|1798,1342240
1,130_bNAb_Combinations|1342240|sample|3|nan|1798,0,5.50658e-08,1.60243,0,6.53785e-08,0,0,True,VRC07-523LS|1798,1342240
1,130_bNAb_Combinations|1342240|sample|4|nan|1798,0,1.00845e-07,1.36444,0,1.67149e-08,0,0,True,VRC07-523LS|1798,1342240
1,130_bNAb_Combinations|1342240|sample|8|nan|1798,0,-1.45598e-08,0.624844,0,-3.49944e-08,0,0,True,VRC07-523LS|1798,1342240
1,130_bNAb_Combinations|1342240|vc|1|2|nan|1798,0,1.7252e-07,0.137457,0,9.0543e-08,0,0,False,nan|1798,1342240
1,130_bNAb_Combinations|1342240|vc|2|2|nan|1798,0,2.52946e-08,0.760611,0,6.232e-08,0,0,False,nan|1798,1342240
1,130_bNAb_Combinations|1342240|vc|3|2|nan|1798,0,8.79113e-09,0.424576,0,-3.05345e-08,0,0,False,nan|1798,1342240
1,130_bNAb_Combinations|1342240|vc|4|2|nan|1798,0,9.45054e-08,1.17242,0,3.39743e-08,0,0,False,nan|1798,1342240
1,130_bNAb_Combinations|1342240|vc|5|2|nan|1798,0,3.2815e-08,0.513704,0,2.82978e-08,0,0,False,nan|1798,1342240
1,130_bNAb_Combinations|1342240|vc|6|2|nan|1798,0,5.77497e-08,1.13437,0,4.2604e-08,0,0,False,nan|1798,1342240
1,130_bNAb_Combinations|1342240|vc|7|2|nan|1798,0,-7.55539e-08,0.629845,0,9.60062e-10,0,0,False,nan|1798,1342240
1,130_bNAb_Combinations|1342240|vc|8|2|nan|1798,0,8.78033e-08,0.0758758,0,-5.23855e-08,0,0,False,nan|1798,1342240
1,130_bNAb_Combinations|1342258|cc|1|1|TRO.11|8301,0,-3.92455e-08,1.30669,0,7.25605e-08,0,0,False,nan|TRO.11,1342258
1,130_bNAb_Combinations|1342258|cc|2|1|TRO.11|8301,0,7.66052e-10,-1.12892,0,-3.73665e-08,0,0,False,nan|TRO.11,1342258
1,130_bNAb_Combinations|1342258|cc|3|1|TRO.11|8301,0,3.84694e-08,0.544828,0,1.15945e-07,0,0,False,nan|TRO.11,1342258
1,130_bNAb_Combinations|1342258|cc|4|1|TRO.11|8301,0,1.36768e-07,-0.0775224,0,-9.37168e-09,0,0,False,nan|TRO.11,1342258
1,130_bNAb_Combinations|1342258|cc|5|1|TRO.11|8301,0,1.49312e-08,0.96729,0,3.89077e-08,0,0,False,nan|TRO.11,1342258
1,130_bNAb_Combinations|1342258|cc|6|1|TRO.11|8301,0,1.57917e-07,0.79328,0,8.89927e-08,0,0,False,nan|TRO.11,1342258
1,130_bNAb_Combinations|1342258|cc|7|1|TRO.11|8301,0,-5.37465e-08,0.759999,0,1.233e-07,0,0,False,nan|TRO.11,1342258
1,130_bNAb_Combinations|1342258|cc|8|1|TRO.11|8301,0,-2.7238e-08,-0.0639705,0,-8.34575e-08,0,0,False,nan|TRO.11,1342258
1,130_bNAb_Combinations|1342258|sample|3|TRO.11|8301,0,3.78216e-08,0.795094,0,-1.26454e-07,0,0,True,VRC07-523LS|TRO.11,1342258
1,130_bNAb_Combinations|1342258|sample|4|TRO.11|8301,0,-3.92198e-09,0.723836,0,-6.4219e-08,0,0,True,VRC07-523LS|TRO.11,1342258
1,130_bNAb_Combinations|1342258|vc|1|2|TRO.11|8301,0,3.16057e-08,0.514538,0,1.45502e-07,0,0,False,nan|TRO.11,1342258
1,130_bNAb_Combinations|1342258|vc|2|2|TRO.11|8301,0,-6.63941e-08,0.766927,0,1.73898e-09,0,0,False,nan|TRO.11,1342258
1,130_bNAb_Combinations|1342258|vc|3|2|TRO.11|8301,0,8.72268e-08,1.08756,0,9.2466e-09,0,0,False,nan|TRO.11,1342258
1,130_bNAb_Combinations|1342258|vc|4|2|TRO.11|8301,0,-2.70185e-08,1.68523,0,-6.2968e-08,0,0,False,nan|TRO.11,1342258
1,130_bNAb_Combinations|1342258|vc|5|2|TRO.11|8301,0,6.1263e-08,1.53209,0,-6.45894e-08,0,0,False,nan|TRO.11,1342258
1,130_bNAb_Combinations|1342258|vc|6|2|TRO.11|8301,0,7.73159e-08,0.427966,0,4.69017e-08,0,0,False,nan|TRO.11,1342258
1,130_bNAb_Combinations|1342258|vc|7|2|TRO.11|8301,0,-4.49322e-08,0.230083,0,-2.59847e-08,0,0,False,nan|TRO.11,1342258
1,130_bNAb_Combinations|1342258|vc|8|2|TRO.11|8301,0,-6.67305e-08,0.22667,0,1.01139e-07,0,0,False,nan|TRO.11,1342258
1,130_bNAb_Combinations|1342276|cc|1|1|Ce1176_A3|7023,0,2.91753e-08,0.954258,0,9.63228e-08,0,0,False,nan|Ce1176_A3,1342276
1,130_bNAb_Combinations|1342276|cc|2|1|Ce1176_A3|7023,0,3.19987e-09,0.504451,0,1.81032e-08,0,0,False,nan|Ce1176_A3,1342276
1,130_bNAb_Combinations|1342276|cc|3|1|Ce1176_A3|7023,0,1.23231e-07,-0.715043,0,4.16153e-08,0,0,False,nan|Ce1176_A3,1342276
1,130_bNAb_Combinations|1342276|cc|4|1|Ce1176_A3|7023,0,-4.44982e-08,0.191531,0,7.59965e-08,0,0,False,nan|Ce1176_A3,1342276
1,130_bNAb_Combinations|1342276|cc|5|1|Ce1176_A3|7023,0,-8.07255e-08,-0.941233,0,-2.2765e-09,0,0,False,nan|Ce1176_A3,1342276
1,130_bNAb_Combinations|1342276|cc|6|1|Ce1176_A3|7023,0,-4.48469e-08,-0.359917,0,1.28604e-07,0,0,False,nan|Ce1176_A3,1342276
1,130_bNAb_Combinations|1342276|cc|7|1|Ce1176_A3|7023,0,-1.059e-07,1.26498,0,5.29914e-08,0,0,False,nan|Ce1176_A3,1342276
1,130_bNAb_Combinations|1342276|cc|8|1|Ce1176_A3|7023,0,3.81495e-08,0.76703,0,-3.95613e-08,0,0,False,nan|Ce1176_A3,1342276
1,130_bNAb_Combinations|1342276|sample|3|Ce1176_A3|7023,0,1.47527e-07,0.841039,0,2.12615e-07,0,0,True,VRC07-523LS|Ce1176_A3,1342276
1,130_bNAb_Combinations|1342276|sample|4|Ce1176_A3|7023,0,-6.98297e-08,0.937176,0,4.11346e-08,0,0,True,VRC07-523LS|Ce1176_A3,1342276
1,130_bNAb_Combinations|1342276|vc|1|2|Ce1176_A3|7023,0,1.71497e-08,1.01136,0,6.12416e-08,0,0,False,nan|Ce1176_A3,1342276
1,130_bNAb_Combinations|1342276|vc|2|2|Ce1176_A3|7023,0,5.13115e-08,0.39447,0,6.34473e-08,0,0,False,nan|Ce1176_A3,1342276
1,130_bNAb_Combinations|1342276|vc|3|2|Ce1176_A3|7023,0,4.36271e-08,0.222713,0,-7.69673e-08,0,0,False,nan|Ce1176_A3,1342276
1,130_bNAb_Combinations|1342276|vc|4|2|Ce1176_A3|7023,0,-6.23209e-08,0.372714,0,-1.07147e-07,0,0,False,nan|Ce1176_A3,1342276
1,130_bNAb_Combinations|1342276|vc|5|2|Ce1176_A3|7023,0,-2.4945e-08,0.735016,0,-7.78134e-08,0,0,False,nan|Ce1176_A3,1342276
1,130_bNAb_Combinations|1342276|vc|6|2|Ce1176_A3|7023,0,1.72018e-08,0.889841,0,1.04067e-07,0,0,False,nan|Ce1176_A3,1342276
1,130_bNAb_Combinations|1342276|vc|7|2|Ce1176_A3|7023,0,3.75632e-08,0.921026,0,9.87081e-08,0,0,False,nan|Ce1176_A3,1342276
1,130_bNAb_Combinations|1342276|vc|8|2|Ce1176_A3|7023,0,-3.13366e-08,1.35811,0,3.41288e-08,0,0,False,nan|Ce1176_A3,1342276
1,130_bNAb_Combinations|1342294|cc|1|1|nan|1176,0,-3.16797e-08,0.251224,0,9.10017e-08,0,0,False,nan|1176,1342294
1,130_bNAb_Combinations|1342294|cc|2|1|nan|1176,0,-7.43638e-08,-0.304712,0,-5.33329e-08,0,0,False,nan|1176,1342294
1,130_bNAb_Combinations|1342294|cc|3|1|nan|1176,0,1.77334e-09,-0.0536692,0,-4.83262e-08,0,0,False,nan|1176,1342294
1,130_bNAb_Combinations|1342294|cc|4|1|nan|1176,0,1.35752e-07,1.06342,0,1.79305e-07,0,0,False,nan|1176,1342294
1,130_bNAb_Combinations|1342294|cc|5|1|nan|1176,0,-1.78369e-08,0.00390605,0,9.21387e-08,0,0,False,nan|1176,1342294
1,130_bNAb_Combinations|1342294|cc|6|1|nan|1176,0,-1.20675e-07,0.169693,0,1.83797e-08,0,0,False,nan|1176,1342294
1,130_bNAb_Combinations|1342294|cc|7|1|nan|1176,0,-9.5077e-08,0.827373,0,2.44354e-08,0,0,False,nan|1176,1342294
1,130_bNAb_Combinations|1342294|cc|8|1|nan|1176,0,1.63752e-08,1.20527,0,-3.65024e-08,0,0,False,nan|1176,1342294
1,130_bNAb_Combinations|1342294|sample|3|nan|1176,0,-1.25648e-08,0.47563,0,-2.38344e-07,0,0,True,VRC07-523LS|1176,1342294
1,130_bNAb_Combinations|1342294|sample|4|nan|1176,0,-6.84053e-09,0.577296,0,7.20621e-08,0,0,True,VRC07-523LS|1176,1342294
1,130_bNAb_Combinations|1342294|sample|8|nan|1176,0,-4.8609e-09,0.229805,0,-3.60593e-08,0,0,True,VRC07-523LS|1176,1342294
1,130_bNAb_Combinations|1342294|vc|1|2|nan|1176,0,1.45206e-07,0.0374183,0,1.38076e-07,0,0,False,nan|1176,1342294
1,130_bNAb_Combinations|1342294|vc|2|2|nan|1176,0,-4.87003e-08,0.524434,0,-9.91503e-08,0,0,False,nan|1176,1342294
1,130_bNAb_Combinations|1342294|vc|3|2|nan|1176,0,1.59964e-07,0.100924,0,3.08914e-08,0,0,False,nan|1176,1342294
1,130_bNAb_Combinations|1342294|vc|4|2|nan|1176,0,2.94361e-08,1.96101,0,-9.24164e-08,0,0,False,nan|1176,1342294
1,130_bNAb_Combinations|1342294|vc|5|2|nan|1176,0,-4.63994e-08,0.690145,0,-1.22183e-07,0,0,False,nan|1176,1342294
1,130_bNAb_Combinations|1342294|vc|6|2|nan|1176,0,-4.5361e-08,0.296883,0,1.85945e-07,0,0,False,nan|1176,1342294
1,130_bNAb_Combinations|1342294|vc|7|2|nan|1176,0,5.70199e-08,0.302109,0,-2.77404e-08,0,0,False,nan|1176,1342294
1,130_bNAb_Combinations|1342294|vc|8|2|nan|1176,0,7.88528e-08,0.0530686,0,-1.19736e-08,0,0,False,nan|1176,1342294
1,130_bNAb_Combinations|1342312|cc|1|1|RHPA4259.7|5371,0,-4.41709e-08,1.05808,0,-9.31858e-08,0,0,False,nan|RHPA4259.7,1342312
1,130_bNAb_Combinations|1342312|cc|2|1|RHPA4259.7|5371,0,1.53163e-08,-0.459794,0,-1.14246e-07,0,0,False,nan|RHPA4259.7,1342312
1,130_bNAb_Combinations|1342312|cc|3|1|RHPA4259.7|5371,0,-9.44542e-08,-1.80613,0,-7.0979e-08,0,0,False,nan|RHPA4259.7,1342312
1,130_bNAb_Combinations|1342312|cc|4|1|RHPA4259.7|5371,0,2.07469e-09,-1.51577,0,1.72126e-08,0,0,False,nan|RHPA4259.7,1342312
1,130_bNAb_Combinations|1342312|cc|5|1|RHPA4259.7|5371,0,1.03094e-07,-1.11073,0,-1.41556e-09,0,0,False,nan|RHPA4259.7,1342312
1,130_bNAb_Combinations|1342312|cc|6|1|RHPA4259.7|5371,0,6.87602e-08,-0.143264,0,-8.17518e-08,0,0,False,nan|RHPA4259.7,1342312
1,130_bNAb_Combinations|1342312|cc|7|1|RHPA4259.7|5371,0,2.91701e-08,-0.568931,0,6.01166e-08,0,0,False,nan|RHPA4259.7,1342312
1,130_bNAb_Combinations|1342312|cc|8|1|RHPA4259.7|5371,0,-1.65836e-08,-1.31536,0,-5.13648e-08,0,0,False,nan|RHPA4259.7,1342312
1,130_bNAb_Combinations|1342312|sample|3|RHPA4259.7|5371,0,-8.44516e-08,0.57689,0,2.64047e-08,0,0,True,VRC07-523LS|RHPA4259.7,1342312
1,130_bNAb_Combinations|1342312|sample|4|RHPA4259.7|5371,0,-1.36419e-07,0.611539,0,3.7016e-08,0,0,True,VRC07-523LS|RHPA4259.7,1342312
1,130_bNAb_Combinations|1342312|vc|1|2|RHPA4259.7|5371,0,2.21789e-08,0.164325,0,7.12898e-09,0,0,False,nan|RHPA4259.7,1342312
1,130_bNAb_Combinations|1342312|vc|2|2|RHPA4259.7|5371,0,3.56626e-09,0.379531,0,8.7057e-08,0,0,False,nan|RHPA4259.7,1342312
1,130_bNAb_Combinations|1342312|vc|3|2|RHPA4259.7|5371,0,-6.90969e-08,1.05509,0,-1.99327e-08,0,0,False,nan|RHPA4259.7,1342312
1,130_bNAb_Combinations|1342312|vc|4|2|RHPA4259.7|5371,0,3.36627e-08,0.099013,0,-7.85847e-08,0,0,False,nan|RHPA4259.7,1342312
1,130_bNAb_Combinations|1342312|vc|5|2|RHPA4259.7|5371,0,-9.16851e-08,0.978636,0,-1.73158e-07,0,0,False,nan|RHPA4259.7,1342312
1,130_bNAb_Combinations|1342312|vc|6|2|RHPA4259.7|5371,0,-3.84343e-08,0.649953,0,-1.23145e-07,0,0,False,nan|RHPA4259.7,1342312
1,130_bNAb_Combinations|1342312|vc|7|2|RHPA4259.7|5371,0,-7.89978e-08,1.1077,0,2.29429e-08,0,0,False,nan|RHPA4259.7,1342312
1,130_bNAb_Combinations|1342312|vc|8|2|RHPA4259.7|5371,0,7.78468e-08,0.569856,0,-7.21762e-08,0,0,False,nan|RHPA4259.7,1342312
1,130_bNAb_Combinations|1342336|cc|1|1|nan|3430,0,1.29395e-08,0.382628,0,-9.74718e-08,0,0,False,nan|3430,1342336
1,130_bNAb_Combinations|1342336|cc|2|1|nan|3430,0,-7.05854e-08,1.46652,0,4.5338e-08,0,0,False,nan|3430,1342336
1,130_bNAb_Combinations|1342336|cc|3|1|nan|3430,0,1.21532e-08,-0.359928,0,2.26241e-08,0,0,False,nan|3430,1342336
1,130_bNAb_Combinations|1342336|cc|4|1|nan|3430,0,5.47834e-08,0.151638,0,7.25167e-08,0,0,False,nan|3430,1342336
1,130_bNAb_Combinations|1342336|cc|5|1|nan|3430,0,-2.26883e-08,-0.586125,0,-7.60866e-09,0,0,False,nan|3430,1342336
1,130_bNAb_Combinations|1342336|cc|6|1|nan|3430,0,-4.7918e-08,0.810803,0,-4.86649e-08,0,0,False,nan|3430,1342336
1,130_bNAb_Combinations|1342336|cc|7|1|nan|3430,0,4.82796e-08,-0.221634,0,-5.24028e-08,0,0,False,nan|3430,1342336
1,130_bNAb_Combinations|1342336|cc|8|1|nan|3430,0,1.8759e-10,-0.0754844,0,8.37625e-10,0,0,False,nan|3430,1342336
1,130_bNAb_Combinations|1342336|sample|3|nan|3430,0,1.20763e-07,0.56001,0,3.51754e-08,0,0,True,VRC07-523LS|3430,1342336
1,130_bNAb_Combinations|1342336|sample|4|nan|3430,0,5.19307e-08,0.527964,0,3.88234e-08,0,0,True,VRC07-523LS|3430,1342336
1,130_bNAb_Combinations|1342336|sample|5|nan|3430,0,1.6871e-07,0.370103,0,-4.29784e-08,0,0,True,VRC07-523LS|3430,1342336
1,130_bNAb_Combinations|1342336|vc|1|2|nan|3430,0,2.16914e-08,0.650957,0,2.0095e-08,0,0,False,nan|3430,1342336
1,130_bNAb_Combinations|1342336|vc|2|2|nan|3430,0,-2.27511e-08,0.622061,0,9.6511e-08,0,0,False,nan|3430,1342336
1,130_bNAb_Combinations|1342336|vc|3|2|nan|3430,0,7.36556e-09,1.10073,0,-3.75369e-08,0,0,False,nan|3430,1342336
1,130_bNAb_Combinations|1342336|vc|4|2|nan|3430,0,8.9395e-09,1.42989,0,1.33298e-08,0,0,False,nan|3430,1342336
1,130_bNAb_Combinations|1342336|vc|5|2|nan|3430,0,-1.59648e-09,0.377179,0,1.67217e-07,0,0,False,nan|3430,1342336
1,130_bNAb_Combinations|1342336|vc|6|2|nan|3430,0,-6.61429e-08,0.290529,0,4.90306e-08,0,0,False,nan|3430,1342336
1,130_bNAb_Combinations|1342336|vc|7|2|nan|3430,0,3.49293e-08,0.363575,0,1.13239e-08,0,0,False,nan|3430,1342336
1,130_bNAb_Combinations|1342336|vc|8|2|nan|3430,0,-2.70229e-08,1.91938,0,-5.89836e-09,0,0,False,nan|3430,1342336
1,130_bNAb_Combinations|1342348|cc|1|1|nan|4166,0,7.17059e-08,-0.916009,0,-8.27098e-08,0,0,False,nan|4166,1342348
1,130_bNAb_Combinations|1342348|cc|2|1|nan|4166,0,2.3002e-08,-1.68726,0,8.33934e-08,0,0,False,nan|4166,1342348
1,130_bNAb_Combinations|1342348|cc|3|1|nan|4166,0,5.40074e-08,0.940574,0,1.19972e-07,0,0,False,nan|4166,1342348
1,130_bNAb_Combinations|1342348|cc|4|1|nan|4166,0,-2.71937e-08,-0.819704,0,-5.86686e-10,0,0,False,nan|4166,1342348
1,130_bNAb_Combinations|1342348|cc|5|1|nan|4166,0,5.04943e-08,-0.632817,0,1.46085e-08,0,0,False,nan|4166,1342348
1,130_bNAb_Combinations|1342348|cc|6|1|nan|4166,0,-8.05895e-08,1.93784,0,1.31621e-08,0,0,False,nan|4166,1342348
1,130_bNAb_Combinations|1342348|cc|7|1|nan|4166,0,-1.13706e-08,-0.149613,0,3.40575e-08,0,0,False,nan|4166,1342348
1,130_bNAb_Combinations|1342348|cc|8|1|nan|4166,0,-7.48503e-08,0.07399,0,1.0416e-07,0,0,False,nan|4166,1342348
1,130_bNAb_Combinations|1342348|sample|3|nan|4166,0,2.62635e-08,0.453594,0,2.87122e-08,0,0,True,VRC07-523LS|4166,1342348
1,130_bNAb_Combinations|1342348|sample|4|nan|4166,0,1.07382e-07,0.467919,0,-1.03167e-07,0,0,True,VRC07-523LS|4166,1342348
1,130_bNAb_Combinations|1342348|vc|1|2|nan|4166,0,7.49795e-08,0.119759,0,-5.20772e-08,0,0,False,nan|4166,1342348
1,130_bNAb_Combinations|1342348|vc|2|2|nan|4166,0,-1.35681e-08,0.473404,0,8.40906e-08,0,0,False,nan|4166,1342348
1,130_bNAb_Combinations|1342348|vc|3|2|nan|4166,0,1.15152e-07,0.0885229,0,-6.03241e-08,0,0,False,nan|4166,1342348
1,130_bNAb_Combinations|1342348|vc|4|2|nan|4166,0,2.50103e-08,0.790328,0,2.08914e-08,0,0,False,nan|4166,1342348
1,130_bNAb_Combinations|1342348|vc|5|2|nan|4166,0,-9.22761e-08,0.716077,0,-5.03818e-08,0,0,False,nan|4166,1342348
1,130_bNAb_Combinations|1342348|vc|6|2|nan|4166,0,6.21627e-08,1.08336,0,5.49843e-08,0,0,False,nan|4166,1342348
1,130_bNAb_Combinations|1342348|vc|7|2|nan|4166,0,-7.36976e-08,0.142223,0,-7.99964e-08,0,0,False,nan|4166,1342348
1,130_bNAb_Combinations|1342348|vc|8|2|nan|4166,0,4.16099e-08,0.0637982,0,-2.5392e-08,0,0,False,nan|4166,1342348
1,130_bNAb_Combinations|1342372|cc|1|1|nan|2944,0,-2.44112e-08,0.523542,0,1.04109e-07,0,0,False,nan|2944,1342372
1,130_bNAb_Combinations|1342372|cc|2|1|nan|2944,0,1.08048e-08,0.853352,0,-8.60831e-08,0,0,False,nan|2944,1342372
1,130_bNAb_Combinations|1342372|cc|3|1|nan|2944,0,-1.55298e-08,-1.74063,0,1.68435e-07,0,0,False,nan|2944,1342372
1,130_bNAb_Combinations|1342372|cc|4|1|nan|2944,0,-2.04996e-08,0.764017,0,-3.85132e-08,0,0,False,nan|2944,1342372
1,130_bNAb_Combinations|1342372|cc|5|1|nan|2944,0,-2.49772e-08,-0.214585,0,7.37423e-08,0,0,False,nan|2944,1342372
1,130_bNAb_Combinations|1342372|cc|6|1|nan|2944,0,-2.44515e-08,0.555164,0,-1.93952e-07,0,0,False,nan|2944,1342372
1,130_bNAb_Combinations|1342372|cc|7|1|nan|2944,0,7.01163e-08,-0.646601,0,7.90919e-10,0,0,False,nan|2944,1342372
1,130_bNAb_Combinations|1342372|cc|8|1|nan|2944,0,5.34536e-08,1.02735,0,-1.20069e-07,0,0,False,nan|2944,1342372
1,130_bNAb_Combinations|1342372|sample|3|nan|2944,0,-2.46917e-08,0.589507,0,-1.05696e-08,0,0,True,VRC07-523LS|2944,1342372
1,130_bNAb_Combinations|1342372|sample|4|nan|2944,0,-4.28553e-08,0.588985,0,-1.27927e-07,0,0,True,VRC07-523LS|2944,1342372
1,130_bNAb_Combinations|1342372|vc|1|2|nan|2944,0,-6.64532e-08,0.772748,0,-1.06742e-07,0,0,False,nan|2944,1342372
1,130_bNAb_Combinations|1342372|vc|2|2|nan|2944,0,1.00192e-07,0.217696,0,-2.36999e-08,0,0,False,nan|2944,1342372
1,130_bNAb_Combinations|1342372|vc|3|2|nan|2944,0,-6.38924e-09,0.181334,0,5.02227e-08,0,0,False,nan|2944,1342372
1,130_bNAb_Combinations|1342372|vc|4|2|nan|2944,0,8.28339e-10,0.72297,0,4.28334e-08,0,0,False,nan|2944,1342372
1,130_bNAb_Combinations|1342372|vc|5|2|nan|2944,0,3.92429e-08,0.0614584,0,-1.916e-08,0,0,False,nan|2944,1342372
1,130_bNAb_Combinations|1342372|vc|6|2|nan|2944,0,-6.41574e-09,0.230074,0,-1.43663e-07,0,0,False,nan|2944,1342372
1,130_bNAb_Combinations|1342372|vc|7|2|nan|2944,0,1.84287e-08,0.356608,0,-1.28111e-07,0,0,False,nan|2944,1342372
1,130_bNAb_Combinations|1342372|vc|8|2|nan|2944,0,1.05169e-07,0.572203,0,1.00299e-07,0,0,False,nan|2944,1342372
1,130_bNAb_Combinations|1342384|cc|1|1|nan|2946,0,-5.1085e-08,-0.520489,0,-3.31307e-08,0,0,False,nan|2946,1342384
1,130_bNAb_Combinations|1342384|cc|2|1|nan|2946,0,-1.18259e-08,-0.265222,0,1.21719e-07,0,0,False,nan|2946,1342384
1,130_bNAb_Combinations|1342384|cc|3|1|nan|2946,0,-7.98307e-08,1.43353,0,-2.57834e-08,0,0,False,nan|2946,1342384
1,130_bNAb_Combinations|1342384|cc|4|1|nan|2946,0,-4.51029e-08,0.512525,0,-7.58632e-08,0,0,False,nan|2946,1342384
1,130_bNAb_Combinations|1342384|cc|5|1|nan|2946,0,-1.25127e-08,0.0132056,0,1.42807e-08,0,0,False,nan|2946,1342384
1,130_bNAb_Combinations|1342384|cc|6|1|nan|2946,0,-1.5813e-07,-0.672035,0,-6.57607e-08,0,0,False,nan|2946,1342384
1,130_bNAb_Combinations|1342384|cc|7|1|nan|2946,0,1.25829e-08,1.8828,0,-2.45562e-08,0,0,False,nan|2946,1342384
1,130_bNAb_Combinations|1342384|cc|8|1|nan|2946,0,-7.01488e-08,1.54278,0,-1.08147e-07,0,0,False,nan|2946,1342384
1,130_bNAb_Combinations|1342384|sample|3|nan|2946,0,-1.84883e-08,1.3724,0,3.6835e-08,0,0,True,VRC07-523LS|2946,1342384
1,130_bNAb_Combinations|1342384|sample|4|nan|2946,0,1.74664e-08,1.3974,0,-1.10478e-07,0,0,True,VRC07-523LS|2946,1342384
1,130_bNAb_Combinations|1342384|vc|1|2|nan|2946,0,-1.53099e-08,1.00168,0,1.80288e-08,0,0,False,nan|2946,1342384
1,130_bNAb_Combinations|1342384|vc|2|2|nan|2946,0,4.15085e-08,0.0765582,0,-9.46065e-08,0,0,False,nan|2946,1342384
1,130_bNAb_Combinations|1342384|vc|3|2|nan|2946,0,-4.22166e-08,0.93334,0,1.19603e-07,0,0,False,nan|2946,1342384
1,130_bNAb_Combinations|1342384|vc|4|2|nan|2946,0,4.92052e-08,0.347189,0,-1.82583e-07,0,0,False,nan|2946,1342384
1,130_bNAb_Combinations|1342384|vc|5|2|nan|2946,0,-5.0552e-08,0.168068,0,-1.02451e-07,0,0,False,nan|2946,1342384
1,130_bNAb_Combinations|1342384|vc|6|2|nan|2946,0,2.55324e-08,0.00843064,0,2.31566e-07,0,0,False,nan|2946,1342384
1,130_bNAb_Combinations|1342384|vc|7|2|nan|2946,0,-3.05622e-08,0.632171,0,8.13499e-08,0,0,False,nan|2946,1342384
1,130_bNAb_Combinations|1342384|vc|8|2|nan|2946,0,4.48702e-08,0.980764,0,1.28268e-07,0,0,False,nan|2946,1342384
1,130_bNAb_Combinations|1342396|cc|1|1|PVO.4|5024,0,-3.39517e-08,0.0459906,0,-8.71555e-08,0,0,False,nan|PVO.4,1342396
1,130_bNAb_Combinations|1342396|cc|2|1|PVO.4|5024,0,3.3135e-08,-0.722953,0,1.00384e-07,0,0,False,nan|PVO.4,1342396
1,130_bNAb_Combinations|1342396|cc|3|1|PVO.4|5024,0,-8.26559e-08,2.15532,0,5.06852e-08,0,0,False,nan|PVO.4,1342396
1,130_bNAb_Combinations|1342396|cc|4|1|PVO.4|5024,0,5.37538e-08,1.67567,0,-1.51131e-07,0,0,False,nan|PVO.4,1342396
1,130_bNAb_Combinations|1342396|cc|5|1|PVO.4|5024,0,-7.48456e-10,0.784658,0,-2.16745e-09,0,0,False,nan|PVO.4,1342396
1,130_bNAb_Combinations|1342396|cc|6|1|PVO.4|5024,0,1.54895e-07,0.362477,0,-7.46172e-08,0,0,False,nan|PVO.4,1342396
1,130_bNAb_Combinations|1342396|cc|7|1|PVO.4|5024,0,-5.44563e-08,0.991267,0,3.76873e-08,0,0,False,nan|PVO.4,1342396
1,130_bNAb_Combinations|1342396|cc|8|1|PVO.4|5024,0,-3.26012e-08,-0.856883,0,1.92724e-09,0,0,False,nan|PVO.4,1342396
1,130_bNAb_Combinations|1342396|sample|3|PVO.4|5024,0,-2.16468e-08,0.692596,0,3.02841e-08,0,0,True,VRC07-523LS|PVO.4,1342396
1,130_bNAb_Combinations|1342396|sample|4|PVO.4|5024,0,-3.05929e-08,0.719058,0,4.028e-08,0,0,True,VRC07-523LS|PVO.4,1342396
1,130_bNAb_Combinations|1342396|vc|1|2|PVO.4|5024,0,-4.16847e-08,0.609472,0,5.00425e-10,0,0,False,nan|PVO.4,1342396
1,130_bNAb_Combinations|1342396|vc|2|2|PVO.4|5024,0,1.71764e-07,1.04989,0,-8.33849e-08,0,0,False,nan|PVO.4,1342396
1,130_bNAb_Combinations|1342396|vc|3|2|PVO.4|5024,0,3.08572e-08,0.683168,0,-6.3074e-08,0,0,False,nan|PVO.4,1342396
1,130_bNAb_Combinations|1342396|vc|4|2|PVO.4|5024,0,4.5987e-08,0.703204,0,2.67753e-08,0,0,False,nan|PVO.4,1342396
1,130_bNAb_Combinations|1342396|vc|5|2|PVO.4|5024,0,1.89156e-08,1.3233,0,2.11134e-07,0,0,False,nan|PVO.4,1342396
1,130_bNAb_Combinations|1342396|vc|6|2|PVO.4|5024,0,5.84483e-08,1.092,0,-7.29532e-08,0,0,False,nan|PVO.4,1342396
1,130_bNAb_Combinations|1342396|vc|7|2|PVO.4|5024,0,-4.63862e-09,0.370773,0,9.47115e-08,0,0,False,nan|PVO.4,1342396
1,130_bNAb_Combinations|1342396|vc|8|2|PVO.4|5024,0,9.59292e-08,2.68621,0,-1.28614e-07,0,0,False,nan|PVO.4,1342396
1,130_bNAb_Combinations|1342408|cc|1|1|nan|4168,0,-1.35357e-08,0.931809,0,7.37588e-08,0,0,False,nan|4168,1342408
1,130_bNAb_Combinations|1342408|cc|2|1|nan|4168,0,3.2495e-08,0.308659,0,-9.39353e-08,0,0,False,nan|4168,1342408
1,130_bNAb_Combinations|1342408|cc|3|1|nan|4168,0,2.95002e-08,-0.756961,0,9.89053e-08,0,0,False,nan|4168,1342408
1,130_bNAb_Combinations|1342408|cc|4|1|nan|4168,0,5.67373e-08,1.99132,0,2.3769e-08,0,0,False,nan|4168,1342408
1,130_bNAb_Combinations|1342408|cc|5|1|nan|4168,0,8.22776e-09,0.257746,0,-2.842e-08,0,0,False,nan|4168,1342408
1,130_bNAb_Combinations|1342408|cc|6|1|nan|4168,0,1.92257e-08,0.741073,0,-5.02308e-08,0,0,False,nan|4168,1342408
1,130_bNAb_Combinations|1342408|cc|7|1|nan|4168,0,8.89247e-08,0.63597,0,-8.41048e-08,0,0,False,nan|4168,1342408
1,130_bNAb_Combinations|1342408|cc|8|1|nan|4168,0,1.29862e-07,0.0471837,0,-8.21796e-08,0,0,False,nan|4168,1342408
1,130_bNAb_Combinations|1342408|sample|3|nan|4168,0,5.45519e-08,0.467286,0,3.75945e-09,0,0,True,VRC07-523LS|4168,1342408
1,130_bNAb_Combinations|1342408|sample|4|nan|4168,0,-3.51526e-08,0.629064,0,6.95836e-08,0,0,True,VRC07-523LS|4168,1342408
1,130_bNAb_Combinations|1342408|vc|1|2|nan|4168,0,4.1426e-08,0.651979,0,-8.89831e-08,0,0,False,nan|4168,1342408
1,130_bNAb_Combinations|1342408|vc|2|2|nan|4168,0,-1.17442e-07,1.57934,0,-6.60694e-08,0,0,False,nan|4168,1342408
1,130_bNAb_Combinations|1342408|vc|3|2|nan|4168,0,-9.02072e-10,1.5072,0,-5.51734e-08,0,0,False,nan|4168,1342408
1,130_bNAb_Combinations|1342408|vc|4|2|nan|4168,0,-8.90381e-08,0.548374,0,-1.42686e-07,0,0,False,nan|4168,1342408
1,130_bNAb_Combinations|1342408|vc|5|2|nan|4168,0,3.06504e-08,1.04195,0,7.76438e-08,0,0,False,nan|4168,1342408
1,130_bNAb_Combinations|1342408|vc|6|2|nan|4168,0,3.34941e-08,0.463775,0,-3.13139e-08,0,0,False,nan|4168,1342408
1,130_bNAb_Combinations|1342408|vc|7|2|nan|4168,0,8.52176e-08,0.230362,0,1.66691e-08,0,0,False,nan|4168,1342408
1,130_bNAb_Combinations|1342408|vc|8|2|nan|4168,0,8.55266e-08,0.566324,0,1.38014e-07,0,0,False,nan|4168,1342408
1,704_VRC01_Concordance|1200432|cc|1|1|PVO.4|5024,0,-9.83871e-08,0.511091,0,-1.27721e-07,0,0,False,nan|PVO.4,1200432
1,704_VRC01_Concordance|1200432|cc|2|1|PVO.4|5024,0,-3.20799e-08,0.234703,0,-2.37533e-07,0,0,False,nan|PVO.4,1200432
1,704_VRC01_Concordance|1200432|cc|3|1|PVO.4|5024,0,-4.22461e-08,0.811859,0,8.87432e-09,0,0,False,nan|PVO.4,1200432
1,704_VRC01_Concordance|1200432|cc|4|1|PVO.4|5024,0,-7.06881e-09,-0.351374,0,7.45494e-08,0,0,False,nan|PVO.4,1200432
1,704_VRC01_Concordance|1200432|cc|5|1|PVO.4|5024,0,-1.38432e-08,1.06199,0,1.43655e-08,0,0,False,nan|PVO.4,1200432
1,704_VRC01_Concordance|1200432|cc|6|1|PVO.4|5024,0,-4.53569e-08,-0.196691,0,-5.01962e-09,0,0,False,nan|PVO.4,1200432
1,704_VRC01_Concordance|1200432|cc|7|1|PVO.4|5024,0,4.67687e-10,-0.0366258,0,-6.56909e-08,0,0,False,nan|PVO.4,1200432
1,704_VRC01_Concordance|1200432|cc|8|1|PVO.4|5024,0,-8.23266e-08,0.0867984,0,-1.0498e-08,0,0,False,nan|PVO.4,1200432
1,704_VRC01_Concordance|1200432|sample|10|PVO.4|5024,0,9.8091e-08,1.10264,0,-2.757e-08,0,0,True,Clinical VRC01|PVO.4,1200432
1,704_VRC01_Concordance|1200432|sample|11|PVO.4|5024,0,1.406e-07,0.86022,0,-6.22271e-08,0,0,True,Clinical VRC01|PVO.4,1200432
1,704_VRC01_Concordance|1200432|sample|12|PVO.4|5024,0,-6.57755e-08,0.710784,0,-8.05935e-08,0,0,True,Clinical VRC01|PVO.4,1200432
1,704_VRC01_Concordance|1200432|sample|3|PVO.4|5024,0,6.75289e-08,0.775352,0,2.24708e-07,0,0,True,Clinical VRC01|PVO.4,1200432
1,704_VRC01_Concordance|1200432|sample|4|PVO.4|5024,0,-2.24816e-08,1.4174,0,1.36957e-07,0,0,True,Clinical VRC01|PVO.4,1200432
1,704_VRC01_Concordance|1200432|sample|5|PVO.4|5024,0,3.11194e-08,1.31205,0,-3.49473e-08,0,0,True,Clinical VRC01|PVO.4,1200432
1,704_VRC01_Concordance|1200432|sample|6|PVO.4|5024,0,2.57375e-08,0.997177,0,1.07198e-07,0,0,True,Clinical VRC01|PVO.4,1200432
1,704_VRC01_Concordance|1200432|sample|7|PVO.4|5024,0,-3.50874e-08,0.838968,0,2.0249e-08,0,0,True,Clinical VRC01|PVO.4,1200432
1,704_VRC01_Concordance|1200432|sample|8|PVO.4|5024,0,4.83364e-08,0.912561,0,8.81586e-09,0,0,True,Clinical VRC01|PVO.4,1200432
1,704_VRC01_Concordance|1200432|sample|9|PVO.4|5024,0,1.0033e-07,0.932908,0,-9.55508e-08,0,0,True,Clinical VRC01|PVO.4,1200432
1,704_VRC01_Concordance|1200432|vc|1|2|PVO.4|5024,0,6.62107e-08,1.03535,0,7.62377e-11,0,0,False,nan|PVO.4,1200432
1,704_VRC01_Concordance|1200432|vc|2|2|PVO.4|5024,0,-7.60276e-08,0.450165,0,5.29326e-08,0,0,False,nan|PVO.4,1200432
1,704_VRC01_Concordance|1200432|vc|3|2|PVO.4|5024,0,3.47119e-08,0.0283134,0,-4.1404e-08,0,0,False,nan|PVO.4,1200432
1,704_VRC01_Concordance|1200432|vc|4|2|PVO.4|5024,0,-8.28324e-08,0.402662,0,7.50728e-08,0,0,False,nan|PVO.4,1200432
1,704_VRC01_Concordance|1200432|vc|5|2|PVO.4|5024,0,-1.60145e-08,2.02968,0,-4.83203e-08,0,0,False,nan|PVO.4,1200432
1,704_VRC01_Concordance|1200432|vc|6|2|PVO.4|5024,0,-7.02369e-08,0.303131,0,-4.52162e-08,0,0,False,nan|PVO.4,1200432
1,704_VRC01_Concordance|1200432|vc|7|2|PVO.4|5024,0,-5.09479e-10,0.604133,0,1.95542e-08,0,0,False,nan|PVO.4,1200432
1,704_VRC01_Concordance|1200432|vc|8|2|PVO.4|5024,0,6.95273e-08,0.723702,0,-1.24007e-07,0,0,False,nan|PVO.4,1200432
