id,eta_U_SAEM,eta_L_SAEM,eta_m_SAEM,eta_e_SAEM,eta_s_SAEM,eta_alpha_SAEM,eta_k_SAEM,eta_U_mode,eta_L_mode,eta_m_mode,eta_e_mode,eta_s_mode,eta_alpha_mode,eta_k_mode,goes_down,mab_virus,run_id
130_bNAb_Combinations|1313842|cc|1|1|nan|2946,0,6.12214e-09,0,5.5276e-09,0,0,0,0,3.07461e-11,0,-1.30362e-11,0,0,0,False,nan|2946,1313842
130_bNAb_Combinations|1313842|cc|2|1|nan|2946,0,-7.61927e-12,0,4.50877e-09,0,0,0,0,-2.58149e-11,0,-1.40314e-11,0,0,0,False,nan|2946,1313842
130_bNAb_Combinations|1313842|cc|3|1|nan|2946,0,-3.076e-10,0,3.46414e-09,0,0,0,0,-3.94538e-11,0,2.98739e-12,0,0,0,False,nan|2946,1313842
130_bNAb_Combinations|1313842|cc|4|1|nan|2946,0,-4.03805e-09,0,-8.24149e-09,0,0,0,0,-1.84919e-12,0,3.94196e-11,0,0,0,False,nan|2946,1313842
130_bNAb_Combinations|1313842|cc|5|1|nan|2946,0,3.1381e-09,0,2.58727e-09,0,0,0,0,-1.94538e-11,0,-1.35456e-11,0,0,0,False,nan|2946,1313842
130_bNAb_Combinations|1313842|cc|6|1|nan|2946,0,-4.42267e-09,0,5.12183e-09,0,0,0,0,-2.22551e-11,0,5.76872e-12,0,0,0,False,nan|2946,1313842
130_bNAb_Combinations|1313842|cc|7|1|nan|2946,0,-1.518e-09,0,1.07644e-09,0,0,0,0,1.64606e-11,0,2.17502e-11,0,0,0,False,nan|2946,1313842
130_bNAb_Combinations|1313842|cc|8|1|nan|2946,0,2.30925e-09,0,3.06428e-09,0,0,0,0,-6.92237e-11,0,-1.97846e-11,0,0,0,False,nan|2946,1313842
130_bNAb_Combinations|1313842|sample|10|nan|2946,0,1.46506e-09,0,2.2555e-09,0,0,0,0,-1.40563e-11,0,2.65779e-11,0,0,0,True,PGT121|2946,1313842
130_bNAb_Combinations|1313842|sample|11|nan|2946,0,-7.09776e-10,0,6.36706e-10,0,0,0,0,2.10676e-11,0,4.6958e-12,0,0,0,True,VRC07-523LS|2946,1313842
130_bNAb_Combinations|1313842|sample|12|nan|2946,0,8.8616e-09,0,-2.36661e-09,0,0,0,0,9.16511e-12,0,-2.58407e-11,0,0,0,True,VRC07-523LS|2946,1313842
130_bNAb_Combinations|1313842|sample|3|nan|2946,0,7.42513e-09,0,6.31217e-09,0,0,0,0,-8.106e-11,0,8.15525e-12,0,0,0,True,PGDM1400|2946,1313842
130_bNAb_Combinations|1313842|sample|4|nan|2946,0,-2.6805e-11,0,-4.51299e-10,0,0,0,0,3.08606e-11,0,-1.55636e-11,0,0,0,True,PGDM1400|2946,1313842
130_bNAb_Combinations|1313842|sample|5|nan|2946,0,-2.17396e-10,0,5.77126e-09,0,0,0,0,-1.38343e-11,0,-1.12186e-11,0,0,0,True,PGDM1400|2946,1313842
130_bNAb_Combinations|1313842|sample|6|nan|2946,0,-2.10436e-09,0,9.7453e-10,0,0,0,0,4.73008e-11,0,1.62661e-11,0,0,0,True,PGDM1400|2946,1313842
130_bNAb_Combinations|1313842|sample|7|nan|2946,0,1.66064e-09,0,1.45845e-10,0,0,0,0,-5.25748e-11,0,5.68168e-12,0,0,0,True,PGT121|2946,1313842
130_bNAb_Combinations|1313842|sample|8|nan|2946,0,-4.2905e-09,0,1.48126e-09,0,0,0,0,4.62661e-11,0,1.28431e-12,0,0,0,True,PGT121|2946,1313842
130_bNAb_Combinations|1313842|sample|9|nan|2946,0,1.41451e-09,0,-2.51729e-09,0,0,0,0,4.29505e-11,0,2.75104e-11,0,0,0,True,PGT121|2946,1313842
130_bNAb_Combinations|1313842|vc|1|2|nan|2946,0,7.94568e-09,0,-1.37839e-09,0,0,0,0,3.94973e-12,0,4.22782e-11,0,0,0,False,nan|2946,1313842
130_bNAb_Combinations|1313842|vc|2|2|nan|2946,0,-3.79348e-09,0,-5.179e-09,0,0,0,0,-5.58931e-12,0,2.97411e-11,0,0,0,False,nan|2946,1313842
130_bNAb_Combinations|1313842|vc|3|2|nan|2946,0,-2.28392e-09,0,1.1966e-09,0,0,0,0,3.92424e-11,0,-3.6501e-11,0,0,0,False,nan|2946,1313842
130_bNAb_Combinations|1313842|vc|4|2|nan|2946,0,2.29556e-09,0,-3.21073e-09,0,0,0,0,-2.56968e-11,0,-1.90679e-11,0,0,0,False,nan|2946,1313842
130_bNAb_Combinations|1313842|vc|5|2|nan|2946,0,2.82469e-09,0,-3.48303e-09,0,0,0,0,-3.31566e-11,0,3.71658e-12,0,0,0,False,nan|2946,1313842
130_bNAb_Combinations|1313842|vc|6|2|nan|2946,0,-8.09997e-10,0,2.98955e-09,0,0,0,0,2.69216e-11,0,2.28386e-11,0,0,0,False,nan|2946,1313842
130_bNAb_Combinations|1313842|vc|7|2|nan|2946,0,-1.20913e-08,0,-9.56542e-10,0,0,0,0,2.51443e-12,0,3.38622e-11,0,0,0,False,nan|2946,1313842
130_bNAb_Combinations|1313842|vc|8|2|nan|2946,0,7.98724e-10,0,-4.5803e-09,0,0,0,0,-1.71863e-12,0,-5.24345e-11,0,0,0,False,nan|2946,1313842
130_bNAb_Combinations|1313860|cc|1|1|PVO.4|5024,0,3.58354e-09,0,2.97169e-09,0,0,0,0,5.97868e-11,0,-3.73124e-11,0,0,0,False,nan|PVO.4,1313860
130_bNAb_Combinations|1313860|cc|2|1|PVO.4|5024,0,1.2547e-09,0,3.86257e-10,0,0,0,0,6.88161e-11,0,1.33902e-11,0,0,0,False,nan|PVO.4,1313860
130_bNAb_Combinations|1313860|cc|3|1|PVO.4|5024,0,2.57019e-10,0,-5.41064e-09,0,0,0,0,-2.32507e-11,0,-4.75326e-11,0,0,0,False,nan|PVO.4,1313860
130_bNAb_Combinations|1313860|cc|4|1|PVO.4|5024,0,6.56118e-09,0,-6.20375e-09,0,0,0,0,-2.29399e-11,0,4.31832e-12,0,0,0,False,nan|PVO.4,1313860
130_bNAb_Combinations|1313860|cc|5|1|PVO.4|5024,0,-6.08948e-09,0,2.65301e-09,0,0,0,0,3.40474e-11,0,9.67404e-12,0,0,0,False,nan|PVO.4,1313860
130_bNAb_Combinations|1313860|cc|6|1|PVO.4|5024,0,2.35184e-09,0,7.78711e-10,0,0,0,0,-2.9285e-11,0,2.3018e-11,0,0,0,False,nan|PVO.4,1313860
130_bNAb_Combinations|1313860|cc|7|1|PVO.4|5024,0,-1.34658e-09,0,-1.36873e-09,0,0,0,0,-2.54357e-11,0,-9.02114e-11,0,0,0,False,nan|PVO.4,1313860
130_bNAb_Combinations|1313860|cc|8|1|PVO.4|5024,0,-2.89184e-09,0,5.30812e-10,0,0,0,0,-1.18643e-11,0,-2.08198e-11,0,0,0,False,nan|PVO.4,1313860
130_bNAb_Combinations|1313860|sample|10|PVO.4|5024,0,-3.45031e-09,0,4.36358e-09,0,0,0,0,-2.51834e-11,0,-1.89182e-11,0,0,0,True,PGT121|PVO.4,1313860
130_bNAb_Combinations|1313860|sample|11|PVO.4|5024,0,-4.18952e-10,0,-3.0922e-09,0,0,0,0,7.49267e-12,0,3.82792e-11,0,0,0,True,VRC07-523LS|PVO.4,1313860
130_bNAb_Combinations|1313860|sample|12|PVO.4|5024,0,-4.07511e-10,0,-3.40661e-09,0,0,0,0,2.65326e-11,0,-2.29212e-11,0,0,0,True,VRC07-523LS|PVO.4,1313860
130_bNAb_Combinations|1313860|sample|3|PVO.4|5024,0,4.1697e-09,0,1.44819e-09,0,0,0,0,-5.20126e-11,0,-3.7943e-12,0,0,0,True,PGDM1400|PVO.4,1313860
130_bNAb_Combinations|1313860|sample|4|PVO.4|5024,0,-1.38657e-09,0,-4.81493e-09,0,0,0,0,1.67182e-11,0,3.48646e-11,0,0,0,True,PGDM1400|PVO.4,1313860
130_bNAb_Combinations|1313860|sample|5|PVO.4|5024,0,1.56628e-09,0,-2.20739e-09,0,0,0,0,-1.79607e-11,0,2.07461e-11,0,0,0,True,PGDM1400|PVO.4,1313860
130_bNAb_Combinations|1313860|sample|6|PVO.4|5024,0,-8.47352e-09,0,2.48843e-10,0,0,0,0,5.06013e-11,0,-3.13269e-11,0,0,0,True,PGDM1400|PVO.4,1313860
130_bNAb_Combinations|1313860|sample|7|PVO.4|5024,0,8.51894e-10,0,3.05824e-09,0,0,0,0,2.50573e-11,0,1.08695e-11,0,0,0,True,PGT121|PVO.4,1313860
130_bNAb_Combinations|1313860|sample|8|PVO.4|5024,0,-3.09566e-10,0,-1.40463e-09,0,0,0,0,-8.26361e-12,0,2.2907e-11,0,0,0,True,PGT121|PVO.4,1313860
130_bNAb_Combinations|1313860|sample|9|PVO.4|5024,0,3.95049e-11,0,-2.08891e-09,0,0,0,0,8.1668e-12,0,2.08509e-11,0,0,0,True,PGT121|PVO.4,1313860
130_bNAb_Combinations|1313860|vc|1|2|PVO.4|5024,0,-1.29433e-10,0,3.50067e-09,0,0,0,0,3.70743e-11,0,-8.68372e-12,0,0,0,False,nan|PVO.4,1313860
130_bNAb_Combinations|1313860|vc|2|2|PVO.4|5024,0,-3.67229e-09,0,-1.01461e-08,0,0,0,0,-3.22569e-11,0,-6.43929e-12,0,0,0,False,nan|PVO.4,1313860
130_bNAb_Combinations|1313860|vc|3|2|PVO.4|5024,0,4.6721e-09,0,1.11591e-09,0,0,0,0,3.79021e-11,0,9.45466e-12,0,0,0,False,nan|PVO.4,1313860
130_bNAb_Combinations|1313860|vc|4|2|PVO.4|5024,0,-3.33816e-10,0,1.19577e-09,0,0,0,0,-2.33307e-11,0,4.14202e-11,0,0,0,False,nan|PVO.4,1313860
130_bNAb_Combinations|1313860|vc|5|2|PVO.4|5024,0,-1.63599e-09,0,4.05765e-09,0,0,0,0,-1.69811e-11,0,3.63114e-11,0,0,0,False,nan|PVO.4,1313860
130_bNAb_Combinations|1313860|vc|6|2|PVO.4|5024,0,-5.75589e-09,0,-2.53747e-09,0,0,0,0,-1.82521e-11,0,2.35447e-11,0,0,0,False,nan|PVO.4,1313860
130_bNAb_Combinations|1313860|vc|7|2|PVO.4|5024,0,5.56316e-09,0,-6.62714e-10,0,0,0,0,2.4821e-11,0,-6.85763e-12,0,0,0,False,nan|PVO.4,1313860
130_bNAb_Combinations|1313860|vc|8|2|PVO.4|5024,0,6.11239e-10,0,-5.63563e-10,0,0,0,0,8.62421e-13,0,-2.61657e-11,0,0,0,False,nan|PVO.4,1313860
130_bNAb_Combinations|1313884|cc|1|1|nan|4168,0,9.24025e-09,0,-1.27451e-09,0,0,0,0,1.68043e-12,0,-4.66027e-11,0,0,0,False,nan|4168,1313884
130_bNAb_Combinations|1313884|cc|2|1|nan|4168,0,5.36848e-11,0,2.12582e-09,0,0,0,0,-2.23359e-11,0,-2.38911e-11,0,0,0,False,nan|4168,1313884
130_bNAb_Combinations|1313884|cc|3|1|nan|4168,0,-1.92817e-09,0,4.72297e-09,0,0,0,0,-5.44791e-11,0,9.64473e-12,0,0,0,False,nan|4168,1313884
130_bNAb_Combinations|1313884|cc|4|1|nan|4168,0,-3.65963e-09,0,7.84302e-10,0,0,0,0,2.2701e-11,0,-2.09761e-11,0,0,0,False,nan|4168,1313884
130_bNAb_Combinations|1313884|cc|5|1|nan|4168,0,3.73237e-10,0,3.92732e-09,0,0,0,0,-9.44667e-12,0,-4.9738e-11,0,0,0,False,nan|4168,1313884
130_bNAb_Combinations|1313884|cc|6|1|nan|4168,0,-3.46619e-09,0,-2.64674e-09,0,0,0,0,-2.77698e-11,0,-1.86793e-11,0,0,0,False,nan|4168,1313884
130_bNAb_Combinations|1313884|cc|7|1|nan|4168,0,1.75374e-09,0,2.18268e-09,0,0,0,0,4.67191e-11,0,-2.47775e-11,0,0,0,False,nan|4168,1313884
130_bNAb_Combinations|1313884|cc|8|1|nan|4168,0,7.46849e-10,0,1.60141e-09,0,0,0,0,-9.5941e-12,0,2.30065e-11,0,0,0,False,nan|4168,1313884
130_bNAb_Combinations|1313884|sample|10|nan|4168,0,4.97095e-09,0,-6.62263e-09,0,0,0,0,2.99885e-11,0,3.30136e-12,0,0,0,True,PGT121|4168,1313884
130_bNAb_Combinations|1313884|sample|11|nan|4168,0,-4.04695e-10,0,-1.12106e-09,0,0,0,0,-4.07354e-11,0,-4.6807e-12,0,0,0,True,VRC07-523LS|4168,1313884
130_bNAb_Combinations|1313884|sample|12|nan|4168,0,1.27929e-09,0,3.42205e-09,0,0,0,0,-1.45741e-11,0,2.20544e-11,0,0,0,True,VRC07-523LS|4168,1313884
130_bNAb_Combinations|1313884|sample|3|nan|4168,0,-6.61257e-10,0,1.97739e-09,0,0,0,0,-4.72902e-11,0,3.55094e-12,0,0,0,True,PGDM1400|4168,1313884
130_bNAb_Combinations|1313884|sample|4|nan|4168,0,1.6034e-09,0,-1.13098e-08,0,0,0,0,3.42775e-11,0,2.23288e-12,0,0,0,True,PGDM1400|4168,1313884
130_bNAb_Combinations|1313884|sample|5|nan|4168,0,-2.18029e-09,0,9.93854e-10,0,0,0,0,1.17648e-11,0,7.63745e-11,0,0,0,True,PGDM1400|4168,1313884
130_bNAb_Combinations|1313884|sample|6|nan|4168,0,2.32878e-09,0,-4.01106e-09,0,0,0,0,-2.02292e-11,0,-3.85558e-11,0,0,0,True,PGDM1400|4168,1313884
130_bNAb_Combinations|1313884|sample|7|nan|4168,0,-2.59455e-09,0,-1.21922e-09,0,0,0,0,-2.78817e-11,0,2.85163e-11,0,0,0,True,PGT121|4168,1313884
130_bNAb_Combinations|1313884|sample|8|nan|4168,0,-2.38047e-09,0,3.35483e-09,0,0,0,0,-2.23559e-11,0,-6.03064e-11,0,0,0,True,PGT121|4168,1313884
130_bNAb_Combinations|1313884|sample|9|nan|4168,0,-3.75056e-09,0,2.18838e-09,0,0,0,0,2.74207e-11,0,-6.79692e-11,0,0,0,True,PGT121|4168,1313884
130_bNAb_Combinations|1313884|vc|1|2|nan|4168,0,-9.04781e-10,0,2.73386e-09,0,0,0,0,1.88258e-11,0,-2.56559e-11,0,0,0,False,nan|4168,1313884
130_bNAb_Combinations|1313884|vc|2|2|nan|4168,0,-8.0187e-09,0,2.06357e-11,0,0,0,0,-1.84324e-11,0,-3.67795e-12,0,0,0,False,nan|4168,1313884
130_bNAb_Combinations|1313884|vc|3|2|nan|4168,0,-3.04618e-09,0,1.30067e-09,0,0,0,0,1.26033e-11,0,-2.97726e-11,0,0,0,False,nan|4168,1313884
130_bNAb_Combinations|1313884|vc|4|2|nan|4168,0,-1.44014e-09,0,3.34621e-10,0,0,0,0,4.40004e-11,0,1.10258e-11,0,0,0,False,nan|4168,1313884
130_bNAb_Combinations|1313884|vc|5|2|nan|4168,0,2.30191e-09,0,9.72218e-10,0,0,0,0,-5.22418e-11,0,-7.71623e-11,0,0,0,False,nan|4168,1313884
130_bNAb_Combinations|1313884|vc|6|2|nan|4168,0,3.06169e-09,0,-1.01831e-09,0,0,0,0,-2.76579e-12,0,-3.66862e-11,0,0,0,False,nan|4168,1313884
130_bNAb_Combinations|1313884|vc|7|2|nan|4168,0,3.59433e-09,0,5.93088e-10,0,0,0,0,-2.56044e-11,0,1.90203e-11,0,0,0,False,nan|4168,1313884
130_bNAb_Combinations|1313884|vc|8|2|nan|4168,0,-4.81909e-10,0,3.74261e-09,0,0,0,0,3.59002e-12,0,3.54143e-11,0,0,0,False,nan|4168,1313884
130_bNAb_Combinations|1313920|cc|1|1|nan|1798,0,-1.31993e-09,0,2.68038e-09,0,0,0,0,3.46621e-11,0,6.11875e-11,0,0,0,False,nan|1798,1313920
130_bNAb_Combinations|1313920|cc|2|1|nan|1798,0,-2.43955e-09,0,-6.29082e-09,0,0,0,0,3.21752e-11,0,3.28875e-11,0,0,0,False,nan|1798,1313920
130_bNAb_Combinations|1313920|cc|3|1|nan|1798,0,2.8282e-09,0,4.42721e-09,0,0,0,0,-1.75548e-11,0,-4.87921e-11,0,0,0,False,nan|1798,1313920
130_bNAb_Combinations|1313920|cc|4|1|nan|1798,0,5.93826e-10,0,-5.90782e-10,0,0,0,0,2.69456e-11,0,2.89795e-11,0,0,0,False,nan|1798,1313920
130_bNAb_Combinations|1313920|cc|5|1|nan|1798,0,4.4551e-09,0,-3.70184e-10,0,0,0,0,-5.60725e-11,0,4.12266e-11,0,0,0,False,nan|1798,1313920
130_bNAb_Combinations|1313920|cc|6|1|nan|1798,0,4.20552e-09,0,-3.05474e-09,0,0,0,0,7.83285e-12,0,3.923e-11,0,0,0,False,nan|1798,1313920
130_bNAb_Combinations|1313920|cc|7|1|nan|1798,0,-9.57036e-10,0,3.2487e-09,0,0,0,0,1.09388e-11,0,-3.90399e-11,0,0,0,False,nan|1798,1313920
130_bNAb_Combinations|1313920|cc|8|1|nan|1798,0,1.92589e-09,0,-2.02412e-09,0,0,0,0,3.89111e-12,0,-4.98925e-11,0,0,0,False,nan|1798,1313920
130_bNAb_Combinations|1313920|sample|10|nan|1798,0,2.43838e-09,0,-5.29421e-09,0,0,0,0,-3.93889e-11,0,8.26539e-12,0,0,0,True,PGT121|1798,1313920
130_bNAb_Combinations|1313920|sample|11|nan|1798,0,-8.0049e-09,0,7.1153e-10,0,0,0,0,-3.40101e-11,0,4.722e-11,0,0,0,True,VRC07-523LS|1798,1313920
130_bNAb_Combinations|1313920|sample|12|nan|1798,0,-1.57106e-09,0,-1.5414e-09,0,0,0,0,-1.65725e-11,0,-2.82325e-11,0,0,0,True,VRC07-523LS|1798,1313920
130_bNAb_Combinations|1313920|sample|3|nan|1798,0,2.78608e-09,0,1.02639e-10,0,0,0,0,-2.06621e-11,0,-4.34675e-11,0,0,0,True,PGDM1400|1798,1313920
130_bNAb_Combinations|1313920|sample|4|nan|1798,0,-3.05661e-09,0,5.86343e-10,0,0,0,0,-5.73284e-11,0,-2.57927e-11,0,0,0,True,PGDM1400|1798,1313920
130_bNAb_Combinations|1313920|sample|5|nan|1798,0,-1.01118e-09,0,4.72431e-11,0,0,0,0,6.96327e-11,0,-5.36744e-11,0,0,0,True,PGDM1400|1798,1313920
130_bNAb_Combinations|1313920|sample|6|nan|1798,0,2.76365e-09,0,-1.99089e-09,0,0,0,0,1.46079e-11,0,-4.95808e-11,0,0,0,True,PGDM1400|1798,1313920
130_bNAb_Combinations|1313920|sample|7|nan|1798,0,-7.76921e-09,0,3.78262e-09,0,0,0,0,-1.00915e-11,0,-6.32205e-11,0,0,0,True,PGT121|1798,1313920
130_bNAb_Combinations|1313920|sample|8|nan|1798,0,-5.93396e-10,0,-8.63024e-09,0,0,0,0,7.56195e-12,0,-2.08211e-11,0,0,0,True,PGT121|1798,1313920
130_bNAb_Combinations|1313920|sample|9|nan|1798,0,4.93473e-09,0,-7.03298e-09,0,0,0,0,-1.53637e-11,0,2.73594e-11,0,0,0,True,PGT121|1798,1313920
130_bNAb_Combinations|1313920|vc|1|2|nan|1798,0,-1.40531e-10,0,-4.8705e-10,0,0,0,0,4.80807e-11,0,4.11573e-11,0,0,0,False,nan|1798,1313920
130_bNAb_Combinations|1313920|vc|2|2|nan|1798,0,1.17311e-09,0,-1.12438e-09,0,0,0,0,1.3709e-11,0,1.41709e-11,0,0,0,False,nan|1798,1313920
130_bNAb_Combinations|1313920|vc|3|2|nan|1798,0,1.82649e-09,0,5.37076e-09,0,0,0,0,-2.31459e-12,0,-2.57634e-11,0,0,0,False,nan|1798,1313920
130_bNAb_Combinations|1313920|vc|4|2|nan|1798,0,2.16997e-09,0,4.43916e-10,0,0,0,0,1.63558e-11,0,-2.62181e-11,0,0,0,False,nan|1798,1313920
130_bNAb_Combinations|1313920|vc|5|2|nan|1798,0,-3.69852e-09,0,-1.53149e-09,0,0,0,0,-3.00311e-11,0,9.56568e-13,0,0,0,False,nan|1798,1313920
130_bNAb_Combinations|1313920|vc|6|2|nan|1798,0,2.15217e-11,0,-1.98833e-09,0,0,0,0,-4.24354e-11,0,-3.54072e-11,0,0,0,False,nan|1798,1313920
130_bNAb_Combinations|1313920|vc|7|2|nan|1798,0,-6.60242e-09,0,-1.42456e-09,0,0,0,0,3.35199e-11,0,8.01581e-12,0,0,0,False,nan|1798,1313920
130_bNAb_Combinations|1313920|vc|8|2|nan|1798,0,-1.52084e-09,0,-2.62607e-09,0,0,0,0,-1.60743e-11,0,-1.62617e-11,0,0,0,False,nan|1798,1313920
130_bNAb_Combinations|1313938|cc|1|1|TRO.11|8301,0,5.24287e-09,0,3.89395e-09,0,0,0,0,-6.34928e-11,0,-9.76996e-15,0,0,0,False,nan|TRO.11,1313938
130_bNAb_Combinations|1313938|cc|2|1|TRO.11|8301,0,-1.11755e-09,0,2.1709e-09,0,0,0,0,-2.94467e-11,0,-7.81952e-12,0,0,0,False,nan|TRO.11,1313938
130_bNAb_Combinations|1313938|cc|3|1|TRO.11|8301,0,-3.35465e-09,0,-1.54773e-10,0,0,0,0,-5.18554e-11,0,-2.86571e-11,0,0,0,False,nan|TRO.11,1313938
130_bNAb_Combinations|1313938|cc|4|1|TRO.11|8301,0,-1.3405e-09,0,1.04062e-09,0,0,0,0,-6.78457e-11,0,1.81428e-11,0,0,0,False,nan|TRO.11,1313938
130_bNAb_Combinations|1313938|cc|5|1|TRO.11|8301,0,1.0677e-09,0,4.25609e-09,0,0,0,0,-2.6132e-11,0,-1.39968e-11,0,0,0,False,nan|TRO.11,1313938
130_bNAb_Combinations|1313938|cc|6|1|TRO.11|8301,0,-2.52245e-09,0,1.86906e-09,0,0,0,0,-6.27263e-11,0,-2.70157e-11,0,0,0,False,nan|TRO.11,1313938
130_bNAb_Combinations|1313938|cc|7|1|TRO.11|8301,0,-1.9606e-09,0,-2.99209e-09,0,0,0,0,4.44969e-11,0,2.04929e-11,0,0,0,False,nan|TRO.11,1313938
130_bNAb_Combinations|1313938|cc|8|1|TRO.11|8301,0,-3.03e-09,0,5.58996e-09,0,0,0,0,5.48144e-11,0,2.00151e-11,0,0,0,False,nan|TRO.11,1313938
130_bNAb_Combinations|1313938|sample|10|TRO.11|8301,0,-2.64264e-09,0,5.32701e-09,0,0,0,0,3.99449e-11,0,3.05356e-12,0,0,0,True,PGT121|TRO.11,1313938
130_bNAb_Combinations|1313938|sample|11|TRO.11|8301,0,6.49863e-09,0,2.68206e-09,0,0,0,0,-2.93934e-11,0,3.21974e-11,0,0,0,True,VRC07-523LS|TRO.11,1313938
130_bNAb_Combinations|1313938|sample|12|TRO.11|8301,0,-1.99453e-09,0,-3.77677e-09,0,0,0,0,1.14087e-11,0,-5.78839e-11,0,0,0,True,VRC07-523LS|TRO.11,1313938
130_bNAb_Combinations|1313938|sample|3|TRO.11|8301,0,-1.90026e-09,0,3.26425e-09,0,0,0,0,-2.96136e-11,0,-2.30855e-11,0,0,0,True,PGDM1400|TRO.11,1313938
130_bNAb_Combinations|1313938|sample|4|TRO.11|8301,0,-1.72101e-09,0,-2.29657e-09,0,0,0,0,2.09113e-11,0,1.93916e-11,0,0,0,True,PGDM1400|TRO.11,1313938
130_bNAb_Combinations|1313938|sample|5|TRO.11|8301,0,4.01496e-09,0,4.11845e-09,0,0,0,0,-1.61133e-11,0,-6.16698e-11,0,0,0,True,PGDM1400|TRO.11,1313938
130_bNAb_Combinations|1313938|sample|6|TRO.11|8301,0,5.24331e-09,0,4.67348e-09,0,0,0,0,4.85016e-11,0,-7.37188e-13,0,0,0,True,PGDM1400|TRO.11,1313938
130_bNAb_Combinations|1313938|sample|7|TRO.11|8301,0,1.67845e-09,0,-7.16989e-09,0,0,0,0,6.49187e-11,0,-2.8642e-11,0,0,0,True,PGT121|TRO.11,1313938
130_bNAb_Combinations|1313938|sample|8|TRO.11|8301,0,-4.6204e-09,0,1.15133e-09,0,0,0,0,2.46434e-11,0,2.76108e-11,0,0,0,True,PGT121|TRO.11,1313938
130_bNAb_Combinations|1313938|sample|9|TRO.11|8301,0,-8.17769e-10,0,4.46792e-09,0,0,0,0,1.85718e-11,0,3.69522e-11,0,0,0,True,PGT121|TRO.11,1313938
130_bNAb_Combinations|1313938|vc|1|2|TRO.11|8301,0,2.23723e-09,0,-6.52071e-10,0,0,0,0,-7.16227e-12,0,3.35989e-11,0,0,0,False,nan|TRO.11,1313938
130_bNAb_Combinations|1313938|vc|2|2|TRO.11|8301,0,4.93034e-09,0,1.39035e-09,0,0,0,0,-1.18647e-11,0,3.79883e-11,0,0,0,False,nan|TRO.11,1313938
130_bNAb_Combinations|1313938|vc|3|2|TRO.11|8301,0,-3.37361e-09,0,-9.06542e-10,0,0,0,0,4.23643e-11,0,2.40901e-11,0,0,0,False,nan|TRO.11,1313938
130_bNAb_Combinations|1313938|vc|4|2|TRO.11|8301,0,3.41747e-10,0,7.78887e-10,0,0,0,0,-2.22449e-11,0,2.16573e-11,0,0,0,False,nan|TRO.11,1313938
130_bNAb_Combinations|1313938|vc|5|2|TRO.11|8301,0,1.65828e-09,0,-6.08177e-11,0,0,0,0,-1.05205e-12,0,2.69109e-11,0,0,0,False,nan|TRO.11,1313938
130_bNAb_Combinations|1313938|vc|6|2|TRO.11|8301,0,-1.79009e-09,0,-4.93337e-10,0,0,0,0,-1.70499e-11,0,5.4448e-11,0,0,0,False,nan|TRO.11,1313938
130_bNAb_Combinations|1313938|vc|7|2|TRO.11|8301,0,2.30651e-09,0,6.25457e-10,0,0,0,0,4.27867e-11,0,-4.76872e-11,0,0,0,False,nan|TRO.11,1313938
130_bNAb_Combinations|1313938|vc|8|2|TRO.11|8301,0,-5.00893e-09,0,-1.82165e-09,0,0,0,0,-3.03921e-11,0,2.05524e-12,0,0,0,False,nan|TRO.11,1313938
130_bNAb_Combinations|1313956|cc|1|1|Ce1176_A3|7023,0,-2.2196e-09,0,7.92384e-10,0,0,0,0,-2.52358e-11,0,-2.247e-11,0,0,0,False,nan|Ce1176_A3,1313956
130_bNAb_Combinations|1313956|cc|2|1|Ce1176_A3|7023,0,5.94699e-09,0,-2.36581e-09,0,0,0,0,5.16929e-11,0,-4.37028e-12,0,0,0,False,nan|Ce1176_A3,1313956
130_bNAb_Combinations|1313956|cc|3|1|Ce1176_A3|7023,0,3.3576e-09,0,2.55292e-09,0,0,0,0,-7.20766e-11,0,8.40639e-12,0,0,0,False,nan|Ce1176_A3,1313956
130_bNAb_Combinations|1313956|cc|4|1|Ce1176_A3|7023,0,1.126e-09,0,2.56515e-09,0,0,0,0,-2.13758e-11,0,2.07159e-11,0,0,0,False,nan|Ce1176_A3,1313956
130_bNAb_Combinations|1313956|cc|5|1|Ce1176_A3|7023,0,-1.59498e-09,0,2.52755e-09,0,0,0,0,-1.58908e-11,0,-1.90483e-11,0,0,0,False,nan|Ce1176_A3,1313956
130_bNAb_Combinations|1313956|cc|6|1|Ce1176_A3|7023,0,3.1011e-09,0,-3.31227e-09,0,0,0,0,1.41709e-11,0,1.94391e-11,0,0,0,False,nan|Ce1176_A3,1313956
130_bNAb_Combinations|1313956|cc|7|1|Ce1176_A3|7023,0,-5.19851e-10,0,1.33205e-09,0,0,0,0,-6.08358e-12,0,3.18767e-11,0,0,0,False,nan|Ce1176_A3,1313956
130_bNAb_Combinations|1313956|cc|8|1|Ce1176_A3|7023,0,3.67714e-09,0,1.69885e-09,0,0,0,0,-2.65405e-11,0,-2.63394e-11,0,0,0,False,nan|Ce1176_A3,1313956
130_bNAb_Combinations|1313956|sample|10|Ce1176_A3|7023,0,2.96117e-09,0,4.07023e-09,0,0,0,0,-2.54499e-11,0,1.95426e-11,0,0,0,True,PGT121|Ce1176_A3,1313956
130_bNAb_Combinations|1313956|sample|11|Ce1176_A3|7023,0,2.41811e-09,0,-1.55164e-09,0,0,0,0,3.26379e-11,0,-5.44276e-12,0,0,0,True,VRC07-523LS|Ce1176_A3,1313956
130_bNAb_Combinations|1313956|sample|12|Ce1176_A3|7023,0,1.68227e-09,0,1.73202e-09,0,0,0,0,-1.90923e-11,0,1.1191e-11,0,0,0,True,VRC07-523LS|Ce1176_A3,1313956
130_bNAb_Combinations|1313956|sample|3|Ce1176_A3|7023,0,5.5185e-09,0,-1.09255e-09,0,0,0,0,-3.51223e-11,0,1.91367e-11,0,0,0,True,PGDM1400|Ce1176_A3,1313956
130_bNAb_Combinations|1313956|sample|4|Ce1176_A3|7023,0,4.64797e-09,0,1.86962e-09,0,0,0,0,4.77618e-12,0,-2.11093e-11,0,0,0,True,PGDM1400|Ce1176_A3,1313956
130_bNAb_Combinations|1313956|sample|5|Ce1176_A3|7023,0,-9.37196e-10,0,2.13366e-11,0,0,0,0,4.506e-11,0,-6.79456e-11,0,0,0,True,PGDM1400|Ce1176_A3,1313956
130_bNAb_Combinations|1313956|sample|6|Ce1176_A3|7023,0,-8.03055e-10,0,-6.60366e-09,0,0,0,0,-5.6235e-12,0,3.77822e-11,0,0,0,True,PGDM1400|Ce1176_A3,1313956
130_bNAb_Combinations|1313956|sample|7|Ce1176_A3|7023,0,4.07266e-09,0,2.14243e-09,0,0,0,0,8.63398e-12,0,-2.66938e-11,0,0,0,True,PGT121|Ce1176_A3,1313956
130_bNAb_Combinations|1313956|sample|8|Ce1176_A3|7023,0,5.12853e-09,0,-2.1644e-09,0,0,0,0,4.90932e-11,0,3.37104e-11,0,0,0,True,PGT121|Ce1176_A3,1313956
130_bNAb_Combinations|1313956|sample|9|Ce1176_A3|7023,0,2.62772e-09,0,1.43881e-09,0,0,0,0,7.51434e-11,0,-3.53308e-11,0,0,0,True,PGT121|Ce1176_A3,1313956
130_bNAb_Combinations|1313956|vc|1|2|Ce1176_A3|7023,0,-1.13166e-09,0,-4.06758e-10,0,0,0,0,7.61329e-11,0,-1.24084e-10,0,0,0,False,nan|Ce1176_A3,1313956
130_bNAb_Combinations|1313956|vc|2|2|Ce1176_A3|7023,0,-2.66832e-10,0,-5.41846e-09,0,0,0,0,-1.85807e-11,0,-1.38112e-12,0,0,0,False,nan|Ce1176_A3,1313956
130_bNAb_Combinations|1313956|vc|3|2|Ce1176_A3|7023,0,-5.322e-09,0,-3.95461e-09,0,0,0,0,-6.4837e-12,0,2.58074e-11,0,0,0,False,nan|Ce1176_A3,1313956
130_bNAb_Combinations|1313956|vc|4|2|Ce1176_A3|7023,0,-5.65439e-10,0,1.33399e-09,0,0,0,0,4.87876e-12,0,-1.92482e-11,0,0,0,False,nan|Ce1176_A3,1313956
130_bNAb_Combinations|1313956|vc|5|2|Ce1176_A3|7023,0,-9.18497e-10,0,5.11507e-09,0,0,0,0,-9.29479e-13,0,-2.91811e-11,0,0,0,False,nan|Ce1176_A3,1313956
130_bNAb_Combinations|1313956|vc|6|2|Ce1176_A3|7023,0,3.95956e-10,0,-6.48354e-09,0,0,0,0,1.23426e-11,0,-4.30986e-11,0,0,0,False,nan|Ce1176_A3,1313956
130_bNAb_Combinations|1313956|vc|7|2|Ce1176_A3|7023,0,3.68777e-09,0,2.66484e-09,0,0,0,0,4.6164e-11,0,-1.76086e-11,0,0,0,False,nan|Ce1176_A3,1313956
130_bNAb_Combinations|1313956|vc|8|2|Ce1176_A3|7023,0,-7.6898e-10,0,2.96833e-09,0,0,0,0,-1.50111e-11,0,-1.80411e-11,0,0,0,False,nan|Ce1176_A3,1313956
130_bNAb_Combinations|1313974|cc|1|1|nan|1176,0,1.48544e-09,0,1.82449e-10,0,0,0,0,-5.39906e-11,0,9.89608e-12,0,0,0,False,nan|1176,1313974
130_bNAb_Combinations|1313974|cc|2|1|nan|1176,0,-3.58322e-09,0,-2.83848e-09,0,0,0,0,4.55156e-11,0,1.88622e-11,0,0,0,False,nan|1176,1313974
130_bNAb_Combinations|1313974|cc|3|1|nan|1176,0,-9.32283e-10,0,-2.0025e-09,0,0,0,0,-3.23208e-11,0,2.63451e-11,0,0,0,False,nan|1176,1313974
130_bNAb_Combinations|1313974|cc|4|1|nan|1176,0,-3.92913e-09,0,1.64828e-09,0,0,0,0,3.82556e-11,0,-9.10738e-12,0,0,0,False,nan|1176,1313974
130_bNAb_Combinations|1313974|cc|5|1|nan|1176,0,-7.17235e-10,0,-7.46311e-10,0,0,0,0,1.32054e-11,0,3.05507e-11,0,0,0,False,nan|1176,1313974
130_bNAb_Combinations|1313974|cc|6|1|nan|1176,0,-1.44413e-09,0,-4.63996e-09,0,0,0,0,1.166e-11,0,-3.61089e-11,0,0,0,False,nan|1176,1313974
130_bNAb_Combinations|1313974|cc|7|1|nan|1176,0,1.20806e-09,0,1.37163e-09,0,0,0,0,-6.26068e-11,0,6.65441e-11,0,0,0,False,nan|1176,1313974
130_bNAb_Combinations|1313974|cc|8|1|nan|1176,0,7.72964e-09,0,5.39381e-09,0,0,0,0,5.81544e-11,0,4.84714e-11,0,0,0,False,nan|1176,1313974
130_bNAb_Combinations|1313974|sample|10|nan|1176,0,-4.90526e-10,0,2.58443e-09,0,0,0,0,-1.9615e-11,0,-1.66089e-11,0,0,0,True,PGT121|1176,1313974
130_bNAb_Combinations|1313974|sample|11|nan|1176,0,-1.82624e-09,0,4.41137e-09,0,0,0,0,-3.9158e-11,0,-3.57594e-11,0,0,0,True,VRC07-523LS|1176,1313974
130_bNAb_Combinations|1313974|sample|12|nan|1176,0,-2.75727e-09,0,-4.05108e-10,0,0,0,0,4.12763e-11,0,1.01528e-11,0,0,0,True,VRC07-523LS|1176,1313974
130_bNAb_Combinations|1313974|sample|3|nan|1176,0,-3.25939e-09,0,4.02764e-09,0,0,0,0,-1.05018e-11,0,-2.30624e-11,0,0,0,True,PGDM1400|1176,1313974
130_bNAb_Combinations|1313974|sample|4|nan|1176,0,-1.42193e-09,0,8.46657e-10,0,0,0,0,-2.09166e-12,0,-4.61773e-11,0,0,0,True,PGDM1400|1176,1313974
130_bNAb_Combinations|1313974|sample|5|nan|1176,0,-7.87455e-09,0,-2.26256e-09,0,0,0,0,-2.80274e-11,0,1.51248e-11,0,0,0,True,PGDM1400|1176,1313974
130_bNAb_Combinations|1313974|sample|6|nan|1176,0,9.87821e-10,0,-9.39095e-10,0,0,0,0,1.47526e-12,0,-3.47189e-11,0,0,0,True,PGDM1400|1176,1313974
130_bNAb_Combinations|1313974|sample|7|nan|1176,0,5.70848e-10,0,-1.17082e-09,0,0,0,0,9.61053e-12,0,-5.69278e-11,0,0,0,True,PGT121|1176,1313974
130_bNAb_Combinations|1313974|sample|8|nan|1176,0,4.5071e-09,0,2.20647e-09,0,0,0,0,-8.67177e-11,0,-3.89795e-11,0,0,0,True,PGT121|1176,1313974
130_bNAb_Combinations|1313974|sample|9|nan|1176,0,-4.74677e-09,0,2.66036e-09,0,0,0,0,-2.57123e-11,0,-4.99156e-12,0,0,0,True,PGT121|1176,1313974
130_bNAb_Combinations|1313974|vc|1|2|nan|1176,0,-3.51762e-10,0,2.3202e-09,0,0,0,0,-6.92211e-11,0,1.43867e-11,0,0,0,False,nan|1176,1313974
130_bNAb_Combinations|1313974|vc|2|2|nan|1176,0,2.40884e-09,0,2.1674e-09,0,0,0,0,3.43281e-11,0,-3.57314e-11,0,0,0,False,nan|1176,1313974
130_bNAb_Combinations|1313974|vc|3|2|nan|1176,0,1.22635e-09,0,1.29976e-09,0,0,0,0,-9.61498e-11,0,-1.36557e-11,0,0,0,False,nan|1176,1313974
130_bNAb_Combinations|1313974|vc|4|2|nan|1176,0,-1.02901e-09,0,3.02073e-09,0,0,0,0,1.23039e-11,0,3.38911e-11,0,0,0,False,nan|1176,1313974
130_bNAb_Combinations|1313974|vc|5|2|nan|1176,0,-5.89253e-10,0,-5.08849e-10,0,0,0,0,-4.07674e-11,0,2.16414e-11,0,0,0,False,nan|1176,1313974
130_bNAb_Combinations|1313974|vc|6|2|nan|1176,0,-6.38069e-09,0,-4.53871e-10,0,0,0,0,-1.2772e-12,0,3.8014e-11,0,0,0,False,nan|1176,1313974
130_bNAb_Combinations|1313974|vc|7|2|nan|1176,0,-1.71728e-09,0,-7.5273e-09,0,0,0,0,4.16822e-11,0,1.19034e-11,0,0,0,False,nan|1176,1313974
130_bNAb_Combinations|1313974|vc|8|2|nan|1176,0,-8.79914e-09,0,7.56025e-09,0,0,0,0,3.40439e-12,0,-3.6577e-11,0,0,0,False,nan|1176,1313974
130_bNAb_Combinations|1313992|cc|1|1|RHPA4259.7|5371,0,-2.55765e-09,0,-9.02097e-10,0,0,0,0,-4.50937e-11,0,1.82609e-11,0,0,0,False,nan|RHPA4259.7,1313992
130_bNAb_Combinations|1313992|cc|2|1|RHPA4259.7|5371,0,2.93737e-09,0,-5.22435e-10,0,0,0,0,-7.66915e-11,0,-9.54437e-12,0,0,0,False,nan|RHPA4259.7,1313992
130_bNAb_Combinations|1313992|cc|3|1|RHPA4259.7|5371,0,-5.3975e-09,0,2.40478e-10,0,0,0,0,6.40847e-11,0,1.4909e-11,0,0,0,False,nan|RHPA4259.7,1313992
130_bNAb_Combinations|1313992|cc|4|1|RHPA4259.7|5371,0,4.20006e-10,0,1.30887e-09,0,0,0,0,2.26841e-11,0,-3.87823e-11,0,0,0,False,nan|RHPA4259.7,1313992
130_bNAb_Combinations|1313992|cc|5|1|RHPA4259.7|5371,0,4.41696e-09,0,-5.28082e-09,0,0,0,0,2.27613e-11,0,-1.23546e-11,0,0,0,False,nan|RHPA4259.7,1313992
130_bNAb_Combinations|1313992|cc|6|1|RHPA4259.7|5371,0,-4.69283e-09,0,1.001e-09,0,0,0,0,-2.13047e-11,0,2.75042e-11,0,0,0,False,nan|RHPA4259.7,1313992
130_bNAb_Combinations|1313992|cc|7|1|RHPA4259.7|5371,0,2.39311e-09,0,3.98985e-09,0,0,0,0,2.12692e-11,0,2.38547e-11,0,0,0,False,nan|RHPA4259.7,1313992
130_bNAb_Combinations|1313992|cc|8|1|RHPA4259.7|5371,0,3.9499e-09,0,2.15204e-09,0,0,0,0,-2.43574e-11,0,-3.57776e-11,0,0,0,False,nan|RHPA4259.7,1313992
130_bNAb_Combinations|1313992|sample|10|RHPA4259.7|5371,0,6.05149e-09,0,-3.73781e-10,0,0,0,0,1.00133e-11,0,-2.48237e-11,0,0,0,True,PGT121|RHPA4259.7,1313992
130_bNAb_Combinations|1313992|sample|11|RHPA4259.7|5371,0,-9.68664e-10,0,1.17218e-09,0,0,0,0,2.81712e-11,0,2.32871e-11,0,0,0,True,VRC07-523LS|RHPA4259.7,1313992
130_bNAb_Combinations|1313992|sample|12|RHPA4259.7|5371,0,-4.92471e-09,0,-1.93424e-09,0,0,0,0,-5.32889e-11,0,9.03722e-12,0,0,0,True,VRC07-523LS|RHPA4259.7,1313992
130_bNAb_Combinations|1313992|sample|3|RHPA4259.7|5371,0,2.39275e-10,0,1.70162e-09,0,0,0,0,-1.11253e-11,0,-6.17142e-11,0,0,0,True,PGDM1400|RHPA4259.7,1313992
130_bNAb_Combinations|1313992|sample|4|RHPA4259.7|5371,0,2.60487e-09,0,5.61219e-09,0,0,0,0,-5.3797e-11,0,-4.91163e-13,0,0,0,True,PGDM1400|RHPA4259.7,1313992
130_bNAb_Combinations|1313992|sample|5|RHPA4259.7|5371,0,2.01758e-09,0,-5.25641e-09,0,0,0,0,2.59348e-13,0,5.27756e-11,0,0,0,True,PGDM1400|RHPA4259.7,1313992
130_bNAb_Combinations|1313992|sample|6|RHPA4259.7|5371,0,-2.18193e-09,0,8.12297e-10,0,0,0,0,3.7617e-11,0,2.76668e-12,0,0,0,True,PGDM1400|RHPA4259.7,1313992
130_bNAb_Combinations|1313992|sample|7|RHPA4259.7|5371,0,-7.22224e-09,0,-3.84642e-09,0,0,0,0,-2.42935e-11,0,-2.10654e-11,0,0,0,True,PGT121|RHPA4259.7,1313992
130_bNAb_Combinations|1313992|sample|8|RHPA4259.7|5371,0,-2.75604e-09,0,5.11657e-10,0,0,0,0,8.85692e-12,0,-2.50782e-11,0,0,0,True,PGT121|RHPA4259.7,1313992
130_bNAb_Combinations|1313992|sample|9|RHPA4259.7|5371,0,4.21355e-09,0,2.2505e-09,0,0,0,0,1.42171e-11,0,2.59144e-11,0,0,0,True,PGT121|RHPA4259.7,1313992
130_bNAb_Combinations|1313992|vc|1|2|RHPA4259.7|5371,0,6.02791e-09,0,3.60283e-09,0,0,0,0,-4.4369e-11,0,-1.23723e-11,0,0,0,False,nan|RHPA4259.7,1313992
130_bNAb_Combinations|1313992|vc|2|2|RHPA4259.7|5371,0,-1.31375e-09,0,1.48374e-09,0,0,0,0,-3.97282e-12,0,-1.68248e-11,0,0,0,False,nan|RHPA4259.7,1313992
130_bNAb_Combinations|1313992|vc|3|2|RHPA4259.7|5371,0,-4.41623e-09,0,-1.20425e-09,0,0,0,0,5.52252e-11,0,-2.86056e-11,0,0,0,False,nan|RHPA4259.7,1313992
130_bNAb_Combinations|1313992|vc|4|2|RHPA4259.7|5371,0,-4.32911e-09,0,-1.74542e-09,0,0,0,0,1.37055e-11,0,3.88329e-11,0,0,0,False,nan|RHPA4259.7,1313992
130_bNAb_Combinations|1313992|vc|5|2|RHPA4259.7|5371,0,3.24719e-09,0,-5.59024e-09,0,0,0,0,2.82627e-11,0,3.46176e-11,0,0,0,False,nan|RHPA4259.7,1313992
130_bNAb_Combinations|1313992|vc|6|2|RHPA4259.7|5371,0,-4.69049e-10,0,3.86474e-09,0,0,0,0,-2.3852e-11,0,-2.71578e-11,0,0,0,False,nan|RHPA4259.7,1313992
130_bNAb_Combinations|1313992|vc|7|2|RHPA4259.7|5371,0,-1.52505e-09,0,9.86107e-10,0,0,0,0,-4.70113e-12,0,-4.47393e-11,0,0,0,False,nan|RHPA4259.7,1313992
130_bNAb_Combinations|1313992|vc|8|2|RHPA4259.7|5371,0,-1.70087e-09,0,-3.09002e-09,0,0,0,0,2.38929e-11,0,-3.01039e-11,0,0,0,False,nan|RHPA4259.7,1313992
130_bNAb_Combinations|1314016|cc|1|1|nan|3430,0,-4.47205e-10,0,2.91786e-09,0,0,0,0,-3.4083e-11,0,1.65237e-11,0,0,0,False,nan|3430,1314016
130_bNAb_Combinations|1314016|cc|2|1|nan|3430,0,-7.31443e-09,0,-3.86493e-09,0,0,0,0,-3.56399e-11,0,-1.37272e-11,0,0,0,False,nan|3430,1314016
130_bNAb_Combinations|1314016|cc|3|1|nan|3430,0,-2.42731e-09,0,6.04798e-09,0,0,0,0,-2.4392e-11,0,8.90221e-12,0,0,0,False,nan|3430,1314016
130_bNAb_Combinations|1314016|cc|4|1|nan|3430,0,4.48482e-09,0,-4.03876e-09,0,0,0,0,-2.77351e-11,0,-1.32427e-12,0,0,0,False,nan|3430,1314016
130_bNAb_Combinations|1314016|cc|5|1|nan|3430,0,-3.22007e-09,0,6.07297e-09,0,0,0,0,-5.57323e-11,0,-3.57603e-11,0,0,0,False,nan|3430,1314016
130_bNAb_Combinations|1314016|cc|6|1|nan|3430,0,-4.32658e-09,0,2.77272e-09,0,0,0,0,5.70299e-12,0,2.39435e-11,0,0,0,False,nan|3430,1314016
130_bNAb_Combinations|1314016|cc|7|1|nan|3430,0,-2.05982e-09,0,2.66875e-09,0,0,0,0,3.77529e-11,0,-1.0183e-11,0,0,0,False,nan|3430,1314016
130_bNAb_Combinations|1314016|cc|8|1|nan|3430,0,3.19456e-09,0,-7.12094e-09,0,0,0,0,6.14362e-11,0,3.33142e-11,0,0,0,False,nan|3430,1314016
130_bNAb_Combinations|1314016|sample|10|nan|3430,0,-3.48125e-09,0,5.73717e-09,0,0,0,0,-5.84435e-11,0,-6.43485e-13,0,0,0,True,PGT121|3430,1314016
130_bNAb_Combinations|1314016|sample|11|nan|3430,0,-2.43239e-09,0,8.23772e-10,0,0,0,0,6.2343e-11,0,-1.88973e-11,0,0,0,True,VRC07-523LS|3430,1314016
130_bNAb_Combinations|1314016|sample|12|nan|3430,0,2.21716e-09,0,-4.57781e-09,0,0,0,0,-2.16618e-11,0,3.63052e-11,0,0,0,True,VRC07-523LS|3430,1314016
130_bNAb_Combinations|1314016|sample|3|nan|3430,0,3.05539e-09,0,-5.03037e-10,0,0,0,0,1.84839e-11,0,-1.35276e-11,0,0,0,True,PGDM1400|3430,1314016
130_bNAb_Combinations|1314016|sample|4|nan|3430,0,-2.47988e-09,0,-2.40361e-09,0,0,0,0,-7.36211e-12,0,-3.18605e-11,0,0,0,True,PGDM1400|3430,1314016
130_bNAb_Combinations|1314016|sample|5|nan|3430,0,8.86594e-10,0,-4.87745e-09,0,0,0,0,-3.76472e-11,0,5.61395e-12,0,0,0,True,PGDM1400|3430,1314016
130_bNAb_Combinations|1314016|sample|6|nan|3430,0,-1.94112e-09,0,-1.12278e-09,0,0,0,0,1.0604e-11,0,2.04847e-11,0,0,0,True,PGDM1400|3430,1314016
130_bNAb_Combinations|1314016|sample|7|nan|3430,0,2.30405e-09,0,-2.78427e-09,0,0,0,0,-3.64384e-11,0,7.77733e-12,0,0,0,True,PGT121|3430,1314016
130_bNAb_Combinations|1314016|sample|8|nan|3430,0,-7.79138e-09,0,-1.86661e-09,0,0,0,0,-3.67306e-11,0,-1.31894e-13,0,0,0,True,PGT121|3430,1314016
130_bNAb_Combinations|1314016|sample|9|nan|3430,0,-1.51208e-09,0,-6.68043e-09,0,0,0,0,2.49649e-11,0,6.19722e-11,0,0,0,True,PGT121|3430,1314016
130_bNAb_Combinations|1314016|vc|1|2|nan|3430,0,-2.59466e-09,0,-2.46472e-09,0,0,0,0,-4.23599e-11,0,-3.50076e-11,0,0,0,False,nan|3430,1314016
130_bNAb_Combinations|1314016|vc|2|2|nan|3430,0,-4.71953e-09,0,6.23277e-10,0,0,0,0,2.30704e-11,0,3.32374e-11,0,0,0,False,nan|3430,1314016
130_bNAb_Combinations|1314016|vc|3|2|nan|3430,0,5.7632e-09,0,8.0192e-10,0,0,0,0,-1.03215e-11,0,-3.98934e-11,0,0,0,False,nan|3430,1314016
130_bNAb_Combinations|1314016|vc|4|2|nan|3430,0,-8.87155e-09,0,2.02752e-09,0,0,0,0,6.44906e-12,0,2.60361e-11,0,0,0,False,nan|3430,1314016
130_bNAb_Combinations|1314016|vc|5|2|nan|3430,0,4.41506e-09,0,-3.83369e-09,0,0,0,0,3.08171e-11,0,3.28964e-11,0,0,0,False,nan|3430,1314016
130_bNAb_Combinations|1314016|vc|6|2|nan|3430,0,-1.58848e-09,0,8.04498e-09,0,0,0,0,1.82885e-11,0,-4.25642e-11,0,0,0,False,nan|3430,1314016
130_bNAb_Combinations|1314016|vc|7|2|nan|3430,0,-3.24859e-10,0,3.79379e-09,0,0,0,0,-2.10596e-11,0,1.67386e-11,0,0,0,False,nan|3430,1314016
130_bNAb_Combinations|1314016|vc|8|2|nan|3430,0,-2.5102e-09,0,1.76429e-11,0,0,0,0,5.40732e-11,0,4.74705e-11,0,0,0,False,nan|3430,1314016
130_bNAb_Combinations|1314040|cc|1|1|nan|4166,0,-8.25049e-09,0,6.48976e-10,0,0,0,0,3.76179e-11,0,-1.68843e-11,0,0,0,False,nan|4166,1314040
130_bNAb_Combinations|1314040|cc|2|1|nan|4166,0,9.18766e-09,0,1.03052e-09,0,0,0,0,-8.01443e-11,0,-4.66844e-11,0,0,0,False,nan|4166,1314040
130_bNAb_Combinations|1314040|cc|3|1|nan|4166,0,1.6502e-09,0,5.42511e-11,0,0,0,0,-7.22311e-12,0,3.06555e-11,0,0,0,False,nan|4166,1314040
130_bNAb_Combinations|1314040|cc|4|1|nan|4166,0,-2.29073e-10,0,-2.29498e-09,0,0,0,0,3.20681e-11,0,3.81739e-12,0,0,0,False,nan|4166,1314040
130_bNAb_Combinations|1314040|cc|5|1|nan|4166,0,9.01345e-10,0,1.07653e-09,0,0,0,0,-1.80123e-12,0,-2.12896e-11,0,0,0,False,nan|4166,1314040
130_bNAb_Combinations|1314040|cc|6|1|nan|4166,0,4.98445e-10,0,2.22632e-10,0,0,0,0,-2.27223e-11,0,-4.16662e-11,0,0,0,False,nan|4166,1314040
130_bNAb_Combinations|1314040|cc|7|1|nan|4166,0,-2.68919e-09,0,-1.10056e-09,0,0,0,0,1.6755e-11,0,1.4083e-11,0,0,0,False,nan|4166,1314040
130_bNAb_Combinations|1314040|cc|8|1|nan|4166,0,7.93825e-09,0,-2.83756e-09,0,0,0,0,-1.93405e-11,0,1.81402e-11,0,0,0,False,nan|4166,1314040
130_bNAb_Combinations|1314040|sample|10|nan|4166,0,-2.05459e-09,0,-3.97572e-09,0,0,0,0,-2.4035e-11,0,-1.42348e-11,0,0,0,True,PGT121|4166,1314040
130_bNAb_Combinations|1314040|sample|11|nan|4166,0,3.22932e-09,0,1.2231e-09,0,0,0,0,-4.82592e-11,0,-2.76845e-12,0,0,0,True,VRC07-523LS|4166,1314040
130_bNAb_Combinations|1314040|sample|12|nan|4166,0,5.07632e-10,0,-4.38628e-09,0,0,0,0,1.13776e-12,0,2.62159e-11,0,0,0,True,VRC07-523LS|4166,1314040
130_bNAb_Combinations|1314040|sample|3|nan|4166,0,4.26302e-09,0,-1.21776e-09,0,0,0,0,-1.54525e-11,0,2.49714e-11,0,0,0,True,PGDM1400|4166,1314040
130_bNAb_Combinations|1314040|sample|4|nan|4166,0,8.81166e-10,0,9.06069e-10,0,0,0,0,-1.24185e-11,0,2.14877e-11,0,0,0,True,PGDM1400|4166,1314040
130_bNAb_Combinations|1314040|sample|5|nan|4166,0,-5.77856e-10,0,4.23957e-10,0,0,0,0,1.96723e-11,0,-3.53038e-11,0,0,0,True,PGDM1400|4166,1314040
130_bNAb_Combinations|1314040|sample|6|nan|4166,0,2.58235e-10,0,3.08982e-10,0,0,0,0,7.09299e-11,0,7.81371e-11,0,0,0,True,PGDM1400|4166,1314040
130_bNAb_Combinations|1314040|sample|7|nan|4166,0,1.70992e-09,0,-1.76344e-09,0,0,0,0,-4.91092e-11,0,-2.14022e-11,0,0,0,True,PGT121|4166,1314040
130_bNAb_Combinations|1314040|sample|8|nan|4166,0,-4.06722e-09,0,5.02737e-09,0,0,0,0,7.25553e-11,0,-1.07177e-10,0,0,0,True,PGT121|4166,1314040
130_bNAb_Combinations|1314040|sample|9|nan|4166,0,-3.06057e-09,0,2.25049e-09,0,0,0,0,7.12941e-12,0,3.18299e-11,0,0,0,True,PGT121|4166,1314040
130_bNAb_Combinations|1314040|vc|1|2|nan|4166,0,-7.80583e-10,0,-5.25011e-10,0,0,0,0,9.75398e-12,0,-3.70957e-11,0,0,0,False,nan|4166,1314040
130_bNAb_Combinations|1314040|vc|2|2|nan|4166,0,6.61686e-09,0,-1.05445e-09,0,0,0,0,4.19496e-11,0,-2.66995e-11,0,0,0,False,nan|4166,1314040
130_bNAb_Combinations|1314040|vc|3|2|nan|4166,0,-1.0622e-09,0,4.32828e-09,0,0,0,0,-4.92935e-11,0,-7.71205e-12,0,0,0,False,nan|4166,1314040
130_bNAb_Combinations|1314040|vc|4|2|nan|4166,0,3.33981e-09,0,-6.42406e-09,0,0,0,0,1.10703e-11,0,-1.54312e-11,0,0,0,False,nan|4166,1314040
130_bNAb_Combinations|1314040|vc|5|2|nan|4166,0,2.54187e-09,0,-1.62775e-09,0,0,0,0,5.91154e-11,0,-1.63896e-11,0,0,0,False,nan|4166,1314040
130_bNAb_Combinations|1314040|vc|6|2|nan|4166,0,-4.31798e-09,0,-5.4337e-09,0,0,0,0,-3.58118e-11,0,-4.27143e-11,0,0,0,False,nan|4166,1314040
130_bNAb_Combinations|1314040|vc|7|2|nan|4166,0,-2.22161e-09,0,-5.87357e-10,0,0,0,0,-4.39391e-11,0,-2.46576e-11,0,0,0,False,nan|4166,1314040
130_bNAb_Combinations|1314040|vc|8|2|nan|4166,0,4.80809e-09,0,-1.77642e-09,0,0,0,0,3.44311e-11,0,1.24309e-11,0,0,0,False,nan|4166,1314040
130_bNAb_Combinations|1314058|cc|1|1|nan|2944,0,2.32405e-09,0,4.97047e-09,0,0,0,0,3.62679e-11,0,-1.9349e-11,0,0,0,False,nan|2944,1314058
130_bNAb_Combinations|1314058|cc|2|1|nan|2944,0,-4.44641e-09,0,2.35793e-09,0,0,0,0,-5.0961e-11,0,-1.68665e-11,0,0,0,False,nan|2944,1314058
130_bNAb_Combinations|1314058|cc|3|1|nan|2944,0,1.63947e-09,0,-5.29223e-09,0,0,0,0,-4.24487e-11,0,-9.66915e-12,0,0,0,False,nan|2944,1314058
130_bNAb_Combinations|1314058|cc|4|1|nan|2944,0,-4.83929e-09,0,-1.5139e-09,0,0,0,0,-2.86713e-11,0,1.48574e-11,0,0,0,False,nan|2944,1314058
130_bNAb_Combinations|1314058|cc|5|1|nan|2944,0,-2.8815e-09,0,-7.44481e-10,0,0,0,0,-2.54738e-11,0,1.4901e-11,0,0,0,False,nan|2944,1314058
130_bNAb_Combinations|1314058|cc|6|1|nan|2944,0,6.0755e-09,0,2.38768e-09,0,0,0,0,3.46434e-11,0,3.28093e-11,0,0,0,False,nan|2944,1314058
130_bNAb_Combinations|1314058|cc|7|1|nan|2944,0,3.81189e-09,0,-3.18915e-09,0,0,0,0,2.09948e-11,0,2.33396e-11,0,0,0,False,nan|2944,1314058
130_bNAb_Combinations|1314058|cc|8|1|nan|2944,0,-2.85702e-09,0,-1.88656e-09,0,0,0,0,1.30846e-11,0,-1.81601e-11,0,0,0,False,nan|2944,1314058
130_bNAb_Combinations|1314058|sample|10|nan|2944,0,-8.44328e-09,0,-4.06604e-09,0,0,0,0,-2.34657e-12,0,-3.96321e-11,0,0,0,True,PGT121|2944,1314058
130_bNAb_Combinations|1314058|sample|11|nan|2944,0,-5.26889e-09,0,-9.99944e-10,0,0,0,0,3.19575e-11,0,-2.36922e-11,0,0,0,True,VRC07-523LS|2944,1314058
130_bNAb_Combinations|1314058|sample|12|nan|2944,0,6.34761e-09,0,-4.49707e-09,0,0,0,0,-2.41034e-11,0,7.63833e-13,0,0,0,True,VRC07-523LS|2944,1314058
130_bNAb_Combinations|1314058|sample|3|nan|2944,0,-1.10692e-09,0,-3.98223e-10,0,0,0,0,-6.88205e-11,0,-3.67902e-11,0,0,0,True,PGDM1400|2944,1314058
130_bNAb_Combinations|1314058|sample|4|nan|2944,0,-4.61788e-09,0,-1.19995e-09,0,0,0,0,-3.24034e-11,0,8.56609e-12,0,0,0,True,PGDM1400|2944,1314058
130_bNAb_Combinations|1314058|sample|5|nan|2944,0,3.34884e-09,0,-2.40102e-09,0,0,0,0,-1.14726e-11,0,-5.46114e-11,0,0,0,True,PGDM1400|2944,1314058
130_bNAb_Combinations|1314058|sample|6|nan|2944,0,-4.05822e-09,0,5.45255e-11,0,0,0,0,-1.51319e-11,0,-1.04264e-11,0,0,0,True,PGDM1400|2944,1314058
130_bNAb_Combinations|1314058|sample|7|nan|2944,0,2.41508e-09,0,-3.1781e-09,0,0,0,0,-3.35243e-11,0,-7.80531e-12,0,0,0,True,PGT121|2944,1314058
130_bNAb_Combinations|1314058|sample|8|nan|2944,0,-2.56213e-09,0,5.65979e-09,0,0,0,0,-2.22418e-11,0,2.33056e-11,0,0,0,True,PGT121|2944,1314058
130_bNAb_Combinations|1314058|sample|9|nan|2944,0,-3.41711e-09,0,-1.8686e-09,0,0,0,0,2.3654e-11,0,3.77069e-11,0,0,0,True,PGT121|2944,1314058
130_bNAb_Combinations|1314058|vc|1|2|nan|2944,0,3.1886e-09,0,-1.94673e-09,0,0,0,0,-5.66036e-12,0,3.14007e-11,0,0,0,False,nan|2944,1314058
130_bNAb_Combinations|1314058|vc|2|2|nan|2944,0,1.131e-10,0,-6.95379e-10,0,0,0,0,1.03091e-11,0,-7.45857e-11,0,0,0,False,nan|2944,1314058
130_bNAb_Combinations|1314058|vc|3|2|nan|2944,0,1.66832e-10,0,1.35353e-09,0,0,0,0,-3.51728e-11,0,-6.92602e-12,0,0,0,False,nan|2944,1314058
130_bNAb_Combinations|1314058|vc|4|2|nan|2944,0,-2.96605e-09,0,-1.19984e-09,0,0,0,0,2.67741e-11,0,2.79989e-11,0,0,0,False,nan|2944,1314058
130_bNAb_Combinations|1314058|vc|5|2|nan|2944,0,-5.58977e-10,0,5.12367e-09,0,0,0,0,-2.38591e-11,0,2.64988e-11,0,0,0,False,nan|2944,1314058
130_bNAb_Combinations|1314058|vc|6|2|nan|2944,0,1.87283e-09,0,5.35939e-10,0,0,0,0,-3.61409e-11,0,1.78519e-11,0,0,0,False,nan|2944,1314058
130_bNAb_Combinations|1314058|vc|7|2|nan|2944,0,5.68446e-09,0,-3.48523e-09,0,0,0,0,1.73136e-10,0,4.68505e-11,0,0,0,False,nan|2944,1314058
130_bNAb_Combinations|1314058|vc|8|2|nan|2944,0,3.17153e-09,0,-2.22833e-09,0,0,0,0,3.43237e-11,0,-3.12461e-12,0,0,0,False,nan|2944,1314058
130_bNAb_Combinations|1342240|cc|1|1|nan|1798,0,1.39818e-09,0,-4.55814e-09,0,0,0,0,2.62244e-11,0,-3.84555e-11,0,0,0,False,nan|1798,1342240
130_bNAb_Combinations|1342240|cc|2|1|nan|1798,0,5.32781e-09,0,2.5406e-09,0,0,0,0,-4.43228e-11,0,-1.946e-12,0,0,0,False,nan|1798,1342240
130_bNAb_Combinations|1342240|cc|3|1|nan|1798,0,2.92369e-09,0,3.71855e-09,0,0,0,0,8.20055e-12,0,-2.34728e-11,0,0,0,False,nan|1798,1342240
130_bNAb_Combinations|1342240|cc|4|1|nan|1798,0,3.70656e-09,0,-3.0728e-10,0,0,0,0,-4.98375e-11,0,-4.90274e-13,0,0,0,False,nan|1798,1342240
130_bNAb_Combinations|1342240|cc|5|1|nan|1798,0,-1.19394e-08,0,-5.66298e-09,0,0,0,0,-4.16787e-11,0,-1.4122e-13,0,0,0,False,nan|1798,1342240
130_bNAb_Combinations|1342240|cc|6|1|nan|1798,0,-9.23572e-10,0,-3.82699e-09,0,0,0,0,-3.17577e-11,0,1.0183e-11,0,0,0,False,nan|1798,1342240
130_bNAb_Combinations|1342240|cc|7|1|nan|1798,0,4.06432e-09,0,-7.34172e-10,0,0,0,0,-3.05471e-11,0,2.52705e-11,0,0,0,False,nan|1798,1342240
130_bNAb_Combinations|1342240|cc|8|1|nan|1798,0,2.63251e-09,0,-1.45339e-09,0,0,0,0,-2.69527e-11,0,-2.18101e-11,0,0,0,False,nan|1798,1342240
130_bNAb_Combinations|1342240|sample|3|nan|1798,0,-4.51678e-09,0,-2.59644e-09,0,0,0,0,-3.48761e-11,0,2.41052e-12,0,0,0,True,VRC07-523LS|1798,1342240
130_bNAb_Combinations|1342240|sample|4|nan|1798,0,3.30185e-09,0,-2.48218e-09,0,0,0,0,7.94591e-11,0,4.07487e-11,0,0,0,True,VRC07-523LS|1798,1342240
130_bNAb_Combinations|1342240|sample|8|nan|1798,0,4.33512e-09,0,-2.48969e-10,0,0,0,0,-4.34586e-11,0,-1.72911e-11,0,0,0,True,VRC07-523LS|1798,1342240
130_bNAb_Combinations|1342240|vc|1|2|nan|1798,0,2.87633e-09,0,-4.63162e-09,0,0,0,0,-5.12195e-11,0,3.31202e-12,0,0,0,False,nan|1798,1342240
130_bNAb_Combinations|1342240|vc|2|2|nan|1798,0,-5.55153e-10,0,-1.00487e-08,0,0,0,0,2.00941e-11,0,1.44142e-11,0,0,0,False,nan|1798,1342240
130_bNAb_Combinations|1342240|vc|3|2|nan|1798,0,1.67053e-09,0,2.47964e-09,0,0,0,0,-1.1025e-11,0,-5.58984e-11,0,0,0,False,nan|1798,1342240
130_bNAb_Combinations|1342240|vc|4|2|nan|1798,0,-3.78337e-09,0,-3.69835e-09,0,0,0,0,-5.65592e-11,0,3.81348e-11,0,0,0,False,nan|1798,1342240
130_bNAb_Combinations|1342240|vc|5|2|nan|1798,0,-1.29085e-09,0,-9.06563e-10,0,0,0,0,3.15952e-11,0,1.67848e-11,0,0,0,False,nan|1798,1342240
130_bNAb_Combinations|1342240|vc|6|2|nan|1798,0,-2.04503e-09,0,-1.81689e-09,0,0,0,0,2.89724e-11,0,2.51772e-11,0,0,0,False,nan|1798,1342240
130_bNAb_Combinations|1342240|vc|7|2|nan|1798,0,3.83472e-09,0,-4.50037e-09,0,0,0,0,6.75904e-12,0,2.93801e-11,0,0,0,False,nan|1798,1342240
130_bNAb_Combinations|1342240|vc|8|2|nan|1798,0,5.65536e-11,0,2.89594e-09,0,0,0,0,2.55271e-11,0,4.30616e-11,0,0,0,False,nan|1798,1342240
130_bNAb_Combinations|1342258|cc|1|1|TRO.11|8301,0,4.31092e-09,0,-2.81609e-09,0,0,0,0,-2.6537e-11,0,-2.38654e-11,0,0,0,False,nan|TRO.11,1342258
130_bNAb_Combinations|1342258|cc|2|1|TRO.11|8301,0,8.84862e-09,0,-2.97935e-09,0,0,0,0,1.03726e-11,0,6.78924e-11,0,0,0,False,nan|TRO.11,1342258
130_bNAb_Combinations|1342258|cc|3|1|TRO.11|8301,0,9.4369e-10,0,1.06277e-09,0,0,0,0,-1.43818e-11,0,2.00027e-11,0,0,0,False,nan|TRO.11,1342258
130_bNAb_Combinations|1342258|cc|4|1|TRO.11|8301,0,4.95568e-09,0,1.1232e-09,0,0,0,0,-2.911e-11,0,-7.37366e-12,0,0,0,False,nan|TRO.11,1342258
130_bNAb_Combinations|1342258|cc|5|1|TRO.11|8301,0,-3.38422e-09,0,2.4578e-10,0,0,0,0,-1.17417e-11,0,2.96456e-11,0,0,0,False,nan|TRO.11,1342258
130_bNAb_Combinations|1342258|cc|6|1|TRO.11|8301,0,1.65471e-09,0,-2.65513e-10,0,0,0,0,-4.2311e-11,0,4.10596e-11,0,0,0,False,nan|TRO.11,1342258
130_bNAb_Combinations|1342258|cc|7|1|TRO.11|8301,0,-2.61535e-09,0,-6.30445e-09,0,0,0,0,-3.72706e-11,0,1.26477e-12,0,0,0,False,nan|TRO.11,1342258
130_bNAb_Combinations|1342258|cc|8|1|TRO.11|8301,0,6.07864e-09,0,6.56812e-09,0,0,0,0,-1.47415e-11,0,1.5862e-11,0,0,0,False,nan|TRO.11,1342258
130_bNAb_Combinations|1342258|sample|3|TRO.11|8301,0,-4.12364e-09,0,3.48615e-09,0,0,0,0,-2.61258e-11,0,4.51945e-11,0,0,0,True,VRC07-523LS|TRO.11,1342258
130_bNAb_Combinations|1342258|sample|4|TRO.11|8301,0,6.18051e-09,0,-5.47386e-09,0,0,0,0,6.91793e-11,0,5.31264e-12,0,0,0,True,VRC07-523LS|TRO.11,1342258
130_bNAb_Combinations|1342258|vc|1|2|TRO.11|8301,0,8.48016e-10,0,-4.64763e-09,0,0,0,0,6.38405e-11,0,1.62936e-11,0,0,0,False,nan|TRO.11,1342258
130_bNAb_Combinations|1342258|vc|2|2|TRO.11|8301,0,1.81561e-09,0,8.95441e-10,0,0,0,0,1.03508e-11,0,-1.50111e-11,0,0,0,False,nan|TRO.11,1342258
130_bNAb_Combinations|1342258|vc|3|2|TRO.11|8301,0,-6.57526e-10,0,-9.74288e-10,0,0,0,0,2.24287e-11,0,-9.27747e-11,0,0,0,False,nan|TRO.11,1342258
130_bNAb_Combinations|1342258|vc|4|2|TRO.11|8301,0,-1.77474e-09,0,3.20985e-09,0,0,0,0,2.22617e-11,0,-5.88685e-12,0,0,0,False,nan|TRO.11,1342258
130_bNAb_Combinations|1342258|vc|5|2|TRO.11|8301,0,-1.44376e-09,0,2.31435e-09,0,0,0,0,-1.70992e-11,0,-2.62981e-11,0,0,0,False,nan|TRO.11,1342258
130_bNAb_Combinations|1342258|vc|6|2|TRO.11|8301,0,-1.78534e-09,0,-4.51193e-10,0,0,0,0,3.87628e-11,0,4.10285e-11,0,0,0,False,nan|TRO.11,1342258
130_bNAb_Combinations|1342258|vc|7|2|TRO.11|8301,0,-8.78035e-09,0,2.89079e-09,0,0,0,0,1.97953e-11,0,8.61622e-12,0,0,0,False,nan|TRO.11,1342258
130_bNAb_Combinations|1342258|vc|8|2|TRO.11|8301,0,4.58691e-09,0,9.64234e-09,0,0,0,0,-1.89386e-11,0,-4.56772e-11,0,0,0,False,nan|TRO.11,1342258
130_bNAb_Combinations|1342276|cc|1|1|Ce1176_A3|7023,0,4.82982e-09,0,1.06369e-09,0,0,0,0,3.51035e-11,0,-4.38014e-11,0,0,0,False,nan|Ce1176_A3,1342276
130_bNAb_Combinations|1342276|cc|2|1|Ce1176_A3|7023,0,3.76556e-09,0,7.51753e-11,0,0,0,0,-3.35239e-11,0,4.40439e-11,0,0,0,False,nan|Ce1176_A3,1342276
130_bNAb_Combinations|1342276|cc|3|1|Ce1176_A3|7023,0,-2.68738e-09,0,-3.32569e-09,0,0,0,0,-2.7955e-11,0,-3.13993e-11,0,0,0,False,nan|Ce1176_A3,1342276
130_bNAb_Combinations|1342276|cc|4|1|Ce1176_A3|7023,0,-2.09428e-11,0,8.03258e-10,0,0,0,0,-7.02247e-11,0,-1.96287e-12,0,0,0,False,nan|Ce1176_A3,1342276
130_bNAb_Combinations|1342276|cc|5|1|Ce1176_A3|7023,0,-2.88032e-09,0,3.35924e-09,0,0,0,0,-3.02709e-11,0,-4.16045e-12,0,0,0,False,nan|Ce1176_A3,1342276
130_bNAb_Combinations|1342276|cc|6|1|Ce1176_A3|7023,0,-4.5592e-09,0,-4.4864e-09,0,0,0,0,4.33165e-12,0,3.1976e-11,0,0,0,False,nan|Ce1176_A3,1342276
130_bNAb_Combinations|1342276|cc|7|1|Ce1176_A3|7023,0,4.08445e-09,0,-6.26823e-10,0,0,0,0,3.9627e-11,0,-2.62252e-11,0,0,0,False,nan|Ce1176_A3,1342276
130_bNAb_Combinations|1342276|cc|8|1|Ce1176_A3|7023,0,-2.69278e-09,0,1.31061e-09,0,0,0,0,-4.45972e-11,0,2.18625e-12,0,0,0,False,nan|Ce1176_A3,1342276
130_bNAb_Combinations|1342276|sample|3|Ce1176_A3|7023,0,2.65512e-09,0,-2.61273e-09,0,0,0,0,2.57963e-11,0,2.13225e-11,0,0,0,True,VRC07-523LS|Ce1176_A3,1342276
130_bNAb_Combinations|1342276|sample|4|Ce1176_A3|7023,0,2.18131e-09,0,6.11756e-10,0,0,0,0,-1.8912e-11,0,6.51745e-12,0,0,0,True,VRC07-523LS|Ce1176_A3,1342276
130_bNAb_Combinations|1342276|vc|1|2|Ce1176_A3|7023,0,-3.38724e-09,0,2.46158e-09,0,0,0,0,2.84217e-11,0,-2.75431e-11,0,0,0,False,nan|Ce1176_A3,1342276
130_bNAb_Combinations|1342276|vc|2|2|Ce1176_A3|7023,0,-5.12303e-10,0,6.4523e-09,0,0,0,0,-5.02443e-12,0,2.4873e-11,0,0,0,False,nan|Ce1176_A3,1342276
130_bNAb_Combinations|1342276|vc|3|2|Ce1176_A3|7023,0,-6.17673e-10,0,-3.5865e-10,0,0,0,0,-5.12923e-12,0,-3.00977e-11,0,0,0,False,nan|Ce1176_A3,1342276
130_bNAb_Combinations|1342276|vc|4|2|Ce1176_A3|7023,0,-6.30471e-10,0,1.20918e-09,0,0,0,0,4.96581e-12,0,-2.55596e-11,0,0,0,False,nan|Ce1176_A3,1342276
130_bNAb_Combinations|1342276|vc|5|2|Ce1176_A3|7023,0,3.2396e-09,0,3.27082e-09,0,0,0,0,-3.15703e-11,0,-2.28999e-11,0,0,0,False,nan|Ce1176_A3,1342276
130_bNAb_Combinations|1342276|vc|6|2|Ce1176_A3|7023,0,-2.49954e-09,0,2.55067e-09,0,0,0,0,1.90443e-11,0,1.84248e-11,0,0,0,False,nan|Ce1176_A3,1342276
130_bNAb_Combinations|1342276|vc|7|2|Ce1176_A3|7023,0,6.29198e-09,0,7.41716e-09,0,0,0,0,-2.75953e-11,0,1.91593e-11,0,0,0,False,nan|Ce1176_A3,1342276
130_bNAb_Combinations|1342276|vc|8|2|Ce1176_A3|7023,0,2.2188e-09,0,-1.77818e-10,0,0,0,0,1.80216e-11,0,-8.83005e-11,0,0,0,False,nan|Ce1176_A3,1342276
130_bNAb_Combinations|1342294|cc|1|1|nan|1176,0,-2.32873e-09,0,-7.89775e-09,0,0,0,0,3.60476e-11,0,1.58842e-11,0,0,0,False,nan|1176,1342294
130_bNAb_Combinations|1342294|cc|2|1|nan|1176,0,2.6906e-09,0,3.38058e-09,0,0,0,0,-4.54428e-11,0,3.91154e-12,0,0,0,False,nan|1176,1342294
130_bNAb_Combinations|1342294|cc|3|1|nan|1176,0,-1.17624e-09,0,-8.38535e-10,0,0,0,0,3.6029e-11,0,1.44347e-11,0,0,0,False,nan|1176,1342294
130_bNAb_Combinations|1342294|cc|4|1|nan|1176,0,-2.01982e-09,0,5.47006e-10,0,0,0,0,4.8912e-11,0,5.12035e-11,0,0,0,False,nan|1176,1342294
130_bNAb_Combinations|1342294|cc|5|1|nan|1176,0,9.63148e-10,0,1.90554e-09,0,0,0,0,-7.8515e-12,0,-1.69305e-11,0,0,0,False,nan|1176,1342294
130_bNAb_Combinations|1342294|cc|6|1|nan|1176,0,-4.74809e-09,0,7.68974e-10,0,0,0,0,3.08287e-11,0,2.0651e-11,0,0,0,False,nan|1176,1342294
130_bNAb_Combinations|1342294|cc|7|1|nan|1176,0,2.42823e-09,0,3.5005e-09,0,0,0,0,-2.48033e-11,0,5.76339e-12,0,0,0,False,nan|1176,1342294
130_bNAb_Combinations|1342294|cc|8|1|nan|1176,0,-2.04533e-09,0,6.02328e-09,0,0,0,0,4.10623e-11,0,3.51434e-11,0,0,0,False,nan|1176,1342294
130_bNAb_Combinations|1342294|sample|3|nan|1176,0,-1.77533e-09,0,3.91821e-09,0,0,0,0,2.98606e-12,0,-1.98535e-11,0,0,0,True,VRC07-523LS|1176,1342294
130_bNAb_Combinations|1342294|sample|4|nan|1176,0,2.98686e-09,0,-2.81329e-09,0,0,0,0,-5.3209e-11,0,3.6934e-11,0,0,0,True,VRC07-523LS|1176,1342294
130_bNAb_Combinations|1342294|sample|8|nan|1176,0,-1.2969e-10,0,7.85907e-10,0,0,0,0,2.99814e-11,0,-4.79603e-11,0,0,0,True,VRC07-523LS|1176,1342294
130_bNAb_Combinations|1342294|vc|1|2|nan|1176,0,-1.97287e-10,0,2.07622e-09,0,0,0,0,-3.16511e-11,0,-2.22435e-11,0,0,0,False,nan|1176,1342294
130_bNAb_Combinations|1342294|vc|2|2|nan|1176,0,-3.71646e-10,0,3.15168e-10,0,0,0,0,3.64206e-11,0,-1.50457e-12,0,0,0,False,nan|1176,1342294
130_bNAb_Combinations|1342294|vc|3|2|nan|1176,0,4.46957e-10,0,4.35394e-10,0,0,0,0,3.04521e-11,0,-2.74269e-12,0,0,0,False,nan|1176,1342294
130_bNAb_Combinations|1342294|vc|4|2|nan|1176,0,-3.90897e-10,0,5.58171e-10,0,0,0,0,-6.99796e-12,0,-3.42668e-11,0,0,0,False,nan|1176,1342294
130_bNAb_Combinations|1342294|vc|5|2|nan|1176,0,-4.13286e-09,0,2.17893e-09,0,0,0,0,4.3693e-11,0,2.39826e-11,0,0,0,False,nan|1176,1342294
130_bNAb_Combinations|1342294|vc|6|2|nan|1176,0,4.8403e-09,0,2.79435e-10,0,0,0,0,2.75424e-11,0,-1.83347e-11,0,0,0,False,nan|1176,1342294
130_bNAb_Combinations|1342294|vc|7|2|nan|1176,0,-2.38372e-09,0,-2.58002e-10,0,0,0,0,4.1962e-11,0,4.46949e-11,0,0,0,False,nan|1176,1342294
130_bNAb_Combinations|1342294|vc|8|2|nan|1176,0,3.05756e-10,0,-7.535e-09,0,0,0,0,1.85372e-11,0,2.57145e-11,0,0,0,False,nan|1176,1342294
130_bNAb_Combinations|1342312|cc|1|1|RHPA4259.7|5371,0,-4.44647e-09,0,-1.09154e-09,0,0,0,0,1.74865e-11,0,-2.25704e-11,0,0,0,False,nan|RHPA4259.7,1342312
130_bNAb_Combinations|1342312|cc|2|1|RHPA4259.7|5371,0,6.87486e-09,0,1.24158e-08,0,0,0,0,-2.75522e-11,0,5.57954e-12,0,0,0,False,nan|RHPA4259.7,1342312
130_bNAb_Combinations|1342312|cc|3|1|RHPA4259.7|5371,0,-9.21636e-10,0,5.34692e-09,0,0,0,0,1.74749e-11,0,-1.91163e-11,0,0,0,False,nan|RHPA4259.7,1342312
130_bNAb_Combinations|1342312|cc|4|1|RHPA4259.7|5371,0,1.5646e-09,0,-2.3017e-09,0,0,0,0,2.62252e-11,0,5.24283e-11,0,0,0,False,nan|RHPA4259.7,1342312
130_bNAb_Combinations|1342312|cc|5|1|RHPA4259.7|5371,0,-6.99072e-09,0,-9.48656e-10,0,0,0,0,-2.29443e-11,0,8.78853e-12,0,0,0,False,nan|RHPA4259.7,1342312
130_bNAb_Combinations|1342312|cc|6|1|RHPA4259.7|5371,0,-1.62939e-09,0,3.7258e-09,0,0,0,0,-2.91163e-11,0,2.80957e-11,0,0,0,False,nan|RHPA4259.7,1342312
130_bNAb_Combinations|1342312|cc|7|1|RHPA4259.7|5371,0,2.86596e-09,0,-1.56784e-09,0,0,0,0,4.11706e-11,0,-8.05578e-12,0,0,0,False,nan|RHPA4259.7,1342312
130_bNAb_Combinations|1342312|cc|8|1|RHPA4259.7|5371,0,5.20428e-09,0,2.72154e-09,0,0,0,0,-6.74483e-11,0,-1.32516e-12,0,0,0,False,nan|RHPA4259.7,1342312
130_bNAb_Combinations|1342312|sample|3|RHPA4259.7|5371,0,2.78705e-09,0,-3.0772e-09,0,0,0,0,2.62963e-11,0,-1.46336e-11,0,0,0,True,VRC07-523LS|RHPA4259.7,1342312
130_bNAb_Combinations|1342312|sample|4|RHPA4259.7|5371,0,6.91262e-09,0,-8.02491e-10,0,0,0,0,3.65397e-11,0,-6.99885e-12,0,0,0,True,VRC07-523LS|RHPA4259.7,1342312
130_bNAb_Combinations|1342312|vc|1|2|RHPA4259.7|5371,0,-2.94276e-09,0,6.15993e-09,0,0,0,0,7.3217e-11,0,3.19949e-11,0,0,0,False,nan|RHPA4259.7,1342312
130_bNAb_Combinations|1342312|vc|2|2|RHPA4259.7|5371,0,-3.63618e-09,0,2.30195e-09,0,0,0,0,-6.21645e-11,0,2.92451e-11,0,0,0,False,nan|RHPA4259.7,1342312
130_bNAb_Combinations|1342312|vc|3|2|RHPA4259.7|5371,0,8.70113e-10,0,2.42992e-09,0,0,0,0,3.664e-11,0,-2.35278e-11,0,0,0,False,nan|RHPA4259.7,1342312
130_bNAb_Combinations|1342312|vc|4|2|RHPA4259.7|5371,0,-2.71463e-09,0,3.41943e-09,0,0,0,0,-7.43112e-11,0,-4.34364e-11,0,0,0,False,nan|RHPA4259.7,1342312
130_bNAb_Combinations|1342312|vc|5|2|RHPA4259.7|5371,0,3.16031e-09,0,-7.61185e-10,0,0,0,0,3.14344e-11,0,-1.79075e-11,0,0,0,False,nan|RHPA4259.7,1342312
130_bNAb_Combinations|1342312|vc|6|2|RHPA4259.7|5371,0,3.0565e-09,0,3.57786e-09,0,0,0,0,-6.70566e-11,0,7.19513e-12,0,0,0,False,nan|RHPA4259.7,1342312
130_bNAb_Combinations|1342312|vc|7|2|RHPA4259.7|5371,0,-1.38937e-09,0,-3.97445e-09,0,0,0,0,-2.78577e-11,0,3.22729e-11,0,0,0,False,nan|RHPA4259.7,1342312
130_bNAb_Combinations|1342312|vc|8|2|RHPA4259.7|5371,0,1.85251e-09,0,2.45607e-09,0,0,0,0,2.94476e-11,0,1.16609e-11,0,0,0,False,nan|RHPA4259.7,1342312
130_bNAb_Combinations|1342336|cc|1|1|nan|3430,0,-1.27105e-10,0,-5.41232e-09,0,0,0,0,-9.03722e-12,0,6.26352e-11,0,0,0,False,nan|3430,1342336
130_bNAb_Combinations|1342336|cc|2|1|nan|3430,0,2.80096e-09,0,6.38338e-10,0,0,0,0,-2.38538e-11,0,-2.93872e-11,0,0,0,False,nan|3430,1342336
130_bNAb_Combinations|1342336|cc|3|1|nan|3430,0,4.31421e-10,0,1.29968e-09,0,0,0,0,-1.26521e-11,0,-2.55334e-11,0,0,0,False,nan|3430,1342336
130_bNAb_Combinations|1342336|cc|4|1|nan|3430,0,-1.89167e-09,0,-1.68175e-09,0,0,0,0,5.54579e-12,0,3.02025e-11,0,0,0,False,nan|3430,1342336
130_bNAb_Combinations|1342336|cc|5|1|nan|3430,0,3.26186e-09,0,-2.38674e-09,0,0,0,0,-5.32019e-13,0,3.51963e-11,0,0,0,False,nan|3430,1342336
130_bNAb_Combinations|1342336|cc|6|1|nan|3430,0,2.60766e-10,0,1.92155e-09,0,0,0,0,-4.64251e-12,0,5.41398e-11,0,0,0,False,nan|3430,1342336
130_bNAb_Combinations|1342336|cc|7|1|nan|3430,0,8.20079e-09,0,-1.34e-09,0,0,0,0,5.49241e-11,0,1.56781e-11,0,0,0,False,nan|3430,1342336
130_bNAb_Combinations|1342336|cc|8|1|nan|3430,0,-4.42216e-09,0,1.96491e-09,0,0,0,0,-5.23137e-13,0,-3.60609e-11,0,0,0,False,nan|3430,1342336
130_bNAb_Combinations|1342336|sample|3|nan|3430,0,2.97466e-09,0,6.12312e-09,0,0,0,0,-2.39808e-12,0,3.83618e-11,0,0,0,True,VRC07-523LS|3430,1342336
130_bNAb_Combinations|1342336|sample|4|nan|3430,0,-3.67791e-10,0,-8.80672e-10,0,0,0,0,1.05622e-11,0,-4.87321e-11,0,0,0,True,VRC07-523LS|3430,1342336
130_bNAb_Combinations|1342336|sample|5|nan|3430,0,1.3917e-09,0,4.91314e-09,0,0,0,0,-9.21574e-12,0,7.12013e-11,0,0,0,True,VRC07-523LS|3430,1342336
130_bNAb_Combinations|1342336|vc|1|2|nan|3430,0,-3.47117e-09,0,5.02257e-09,0,0,0,0,-1.34763e-11,0,-1.97065e-11,0,0,0,False,nan|3430,1342336
130_bNAb_Combinations|1342336|vc|2|2|nan|3430,0,4.77748e-09,0,-9.81997e-10,0,0,0,0,-2.59792e-12,0,1.62039e-11,0,0,0,False,nan|3430,1342336
130_bNAb_Combinations|1342336|vc|3|2|nan|3430,0,4.95404e-10,0,-2.815e-09,0,0,0,0,-4.41212e-11,0,2.10214e-11,0,0,0,False,nan|3430,1342336
130_bNAb_Combinations|1342336|vc|4|2|nan|3430,0,4.6347e-09,0,-1.21796e-09,0,0,0,0,-4.03322e-12,0,2.36788e-11,0,0,0,False,nan|3430,1342336
130_bNAb_Combinations|1342336|vc|5|2|nan|3430,0,2.32236e-09,0,-4.08696e-09,0,0,0,0,1.92211e-11,0,-3.24905e-11,0,0,0,False,nan|3430,1342336
130_bNAb_Combinations|1342336|vc|6|2|nan|3430,0,-7.40693e-09,0,1.33192e-09,0,0,0,0,-3.7228e-11,0,-6.19682e-12,0,0,0,False,nan|3430,1342336
130_bNAb_Combinations|1342336|vc|7|2|nan|3430,0,5.48519e-09,0,-3.40935e-09,0,0,0,0,-1.31547e-10,0,-2.77227e-11,0,0,0,False,nan|3430,1342336
130_bNAb_Combinations|1342336|vc|8|2|nan|3430,0,2.22194e-09,0,5.96518e-09,0,0,0,0,4.02878e-11,0,-2.18114e-11,0,0,0,False,nan|3430,1342336
130_bNAb_Combinations|1342348|cc|1|1|nan|4166,0,3.88151e-09,0,-9.89375e-10,0,0,0,0,-5.52891e-12,0,5.0477e-11,0,0,0,False,nan|4166,1342348
130_bNAb_Combinations|1342348|cc|2|1|nan|4166,0,-4.77781e-09,0,5.76743e-09,0,0,0,0,-5.16476e-12,0,-2.37179e-11,0,0,0,False,nan|4166,1342348
130_bNAb_Combinations|1342348|cc|3|1|nan|4166,0,8.32892e-09,0,2.17086e-09,0,0,0,0,-5.70566e-12,0,-2.97398e-11,0,0,0,False,nan|4166,1342348
130_bNAb_Combinations|1342348|cc|4|1|nan|4166,0,-3.15577e-09,0,-4.02538e-09,0,0,0,0,1.41731e-11,0,1.00178e-11,0,0,0,False,nan|4166,1342348
130_bNAb_Combinations|1342348|cc|5|1|nan|4166,0,-1.28118e-09,0,-8.05958e-09,0,0,0,0,9.10871e-12,0,-2.63745e-11,0,0,0,False,nan|4166,1342348
130_bNAb_Combinations|1342348|cc|6|1|nan|4166,0,-6.0786e-10,0,-2.02637e-09,0,0,0,0,2.35305e-11,0,1.86802e-11,0,0,0,False,nan|4166,1342348
130_bNAb_Combinations|1342348|cc|7|1|nan|4166,0,-3.19975e-09,0,-3.33508e-09,0,0,0,0,-2.3137e-11,0,-5.29354e-12,0,0,0,False,nan|4166,1342348
130_bNAb_Combinations|1342348|cc|8|1|nan|4166,0,6.07685e-09,0,-3.17812e-09,0,0,0,0,3.43432e-11,0,2.36238e-11,0,0,0,False,nan|4166,1342348
130_bNAb_Combinations|1342348|sample|3|nan|4166,0,-3.40603e-10,0,1.00972e-08,0,0,0,0,6.98099e-11,0,-3.40301e-11,0,0,0,True,VRC07-523LS|4166,1342348
130_bNAb_Combinations|1342348|sample|4|nan|4166,0,-9.36737e-10,0,-9.31185e-10,0,0,0,0,-1.90132e-11,0,-6.10334e-11,0,0,0,True,VRC07-523LS|4166,1342348
130_bNAb_Combinations|1342348|vc|1|2|nan|4166,0,3.42434e-09,0,-3.14188e-09,0,0,0,0,1.01941e-10,0,-3.45537e-11,0,0,0,False,nan|4166,1342348
130_bNAb_Combinations|1342348|vc|2|2|nan|4166,0,-7.21197e-09,0,-2.32551e-09,0,0,0,0,1.86913e-11,0,3.49631e-11,0,0,0,False,nan|4166,1342348
130_bNAb_Combinations|1342348|vc|3|2|nan|4166,0,-1.23323e-09,0,6.4084e-09,0,0,0,0,-1.71982e-11,0,4.83524e-11,0,0,0,False,nan|4166,1342348
130_bNAb_Combinations|1342348|vc|4|2|nan|4166,0,8.75041e-10,0,-1.72504e-09,0,0,0,0,1.75442e-11,0,-3.94405e-11,0,0,0,False,nan|4166,1342348
130_bNAb_Combinations|1342348|vc|5|2|nan|4166,0,-1.61026e-09,0,2.43003e-09,0,0,0,0,-3.37139e-11,0,1.05874e-10,0,0,0,False,nan|4166,1342348
130_bNAb_Combinations|1342348|vc|6|2|nan|4166,0,-1.49734e-09,0,6.93696e-09,0,0,0,0,-2.05818e-11,0,1.10996e-11,0,0,0,False,nan|4166,1342348
130_bNAb_Combinations|1342348|vc|7|2|nan|4166,0,-8.07456e-10,0,-1.94939e-09,0,0,0,0,-1.26938e-11,0,-3.78115e-11,0,0,0,False,nan|4166,1342348
130_bNAb_Combinations|1342348|vc|8|2|nan|4166,0,2.35443e-09,0,3.72999e-09,0,0,0,0,2.79341e-11,0,1.65983e-11,0,0,0,False,nan|4166,1342348
130_bNAb_Combinations|1342372|cc|1|1|nan|2944,0,-2.25171e-09,0,-4.34266e-09,0,0,0,0,5.63558e-11,0,5.22071e-12,0,0,0,False,nan|2944,1342372
130_bNAb_Combinations|1342372|cc|2|1|nan|2944,0,-2.46386e-09,0,-2.07607e-09,0,0,0,0,-3.57145e-11,0,-7.2049e-12,0,0,0,False,nan|2944,1342372
130_bNAb_Combinations|1342372|cc|3|1|nan|2944,0,7.4127e-10,0,-1.04549e-09,0,0,0,0,4.50333e-11,0,-3.29967e-11,0,0,0,False,nan|2944,1342372
130_bNAb_Combinations|1342372|cc|4|1|nan|2944,0,-6.00216e-09,0,-8.06554e-10,0,0,0,0,3.82396e-11,0,1.12896e-11,0,0,0,False,nan|2944,1342372
130_bNAb_Combinations|1342372|cc|5|1|nan|2944,0,6.783e-09,0,-1.5467e-09,0,0,0,0,3.50111e-11,0,3.26139e-12,0,0,0,False,nan|2944,1342372
130_bNAb_Combinations|1342372|cc|6|1|nan|2944,0,6.14285e-09,0,3.69883e-09,0,0,0,0,1.135e-11,0,5.37135e-11,0,0,0,False,nan|2944,1342372
130_bNAb_Combinations|1342372|cc|7|1|nan|2944,0,1.9162e-09,0,1.28376e-09,0,0,0,0,2.60245e-11,0,3.11369e-11,0,0,0,False,nan|2944,1342372
130_bNAb_Combinations|1342372|cc|8|1|nan|2944,0,-1.96134e-09,0,1.47657e-09,0,0,0,0,-8.63549e-11,0,-4.83222e-11,0,0,0,False,nan|2944,1342372
130_bNAb_Combinations|1342372|sample|3|nan|2944,0,-4.16192e-10,0,1.17835e-09,0,0,0,0,3.36042e-11,0,-3.22853e-12,0,0,0,True,VRC07-523LS|2944,1342372
130_bNAb_Combinations|1342372|sample|4|nan|2944,0,-4.91114e-09,0,8.1845e-10,0,0,0,0,1.43627e-11,0,3.7331e-11,0,0,0,True,VRC07-523LS|2944,1342372
130_bNAb_Combinations|1342372|vc|1|2|nan|2944,0,5.33187e-09,0,2.04592e-09,0,0,0,0,-3.27782e-11,0,-5.26956e-12,0,0,0,False,nan|2944,1342372
130_bNAb_Combinations|1342372|vc|2|2|nan|2944,0,4.47714e-09,0,-3.14764e-09,0,0,0,0,3.05889e-11,0,5.35927e-12,0,0,0,False,nan|2944,1342372
130_bNAb_Combinations|1342372|vc|3|2|nan|2944,0,6.16803e-09,0,-2.8848e-09,0,0,0,0,-2.43938e-11,0,-8.8729e-12,0,0,0,False,nan|2944,1342372
130_bNAb_Combinations|1342372|vc|4|2|nan|2944,0,4.43457e-09,0,2.86793e-09,0,0,0,0,4.91029e-11,0,2.53975e-11,0,0,0,False,nan|2944,1342372
130_bNAb_Combinations|1342372|vc|5|2|nan|2944,0,5.57904e-10,0,-3.64669e-09,0,0,0,0,-4.26956e-11,0,-4.86411e-12,0,0,0,False,nan|2944,1342372
130_bNAb_Combinations|1342372|vc|6|2|nan|2944,0,-1.73895e-09,0,-2.06518e-10,0,0,0,0,3.24567e-11,0,-2.23253e-11,0,0,0,False,nan|2944,1342372
130_bNAb_Combinations|1342372|vc|7|2|nan|2944,0,-2.87152e-09,0,-2.04519e-09,0,0,0,0,-4.13998e-11,0,-1.10782e-11,0,0,0,False,nan|2944,1342372
130_bNAb_Combinations|1342372|vc|8|2|nan|2944,0,-3.60658e-09,0,-1.81748e-09,0,0,0,0,3.84768e-11,0,4.09184e-12,0,0,0,False,nan|2944,1342372
130_bNAb_Combinations|1342384|cc|1|1|nan|2946,0,-5.23577e-10,0,1.46304e-10,0,0,0,0,2.79377e-11,0,1.33906e-11,0,0,0,False,nan|2946,1342384
130_bNAb_Combinations|1342384|cc|2|1|nan|2946,0,4.26483e-09,0,-2.43587e-09,0,0,0,0,1.71623e-11,0,-4.66915e-11,0,0,0,False,nan|2946,1342384
130_bNAb_Combinations|1342384|cc|3|1|nan|2946,0,4.61942e-09,0,2.18728e-09,0,0,0,0,6.40226e-11,0,6.60179e-11,0,0,0,False,nan|2946,1342384
130_bNAb_Combinations|1342384|cc|4|1|nan|2946,0,-6.94887e-09,0,-6.70661e-09,0,0,0,0,8.44214e-12,0,4.76308e-11,0,0,0,False,nan|2946,1342384
130_bNAb_Combinations|1342384|cc|5|1|nan|2946,0,1.61862e-09,0,-1.87497e-09,0,0,0,0,7.96962e-12,0,2.58482e-11,0,0,0,False,nan|2946,1342384
130_bNAb_Combinations|1342384|cc|6|1|nan|2946,0,2.69687e-09,0,8.28921e-09,0,0,0,0,-4.11049e-12,0,4.89311e-11,0,0,0,False,nan|2946,1342384
130_bNAb_Combinations|1342384|cc|7|1|nan|2946,0,-5.76355e-09,0,2.09987e-09,0,0,0,0,2.60938e-11,0,-2.11413e-11,0,0,0,False,nan|2946,1342384
130_bNAb_Combinations|1342384|cc|8|1|nan|2946,0,-2.02018e-09,0,4.64005e-09,0,0,0,0,4.21343e-11,0,5.143e-12,0,0,0,False,nan|2946,1342384
130_bNAb_Combinations|1342384|sample|3|nan|2946,0,-2.21626e-09,0,-3.45864e-09,0,0,0,0,9.37028e-12,0,-2.88427e-11,0,0,0,True,VRC07-523LS|2946,1342384
130_bNAb_Combinations|1342384|sample|4|nan|2946,0,-3.04373e-09,0,-2.94316e-09,0,0,0,0,3.3288e-11,0,-2.32667e-11,0,0,0,True,VRC07-523LS|2946,1342384
130_bNAb_Combinations|1342384|vc|1|2|nan|2946,0,3.95557e-09,0,-8.32866e-10,0,0,0,0,-8.62324e-11,0,-6.58593e-11,0,0,0,False,nan|2946,1342384
130_bNAb_Combinations|1342384|vc|2|2|nan|2946,0,3.221e-09,0,2.23869e-09,0,0,0,0,-4.97771e-11,0,7.54374e-12,0,0,0,False,nan|2946,1342384
130_bNAb_Combinations|1342384|vc|3|2|nan|2946,0,3.47009e-09,0,-7.95985e-11,0,0,0,0,-4.08713e-11,0,-4.09677e-11,0,0,0,False,nan|2946,1342384
130_bNAb_Combinations|1342384|vc|4|2|nan|2946,0,-5.75082e-09,0,5.53586e-09,0,0,0,0,2.43903e-11,0,-1.14064e-11,0,0,0,False,nan|2946,1342384
130_bNAb_Combinations|1342384|vc|5|2|nan|2946,0,1.92651e-09,0,-4.50661e-09,0,0,0,0,-2.3368e-11,0,2.57603e-11,0,0,0,False,nan|2946,1342384
130_bNAb_Combinations|1342384|vc|6|2|nan|2946,0,1.58784e-09,0,-4.8888e-09,0,0,0,0,8.61871e-11,0,1.12866e-10,0,0,0,False,nan|2946,1342384
130_bNAb_Combinations|1342384|vc|7|2|nan|2946,0,-3.26017e-09,0,-2.59049e-09,0,0,0,0,1.64642e-11,0,4.59588e-11,0,0,0,False,nan|2946,1342384
130_bNAb_Combinations|1342384|vc|8|2|nan|2946,0,2.07581e-09,0,1.19434e-09,0,0,0,0,7.22e-12,0,3.59965e-11,0,0,0,False,nan|2946,1342384
130_bNAb_Combinations|1342396|cc|1|1|PVO.4|5024,0,3.37261e-09,0,5.81079e-09,0,0,0,0,-1.06573e-11,0,-9.93161e-12,0,0,0,False,nan|PVO.4,1342396
130_bNAb_Combinations|1342396|cc|2|1|PVO.4|5024,0,5.47185e-09,0,-1.85044e-09,0,0,0,0,-9.83391e-12,0,-5.56115e-11,0,0,0,False,nan|PVO.4,1342396
130_bNAb_Combinations|1342396|cc|3|1|PVO.4|5024,0,-3.4318e-09,0,-4.44003e-09,0,0,0,0,-2.06235e-11,0,5.31184e-11,0,0,0,False,nan|PVO.4,1342396
130_bNAb_Combinations|1342396|cc|4|1|PVO.4|5024,0,-1.99543e-09,0,7.59682e-10,0,0,0,0,4.75797e-12,0,3.72493e-11,0,0,0,False,nan|PVO.4,1342396
130_bNAb_Combinations|1342396|cc|5|1|PVO.4|5024,0,3.80439e-09,0,1.61023e-10,0,0,0,0,2.82867e-11,0,-1.75211e-11,0,0,0,False,nan|PVO.4,1342396
130_bNAb_Combinations|1342396|cc|6|1|PVO.4|5024,0,2.80706e-09,0,-2.17437e-09,0,0,0,0,4.66187e-11,0,-1.66045e-11,0,0,0,False,nan|PVO.4,1342396
130_bNAb_Combinations|1342396|cc|7|1|PVO.4|5024,0,1.97338e-09,0,-4.04177e-09,0,0,0,0,6.98197e-11,0,-5.45519e-11,0,0,0,False,nan|PVO.4,1342396
130_bNAb_Combinations|1342396|cc|8|1|PVO.4|5024,0,9.29992e-10,0,-6.26463e-09,0,0,0,0,-1.41043e-11,0,2.9595e-11,0,0,0,False,nan|PVO.4,1342396
130_bNAb_Combinations|1342396|sample|3|PVO.4|5024,0,-1.41964e-09,0,1.70063e-09,0,0,0,0,-4.15712e-11,0,5.16227e-11,0,0,0,True,VRC07-523LS|PVO.4,1342396
130_bNAb_Combinations|1342396|sample|4|PVO.4|5024,0,1.05197e-09,0,-5.9924e-09,0,0,0,0,2.11386e-13,0,-4.99307e-11,0,0,0,True,VRC07-523LS|PVO.4,1342396
130_bNAb_Combinations|1342396|vc|1|2|PVO.4|5024,0,3.4291e-09,0,-7.89943e-11,0,0,0,0,2.86251e-11,0,1.38263e-11,0,0,0,False,nan|PVO.4,1342396
130_bNAb_Combinations|1342396|vc|2|2|PVO.4|5024,0,3.11328e-09,0,-6.19016e-09,0,0,0,0,-2.76783e-11,0,-4.6807e-13,0,0,0,False,nan|PVO.4,1342396
130_bNAb_Combinations|1342396|vc|3|2|PVO.4|5024,0,-3.76621e-10,0,1.39573e-09,0,0,0,0,-8.35865e-12,0,-1.93525e-11,0,0,0,False,nan|PVO.4,1342396
130_bNAb_Combinations|1342396|vc|4|2|PVO.4|5024,0,-9.99963e-09,0,3.16073e-09,0,0,0,0,-1.99307e-11,0,3.47988e-11,0,0,0,False,nan|PVO.4,1342396
130_bNAb_Combinations|1342396|vc|5|2|PVO.4|5024,0,-9.04356e-10,0,-3.56316e-09,0,0,0,0,2.71623e-11,0,-2.95879e-11,0,0,0,False,nan|PVO.4,1342396
130_bNAb_Combinations|1342396|vc|6|2|PVO.4|5024,0,-6.25135e-09,0,2.35857e-10,0,0,0,0,1.36184e-11,0,-1.50688e-11,0,0,0,False,nan|PVO.4,1342396
130_bNAb_Combinations|1342396|vc|7|2|PVO.4|5024,0,3.47485e-09,0,-3.26778e-09,0,0,0,0,-2.51106e-11,0,2.29177e-11,0,0,0,False,nan|PVO.4,1342396
130_bNAb_Combinations|1342396|vc|8|2|PVO.4|5024,0,7.10279e-09,0,-1.15255e-09,0,0,0,0,-5.25162e-11,0,-2.23563e-11,0,0,0,False,nan|PVO.4,1342396
130_bNAb_Combinations|1342408|cc|1|1|nan|4168,0,-1.98395e-09,0,3.7554e-09,0,0,0,0,-2.75122e-11,0,-2.98002e-11,0,0,0,False,nan|4168,1342408
130_bNAb_Combinations|1342408|cc|2|1|nan|4168,0,-3.1007e-09,0,2.58658e-09,0,0,0,0,-5.99929e-11,0,-1.50102e-13,0,0,0,False,nan|4168,1342408
130_bNAb_Combinations|1342408|cc|3|1|nan|4168,0,3.69152e-09,0,2.51637e-09,0,0,0,0,-3.94378e-11,0,1.40012e-11,0,0,0,False,nan|4168,1342408
130_bNAb_Combinations|1342408|cc|4|1|nan|4168,0,3.38818e-09,0,-8.55371e-11,0,0,0,0,-2.71747e-11,0,-2.0866e-11,0,0,0,False,nan|4168,1342408
130_bNAb_Combinations|1342408|cc|5|1|nan|4168,0,-5.70781e-09,0,6.39074e-09,0,0,0,0,9.38716e-11,0,-8.34435e-11,0,0,0,False,nan|4168,1342408
130_bNAb_Combinations|1342408|cc|6|1|nan|4168,0,2.43583e-09,0,-4.47136e-09,0,0,0,0,4.69971e-11,0,2.1716e-12,0,0,0,False,nan|4168,1342408
130_bNAb_Combinations|1342408|cc|7|1|nan|4168,0,1.6192e-09,0,-1.26717e-09,0,0,0,0,4.90008e-11,0,2.02034e-11,0,0,0,False,nan|4168,1342408
130_bNAb_Combinations|1342408|cc|8|1|nan|4168,0,1.45552e-09,0,2.7763e-09,0,0,0,0,-4.91935e-11,0,8.80629e-12,0,0,0,False,nan|4168,1342408
130_bNAb_Combinations|1342408|sample|3|nan|4168,0,3.05928e-09,0,-2.02292e-09,0,0,0,0,1.93836e-11,0,1.56088e-11,0,0,0,True,VRC07-523LS|4168,1342408
130_bNAb_Combinations|1342408|sample|4|nan|4168,0,-1.63911e-09,0,-2.75546e-09,0,0,0,0,-3.87335e-12,0,-2.61799e-11,0,0,0,True,VRC07-523LS|4168,1342408
130_bNAb_Combinations|1342408|vc|1|2|nan|4168,0,2.98736e-09,0,-2.80127e-09,0,0,0,0,3.57154e-11,0,-4.1398e-12,0,0,0,False,nan|4168,1342408
130_bNAb_Combinations|1342408|vc|2|2|nan|4168,0,-1.72835e-09,0,-3.99994e-09,0,0,0,0,-4.24816e-11,0,-5.10969e-12,0,0,0,False,nan|4168,1342408
130_bNAb_Combinations|1342408|vc|3|2|nan|4168,0,-2.11593e-09,0,-1.35574e-09,0,0,0,0,-9.45466e-12,0,2.95817e-11,0,0,0,False,nan|4168,1342408
130_bNAb_Combinations|1342408|vc|4|2|nan|4168,0,-3.30393e-09,0,-3.11707e-09,0,0,0,0,4.71125e-11,0,1.17816e-10,0,0,0,False,nan|4168,1342408
130_bNAb_Combinations|1342408|vc|5|2|nan|4168,0,-1.52708e-09,0,-8.64834e-09,0,0,0,0,3.05533e-13,0,3.28209e-11,0,0,0,False,nan|4168,1342408
130_bNAb_Combinations|1342408|vc|6|2|nan|4168,0,2.27187e-09,0,2.43656e-09,0,0,0,0,3.13012e-11,0,3.52944e-11,0,0,0,False,nan|4168,1342408
130_bNAb_Combinations|1342408|vc|7|2|nan|4168,0,-1.44321e-09,0,-7.53454e-11,0,0,0,0,-1.75318e-11,0,3.74181e-11,0,0,0,False,nan|4168,1342408
130_bNAb_Combinations|1342408|vc|8|2|nan|4168,0,5.48834e-10,0,-2.35876e-09,0,0,0,0,1.73053e-11,0,3.28093e-11,0,0,0,False,nan|4168,1342408
704_VRC01_Concordance|1200432|cc|1|1|PVO.4|5024,0,-4.75282e-09,0,-4.47139e-09,0,0,0,0,3.45075e-11,0,-1.98659e-11,0,0,0,False,nan|PVO.4,1200432
704_VRC01_Concordance|1200432|cc|2|1|PVO.4|5024,0,3.69122e-09,0,2.77527e-09,0,0,0,0,3.32747e-11,0,2.61133e-11,0,0,0,False,nan|PVO.4,1200432
704_VRC01_Concordance|1200432|cc|3|1|PVO.4|5024,0,-8.85369e-10,0,-1.37914e-09,0,0,0,0,-3.18723e-11,0,8.36486e-12,0,0,0,False,nan|PVO.4,1200432
704_VRC01_Concordance|1200432|cc|4|1|PVO.4|5024,0,-1.45204e-09,0,2.22052e-09,0,0,0,0,1.61311e-11,0,-1.93596e-11,0,0,0,False,nan|PVO.4,1200432
704_VRC01_Concordance|1200432|cc|5|1|PVO.4|5024,0,5.48771e-09,0,1.27978e-09,0,0,0,0,-3.66471e-11,0,1.41176e-11,0,0,0,False,nan|PVO.4,1200432
704_VRC01_Concordance|1200432|cc|6|1|PVO.4|5024,0,-2.28143e-09,0,4.60561e-09,0,0,0,0,-1.85594e-11,0,9.10472e-12,0,0,0,False,nan|PVO.4,1200432
704_VRC01_Concordance|1200432|cc|7|1|PVO.4|5024,0,6.34494e-10,0,-3.31602e-09,0,0,0,0,-2.80131e-11,0,9.85434e-12,0,0,0,False,nan|PVO.4,1200432
704_VRC01_Concordance|1200432|cc|8|1|PVO.4|5024,0,-2.96535e-09,0,8.87024e-10,0,0,0,0,-5.22657e-11,0,-8.58957e-12,0,0,0,False,nan|PVO.4,1200432
704_VRC01_Concordance|1200432|sample|10|PVO.4|5024,0,4.12298e-09,0,1.144e-09,0,0,0,0,-1.18541e-10,0,7.14717e-12,0,0,0,True,Clinical VRC01|PVO.4,1200432
704_VRC01_Concordance|1200432|sample|11|PVO.4|5024,0,1.42487e-09,0,-1.4663e-09,0,0,0,0,2.15641e-11,0,-3.60467e-11,0,0,0,True,Clinical VRC01|PVO.4,1200432
704_VRC01_Concordance|1200432|sample|12|PVO.4|5024,0,-5.89973e-09,0,4.89168e-09,0,0,0,0,-6.02816e-11,0,3.05009e-11,0,0,0,True,Clinical VRC01|PVO.4,1200432
704_VRC01_Concordance|1200432|sample|3|PVO.4|5024,0,5.80183e-10,0,3.79986e-09,0,0,0,0,3.85647e-11,0,-4.26681e-11,0,0,0,True,Clinical VRC01|PVO.4,1200432
704_VRC01_Concordance|1200432|sample|4|PVO.4|5024,0,2.80484e-09,0,4.27683e-09,0,0,0,0,2.34035e-12,0,-8.15552e-11,0,0,0,True,Clinical VRC01|PVO.4,1200432
704_VRC01_Concordance|1200432|sample|5|PVO.4|5024,0,5.08243e-10,0,-1.29066e-09,0,0,0,0,4.34239e-11,0,3.32543e-11,0,0,0,True,Clinical VRC01|PVO.4,1200432
704_VRC01_Concordance|1200432|sample|6|PVO.4|5024,0,-6.57845e-09,0,2.04285e-09,0,0,0,0,1.27249e-11,0,-1.84874e-11,0,0,0,True,Clinical VRC01|PVO.4,1200432
704_VRC01_Concordance|1200432|sample|7|PVO.4|5024,0,2.77166e-09,0,-6.22871e-09,0,0,0,0,-3.36966e-11,0,-6.83151e-11,0,0,0,True,Clinical VRC01|PVO.4,1200432
704_VRC01_Concordance|1200432|sample|8|PVO.4|5024,0,1.64005e-09,0,-4.13422e-09,0,0,0,0,2.66089e-11,0,-2.27178e-11,0,0,0,True,Clinical VRC01|PVO.4,1200432
704_VRC01_Concordance|1200432|sample|9|PVO.4|5024,0,1.18847e-09,0,2.47958e-09,0,0,0,0,2.92815e-11,0,-1.21156e-11,0,0,0,True,Clinical VRC01|PVO.4,1200432
704_VRC01_Concordance|1200432|vc|1|2|PVO.4|5024,0,-7.56767e-11,0,-6.62312e-09,0,0,0,0,-3.63531e-11,0,3.40314e-11,0,0,0,False,nan|PVO.4,1200432
704_VRC01_Concordance|1200432|vc|2|2|PVO.4|5024,0,1.13883e-09,0,2.46408e-09,0,0,0,0,2.92042e-11,0,-9.94671e-12,0,0,0,False,nan|PVO.4,1200432
704_VRC01_Concordance|1200432|vc|3|2|PVO.4|5024,0,4.22475e-09,0,-2.98984e-10,0,0,0,0,-1.4813e-11,0,1.82858e-11,0,0,0,False,nan|PVO.4,1200432
704_VRC01_Concordance|1200432|vc|4|2|PVO.4|5024,0,3.76162e-09,0,2.3859e-09,0,0,0,0,-3.01359e-12,0,-1.88765e-11,0,0,0,False,nan|PVO.4,1200432
704_VRC01_Concordance|1200432|vc|5|2|PVO.4|5024,0,-1.08948e-09,0,2.84888e-09,0,0,0,0,2.55183e-11,0,1.61409e-11,0,0,0,False,nan|PVO.4,1200432
704_VRC01_Concordance|1200432|vc|6|2|PVO.4|5024,0,6.59134e-09,0,3.58551e-09,0,0,0,0,3.29816e-11,0,-2.72218e-11,0,0,0,False,nan|PVO.4,1200432
704_VRC01_Concordance|1200432|vc|7|2|PVO.4|5024,0,3.79011e-09,0,-5.09219e-09,0,0,0,0,2.92371e-11,0,-8.54161e-12,0,0,0,False,nan|PVO.4,1200432
704_VRC01_Concordance|1200432|vc|8|2|PVO.4|5024,0,-5.17486e-09,0,5.2105e-09,0,0,0,0,-2.359e-12,0,6.98952e-11,0,0,0,False,nan|PVO.4,1200432
