id,eta_U_SAEM,eta_L_SAEM,eta_m_SAEM,eta_e_SAEM,eta_s_SAEM,eta_alpha_SAEM,eta_k_SAEM,eta_U_mode,eta_L_mode,eta_m_mode,eta_e_mode,eta_s_mode,eta_alpha_mode,eta_k_mode,goes_down,mab_virus,run_id
130_bNAb_Combinations|1313842|cc|1|1|nan|2946,0,0.573318,0,0.0416845,-9.81728e-09,0,0,0,4.09856e-07,0,-7.85578e-08,-5.32907e-15,0,0,False,nan|2946,1313842
130_bNAb_Combinations|1313842|cc|2|1|nan|2946,0,1.2709,0,0.453313,-2.2918e-09,0,0,0,-9.89281e-07,0,1.10297e-07,1.77636e-15,0,0,False,nan|2946,1313842
130_bNAb_Combinations|1313842|cc|3|1|nan|2946,0,-0.244817,0,-0.00567908,-4.03716e-09,0,0,0,4.84597e-08,0,-1.66838e-07,1.77636e-15,0,0,False,nan|2946,1313842
130_bNAb_Combinations|1313842|cc|4|1|nan|2946,0,-1.31953,0,-0.0736697,4.04477e-09,0,0,0,7.01786e-08,0,1.42171e-08,-5.32907e-15,0,0,False,nan|2946,1313842
130_bNAb_Combinations|1313842|cc|5|1|nan|2946,0,0.643533,0,-0.031979,1.2349e-09,0,0,0,2.32635e-07,0,1.88517e-08,0,0,0,False,nan|2946,1313842
130_bNAb_Combinations|1313842|cc|6|1|nan|2946,0,0.204714,0,0.0562137,-7.53938e-09,0,0,0,2.36552e-07,0,1.1158e-07,1.77636e-15,0,0,False,nan|2946,1313842
130_bNAb_Combinations|1313842|cc|7|1|nan|2946,0,0.086148,0,0.0621631,-1.32378e-09,0,0,0,-1.50528e-07,0,9.39106e-08,1.77636e-15,0,0,False,nan|2946,1313842
130_bNAb_Combinations|1313842|cc|8|1|nan|2946,0,-0.943112,0,-0.543993,-1.28256e-09,0,0,0,4.81179e-07,0,3.43265e-07,5.32907e-15,0,0,False,nan|2946,1313842
130_bNAb_Combinations|1313842|sample|10|nan|2946,0,-9.96545,0,-2.69457,-6.21941e-09,0,0,0,-5.57746,0,-2.59383,1.42109e-14,0,0,True,PGT121|2946,1313842
130_bNAb_Combinations|1313842|sample|11|nan|2946,0,-12.125,0,-2.58582,-1.37622e-08,0,0,0,-7.90922,0,-2.58865,1.95399e-14,0,0,True,VRC07-523LS|2946,1313842
130_bNAb_Combinations|1313842|sample|12|nan|2946,0,-12.7845,0,-2.42576,1.08308e-08,0,0,0,-6.67188,0,-2.4094,2.13163e-14,0,0,True,VRC07-523LS|2946,1313842
130_bNAb_Combinations|1313842|sample|3|nan|2946,0,-8.96283,0,-3.73352,-5.96851e-10,0,0,0,-2.21012,0,-3.20749,1.77636e-14,0,0,True,PGDM1400|2946,1313842
130_bNAb_Combinations|1313842|sample|4|nan|2946,0,-4.37503,0,-3.405,-8.08853e-09,0,0,0,-2.15735,0,-3.03463,9.23706e-14,0,0,True,PGDM1400|2946,1313842
130_bNAb_Combinations|1313842|sample|5|nan|2946,0,-2.68689,0,-3.1686,3.42746e-09,0,0,0,-2.61293,0,-3.12708,9.59233e-14,0,0,True,PGDM1400|2946,1313842
130_bNAb_Combinations|1313842|sample|6|nan|2946,0,-2.99827,0,-3.95618,-3.3546e-09,0,0,0,-2.91677,0,-3.83696,2.13163e-14,0,0,True,PGDM1400|2946,1313842
130_bNAb_Combinations|1313842|sample|7|nan|2946,0,-10.6393,0,-2.80316,9.60261e-10,0,0,0,-5.25483,0,-2.73654,-2.13163e-14,0,0,True,PGT121|2946,1313842
130_bNAb_Combinations|1313842|sample|8|nan|2946,0,-6.51699,0,-2.70844,6.83296e-10,0,0,0,-4.54962,0,-2.61998,3.55271e-15,0,0,True,PGT121|2946,1313842
130_bNAb_Combinations|1313842|sample|9|nan|2946,0,-9.63762,0,-2.65225,5.10129e-09,0,0,0,-6.08367,0,-2.57962,0,0,0,True,PGT121|2946,1313842
130_bNAb_Combinations|1313842|vc|1|2|nan|2946,0,-0.424407,0,-0.0753789,-9.69571e-10,0,0,0,-3.73678e-07,0,7.66682e-08,-1.77636e-15,0,0,False,nan|2946,1313842
130_bNAb_Combinations|1313842|vc|2|2|nan|2946,0,0.407758,0,0.083778,-4.2609e-09,0,0,0,6.61267e-07,0,-2.78369e-08,-1.77636e-15,0,0,False,nan|2946,1313842
130_bNAb_Combinations|1313842|vc|3|2|nan|2946,0,-0.734418,0,-0.148217,-1.49459e-09,0,0,0,1.95649e-07,0,1.04078e-07,-5.32907e-15,0,0,False,nan|2946,1313842
130_bNAb_Combinations|1313842|vc|4|2|nan|2946,0,1.57051,0,0.237672,6.73147e-09,0,0,0,1.7849e-07,0,1.38415e-07,-3.55271e-15,0,0,False,nan|2946,1313842
130_bNAb_Combinations|1313842|vc|5|2|nan|2946,0,0.102778,0,-0.0474706,6.11939e-11,0,0,0,-5.55152e-07,0,4.43621e-08,0,0,0,False,nan|2946,1313842
130_bNAb_Combinations|1313842|vc|6|2|nan|2946,0,0.260824,0,0.120116,-1.35974e-09,0,0,0,-1.48955e-07,0,2.41996e-07,0,0,0,False,nan|2946,1313842
130_bNAb_Combinations|1313842|vc|7|2|nan|2946,0,-0.322439,0,-0.00951817,8.47198e-09,0,0,0,4.3454e-07,0,-1.45057e-07,1.77636e-15,0,0,False,nan|2946,1313842
130_bNAb_Combinations|1313842|vc|8|2|nan|2946,0,0.473217,0,0.0507343,-4.04413e-09,0,0,0,-3.50489e-07,0,-5.38311e-08,-1.77636e-15,0,0,False,nan|2946,1313842
130_bNAb_Combinations|1313860|cc|1|1|PVO.4|5024,0,0.623442,0,-0.110849,-3.45842e-09,0,0,0,4.14987e-07,0,4.69162e-08,0,0,0,False,nan|PVO.4,1313860
130_bNAb_Combinations|1313860|cc|2|1|PVO.4|5024,0,-0.684117,0,0.0131383,-1.03156e-09,0,0,0,-4.52002e-07,0,4.54061e-08,0,0,0,False,nan|PVO.4,1313860
130_bNAb_Combinations|1313860|cc|3|1|PVO.4|5024,0,-0.60536,0,-0.187311,-1.43342e-10,0,0,0,5.75008e-07,0,-1.81885e-07,1.77636e-15,0,0,False,nan|PVO.4,1313860
130_bNAb_Combinations|1313860|cc|4|1|PVO.4|5024,0,0.142699,0,0.0756334,9.38769e-09,0,0,0,5.11719e-07,0,3.22423e-08,-1.77636e-15,0,0,False,nan|PVO.4,1313860
130_bNAb_Combinations|1313860|cc|5|1|PVO.4|5024,0,-0.134171,0,0.0826339,5.32954e-09,0,0,0,1.63458e-07,0,-5.92538e-08,-1.77636e-15,0,0,False,nan|PVO.4,1313860
130_bNAb_Combinations|1313860|cc|6|1|PVO.4|5024,0,-0.835405,0,-0.154382,7.99945e-12,0,0,0,1.52129e-07,0,9.3209e-08,1.77636e-15,0,0,False,nan|PVO.4,1313860
130_bNAb_Combinations|1313860|cc|7|1|PVO.4|5024,0,0.190645,0,0.0164325,2.17234e-09,0,0,0,-4.57354e-07,0,-7.38007e-08,0,0,0,False,nan|PVO.4,1313860
130_bNAb_Combinations|1313860|cc|8|1|PVO.4|5024,0,0.203928,0,-0.200005,1.10122e-09,0,0,0,-5.32991e-08,0,-2.3607e-08,0,0,0,False,nan|PVO.4,1313860
130_bNAb_Combinations|1313860|sample|10|PVO.4|5024,0,-11.5248,0,-1.95698,5.44179e-09,0,0,0,-7.44006,0,-1.93503,0,0,0,True,PGT121|PVO.4,1313860
130_bNAb_Combinations|1313860|sample|11|PVO.4|5024,0,-11.7674,0,-1.43807,8.47914e-09,0,0,0,-7.63996,0,-1.43964,-1.95399e-14,0,0,True,VRC07-523LS|PVO.4,1313860
130_bNAb_Combinations|1313860|sample|12|PVO.4|5024,0,-10.3028,0,-1.44569,4.47877e-09,0,0,0,-8.2103,0,-1.4075,1.24345e-14,0,0,True,VRC07-523LS|PVO.4,1313860
130_bNAb_Combinations|1313860|sample|3|PVO.4|5024,0,-9.18965,0,-3.80587,6.90776e-09,0,0,0,-4.72314,0,-3.78269,7.10543e-15,0,0,True,PGDM1400|PVO.4,1313860
130_bNAb_Combinations|1313860|sample|4|PVO.4|5024,0,-9.38133,0,-3.7971,-1.34879e-08,0,0,0,-4.36345,0,-3.79181,-3.55271e-15,0,0,True,PGDM1400|PVO.4,1313860
130_bNAb_Combinations|1313860|sample|5|PVO.4|5024,0,-9.95133,0,-3.87718,-2.26709e-09,0,0,0,-5.53069,0,-3.84382,2.4869e-14,0,0,True,PGDM1400|PVO.4,1313860
130_bNAb_Combinations|1313860|sample|6|PVO.4|5024,0,-11.225,0,-3.74625,1.12829e-08,0,0,0,-5.96697,0,-3.69106,1.77636e-14,0,0,True,PGDM1400|PVO.4,1313860
130_bNAb_Combinations|1313860|sample|7|PVO.4|5024,0,-10.3747,0,-1.98464,2.0669e-09,0,0,0,-6.56369,0,-1.96732,1.06581e-14,0,0,True,PGT121|PVO.4,1313860
130_bNAb_Combinations|1313860|sample|8|PVO.4|5024,0,-11.9834,0,-1.97107,-1.19076e-08,0,0,0,-6.50077,0,-1.9523,1.06581e-14,0,0,True,PGT121|PVO.4,1313860
130_bNAb_Combinations|1313860|sample|9|PVO.4|5024,0,-11.0058,0,-1.93113,6.78159e-09,0,0,0,-6.99653,0,-1.90315,-3.55271e-15,0,0,True,PGT121|PVO.4,1313860
130_bNAb_Combinations|1313860|vc|1|2|PVO.4|5024,0,-0.194518,0,0.111733,-7.09524e-10,0,0,0,1.08569e-08,0,-6.99727e-08,-1.77636e-15,0,0,False,nan|PVO.4,1313860
130_bNAb_Combinations|1313860|vc|2|2|PVO.4|5024,0,0.427683,0,-0.0470439,2.43038e-09,0,0,0,-8.16495e-08,0,-1.97194e-07,-3.55271e-15,0,0,False,nan|PVO.4,1313860
130_bNAb_Combinations|1313860|vc|3|2|PVO.4|5024,0,-1.21019,0,0.130452,4.32786e-09,0,0,0,-4.79691e-07,0,6.63544e-08,0,0,0,False,nan|PVO.4,1313860
130_bNAb_Combinations|1313860|vc|4|2|PVO.4|5024,0,-0.0811172,0,-0.0322905,-1.46748e-09,0,0,0,-2.73405e-07,0,-3.44452e-08,0,0,0,False,nan|PVO.4,1313860
130_bNAb_Combinations|1313860|vc|5|2|PVO.4|5024,0,0.758186,0,-0.0111076,1.40135e-09,0,0,0,8.89862e-08,0,1.013e-07,-3.55271e-15,0,0,False,nan|PVO.4,1313860
130_bNAb_Combinations|1313860|vc|6|2|PVO.4|5024,0,0.248169,0,0.00308422,7.65909e-10,0,0,0,-1.66172e-07,0,-3.67992e-07,-3.55271e-15,0,0,False,nan|PVO.4,1313860
130_bNAb_Combinations|1313860|vc|7|2|PVO.4|5024,0,-0.390427,0,0.286178,-1.86774e-10,0,0,0,-3.50267e-08,0,1.2724e-07,3.55271e-15,0,0,False,nan|PVO.4,1313860
130_bNAb_Combinations|1313860|vc|8|2|PVO.4|5024,0,-0.240398,0,-0.0308989,-1.44138e-09,0,0,0,-8.55205e-07,0,2.68701e-07,1.77636e-15,0,0,False,nan|PVO.4,1313860
130_bNAb_Combinations|1313884|cc|1|1|nan|4168,0,0.0349086,0,-0.0746897,9.21874e-09,0,0,0,-8.54831e-07,0,3.0261e-08,7.10543e-15,0,0,False,nan|4168,1313884
130_bNAb_Combinations|1313884|cc|2|1|nan|4168,0,-0.112626,0,-0.0314939,-6.57094e-09,0,0,0,-4.23329e-07,0,9.50689e-08,1.77636e-15,0,0,False,nan|4168,1313884
130_bNAb_Combinations|1313884|cc|3|1|nan|4168,0,0.14645,0,0.0856734,7.3151e-09,0,0,0,-2.83306e-07,0,-8.55603e-08,-1.77636e-15,0,0,False,nan|4168,1313884
130_bNAb_Combinations|1313884|cc|4|1|nan|4168,0,-0.573896,0,0.11621,-3.48579e-09,0,0,0,-2.84142e-07,0,1.84934e-07,-5.32907e-15,0,0,False,nan|4168,1313884
130_bNAb_Combinations|1313884|cc|5|1|nan|4168,0,-0.154883,0,-0.0396623,2.71637e-09,0,0,0,8.0136e-07,0,-1.23128e-07,1.77636e-15,0,0,False,nan|4168,1313884
130_bNAb_Combinations|1313884|cc|6|1|nan|4168,0,-0.0245306,0,-0.324506,-1.70199e-09,0,0,0,-4.09143e-07,0,-4.95571e-08,-1.77636e-15,0,0,False,nan|4168,1313884
130_bNAb_Combinations|1313884|cc|7|1|nan|4168,0,-0.772697,0,0.0174478,-1.88835e-09,0,0,0,-6.322e-07,0,-1.02662e-07,-1.77636e-15,0,0,False,nan|4168,1313884
130_bNAb_Combinations|1313884|cc|8|1|nan|4168,0,0.545515,0,-0.278586,-5.36007e-10,0,0,0,3.74462e-07,0,-3.96802e-07,1.77636e-15,0,0,False,nan|4168,1313884
130_bNAb_Combinations|1313884|sample|10|nan|4168,0,-2.42055,0,-2.92314,1.44209e-09,0,0,0,-2.54398,0,-3.09743,-2.41585e-13,0,0,True,PGT121|4168,1313884
130_bNAb_Combinations|1313884|sample|11|nan|4168,0,-4.54571,0,-1.42572,-5.27094e-09,0,0,0,-4.629,0,-1.46097,5.32907e-14,0,0,True,VRC07-523LS|4168,1313884
130_bNAb_Combinations|1313884|sample|12|nan|4168,0,-4.87536,0,-1.44332,3.81807e-09,0,0,0,-4.82833,0,-1.39947,7.63833e-14,0,0,True,VRC07-523LS|4168,1313884
130_bNAb_Combinations|1313884|sample|3|nan|4168,0,-6.71092,0,-4.32135,3.32331e-09,0,0,0,-1.65709,0,-3.76126,1.15463e-14,0,0,True,PGDM1400|4168,1313884
130_bNAb_Combinations|1313884|sample|4|nan|4168,0,-7.37978,0,-4.37026,8.5269e-09,0,0,0,-1.4648,0,-3.78095,6.21725e-15,0,0,True,PGDM1400|4168,1313884
130_bNAb_Combinations|1313884|sample|5|nan|4168,0,-3.1492,0,-4.12269,-4.04708e-09,0,0,0,-3.35097,0,-4.16972,1.03917e-13,0,0,True,PGDM1400|4168,1313884
130_bNAb_Combinations|1313884|sample|6|nan|4168,0,-3.60972,0,-4.34757,4.35515e-09,0,0,0,-3.31395,0,-4.22128,-7.37188e-14,0,0,True,PGDM1400|4168,1313884
130_bNAb_Combinations|1313884|sample|7|nan|4168,0,-2.1772,0,-3.35933,-1.12063e-08,0,0,0,-2.21247,0,-3.3649,-8.17124e-14,0,0,True,PGT121|4168,1313884
130_bNAb_Combinations|1313884|sample|8|nan|4168,0,-2.32208,0,-3.38786,3.71679e-09,0,0,0,-2.24846,0,-3.28427,-1.88294e-13,0,0,True,PGT121|4168,1313884
130_bNAb_Combinations|1313884|sample|9|nan|4168,0,-2.74938,0,-3.66444,4.13503e-09,0,0,0,-2.62199,0,-3.4988,4.79616e-14,0,0,True,PGT121|4168,1313884
130_bNAb_Combinations|1313884|vc|1|2|nan|4168,0,-1.05196,0,-0.0599875,-6.50875e-09,0,0,0,5.62434e-07,0,1.63683e-07,5.32907e-15,0,0,False,nan|4168,1313884
130_bNAb_Combinations|1313884|vc|2|2|nan|4168,0,0.446205,0,-0.309588,-1.10632e-08,0,0,0,3.56189e-07,0,2.77796e-08,-1.77636e-15,0,0,False,nan|4168,1313884
130_bNAb_Combinations|1313884|vc|3|2|nan|4168,0,-0.775737,0,0.107089,3.42015e-09,0,0,0,-3.31159e-08,0,2.9294e-08,5.32907e-15,0,0,False,nan|4168,1313884
130_bNAb_Combinations|1313884|vc|4|2|nan|4168,0,0.349778,0,-0.0830917,2.07575e-09,0,0,0,-1.58023e-07,0,3.11688e-07,3.55271e-15,0,0,False,nan|4168,1313884
130_bNAb_Combinations|1313884|vc|5|2|nan|4168,0,-0.049286,0,0.23684,-1.02331e-09,0,0,0,5.95301e-07,0,-8.36506e-08,-1.77636e-15,0,0,False,nan|4168,1313884
130_bNAb_Combinations|1313884|vc|6|2|nan|4168,0,-0.398323,0,-0.0380407,-3.38539e-10,0,0,0,3.85639e-07,0,-2.02775e-08,-1.77636e-15,0,0,False,nan|4168,1313884
130_bNAb_Combinations|1313884|vc|7|2|nan|4168,0,-0.313445,0,0.0368241,-3.4029e-09,0,0,0,-1.50264e-07,0,-1.3972e-08,0,0,0,False,nan|4168,1313884
130_bNAb_Combinations|1313884|vc|8|2|nan|4168,0,0.247314,0,0.0151388,-3.22438e-09,0,0,0,-3.95304e-07,0,8.73504e-08,1.77636e-15,0,0,False,nan|4168,1313884
130_bNAb_Combinations|1313920|cc|1|1|nan|1798,0,-0.448069,0,0.1764,-2.06814e-09,0,0,0,-4.31474e-08,0,6.21388e-08,0,0,0,False,nan|1798,1313920
130_bNAb_Combinations|1313920|cc|2|1|nan|1798,0,1.00243,0,-0.0337813,-6.35468e-09,0,0,0,9.1154e-07,0,7.76928e-08,0,0,0,False,nan|1798,1313920
130_bNAb_Combinations|1313920|cc|3|1|nan|1798,0,0.919484,0,-0.119394,2.13091e-09,0,0,0,1.10277e-06,0,-1.70191e-07,-3.55271e-15,0,0,False,nan|1798,1313920
130_bNAb_Combinations|1313920|cc|4|1|nan|1798,0,-0.2332,0,-0.0179162,-1.38024e-10,0,0,0,-6.39994e-07,0,8.11709e-08,3.55271e-15,0,0,False,nan|1798,1313920
130_bNAb_Combinations|1313920|cc|5|1|nan|1798,0,0.264479,0,0.0346409,-8.94573e-10,0,0,0,-3.80363e-07,0,1.37812e-08,0,0,0,False,nan|1798,1313920
130_bNAb_Combinations|1313920|cc|6|1|nan|1798,0,1.43958,0,-0.348686,4.58573e-09,0,0,0,-3.22573e-07,0,7.28199e-08,0,0,0,False,nan|1798,1313920
130_bNAb_Combinations|1313920|cc|7|1|nan|1798,0,-0.00155186,0,0.00561826,6.29594e-09,0,0,0,-0.00159882,0,0.00553874,-8.88001e-12,0,0,False,nan|1798,1313920
130_bNAb_Combinations|1313920|cc|8|1|nan|1798,0,0.221319,0,0.0410808,5.99374e-09,0,0,0,-2.77439e-07,0,9.37327e-08,0,0,0,False,nan|1798,1313920
130_bNAb_Combinations|1313920|sample|10|nan|1798,0,-11.7721,0,-0.986091,-4.26119e-10,0,0,0,-7.27904,0,-0.973942,2.66454e-14,0,0,True,PGT121|1798,1313920
130_bNAb_Combinations|1313920|sample|11|nan|1798,0,-11.1836,0,-2.58108,-1.80899e-09,0,0,0,-6.94707,0,-2.54649,1.77636e-15,0,0,True,VRC07-523LS|1798,1313920
130_bNAb_Combinations|1313920|sample|12|nan|1798,0,-12.3544,0,-2.61761,3.776e-09,0,0,0,-7.81335,0,-2.65398,1.77636e-15,0,0,True,VRC07-523LS|1798,1313920
130_bNAb_Combinations|1313920|sample|3|nan|1798,0,-1.98496,0,-2.06842,-3.08064e-09,0,0,0,-1.89371,0,-1.94802,9.59233e-14,0,0,True,PGDM1400|1798,1313920
130_bNAb_Combinations|1313920|sample|4|nan|1798,0,-1.79641,0,-1.74046,-9.15433e-09,0,0,0,-1.85492,0,-1.78807,1.42109e-14,0,0,True,PGDM1400|1798,1313920
130_bNAb_Combinations|1313920|sample|5|nan|1798,0,-2.12249,0,-2.14932,4.0448e-09,0,0,0,-2.10305,0,-2.17581,4.44089e-14,0,0,True,PGDM1400|1798,1313920
130_bNAb_Combinations|1313920|sample|6|nan|1798,0,-2.1014,0,-1.76749,-3.1633e-09,0,0,0,-2.06885,0,-1.67444,-6.21725e-14,0,0,True,PGDM1400|1798,1313920
130_bNAb_Combinations|1313920|sample|7|nan|1798,0,-12.7221,0,-1.25531,5.50232e-09,0,0,0,-7.32269,0,-1.26134,-3.55271e-15,0,0,True,PGT121|1798,1313920
130_bNAb_Combinations|1313920|sample|8|nan|1798,0,-11.2495,0,-1.22496,-1.01783e-08,0,0,0,-7.1085,0,-1.19984,0,0,0,True,PGT121|1798,1313920
130_bNAb_Combinations|1313920|sample|9|nan|1798,0,-11.0405,0,-1.07297,-5.00662e-09,0,0,0,-7.13488,0,-1.0449,5.32907e-15,0,0,True,PGT121|1798,1313920
130_bNAb_Combinations|1313920|vc|1|2|nan|1798,0,-0.771146,0,-0.0299818,-1.27078e-09,0,0,0,-4.77147e-07,0,-1.4006e-09,0,0,0,False,nan|1798,1313920
130_bNAb_Combinations|1313920|vc|2|2|nan|1798,0,-1.05605,0,-0.332812,-1.97558e-09,0,0,0,1.09536e-07,0,1.07194e-07,0,0,0,False,nan|1798,1313920
130_bNAb_Combinations|1313920|vc|3|2|nan|1798,0,0.136903,0,0.0488109,-2.54786e-09,0,0,0,-6.27653e-07,0,1.2761e-07,0,0,0,False,nan|1798,1313920
130_bNAb_Combinations|1313920|vc|4|2|nan|1798,0,0.663793,0,0.47336,-4.58074e-09,0,0,0,-5.74238e-08,0,-2.70707e-08,-3.55271e-15,0,0,False,nan|1798,1313920
130_bNAb_Combinations|1313920|vc|5|2|nan|1798,0,0.207502,0,-0.0784896,4.4103e-09,0,0,0,-3.70691e-07,0,-1.38392e-07,3.55271e-15,0,0,False,nan|1798,1313920
130_bNAb_Combinations|1313920|vc|6|2|nan|1798,0,0.408583,0,0.174406,-5.92055e-10,0,0,0,-4.67895e-07,0,-1.31405e-07,7.10543e-15,0,0,False,nan|1798,1313920
130_bNAb_Combinations|1313920|vc|7|2|nan|1798,0,-0.214952,0,0.0722708,-1.09954e-10,0,0,0,-3.76682e-07,0,5.27665e-08,0,0,0,False,nan|1798,1313920
130_bNAb_Combinations|1313920|vc|8|2|nan|1798,0,-0.459381,0,0.0694057,1.77358e-09,0,0,0,2.27092e-07,0,-1.75652e-09,0,0,0,False,nan|1798,1313920
130_bNAb_Combinations|1313938|cc|1|1|TRO.11|8301,0,0.454111,0,-0.0959158,-2.95344e-09,0,0,0,-1.96847e-07,0,3.19029e-09,1.77636e-15,0,0,False,nan|TRO.11,1313938
130_bNAb_Combinations|1313938|cc|2|1|TRO.11|8301,0,-0.334786,0,0.0594311,-5.02407e-09,0,0,0,2.66468e-07,0,-6.50304e-08,7.10543e-15,0,0,False,nan|TRO.11,1313938
130_bNAb_Combinations|1313938|cc|3|1|TRO.11|8301,0,-0.356416,0,-0.0633634,-3.82375e-09,0,0,0,3.66695e-07,0,-1.63677e-07,0,0,0,False,nan|TRO.11,1313938
130_bNAb_Combinations|1313938|cc|4|1|TRO.11|8301,0,-0.398497,0,-0.0974753,2.49263e-09,0,0,0,-5.01772e-07,0,-9.40505e-08,0,0,0,False,nan|TRO.11,1313938
130_bNAb_Combinations|1313938|cc|5|1|TRO.11|8301,0,0.82821,0,0.197673,1.81893e-09,0,0,0,-2.87203e-07,0,-1.61914e-07,0,0,0,False,nan|TRO.11,1313938
130_bNAb_Combinations|1313938|cc|6|1|TRO.11|8301,0,-1.74245,0,0.212557,-4.09755e-09,0,0,0,4.05236e-09,0,-1.05975e-07,-3.55271e-15,0,0,False,nan|TRO.11,1313938
130_bNAb_Combinations|1313938|cc|7|1|TRO.11|8301,0,1.10046,0,0.0112355,-1.04054e-09,0,0,0,6.28615e-07,0,-1.0017e-07,0,0,0,False,nan|TRO.11,1313938
130_bNAb_Combinations|1313938|cc|8|1|TRO.11|8301,0,-0.891592,0,0.0598969,-2.8373e-09,0,0,0,-3.48313e-07,0,1.00397e-07,-1.77636e-15,0,0,False,nan|TRO.11,1313938
130_bNAb_Combinations|1313938|sample|10|TRO.11|8301,0,-13.1421,0,0.139826,4.89737e-09,0,0,0,-7.44774,0,0.160135,0,0,0,True,PGT121|TRO.11,1313938
130_bNAb_Combinations|1313938|sample|11|TRO.11|8301,0,-11.732,0,-1.51122,7.07416e-10,0,0,0,-8.29907,0,-1.51651,-3.55271e-15,0,0,True,VRC07-523LS|TRO.11,1313938
130_bNAb_Combinations|1313938|sample|12|TRO.11|8301,0,-11.2433,0,-1.51661,8.62386e-10,0,0,0,-8.1171,0,-1.5032,7.10543e-15,0,0,True,VRC07-523LS|TRO.11,1313938
130_bNAb_Combinations|1313938|sample|3|TRO.11|8301,0,-7.31645,0,-3.25647,-1.99224e-09,0,0,0,-4.23945,0,-3.2005,5.32907e-15,0,0,True,PGDM1400|TRO.11,1313938
130_bNAb_Combinations|1313938|sample|4|TRO.11|8301,0,-8.49626,0,-3.3103,2.5803e-09,0,0,0,-3.54299,0,-3.01163,3.90799e-14,0,0,True,PGDM1400|TRO.11,1313938
130_bNAb_Combinations|1313938|sample|5|TRO.11|8301,0,-4.45564,0,-3.23951,4.52884e-09,0,0,0,-4.3677,0,-3.10584,1.59872e-14,0,0,True,PGDM1400|TRO.11,1313938
130_bNAb_Combinations|1313938|sample|6|TRO.11|8301,0,-4.4601,0,-3.13428,7.65545e-09,0,0,0,-4.37363,0,-3.11687,-2.11386e-13,0,0,True,PGDM1400|TRO.11,1313938
130_bNAb_Combinations|1313938|sample|7|TRO.11|8301,0,-12.2466,0,0.0711032,4.37743e-09,0,0,0,-7.44832,0,0.0548305,7.10543e-15,0,0,True,PGT121|TRO.11,1313938
130_bNAb_Combinations|1313938|sample|8|TRO.11|8301,0,-11.5354,0,-0.0453195,-5.62411e-10,0,0,0,-7.24924,0,-0.00357918,1.06581e-14,0,0,True,PGT121|TRO.11,1313938
130_bNAb_Combinations|1313938|sample|9|TRO.11|8301,0,-12.9622,0,0.178886,-1.22107e-09,0,0,0,-7.34465,0,0.180997,-3.55271e-15,0,0,True,PGT121|TRO.11,1313938
130_bNAb_Combinations|1313938|vc|1|2|TRO.11|8301,0,-0.867113,0,-0.0363874,3.82432e-09,0,0,0,-1.85741e-07,0,-1.76448e-07,-3.55271e-15,0,0,False,nan|TRO.11,1313938
130_bNAb_Combinations|1313938|vc|2|2|TRO.11|8301,0,1.34679,0,0.105822,6.88959e-09,0,0,0,3.10623e-07,0,1.18375e-08,0,0,0,False,nan|TRO.11,1313938
130_bNAb_Combinations|1313938|vc|3|2|TRO.11|8301,0,-1.22197,0,0.338016,1.98285e-09,0,0,0,-2.2769e-07,0,-6.76422e-09,0,0,0,False,nan|TRO.11,1313938
130_bNAb_Combinations|1313938|vc|4|2|TRO.11|8301,0,-0.606353,0,-0.026283,-6.46589e-09,0,0,0,-2.38023e-07,0,-2.25425e-07,0,0,0,False,nan|TRO.11,1313938
130_bNAb_Combinations|1313938|vc|5|2|TRO.11|8301,0,-0.416212,0,0.00288793,-1.32852e-09,0,0,0,3.39619e-07,0,4.58441e-08,0,0,0,False,nan|TRO.11,1313938
130_bNAb_Combinations|1313938|vc|6|2|TRO.11|8301,0,-0.203415,0,0.0603614,2.14764e-09,0,0,0,-1.20554e-07,0,1.12745e-07,0,0,0,False,nan|TRO.11,1313938
130_bNAb_Combinations|1313938|vc|7|2|TRO.11|8301,0,-0.202859,0,0.0518665,3.7318e-09,0,0,0,1.74582e-08,0,2.74218e-07,0,0,0,False,nan|TRO.11,1313938
130_bNAb_Combinations|1313938|vc|8|2|TRO.11|8301,0,0.605416,0,0.26084,-9.05989e-10,0,0,0,1.24262e-07,0,2.60678e-08,5.32907e-15,0,0,False,nan|TRO.11,1313938
130_bNAb_Combinations|1313956|cc|1|1|Ce1176_A3|7023,0,-0.454621,0,0.0243063,-6.60031e-09,0,0,0,3.01901e-07,0,-1.33987e-07,-1.77636e-15,0,0,False,nan|Ce1176_A3,1313956
130_bNAb_Combinations|1313956|cc|2|1|Ce1176_A3|7023,0,-0.756037,0,0.0459484,-1.96157e-09,0,0,0,3.66165e-07,0,1.1507e-07,0,0,0,False,nan|Ce1176_A3,1313956
130_bNAb_Combinations|1313956|cc|3|1|Ce1176_A3|7023,0,-0.429946,0,0.115469,-5.29581e-09,0,0,0,4.12255e-07,0,-1.37569e-07,-1.77636e-15,0,0,False,nan|Ce1176_A3,1313956
130_bNAb_Combinations|1313956|cc|4|1|Ce1176_A3|7023,0,-0.457944,0,0.0761301,8.05177e-10,0,0,0,6.6317e-07,0,-3.64471e-08,-1.77636e-15,0,0,False,nan|Ce1176_A3,1313956
130_bNAb_Combinations|1313956|cc|5|1|Ce1176_A3|7023,0,-0.739548,0,0.217451,5.27187e-09,0,0,0,1.16586e-07,0,-2.35372e-09,5.32907e-15,0,0,False,nan|Ce1176_A3,1313956
130_bNAb_Combinations|1313956|cc|6|1|Ce1176_A3|7023,0,-0.50585,0,-0.110842,7.71493e-10,0,0,0,7.6828e-07,0,1.48251e-08,1.77636e-15,0,0,False,nan|Ce1176_A3,1313956
130_bNAb_Combinations|1313956|cc|7|1|Ce1176_A3|7023,0,0.958373,0,0.148869,1.26617e-10,0,0,0,3.34359e-07,0,1.1359e-07,-1.77636e-15,0,0,False,nan|Ce1176_A3,1313956
130_bNAb_Combinations|1313956|cc|8|1|Ce1176_A3|7023,0,-0.250533,0,0.0460938,-6.62701e-10,0,0,0,2.54492e-07,0,-1.95558e-07,1.77636e-15,0,0,False,nan|Ce1176_A3,1313956
130_bNAb_Combinations|1313956|sample|10|Ce1176_A3|7023,0,-12.1858,0,0.472116,6.58173e-09,0,0,0,-7.96653,0,0.500719,1.77636e-15,0,0,True,PGT121|Ce1176_A3,1313956
130_bNAb_Combinations|1313956|sample|11|Ce1176_A3|7023,0,-11.7592,0,-2.12679,1.70415e-08,0,0,0,-7.65026,0,-2.11021,0,0,0,True,VRC07-523LS|Ce1176_A3,1313956
130_bNAb_Combinations|1313956|sample|12|Ce1176_A3|7023,0,-10.8586,0,-2.1589,6.66122e-10,0,0,0,-6.60471,0,-2.10451,-1.42109e-14,0,0,True,VRC07-523LS|Ce1176_A3,1313956
130_bNAb_Combinations|1313956|sample|3|Ce1176_A3|7023,0,-1.08073,0,-1.64348,-5.39194e-09,0,0,0,-1.13981,0,-1.78226,-1.38556e-13,0,0,True,PGDM1400|Ce1176_A3,1313956
130_bNAb_Combinations|1313956|sample|4|Ce1176_A3|7023,0,-1.24532,0,-1.92111,-1.33611e-08,0,0,0,-1.19129,0,-1.81499,-2.4869e-14,0,0,True,PGDM1400|Ce1176_A3,1313956
130_bNAb_Combinations|1313956|sample|5|Ce1176_A3|7023,0,-1.68256,0,-3.21884,-3.72439e-09,0,0,0,-1.6692,0,-3.15481,-1.77636e-15,0,0,True,PGDM1400|Ce1176_A3,1313956
130_bNAb_Combinations|1313956|sample|6|Ce1176_A3|7023,0,-1.76565,0,-3.05176,-5.38025e-10,0,0,0,-1.73897,0,-2.98244,1.24345e-13,0,0,True,PGDM1400|Ce1176_A3,1313956
130_bNAb_Combinations|1313956|sample|7|Ce1176_A3|7023,0,-10.9758,0,0.353024,-5.84226e-09,0,0,0,-7.66776,0,0.339951,-5.32907e-15,0,0,True,PGT121|Ce1176_A3,1313956
130_bNAb_Combinations|1313956|sample|8|Ce1176_A3|7023,0,-13.58,0,0.324096,2.44745e-09,0,0,0,-8.17829,0,0.304905,-8.88178e-15,0,0,True,PGT121|Ce1176_A3,1313956
130_bNAb_Combinations|1313956|sample|9|Ce1176_A3|7023,0,-12.107,0,0.492194,4.80382e-09,0,0,0,-7.93277,0,0.483001,3.55271e-15,0,0,True,PGT121|Ce1176_A3,1313956
130_bNAb_Combinations|1313956|vc|1|2|Ce1176_A3|7023,0,-0.359575,0,-0.302486,1.15366e-09,0,0,0,1.94979e-07,0,2.21251e-07,1.77636e-15,0,0,False,nan|Ce1176_A3,1313956
130_bNAb_Combinations|1313956|vc|2|2|Ce1176_A3|7023,0,0.678908,0,0.0710591,-7.88862e-09,0,0,0,8.90221e-08,0,-6.22252e-08,-1.77636e-15,0,0,False,nan|Ce1176_A3,1313956
130_bNAb_Combinations|1313956|vc|3|2|Ce1176_A3|7023,0,0.0792402,0,0.113546,9.5858e-10,0,0,0,2.06276e-08,0,2.76049e-08,1.77636e-15,0,0,False,nan|Ce1176_A3,1313956
130_bNAb_Combinations|1313956|vc|4|2|Ce1176_A3|7023,0,-0.844425,0,-0.126431,-2.91708e-10,0,0,0,7.96586e-07,0,5.44077e-08,3.55271e-15,0,0,False,nan|Ce1176_A3,1313956
130_bNAb_Combinations|1313956|vc|5|2|Ce1176_A3|7023,0,0.571477,0,0.0976854,3.6488e-10,0,0,0,-4.12378e-07,0,-1.10454e-08,-3.55271e-15,0,0,False,nan|Ce1176_A3,1313956
130_bNAb_Combinations|1313956|vc|6|2|Ce1176_A3|7023,0,-1.42633,0,-0.276222,-1.03828e-08,0,0,0,1.10438e-07,0,-4.40671e-08,1.77636e-15,0,0,False,nan|Ce1176_A3,1313956
130_bNAb_Combinations|1313956|vc|7|2|Ce1176_A3|7023,0,-0.591384,0,0.275374,-3.8842e-09,0,0,0,3.74268e-07,0,3.83063e-08,0,0,0,False,nan|Ce1176_A3,1313956
130_bNAb_Combinations|1313956|vc|8|2|Ce1176_A3|7023,0,0.260456,0,-0.108053,-4.6795e-09,0,0,0,-7.03024e-08,0,-1.94888e-07,5.32907e-15,0,0,False,nan|Ce1176_A3,1313956
130_bNAb_Combinations|1313974|cc|1|1|nan|1176,0,-0.26188,0,0.173819,5.70645e-09,0,0,0,-1.61027e-08,0,4.61499e-08,-1.77636e-15,0,0,False,nan|1176,1313974
130_bNAb_Combinations|1313974|cc|2|1|nan|1176,0,-0.952327,0,-0.163744,-4.5037e-09,0,0,0,2.69842e-07,0,1.0216e-07,-1.77636e-15,0,0,False,nan|1176,1313974
130_bNAb_Combinations|1313974|cc|3|1|nan|1176,0,-0.371194,0,-0.149242,4.16746e-09,0,0,0,6.27827e-07,0,8.26277e-08,1.77636e-15,0,0,False,nan|1176,1313974
130_bNAb_Combinations|1313974|cc|4|1|nan|1176,0,-0.031092,0,-0.340299,-2.06469e-09,0,0,0,1.28714e-09,0,-7.39317e-08,1.77636e-15,0,0,False,nan|1176,1313974
130_bNAb_Combinations|1313974|cc|5|1|nan|1176,0,1.62931,0,-0.00174792,9.65209e-10,0,0,0,-4.51941e-07,0,4.41471e-08,1.77636e-15,0,0,False,nan|1176,1313974
130_bNAb_Combinations|1313974|cc|6|1|nan|1176,0,0.508992,0,-0.159344,3.32378e-09,0,0,0,-8.00757e-08,0,-2.90496e-08,1.77636e-15,0,0,False,nan|1176,1313974
130_bNAb_Combinations|1313974|cc|7|1|nan|1176,0,1.02287,0,-0.0677215,-8.19536e-09,0,0,0,-4.41331e-08,0,1.59251e-08,1.77636e-15,0,0,False,nan|1176,1313974
130_bNAb_Combinations|1313974|cc|8|1|nan|1176,0,0.567918,0,-0.069335,7.33102e-10,0,0,0,1.10464e-07,0,-4.38899e-08,1.77636e-15,0,0,False,nan|1176,1313974
130_bNAb_Combinations|1313974|sample|10|nan|1176,0,-2.26259,0,-4.10965,-1.03963e-08,0,0,0,-2.49378,0,-4.33516,2.93099e-13,0,0,True,PGT121|1176,1313974
130_bNAb_Combinations|1313974|sample|11|nan|1176,0,-5.15078,0,-1.01151,-6.85439e-09,0,0,0,-4.89154,0,-0.984716,3.01981e-14,0,0,True,VRC07-523LS|1176,1313974
130_bNAb_Combinations|1313974|sample|12|nan|1176,0,-5.18981,0,-0.590056,9.29002e-09,0,0,0,-5.14433,0,-0.544983,2.13163e-14,0,0,True,VRC07-523LS|1176,1313974
130_bNAb_Combinations|1313974|sample|3|nan|1176,0,-3.54411,0,-1.4755,-3.83774e-09,0,0,0,-3.73965,0,-1.51199,-1.15463e-13,0,0,True,PGDM1400|1176,1313974
130_bNAb_Combinations|1313974|sample|4|nan|1176,0,-4.02779,0,-1.80736,-2.47228e-09,0,0,0,-4.05457,0,-1.7552,-1.03029e-13,0,0,True,PGDM1400|1176,1313974
130_bNAb_Combinations|1313974|sample|5|nan|1176,0,-3.63106,0,-1.68544,5.20191e-09,0,0,0,-3.58017,0,-1.62904,-1.1724e-13,0,0,True,PGDM1400|1176,1313974
130_bNAb_Combinations|1313974|sample|6|nan|1176,0,-3.37132,0,-1.5288,-1.56411e-09,0,0,0,-3.44318,0,-1.60685,-1.5099e-13,0,0,True,PGDM1400|1176,1313974
130_bNAb_Combinations|1313974|sample|7|nan|1176,0,-2.28218,0,-3.61781,3.07706e-09,0,0,0,-1.93353,0,-3.31901,-7.10543e-14,0,0,True,PGT121|1176,1313974
130_bNAb_Combinations|1313974|sample|8|nan|1176,0,-6.33621,0,-3.86068,-1.17228e-08,0,0,0,-2.37984,0,-3.70148,7.81597e-14,0,0,True,PGT121|1176,1313974
130_bNAb_Combinations|1313974|sample|9|nan|1176,0,-2.32153,0,-4.1729,-3.70084e-09,0,0,0,-2.30925,0,-4.1194,3.19744e-14,0,0,True,PGT121|1176,1313974
130_bNAb_Combinations|1313974|vc|1|2|nan|1176,0,-1.44841,0,-0.0768366,6.32959e-10,0,0,0,-5.55285e-07,0,2.0318e-08,-1.77636e-15,0,0,False,nan|1176,1313974
130_bNAb_Combinations|1313974|vc|2|2|nan|1176,0,0.162856,0,0.199582,8.98915e-09,0,0,0,-4.64913e-07,0,1.54539e-07,1.77636e-15,0,0,False,nan|1176,1313974
130_bNAb_Combinations|1313974|vc|3|2|nan|1176,0,-0.406399,0,0.0843631,-1.00923e-08,0,0,0,3.97921e-07,0,-1.09129e-07,0,0,0,False,nan|1176,1313974
130_bNAb_Combinations|1313974|vc|4|2|nan|1176,0,2.20422,0,0.0536367,-5.87918e-10,0,0,0,5.15039e-07,0,-1.19671e-07,5.32907e-15,0,0,False,nan|1176,1313974
130_bNAb_Combinations|1313974|vc|5|2|nan|1176,0,0.229117,0,0.027379,-7.31201e-10,0,0,0,5.09977e-07,0,-5.92493e-08,-1.77636e-15,0,0,False,nan|1176,1313974
130_bNAb_Combinations|1313974|vc|6|2|nan|1176,0,0.543201,0,-0.149979,4.66716e-09,0,0,0,7.49219e-07,0,1.6834e-07,0,0,0,False,nan|1176,1313974
130_bNAb_Combinations|1313974|vc|7|2|nan|1176,0,-1.33161,0,0.055091,1.27042e-10,0,0,0,5.71915e-08,0,1.02381e-08,-1.77636e-15,0,0,False,nan|1176,1313974
130_bNAb_Combinations|1313974|vc|8|2|nan|1176,0,-1.21517,0,0.0172545,-3.51671e-09,0,0,0,3.51753e-07,0,-6.3201e-08,-1.77636e-15,0,0,False,nan|1176,1313974
130_bNAb_Combinations|1313992|cc|1|1|RHPA4259.7|5371,0,0.183766,0,-0.303408,5.80439e-09,0,0,0,1.5915e-07,0,2.57459e-09,3.55271e-15,0,0,False,nan|RHPA4259.7,1313992
130_bNAb_Combinations|1313992|cc|2|1|RHPA4259.7|5371,0,0.408111,0,0.107767,-2.99357e-09,0,0,0,2.02948e-07,0,1.28318e-08,0,0,0,False,nan|RHPA4259.7,1313992
130_bNAb_Combinations|1313992|cc|3|1|RHPA4259.7|5371,0,0.272844,0,-0.0203558,2.94416e-10,0,0,0,-3.02909e-07,0,-1.20461e-07,0,0,0,False,nan|RHPA4259.7,1313992
130_bNAb_Combinations|1313992|cc|4|1|RHPA4259.7|5371,0,-0.380478,0,-0.178569,-6.99152e-10,0,0,0,-6.49261e-07,0,-6.36917e-09,0,0,0,False,nan|RHPA4259.7,1313992
130_bNAb_Combinations|1313992|cc|5|1|RHPA4259.7|5371,0,-0.375597,0,-0.0980852,-8.26307e-09,0,0,0,-5.08997e-07,0,2.19303e-08,1.77636e-15,0,0,False,nan|RHPA4259.7,1313992
130_bNAb_Combinations|1313992|cc|6|1|RHPA4259.7|5371,0,0.698251,0,-0.120289,4.47796e-09,0,0,0,-8.15086e-09,0,9.59859e-08,0,0,0,False,nan|RHPA4259.7,1313992
130_bNAb_Combinations|1313992|cc|7|1|RHPA4259.7|5371,0,-0.815271,0,-0.0788079,-3.97355e-09,0,0,0,-2.12281e-08,0,5.29949e-08,0,0,0,False,nan|RHPA4259.7,1313992
130_bNAb_Combinations|1313992|cc|8|1|RHPA4259.7|5371,0,0.18974,0,0.0649621,3.40735e-09,0,0,0,7.24728e-07,0,-3.98178e-08,3.55271e-15,0,0,False,nan|RHPA4259.7,1313992
130_bNAb_Combinations|1313992|sample|10|RHPA4259.7|5371,0,-11.0462,0,0.00983543,4.75263e-09,0,0,0,-6.86683,0,0.0813283,-7.10543e-15,0,0,True,PGT121|RHPA4259.7,1313992
130_bNAb_Combinations|1313992|sample|11|RHPA4259.7|5371,0,-11.554,0,-0.110443,-1.00022e-08,0,0,0,-6.70387,0,-0.127591,-1.42109e-14,0,0,True,VRC07-523LS|RHPA4259.7,1313992
130_bNAb_Combinations|1313992|sample|12|RHPA4259.7|5371,0,-11.4037,0,-0.4659,7.91765e-09,0,0,0,-7.39337,0,-0.437771,0,0,0,True,VRC07-523LS|RHPA4259.7,1313992
130_bNAb_Combinations|1313992|sample|3|RHPA4259.7|5371,0,-9.71078,0,-2.6051,-2.85716e-09,0,0,0,-6.15412,0,-2.59365,-1.59872e-14,0,0,True,PGDM1400|RHPA4259.7,1313992
130_bNAb_Combinations|1313992|sample|4|RHPA4259.7|5371,0,-8.77802,0,-2.62752,2.23703e-09,0,0,0,-5.51464,0,-2.58782,-1.77636e-15,0,0,True,PGDM1400|RHPA4259.7,1313992
130_bNAb_Combinations|1313992|sample|5|RHPA4259.7|5371,0,-7.25451,0,-2.481,8.15588e-09,0,0,0,-5.59271,0,-2.39953,0,0,0,True,PGDM1400|RHPA4259.7,1313992
130_bNAb_Combinations|1313992|sample|6|RHPA4259.7|5371,0,-7.13316,0,-2.41665,-1.81596e-09,0,0,0,-5.58027,0,-2.40414,-1.42109e-14,0,0,True,PGDM1400|RHPA4259.7,1313992
130_bNAb_Combinations|1313992|sample|7|RHPA4259.7|5371,0,-9.92587,0,0.012777,1.16539e-08,0,0,0,-6.22572,0,0.0751098,1.59872e-14,0,0,True,PGT121|RHPA4259.7,1313992
130_bNAb_Combinations|1313992|sample|8|RHPA4259.7|5371,0,-11.2488,0,-0.1029,-6.89463e-10,0,0,0,-7.05766,0,-0.0893003,-5.32907e-15,0,0,True,PGT121|RHPA4259.7,1313992
130_bNAb_Combinations|1313992|sample|9|RHPA4259.7|5371,0,-10.7755,0,0.0247353,-1.24025e-08,0,0,0,-7.37472,0,0.0392159,1.42109e-14,0,0,True,PGT121|RHPA4259.7,1313992
130_bNAb_Combinations|1313992|vc|1|2|RHPA4259.7|5371,0,-0.252644,0,-0.00922208,-3.41584e-09,0,0,0,-7.13072e-07,0,-1.10427e-07,-3.55271e-15,0,0,False,nan|RHPA4259.7,1313992
130_bNAb_Combinations|1313992|vc|2|2|RHPA4259.7|5371,0,-0.821734,0,-0.0249962,6.99104e-09,0,0,0,-1.36106e-07,0,-1.32622e-07,0,0,0,False,nan|RHPA4259.7,1313992
130_bNAb_Combinations|1313992|vc|3|2|RHPA4259.7|5371,0,-0.133684,0,-0.00776697,-5.53399e-10,0,0,0,6.15675e-08,0,1.56985e-07,-1.77636e-15,0,0,False,nan|RHPA4259.7,1313992
130_bNAb_Combinations|1313992|vc|4|2|RHPA4259.7|5371,0,-1.08991,0,0.130154,6.08482e-10,0,0,0,1.53531e-07,0,-1.28077e-07,-3.55271e-15,0,0,False,nan|RHPA4259.7,1313992
130_bNAb_Combinations|1313992|vc|5|2|RHPA4259.7|5371,0,-0.597247,0,-0.27807,5.8922e-09,0,0,0,-1.24944e-07,0,6.44594e-08,1.77636e-15,0,0,False,nan|RHPA4259.7,1313992
130_bNAb_Combinations|1313992|vc|6|2|RHPA4259.7|5371,0,1.27242,0,0.0675694,-1.22945e-09,0,0,0,-4.67951e-07,0,-4.27721e-09,0,0,0,False,nan|RHPA4259.7,1313992
130_bNAb_Combinations|1313992|vc|7|2|RHPA4259.7|5371,0,0.00920611,0,0.0408123,7.5283e-09,0,0,0,-2.06453e-07,0,1.49741e-07,-3.55271e-15,0,0,False,nan|RHPA4259.7,1313992
130_bNAb_Combinations|1313992|vc|8|2|RHPA4259.7|5371,0,0.0873645,0,-0.129356,2.97921e-09,0,0,0,-2.81273e-07,0,3.46191e-08,3.55271e-15,0,0,False,nan|RHPA4259.7,1313992
130_bNAb_Combinations|1314016|cc|1|1|nan|3430,0,1.24772,0,0.197616,3.04046e-10,0,0,0,-5.9251e-07,0,-1.4657e-07,0,0,0,False,nan|3430,1314016
130_bNAb_Combinations|1314016|cc|2|1|nan|3430,0,0.871304,0,0.244883,-9.62158e-09,0,0,0,-1.58483e-08,0,7.61778e-08,-1.77636e-15,0,0,False,nan|3430,1314016
130_bNAb_Combinations|1314016|cc|3|1|nan|3430,0,0.161527,0,0.147423,9.35379e-10,0,0,0,-1.72457e-07,0,4.15616e-09,1.77636e-15,0,0,False,nan|3430,1314016
130_bNAb_Combinations|1314016|cc|4|1|nan|3430,0,-0.172358,0,0.140519,-4.97745e-09,0,0,0,-1.88773e-07,0,1.09895e-07,1.77636e-15,0,0,False,nan|3430,1314016
130_bNAb_Combinations|1314016|cc|5|1|nan|3430,0,0.28029,0,0.0913346,-5.30651e-10,0,0,0,-3.35611e-07,0,-2.05227e-07,1.77636e-15,0,0,False,nan|3430,1314016
130_bNAb_Combinations|1314016|cc|6|1|nan|3430,0,-0.0871608,0,-0.151487,1.12358e-08,0,0,0,5.24557e-07,0,-1.25832e-07,1.77636e-15,0,0,False,nan|3430,1314016
130_bNAb_Combinations|1314016|cc|7|1|nan|3430,0,-0.229822,0,0.097426,-4.66733e-09,0,0,0,1.02242e-07,0,2.35699e-07,1.77636e-15,0,0,False,nan|3430,1314016
130_bNAb_Combinations|1314016|cc|8|1|nan|3430,0,1.02885,0,-0.0283875,1.91059e-09,0,0,0,1.32712e-06,0,-5.66545e-09,-1.77636e-15,0,0,False,nan|3430,1314016
130_bNAb_Combinations|1314016|sample|10|nan|3430,0,-4.64811,0,-2.0322,-7.98721e-09,0,0,0,-4.49183,0,-1.97949,-6.21725e-14,0,0,True,PGT121|3430,1314016
130_bNAb_Combinations|1314016|sample|11|nan|3430,0,-9.90172,0,-0.581973,3.34622e-09,0,0,0,-6.33147,0,-0.583775,8.88178e-15,0,0,True,VRC07-523LS|3430,1314016
130_bNAb_Combinations|1314016|sample|12|nan|3430,0,-11.8063,0,-0.588708,7.20139e-09,0,0,0,-7.01433,0,-0.602109,2.4869e-14,0,0,True,VRC07-523LS|3430,1314016
130_bNAb_Combinations|1314016|sample|3|nan|3430,0,-4.6911,0,1.66656,-3.55676e-09,0,0,0,-4.46552,0,1.71158,2.32703e-13,0,0,True,PGDM1400|3430,1314016
130_bNAb_Combinations|1314016|sample|4|nan|3430,0,-4.95274,0,1.60952,-2.94741e-10,0,0,0,-4.73276,0,1.64709,-1.13687e-13,0,0,True,PGDM1400|3430,1314016
130_bNAb_Combinations|1314016|sample|5|nan|3430,0,-4.30568,0,1.85524,2.90983e-09,0,0,0,-4.34019,0,1.88674,-3.81917e-13,0,0,True,PGDM1400|3430,1314016
130_bNAb_Combinations|1314016|sample|6|nan|3430,0,-4.46469,0,1.92054,-2.05636e-09,0,0,0,-4.49534,0,1.91601,-2.84217e-14,0,0,True,PGDM1400|3430,1314016
130_bNAb_Combinations|1314016|sample|7|nan|3430,0,-5.08002,0,-2.32746,2.6653e-09,0,0,0,-4.79487,0,-2.3163,-1.95399e-14,0,0,True,PGT121|3430,1314016
130_bNAb_Combinations|1314016|sample|8|nan|3430,0,-4.67352,0,-2.46689,7.47031e-09,0,0,0,-4.40531,0,-2.30292,3.37508e-14,0,0,True,PGT121|3430,1314016
130_bNAb_Combinations|1314016|sample|9|nan|3430,0,-4.90683,0,-2.10539,2.22095e-10,0,0,0,-4.69076,0,-2.07433,3.19744e-14,0,0,True,PGT121|3430,1314016
130_bNAb_Combinations|1314016|vc|1|2|nan|3430,0,1.1422,0,0.149336,1.6124e-09,0,0,0,7.98386e-07,0,5.74364e-08,1.77636e-15,0,0,False,nan|3430,1314016
130_bNAb_Combinations|1314016|vc|2|2|nan|3430,0,-0.742865,0,-0.0092891,-3.7797e-09,0,0,0,-5.90769e-07,0,2.36204e-07,5.32907e-15,0,0,False,nan|3430,1314016
130_bNAb_Combinations|1314016|vc|3|2|nan|3430,0,-0.631818,0,0.0966835,8.24799e-09,0,0,0,-2.2276e-07,0,1.24046e-07,0,0,0,False,nan|3430,1314016
130_bNAb_Combinations|1314016|vc|4|2|nan|3430,0,-1.19748,0,-0.0327825,-5.39314e-09,0,0,0,4.5014e-07,0,4.12014e-08,3.55271e-15,0,0,False,nan|3430,1314016
130_bNAb_Combinations|1314016|vc|5|2|nan|3430,0,-0.941704,0,-0.0899907,1.68118e-09,0,0,0,3.10028e-07,0,-1.06364e-07,-1.77636e-15,0,0,False,nan|3430,1314016
130_bNAb_Combinations|1314016|vc|6|2|nan|3430,0,0.397857,0,-0.302545,2.45319e-09,0,0,0,4.08632e-07,0,3.55602e-08,-3.55271e-15,0,0,False,nan|3430,1314016
130_bNAb_Combinations|1314016|vc|7|2|nan|3430,0,0.121711,0,0.108461,-6.94295e-10,0,0,0,-9.28532e-07,0,8.65606e-08,1.77636e-15,0,0,False,nan|3430,1314016
130_bNAb_Combinations|1314016|vc|8|2|nan|3430,0,-0.950188,0,-0.0693324,-6.21566e-09,0,0,0,2.19636e-07,0,8.78557e-10,1.77636e-15,0,0,False,nan|3430,1314016
130_bNAb_Combinations|1314040|cc|1|1|nan|4166,0,-0.523493,0,0.23048,7.81779e-09,0,0,0,-8.76838e-07,0,6.38144e-09,3.55271e-15,0,0,False,nan|4166,1314040
130_bNAb_Combinations|1314040|cc|2|1|nan|4166,0,0.551411,0,0.0530461,5.03812e-09,0,0,0,5.626e-07,0,-3.90773e-08,1.77636e-15,0,0,False,nan|4166,1314040
130_bNAb_Combinations|1314040|cc|3|1|nan|4166,0,-0.192359,0,-0.406235,5.74923e-09,0,0,0,-4.83936e-08,0,-3.10087e-08,0,0,0,False,nan|4166,1314040
130_bNAb_Combinations|1314040|cc|4|1|nan|4166,0,0.724084,0,-0.192165,3.81734e-09,0,0,0,3.40541e-07,0,-9.08121e-08,5.32907e-15,0,0,False,nan|4166,1314040
130_bNAb_Combinations|1314040|cc|5|1|nan|4166,0,0.349375,0,-0.0220283,7.56428e-09,0,0,0,-3.12098e-07,0,-1.58353e-07,0,0,0,False,nan|4166,1314040
130_bNAb_Combinations|1314040|cc|6|1|nan|4166,0,0.306601,0,0.0801893,-8.1376e-09,0,0,0,-5.38401e-07,0,5.61917e-08,-1.77636e-15,0,0,False,nan|4166,1314040
130_bNAb_Combinations|1314040|cc|7|1|nan|4166,0,-0.0326814,0,-0.181531,3.40414e-09,0,0,0,-1.94174e-07,0,9.45877e-08,-1.77636e-15,0,0,False,nan|4166,1314040
130_bNAb_Combinations|1314040|cc|8|1|nan|4166,0,1.05081,0,-0.249509,-4.79966e-09,0,0,0,-3.75207e-07,0,-3.74793e-08,-1.77636e-15,0,0,False,nan|4166,1314040
130_bNAb_Combinations|1314040|sample|10|nan|4166,0,-11.1821,0,1.22665,-6.1998e-09,0,0,0,-6.6939,0,1.26203,1.06581e-14,0,0,True,PGT121|4166,1314040
130_bNAb_Combinations|1314040|sample|11|nan|4166,0,-13.0681,0,0.315155,5.60864e-09,0,0,0,-6.76755,0,0.337851,-2.66454e-14,0,0,True,VRC07-523LS|4166,1314040
130_bNAb_Combinations|1314040|sample|12|nan|4166,0,-9.82859,0,0.481732,-4.34143e-09,0,0,0,-6.3419,0,0.514211,1.77636e-15,0,0,True,VRC07-523LS|4166,1314040
130_bNAb_Combinations|1314040|sample|3|nan|4166,0,-4.58146,0,0.993941,-4.02934e-09,0,0,0,-4.65142,0,1.01521,1.91847e-13,0,0,True,PGDM1400|4166,1314040
130_bNAb_Combinations|1314040|sample|4|nan|4166,0,-4.39622,0,0.745367,-2.02225e-09,0,0,0,-4.30608,0,0.826298,-5.68434e-14,0,0,True,PGDM1400|4166,1314040
130_bNAb_Combinations|1314040|sample|5|nan|4166,0,-4.5705,0,0.948406,4.91055e-09,0,0,0,-4.53249,0,0.97883,8.88178e-15,0,0,True,PGDM1400|4166,1314040
130_bNAb_Combinations|1314040|sample|6|nan|4166,0,-4.57101,0,0.962118,3.82257e-09,0,0,0,-4.61748,0,0.919125,-8.52651e-14,0,0,True,PGDM1400|4166,1314040
130_bNAb_Combinations|1314040|sample|7|nan|4166,0,-12.3422,0,0.993127,-4.45917e-10,0,0,0,-6.29367,0,0.994121,0,0,0,True,PGT121|4166,1314040
130_bNAb_Combinations|1314040|sample|8|nan|4166,0,-7.00504,0,0.922546,-1.08666e-08,0,0,0,-5.97616,0,0.942004,5.86198e-14,0,0,True,PGT121|4166,1314040
130_bNAb_Combinations|1314040|sample|9|nan|4166,0,-8.98069,0,0.992659,-5.5906e-09,0,0,0,-6.42137,0,1.02273,-2.13163e-14,0,0,True,PGT121|4166,1314040
130_bNAb_Combinations|1314040|vc|1|2|nan|4166,0,0.336586,0,0.504221,2.65123e-09,0,0,0,-4.98316e-07,0,-1.4791e-07,5.32907e-15,0,0,False,nan|4166,1314040
130_bNAb_Combinations|1314040|vc|2|2|nan|4166,0,0.854322,0,-0.0240491,2.23473e-09,0,0,0,-6.13705e-07,0,-1.31579e-07,0,0,0,False,nan|4166,1314040
130_bNAb_Combinations|1314040|vc|3|2|nan|4166,0,-0.155621,0,0.0943698,-1.47129e-09,0,0,0,4.26025e-08,0,-1.72226e-08,-1.77636e-15,0,0,False,nan|4166,1314040
130_bNAb_Combinations|1314040|vc|4|2|nan|4166,0,0.624218,0,0.155413,-5.10446e-09,0,0,0,-4.51925e-08,0,-1.88307e-08,-1.77636e-15,0,0,False,nan|4166,1314040
130_bNAb_Combinations|1314040|vc|5|2|nan|4166,0,-1.13341,0,0.191658,3.05776e-09,0,0,0,-8.67207e-07,0,2.03666e-08,-5.32907e-15,0,0,False,nan|4166,1314040
130_bNAb_Combinations|1314040|vc|6|2|nan|4166,0,0.282114,0,0.0711782,2.38989e-09,0,0,0,-2.61013e-07,0,-4.91312e-08,0,0,0,False,nan|4166,1314040
130_bNAb_Combinations|1314040|vc|7|2|nan|4166,0,-0.0403276,0,-0.304072,1.97097e-09,0,0,0,5.09653e-07,0,-2.77287e-07,-1.77636e-15,0,0,False,nan|4166,1314040
130_bNAb_Combinations|1314040|vc|8|2|nan|4166,0,1.29728,0,-0.0583154,-2.1603e-09,0,0,0,-6.68531e-07,0,-1.51216e-07,-1.77636e-15,0,0,False,nan|4166,1314040
130_bNAb_Combinations|1314058|cc|1|1|nan|2944,0,1.20082,0,-0.126357,1.34289e-09,0,0,0,-3.68067e-07,0,-1.68641e-08,0,0,0,False,nan|2944,1314058
130_bNAb_Combinations|1314058|cc|2|1|nan|2944,0,-0.835652,0,-0.101126,-1.01254e-09,0,0,0,-4.41631e-07,0,8.38865e-08,0,0,0,False,nan|2944,1314058
130_bNAb_Combinations|1314058|cc|3|1|nan|2944,0,-0.240488,0,0.0629717,4.11311e-09,0,0,0,4.63995e-08,0,-4.57873e-08,3.55271e-15,0,0,False,nan|2944,1314058
130_bNAb_Combinations|1314058|cc|4|1|nan|2944,0,-0.832159,0,0.17546,-7.79688e-10,0,0,0,3.39991e-07,0,-1.7752e-07,0,0,0,False,nan|2944,1314058
130_bNAb_Combinations|1314058|cc|5|1|nan|2944,0,-0.0347623,0,-0.252756,2.08662e-09,0,0,0,-3.30584e-07,0,-1.70793e-07,0,0,0,False,nan|2944,1314058
130_bNAb_Combinations|1314058|cc|6|1|nan|2944,0,0.761319,0,0.00684155,4.6141e-09,0,0,0,2.3368e-08,0,-8.63116e-09,3.55271e-15,0,0,False,nan|2944,1314058
130_bNAb_Combinations|1314058|cc|7|1|nan|2944,0,-0.506163,0,0.0149563,8.84684e-10,0,0,0,2.42853e-07,0,-9.29928e-08,7.10543e-15,0,0,False,nan|2944,1314058
130_bNAb_Combinations|1314058|cc|8|1|nan|2944,0,-0.268325,0,0.279434,2.41596e-09,0,0,0,-2.20717e-07,0,-2.22737e-08,0,0,0,False,nan|2944,1314058
130_bNAb_Combinations|1314058|sample|10|nan|2944,0,-7.62869,0,1.1269,1.89245e-09,0,0,0,-6.03615,0,1.16994,2.30926e-14,0,0,True,PGT121|2944,1314058
130_bNAb_Combinations|1314058|sample|11|nan|2944,0,-10.9324,0,-1.2093,-1.03025e-09,0,0,0,-6.76324,0,-1.20241,1.95399e-14,0,0,True,VRC07-523LS|2944,1314058
130_bNAb_Combinations|1314058|sample|12|nan|2944,0,-10.1832,0,-1.322,2.48058e-09,0,0,0,-6.39146,0,-1.273,-1.77636e-15,0,0,True,VRC07-523LS|2944,1314058
130_bNAb_Combinations|1314058|sample|3|nan|2944,0,-5.07923,0,2.58757,-2.67382e-09,0,0,0,-5.14909,0,2.63335,-8.52651e-14,0,0,True,PGDM1400|2944,1314058
130_bNAb_Combinations|1314058|sample|4|nan|2944,0,-4.98021,0,2.65245,1.52214e-09,0,0,0,-4.84934,0,2.74666,3.01981e-13,0,0,True,PGDM1400|2944,1314058
130_bNAb_Combinations|1314058|sample|5|nan|2944,0,-5.14354,0,2.70856,-2.1041e-09,0,0,0,-5.12543,0,2.73777,1.24345e-14,0,0,True,PGDM1400|2944,1314058
130_bNAb_Combinations|1314058|sample|6|nan|2944,0,-5.31542,0,3.01344,-4.49686e-09,0,0,0,-5.23926,0,3.01099,-3.19744e-14,0,0,True,PGDM1400|2944,1314058
130_bNAb_Combinations|1314058|sample|7|nan|2944,0,-5.30737,0,1.20251,-3.75293e-09,0,0,0,-5.19862,0,1.21933,3.19744e-14,0,0,True,PGT121|2944,1314058
130_bNAb_Combinations|1314058|sample|8|nan|2944,0,-7.71665,0,0.994135,-8.5507e-10,0,0,0,-5.83259,0,1.00522,-3.37508e-14,0,0,True,PGT121|2944,1314058
130_bNAb_Combinations|1314058|sample|9|nan|2944,0,-6.02348,0,1.30483,-2.35376e-09,0,0,0,-5.7805,0,1.26124,6.39488e-14,0,0,True,PGT121|2944,1314058
130_bNAb_Combinations|1314058|vc|1|2|nan|2944,0,-0.739851,0,-0.000828268,3.531e-09,0,0,0,-2.29673e-08,0,7.61228e-09,3.55271e-15,0,0,False,nan|2944,1314058
130_bNAb_Combinations|1314058|vc|2|2|nan|2944,0,0.162709,0,0.000564659,2.22833e-09,0,0,0,8.33359e-07,0,-6.11087e-09,-3.55271e-15,0,0,False,nan|2944,1314058
130_bNAb_Combinations|1314058|vc|3|2|nan|2944,0,0.0670894,0,-0.187716,-2.91814e-09,0,0,0,2.24643e-07,0,1.01653e-07,-3.55271e-15,0,0,False,nan|2944,1314058
130_bNAb_Combinations|1314058|vc|4|2|nan|2944,0,0.801387,0,-0.00864283,-3.19891e-10,0,0,0,-8.75381e-09,0,-1.10862e-07,0,0,0,False,nan|2944,1314058
130_bNAb_Combinations|1314058|vc|5|2|nan|2944,0,1.38302,0,-0.161591,-1.80334e-09,0,0,0,-2.96503e-07,0,9.69292e-08,0,0,0,False,nan|2944,1314058
130_bNAb_Combinations|1314058|vc|6|2|nan|2944,0,0.18304,0,-0.108075,-1.89219e-09,0,0,0,1.76177e-07,0,2.16043e-07,3.55271e-15,0,0,False,nan|2944,1314058
130_bNAb_Combinations|1314058|vc|7|2|nan|2944,0,0.348417,0,0.215028,-1.39408e-09,0,0,0,2.72033e-07,0,1.61637e-07,0,0,0,False,nan|2944,1314058
130_bNAb_Combinations|1314058|vc|8|2|nan|2944,0,-0.472656,0,-0.288238,-5.43213e-09,0,0,0,4.30706e-07,0,-2.33041e-07,0,0,0,False,nan|2944,1314058
130_bNAb_Combinations|1342240|cc|1|1|nan|1798,0,0.168,0,-0.337457,-2.42593e-09,0,0,0,1.09899e-07,0,-1.28875e-07,0,0,0,False,nan|1798,1342240
130_bNAb_Combinations|1342240|cc|2|1|nan|1798,0,-0.528793,0,0.100321,1.32481e-09,0,0,0,-6.56949e-07,0,1.04759e-08,-1.77636e-15,0,0,False,nan|1798,1342240
130_bNAb_Combinations|1342240|cc|3|1|nan|1798,0,-0.48791,0,0.0360692,-4.07747e-09,0,0,0,1.76003e-07,0,-2.14601e-08,-3.55271e-15,0,0,False,nan|1798,1342240
130_bNAb_Combinations|1342240|cc|4|1|nan|1798,0,-1.67533,0,0.0852797,6.52406e-11,0,0,0,-9.96915e-08,0,-1.4795e-07,0,0,0,False,nan|1798,1342240
130_bNAb_Combinations|1342240|cc|5|1|nan|1798,0,0.513823,0,0.10544,1.15092e-09,0,0,0,-3.32674e-08,0,-1.33499e-07,3.55271e-15,0,0,False,nan|1798,1342240
130_bNAb_Combinations|1342240|cc|6|1|nan|1798,0,0.120415,0,-0.21698,-3.29317e-09,0,0,0,-2.65179e-07,0,6.50524e-08,1.77636e-15,0,0,False,nan|1798,1342240
130_bNAb_Combinations|1342240|cc|7|1|nan|1798,0,0.201255,0,0.019129,1.73395e-09,0,0,0,6.2076e-07,0,-3.78408e-08,3.55271e-15,0,0,False,nan|1798,1342240
130_bNAb_Combinations|1342240|cc|8|1|nan|1798,0,0.109094,0,-0.198074,3.37282e-09,0,0,0,3.03011e-07,0,1.72673e-07,3.55271e-15,0,0,False,nan|1798,1342240
130_bNAb_Combinations|1342240|sample|3|nan|1798,0,-12.2982,0,-2.87681,-3.69573e-09,0,0,0,-7.40363,0,-2.89357,-1.77636e-15,0,0,True,VRC07-523LS|1798,1342240
130_bNAb_Combinations|1342240|sample|4|nan|1798,0,-12.4576,0,-2.8543,9.85024e-09,0,0,0,-8.09599,0,-2.86222,-1.95399e-14,0,0,True,VRC07-523LS|1798,1342240
130_bNAb_Combinations|1342240|sample|8|nan|1798,0,-11.0276,0,0.188718,-3.18702e-09,0,0,0,-6.98298,0,4.63923e-07,5.32907e-15,0,0,True,VRC07-523LS|1798,1342240
130_bNAb_Combinations|1342240|vc|1|2|nan|1798,0,0.946423,0,0.084374,3.09816e-09,0,0,0,-7.63344e-07,0,-1.00489e-07,1.77636e-15,0,0,False,nan|1798,1342240
130_bNAb_Combinations|1342240|vc|2|2|nan|1798,0,-0.664112,0,0.143145,6.8427e-09,0,0,0,-6.64808e-08,0,-5.81763e-08,3.55271e-15,0,0,False,nan|1798,1342240
130_bNAb_Combinations|1342240|vc|3|2|nan|1798,0,0.105434,0,-0.111177,-4.02213e-09,0,0,0,2.63635e-07,0,5.70835e-08,-1.77636e-15,0,0,False,nan|1798,1342240
130_bNAb_Combinations|1342240|vc|4|2|nan|1798,0,0.360332,0,0.00136249,1.20756e-10,0,0,0,5.9228e-07,0,-2.11522e-07,0,0,0,False,nan|1798,1342240
130_bNAb_Combinations|1342240|vc|5|2|nan|1798,0,0.438928,0,-0.215011,6.05026e-09,0,0,0,-3.51554e-07,0,-8.48677e-08,0,0,0,False,nan|1798,1342240
130_bNAb_Combinations|1342240|vc|6|2|nan|1798,0,-0.756908,0,0.164323,-1.51946e-09,0,0,0,3.08504e-07,0,-2.65642e-07,-5.32907e-15,0,0,False,nan|1798,1342240
130_bNAb_Combinations|1342240|vc|7|2|nan|1798,0,-0.0131121,0,-0.0189314,2.10487e-10,0,0,0,-3.61407e-07,0,-1.18993e-07,0,0,0,False,nan|1798,1342240
130_bNAb_Combinations|1342240|vc|8|2|nan|1798,0,0.459342,0,0.199771,2.25358e-09,0,0,0,-4.69799e-07,0,-6.71207e-09,1.77636e-15,0,0,False,nan|1798,1342240
130_bNAb_Combinations|1342258|cc|1|1|TRO.11|8301,0,-0.551235,0,-0.204546,-6.68262e-09,0,0,0,1.25353e-07,0,-1.53114e-07,-3.55271e-15,0,0,False,nan|TRO.11,1342258
130_bNAb_Combinations|1342258|cc|2|1|TRO.11|8301,0,0.863852,0,-0.153,-3.20262e-10,0,0,0,-3.34824e-08,0,9.03292e-08,0,0,0,False,nan|TRO.11,1342258
130_bNAb_Combinations|1342258|cc|3|1|TRO.11|8301,0,0.655411,0,0.106354,-5.6788e-09,0,0,0,-1.67214e-07,0,-1.4907e-07,0,0,0,False,nan|TRO.11,1342258
130_bNAb_Combinations|1342258|cc|4|1|TRO.11|8301,0,-0.13752,0,-0.0842466,-1.96946e-10,0,0,0,-5.89895e-07,0,-2.50596e-08,7.10543e-15,0,0,False,nan|TRO.11,1342258
130_bNAb_Combinations|1342258|cc|5|1|TRO.11|8301,0,0.919443,0,-0.117582,4.32461e-09,0,0,0,-2.15454e-08,0,1.38256e-07,1.77636e-15,0,0,False,nan|TRO.11,1342258
130_bNAb_Combinations|1342258|cc|6|1|TRO.11|8301,0,0.876127,0,0.0654973,1.07219e-08,0,0,0,2.42155e-07,0,7.00798e-08,0,0,0,False,nan|TRO.11,1342258
130_bNAb_Combinations|1342258|cc|7|1|TRO.11|8301,0,0.183883,0,0.132041,3.43476e-09,0,0,0,3.08178e-07,0,9.77814e-08,0,0,0,False,nan|TRO.11,1342258
130_bNAb_Combinations|1342258|cc|8|1|TRO.11|8301,0,-1.04051,0,-0.0767746,1.29781e-09,0,0,0,3.22242e-07,0,8.23703e-08,-3.55271e-15,0,0,False,nan|TRO.11,1342258
130_bNAb_Combinations|1342258|sample|3|TRO.11|8301,0,-12.8295,0,-1.57992,3.74341e-09,0,0,0,-7.05392,0,-1.5912,4.26326e-14,0,0,True,VRC07-523LS|TRO.11,1342258
130_bNAb_Combinations|1342258|sample|4|TRO.11|8301,0,-10.7547,0,-1.61764,6.09655e-10,0,0,0,-6.91261,0,-1.66058,0,0,0,True,VRC07-523LS|TRO.11,1342258
130_bNAb_Combinations|1342258|vc|1|2|TRO.11|8301,0,0.320778,0,0.290544,3.11565e-09,0,0,0,-3.11287e-07,0,5.59522e-08,0,0,0,False,nan|TRO.11,1342258
130_bNAb_Combinations|1342258|vc|2|2|TRO.11|8301,0,-0.262208,0,-0.0973351,1.14958e-09,0,0,0,4.97195e-07,0,6.4292e-08,-3.55271e-15,0,0,False,nan|TRO.11,1342258
130_bNAb_Combinations|1342258|vc|3|2|TRO.11|8301,0,0.701786,0,0.14023,-2.07527e-09,0,0,0,1.16897e-07,0,-8.24897e-08,0,0,0,False,nan|TRO.11,1342258
130_bNAb_Combinations|1342258|vc|4|2|TRO.11|8301,0,-1.2228,0,0.18303,2.51886e-09,0,0,0,3.78581e-07,0,-8.53893e-08,-1.77636e-15,0,0,False,nan|TRO.11,1342258
130_bNAb_Combinations|1342258|vc|5|2|TRO.11|8301,0,0.623136,0,0.249255,1.69752e-09,0,0,0,3.0288e-07,0,-2.1215e-08,0,0,0,False,nan|TRO.11,1342258
130_bNAb_Combinations|1342258|vc|6|2|TRO.11|8301,0,-0.463001,0,-0.0618335,3.38809e-09,0,0,0,7.24563e-08,0,-4.42449e-08,0,0,0,False,nan|TRO.11,1342258
130_bNAb_Combinations|1342258|vc|7|2|TRO.11|8301,0,-0.432748,0,0.275406,-5.28044e-09,0,0,0,5.69064e-08,0,2.42106e-08,3.55271e-15,0,0,False,nan|TRO.11,1342258
130_bNAb_Combinations|1342258|vc|8|2|TRO.11|8301,0,-0.686071,0,0.125204,4.2429e-09,0,0,0,-5.14604e-07,0,-5.25943e-07,3.55271e-15,0,0,False,nan|TRO.11,1342258
130_bNAb_Combinations|1342276|cc|1|1|Ce1176_A3|7023,0,-0.801293,0,-0.256405,-1.87978e-09,0,0,0,-7.35181e-09,0,1.35452e-07,1.77636e-15,0,0,False,nan|Ce1176_A3,1342276
130_bNAb_Combinations|1342276|cc|2|1|Ce1176_A3|7023,0,-0.396274,0,0.0943732,1.24912e-09,0,0,0,-1.66846e-07,0,-2.85074e-08,1.77636e-15,0,0,False,nan|Ce1176_A3,1342276
130_bNAb_Combinations|1342276|cc|3|1|Ce1176_A3|7023,0,-0.558268,0,-0.0806638,1.06668e-09,0,0,0,3.95181e-07,0,1.15493e-07,1.77636e-15,0,0,False,nan|Ce1176_A3,1342276
130_bNAb_Combinations|1342276|cc|4|1|Ce1176_A3|7023,0,-0.550299,0,0.103175,-6.79028e-10,0,0,0,-5.49387e-07,0,-3.23848e-08,-5.32907e-15,0,0,False,nan|Ce1176_A3,1342276
130_bNAb_Combinations|1342276|cc|5|1|Ce1176_A3|7023,0,0.0696144,0,-0.135322,-2.85309e-10,0,0,0,-4.99705e-08,0,-8.71133e-08,-1.77636e-15,0,0,False,nan|Ce1176_A3,1342276
130_bNAb_Combinations|1342276|cc|6|1|Ce1176_A3|7023,0,0.619709,0,-0.19853,5.25758e-09,0,0,0,1.72577e-07,0,-7.53835e-09,-7.10543e-15,0,0,False,nan|Ce1176_A3,1342276
130_bNAb_Combinations|1342276|cc|7|1|Ce1176_A3|7023,0,0.790554,0,-0.15412,1.01131e-09,0,0,0,2.74692e-07,0,9.81765e-08,-1.77636e-15,0,0,False,nan|Ce1176_A3,1342276
130_bNAb_Combinations|1342276|cc|8|1|Ce1176_A3|7023,0,-1.46537,0,0.00668125,-3.54125e-10,0,0,0,-1.59927e-07,0,-1.21775e-07,-1.77636e-15,0,0,False,nan|Ce1176_A3,1342276
130_bNAb_Combinations|1342276|sample|3|Ce1176_A3|7023,0,-10.9597,0,-2.27535,-8.7148e-09,0,0,0,-7.22128,0,-2.27925,3.55271e-15,0,0,True,VRC07-523LS|Ce1176_A3,1342276
130_bNAb_Combinations|1342276|sample|4|Ce1176_A3|7023,0,-12.3364,0,-2.37802,-2.4753e-09,0,0,0,-7.7242,0,-2.36527,3.55271e-15,0,0,True,VRC07-523LS|Ce1176_A3,1342276
130_bNAb_Combinations|1342276|vc|1|2|Ce1176_A3|7023,0,-0.488458,0,-0.208982,1.26238e-09,0,0,0,3.02896e-07,0,1.09579e-07,1.77636e-15,0,0,False,nan|Ce1176_A3,1342276
130_bNAb_Combinations|1342276|vc|2|2|Ce1176_A3|7023,0,-0.970897,0,-0.0801086,-4.81851e-11,0,0,0,-2.10234e-06,0,-1.35457e-07,5.32907e-15,0,0,False,nan|Ce1176_A3,1342276
130_bNAb_Combinations|1342276|vc|3|2|Ce1176_A3|7023,0,0.117557,0,0.163768,-5.75901e-09,0,0,0,7.64277e-08,0,2.57071e-07,-1.77636e-15,0,0,False,nan|Ce1176_A3,1342276
130_bNAb_Combinations|1342276|vc|4|2|Ce1176_A3|7023,0,0.842622,0,-0.0663498,2.38757e-09,0,0,0,-2.31119e-07,0,-4.33476e-08,1.77636e-15,0,0,False,nan|Ce1176_A3,1342276
130_bNAb_Combinations|1342276|vc|5|2|Ce1176_A3|7023,0,-1.24437,0,-0.0513869,-3.4141e-09,0,0,0,3.52324e-07,0,-6.32028e-08,-1.77636e-15,0,0,False,nan|Ce1176_A3,1342276
130_bNAb_Combinations|1342276|vc|6|2|Ce1176_A3|7023,0,-0.969062,0,0.30402,2.18471e-09,0,0,0,3.67725e-08,0,-1.03709e-08,1.77636e-15,0,0,False,nan|Ce1176_A3,1342276
130_bNAb_Combinations|1342276|vc|7|2|Ce1176_A3|7023,0,-0.0236924,0,-0.100777,4.97442e-09,0,0,0,1.49331e-07,0,9.16279e-08,0,0,0,False,nan|Ce1176_A3,1342276
130_bNAb_Combinations|1342276|vc|8|2|Ce1176_A3|7023,0,0.682414,0,0.0791843,1.40234e-09,0,0,0,-1.35785e-07,0,8.50067e-08,1.77636e-15,0,0,False,nan|Ce1176_A3,1342276
130_bNAb_Combinations|1342294|cc|1|1|nan|1176,0,-0.107588,0,-0.157462,7.20954e-09,0,0,0,-4.05252e-07,0,-1.44445e-07,1.77636e-15,0,0,False,nan|1176,1342294
130_bNAb_Combinations|1342294|cc|2|1|nan|1176,0,0.238849,0,-0.126667,-7.74347e-09,0,0,0,-3.38008e-07,0,7.82637e-08,0,0,0,False,nan|1176,1342294
130_bNAb_Combinations|1342294|cc|3|1|nan|1176,0,0.340102,0,-0.040343,4.01554e-09,0,0,0,1.28596e-07,0,7.14264e-08,-5.32907e-15,0,0,False,nan|1176,1342294
130_bNAb_Combinations|1342294|cc|4|1|nan|1176,0,0.554677,0,0.149108,1.45019e-09,0,0,0,7.14032e-08,0,-2.46161e-07,-1.77636e-15,0,0,False,nan|1176,1342294
130_bNAb_Combinations|1342294|cc|5|1|nan|1176,0,-0.126807,0,0.130473,-5.02777e-10,0,0,0,-4.00542e-07,0,-1.10276e-08,1.77636e-15,0,0,False,nan|1176,1342294
130_bNAb_Combinations|1342294|cc|6|1|nan|1176,0,0.319293,0,-0.0447228,2.53642e-09,0,0,0,-6.13113e-08,0,4.07851e-09,-1.77636e-15,0,0,False,nan|1176,1342294
130_bNAb_Combinations|1342294|cc|7|1|nan|1176,0,-0.804715,0,-0.0708748,9.10325e-10,0,0,0,3.82745e-07,0,-1.86972e-08,1.77636e-15,0,0,False,nan|1176,1342294
130_bNAb_Combinations|1342294|cc|8|1|nan|1176,0,-0.335574,0,-0.00707689,-9.54747e-11,0,0,0,-5.5386e-07,0,1.90449e-07,-1.77636e-15,0,0,False,nan|1176,1342294
130_bNAb_Combinations|1342294|sample|3|nan|1176,0,-5.45798,0,-0.782629,1.31009e-09,0,0,0,-5.124,0,-0.76557,-7.81597e-14,0,0,True,VRC07-523LS|1176,1342294
130_bNAb_Combinations|1342294|sample|4|nan|1176,0,-5.63892,0,-0.95083,1.16748e-09,0,0,0,-5.42041,0,-0.937415,3.01981e-14,0,0,True,VRC07-523LS|1176,1342294
130_bNAb_Combinations|1342294|sample|8|nan|1176,0,-4.80897,0,0.115927,-2.24096e-09,0,0,0,-4.67978,0,1.29874e-07,-1.06581e-14,0,0,True,VRC07-523LS|1176,1342294
130_bNAb_Combinations|1342294|vc|1|2|nan|1176,0,0.264264,0,0.0523517,-8.02025e-10,0,0,0,-3.6274e-07,0,1.09075e-09,-5.32907e-15,0,0,False,nan|1176,1342294
130_bNAb_Combinations|1342294|vc|2|2|nan|1176,0,-0.0755638,0,-0.282646,1.06224e-09,0,0,0,-1.87402e-07,0,-2.01467e-07,0,0,0,False,nan|1176,1342294
130_bNAb_Combinations|1342294|vc|3|2|nan|1176,0,0.0366367,0,0.0364555,-3.2988e-09,0,0,0,-4.78489e-08,0,1.21138e-07,1.77636e-15,0,0,False,nan|1176,1342294
130_bNAb_Combinations|1342294|vc|4|2|nan|1176,0,-0.928034,0,-0.032131,4.29299e-09,0,0,0,4.03942e-07,0,-5.24552e-08,1.77636e-15,0,0,False,nan|1176,1342294
130_bNAb_Combinations|1342294|vc|5|2|nan|1176,0,0.111024,0,0.128862,-2.7402e-09,0,0,0,9.81873e-08,0,4.45684e-08,5.32907e-15,0,0,False,nan|1176,1342294
130_bNAb_Combinations|1342294|vc|6|2|nan|1176,0,0.448883,0,-0.202202,1.4998e-09,0,0,0,-2.49885e-07,0,-1.6296e-07,-1.77636e-15,0,0,False,nan|1176,1342294
130_bNAb_Combinations|1342294|vc|7|2|nan|1176,0,-0.219742,0,0.355912,1.93674e-09,0,0,0,4.59944e-07,0,-1.2053e-07,-1.77636e-15,0,0,False,nan|1176,1342294
130_bNAb_Combinations|1342294|vc|8|2|nan|1176,0,0.195131,0,-0.201836,4.99292e-09,0,0,0,-3.39845e-07,0,-4.16779e-08,-1.77636e-15,0,0,False,nan|1176,1342294
130_bNAb_Combinations|1342312|cc|1|1|RHPA4259.7|5371,0,0.279646,0,-0.138623,-1.93562e-09,0,0,0,3.80989e-07,0,9.5706e-08,0,0,0,False,nan|RHPA4259.7,1342312
130_bNAb_Combinations|1342312|cc|2|1|RHPA4259.7|5371,0,-0.239431,0,0.185725,1.66615e-09,0,0,0,5.39441e-07,0,-4.17034e-08,0,0,0,False,nan|RHPA4259.7,1342312
130_bNAb_Combinations|1342312|cc|3|1|RHPA4259.7|5371,0,-0.79582,0,-0.14865,6.56229e-09,0,0,0,8.96568e-08,0,-2.45952e-07,3.55271e-15,0,0,False,nan|RHPA4259.7,1342312
130_bNAb_Combinations|1342312|cc|4|1|RHPA4259.7|5371,0,-0.70797,0,-0.0815051,7.08685e-09,0,0,0,-2.88356e-07,0,-5.93152e-08,0,0,0,False,nan|RHPA4259.7,1342312
130_bNAb_Combinations|1342312|cc|5|1|RHPA4259.7|5371,0,0.29287,0,-0.245487,7.41796e-10,0,0,0,3.88507e-07,0,9.70145e-08,-1.77636e-15,0,0,False,nan|RHPA4259.7,1342312
130_bNAb_Combinations|1342312|cc|6|1|RHPA4259.7|5371,0,0.618317,0,0.306436,5.89513e-10,0,0,0,-4.6769e-08,0,-4.98497e-08,1.77636e-15,0,0,False,nan|RHPA4259.7,1342312
130_bNAb_Combinations|1342312|cc|7|1|RHPA4259.7|5371,0,0.15936,0,0.379026,-2.92948e-09,0,0,0,1.08638e-07,0,1.82968e-07,0,0,0,False,nan|RHPA4259.7,1342312
130_bNAb_Combinations|1342312|cc|8|1|RHPA4259.7|5371,0,1.20099,0,0.069386,2.12858e-09,0,0,0,1.28259e-07,0,8.77858e-08,0,0,0,False,nan|RHPA4259.7,1342312
130_bNAb_Combinations|1342312|sample|3|RHPA4259.7|5371,0,-9.35996,0,-0.747675,1.01829e-09,0,0,0,-6.36454,0,-0.665851,3.55271e-14,0,0,True,VRC07-523LS|RHPA4259.7,1342312
130_bNAb_Combinations|1342312|sample|4|RHPA4259.7|5371,0,-8.84515,0,-0.640429,3.2381e-09,0,0,0,-6.46568,0,-0.588728,-1.42109e-14,0,0,True,VRC07-523LS|RHPA4259.7,1342312
130_bNAb_Combinations|1342312|vc|1|2|RHPA4259.7|5371,0,0.459042,0,-0.141276,-6.08906e-10,0,0,0,-3.36211e-07,0,-4.51872e-08,0,0,0,False,nan|RHPA4259.7,1342312
130_bNAb_Combinations|1342312|vc|2|2|RHPA4259.7|5371,0,0.12924,0,-0.0245851,-1.20281e-09,0,0,0,-2.46473e-07,0,-1.41666e-08,-3.55271e-15,0,0,False,nan|RHPA4259.7,1342312
130_bNAb_Combinations|1342312|vc|3|2|RHPA4259.7|5371,0,0.362777,0,0.279263,5.21064e-09,0,0,0,-1.01324e-07,0,-1.30406e-07,-3.55271e-15,0,0,False,nan|RHPA4259.7,1342312
130_bNAb_Combinations|1342312|vc|4|2|RHPA4259.7|5371,0,-0.297352,0,0.236133,3.35018e-09,0,0,0,2.17327e-08,0,1.5703e-07,0,0,0,False,nan|RHPA4259.7,1342312
130_bNAb_Combinations|1342312|vc|5|2|RHPA4259.7|5371,0,0.0977035,0,-0.096222,-1.64309e-09,0,0,0,3.57775e-07,0,1.21153e-07,0,0,0,False,nan|RHPA4259.7,1342312
130_bNAb_Combinations|1342312|vc|6|2|RHPA4259.7|5371,0,0.570585,0,0.0273897,-3.09521e-09,0,0,0,-1.75403e-07,0,-7.41696e-08,1.77636e-15,0,0,False,nan|RHPA4259.7,1342312
130_bNAb_Combinations|1342312|vc|7|2|RHPA4259.7|5371,0,-0.878726,0,0.185209,-8.17496e-09,0,0,0,2.3697e-07,0,-9.13325e-08,0,0,0,False,nan|RHPA4259.7,1342312
130_bNAb_Combinations|1342312|vc|8|2|RHPA4259.7|5371,0,-0.0152558,0,-0.116515,2.81446e-09,0,0,0,-2.60727e-08,0,-7.45469e-09,3.55271e-15,0,0,False,nan|RHPA4259.7,1342312
130_bNAb_Combinations|1342336|cc|1|1|nan|3430,0,-0.566113,0,-0.0780429,2.87604e-09,0,0,0,-3.79267e-07,0,-1.25779e-07,-1.77636e-15,0,0,False,nan|3430,1342336
130_bNAb_Combinations|1342336|cc|2|1|nan|3430,0,-0.931369,0,0.0124716,2.07095e-09,0,0,0,-7.43988e-07,0,1.1536e-07,0,0,0,False,nan|3430,1342336
130_bNAb_Combinations|1342336|cc|3|1|nan|3430,0,-0.637177,0,0.0510329,-8.46006e-09,0,0,0,-5.04017e-08,0,-3.78917e-08,0,0,0,False,nan|3430,1342336
130_bNAb_Combinations|1342336|cc|4|1|nan|3430,0,0.207477,0,0.207708,9.97191e-10,0,0,0,1.05227e-07,0,-1.94058e-07,-1.77636e-15,0,0,False,nan|3430,1342336
130_bNAb_Combinations|1342336|cc|5|1|nan|3430,0,-0.493416,0,-0.0801143,5.62374e-09,0,0,0,8.79427e-08,0,-3.00897e-08,0,0,0,False,nan|3430,1342336
130_bNAb_Combinations|1342336|cc|6|1|nan|3430,0,-0.420665,0,0.116847,-4.276e-09,0,0,0,-1.66865e-07,0,8.3391e-08,0,0,0,False,nan|3430,1342336
130_bNAb_Combinations|1342336|cc|7|1|nan|3430,0,0.553371,0,0.159172,5.43963e-09,0,0,0,1.60065e-07,0,-1.53875e-07,-1.77636e-15,0,0,False,nan|3430,1342336
130_bNAb_Combinations|1342336|cc|8|1|nan|3430,0,-0.19761,0,-0.275453,-5.68582e-09,0,0,0,-2.93518e-07,0,7.65888e-08,5.32907e-15,0,0,False,nan|3430,1342336
130_bNAb_Combinations|1342336|sample|3|nan|3430,0,-9.36838,0,-0.641464,5.2639e-09,0,0,0,-6.24206,0,-0.629927,3.37508e-14,0,0,True,VRC07-523LS|3430,1342336
130_bNAb_Combinations|1342336|sample|4|nan|3430,0,-10.39,0,-0.647527,-5.38339e-09,0,0,0,-6.75497,0,-0.669278,-4.44089e-14,0,0,True,VRC07-523LS|3430,1342336
130_bNAb_Combinations|1342336|sample|5|nan|3430,0,-10.594,0,0.800459,-8.33184e-10,0,0,0,-6.44548,0,0.00014923,-5.32907e-15,0,0,True,VRC07-523LS|3430,1342336
130_bNAb_Combinations|1342336|vc|1|2|nan|3430,0,-0.251773,0,0.0304509,1.29444e-09,0,0,0,4.63054e-07,0,6.98385e-08,-1.77636e-15,0,0,False,nan|3430,1342336
130_bNAb_Combinations|1342336|vc|2|2|nan|3430,0,0.374726,0,0.0667517,7.5987e-11,0,0,0,3.50798e-07,0,1.48635e-08,-1.77636e-15,0,0,False,nan|3430,1342336
130_bNAb_Combinations|1342336|vc|3|2|nan|3430,0,0.40738,0,-0.163386,3.96218e-10,0,0,0,8.09242e-07,0,-1.7602e-07,-3.55271e-15,0,0,False,nan|3430,1342336
130_bNAb_Combinations|1342336|vc|4|2|nan|3430,0,1.23069,0,0.347536,-2.3842e-09,0,0,0,1.23265e-07,0,2.35976e-07,1.77636e-15,0,0,False,nan|3430,1342336
130_bNAb_Combinations|1342336|vc|5|2|nan|3430,0,0.331195,0,-0.0200255,5.0212e-10,0,0,0,3.1251e-07,0,7.66061e-08,1.77636e-15,0,0,False,nan|3430,1342336
130_bNAb_Combinations|1342336|vc|6|2|nan|3430,0,0.0842163,0,-0.00871857,-3.36447e-09,0,0,0,-8.27566e-07,0,1.45514e-07,5.32907e-15,0,0,False,nan|3430,1342336
130_bNAb_Combinations|1342336|vc|7|2|nan|3430,0,-0.876161,0,0.268355,-3.93136e-09,0,0,0,-2.88405e-07,0,-8.20769e-08,1.77636e-15,0,0,False,nan|3430,1342336
130_bNAb_Combinations|1342336|vc|8|2|nan|3430,0,0.0542964,0,0.0290644,-4.90595e-09,0,0,0,8.53699e-08,0,4.4096e-08,1.77636e-15,0,0,False,nan|3430,1342336
130_bNAb_Combinations|1342348|cc|1|1|nan|4166,0,0.949083,0,-0.107955,1.30323e-09,0,0,0,3.546e-07,0,4.00511e-08,1.77636e-15,0,0,False,nan|4166,1342348
130_bNAb_Combinations|1342348|cc|2|1|nan|4166,0,0.291772,0,0.0621267,-3.24541e-10,0,0,0,-2.56713e-07,0,-1.0405e-07,1.77636e-15,0,0,False,nan|4166,1342348
130_bNAb_Combinations|1342348|cc|3|1|nan|4166,0,1.24385,0,0.0773613,-6.40699e-09,0,0,0,-3.89346e-07,0,1.60134e-07,1.77636e-15,0,0,False,nan|4166,1342348
130_bNAb_Combinations|1342348|cc|4|1|nan|4166,0,-0.638659,0,0.200563,3.30579e-09,0,0,0,-6.54916e-07,0,7.32047e-08,-1.77636e-15,0,0,False,nan|4166,1342348
130_bNAb_Combinations|1342348|cc|5|1|nan|4166,0,0.303323,0,-0.325392,8.26298e-09,0,0,0,-2.82971e-07,0,-2.22973e-07,-1.77636e-15,0,0,False,nan|4166,1342348
130_bNAb_Combinations|1342348|cc|6|1|nan|4166,0,-1.51709,0,0.0187152,-2.08752e-09,0,0,0,-5.70128e-08,0,-2.30415e-07,1.77636e-15,0,0,False,nan|4166,1342348
130_bNAb_Combinations|1342348|cc|7|1|nan|4166,0,0.224538,0,-0.110733,5.73842e-11,0,0,0,-4.46174e-06,0,2.40574e-07,3.55271e-15,0,0,False,nan|4166,1342348
130_bNAb_Combinations|1342348|cc|8|1|nan|4166,0,-0.355898,0,0.0128668,2.15161e-09,0,0,0,-4.30882e-07,0,-6.35918e-08,0,0,0,False,nan|4166,1342348
130_bNAb_Combinations|1342348|sample|3|nan|4166,0,-12.3896,0,0.103879,5.22509e-09,0,0,0,-8.0123,0,0.122157,8.88178e-15,0,0,True,VRC07-523LS|4166,1342348
130_bNAb_Combinations|1342348|sample|4|nan|4166,0,-10.1581,0,0.201934,1.13634e-09,0,0,0,-6.70554,0,0.224824,-3.55271e-15,0,0,True,VRC07-523LS|4166,1342348
130_bNAb_Combinations|1342348|vc|1|2|nan|4166,0,-0.854415,0,0.0859813,1.17908e-09,0,0,0,-5.84109e-09,0,-2.27568e-08,-5.32907e-15,0,0,False,nan|4166,1342348
130_bNAb_Combinations|1342348|vc|2|2|nan|4166,0,1.4255,0,-0.232533,-1.92003e-09,0,0,0,-1.14426e-07,0,-1.89494e-09,-1.77636e-15,0,0,False,nan|4166,1342348
130_bNAb_Combinations|1342348|vc|3|2|nan|4166,0,-0.0118748,0,-0.172749,1.92375e-10,0,0,0,1.16961e-07,0,1.12192e-08,-5.32907e-15,0,0,False,nan|4166,1342348
130_bNAb_Combinations|1342348|vc|4|2|nan|4166,0,-0.552894,0,-0.20393,-5.50403e-09,0,0,0,-1.88481e-07,0,1.82512e-07,0,0,0,False,nan|4166,1342348
130_bNAb_Combinations|1342348|vc|5|2|nan|4166,0,-0.0271471,0,-0.135137,1.35011e-09,0,0,0,3.68037e-08,0,-1.22709e-07,0,0,0,False,nan|4166,1342348
130_bNAb_Combinations|1342348|vc|6|2|nan|4166,0,0.0683121,0,0.135719,-2.70912e-09,0,0,0,2.9659e-07,0,1.79814e-07,3.55271e-15,0,0,False,nan|4166,1342348
130_bNAb_Combinations|1342348|vc|7|2|nan|4166,0,0.578512,0,-0.00399535,3.29679e-09,0,0,0,1.95131e-07,0,7.25023e-09,5.32907e-15,0,0,False,nan|4166,1342348
130_bNAb_Combinations|1342348|vc|8|2|nan|4166,0,-0.771033,0,-0.135887,-4.66881e-09,0,0,0,4.09672e-07,0,9.70359e-10,5.32907e-15,0,0,False,nan|4166,1342348
130_bNAb_Combinations|1342372|cc|1|1|nan|2944,0,0.819236,0,-0.102204,3.74522e-09,0,0,0,2.83858e-07,0,1.21822e-07,3.55271e-15,0,0,False,nan|2944,1342372
130_bNAb_Combinations|1342372|cc|2|1|nan|2944,0,0.541749,0,0.342001,1.10954e-09,0,0,0,-1.15493e-07,0,-1.21183e-07,-3.55271e-15,0,0,False,nan|2944,1342372
130_bNAb_Combinations|1342372|cc|3|1|nan|2944,0,0.776527,0,0.0358847,4.05715e-09,0,0,0,-1.49255e-07,0,-7.16052e-08,0,0,0,False,nan|2944,1342372
130_bNAb_Combinations|1342372|cc|4|1|nan|2944,0,0.67888,0,0.0454892,-2.90323e-09,0,0,0,2.19157e-07,0,7.8324e-08,0,0,0,False,nan|2944,1342372
130_bNAb_Combinations|1342372|cc|5|1|nan|2944,0,0.365955,0,-0.0940708,3.48645e-09,0,0,0,4.49876e-07,0,2.30907e-08,0,0,0,False,nan|2944,1342372
130_bNAb_Combinations|1342372|cc|6|1|nan|2944,0,0.878734,0,0.0720276,-5.88451e-09,0,0,0,3.34136e-09,0,-1.1628e-07,-1.77636e-15,0,0,False,nan|2944,1342372
130_bNAb_Combinations|1342372|cc|7|1|nan|2944,0,-0.154929,0,0.119352,6.2442e-09,0,0,0,-2.81915e-07,0,-2.17021e-07,-3.55271e-15,0,0,False,nan|2944,1342372
130_bNAb_Combinations|1342372|cc|8|1|nan|2944,0,0.520868,0,-0.335238,-4.58878e-09,0,0,0,6.24413e-07,0,1.10453e-07,0,0,0,False,nan|2944,1342372
130_bNAb_Combinations|1342372|sample|3|nan|2944,0,-9.2612,0,-1.31387,-4.56209e-09,0,0,0,-6.56591,0,-1.29972,8.88178e-15,0,0,True,VRC07-523LS|2944,1342372
130_bNAb_Combinations|1342372|sample|4|nan|2944,0,-6.55995,0,-1.12971,1.22484e-08,0,0,0,-6.00754,0,-1.13904,5.32907e-15,0,0,True,VRC07-523LS|2944,1342372
130_bNAb_Combinations|1342372|vc|1|2|nan|2944,0,-0.726913,0,0.0412979,2.02471e-09,0,0,0,-4.2012e-08,0,-1.59541e-07,3.55271e-15,0,0,False,nan|2944,1342372
130_bNAb_Combinations|1342372|vc|2|2|nan|2944,0,0.552779,0,0.162915,1.50763e-09,0,0,0,-1.32536e-07,0,5.89904e-08,0,0,0,False,nan|2944,1342372
130_bNAb_Combinations|1342372|vc|3|2|nan|2944,0,0.132588,0,-0.0309617,-2.8985e-10,0,0,0,-2.6946e-07,0,3.51675e-08,1.77636e-15,0,0,False,nan|2944,1342372
130_bNAb_Combinations|1342372|vc|4|2|nan|2944,0,0.309065,0,-0.202963,8.61772e-10,0,0,0,4.60979e-09,0,1.98491e-07,0,0,0,False,nan|2944,1342372
130_bNAb_Combinations|1342372|vc|5|2|nan|2944,0,-0.359472,0,0.122518,5.30801e-09,0,0,0,-3.46678e-07,0,-1.2833e-07,0,0,0,False,nan|2944,1342372
130_bNAb_Combinations|1342372|vc|6|2|nan|2944,0,-0.704908,0,0.0144078,-7.11257e-10,0,0,0,1.12145e-07,0,-1.38042e-07,-3.55271e-15,0,0,False,nan|2944,1342372
130_bNAb_Combinations|1342372|vc|7|2|nan|2944,0,0.00889912,0,-0.146997,7.01527e-09,0,0,0,-3.65401e-07,0,-9.84143e-09,0,0,0,False,nan|2944,1342372
130_bNAb_Combinations|1342372|vc|8|2|nan|2944,0,1.30027,0,-0.136029,2.56216e-09,0,0,0,4.90531e-08,0,1.06338e-08,3.55271e-15,0,0,False,nan|2944,1342372
130_bNAb_Combinations|1342384|cc|1|1|nan|2946,0,0.410456,0,-0.178448,-5.14281e-09,0,0,0,-7.19229e-07,0,-8.49511e-08,-1.77636e-15,0,0,False,nan|2946,1342384
130_bNAb_Combinations|1342384|cc|2|1|nan|2946,0,0.805638,0,0.011935,3.86e-09,0,0,0,-5.21597e-07,0,-6.03602e-08,0,0,0,False,nan|2946,1342384
130_bNAb_Combinations|1342384|cc|3|1|nan|2946,0,-0.11607,0,0.0910847,1.88846e-09,0,0,0,2.37373e-07,0,1.21201e-07,3.55271e-15,0,0,False,nan|2946,1342384
130_bNAb_Combinations|1342384|cc|4|1|nan|2946,0,-0.182054,0,-0.180852,4.17988e-09,0,0,0,6.80984e-07,0,2.62486e-07,-1.77636e-15,0,0,False,nan|2946,1342384
130_bNAb_Combinations|1342384|cc|5|1|nan|2946,0,-0.598608,0,-0.120159,-5.59664e-10,0,0,0,1.25387e-07,0,1.72457e-07,-1.77636e-15,0,0,False,nan|2946,1342384
130_bNAb_Combinations|1342384|cc|6|1|nan|2946,0,1.36609,0,0.0713473,3.59331e-09,0,0,0,2.71714e-07,0,1.975e-07,-1.77636e-15,0,0,False,nan|2946,1342384
130_bNAb_Combinations|1342384|cc|7|1|nan|2946,0,-0.506358,0,-0.075699,-4.17858e-09,0,0,0,-4.13707e-08,0,-1.53166e-07,-3.55271e-15,0,0,False,nan|2946,1342384
130_bNAb_Combinations|1342384|cc|8|1|nan|2946,0,1.60936,0,0.0778248,-1.77783e-09,0,0,0,1.40902e-08,0,1.30138e-08,3.55271e-15,0,0,False,nan|2946,1342384
130_bNAb_Combinations|1342384|sample|3|nan|2946,0,-10.7431,0,-2.6875,1.88086e-09,0,0,0,-7.0009,0,-2.65661,1.06581e-14,0,0,True,VRC07-523LS|2946,1342384
130_bNAb_Combinations|1342384|sample|4|nan|2946,0,-11.9631,0,-2.75273,-6.34595e-09,0,0,0,-7.37516,0,-2.7038,5.32907e-15,0,0,True,VRC07-523LS|2946,1342384
130_bNAb_Combinations|1342384|vc|1|2|nan|2946,0,0.818117,0,0.146731,1.29165e-09,0,0,0,1.71789e-07,0,-8.44959e-08,-1.77636e-15,0,0,False,nan|2946,1342384
130_bNAb_Combinations|1342384|vc|2|2|nan|2946,0,-0.304814,0,0.0824235,6.49338e-09,0,0,0,-3.60318e-07,0,5.20562e-08,-5.32907e-15,0,0,False,nan|2946,1342384
130_bNAb_Combinations|1342384|vc|3|2|nan|2946,0,0.413114,0,0.413625,2.98822e-09,0,0,0,-2.65637e-07,0,-3.05051e-08,1.77636e-15,0,0,False,nan|2946,1342384
130_bNAb_Combinations|1342384|vc|4|2|nan|2946,0,-0.268118,0,-0.0853925,6.6407e-09,0,0,0,-2.45901e-08,0,1.42662e-07,-1.77636e-15,0,0,False,nan|2946,1342384
130_bNAb_Combinations|1342384|vc|5|2|nan|2946,0,0.0612086,0,-0.110853,4.00694e-09,0,0,0,-4.48075e-07,0,-7.59827e-08,-1.77636e-15,0,0,False,nan|2946,1342384
130_bNAb_Combinations|1342384|vc|6|2|nan|2946,0,-0.551352,0,-0.16895,-4.46671e-09,0,0,0,-2.31423e-07,0,-1.25415e-07,3.55271e-15,0,0,False,nan|2946,1342384
130_bNAb_Combinations|1342384|vc|7|2|nan|2946,0,0.128387,0,0.0422935,-6.95793e-09,0,0,0,-3.03653e-07,0,3.88788e-08,1.77636e-15,0,0,False,nan|2946,1342384
130_bNAb_Combinations|1342384|vc|8|2|nan|2946,0,-0.230518,0,0.0768798,-1.52852e-09,0,0,0,7.852e-07,0,2.81217e-07,1.77636e-15,0,0,False,nan|2946,1342384
130_bNAb_Combinations|1342396|cc|1|1|PVO.4|5024,0,-0.208883,0,0.0566075,-2.03078e-09,0,0,0,1.48247e-07,0,-1.10529e-07,0,0,0,False,nan|PVO.4,1342396
130_bNAb_Combinations|1342396|cc|2|1|PVO.4|5024,0,-1.01126,0,0.225001,-7.47742e-09,0,0,0,2.80841e-07,0,3.21285e-09,0,0,0,False,nan|PVO.4,1342396
130_bNAb_Combinations|1342396|cc|3|1|PVO.4|5024,0,0.333693,0,-0.108607,-4.38821e-09,0,0,0,1.87503e-07,0,-5.39709e-08,0,0,0,False,nan|PVO.4,1342396
130_bNAb_Combinations|1342396|cc|4|1|PVO.4|5024,0,-0.0266677,0,0.145277,5.92389e-09,0,0,0,7.65987e-07,0,8.12398e-08,3.55271e-15,0,0,False,nan|PVO.4,1342396
130_bNAb_Combinations|1342396|cc|5|1|PVO.4|5024,0,-0.246679,0,0.180312,1.78332e-09,0,0,0,-5.44171e-07,0,-1.3904e-07,0,0,0,False,nan|PVO.4,1342396
130_bNAb_Combinations|1342396|cc|6|1|PVO.4|5024,0,0.746751,0,0.0956918,-1.97205e-09,0,0,0,3.77244e-07,0,1.93952e-08,0,0,0,False,nan|PVO.4,1342396
130_bNAb_Combinations|1342396|cc|7|1|PVO.4|5024,0,0.896552,0,-0.217555,-4.30569e-09,0,0,0,-8.61052e-08,0,1.43651e-07,3.55271e-15,0,0,False,nan|PVO.4,1342396
130_bNAb_Combinations|1342396|cc|8|1|PVO.4|5024,0,0.0346659,0,0.0100057,-4.95909e-09,0,0,0,0.0357182,0,0.0098633,-2.34479e-13,0,0,False,nan|PVO.4,1342396
130_bNAb_Combinations|1342396|sample|3|PVO.4|5024,0,-11.526,0,-1.40912,-6.1156e-09,0,0,0,-7.45928,0,-1.40592,7.10543e-15,0,0,True,VRC07-523LS|PVO.4,1342396
130_bNAb_Combinations|1342396|sample|4|PVO.4|5024,0,-10.0349,0,-1.56336,-4.54739e-10,0,0,0,-7.74634,0,-1.53484,1.24345e-14,0,0,True,VRC07-523LS|PVO.4,1342396
130_bNAb_Combinations|1342396|vc|1|2|PVO.4|5024,0,0.518787,0,-0.0861389,-4.98638e-09,0,0,0,-6.86489e-07,0,-2.88864e-08,1.77636e-15,0,0,False,nan|PVO.4,1342396
130_bNAb_Combinations|1342396|vc|2|2|PVO.4|5024,0,0.390964,0,0.0783307,-2.25828e-09,0,0,0,-7.65017e-08,0,-1.08483e-07,3.55271e-15,0,0,False,nan|PVO.4,1342396
130_bNAb_Combinations|1342396|vc|3|2|PVO.4|5024,0,-0.800988,0,0.0147418,-9.98325e-10,0,0,0,-4.90694e-07,0,3.87616e-09,-1.77636e-15,0,0,False,nan|PVO.4,1342396
130_bNAb_Combinations|1342396|vc|4|2|PVO.4|5024,0,-0.868986,0,0.123056,5.79232e-09,0,0,0,2.09487e-07,0,-8.60609e-09,3.55271e-15,0,0,False,nan|PVO.4,1342396
130_bNAb_Combinations|1342396|vc|5|2|PVO.4|5024,0,-0.361186,0,0.251722,-4.42613e-09,0,0,0,-2.96301e-07,0,-1.87632e-07,0,0,0,False,nan|PVO.4,1342396
130_bNAb_Combinations|1342396|vc|6|2|PVO.4|5024,0,-0.389887,0,0.145237,3.77132e-09,0,0,0,5.70179e-07,0,-8.07759e-09,0,0,0,False,nan|PVO.4,1342396
130_bNAb_Combinations|1342396|vc|7|2|PVO.4|5024,0,-0.371078,0,0.0433321,1.48327e-09,0,0,0,-6.73156e-08,0,9.6489e-08,0,0,0,False,nan|PVO.4,1342396
130_bNAb_Combinations|1342396|vc|8|2|PVO.4|5024,0,-0.570905,0,-0.0239069,-3.33924e-09,0,0,0,4.48806e-07,0,-7.82312e-08,3.55271e-15,0,0,False,nan|PVO.4,1342396
130_bNAb_Combinations|1342408|cc|1|1|nan|4168,0,0.128397,0,-0.240228,2.85168e-09,0,0,0,3.79079e-07,0,-1.6715e-07,1.77636e-15,0,0,False,nan|4168,1342408
130_bNAb_Combinations|1342408|cc|2|1|nan|4168,0,-0.855202,0,-0.118833,6.83378e-10,0,0,0,-5.90555e-07,0,2.40074e-08,1.77636e-15,0,0,False,nan|4168,1342408
130_bNAb_Combinations|1342408|cc|3|1|nan|4168,0,0.114651,0,0.146372,-2.03002e-09,0,0,0,1.87302e-07,0,-1.86913e-07,-1.77636e-15,0,0,False,nan|4168,1342408
130_bNAb_Combinations|1342408|cc|4|1|nan|4168,0,-0.495034,0,0.165766,-1.22385e-09,0,0,0,-1.55358e-07,0,1.60703e-08,1.77636e-15,0,0,False,nan|4168,1342408
130_bNAb_Combinations|1342408|cc|5|1|nan|4168,0,-1.24717,0,0.018958,-3.48523e-10,0,0,0,-2.15542e-07,0,1.7414e-07,1.77636e-15,0,0,False,nan|4168,1342408
130_bNAb_Combinations|1342408|cc|6|1|nan|4168,0,0.53335,0,-0.227916,9.49199e-09,0,0,0,3.29544e-07,0,-4.03923e-07,-1.77636e-15,0,0,False,nan|4168,1342408
130_bNAb_Combinations|1342408|cc|7|1|nan|4168,0,0.648184,0,0.0718288,4.31467e-09,0,0,0,-3.88348e-07,0,-4.32768e-09,-1.77636e-15,0,0,False,nan|4168,1342408
130_bNAb_Combinations|1342408|cc|8|1|nan|4168,0,0.0897914,0,-0.0842227,2.7956e-09,0,0,0,1.98457e-07,0,1.72493e-07,1.77636e-15,0,0,False,nan|4168,1342408
130_bNAb_Combinations|1342408|sample|3|nan|4168,0,-4.52112,0,-1.63986,-9.72064e-09,0,0,0,-4.75943,0,-1.73354,1.27898e-13,0,0,True,VRC07-523LS|4168,1342408
130_bNAb_Combinations|1342408|sample|4|nan|4168,0,-5.55863,0,-2.03473,-1.16513e-09,0,0,0,-5.15809,0,-1.98821,-5.32907e-14,0,0,True,VRC07-523LS|4168,1342408
130_bNAb_Combinations|1342408|vc|1|2|nan|4168,0,-0.958227,0,-0.0436202,2.47069e-09,0,0,0,-4.22605e-07,0,-2.57963e-08,1.77636e-15,0,0,False,nan|4168,1342408
130_bNAb_Combinations|1342408|vc|2|2|nan|4168,0,-0.519911,0,-0.0550518,3.01477e-09,0,0,0,4.61209e-07,0,-9.17745e-09,-1.77636e-15,0,0,False,nan|4168,1342408
130_bNAb_Combinations|1342408|vc|3|2|nan|4168,0,-1.19911,0,0.112905,-1.39165e-10,0,0,0,-5.65867e-07,0,8.04597e-08,0,0,0,False,nan|4168,1342408
130_bNAb_Combinations|1342408|vc|4|2|nan|4168,0,-0.490915,0,0.19779,1.27957e-09,0,0,0,-2.85306e-08,0,2.03193e-07,5.32907e-15,0,0,False,nan|4168,1342408
130_bNAb_Combinations|1342408|vc|5|2|nan|4168,0,0.976085,0,-0.00324889,9.0703e-09,0,0,0,1.24266e-07,0,3.2853e-08,1.77636e-15,0,0,False,nan|4168,1342408
130_bNAb_Combinations|1342408|vc|6|2|nan|4168,0,0.349097,0,0.244225,4.19666e-09,0,0,0,2.31921e-07,0,-5.64784e-08,1.77636e-15,0,0,False,nan|4168,1342408
130_bNAb_Combinations|1342408|vc|7|2|nan|4168,0,-0.551543,0,0.345543,-3.3893e-09,0,0,0,1.05469e-08,0,4.34438e-08,0,0,0,False,nan|4168,1342408
130_bNAb_Combinations|1342408|vc|8|2|nan|4168,0,0.058948,0,-0.112869,4.01412e-09,0,0,0,1.03259e-06,0,-5.51155e-09,1.77636e-15,0,0,False,nan|4168,1342408
704_VRC01_Concordance|1200432|cc|1|1|PVO.4|5024,0,-0.176319,0,0.357105,-1.12156e-09,0,0,0,1.42539e-07,0,-2.08889e-07,0,0,0,False,nan|PVO.4,1200432
704_VRC01_Concordance|1200432|cc|2|1|PVO.4|5024,0,-1.08503,0,-0.01177,-3.97773e-09,0,0,0,4.94597e-07,0,-1.05754e-07,0,0,0,False,nan|PVO.4,1200432
704_VRC01_Concordance|1200432|cc|3|1|PVO.4|5024,0,0.642124,0,-0.071415,-3.22122e-09,0,0,0,4.61829e-07,0,3.1484e-08,0,0,0,False,nan|PVO.4,1200432
704_VRC01_Concordance|1200432|cc|4|1|PVO.4|5024,0,-0.962348,0,0.0875568,4.41038e-10,0,0,0,1.54262e-07,0,4.40608e-08,-3.55271e-15,0,0,False,nan|PVO.4,1200432
704_VRC01_Concordance|1200432|cc|5|1|PVO.4|5024,0,1.79722,0,0.0551612,7.26904e-09,0,0,0,-5.11643e-07,0,1.41019e-08,-3.55271e-15,0,0,False,nan|PVO.4,1200432
704_VRC01_Concordance|1200432|cc|6|1|PVO.4|5024,0,-1.1251,0,0.103189,8.35649e-10,0,0,0,4.47342e-07,0,-8.75598e-08,0,0,0,False,nan|PVO.4,1200432
704_VRC01_Concordance|1200432|cc|7|1|PVO.4|5024,0,0.212222,0,0.00780423,3.86771e-10,0,0,0,2.06873e-07,0,-7.67914e-08,0,0,0,False,nan|PVO.4,1200432
704_VRC01_Concordance|1200432|cc|8|1|PVO.4|5024,0,0.524151,0,0.108347,-2.2586e-09,0,0,0,2.50756e-07,0,2.56264e-07,-3.55271e-15,0,0,False,nan|PVO.4,1200432
704_VRC01_Concordance|1200432|sample|10|PVO.4|5024,0,-9.95264,0,-3.01099,1.60433e-09,0,0,0,-5.75144,0,-3.02323,-1.06581e-14,0,0,True,Clinical VRC01|PVO.4,1200432
704_VRC01_Concordance|1200432|sample|11|PVO.4|5024,0,-9.67426,0,-2.71398,1.35685e-08,0,0,0,-5.92438,0,-2.65805,-4.26326e-14,0,0,True,Clinical VRC01|PVO.4,1200432
704_VRC01_Concordance|1200432|sample|12|PVO.4|5024,0,-10.2187,0,-2.62654,-1.16826e-09,0,0,0,-7.09894,0,-2.6334,-1.42109e-14,0,0,True,Clinical VRC01|PVO.4,1200432
704_VRC01_Concordance|1200432|sample|3|PVO.4|5024,0,-7.80051,0,-2.39276,-1.54984e-09,0,0,0,-5.95872,0,-2.3339,-2.4869e-14,0,0,True,Clinical VRC01|PVO.4,1200432
704_VRC01_Concordance|1200432|sample|4|PVO.4|5024,0,-8.44674,0,-2.91927,-7.83061e-09,0,0,0,-5.98497,0,-2.86674,4.61853e-14,0,0,True,Clinical VRC01|PVO.4,1200432
704_VRC01_Concordance|1200432|sample|5|PVO.4|5024,0,-10.1786,0,-2.96224,-2.54187e-09,0,0,0,-5.56583,0,-2.96164,-3.55271e-15,0,0,True,Clinical VRC01|PVO.4,1200432
704_VRC01_Concordance|1200432|sample|6|PVO.4|5024,0,-5.78229,0,-3.0063,6.76363e-09,0,0,0,-3.63397,0,-2.88685,1.42109e-14,0,0,True,Clinical VRC01|PVO.4,1200432
704_VRC01_Concordance|1200432|sample|7|PVO.4|5024,0,-9.06955,0,-2.55021,-7.35733e-09,0,0,0,-6.19244,0,-2.54058,-1.01252e-13,0,0,True,Clinical VRC01|PVO.4,1200432
704_VRC01_Concordance|1200432|sample|8|PVO.4|5024,0,-10.51,0,-2.66063,-3.20259e-10,0,0,0,-6.64145,0,-2.62712,1.06581e-14,0,0,True,Clinical VRC01|PVO.4,1200432
704_VRC01_Concordance|1200432|sample|9|PVO.4|5024,0,-9.06994,0,-2.90494,5.29355e-09,0,0,0,-4.16723,0,-2.80658,-1.10134e-13,0,0,True,Clinical VRC01|PVO.4,1200432
704_VRC01_Concordance|1200432|vc|1|2|PVO.4|5024,0,1.21105,0,0.11851,-2.68801e-09,0,0,0,4.99543e-07,0,1.00734e-07,0,0,0,False,nan|PVO.4,1200432
704_VRC01_Concordance|1200432|vc|2|2|PVO.4|5024,0,-0.263217,0,-0.27875,6.98218e-10,0,0,0,-3.85048e-07,0,1.09102e-07,-1.77636e-15,0,0,False,nan|PVO.4,1200432
704_VRC01_Concordance|1200432|vc|3|2|PVO.4|5024,0,-0.642449,0,0.0557797,-1.08407e-09,0,0,0,5.44631e-07,0,-1.56141e-07,0,0,0,False,nan|PVO.4,1200432
704_VRC01_Concordance|1200432|vc|4|2|PVO.4|5024,0,1.17866,0,0.0362724,1.52586e-09,0,0,0,4.83076e-07,0,1.57753e-07,1.77636e-15,0,0,False,nan|PVO.4,1200432
704_VRC01_Concordance|1200432|vc|5|2|PVO.4|5024,0,0.507368,0,-0.218725,1.25416e-09,0,0,0,-1.04423e-07,0,-6.46435e-08,3.55271e-15,0,0,False,nan|PVO.4,1200432
704_VRC01_Concordance|1200432|vc|6|2|PVO.4|5024,0,-0.979924,0,-0.154746,1.01723e-09,0,0,0,1.88217e-07,0,7.99857e-08,1.77636e-15,0,0,False,nan|PVO.4,1200432
704_VRC01_Concordance|1200432|vc|7|2|PVO.4|5024,0,1.20469,0,0.205992,2.83754e-09,0,0,0,-3.9608e-07,0,1.24555e-07,0,0,0,False,nan|PVO.4,1200432
704_VRC01_Concordance|1200432|vc|8|2|PVO.4|5024,0,-0.2991,0,-0.247835,-4.54096e-09,0,0,0,1.8231e-07,0,-1.46901e-07,0,0,0,False,nan|PVO.4,1200432
