id,U_SAEM,L_SAEM,m_SAEM,e_SAEM,alpha_SAEM,k_SAEM,U_mode,L_mode,m_mode,e_mode,alpha_mode,k_mode,goes_down,mab_virus,run_id
130_bNAb_Combinations|1313842|cc|1|1|nan|2946,1,0.00285064,1.4542,2.73623,0.161584,2.0334e-09,1,0.0028506,1.45419,2.73635,0.161577,2.0342e-09,False,nan|2946,1313842
130_bNAb_Combinations|1313842|cc|2|1|nan|2946,1,0.00285064,1.4542,2.73623,0.161584,2.0334e-09,1,0.0028506,1.45419,2.73635,0.161577,2.0342e-09,False,nan|2946,1313842
130_bNAb_Combinations|1313842|cc|3|1|nan|2946,1,0.00285064,1.4542,2.73623,0.161584,2.0334e-09,1,0.0028506,1.45419,2.73635,0.161577,2.0342e-09,False,nan|2946,1313842
130_bNAb_Combinations|1313842|cc|4|1|nan|2946,1,0.00285064,1.4542,2.73623,0.161584,2.0334e-09,1,0.0028506,1.45419,2.73635,0.161577,2.0342e-09,False,nan|2946,1313842
130_bNAb_Combinations|1313842|cc|5|1|nan|2946,1,0.00285064,1.4542,2.73623,0.161584,2.0334e-09,1,0.0028506,1.45419,2.73635,0.161577,2.0342e-09,False,nan|2946,1313842
130_bNAb_Combinations|1313842|cc|6|1|nan|2946,1,0.00285064,1.4542,2.73623,0.161584,2.0334e-09,1,0.0028506,1.45419,2.73635,0.161577,2.0342e-09,False,nan|2946,1313842
130_bNAb_Combinations|1313842|cc|7|1|nan|2946,1,0.00285064,1.4542,2.73623,0.161584,2.0334e-09,1,0.0028506,1.45419,2.73635,0.161577,2.0342e-09,False,nan|2946,1313842
130_bNAb_Combinations|1313842|cc|8|1|nan|2946,1,0.00285064,1.4542,2.73623,0.161584,2.0334e-09,1,0.0028506,1.45419,2.73635,0.161577,2.0342e-09,False,nan|2946,1313842
130_bNAb_Combinations|1313842|sample|10|nan|2946,1,0.00285063,1.71541,2.28933,0.161584,2.0334e-09,1,0.00285059,1.71547,2.28916,0.161577,2.0342e-09,True,PGT121|2946,1313842
130_bNAb_Combinations|1313842|sample|11|nan|2946,1,0.00285063,1.83716,1.58596,0.161584,2.0334e-09,1,0.00285059,1.83717,1.58601,0.161577,2.0342e-09,True,VRC07-523LS|2946,1313842
130_bNAb_Combinations|1313842|sample|12|nan|2946,1,0.00285063,1.83716,1.58596,0.161584,2.0334e-09,1,0.00285059,1.83717,1.58601,0.161577,2.0342e-09,True,VRC07-523LS|2946,1313842
130_bNAb_Combinations|1313842|sample|3|nan|2946,1,0.00285063,0.611646,2.73728,0.161584,2.0334e-09,1,0.00285059,0.611667,2.73743,0.161577,2.0342e-09,True,PGDM1400|2946,1313842
130_bNAb_Combinations|1313842|sample|4|nan|2946,1,0.00285063,0.611646,2.73728,0.161584,2.0334e-09,1,0.00285059,0.611667,2.73743,0.161577,2.0342e-09,True,PGDM1400|2946,1313842
130_bNAb_Combinations|1313842|sample|5|nan|2946,1,0.00285063,0.611646,2.73728,0.161584,2.0334e-09,1,0.00285059,0.611667,2.73743,0.161577,2.0342e-09,True,PGDM1400|2946,1313842
130_bNAb_Combinations|1313842|sample|6|nan|2946,1,0.00285063,0.611646,2.73728,0.161584,2.0334e-09,1,0.00285059,0.611667,2.73743,0.161577,2.0342e-09,True,PGDM1400|2946,1313842
130_bNAb_Combinations|1313842|sample|7|nan|2946,1,0.00285063,1.71541,2.28933,0.161584,2.0334e-09,1,0.00285059,1.71547,2.28916,0.161577,2.0342e-09,True,PGT121|2946,1313842
130_bNAb_Combinations|1313842|sample|8|nan|2946,1,0.00285063,1.71541,2.28933,0.161584,2.0334e-09,1,0.00285059,1.71547,2.28916,0.161577,2.0342e-09,True,PGT121|2946,1313842
130_bNAb_Combinations|1313842|sample|9|nan|2946,1,0.00285063,1.71541,2.28933,0.161584,2.0334e-09,1,0.00285059,1.71547,2.28916,0.161577,2.0342e-09,True,PGT121|2946,1313842
130_bNAb_Combinations|1313842|vc|1|2|nan|2946,1,0.00285064,1.4542,2.73623,0.161584,2.0334e-09,1,0.0028506,1.45419,2.73635,0.161577,2.0342e-09,False,nan|2946,1313842
130_bNAb_Combinations|1313842|vc|2|2|nan|2946,1,0.00285064,1.4542,2.73623,0.161584,2.0334e-09,1,0.0028506,1.45419,2.73635,0.161577,2.0342e-09,False,nan|2946,1313842
130_bNAb_Combinations|1313842|vc|3|2|nan|2946,1,0.00285064,1.4542,2.73623,0.161584,2.0334e-09,1,0.0028506,1.45419,2.73635,0.161577,2.0342e-09,False,nan|2946,1313842
130_bNAb_Combinations|1313842|vc|4|2|nan|2946,1,0.00285064,1.4542,2.73623,0.161584,2.0334e-09,1,0.0028506,1.45419,2.73635,0.161577,2.0342e-09,False,nan|2946,1313842
130_bNAb_Combinations|1313842|vc|5|2|nan|2946,1,0.00285064,1.4542,2.73623,0.161584,2.0334e-09,1,0.0028506,1.45419,2.73635,0.161577,2.0342e-09,False,nan|2946,1313842
130_bNAb_Combinations|1313842|vc|6|2|nan|2946,1,0.00285064,1.4542,2.73623,0.161584,2.0334e-09,1,0.0028506,1.45419,2.73635,0.161577,2.0342e-09,False,nan|2946,1313842
130_bNAb_Combinations|1313842|vc|7|2|nan|2946,1,0.00285064,1.4542,2.73623,0.161584,2.0334e-09,1,0.0028506,1.45419,2.73635,0.161577,2.0342e-09,False,nan|2946,1313842
130_bNAb_Combinations|1313842|vc|8|2|nan|2946,1,0.00285064,1.4542,2.73623,0.161584,2.0334e-09,1,0.0028506,1.45419,2.73635,0.161577,2.0342e-09,False,nan|2946,1313842
130_bNAb_Combinations|1313860|cc|1|1|PVO.4|5024,1,0.00285064,1.45421,2.73635,0.250485,2.03353e-09,1,0.0028506,1.45419,2.73646,0.250478,2.03433e-09,False,nan|PVO.4,1313860
130_bNAb_Combinations|1313860|cc|2|1|PVO.4|5024,1,0.00285064,1.45421,2.73635,0.250485,2.03353e-09,1,0.0028506,1.45419,2.73646,0.250478,2.03433e-09,False,nan|PVO.4,1313860
130_bNAb_Combinations|1313860|cc|3|1|PVO.4|5024,1,0.00285064,1.45421,2.73635,0.250485,2.03353e-09,1,0.0028506,1.45419,2.73646,0.250478,2.03433e-09,False,nan|PVO.4,1313860
130_bNAb_Combinations|1313860|cc|4|1|PVO.4|5024,1,0.00285064,1.45421,2.73635,0.250485,2.03353e-09,1,0.0028506,1.45419,2.73646,0.250478,2.03433e-09,False,nan|PVO.4,1313860
130_bNAb_Combinations|1313860|cc|5|1|PVO.4|5024,1,0.00285064,1.45421,2.73635,0.250485,2.03353e-09,1,0.0028506,1.45419,2.73646,0.250478,2.03433e-09,False,nan|PVO.4,1313860
130_bNAb_Combinations|1313860|cc|6|1|PVO.4|5024,1,0.00285064,1.45421,2.73635,0.250485,2.03353e-09,1,0.0028506,1.45419,2.73646,0.250478,2.03433e-09,False,nan|PVO.4,1313860
130_bNAb_Combinations|1313860|cc|7|1|PVO.4|5024,1,0.00285064,1.45421,2.73635,0.250485,2.03353e-09,1,0.0028506,1.45419,2.73646,0.250478,2.03433e-09,False,nan|PVO.4,1313860
130_bNAb_Combinations|1313860|cc|8|1|PVO.4|5024,1,0.00285064,1.45421,2.73635,0.250485,2.03353e-09,1,0.0028506,1.45419,2.73646,0.250478,2.03433e-09,False,nan|PVO.4,1313860
130_bNAb_Combinations|1313860|sample|10|PVO.4|5024,1,0.00285063,1.45423,2.73728,0.250485,2.03353e-09,1,0.00285059,1.45422,2.73742,0.250478,2.03433e-09,True,PGT121|PVO.4,1313860
130_bNAb_Combinations|1313860|sample|11|PVO.4|5024,1,0.00285063,1.45423,2.73728,0.250485,2.03353e-09,1,0.00285059,1.45422,2.73743,0.250478,2.03433e-09,True,VRC07-523LS|PVO.4,1313860
130_bNAb_Combinations|1313860|sample|12|PVO.4|5024,1,0.00285063,1.45423,2.73728,0.250485,2.03353e-09,1,0.00285059,1.45422,2.73743,0.250478,2.03433e-09,True,VRC07-523LS|PVO.4,1313860
130_bNAb_Combinations|1313860|sample|3|PVO.4|5024,1,0.00285063,1.45423,0.879516,0.250485,2.03353e-09,1,0.00285059,1.45421,0.879546,0.250478,2.03433e-09,True,PGDM1400|PVO.4,1313860
130_bNAb_Combinations|1313860|sample|4|PVO.4|5024,1,0.00285063,1.45423,0.879516,0.250485,2.03353e-09,1,0.00285059,1.45421,0.879546,0.250478,2.03433e-09,True,PGDM1400|PVO.4,1313860
130_bNAb_Combinations|1313860|sample|5|PVO.4|5024,1,0.00285063,1.45423,0.879516,0.250485,2.03353e-09,1,0.00285059,1.45421,0.879546,0.250478,2.03433e-09,True,PGDM1400|PVO.4,1313860
130_bNAb_Combinations|1313860|sample|6|PVO.4|5024,1,0.00285063,1.45423,0.879516,0.250485,2.03353e-09,1,0.00285059,1.45421,0.879546,0.250478,2.03433e-09,True,PGDM1400|PVO.4,1313860
130_bNAb_Combinations|1313860|sample|7|PVO.4|5024,1,0.00285063,1.45423,2.73728,0.250485,2.03353e-09,1,0.00285059,1.45422,2.73742,0.250478,2.03433e-09,True,PGT121|PVO.4,1313860
130_bNAb_Combinations|1313860|sample|8|PVO.4|5024,1,0.00285063,1.45423,2.73728,0.250485,2.03353e-09,1,0.00285059,1.45422,2.73742,0.250478,2.03433e-09,True,PGT121|PVO.4,1313860
130_bNAb_Combinations|1313860|sample|9|PVO.4|5024,1,0.00285063,1.45423,2.73728,0.250485,2.03353e-09,1,0.00285059,1.45422,2.73742,0.250478,2.03433e-09,True,PGT121|PVO.4,1313860
130_bNAb_Combinations|1313860|vc|1|2|PVO.4|5024,1,0.00285064,1.45421,2.73635,0.250485,2.03353e-09,1,0.0028506,1.45419,2.73646,0.250478,2.03433e-09,False,nan|PVO.4,1313860
130_bNAb_Combinations|1313860|vc|2|2|PVO.4|5024,1,0.00285064,1.45421,2.73635,0.250485,2.03353e-09,1,0.0028506,1.45419,2.73646,0.250478,2.03433e-09,False,nan|PVO.4,1313860
130_bNAb_Combinations|1313860|vc|3|2|PVO.4|5024,1,0.00285064,1.45421,2.73635,0.250485,2.03353e-09,1,0.0028506,1.45419,2.73646,0.250478,2.03433e-09,False,nan|PVO.4,1313860
130_bNAb_Combinations|1313860|vc|4|2|PVO.4|5024,1,0.00285064,1.45421,2.73635,0.250485,2.03353e-09,1,0.0028506,1.45419,2.73646,0.250478,2.03433e-09,False,nan|PVO.4,1313860
130_bNAb_Combinations|1313860|vc|5|2|PVO.4|5024,1,0.00285064,1.45421,2.73635,0.250485,2.03353e-09,1,0.0028506,1.45419,2.73646,0.250478,2.03433e-09,False,nan|PVO.4,1313860
130_bNAb_Combinations|1313860|vc|6|2|PVO.4|5024,1,0.00285064,1.45421,2.73635,0.250485,2.03353e-09,1,0.0028506,1.45419,2.73646,0.250478,2.03433e-09,False,nan|PVO.4,1313860
130_bNAb_Combinations|1313860|vc|7|2|PVO.4|5024,1,0.00285064,1.45421,2.73635,0.250485,2.03353e-09,1,0.0028506,1.45419,2.73646,0.250478,2.03433e-09,False,nan|PVO.4,1313860
130_bNAb_Combinations|1313860|vc|8|2|PVO.4|5024,1,0.00285064,1.45421,2.73635,0.250485,2.03353e-09,1,0.0028506,1.45419,2.73646,0.250478,2.03433e-09,False,nan|PVO.4,1313860
130_bNAb_Combinations|1313884|cc|1|1|nan|4168,1,0.00285064,1.45419,2.73633,0.250458,2.03337e-09,1,0.0028506,1.45417,2.73645,0.250451,2.03418e-09,False,nan|4168,1313884
130_bNAb_Combinations|1313884|cc|2|1|nan|4168,1,0.00285064,1.45419,2.73633,0.250458,2.03337e-09,1,0.0028506,1.45417,2.73645,0.250451,2.03418e-09,False,nan|4168,1313884
130_bNAb_Combinations|1313884|cc|3|1|nan|4168,1,0.00285064,1.45419,2.73633,0.250458,2.03337e-09,1,0.0028506,1.45417,2.73645,0.250451,2.03418e-09,False,nan|4168,1313884
130_bNAb_Combinations|1313884|cc|4|1|nan|4168,1,0.00285064,1.45419,2.73633,0.250458,2.03337e-09,1,0.0028506,1.45417,2.73645,0.250451,2.03418e-09,False,nan|4168,1313884
130_bNAb_Combinations|1313884|cc|5|1|nan|4168,1,0.00285064,1.45419,2.73633,0.250458,2.03337e-09,1,0.0028506,1.45417,2.73645,0.250451,2.03418e-09,False,nan|4168,1313884
130_bNAb_Combinations|1313884|cc|6|1|nan|4168,1,0.00285064,1.45419,2.73633,0.250458,2.03337e-09,1,0.0028506,1.45417,2.73645,0.250451,2.03418e-09,False,nan|4168,1313884
130_bNAb_Combinations|1313884|cc|7|1|nan|4168,1,0.00285064,1.45419,2.73633,0.250458,2.03337e-09,1,0.0028506,1.45417,2.73645,0.250451,2.03418e-09,False,nan|4168,1313884
130_bNAb_Combinations|1313884|cc|8|1|nan|4168,1,0.00285064,1.45419,2.73633,0.250458,2.03337e-09,1,0.0028506,1.45417,2.73645,0.250451,2.03418e-09,False,nan|4168,1313884
130_bNAb_Combinations|1313884|sample|10|nan|4168,1,0.00285063,0.716099,2.73728,0.250458,2.03337e-09,1,0.00285059,0.716093,2.73743,0.250451,2.03418e-09,True,PGT121|4168,1313884
130_bNAb_Combinations|1313884|sample|11|nan|4168,1,0.00285063,1.45423,2.73728,0.250458,2.03337e-09,1,0.00285059,1.45422,2.73742,0.250451,2.03418e-09,True,VRC07-523LS|4168,1313884
130_bNAb_Combinations|1313884|sample|12|nan|4168,1,0.00285063,1.45423,2.73728,0.250458,2.03337e-09,1,0.00285059,1.45422,2.73742,0.250451,2.03418e-09,True,VRC07-523LS|4168,1313884
130_bNAb_Combinations|1313884|sample|3|nan|4168,1,0.00285063,1.22101,0.261139,0.250458,2.03337e-09,1,0.00285059,1.221,0.261145,0.250451,2.03418e-09,True,PGDM1400|4168,1313884
130_bNAb_Combinations|1313884|sample|4|nan|4168,1,0.00285063,1.22101,0.261139,0.250458,2.03337e-09,1,0.00285059,1.221,0.261145,0.250451,2.03418e-09,True,PGDM1400|4168,1313884
130_bNAb_Combinations|1313884|sample|5|nan|4168,1,0.00285063,1.22101,0.261139,0.250458,2.03337e-09,1,0.00285059,1.221,0.261145,0.250451,2.03418e-09,True,PGDM1400|4168,1313884
130_bNAb_Combinations|1313884|sample|6|nan|4168,1,0.00285063,1.22101,0.261139,0.250458,2.03337e-09,1,0.00285059,1.221,0.261145,0.250451,2.03418e-09,True,PGDM1400|4168,1313884
130_bNAb_Combinations|1313884|sample|7|nan|4168,1,0.00285063,0.716099,2.73728,0.250458,2.03337e-09,1,0.00285059,0.716093,2.73743,0.250451,2.03418e-09,True,PGT121|4168,1313884
130_bNAb_Combinations|1313884|sample|8|nan|4168,1,0.00285063,0.716099,2.73728,0.250458,2.03337e-09,1,0.00285059,0.716093,2.73743,0.250451,2.03418e-09,True,PGT121|4168,1313884
130_bNAb_Combinations|1313884|sample|9|nan|4168,1,0.00285063,0.716099,2.73728,0.250458,2.03337e-09,1,0.00285059,0.716093,2.73743,0.250451,2.03418e-09,True,PGT121|4168,1313884
130_bNAb_Combinations|1313884|vc|1|2|nan|4168,1,0.00285064,1.45419,2.73633,0.250458,2.03337e-09,1,0.0028506,1.45417,2.73645,0.250451,2.03418e-09,False,nan|4168,1313884
130_bNAb_Combinations|1313884|vc|2|2|nan|4168,1,0.00285064,1.45419,2.73633,0.250458,2.03337e-09,1,0.0028506,1.45417,2.73645,0.250451,2.03418e-09,False,nan|4168,1313884
130_bNAb_Combinations|1313884|vc|3|2|nan|4168,1,0.00285064,1.45419,2.73633,0.250458,2.03337e-09,1,0.0028506,1.45417,2.73645,0.250451,2.03418e-09,False,nan|4168,1313884
130_bNAb_Combinations|1313884|vc|4|2|nan|4168,1,0.00285064,1.45419,2.73633,0.250458,2.03337e-09,1,0.0028506,1.45417,2.73645,0.250451,2.03418e-09,False,nan|4168,1313884
130_bNAb_Combinations|1313884|vc|5|2|nan|4168,1,0.00285064,1.45419,2.73633,0.250458,2.03337e-09,1,0.0028506,1.45417,2.73645,0.250451,2.03418e-09,False,nan|4168,1313884
130_bNAb_Combinations|1313884|vc|6|2|nan|4168,1,0.00285064,1.45419,2.73633,0.250458,2.03337e-09,1,0.0028506,1.45417,2.73645,0.250451,2.03418e-09,False,nan|4168,1313884
130_bNAb_Combinations|1313884|vc|7|2|nan|4168,1,0.00285064,1.45419,2.73633,0.250458,2.03337e-09,1,0.0028506,1.45417,2.73645,0.250451,2.03418e-09,False,nan|4168,1313884
130_bNAb_Combinations|1313884|vc|8|2|nan|4168,1,0.00285064,1.45419,2.73633,0.250458,2.03337e-09,1,0.0028506,1.45417,2.73645,0.250451,2.03418e-09,False,nan|4168,1313884
130_bNAb_Combinations|1313920|cc|1|1|nan|1798,1,0.00285064,1.45422,2.73631,0.250487,2.03352e-09,1,0.0028506,1.4542,2.73642,0.25048,2.03433e-09,False,nan|1798,1313920
130_bNAb_Combinations|1313920|cc|2|1|nan|1798,1,0.00285064,1.45422,2.73631,0.250487,2.03352e-09,1,0.0028506,1.4542,2.73642,0.25048,2.03433e-09,False,nan|1798,1313920
130_bNAb_Combinations|1313920|cc|3|1|nan|1798,1,0.00285064,1.45422,2.73631,0.250487,2.03352e-09,1,0.0028506,1.4542,2.73642,0.25048,2.03433e-09,False,nan|1798,1313920
130_bNAb_Combinations|1313920|cc|4|1|nan|1798,1,0.00285064,1.45422,2.73631,0.250487,2.03352e-09,1,0.0028506,1.4542,2.73642,0.25048,2.03433e-09,False,nan|1798,1313920
130_bNAb_Combinations|1313920|cc|5|1|nan|1798,1,0.00285064,1.45422,2.73631,0.250487,2.03352e-09,1,0.0028506,1.4542,2.73642,0.25048,2.03433e-09,False,nan|1798,1313920
130_bNAb_Combinations|1313920|cc|6|1|nan|1798,1,0.00285064,1.45422,2.73631,0.250487,2.03352e-09,1,0.0028506,1.4542,2.73642,0.25048,2.03433e-09,False,nan|1798,1313920
130_bNAb_Combinations|1313920|cc|7|1|nan|1798,1,0.00285064,1.45422,2.73631,0.250487,2.03352e-09,1,0.0028506,1.4542,2.73642,0.25048,2.03433e-09,False,nan|1798,1313920
130_bNAb_Combinations|1313920|cc|8|1|nan|1798,1,0.00285064,1.45422,2.73631,0.250487,2.03352e-09,1,0.0028506,1.4542,2.73642,0.25048,2.03433e-09,False,nan|1798,1313920
130_bNAb_Combinations|1313920|sample|10|nan|1798,1,0.00285063,1.45423,2.73728,0.250487,2.03352e-09,1,0.00285059,1.45422,2.73742,0.25048,2.03433e-09,True,PGT121|1798,1313920
130_bNAb_Combinations|1313920|sample|11|nan|1798,1,0.00285063,2.22781,1.85707,0.250487,2.03352e-09,1,0.00285059,2.22781,1.85712,0.25048,2.03433e-09,True,VRC07-523LS|1798,1313920
130_bNAb_Combinations|1313920|sample|12|nan|1798,1,0.00285063,2.22781,1.85707,0.250487,2.03352e-09,1,0.00285059,2.22781,1.85712,0.25048,2.03433e-09,True,VRC07-523LS|1798,1313920
130_bNAb_Combinations|1313920|sample|3|nan|1798,1,0.00285063,0.585547,2.73728,0.250487,2.03352e-09,1,0.00285059,0.585529,2.73742,0.25048,2.03433e-09,True,PGDM1400|1798,1313920
130_bNAb_Combinations|1313920|sample|4|nan|1798,1,0.00285063,0.585547,2.73728,0.250487,2.03352e-09,1,0.00285059,0.585529,2.73742,0.25048,2.03433e-09,True,PGDM1400|1798,1313920
130_bNAb_Combinations|1313920|sample|5|nan|1798,1,0.00285063,0.585547,2.73728,0.250487,2.03352e-09,1,0.00285059,0.585529,2.73742,0.25048,2.03433e-09,True,PGDM1400|1798,1313920
130_bNAb_Combinations|1313920|sample|6|nan|1798,1,0.00285063,0.585547,2.73728,0.250487,2.03352e-09,1,0.00285059,0.585529,2.73742,0.25048,2.03433e-09,True,PGDM1400|1798,1313920
130_bNAb_Combinations|1313920|sample|7|nan|1798,1,0.00285063,1.45423,2.73728,0.250487,2.03352e-09,1,0.00285059,1.45422,2.73742,0.25048,2.03433e-09,True,PGT121|1798,1313920
130_bNAb_Combinations|1313920|sample|8|nan|1798,1,0.00285063,1.45423,2.73728,0.250487,2.03352e-09,1,0.00285059,1.45422,2.73742,0.25048,2.03433e-09,True,PGT121|1798,1313920
130_bNAb_Combinations|1313920|sample|9|nan|1798,1,0.00285063,1.45423,2.73728,0.250487,2.03352e-09,1,0.00285059,1.45422,2.73742,0.25048,2.03433e-09,True,PGT121|1798,1313920
130_bNAb_Combinations|1313920|vc|1|2|nan|1798,1,0.00285064,1.45422,2.73631,0.250487,2.03352e-09,1,0.0028506,1.4542,2.73642,0.25048,2.03433e-09,False,nan|1798,1313920
130_bNAb_Combinations|1313920|vc|2|2|nan|1798,1,0.00285064,1.45422,2.73631,0.250487,2.03352e-09,1,0.0028506,1.4542,2.73642,0.25048,2.03433e-09,False,nan|1798,1313920
130_bNAb_Combinations|1313920|vc|3|2|nan|1798,1,0.00285064,1.45422,2.73631,0.250487,2.03352e-09,1,0.0028506,1.4542,2.73642,0.25048,2.03433e-09,False,nan|1798,1313920
130_bNAb_Combinations|1313920|vc|4|2|nan|1798,1,0.00285064,1.45422,2.73631,0.250487,2.03352e-09,1,0.0028506,1.4542,2.73642,0.25048,2.03433e-09,False,nan|1798,1313920
130_bNAb_Combinations|1313920|vc|5|2|nan|1798,1,0.00285064,1.45422,2.73631,0.250487,2.03352e-09,1,0.0028506,1.4542,2.73642,0.25048,2.03433e-09,False,nan|1798,1313920
130_bNAb_Combinations|1313920|vc|6|2|nan|1798,1,0.00285064,1.45422,2.73631,0.250487,2.03352e-09,1,0.0028506,1.4542,2.73642,0.25048,2.03433e-09,False,nan|1798,1313920
130_bNAb_Combinations|1313920|vc|7|2|nan|1798,1,0.00285064,1.45422,2.73631,0.250487,2.03352e-09,1,0.0028506,1.4542,2.73642,0.25048,2.03433e-09,False,nan|1798,1313920
130_bNAb_Combinations|1313920|vc|8|2|nan|1798,1,0.00285064,1.45422,2.73631,0.250487,2.03352e-09,1,0.0028506,1.4542,2.73642,0.25048,2.03433e-09,False,nan|1798,1313920
130_bNAb_Combinations|1313938|cc|1|1|TRO.11|8301,1,0.00285064,1.45421,2.73632,0.250487,2.03351e-09,1,0.0028506,1.45419,2.73643,0.25048,2.03431e-09,False,nan|TRO.11,1313938
130_bNAb_Combinations|1313938|cc|2|1|TRO.11|8301,1,0.00285064,1.45421,2.73632,0.250487,2.03351e-09,1,0.0028506,1.45419,2.73643,0.25048,2.03431e-09,False,nan|TRO.11,1313938
130_bNAb_Combinations|1313938|cc|3|1|TRO.11|8301,1,0.00285064,1.45421,2.73632,0.250487,2.03351e-09,1,0.0028506,1.45419,2.73643,0.25048,2.03431e-09,False,nan|TRO.11,1313938
130_bNAb_Combinations|1313938|cc|4|1|TRO.11|8301,1,0.00285064,1.45421,2.73632,0.250487,2.03351e-09,1,0.0028506,1.45419,2.73643,0.25048,2.03431e-09,False,nan|TRO.11,1313938
130_bNAb_Combinations|1313938|cc|5|1|TRO.11|8301,1,0.00285064,1.45421,2.73632,0.250487,2.03351e-09,1,0.0028506,1.45419,2.73643,0.25048,2.03431e-09,False,nan|TRO.11,1313938
130_bNAb_Combinations|1313938|cc|6|1|TRO.11|8301,1,0.00285064,1.45421,2.73632,0.250487,2.03351e-09,1,0.0028506,1.45419,2.73643,0.25048,2.03431e-09,False,nan|TRO.11,1313938
130_bNAb_Combinations|1313938|cc|7|1|TRO.11|8301,1,0.00285064,1.45421,2.73632,0.250487,2.03351e-09,1,0.0028506,1.45419,2.73643,0.25048,2.03431e-09,False,nan|TRO.11,1313938
130_bNAb_Combinations|1313938|cc|8|1|TRO.11|8301,1,0.00285064,1.45421,2.73632,0.250487,2.03351e-09,1,0.0028506,1.45419,2.73643,0.25048,2.03431e-09,False,nan|TRO.11,1313938
130_bNAb_Combinations|1313938|sample|10|TRO.11|8301,1,0.00285063,1.45423,2.73728,0.250487,2.03351e-09,1,0.00285059,1.45422,2.73742,0.25048,2.03431e-09,True,PGT121|TRO.11,1313938
130_bNAb_Combinations|1313938|sample|11|TRO.11|8301,1,0.00285063,1.45423,2.73728,0.250487,2.03351e-09,1,0.00285059,1.45422,2.73742,0.25048,2.03431e-09,True,VRC07-523LS|TRO.11,1313938
130_bNAb_Combinations|1313938|sample|12|TRO.11|8301,1,0.00285063,1.45423,2.73728,0.250487,2.03351e-09,1,0.00285059,1.45422,2.73742,0.25048,2.03431e-09,True,VRC07-523LS|TRO.11,1313938
130_bNAb_Combinations|1313938|sample|3|TRO.11|8301,1,0.00285063,1.09345,2.73728,0.250487,2.03351e-09,1,0.00285059,1.09344,2.73743,0.25048,2.03431e-09,True,PGDM1400|TRO.11,1313938
130_bNAb_Combinations|1313938|sample|4|TRO.11|8301,1,0.00285063,1.09345,2.73728,0.250487,2.03351e-09,1,0.00285059,1.09344,2.73743,0.25048,2.03431e-09,True,PGDM1400|TRO.11,1313938
130_bNAb_Combinations|1313938|sample|5|TRO.11|8301,1,0.00285063,1.09345,2.73728,0.250487,2.03351e-09,1,0.00285059,1.09344,2.73743,0.25048,2.03431e-09,True,PGDM1400|TRO.11,1313938
130_bNAb_Combinations|1313938|sample|6|TRO.11|8301,1,0.00285063,1.09345,2.73728,0.250487,2.03351e-09,1,0.00285059,1.09344,2.73743,0.25048,2.03431e-09,True,PGDM1400|TRO.11,1313938
130_bNAb_Combinations|1313938|sample|7|TRO.11|8301,1,0.00285063,1.45423,2.73728,0.250487,2.03351e-09,1,0.00285059,1.45422,2.73742,0.25048,2.03431e-09,True,PGT121|TRO.11,1313938
130_bNAb_Combinations|1313938|sample|8|TRO.11|8301,1,0.00285063,1.45423,2.73728,0.250487,2.03351e-09,1,0.00285059,1.45422,2.73742,0.25048,2.03431e-09,True,PGT121|TRO.11,1313938
130_bNAb_Combinations|1313938|sample|9|TRO.11|8301,1,0.00285063,1.45423,2.73728,0.250487,2.03351e-09,1,0.00285059,1.45422,2.73742,0.25048,2.03431e-09,True,PGT121|TRO.11,1313938
130_bNAb_Combinations|1313938|vc|1|2|TRO.11|8301,1,0.00285064,1.45421,2.73632,0.250487,2.03351e-09,1,0.0028506,1.45419,2.73643,0.25048,2.03431e-09,False,nan|TRO.11,1313938
130_bNAb_Combinations|1313938|vc|2|2|TRO.11|8301,1,0.00285064,1.45421,2.73632,0.250487,2.03351e-09,1,0.0028506,1.45419,2.73643,0.25048,2.03431e-09,False,nan|TRO.11,1313938
130_bNAb_Combinations|1313938|vc|3|2|TRO.11|8301,1,0.00285064,1.45421,2.73632,0.250487,2.03351e-09,1,0.0028506,1.45419,2.73643,0.25048,2.03431e-09,False,nan|TRO.11,1313938
130_bNAb_Combinations|1313938|vc|4|2|TRO.11|8301,1,0.00285064,1.45421,2.73632,0.250487,2.03351e-09,1,0.0028506,1.45419,2.73643,0.25048,2.03431e-09,False,nan|TRO.11,1313938
130_bNAb_Combinations|1313938|vc|5|2|TRO.11|8301,1,0.00285064,1.45421,2.73632,0.250487,2.03351e-09,1,0.0028506,1.45419,2.73643,0.25048,2.03431e-09,False,nan|TRO.11,1313938
130_bNAb_Combinations|1313938|vc|6|2|TRO.11|8301,1,0.00285064,1.45421,2.73632,0.250487,2.03351e-09,1,0.0028506,1.45419,2.73643,0.25048,2.03431e-09,False,nan|TRO.11,1313938
130_bNAb_Combinations|1313938|vc|7|2|TRO.11|8301,1,0.00285064,1.45421,2.73632,0.250487,2.03351e-09,1,0.0028506,1.45419,2.73643,0.25048,2.03431e-09,False,nan|TRO.11,1313938
130_bNAb_Combinations|1313938|vc|8|2|TRO.11|8301,1,0.00285064,1.45421,2.73632,0.250487,2.03351e-09,1,0.0028506,1.45419,2.73643,0.25048,2.03431e-09,False,nan|TRO.11,1313938
130_bNAb_Combinations|1313956|cc|1|1|Ce1176_A3|7023,1,0.00285064,1.45421,2.73588,0.336188,2.03352e-09,1,0.0028506,1.4542,2.73599,0.336182,2.03432e-09,False,nan|Ce1176_A3,1313956
130_bNAb_Combinations|1313956|cc|2|1|Ce1176_A3|7023,1,0.00285064,1.45421,2.73588,0.336188,2.03352e-09,1,0.0028506,1.4542,2.73599,0.336182,2.03432e-09,False,nan|Ce1176_A3,1313956
130_bNAb_Combinations|1313956|cc|3|1|Ce1176_A3|7023,1,0.00285064,1.45421,2.73588,0.336188,2.03352e-09,1,0.0028506,1.4542,2.73599,0.336182,2.03432e-09,False,nan|Ce1176_A3,1313956
130_bNAb_Combinations|1313956|cc|4|1|Ce1176_A3|7023,1,0.00285064,1.45421,2.73588,0.336188,2.03352e-09,1,0.0028506,1.4542,2.73599,0.336182,2.03432e-09,False,nan|Ce1176_A3,1313956
130_bNAb_Combinations|1313956|cc|5|1|Ce1176_A3|7023,1,0.00285064,1.45421,2.73588,0.336188,2.03352e-09,1,0.0028506,1.4542,2.73599,0.336182,2.03432e-09,False,nan|Ce1176_A3,1313956
130_bNAb_Combinations|1313956|cc|6|1|Ce1176_A3|7023,1,0.00285064,1.45421,2.73588,0.336188,2.03352e-09,1,0.0028506,1.4542,2.73599,0.336182,2.03432e-09,False,nan|Ce1176_A3,1313956
130_bNAb_Combinations|1313956|cc|7|1|Ce1176_A3|7023,1,0.00285064,1.45421,2.73588,0.336188,2.03352e-09,1,0.0028506,1.4542,2.73599,0.336182,2.03432e-09,False,nan|Ce1176_A3,1313956
130_bNAb_Combinations|1313956|cc|8|1|Ce1176_A3|7023,1,0.00285064,1.45421,2.73588,0.336188,2.03352e-09,1,0.0028506,1.4542,2.73599,0.336182,2.03432e-09,False,nan|Ce1176_A3,1313956
130_bNAb_Combinations|1313956|sample|10|Ce1176_A3|7023,1,0.00285063,1.45423,2.73728,0.336188,2.03352e-09,1,0.00285059,1.45422,2.73742,0.336182,2.03432e-09,True,PGT121|Ce1176_A3,1313956
130_bNAb_Combinations|1313956|sample|11|Ce1176_A3|7023,1,0.00285063,1.98493,2.73768,0.336188,2.03352e-09,1,0.00285059,1.98489,2.73783,0.336182,2.03432e-09,True,VRC07-523LS|Ce1176_A3,1313956
130_bNAb_Combinations|1313956|sample|12|Ce1176_A3|7023,1,0.00285063,1.98493,2.73768,0.336188,2.03352e-09,1,0.00285059,1.98489,2.73783,0.336182,2.03432e-09,True,VRC07-523LS|Ce1176_A3,1313956
130_bNAb_Combinations|1313956|sample|3|Ce1176_A3|7023,1,0.00285063,0.616648,0.592994,0.336188,2.03352e-09,1,0.00285059,0.616648,0.593007,0.336182,2.03432e-09,True,PGDM1400|Ce1176_A3,1313956
130_bNAb_Combinations|1313956|sample|4|Ce1176_A3|7023,1,0.00285063,0.616648,0.592994,0.336188,2.03352e-09,1,0.00285059,0.616648,0.593007,0.336182,2.03432e-09,True,PGDM1400|Ce1176_A3,1313956
130_bNAb_Combinations|1313956|sample|5|Ce1176_A3|7023,1,0.00285063,0.616648,0.592994,0.336188,2.03352e-09,1,0.00285059,0.616648,0.593007,0.336182,2.03432e-09,True,PGDM1400|Ce1176_A3,1313956
130_bNAb_Combinations|1313956|sample|6|Ce1176_A3|7023,1,0.00285063,0.616648,0.592994,0.336188,2.03352e-09,1,0.00285059,0.616648,0.593007,0.336182,2.03432e-09,True,PGDM1400|Ce1176_A3,1313956
130_bNAb_Combinations|1313956|sample|7|Ce1176_A3|7023,1,0.00285063,1.45423,2.73728,0.336188,2.03352e-09,1,0.00285059,1.45422,2.73742,0.336182,2.03432e-09,True,PGT121|Ce1176_A3,1313956
130_bNAb_Combinations|1313956|sample|8|Ce1176_A3|7023,1,0.00285063,1.45423,2.73728,0.336188,2.03352e-09,1,0.00285059,1.45422,2.73742,0.336182,2.03432e-09,True,PGT121|Ce1176_A3,1313956
130_bNAb_Combinations|1313956|sample|9|Ce1176_A3|7023,1,0.00285063,1.45423,2.73728,0.336188,2.03352e-09,1,0.00285059,1.45422,2.73742,0.336182,2.03432e-09,True,PGT121|Ce1176_A3,1313956
130_bNAb_Combinations|1313956|vc|1|2|Ce1176_A3|7023,1,0.00285064,1.45421,2.73588,0.336188,2.03352e-09,1,0.0028506,1.4542,2.73599,0.336182,2.03432e-09,False,nan|Ce1176_A3,1313956
130_bNAb_Combinations|1313956|vc|2|2|Ce1176_A3|7023,1,0.00285064,1.45421,2.73588,0.336188,2.03352e-09,1,0.0028506,1.4542,2.73599,0.336182,2.03432e-09,False,nan|Ce1176_A3,1313956
130_bNAb_Combinations|1313956|vc|3|2|Ce1176_A3|7023,1,0.00285064,1.45421,2.73588,0.336188,2.03352e-09,1,0.0028506,1.4542,2.73599,0.336182,2.03432e-09,False,nan|Ce1176_A3,1313956
130_bNAb_Combinations|1313956|vc|4|2|Ce1176_A3|7023,1,0.00285064,1.45421,2.73588,0.336188,2.03352e-09,1,0.0028506,1.4542,2.73599,0.336182,2.03432e-09,False,nan|Ce1176_A3,1313956
130_bNAb_Combinations|1313956|vc|5|2|Ce1176_A3|7023,1,0.00285064,1.45421,2.73588,0.336188,2.03352e-09,1,0.0028506,1.4542,2.73599,0.336182,2.03432e-09,False,nan|Ce1176_A3,1313956
130_bNAb_Combinations|1313956|vc|6|2|Ce1176_A3|7023,1,0.00285064,1.45421,2.73588,0.336188,2.03352e-09,1,0.0028506,1.4542,2.73599,0.336182,2.03432e-09,False,nan|Ce1176_A3,1313956
130_bNAb_Combinations|1313956|vc|7|2|Ce1176_A3|7023,1,0.00285064,1.45421,2.73588,0.336188,2.03352e-09,1,0.0028506,1.4542,2.73599,0.336182,2.03432e-09,False,nan|Ce1176_A3,1313956
130_bNAb_Combinations|1313956|vc|8|2|Ce1176_A3|7023,1,0.00285064,1.45421,2.73588,0.336188,2.03352e-09,1,0.0028506,1.4542,2.73599,0.336182,2.03432e-09,False,nan|Ce1176_A3,1313956
130_bNAb_Combinations|1313974|cc|1|1|nan|1176,1,0.00285064,1.4542,2.73631,0.250487,2.03357e-09,1,0.0028506,1.45418,2.73642,0.25048,2.03437e-09,False,nan|1176,1313974
130_bNAb_Combinations|1313974|cc|2|1|nan|1176,1,0.00285064,1.4542,2.73631,0.250487,2.03357e-09,1,0.0028506,1.45418,2.73642,0.25048,2.03437e-09,False,nan|1176,1313974
130_bNAb_Combinations|1313974|cc|3|1|nan|1176,1,0.00285064,1.4542,2.73631,0.250487,2.03357e-09,1,0.0028506,1.45418,2.73642,0.25048,2.03437e-09,False,nan|1176,1313974
130_bNAb_Combinations|1313974|cc|4|1|nan|1176,1,0.00285064,1.4542,2.73631,0.250487,2.03357e-09,1,0.0028506,1.45418,2.73642,0.25048,2.03437e-09,False,nan|1176,1313974
130_bNAb_Combinations|1313974|cc|5|1|nan|1176,1,0.00285064,1.4542,2.73631,0.250487,2.03357e-09,1,0.0028506,1.45418,2.73642,0.25048,2.03437e-09,False,nan|1176,1313974
130_bNAb_Combinations|1313974|cc|6|1|nan|1176,1,0.00285064,1.4542,2.73631,0.250487,2.03357e-09,1,0.0028506,1.45418,2.73642,0.25048,2.03437e-09,False,nan|1176,1313974
130_bNAb_Combinations|1313974|cc|7|1|nan|1176,1,0.00285064,1.4542,2.73631,0.250487,2.03357e-09,1,0.0028506,1.45418,2.73642,0.25048,2.03437e-09,False,nan|1176,1313974
130_bNAb_Combinations|1313974|cc|8|1|nan|1176,1,0.00285064,1.4542,2.73631,0.250487,2.03357e-09,1,0.0028506,1.45418,2.73642,0.25048,2.03437e-09,False,nan|1176,1313974
130_bNAb_Combinations|1313974|sample|10|nan|1176,1,0.00285063,0.776455,0.895812,0.250487,2.03357e-09,1,0.00285059,0.776455,0.89583,0.25048,2.03437e-09,True,PGT121|1176,1313974
130_bNAb_Combinations|1313974|sample|11|nan|1176,1,0.00285063,1.45423,19.4018,0.250487,2.03357e-09,1,0.00285059,1.45422,19.4027,0.25048,2.03437e-09,True,VRC07-523LS|1176,1313974
130_bNAb_Combinations|1313974|sample|12|nan|1176,1,0.00285063,1.45423,19.4018,0.250487,2.03357e-09,1,0.00285059,1.45422,19.4027,0.25048,2.03437e-09,True,VRC07-523LS|1176,1313974
130_bNAb_Combinations|1313974|sample|3|nan|1176,1,0.00285063,1.45423,2.73727,0.250487,2.03357e-09,1,0.00285059,1.45422,2.73742,0.25048,2.03437e-09,True,PGDM1400|1176,1313974
130_bNAb_Combinations|1313974|sample|4|nan|1176,1,0.00285063,1.45423,2.73727,0.250487,2.03357e-09,1,0.00285059,1.45422,2.73742,0.25048,2.03437e-09,True,PGDM1400|1176,1313974
130_bNAb_Combinations|1313974|sample|5|nan|1176,1,0.00285063,1.45423,2.73727,0.250487,2.03357e-09,1,0.00285059,1.45422,2.73742,0.25048,2.03437e-09,True,PGDM1400|1176,1313974
130_bNAb_Combinations|1313974|sample|6|nan|1176,1,0.00285063,1.45423,2.73727,0.250487,2.03357e-09,1,0.00285059,1.45422,2.73742,0.25048,2.03437e-09,True,PGDM1400|1176,1313974
130_bNAb_Combinations|1313974|sample|7|nan|1176,1,0.00285063,0.776455,0.895812,0.250487,2.03357e-09,1,0.00285059,0.776455,0.89583,0.25048,2.03437e-09,True,PGT121|1176,1313974
130_bNAb_Combinations|1313974|sample|8|nan|1176,1,0.00285063,0.776455,0.895812,0.250487,2.03357e-09,1,0.00285059,0.776455,0.89583,0.25048,2.03437e-09,True,PGT121|1176,1313974
130_bNAb_Combinations|1313974|sample|9|nan|1176,1,0.00285063,0.776455,0.895812,0.250487,2.03357e-09,1,0.00285059,0.776455,0.89583,0.25048,2.03437e-09,True,PGT121|1176,1313974
130_bNAb_Combinations|1313974|vc|1|2|nan|1176,1,0.00285064,1.4542,2.73631,0.250487,2.03357e-09,1,0.0028506,1.45418,2.73642,0.25048,2.03437e-09,False,nan|1176,1313974
130_bNAb_Combinations|1313974|vc|2|2|nan|1176,1,0.00285064,1.4542,2.73631,0.250487,2.03357e-09,1,0.0028506,1.45418,2.73642,0.25048,2.03437e-09,False,nan|1176,1313974
130_bNAb_Combinations|1313974|vc|3|2|nan|1176,1,0.00285064,1.4542,2.73631,0.250487,2.03357e-09,1,0.0028506,1.45418,2.73642,0.25048,2.03437e-09,False,nan|1176,1313974
130_bNAb_Combinations|1313974|vc|4|2|nan|1176,1,0.00285064,1.4542,2.73631,0.250487,2.03357e-09,1,0.0028506,1.45418,2.73642,0.25048,2.03437e-09,False,nan|1176,1313974
130_bNAb_Combinations|1313974|vc|5|2|nan|1176,1,0.00285064,1.4542,2.73631,0.250487,2.03357e-09,1,0.0028506,1.45418,2.73642,0.25048,2.03437e-09,False,nan|1176,1313974
130_bNAb_Combinations|1313974|vc|6|2|nan|1176,1,0.00285064,1.4542,2.73631,0.250487,2.03357e-09,1,0.0028506,1.45418,2.73642,0.25048,2.03437e-09,False,nan|1176,1313974
130_bNAb_Combinations|1313974|vc|7|2|nan|1176,1,0.00285064,1.4542,2.73631,0.250487,2.03357e-09,1,0.0028506,1.45418,2.73642,0.25048,2.03437e-09,False,nan|1176,1313974
130_bNAb_Combinations|1313974|vc|8|2|nan|1176,1,0.00285064,1.4542,2.73631,0.250487,2.03357e-09,1,0.0028506,1.45418,2.73642,0.25048,2.03437e-09,False,nan|1176,1313974
130_bNAb_Combinations|1313992|cc|1|1|RHPA4259.7|5371,1,0.00285064,1.45421,2.73631,0.250487,2.03353e-09,1,0.0028506,1.4542,2.73643,0.25048,2.03433e-09,False,nan|RHPA4259.7,1313992
130_bNAb_Combinations|1313992|cc|2|1|RHPA4259.7|5371,1,0.00285064,1.45421,2.73631,0.250487,2.03353e-09,1,0.0028506,1.4542,2.73643,0.25048,2.03433e-09,False,nan|RHPA4259.7,1313992
130_bNAb_Combinations|1313992|cc|3|1|RHPA4259.7|5371,1,0.00285064,1.45421,2.73631,0.250487,2.03353e-09,1,0.0028506,1.4542,2.73643,0.25048,2.03433e-09,False,nan|RHPA4259.7,1313992
130_bNAb_Combinations|1313992|cc|4|1|RHPA4259.7|5371,1,0.00285064,1.45421,2.73631,0.250487,2.03353e-09,1,0.0028506,1.4542,2.73643,0.25048,2.03433e-09,False,nan|RHPA4259.7,1313992
130_bNAb_Combinations|1313992|cc|5|1|RHPA4259.7|5371,1,0.00285064,1.45421,2.73631,0.250487,2.03353e-09,1,0.0028506,1.4542,2.73643,0.25048,2.03433e-09,False,nan|RHPA4259.7,1313992
130_bNAb_Combinations|1313992|cc|6|1|RHPA4259.7|5371,1,0.00285064,1.45421,2.73631,0.250487,2.03353e-09,1,0.0028506,1.4542,2.73643,0.25048,2.03433e-09,False,nan|RHPA4259.7,1313992
130_bNAb_Combinations|1313992|cc|7|1|RHPA4259.7|5371,1,0.00285064,1.45421,2.73631,0.250487,2.03353e-09,1,0.0028506,1.4542,2.73643,0.25048,2.03433e-09,False,nan|RHPA4259.7,1313992
130_bNAb_Combinations|1313992|cc|8|1|RHPA4259.7|5371,1,0.00285064,1.45421,2.73631,0.250487,2.03353e-09,1,0.0028506,1.4542,2.73643,0.25048,2.03433e-09,False,nan|RHPA4259.7,1313992
130_bNAb_Combinations|1313992|sample|10|RHPA4259.7|5371,1,0.00285063,1.45423,2.73728,0.250487,2.03353e-09,1,0.00285059,1.45422,2.73743,0.25048,2.03433e-09,True,PGT121|RHPA4259.7,1313992
130_bNAb_Combinations|1313992|sample|11|RHPA4259.7|5371,1,0.00285063,1.45423,2.73727,0.250487,2.03353e-09,1,0.00285059,1.45422,2.73742,0.25048,2.03433e-09,True,VRC07-523LS|RHPA4259.7,1313992
130_bNAb_Combinations|1313992|sample|12|RHPA4259.7|5371,1,0.00285063,1.45423,2.73727,0.250487,2.03353e-09,1,0.00285059,1.45422,2.73742,0.25048,2.03433e-09,True,VRC07-523LS|RHPA4259.7,1313992
130_bNAb_Combinations|1313992|sample|3|RHPA4259.7|5371,1,0.00285063,1.45423,2.49142,0.250487,2.03353e-09,1,0.00285059,1.45422,2.49153,0.25048,2.03433e-09,True,PGDM1400|RHPA4259.7,1313992
130_bNAb_Combinations|1313992|sample|4|RHPA4259.7|5371,1,0.00285063,1.45423,2.49142,0.250487,2.03353e-09,1,0.00285059,1.45422,2.49153,0.25048,2.03433e-09,True,PGDM1400|RHPA4259.7,1313992
130_bNAb_Combinations|1313992|sample|5|RHPA4259.7|5371,1,0.00285063,1.45423,2.49142,0.250487,2.03353e-09,1,0.00285059,1.45422,2.49153,0.25048,2.03433e-09,True,PGDM1400|RHPA4259.7,1313992
130_bNAb_Combinations|1313992|sample|6|RHPA4259.7|5371,1,0.00285063,1.45423,2.49142,0.250487,2.03353e-09,1,0.00285059,1.45422,2.49153,0.25048,2.03433e-09,True,PGDM1400|RHPA4259.7,1313992
130_bNAb_Combinations|1313992|sample|7|RHPA4259.7|5371,1,0.00285063,1.45423,2.73728,0.250487,2.03353e-09,1,0.00285059,1.45422,2.73743,0.25048,2.03433e-09,True,PGT121|RHPA4259.7,1313992
130_bNAb_Combinations|1313992|sample|8|RHPA4259.7|5371,1,0.00285063,1.45423,2.73728,0.250487,2.03353e-09,1,0.00285059,1.45422,2.73743,0.25048,2.03433e-09,True,PGT121|RHPA4259.7,1313992
130_bNAb_Combinations|1313992|sample|9|RHPA4259.7|5371,1,0.00285063,1.45423,2.73728,0.250487,2.03353e-09,1,0.00285059,1.45422,2.73743,0.25048,2.03433e-09,True,PGT121|RHPA4259.7,1313992
130_bNAb_Combinations|1313992|vc|1|2|RHPA4259.7|5371,1,0.00285064,1.45421,2.73631,0.250487,2.03353e-09,1,0.0028506,1.4542,2.73643,0.25048,2.03433e-09,False,nan|RHPA4259.7,1313992
130_bNAb_Combinations|1313992|vc|2|2|RHPA4259.7|5371,1,0.00285064,1.45421,2.73631,0.250487,2.03353e-09,1,0.0028506,1.4542,2.73643,0.25048,2.03433e-09,False,nan|RHPA4259.7,1313992
130_bNAb_Combinations|1313992|vc|3|2|RHPA4259.7|5371,1,0.00285064,1.45421,2.73631,0.250487,2.03353e-09,1,0.0028506,1.4542,2.73643,0.25048,2.03433e-09,False,nan|RHPA4259.7,1313992
130_bNAb_Combinations|1313992|vc|4|2|RHPA4259.7|5371,1,0.00285064,1.45421,2.73631,0.250487,2.03353e-09,1,0.0028506,1.4542,2.73643,0.25048,2.03433e-09,False,nan|RHPA4259.7,1313992
130_bNAb_Combinations|1313992|vc|5|2|RHPA4259.7|5371,1,0.00285064,1.45421,2.73631,0.250487,2.03353e-09,1,0.0028506,1.4542,2.73643,0.25048,2.03433e-09,False,nan|RHPA4259.7,1313992
130_bNAb_Combinations|1313992|vc|6|2|RHPA4259.7|5371,1,0.00285064,1.45421,2.73631,0.250487,2.03353e-09,1,0.0028506,1.4542,2.73643,0.25048,2.03433e-09,False,nan|RHPA4259.7,1313992
130_bNAb_Combinations|1313992|vc|7|2|RHPA4259.7|5371,1,0.00285064,1.45421,2.73631,0.250487,2.03353e-09,1,0.0028506,1.4542,2.73643,0.25048,2.03433e-09,False,nan|RHPA4259.7,1313992
130_bNAb_Combinations|1313992|vc|8|2|RHPA4259.7|5371,1,0.00285064,1.45421,2.73631,0.250487,2.03353e-09,1,0.0028506,1.4542,2.73643,0.25048,2.03433e-09,False,nan|RHPA4259.7,1313992
130_bNAb_Combinations|1314016|cc|1|1|nan|3430,1,0.00285064,1.45427,2.7363,0.267458,2.03352e-09,1,0.0028506,1.45426,2.73641,0.267451,2.03432e-09,False,nan|3430,1314016
130_bNAb_Combinations|1314016|cc|2|1|nan|3430,1,0.00285064,1.45427,2.7363,0.267458,2.03352e-09,1,0.0028506,1.45426,2.73641,0.267451,2.03432e-09,False,nan|3430,1314016
130_bNAb_Combinations|1314016|cc|3|1|nan|3430,1,0.00285064,1.45427,2.7363,0.267458,2.03352e-09,1,0.0028506,1.45426,2.73641,0.267451,2.03432e-09,False,nan|3430,1314016
130_bNAb_Combinations|1314016|cc|4|1|nan|3430,1,0.00285064,1.45427,2.7363,0.267458,2.03352e-09,1,0.0028506,1.45426,2.73641,0.267451,2.03432e-09,False,nan|3430,1314016
130_bNAb_Combinations|1314016|cc|5|1|nan|3430,1,0.00285064,1.45427,2.7363,0.267458,2.03352e-09,1,0.0028506,1.45426,2.73641,0.267451,2.03432e-09,False,nan|3430,1314016
130_bNAb_Combinations|1314016|cc|6|1|nan|3430,1,0.00285064,1.45427,2.7363,0.267458,2.03352e-09,1,0.0028506,1.45426,2.73641,0.267451,2.03432e-09,False,nan|3430,1314016
130_bNAb_Combinations|1314016|cc|7|1|nan|3430,1,0.00285064,1.45427,2.7363,0.267458,2.03352e-09,1,0.0028506,1.45426,2.73641,0.267451,2.03432e-09,False,nan|3430,1314016
130_bNAb_Combinations|1314016|cc|8|1|nan|3430,1,0.00285064,1.45427,2.7363,0.267458,2.03352e-09,1,0.0028506,1.45426,2.73641,0.267451,2.03432e-09,False,nan|3430,1314016
130_bNAb_Combinations|1314016|sample|10|nan|3430,1,0.00285063,1.79501,2.73728,0.267458,2.03352e-09,1,0.00285059,1.79498,2.73742,0.267451,2.03432e-09,True,PGT121|3430,1314016
130_bNAb_Combinations|1314016|sample|11|nan|3430,1,0.00285063,1.45423,24.9761,0.267458,2.03352e-09,1,0.00285059,1.45422,24.977,0.267451,2.03432e-09,True,VRC07-523LS|3430,1314016
130_bNAb_Combinations|1314016|sample|12|nan|3430,1,0.00285063,1.45423,24.9761,0.267458,2.03352e-09,1,0.00285059,1.45422,24.977,0.267451,2.03432e-09,True,VRC07-523LS|3430,1314016
130_bNAb_Combinations|1314016|sample|3|nan|3430,1,0.00285063,1.45423,205.684,0.267458,2.03352e-09,1,0.00285059,1.45422,205.691,0.267451,2.03432e-09,True,PGDM1400|3430,1314016
130_bNAb_Combinations|1314016|sample|4|nan|3430,1,0.00285063,1.45423,205.684,0.267458,2.03352e-09,1,0.00285059,1.45422,205.691,0.267451,2.03432e-09,True,PGDM1400|3430,1314016
130_bNAb_Combinations|1314016|sample|5|nan|3430,1,0.00285063,1.45423,205.684,0.267458,2.03352e-09,1,0.00285059,1.45422,205.691,0.267451,2.03432e-09,True,PGDM1400|3430,1314016
130_bNAb_Combinations|1314016|sample|6|nan|3430,1,0.00285063,1.45423,205.684,0.267458,2.03352e-09,1,0.00285059,1.45422,205.691,0.267451,2.03432e-09,True,PGDM1400|3430,1314016
130_bNAb_Combinations|1314016|sample|7|nan|3430,1,0.00285063,1.79501,2.73728,0.267458,2.03352e-09,1,0.00285059,1.79498,2.73742,0.267451,2.03432e-09,True,PGT121|3430,1314016
130_bNAb_Combinations|1314016|sample|8|nan|3430,1,0.00285063,1.79501,2.73728,0.267458,2.03352e-09,1,0.00285059,1.79498,2.73742,0.267451,2.03432e-09,True,PGT121|3430,1314016
130_bNAb_Combinations|1314016|sample|9|nan|3430,1,0.00285063,1.79501,2.73728,0.267458,2.03352e-09,1,0.00285059,1.79498,2.73742,0.267451,2.03432e-09,True,PGT121|3430,1314016
130_bNAb_Combinations|1314016|vc|1|2|nan|3430,1,0.00285064,1.45427,2.7363,0.267458,2.03352e-09,1,0.0028506,1.45426,2.73641,0.267451,2.03432e-09,False,nan|3430,1314016
130_bNAb_Combinations|1314016|vc|2|2|nan|3430,1,0.00285064,1.45427,2.7363,0.267458,2.03352e-09,1,0.0028506,1.45426,2.73641,0.267451,2.03432e-09,False,nan|3430,1314016
130_bNAb_Combinations|1314016|vc|3|2|nan|3430,1,0.00285064,1.45427,2.7363,0.267458,2.03352e-09,1,0.0028506,1.45426,2.73641,0.267451,2.03432e-09,False,nan|3430,1314016
130_bNAb_Combinations|1314016|vc|4|2|nan|3430,1,0.00285064,1.45427,2.7363,0.267458,2.03352e-09,1,0.0028506,1.45426,2.73641,0.267451,2.03432e-09,False,nan|3430,1314016
130_bNAb_Combinations|1314016|vc|5|2|nan|3430,1,0.00285064,1.45427,2.7363,0.267458,2.03352e-09,1,0.0028506,1.45426,2.73641,0.267451,2.03432e-09,False,nan|3430,1314016
130_bNAb_Combinations|1314016|vc|6|2|nan|3430,1,0.00285064,1.45427,2.7363,0.267458,2.03352e-09,1,0.0028506,1.45426,2.73641,0.267451,2.03432e-09,False,nan|3430,1314016
130_bNAb_Combinations|1314016|vc|7|2|nan|3430,1,0.00285064,1.45427,2.7363,0.267458,2.03352e-09,1,0.0028506,1.45426,2.73641,0.267451,2.03432e-09,False,nan|3430,1314016
130_bNAb_Combinations|1314016|vc|8|2|nan|3430,1,0.00285064,1.45427,2.7363,0.267458,2.03352e-09,1,0.0028506,1.45426,2.73641,0.267451,2.03432e-09,False,nan|3430,1314016
130_bNAb_Combinations|1314040|cc|1|1|nan|4166,1,0.00285064,1.4542,2.73631,0.250487,2.03354e-09,1,0.0028506,1.45419,2.73642,0.25048,2.03434e-09,False,nan|4166,1314040
130_bNAb_Combinations|1314040|cc|2|1|nan|4166,1,0.00285064,1.4542,2.73631,0.250487,2.03354e-09,1,0.0028506,1.45419,2.73642,0.25048,2.03434e-09,False,nan|4166,1314040
130_bNAb_Combinations|1314040|cc|3|1|nan|4166,1,0.00285064,1.4542,2.73631,0.250487,2.03354e-09,1,0.0028506,1.45419,2.73642,0.25048,2.03434e-09,False,nan|4166,1314040
130_bNAb_Combinations|1314040|cc|4|1|nan|4166,1,0.00285064,1.4542,2.73631,0.250487,2.03354e-09,1,0.0028506,1.45419,2.73642,0.25048,2.03434e-09,False,nan|4166,1314040
130_bNAb_Combinations|1314040|cc|5|1|nan|4166,1,0.00285064,1.4542,2.73631,0.250487,2.03354e-09,1,0.0028506,1.45419,2.73642,0.25048,2.03434e-09,False,nan|4166,1314040
130_bNAb_Combinations|1314040|cc|6|1|nan|4166,1,0.00285064,1.4542,2.73631,0.250487,2.03354e-09,1,0.0028506,1.45419,2.73642,0.25048,2.03434e-09,False,nan|4166,1314040
130_bNAb_Combinations|1314040|cc|7|1|nan|4166,1,0.00285064,1.4542,2.73631,0.250487,2.03354e-09,1,0.0028506,1.45419,2.73642,0.25048,2.03434e-09,False,nan|4166,1314040
130_bNAb_Combinations|1314040|cc|8|1|nan|4166,1,0.00285064,1.4542,2.73631,0.250487,2.03354e-09,1,0.0028506,1.45419,2.73642,0.25048,2.03434e-09,False,nan|4166,1314040
130_bNAb_Combinations|1314040|sample|10|nan|4166,1,0.00285063,1.45423,2.73728,0.250487,2.03354e-09,1,0.00285059,1.45422,2.73743,0.25048,2.03434e-09,True,PGT121|4166,1314040
130_bNAb_Combinations|1314040|sample|11|nan|4166,1,0.00285063,1.45423,2.73728,0.250487,2.03354e-09,1,0.00285059,1.45422,2.73742,0.25048,2.03434e-09,True,VRC07-523LS|4166,1314040
130_bNAb_Combinations|1314040|sample|12|nan|4166,1,0.00285063,1.45423,2.73728,0.250487,2.03354e-09,1,0.00285059,1.45422,2.73742,0.25048,2.03434e-09,True,VRC07-523LS|4166,1314040
130_bNAb_Combinations|1314040|sample|3|nan|4166,1,0.00285063,0.980211,185.83,0.250487,2.03354e-09,1,0.00285059,0.98021,185.835,0.25048,2.03434e-09,True,PGDM1400|4166,1314040
130_bNAb_Combinations|1314040|sample|4|nan|4166,1,0.00285063,0.980211,185.83,0.250487,2.03354e-09,1,0.00285059,0.98021,185.835,0.25048,2.03434e-09,True,PGDM1400|4166,1314040
130_bNAb_Combinations|1314040|sample|5|nan|4166,1,0.00285063,0.980211,185.83,0.250487,2.03354e-09,1,0.00285059,0.98021,185.835,0.25048,2.03434e-09,True,PGDM1400|4166,1314040
130_bNAb_Combinations|1314040|sample|6|nan|4166,1,0.00285063,0.980211,185.83,0.250487,2.03354e-09,1,0.00285059,0.98021,185.835,0.25048,2.03434e-09,True,PGDM1400|4166,1314040
130_bNAb_Combinations|1314040|sample|7|nan|4166,1,0.00285063,1.45423,2.73728,0.250487,2.03354e-09,1,0.00285059,1.45422,2.73743,0.25048,2.03434e-09,True,PGT121|4166,1314040
130_bNAb_Combinations|1314040|sample|8|nan|4166,1,0.00285063,1.45423,2.73728,0.250487,2.03354e-09,1,0.00285059,1.45422,2.73743,0.25048,2.03434e-09,True,PGT121|4166,1314040
130_bNAb_Combinations|1314040|sample|9|nan|4166,1,0.00285063,1.45423,2.73728,0.250487,2.03354e-09,1,0.00285059,1.45422,2.73743,0.25048,2.03434e-09,True,PGT121|4166,1314040
130_bNAb_Combinations|1314040|vc|1|2|nan|4166,1,0.00285064,1.4542,2.73631,0.250487,2.03354e-09,1,0.0028506,1.45419,2.73642,0.25048,2.03434e-09,False,nan|4166,1314040
130_bNAb_Combinations|1314040|vc|2|2|nan|4166,1,0.00285064,1.4542,2.73631,0.250487,2.03354e-09,1,0.0028506,1.45419,2.73642,0.25048,2.03434e-09,False,nan|4166,1314040
130_bNAb_Combinations|1314040|vc|3|2|nan|4166,1,0.00285064,1.4542,2.73631,0.250487,2.03354e-09,1,0.0028506,1.45419,2.73642,0.25048,2.03434e-09,False,nan|4166,1314040
130_bNAb_Combinations|1314040|vc|4|2|nan|4166,1,0.00285064,1.4542,2.73631,0.250487,2.03354e-09,1,0.0028506,1.45419,2.73642,0.25048,2.03434e-09,False,nan|4166,1314040
130_bNAb_Combinations|1314040|vc|5|2|nan|4166,1,0.00285064,1.4542,2.73631,0.250487,2.03354e-09,1,0.0028506,1.45419,2.73642,0.25048,2.03434e-09,False,nan|4166,1314040
130_bNAb_Combinations|1314040|vc|6|2|nan|4166,1,0.00285064,1.4542,2.73631,0.250487,2.03354e-09,1,0.0028506,1.45419,2.73642,0.25048,2.03434e-09,False,nan|4166,1314040
130_bNAb_Combinations|1314040|vc|7|2|nan|4166,1,0.00285064,1.4542,2.73631,0.250487,2.03354e-09,1,0.0028506,1.45419,2.73642,0.25048,2.03434e-09,False,nan|4166,1314040
130_bNAb_Combinations|1314040|vc|8|2|nan|4166,1,0.00285064,1.4542,2.73631,0.250487,2.03354e-09,1,0.0028506,1.45419,2.73642,0.25048,2.03434e-09,False,nan|4166,1314040
130_bNAb_Combinations|1314058|cc|1|1|nan|2944,1,0.00285064,1.45421,2.73631,0.250488,2.03349e-09,1,0.0028506,1.45419,2.73643,0.25048,2.0343e-09,False,nan|2944,1314058
130_bNAb_Combinations|1314058|cc|2|1|nan|2944,1,0.00285064,1.45421,2.73631,0.250488,2.03349e-09,1,0.0028506,1.45419,2.73643,0.25048,2.0343e-09,False,nan|2944,1314058
130_bNAb_Combinations|1314058|cc|3|1|nan|2944,1,0.00285064,1.45421,2.73631,0.250488,2.03349e-09,1,0.0028506,1.45419,2.73643,0.25048,2.0343e-09,False,nan|2944,1314058
130_bNAb_Combinations|1314058|cc|4|1|nan|2944,1,0.00285064,1.45421,2.73631,0.250488,2.03349e-09,1,0.0028506,1.45419,2.73643,0.25048,2.0343e-09,False,nan|2944,1314058
130_bNAb_Combinations|1314058|cc|5|1|nan|2944,1,0.00285064,1.45421,2.73631,0.250488,2.03349e-09,1,0.0028506,1.45419,2.73643,0.25048,2.0343e-09,False,nan|2944,1314058
130_bNAb_Combinations|1314058|cc|6|1|nan|2944,1,0.00285064,1.45421,2.73631,0.250488,2.03349e-09,1,0.0028506,1.45419,2.73643,0.25048,2.0343e-09,False,nan|2944,1314058
130_bNAb_Combinations|1314058|cc|7|1|nan|2944,1,0.00285064,1.45421,2.73631,0.250488,2.03349e-09,1,0.0028506,1.45419,2.73643,0.25048,2.0343e-09,False,nan|2944,1314058
130_bNAb_Combinations|1314058|cc|8|1|nan|2944,1,0.00285064,1.45421,2.73631,0.250488,2.03349e-09,1,0.0028506,1.45419,2.73643,0.25048,2.0343e-09,False,nan|2944,1314058
130_bNAb_Combinations|1314058|sample|10|nan|2944,1,0.00285063,1.45423,86.5352,0.250488,2.03349e-09,1,0.00285059,1.45422,86.5383,0.25048,2.0343e-09,True,PGT121|2944,1314058
130_bNAb_Combinations|1314058|sample|11|nan|2944,1,0.00285063,4.80934,2.73728,0.250488,2.03349e-09,1,0.00285059,4.80918,2.73742,0.25048,2.0343e-09,True,VRC07-523LS|2944,1314058
130_bNAb_Combinations|1314058|sample|12|nan|2944,1,0.00285063,4.80934,2.73728,0.250488,2.03349e-09,1,0.00285059,4.80918,2.73742,0.25048,2.0343e-09,True,VRC07-523LS|2944,1314058
130_bNAb_Combinations|1314058|sample|3|nan|2944,1,0.00285063,1.45423,564.615,0.250488,2.03349e-09,1,0.00285059,1.45422,564.635,0.25048,2.0343e-09,True,PGDM1400|2944,1314058
130_bNAb_Combinations|1314058|sample|4|nan|2944,1,0.00285063,1.45423,564.615,0.250488,2.03349e-09,1,0.00285059,1.45422,564.635,0.25048,2.0343e-09,True,PGDM1400|2944,1314058
130_bNAb_Combinations|1314058|sample|5|nan|2944,1,0.00285063,1.45423,564.615,0.250488,2.03349e-09,1,0.00285059,1.45422,564.635,0.25048,2.0343e-09,True,PGDM1400|2944,1314058
130_bNAb_Combinations|1314058|sample|6|nan|2944,1,0.00285063,1.45423,564.615,0.250488,2.03349e-09,1,0.00285059,1.45422,564.635,0.25048,2.0343e-09,True,PGDM1400|2944,1314058
130_bNAb_Combinations|1314058|sample|7|nan|2944,1,0.00285063,1.45423,86.5352,0.250488,2.03349e-09,1,0.00285059,1.45422,86.5383,0.25048,2.0343e-09,True,PGT121|2944,1314058
130_bNAb_Combinations|1314058|sample|8|nan|2944,1,0.00285063,1.45423,86.5352,0.250488,2.03349e-09,1,0.00285059,1.45422,86.5383,0.25048,2.0343e-09,True,PGT121|2944,1314058
130_bNAb_Combinations|1314058|sample|9|nan|2944,1,0.00285063,1.45423,86.5352,0.250488,2.03349e-09,1,0.00285059,1.45422,86.5383,0.25048,2.0343e-09,True,PGT121|2944,1314058
130_bNAb_Combinations|1314058|vc|1|2|nan|2944,1,0.00285064,1.45421,2.73631,0.250488,2.03349e-09,1,0.0028506,1.45419,2.73643,0.25048,2.0343e-09,False,nan|2944,1314058
130_bNAb_Combinations|1314058|vc|2|2|nan|2944,1,0.00285064,1.45421,2.73631,0.250488,2.03349e-09,1,0.0028506,1.45419,2.73643,0.25048,2.0343e-09,False,nan|2944,1314058
130_bNAb_Combinations|1314058|vc|3|2|nan|2944,1,0.00285064,1.45421,2.73631,0.250488,2.03349e-09,1,0.0028506,1.45419,2.73643,0.25048,2.0343e-09,False,nan|2944,1314058
130_bNAb_Combinations|1314058|vc|4|2|nan|2944,1,0.00285064,1.45421,2.73631,0.250488,2.03349e-09,1,0.0028506,1.45419,2.73643,0.25048,2.0343e-09,False,nan|2944,1314058
130_bNAb_Combinations|1314058|vc|5|2|nan|2944,1,0.00285064,1.45421,2.73631,0.250488,2.03349e-09,1,0.0028506,1.45419,2.73643,0.25048,2.0343e-09,False,nan|2944,1314058
130_bNAb_Combinations|1314058|vc|6|2|nan|2944,1,0.00285064,1.45421,2.73631,0.250488,2.03349e-09,1,0.0028506,1.45419,2.73643,0.25048,2.0343e-09,False,nan|2944,1314058
130_bNAb_Combinations|1314058|vc|7|2|nan|2944,1,0.00285064,1.45421,2.73631,0.250488,2.03349e-09,1,0.0028506,1.45419,2.73643,0.25048,2.0343e-09,False,nan|2944,1314058
130_bNAb_Combinations|1314058|vc|8|2|nan|2944,1,0.00285064,1.45421,2.73631,0.250488,2.03349e-09,1,0.0028506,1.45419,2.73643,0.25048,2.0343e-09,False,nan|2944,1314058
130_bNAb_Combinations|1342240|cc|1|1|nan|1798,1,0.00285064,1.45422,2.73631,0.250487,2.03352e-09,1,0.0028506,1.4542,2.73642,0.25048,2.03432e-09,False,nan|1798,1342240
130_bNAb_Combinations|1342240|cc|2|1|nan|1798,1,0.00285064,1.45422,2.73631,0.250487,2.03352e-09,1,0.0028506,1.4542,2.73642,0.25048,2.03432e-09,False,nan|1798,1342240
130_bNAb_Combinations|1342240|cc|3|1|nan|1798,1,0.00285064,1.45422,2.73631,0.250487,2.03352e-09,1,0.0028506,1.4542,2.73642,0.25048,2.03432e-09,False,nan|1798,1342240
130_bNAb_Combinations|1342240|cc|4|1|nan|1798,1,0.00285064,1.45422,2.73631,0.250487,2.03352e-09,1,0.0028506,1.4542,2.73642,0.25048,2.03432e-09,False,nan|1798,1342240
130_bNAb_Combinations|1342240|cc|5|1|nan|1798,1,0.00285064,1.45422,2.73631,0.250487,2.03352e-09,1,0.0028506,1.4542,2.73642,0.25048,2.03432e-09,False,nan|1798,1342240
130_bNAb_Combinations|1342240|cc|6|1|nan|1798,1,0.00285064,1.45422,2.73631,0.250487,2.03352e-09,1,0.0028506,1.4542,2.73642,0.25048,2.03432e-09,False,nan|1798,1342240
130_bNAb_Combinations|1342240|cc|7|1|nan|1798,1,0.00285064,1.45422,2.73631,0.250487,2.03352e-09,1,0.0028506,1.4542,2.73642,0.25048,2.03432e-09,False,nan|1798,1342240
130_bNAb_Combinations|1342240|cc|8|1|nan|1798,1,0.00285064,1.45422,2.73631,0.250487,2.03352e-09,1,0.0028506,1.4542,2.73642,0.25048,2.03432e-09,False,nan|1798,1342240
130_bNAb_Combinations|1342240|sample|3|nan|1798,1,0.00285063,2.22781,1.85707,0.250487,2.03352e-09,1,0.00285059,2.22781,1.85712,0.25048,2.03432e-09,True,VRC07-523LS|1798,1342240
130_bNAb_Combinations|1342240|sample|4|nan|1798,1,0.00285063,2.22781,1.85707,0.250487,2.03352e-09,1,0.00285059,2.22781,1.85712,0.25048,2.03432e-09,True,VRC07-523LS|1798,1342240
130_bNAb_Combinations|1342240|sample|8|nan|1798,1,0.00285063,2.22781,1.85707,0.250487,2.03352e-09,1,0.00285059,2.22781,1.85712,0.25048,2.03432e-09,True,VRC07-523LS|1798,1342240
130_bNAb_Combinations|1342240|vc|1|2|nan|1798,1,0.00285064,1.45422,2.73631,0.250487,2.03352e-09,1,0.0028506,1.4542,2.73642,0.25048,2.03432e-09,False,nan|1798,1342240
130_bNAb_Combinations|1342240|vc|2|2|nan|1798,1,0.00285064,1.45422,2.73631,0.250487,2.03352e-09,1,0.0028506,1.4542,2.73642,0.25048,2.03432e-09,False,nan|1798,1342240
130_bNAb_Combinations|1342240|vc|3|2|nan|1798,1,0.00285064,1.45422,2.73631,0.250487,2.03352e-09,1,0.0028506,1.4542,2.73642,0.25048,2.03432e-09,False,nan|1798,1342240
130_bNAb_Combinations|1342240|vc|4|2|nan|1798,1,0.00285064,1.45422,2.73631,0.250487,2.03352e-09,1,0.0028506,1.4542,2.73642,0.25048,2.03432e-09,False,nan|1798,1342240
130_bNAb_Combinations|1342240|vc|5|2|nan|1798,1,0.00285064,1.45422,2.73631,0.250487,2.03352e-09,1,0.0028506,1.4542,2.73642,0.25048,2.03432e-09,False,nan|1798,1342240
130_bNAb_Combinations|1342240|vc|6|2|nan|1798,1,0.00285064,1.45422,2.73631,0.250487,2.03352e-09,1,0.0028506,1.4542,2.73642,0.25048,2.03432e-09,False,nan|1798,1342240
130_bNAb_Combinations|1342240|vc|7|2|nan|1798,1,0.00285064,1.45422,2.73631,0.250487,2.03352e-09,1,0.0028506,1.4542,2.73642,0.25048,2.03432e-09,False,nan|1798,1342240
130_bNAb_Combinations|1342240|vc|8|2|nan|1798,1,0.00285064,1.45422,2.73631,0.250487,2.03352e-09,1,0.0028506,1.4542,2.73642,0.25048,2.03432e-09,False,nan|1798,1342240
130_bNAb_Combinations|1342258|cc|1|1|TRO.11|8301,1,0.00285064,1.45421,2.73632,0.244135,2.03352e-09,1,0.0028506,1.45419,2.73643,0.244125,2.03432e-09,False,nan|TRO.11,1342258
130_bNAb_Combinations|1342258|cc|2|1|TRO.11|8301,1,0.00285064,1.45421,2.73632,0.244135,2.03352e-09,1,0.0028506,1.45419,2.73643,0.244125,2.03432e-09,False,nan|TRO.11,1342258
130_bNAb_Combinations|1342258|cc|3|1|TRO.11|8301,1,0.00285064,1.45421,2.73632,0.244135,2.03352e-09,1,0.0028506,1.45419,2.73643,0.244125,2.03432e-09,False,nan|TRO.11,1342258
130_bNAb_Combinations|1342258|cc|4|1|TRO.11|8301,1,0.00285064,1.45421,2.73632,0.244135,2.03352e-09,1,0.0028506,1.45419,2.73643,0.244125,2.03432e-09,False,nan|TRO.11,1342258
130_bNAb_Combinations|1342258|cc|5|1|TRO.11|8301,1,0.00285064,1.45421,2.73632,0.244135,2.03352e-09,1,0.0028506,1.45419,2.73643,0.244125,2.03432e-09,False,nan|TRO.11,1342258
130_bNAb_Combinations|1342258|cc|6|1|TRO.11|8301,1,0.00285064,1.45421,2.73632,0.244135,2.03352e-09,1,0.0028506,1.45419,2.73643,0.244125,2.03432e-09,False,nan|TRO.11,1342258
130_bNAb_Combinations|1342258|cc|7|1|TRO.11|8301,1,0.00285064,1.45421,2.73632,0.244135,2.03352e-09,1,0.0028506,1.45419,2.73643,0.244125,2.03432e-09,False,nan|TRO.11,1342258
130_bNAb_Combinations|1342258|cc|8|1|TRO.11|8301,1,0.00285064,1.45421,2.73632,0.244135,2.03352e-09,1,0.0028506,1.45419,2.73643,0.244125,2.03432e-09,False,nan|TRO.11,1342258
130_bNAb_Combinations|1342258|sample|3|TRO.11|8301,1,0.00285063,1.45423,2.73728,0.244135,2.03352e-09,1,0.00285059,1.45422,2.73742,0.244125,2.03432e-09,True,VRC07-523LS|TRO.11,1342258
130_bNAb_Combinations|1342258|sample|4|TRO.11|8301,1,0.00285063,1.45423,2.73728,0.244135,2.03352e-09,1,0.00285059,1.45422,2.73742,0.244125,2.03432e-09,True,VRC07-523LS|TRO.11,1342258
130_bNAb_Combinations|1342258|vc|1|2|TRO.11|8301,1,0.00285064,1.45421,2.73632,0.244135,2.03352e-09,1,0.0028506,1.45419,2.73643,0.244125,2.03432e-09,False,nan|TRO.11,1342258
130_bNAb_Combinations|1342258|vc|2|2|TRO.11|8301,1,0.00285064,1.45421,2.73632,0.244135,2.03352e-09,1,0.0028506,1.45419,2.73643,0.244125,2.03432e-09,False,nan|TRO.11,1342258
130_bNAb_Combinations|1342258|vc|3|2|TRO.11|8301,1,0.00285064,1.45421,2.73632,0.244135,2.03352e-09,1,0.0028506,1.45419,2.73643,0.244125,2.03432e-09,False,nan|TRO.11,1342258
130_bNAb_Combinations|1342258|vc|4|2|TRO.11|8301,1,0.00285064,1.45421,2.73632,0.244135,2.03352e-09,1,0.0028506,1.45419,2.73643,0.244125,2.03432e-09,False,nan|TRO.11,1342258
130_bNAb_Combinations|1342258|vc|5|2|TRO.11|8301,1,0.00285064,1.45421,2.73632,0.244135,2.03352e-09,1,0.0028506,1.45419,2.73643,0.244125,2.03432e-09,False,nan|TRO.11,1342258
130_bNAb_Combinations|1342258|vc|6|2|TRO.11|8301,1,0.00285064,1.45421,2.73632,0.244135,2.03352e-09,1,0.0028506,1.45419,2.73643,0.244125,2.03432e-09,False,nan|TRO.11,1342258
130_bNAb_Combinations|1342258|vc|7|2|TRO.11|8301,1,0.00285064,1.45421,2.73632,0.244135,2.03352e-09,1,0.0028506,1.45419,2.73643,0.244125,2.03432e-09,False,nan|TRO.11,1342258
130_bNAb_Combinations|1342258|vc|8|2|TRO.11|8301,1,0.00285064,1.45421,2.73632,0.244135,2.03352e-09,1,0.0028506,1.45419,2.73643,0.244125,2.03432e-09,False,nan|TRO.11,1342258
130_bNAb_Combinations|1342276|cc|1|1|Ce1176_A3|7023,1,0.00285064,1.45421,2.73588,0.25049,2.03353e-09,1,0.0028506,1.4542,2.73599,0.250483,2.03433e-09,False,nan|Ce1176_A3,1342276
130_bNAb_Combinations|1342276|cc|2|1|Ce1176_A3|7023,1,0.00285064,1.45421,2.73588,0.25049,2.03353e-09,1,0.0028506,1.4542,2.73599,0.250483,2.03433e-09,False,nan|Ce1176_A3,1342276
130_bNAb_Combinations|1342276|cc|3|1|Ce1176_A3|7023,1,0.00285064,1.45421,2.73588,0.25049,2.03353e-09,1,0.0028506,1.4542,2.73599,0.250483,2.03433e-09,False,nan|Ce1176_A3,1342276
130_bNAb_Combinations|1342276|cc|4|1|Ce1176_A3|7023,1,0.00285064,1.45421,2.73588,0.25049,2.03353e-09,1,0.0028506,1.4542,2.73599,0.250483,2.03433e-09,False,nan|Ce1176_A3,1342276
130_bNAb_Combinations|1342276|cc|5|1|Ce1176_A3|7023,1,0.00285064,1.45421,2.73588,0.25049,2.03353e-09,1,0.0028506,1.4542,2.73599,0.250483,2.03433e-09,False,nan|Ce1176_A3,1342276
130_bNAb_Combinations|1342276|cc|6|1|Ce1176_A3|7023,1,0.00285064,1.45421,2.73588,0.25049,2.03353e-09,1,0.0028506,1.4542,2.73599,0.250483,2.03433e-09,False,nan|Ce1176_A3,1342276
130_bNAb_Combinations|1342276|cc|7|1|Ce1176_A3|7023,1,0.00285064,1.45421,2.73588,0.25049,2.03353e-09,1,0.0028506,1.4542,2.73599,0.250483,2.03433e-09,False,nan|Ce1176_A3,1342276
130_bNAb_Combinations|1342276|cc|8|1|Ce1176_A3|7023,1,0.00285064,1.45421,2.73588,0.25049,2.03353e-09,1,0.0028506,1.4542,2.73599,0.250483,2.03433e-09,False,nan|Ce1176_A3,1342276
130_bNAb_Combinations|1342276|sample|3|Ce1176_A3|7023,1,0.00285063,1.98493,2.73768,0.25049,2.03353e-09,1,0.00285059,1.98489,2.73783,0.250483,2.03433e-09,True,VRC07-523LS|Ce1176_A3,1342276
130_bNAb_Combinations|1342276|sample|4|Ce1176_A3|7023,1,0.00285063,1.98493,2.73768,0.25049,2.03353e-09,1,0.00285059,1.98489,2.73783,0.250483,2.03433e-09,True,VRC07-523LS|Ce1176_A3,1342276
130_bNAb_Combinations|1342276|vc|1|2|Ce1176_A3|7023,1,0.00285064,1.45421,2.73588,0.25049,2.03353e-09,1,0.0028506,1.4542,2.73599,0.250483,2.03433e-09,False,nan|Ce1176_A3,1342276
130_bNAb_Combinations|1342276|vc|2|2|Ce1176_A3|7023,1,0.00285064,1.45421,2.73588,0.25049,2.03353e-09,1,0.0028506,1.4542,2.73599,0.250483,2.03433e-09,False,nan|Ce1176_A3,1342276
130_bNAb_Combinations|1342276|vc|3|2|Ce1176_A3|7023,1,0.00285064,1.45421,2.73588,0.25049,2.03353e-09,1,0.0028506,1.4542,2.73599,0.250483,2.03433e-09,False,nan|Ce1176_A3,1342276
130_bNAb_Combinations|1342276|vc|4|2|Ce1176_A3|7023,1,0.00285064,1.45421,2.73588,0.25049,2.03353e-09,1,0.0028506,1.4542,2.73599,0.250483,2.03433e-09,False,nan|Ce1176_A3,1342276
130_bNAb_Combinations|1342276|vc|5|2|Ce1176_A3|7023,1,0.00285064,1.45421,2.73588,0.25049,2.03353e-09,1,0.0028506,1.4542,2.73599,0.250483,2.03433e-09,False,nan|Ce1176_A3,1342276
130_bNAb_Combinations|1342276|vc|6|2|Ce1176_A3|7023,1,0.00285064,1.45421,2.73588,0.25049,2.03353e-09,1,0.0028506,1.4542,2.73599,0.250483,2.03433e-09,False,nan|Ce1176_A3,1342276
130_bNAb_Combinations|1342276|vc|7|2|Ce1176_A3|7023,1,0.00285064,1.45421,2.73588,0.25049,2.03353e-09,1,0.0028506,1.4542,2.73599,0.250483,2.03433e-09,False,nan|Ce1176_A3,1342276
130_bNAb_Combinations|1342276|vc|8|2|Ce1176_A3|7023,1,0.00285064,1.45421,2.73588,0.25049,2.03353e-09,1,0.0028506,1.4542,2.73599,0.250483,2.03433e-09,False,nan|Ce1176_A3,1342276
130_bNAb_Combinations|1342294|cc|1|1|nan|1176,1,0.00285064,1.4542,2.73631,0.22706,2.03353e-09,1,0.0028506,1.45418,2.73642,0.227051,2.03433e-09,False,nan|1176,1342294
130_bNAb_Combinations|1342294|cc|2|1|nan|1176,1,0.00285064,1.4542,2.73631,0.22706,2.03353e-09,1,0.0028506,1.45418,2.73642,0.227051,2.03433e-09,False,nan|1176,1342294
130_bNAb_Combinations|1342294|cc|3|1|nan|1176,1,0.00285064,1.4542,2.73631,0.22706,2.03353e-09,1,0.0028506,1.45418,2.73642,0.227051,2.03433e-09,False,nan|1176,1342294
130_bNAb_Combinations|1342294|cc|4|1|nan|1176,1,0.00285064,1.4542,2.73631,0.22706,2.03353e-09,1,0.0028506,1.45418,2.73642,0.227051,2.03433e-09,False,nan|1176,1342294
130_bNAb_Combinations|1342294|cc|5|1|nan|1176,1,0.00285064,1.4542,2.73631,0.22706,2.03353e-09,1,0.0028506,1.45418,2.73642,0.227051,2.03433e-09,False,nan|1176,1342294
130_bNAb_Combinations|1342294|cc|6|1|nan|1176,1,0.00285064,1.4542,2.73631,0.22706,2.03353e-09,1,0.0028506,1.45418,2.73642,0.227051,2.03433e-09,False,nan|1176,1342294
130_bNAb_Combinations|1342294|cc|7|1|nan|1176,1,0.00285064,1.4542,2.73631,0.22706,2.03353e-09,1,0.0028506,1.45418,2.73642,0.227051,2.03433e-09,False,nan|1176,1342294
130_bNAb_Combinations|1342294|cc|8|1|nan|1176,1,0.00285064,1.4542,2.73631,0.22706,2.03353e-09,1,0.0028506,1.45418,2.73642,0.227051,2.03433e-09,False,nan|1176,1342294
130_bNAb_Combinations|1342294|sample|3|nan|1176,1,0.00285063,1.45423,19.4018,0.22706,2.03353e-09,1,0.00285059,1.45422,19.4027,0.227051,2.03433e-09,True,VRC07-523LS|1176,1342294
130_bNAb_Combinations|1342294|sample|4|nan|1176,1,0.00285063,1.45423,19.4018,0.22706,2.03353e-09,1,0.00285059,1.45422,19.4027,0.227051,2.03433e-09,True,VRC07-523LS|1176,1342294
130_bNAb_Combinations|1342294|sample|8|nan|1176,1,0.00285063,1.45423,19.4018,0.22706,2.03353e-09,1,0.00285059,1.45422,19.4027,0.227051,2.03433e-09,True,VRC07-523LS|1176,1342294
130_bNAb_Combinations|1342294|vc|1|2|nan|1176,1,0.00285064,1.4542,2.73631,0.22706,2.03353e-09,1,0.0028506,1.45418,2.73642,0.227051,2.03433e-09,False,nan|1176,1342294
130_bNAb_Combinations|1342294|vc|2|2|nan|1176,1,0.00285064,1.4542,2.73631,0.22706,2.03353e-09,1,0.0028506,1.45418,2.73642,0.227051,2.03433e-09,False,nan|1176,1342294
130_bNAb_Combinations|1342294|vc|3|2|nan|1176,1,0.00285064,1.4542,2.73631,0.22706,2.03353e-09,1,0.0028506,1.45418,2.73642,0.227051,2.03433e-09,False,nan|1176,1342294
130_bNAb_Combinations|1342294|vc|4|2|nan|1176,1,0.00285064,1.4542,2.73631,0.22706,2.03353e-09,1,0.0028506,1.45418,2.73642,0.227051,2.03433e-09,False,nan|1176,1342294
130_bNAb_Combinations|1342294|vc|5|2|nan|1176,1,0.00285064,1.4542,2.73631,0.22706,2.03353e-09,1,0.0028506,1.45418,2.73642,0.227051,2.03433e-09,False,nan|1176,1342294
130_bNAb_Combinations|1342294|vc|6|2|nan|1176,1,0.00285064,1.4542,2.73631,0.22706,2.03353e-09,1,0.0028506,1.45418,2.73642,0.227051,2.03433e-09,False,nan|1176,1342294
130_bNAb_Combinations|1342294|vc|7|2|nan|1176,1,0.00285064,1.4542,2.73631,0.22706,2.03353e-09,1,0.0028506,1.45418,2.73642,0.227051,2.03433e-09,False,nan|1176,1342294
130_bNAb_Combinations|1342294|vc|8|2|nan|1176,1,0.00285064,1.4542,2.73631,0.22706,2.03353e-09,1,0.0028506,1.45418,2.73642,0.227051,2.03433e-09,False,nan|1176,1342294
130_bNAb_Combinations|1342312|cc|1|1|RHPA4259.7|5371,1,0.00285064,1.45421,2.73631,0.304402,2.03353e-09,1,0.0028506,1.4542,2.73643,0.304396,2.03433e-09,False,nan|RHPA4259.7,1342312
130_bNAb_Combinations|1342312|cc|2|1|RHPA4259.7|5371,1,0.00285064,1.45421,2.73631,0.304402,2.03353e-09,1,0.0028506,1.4542,2.73643,0.304396,2.03433e-09,False,nan|RHPA4259.7,1342312
130_bNAb_Combinations|1342312|cc|3|1|RHPA4259.7|5371,1,0.00285064,1.45421,2.73631,0.304402,2.03353e-09,1,0.0028506,1.4542,2.73643,0.304396,2.03433e-09,False,nan|RHPA4259.7,1342312
130_bNAb_Combinations|1342312|cc|4|1|RHPA4259.7|5371,1,0.00285064,1.45421,2.73631,0.304402,2.03353e-09,1,0.0028506,1.4542,2.73643,0.304396,2.03433e-09,False,nan|RHPA4259.7,1342312
130_bNAb_Combinations|1342312|cc|5|1|RHPA4259.7|5371,1,0.00285064,1.45421,2.73631,0.304402,2.03353e-09,1,0.0028506,1.4542,2.73643,0.304396,2.03433e-09,False,nan|RHPA4259.7,1342312
130_bNAb_Combinations|1342312|cc|6|1|RHPA4259.7|5371,1,0.00285064,1.45421,2.73631,0.304402,2.03353e-09,1,0.0028506,1.4542,2.73643,0.304396,2.03433e-09,False,nan|RHPA4259.7,1342312
130_bNAb_Combinations|1342312|cc|7|1|RHPA4259.7|5371,1,0.00285064,1.45421,2.73631,0.304402,2.03353e-09,1,0.0028506,1.4542,2.73643,0.304396,2.03433e-09,False,nan|RHPA4259.7,1342312
130_bNAb_Combinations|1342312|cc|8|1|RHPA4259.7|5371,1,0.00285064,1.45421,2.73631,0.304402,2.03353e-09,1,0.0028506,1.4542,2.73643,0.304396,2.03433e-09,False,nan|RHPA4259.7,1342312
130_bNAb_Combinations|1342312|sample|3|RHPA4259.7|5371,1,0.00285063,1.45423,2.73727,0.304402,2.03353e-09,1,0.00285059,1.45422,2.73742,0.304396,2.03433e-09,True,VRC07-523LS|RHPA4259.7,1342312
130_bNAb_Combinations|1342312|sample|4|RHPA4259.7|5371,1,0.00285063,1.45423,2.73727,0.304402,2.03353e-09,1,0.00285059,1.45422,2.73742,0.304396,2.03433e-09,True,VRC07-523LS|RHPA4259.7,1342312
130_bNAb_Combinations|1342312|vc|1|2|RHPA4259.7|5371,1,0.00285064,1.45421,2.73631,0.304402,2.03353e-09,1,0.0028506,1.4542,2.73643,0.304396,2.03433e-09,False,nan|RHPA4259.7,1342312
130_bNAb_Combinations|1342312|vc|2|2|RHPA4259.7|5371,1,0.00285064,1.45421,2.73631,0.304402,2.03353e-09,1,0.0028506,1.4542,2.73643,0.304396,2.03433e-09,False,nan|RHPA4259.7,1342312
130_bNAb_Combinations|1342312|vc|3|2|RHPA4259.7|5371,1,0.00285064,1.45421,2.73631,0.304402,2.03353e-09,1,0.0028506,1.4542,2.73643,0.304396,2.03433e-09,False,nan|RHPA4259.7,1342312
130_bNAb_Combinations|1342312|vc|4|2|RHPA4259.7|5371,1,0.00285064,1.45421,2.73631,0.304402,2.03353e-09,1,0.0028506,1.4542,2.73643,0.304396,2.03433e-09,False,nan|RHPA4259.7,1342312
130_bNAb_Combinations|1342312|vc|5|2|RHPA4259.7|5371,1,0.00285064,1.45421,2.73631,0.304402,2.03353e-09,1,0.0028506,1.4542,2.73643,0.304396,2.03433e-09,False,nan|RHPA4259.7,1342312
130_bNAb_Combinations|1342312|vc|6|2|RHPA4259.7|5371,1,0.00285064,1.45421,2.73631,0.304402,2.03353e-09,1,0.0028506,1.4542,2.73643,0.304396,2.03433e-09,False,nan|RHPA4259.7,1342312
130_bNAb_Combinations|1342312|vc|7|2|RHPA4259.7|5371,1,0.00285064,1.45421,2.73631,0.304402,2.03353e-09,1,0.0028506,1.4542,2.73643,0.304396,2.03433e-09,False,nan|RHPA4259.7,1342312
130_bNAb_Combinations|1342312|vc|8|2|RHPA4259.7|5371,1,0.00285064,1.45421,2.73631,0.304402,2.03353e-09,1,0.0028506,1.4542,2.73643,0.304396,2.03433e-09,False,nan|RHPA4259.7,1342312
130_bNAb_Combinations|1342336|cc|1|1|nan|3430,1,0.00285064,1.45427,2.7363,0.250487,2.03354e-09,1,0.0028506,1.45426,2.73641,0.25048,2.03434e-09,False,nan|3430,1342336
130_bNAb_Combinations|1342336|cc|2|1|nan|3430,1,0.00285064,1.45427,2.7363,0.250487,2.03354e-09,1,0.0028506,1.45426,2.73641,0.25048,2.03434e-09,False,nan|3430,1342336
130_bNAb_Combinations|1342336|cc|3|1|nan|3430,1,0.00285064,1.45427,2.7363,0.250487,2.03354e-09,1,0.0028506,1.45426,2.73641,0.25048,2.03434e-09,False,nan|3430,1342336
130_bNAb_Combinations|1342336|cc|4|1|nan|3430,1,0.00285064,1.45427,2.7363,0.250487,2.03354e-09,1,0.0028506,1.45426,2.73641,0.25048,2.03434e-09,False,nan|3430,1342336
130_bNAb_Combinations|1342336|cc|5|1|nan|3430,1,0.00285064,1.45427,2.7363,0.250487,2.03354e-09,1,0.0028506,1.45426,2.73641,0.25048,2.03434e-09,False,nan|3430,1342336
130_bNAb_Combinations|1342336|cc|6|1|nan|3430,1,0.00285064,1.45427,2.7363,0.250487,2.03354e-09,1,0.0028506,1.45426,2.73641,0.25048,2.03434e-09,False,nan|3430,1342336
130_bNAb_Combinations|1342336|cc|7|1|nan|3430,1,0.00285064,1.45427,2.7363,0.250487,2.03354e-09,1,0.0028506,1.45426,2.73641,0.25048,2.03434e-09,False,nan|3430,1342336
130_bNAb_Combinations|1342336|cc|8|1|nan|3430,1,0.00285064,1.45427,2.7363,0.250487,2.03354e-09,1,0.0028506,1.45426,2.73641,0.25048,2.03434e-09,False,nan|3430,1342336
130_bNAb_Combinations|1342336|sample|3|nan|3430,1,0.00285063,1.45423,24.9761,0.250487,2.03354e-09,1,0.00285059,1.45422,24.977,0.25048,2.03434e-09,True,VRC07-523LS|3430,1342336
130_bNAb_Combinations|1342336|sample|4|nan|3430,1,0.00285063,1.45423,24.9761,0.250487,2.03354e-09,1,0.00285059,1.45422,24.977,0.25048,2.03434e-09,True,VRC07-523LS|3430,1342336
130_bNAb_Combinations|1342336|sample|5|nan|3430,1,0.00285063,1.45423,24.9761,0.250487,2.03354e-09,1,0.00285059,1.45422,24.977,0.25048,2.03434e-09,True,VRC07-523LS|3430,1342336
130_bNAb_Combinations|1342336|vc|1|2|nan|3430,1,0.00285064,1.45427,2.7363,0.250487,2.03354e-09,1,0.0028506,1.45426,2.73641,0.25048,2.03434e-09,False,nan|3430,1342336
130_bNAb_Combinations|1342336|vc|2|2|nan|3430,1,0.00285064,1.45427,2.7363,0.250487,2.03354e-09,1,0.0028506,1.45426,2.73641,0.25048,2.03434e-09,False,nan|3430,1342336
130_bNAb_Combinations|1342336|vc|3|2|nan|3430,1,0.00285064,1.45427,2.7363,0.250487,2.03354e-09,1,0.0028506,1.45426,2.73641,0.25048,2.03434e-09,False,nan|3430,1342336
130_bNAb_Combinations|1342336|vc|4|2|nan|3430,1,0.00285064,1.45427,2.7363,0.250487,2.03354e-09,1,0.0028506,1.45426,2.73641,0.25048,2.03434e-09,False,nan|3430,1342336
130_bNAb_Combinations|1342336|vc|5|2|nan|3430,1,0.00285064,1.45427,2.7363,0.250487,2.03354e-09,1,0.0028506,1.45426,2.73641,0.25048,2.03434e-09,False,nan|3430,1342336
130_bNAb_Combinations|1342336|vc|6|2|nan|3430,1,0.00285064,1.45427,2.7363,0.250487,2.03354e-09,1,0.0028506,1.45426,2.73641,0.25048,2.03434e-09,False,nan|3430,1342336
130_bNAb_Combinations|1342336|vc|7|2|nan|3430,1,0.00285064,1.45427,2.7363,0.250487,2.03354e-09,1,0.0028506,1.45426,2.73641,0.25048,2.03434e-09,False,nan|3430,1342336
130_bNAb_Combinations|1342336|vc|8|2|nan|3430,1,0.00285064,1.45427,2.7363,0.250487,2.03354e-09,1,0.0028506,1.45426,2.73641,0.25048,2.03434e-09,False,nan|3430,1342336
130_bNAb_Combinations|1342348|cc|1|1|nan|4166,1,0.00285064,1.4542,2.73631,0.250487,2.03353e-09,1,0.0028506,1.45419,2.73642,0.25048,2.03433e-09,False,nan|4166,1342348
130_bNAb_Combinations|1342348|cc|2|1|nan|4166,1,0.00285064,1.4542,2.73631,0.250487,2.03353e-09,1,0.0028506,1.45419,2.73642,0.25048,2.03433e-09,False,nan|4166,1342348
130_bNAb_Combinations|1342348|cc|3|1|nan|4166,1,0.00285064,1.4542,2.73631,0.250487,2.03353e-09,1,0.0028506,1.45419,2.73642,0.25048,2.03433e-09,False,nan|4166,1342348
130_bNAb_Combinations|1342348|cc|4|1|nan|4166,1,0.00285064,1.4542,2.73631,0.250487,2.03353e-09,1,0.0028506,1.45419,2.73642,0.25048,2.03433e-09,False,nan|4166,1342348
130_bNAb_Combinations|1342348|cc|5|1|nan|4166,1,0.00285064,1.4542,2.73631,0.250487,2.03353e-09,1,0.0028506,1.45419,2.73642,0.25048,2.03433e-09,False,nan|4166,1342348
130_bNAb_Combinations|1342348|cc|6|1|nan|4166,1,0.00285064,1.4542,2.73631,0.250487,2.03353e-09,1,0.0028506,1.45419,2.73642,0.25048,2.03433e-09,False,nan|4166,1342348
130_bNAb_Combinations|1342348|cc|7|1|nan|4166,1,0.00285064,1.4542,2.73631,0.250487,2.03353e-09,1,0.0028506,1.45419,2.73642,0.25048,2.03433e-09,False,nan|4166,1342348
130_bNAb_Combinations|1342348|cc|8|1|nan|4166,1,0.00285064,1.4542,2.73631,0.250487,2.03353e-09,1,0.0028506,1.45419,2.73642,0.25048,2.03433e-09,False,nan|4166,1342348
130_bNAb_Combinations|1342348|sample|3|nan|4166,1,0.00285063,1.45423,2.73728,0.250487,2.03353e-09,1,0.00285059,1.45422,2.73742,0.25048,2.03433e-09,True,VRC07-523LS|4166,1342348
130_bNAb_Combinations|1342348|sample|4|nan|4166,1,0.00285063,1.45423,2.73728,0.250487,2.03353e-09,1,0.00285059,1.45422,2.73742,0.25048,2.03433e-09,True,VRC07-523LS|4166,1342348
130_bNAb_Combinations|1342348|vc|1|2|nan|4166,1,0.00285064,1.4542,2.73631,0.250487,2.03353e-09,1,0.0028506,1.45419,2.73642,0.25048,2.03433e-09,False,nan|4166,1342348
130_bNAb_Combinations|1342348|vc|2|2|nan|4166,1,0.00285064,1.4542,2.73631,0.250487,2.03353e-09,1,0.0028506,1.45419,2.73642,0.25048,2.03433e-09,False,nan|4166,1342348
130_bNAb_Combinations|1342348|vc|3|2|nan|4166,1,0.00285064,1.4542,2.73631,0.250487,2.03353e-09,1,0.0028506,1.45419,2.73642,0.25048,2.03433e-09,False,nan|4166,1342348
130_bNAb_Combinations|1342348|vc|4|2|nan|4166,1,0.00285064,1.4542,2.73631,0.250487,2.03353e-09,1,0.0028506,1.45419,2.73642,0.25048,2.03433e-09,False,nan|4166,1342348
130_bNAb_Combinations|1342348|vc|5|2|nan|4166,1,0.00285064,1.4542,2.73631,0.250487,2.03353e-09,1,0.0028506,1.45419,2.73642,0.25048,2.03433e-09,False,nan|4166,1342348
130_bNAb_Combinations|1342348|vc|6|2|nan|4166,1,0.00285064,1.4542,2.73631,0.250487,2.03353e-09,1,0.0028506,1.45419,2.73642,0.25048,2.03433e-09,False,nan|4166,1342348
130_bNAb_Combinations|1342348|vc|7|2|nan|4166,1,0.00285064,1.4542,2.73631,0.250487,2.03353e-09,1,0.0028506,1.45419,2.73642,0.25048,2.03433e-09,False,nan|4166,1342348
130_bNAb_Combinations|1342348|vc|8|2|nan|4166,1,0.00285064,1.4542,2.73631,0.250487,2.03353e-09,1,0.0028506,1.45419,2.73642,0.25048,2.03433e-09,False,nan|4166,1342348
130_bNAb_Combinations|1342372|cc|1|1|nan|2944,1,0.00285064,1.45421,2.73631,0.293816,2.03353e-09,1,0.0028506,1.45419,2.73643,0.293809,2.03433e-09,False,nan|2944,1342372
130_bNAb_Combinations|1342372|cc|2|1|nan|2944,1,0.00285064,1.45421,2.73631,0.293816,2.03353e-09,1,0.0028506,1.45419,2.73643,0.293809,2.03433e-09,False,nan|2944,1342372
130_bNAb_Combinations|1342372|cc|3|1|nan|2944,1,0.00285064,1.45421,2.73631,0.293816,2.03353e-09,1,0.0028506,1.45419,2.73643,0.293809,2.03433e-09,False,nan|2944,1342372
130_bNAb_Combinations|1342372|cc|4|1|nan|2944,1,0.00285064,1.45421,2.73631,0.293816,2.03353e-09,1,0.0028506,1.45419,2.73643,0.293809,2.03433e-09,False,nan|2944,1342372
130_bNAb_Combinations|1342372|cc|5|1|nan|2944,1,0.00285064,1.45421,2.73631,0.293816,2.03353e-09,1,0.0028506,1.45419,2.73643,0.293809,2.03433e-09,False,nan|2944,1342372
130_bNAb_Combinations|1342372|cc|6|1|nan|2944,1,0.00285064,1.45421,2.73631,0.293816,2.03353e-09,1,0.0028506,1.45419,2.73643,0.293809,2.03433e-09,False,nan|2944,1342372
130_bNAb_Combinations|1342372|cc|7|1|nan|2944,1,0.00285064,1.45421,2.73631,0.293816,2.03353e-09,1,0.0028506,1.45419,2.73643,0.293809,2.03433e-09,False,nan|2944,1342372
130_bNAb_Combinations|1342372|cc|8|1|nan|2944,1,0.00285064,1.45421,2.73631,0.293816,2.03353e-09,1,0.0028506,1.45419,2.73643,0.293809,2.03433e-09,False,nan|2944,1342372
130_bNAb_Combinations|1342372|sample|3|nan|2944,1,0.00285063,4.80934,2.73728,0.293816,2.03353e-09,1,0.00285059,4.80918,2.73742,0.293809,2.03433e-09,True,VRC07-523LS|2944,1342372
130_bNAb_Combinations|1342372|sample|4|nan|2944,1,0.00285063,4.80934,2.73728,0.293816,2.03353e-09,1,0.00285059,4.80918,2.73742,0.293809,2.03433e-09,True,VRC07-523LS|2944,1342372
130_bNAb_Combinations|1342372|vc|1|2|nan|2944,1,0.00285064,1.45421,2.73631,0.293816,2.03353e-09,1,0.0028506,1.45419,2.73643,0.293809,2.03433e-09,False,nan|2944,1342372
130_bNAb_Combinations|1342372|vc|2|2|nan|2944,1,0.00285064,1.45421,2.73631,0.293816,2.03353e-09,1,0.0028506,1.45419,2.73643,0.293809,2.03433e-09,False,nan|2944,1342372
130_bNAb_Combinations|1342372|vc|3|2|nan|2944,1,0.00285064,1.45421,2.73631,0.293816,2.03353e-09,1,0.0028506,1.45419,2.73643,0.293809,2.03433e-09,False,nan|2944,1342372
130_bNAb_Combinations|1342372|vc|4|2|nan|2944,1,0.00285064,1.45421,2.73631,0.293816,2.03353e-09,1,0.0028506,1.45419,2.73643,0.293809,2.03433e-09,False,nan|2944,1342372
130_bNAb_Combinations|1342372|vc|5|2|nan|2944,1,0.00285064,1.45421,2.73631,0.293816,2.03353e-09,1,0.0028506,1.45419,2.73643,0.293809,2.03433e-09,False,nan|2944,1342372
130_bNAb_Combinations|1342372|vc|6|2|nan|2944,1,0.00285064,1.45421,2.73631,0.293816,2.03353e-09,1,0.0028506,1.45419,2.73643,0.293809,2.03433e-09,False,nan|2944,1342372
130_bNAb_Combinations|1342372|vc|7|2|nan|2944,1,0.00285064,1.45421,2.73631,0.293816,2.03353e-09,1,0.0028506,1.45419,2.73643,0.293809,2.03433e-09,False,nan|2944,1342372
130_bNAb_Combinations|1342372|vc|8|2|nan|2944,1,0.00285064,1.45421,2.73631,0.293816,2.03353e-09,1,0.0028506,1.45419,2.73643,0.293809,2.03433e-09,False,nan|2944,1342372
130_bNAb_Combinations|1342384|cc|1|1|nan|2946,1,0.00285064,1.4542,2.73623,0.174099,2.03353e-09,1,0.0028506,1.45419,2.73635,0.174092,2.03434e-09,False,nan|2946,1342384
130_bNAb_Combinations|1342384|cc|2|1|nan|2946,1,0.00285064,1.4542,2.73623,0.174099,2.03353e-09,1,0.0028506,1.45419,2.73635,0.174092,2.03434e-09,False,nan|2946,1342384
130_bNAb_Combinations|1342384|cc|3|1|nan|2946,1,0.00285064,1.4542,2.73623,0.174099,2.03353e-09,1,0.0028506,1.45419,2.73635,0.174092,2.03434e-09,False,nan|2946,1342384
130_bNAb_Combinations|1342384|cc|4|1|nan|2946,1,0.00285064,1.4542,2.73623,0.174099,2.03353e-09,1,0.0028506,1.45419,2.73635,0.174092,2.03434e-09,False,nan|2946,1342384
130_bNAb_Combinations|1342384|cc|5|1|nan|2946,1,0.00285064,1.4542,2.73623,0.174099,2.03353e-09,1,0.0028506,1.45419,2.73635,0.174092,2.03434e-09,False,nan|2946,1342384
130_bNAb_Combinations|1342384|cc|6|1|nan|2946,1,0.00285064,1.4542,2.73623,0.174099,2.03353e-09,1,0.0028506,1.45419,2.73635,0.174092,2.03434e-09,False,nan|2946,1342384
130_bNAb_Combinations|1342384|cc|7|1|nan|2946,1,0.00285064,1.4542,2.73623,0.174099,2.03353e-09,1,0.0028506,1.45419,2.73635,0.174092,2.03434e-09,False,nan|2946,1342384
130_bNAb_Combinations|1342384|cc|8|1|nan|2946,1,0.00285064,1.4542,2.73623,0.174099,2.03353e-09,1,0.0028506,1.45419,2.73635,0.174092,2.03434e-09,False,nan|2946,1342384
130_bNAb_Combinations|1342384|sample|3|nan|2946,1,0.00285063,1.83716,1.58596,0.174099,2.03353e-09,1,0.00285059,1.83717,1.58601,0.174092,2.03434e-09,True,VRC07-523LS|2946,1342384
130_bNAb_Combinations|1342384|sample|4|nan|2946,1,0.00285063,1.83716,1.58596,0.174099,2.03353e-09,1,0.00285059,1.83717,1.58601,0.174092,2.03434e-09,True,VRC07-523LS|2946,1342384
130_bNAb_Combinations|1342384|vc|1|2|nan|2946,1,0.00285064,1.4542,2.73623,0.174099,2.03353e-09,1,0.0028506,1.45419,2.73635,0.174092,2.03434e-09,False,nan|2946,1342384
130_bNAb_Combinations|1342384|vc|2|2|nan|2946,1,0.00285064,1.4542,2.73623,0.174099,2.03353e-09,1,0.0028506,1.45419,2.73635,0.174092,2.03434e-09,False,nan|2946,1342384
130_bNAb_Combinations|1342384|vc|3|2|nan|2946,1,0.00285064,1.4542,2.73623,0.174099,2.03353e-09,1,0.0028506,1.45419,2.73635,0.174092,2.03434e-09,False,nan|2946,1342384
130_bNAb_Combinations|1342384|vc|4|2|nan|2946,1,0.00285064,1.4542,2.73623,0.174099,2.03353e-09,1,0.0028506,1.45419,2.73635,0.174092,2.03434e-09,False,nan|2946,1342384
130_bNAb_Combinations|1342384|vc|5|2|nan|2946,1,0.00285064,1.4542,2.73623,0.174099,2.03353e-09,1,0.0028506,1.45419,2.73635,0.174092,2.03434e-09,False,nan|2946,1342384
130_bNAb_Combinations|1342384|vc|6|2|nan|2946,1,0.00285064,1.4542,2.73623,0.174099,2.03353e-09,1,0.0028506,1.45419,2.73635,0.174092,2.03434e-09,False,nan|2946,1342384
130_bNAb_Combinations|1342384|vc|7|2|nan|2946,1,0.00285064,1.4542,2.73623,0.174099,2.03353e-09,1,0.0028506,1.45419,2.73635,0.174092,2.03434e-09,False,nan|2946,1342384
130_bNAb_Combinations|1342384|vc|8|2|nan|2946,1,0.00285064,1.4542,2.73623,0.174099,2.03353e-09,1,0.0028506,1.45419,2.73635,0.174092,2.03434e-09,False,nan|2946,1342384
130_bNAb_Combinations|1342396|cc|1|1|PVO.4|5024,1,0.00285064,1.45421,2.73635,0.250487,2.03353e-09,1,0.0028506,1.45419,2.73646,0.250479,2.03433e-09,False,nan|PVO.4,1342396
130_bNAb_Combinations|1342396|cc|2|1|PVO.4|5024,1,0.00285064,1.45421,2.73635,0.250487,2.03353e-09,1,0.0028506,1.45419,2.73646,0.250479,2.03433e-09,False,nan|PVO.4,1342396
130_bNAb_Combinations|1342396|cc|3|1|PVO.4|5024,1,0.00285064,1.45421,2.73635,0.250487,2.03353e-09,1,0.0028506,1.45419,2.73646,0.250479,2.03433e-09,False,nan|PVO.4,1342396
130_bNAb_Combinations|1342396|cc|4|1|PVO.4|5024,1,0.00285064,1.45421,2.73635,0.250487,2.03353e-09,1,0.0028506,1.45419,2.73646,0.250479,2.03433e-09,False,nan|PVO.4,1342396
130_bNAb_Combinations|1342396|cc|5|1|PVO.4|5024,1,0.00285064,1.45421,2.73635,0.250487,2.03353e-09,1,0.0028506,1.45419,2.73646,0.250479,2.03433e-09,False,nan|PVO.4,1342396
130_bNAb_Combinations|1342396|cc|6|1|PVO.4|5024,1,0.00285064,1.45421,2.73635,0.250487,2.03353e-09,1,0.0028506,1.45419,2.73646,0.250479,2.03433e-09,False,nan|PVO.4,1342396
130_bNAb_Combinations|1342396|cc|7|1|PVO.4|5024,1,0.00285064,1.45421,2.73635,0.250487,2.03353e-09,1,0.0028506,1.45419,2.73646,0.250479,2.03433e-09,False,nan|PVO.4,1342396
130_bNAb_Combinations|1342396|cc|8|1|PVO.4|5024,1,0.00285064,1.45421,2.73635,0.250487,2.03353e-09,1,0.0028506,1.45419,2.73646,0.250479,2.03433e-09,False,nan|PVO.4,1342396
130_bNAb_Combinations|1342396|sample|3|PVO.4|5024,1,0.00285063,1.45423,2.73728,0.250487,2.03353e-09,1,0.00285059,1.45422,2.73743,0.250479,2.03433e-09,True,VRC07-523LS|PVO.4,1342396
130_bNAb_Combinations|1342396|sample|4|PVO.4|5024,1,0.00285063,1.45423,2.73728,0.250487,2.03353e-09,1,0.00285059,1.45422,2.73743,0.250479,2.03433e-09,True,VRC07-523LS|PVO.4,1342396
130_bNAb_Combinations|1342396|vc|1|2|PVO.4|5024,1,0.00285064,1.45421,2.73635,0.250487,2.03353e-09,1,0.0028506,1.45419,2.73646,0.250479,2.03433e-09,False,nan|PVO.4,1342396
130_bNAb_Combinations|1342396|vc|2|2|PVO.4|5024,1,0.00285064,1.45421,2.73635,0.250487,2.03353e-09,1,0.0028506,1.45419,2.73646,0.250479,2.03433e-09,False,nan|PVO.4,1342396
130_bNAb_Combinations|1342396|vc|3|2|PVO.4|5024,1,0.00285064,1.45421,2.73635,0.250487,2.03353e-09,1,0.0028506,1.45419,2.73646,0.250479,2.03433e-09,False,nan|PVO.4,1342396
130_bNAb_Combinations|1342396|vc|4|2|PVO.4|5024,1,0.00285064,1.45421,2.73635,0.250487,2.03353e-09,1,0.0028506,1.45419,2.73646,0.250479,2.03433e-09,False,nan|PVO.4,1342396
130_bNAb_Combinations|1342396|vc|5|2|PVO.4|5024,1,0.00285064,1.45421,2.73635,0.250487,2.03353e-09,1,0.0028506,1.45419,2.73646,0.250479,2.03433e-09,False,nan|PVO.4,1342396
130_bNAb_Combinations|1342396|vc|6|2|PVO.4|5024,1,0.00285064,1.45421,2.73635,0.250487,2.03353e-09,1,0.0028506,1.45419,2.73646,0.250479,2.03433e-09,False,nan|PVO.4,1342396
130_bNAb_Combinations|1342396|vc|7|2|PVO.4|5024,1,0.00285064,1.45421,2.73635,0.250487,2.03353e-09,1,0.0028506,1.45419,2.73646,0.250479,2.03433e-09,False,nan|PVO.4,1342396
130_bNAb_Combinations|1342396|vc|8|2|PVO.4|5024,1,0.00285064,1.45421,2.73635,0.250487,2.03353e-09,1,0.0028506,1.45419,2.73646,0.250479,2.03433e-09,False,nan|PVO.4,1342396
130_bNAb_Combinations|1342408|cc|1|1|nan|4168,1,0.00285064,1.45419,2.73633,0.250487,2.03352e-09,1,0.0028506,1.45417,2.73645,0.25048,2.03432e-09,False,nan|4168,1342408
130_bNAb_Combinations|1342408|cc|2|1|nan|4168,1,0.00285064,1.45419,2.73633,0.250487,2.03352e-09,1,0.0028506,1.45417,2.73645,0.25048,2.03432e-09,False,nan|4168,1342408
130_bNAb_Combinations|1342408|cc|3|1|nan|4168,1,0.00285064,1.45419,2.73633,0.250487,2.03352e-09,1,0.0028506,1.45417,2.73645,0.25048,2.03432e-09,False,nan|4168,1342408
130_bNAb_Combinations|1342408|cc|4|1|nan|4168,1,0.00285064,1.45419,2.73633,0.250487,2.03352e-09,1,0.0028506,1.45417,2.73645,0.25048,2.03432e-09,False,nan|4168,1342408
130_bNAb_Combinations|1342408|cc|5|1|nan|4168,1,0.00285064,1.45419,2.73633,0.250487,2.03352e-09,1,0.0028506,1.45417,2.73645,0.25048,2.03432e-09,False,nan|4168,1342408
130_bNAb_Combinations|1342408|cc|6|1|nan|4168,1,0.00285064,1.45419,2.73633,0.250487,2.03352e-09,1,0.0028506,1.45417,2.73645,0.25048,2.03432e-09,False,nan|4168,1342408
130_bNAb_Combinations|1342408|cc|7|1|nan|4168,1,0.00285064,1.45419,2.73633,0.250487,2.03352e-09,1,0.0028506,1.45417,2.73645,0.25048,2.03432e-09,False,nan|4168,1342408
130_bNAb_Combinations|1342408|cc|8|1|nan|4168,1,0.00285064,1.45419,2.73633,0.250487,2.03352e-09,1,0.0028506,1.45417,2.73645,0.25048,2.03432e-09,False,nan|4168,1342408
130_bNAb_Combinations|1342408|sample|3|nan|4168,1,0.00285063,1.45423,2.73728,0.250487,2.03352e-09,1,0.00285059,1.45422,2.73742,0.25048,2.03432e-09,True,VRC07-523LS|4168,1342408
130_bNAb_Combinations|1342408|sample|4|nan|4168,1,0.00285063,1.45423,2.73728,0.250487,2.03352e-09,1,0.00285059,1.45422,2.73742,0.25048,2.03432e-09,True,VRC07-523LS|4168,1342408
130_bNAb_Combinations|1342408|vc|1|2|nan|4168,1,0.00285064,1.45419,2.73633,0.250487,2.03352e-09,1,0.0028506,1.45417,2.73645,0.25048,2.03432e-09,False,nan|4168,1342408
130_bNAb_Combinations|1342408|vc|2|2|nan|4168,1,0.00285064,1.45419,2.73633,0.250487,2.03352e-09,1,0.0028506,1.45417,2.73645,0.25048,2.03432e-09,False,nan|4168,1342408
130_bNAb_Combinations|1342408|vc|3|2|nan|4168,1,0.00285064,1.45419,2.73633,0.250487,2.03352e-09,1,0.0028506,1.45417,2.73645,0.25048,2.03432e-09,False,nan|4168,1342408
130_bNAb_Combinations|1342408|vc|4|2|nan|4168,1,0.00285064,1.45419,2.73633,0.250487,2.03352e-09,1,0.0028506,1.45417,2.73645,0.25048,2.03432e-09,False,nan|4168,1342408
130_bNAb_Combinations|1342408|vc|5|2|nan|4168,1,0.00285064,1.45419,2.73633,0.250487,2.03352e-09,1,0.0028506,1.45417,2.73645,0.25048,2.03432e-09,False,nan|4168,1342408
130_bNAb_Combinations|1342408|vc|6|2|nan|4168,1,0.00285064,1.45419,2.73633,0.250487,2.03352e-09,1,0.0028506,1.45417,2.73645,0.25048,2.03432e-09,False,nan|4168,1342408
130_bNAb_Combinations|1342408|vc|7|2|nan|4168,1,0.00285064,1.45419,2.73633,0.250487,2.03352e-09,1,0.0028506,1.45417,2.73645,0.25048,2.03432e-09,False,nan|4168,1342408
130_bNAb_Combinations|1342408|vc|8|2|nan|4168,1,0.00285064,1.45419,2.73633,0.250487,2.03352e-09,1,0.0028506,1.45417,2.73645,0.25048,2.03432e-09,False,nan|4168,1342408
704_VRC01_Concordance|1200432|cc|1|1|PVO.4|5024,1,0.00285064,1.45421,2.73635,0.250487,2.03353e-09,1,0.0028506,1.45419,2.73646,0.25048,2.03434e-09,False,nan|PVO.4,1200432
704_VRC01_Concordance|1200432|cc|2|1|PVO.4|5024,1,0.00285064,1.45421,2.73635,0.250487,2.03353e-09,1,0.0028506,1.45419,2.73646,0.25048,2.03434e-09,False,nan|PVO.4,1200432
704_VRC01_Concordance|1200432|cc|3|1|PVO.4|5024,1,0.00285064,1.45421,2.73635,0.250487,2.03353e-09,1,0.0028506,1.45419,2.73646,0.25048,2.03434e-09,False,nan|PVO.4,1200432
704_VRC01_Concordance|1200432|cc|4|1|PVO.4|5024,1,0.00285064,1.45421,2.73635,0.250487,2.03353e-09,1,0.0028506,1.45419,2.73646,0.25048,2.03434e-09,False,nan|PVO.4,1200432
704_VRC01_Concordance|1200432|cc|5|1|PVO.4|5024,1,0.00285064,1.45421,2.73635,0.250487,2.03353e-09,1,0.0028506,1.45419,2.73646,0.25048,2.03434e-09,False,nan|PVO.4,1200432
704_VRC01_Concordance|1200432|cc|6|1|PVO.4|5024,1,0.00285064,1.45421,2.73635,0.250487,2.03353e-09,1,0.0028506,1.45419,2.73646,0.25048,2.03434e-09,False,nan|PVO.4,1200432
704_VRC01_Concordance|1200432|cc|7|1|PVO.4|5024,1,0.00285064,1.45421,2.73635,0.250487,2.03353e-09,1,0.0028506,1.45419,2.73646,0.25048,2.03434e-09,False,nan|PVO.4,1200432
704_VRC01_Concordance|1200432|cc|8|1|PVO.4|5024,1,0.00285064,1.45421,2.73635,0.250487,2.03353e-09,1,0.0028506,1.45419,2.73646,0.25048,2.03434e-09,False,nan|PVO.4,1200432
704_VRC01_Concordance|1200432|sample|10|PVO.4|5024,1,0.00285063,1.45423,2.73728,0.250487,2.03353e-09,1,0.00285059,1.45422,2.73743,0.25048,2.03434e-09,True,Clinical VRC01|PVO.4,1200432
704_VRC01_Concordance|1200432|sample|11|PVO.4|5024,1,0.00285063,1.45423,2.73728,0.250487,2.03353e-09,1,0.00285059,1.45422,2.73743,0.25048,2.03434e-09,True,Clinical VRC01|PVO.4,1200432
704_VRC01_Concordance|1200432|sample|12|PVO.4|5024,1,0.00285063,1.45423,2.73728,0.250487,2.03353e-09,1,0.00285059,1.45422,2.73743,0.25048,2.03434e-09,True,Clinical VRC01|PVO.4,1200432
704_VRC01_Concordance|1200432|sample|3|PVO.4|5024,1,0.00285063,1.45423,2.73728,0.250487,2.03353e-09,1,0.00285059,1.45422,2.73743,0.25048,2.03434e-09,True,Clinical VRC01|PVO.4,1200432
704_VRC01_Concordance|1200432|sample|4|PVO.4|5024,1,0.00285063,1.45423,2.73728,0.250487,2.03353e-09,1,0.00285059,1.45422,2.73743,0.25048,2.03434e-09,True,Clinical VRC01|PVO.4,1200432
704_VRC01_Concordance|1200432|sample|5|PVO.4|5024,1,0.00285063,1.45423,2.73728,0.250487,2.03353e-09,1,0.00285059,1.45422,2.73743,0.25048,2.03434e-09,True,Clinical VRC01|PVO.4,1200432
704_VRC01_Concordance|1200432|sample|6|PVO.4|5024,1,0.00285063,1.45423,2.73728,0.250487,2.03353e-09,1,0.00285059,1.45422,2.73743,0.25048,2.03434e-09,True,Clinical VRC01|PVO.4,1200432
704_VRC01_Concordance|1200432|sample|7|PVO.4|5024,1,0.00285063,1.45423,2.73728,0.250487,2.03353e-09,1,0.00285059,1.45422,2.73743,0.25048,2.03434e-09,True,Clinical VRC01|PVO.4,1200432
704_VRC01_Concordance|1200432|sample|8|PVO.4|5024,1,0.00285063,1.45423,2.73728,0.250487,2.03353e-09,1,0.00285059,1.45422,2.73743,0.25048,2.03434e-09,True,Clinical VRC01|PVO.4,1200432
704_VRC01_Concordance|1200432|sample|9|PVO.4|5024,1,0.00285063,1.45423,2.73728,0.250487,2.03353e-09,1,0.00285059,1.45422,2.73743,0.25048,2.03434e-09,True,Clinical VRC01|PVO.4,1200432
704_VRC01_Concordance|1200432|vc|1|2|PVO.4|5024,1,0.00285064,1.45421,2.73635,0.250487,2.03353e-09,1,0.0028506,1.45419,2.73646,0.25048,2.03434e-09,False,nan|PVO.4,1200432
704_VRC01_Concordance|1200432|vc|2|2|PVO.4|5024,1,0.00285064,1.45421,2.73635,0.250487,2.03353e-09,1,0.0028506,1.45419,2.73646,0.25048,2.03434e-09,False,nan|PVO.4,1200432
704_VRC01_Concordance|1200432|vc|3|2|PVO.4|5024,1,0.00285064,1.45421,2.73635,0.250487,2.03353e-09,1,0.0028506,1.45419,2.73646,0.25048,2.03434e-09,False,nan|PVO.4,1200432
704_VRC01_Concordance|1200432|vc|4|2|PVO.4|5024,1,0.00285064,1.45421,2.73635,0.250487,2.03353e-09,1,0.0028506,1.45419,2.73646,0.25048,2.03434e-09,False,nan|PVO.4,1200432
704_VRC01_Concordance|1200432|vc|5|2|PVO.4|5024,1,0.00285064,1.45421,2.73635,0.250487,2.03353e-09,1,0.0028506,1.45419,2.73646,0.25048,2.03434e-09,False,nan|PVO.4,1200432
704_VRC01_Concordance|1200432|vc|6|2|PVO.4|5024,1,0.00285064,1.45421,2.73635,0.250487,2.03353e-09,1,0.0028506,1.45419,2.73646,0.25048,2.03434e-09,False,nan|PVO.4,1200432
704_VRC01_Concordance|1200432|vc|7|2|PVO.4|5024,1,0.00285064,1.45421,2.73635,0.250487,2.03353e-09,1,0.0028506,1.45419,2.73646,0.25048,2.03434e-09,False,nan|PVO.4,1200432
704_VRC01_Concordance|1200432|vc|8|2|PVO.4|5024,1,0.00285064,1.45421,2.73635,0.250487,2.03353e-09,1,0.0028506,1.45419,2.73646,0.25048,2.03434e-09,False,nan|PVO.4,1200432
