rep,id,U,L,m,e,s,alpha,k,goes_down,mab_virus,run_id
1,130_bNAb_Combinations|1313842|cc|1|1|nan|2946,1,0.00332383,1.60959,0.149285,13.8681,0.382755,0.77943,False,nan|2946,1313842
1,130_bNAb_Combinations|1313842|cc|2|1|nan|2946,1,0.00332383,1.77774,0.149285,15.0274,0.382755,0.77943,False,nan|2946,1313842
1,130_bNAb_Combinations|1313842|cc|3|1|nan|2946,1,0.00332383,1.79027,0.149285,36.1646,0.382755,0.77943,False,nan|2946,1313842
1,130_bNAb_Combinations|1313842|cc|4|1|nan|2946,1,0.00332383,1.77142,0.149285,-10.7502,0.382755,0.77943,False,nan|2946,1313842
1,130_bNAb_Combinations|1313842|cc|5|1|nan|2946,1,0.00332383,1.92975,0.149285,-57.6209,0.382755,0.77943,False,nan|2946,1313842
1,130_bNAb_Combinations|1313842|cc|6|1|nan|2946,1,0.00332383,1.56958,0.149285,3.19506,0.382755,0.77943,False,nan|2946,1313842
1,130_bNAb_Combinations|1313842|cc|7|1|nan|2946,1,0.00332383,1.63886,0.149285,-56.0353,0.382755,0.77943,False,nan|2946,1313842
1,130_bNAb_Combinations|1313842|cc|8|1|nan|2946,1,0.00332383,1.57807,0.149285,23.8563,0.382755,0.77943,False,nan|2946,1313842
1,130_bNAb_Combinations|1313842|sample|10|nan|2946,1,0.00332648,0.756321,0.149269,7.841,0.382755,0.77943,True,PGT121|2946,1313842
1,130_bNAb_Combinations|1313842|sample|11|nan|2946,1,0.00332635,0.932256,0.149284,8.25632,0.382755,0.77943,True,VRC07-523LS|2946,1313842
1,130_bNAb_Combinations|1313842|sample|12|nan|2946,1,0.00332635,0.739255,0.149284,6.76129,0.382755,0.77943,True,VRC07-523LS|2946,1313842
1,130_bNAb_Combinations|1313842|sample|3|nan|2946,1,0.00332647,0.643048,0.149299,2.43085,0.382755,0.77943,True,PGDM1400|2946,1313842
1,130_bNAb_Combinations|1313842|sample|4|nan|2946,1,0.00332647,0.745896,0.149299,3.06934,0.382755,0.77943,True,PGDM1400|2946,1313842
1,130_bNAb_Combinations|1313842|sample|5|nan|2946,1,0.00332647,0.518865,0.149299,2.28143,0.382755,0.77943,True,PGDM1400|2946,1313842
1,130_bNAb_Combinations|1313842|sample|6|nan|2946,1,0.00332647,0.481934,0.149299,2.35111,0.382755,0.77943,True,PGDM1400|2946,1313842
1,130_bNAb_Combinations|1313842|sample|7|nan|2946,1,0.00332648,0.805755,0.149269,7.57607,0.382755,0.77943,True,PGT121|2946,1313842
1,130_bNAb_Combinations|1313842|sample|8|nan|2946,1,0.00332648,0.715343,0.149269,6.2054,0.382755,0.77943,True,PGT121|2946,1313842
1,130_bNAb_Combinations|1313842|sample|9|nan|2946,1,0.00332648,0.789919,0.149269,8.38462,0.382755,0.77943,True,PGT121|2946,1313842
1,130_bNAb_Combinations|1313842|vc|1|2|nan|2946,1,0.00332383,1.65655,0.149285,-7.26968,0.382755,0.77943,False,nan|2946,1313842
1,130_bNAb_Combinations|1313842|vc|2|2|nan|2946,1,0.00332383,1.80444,0.149285,-25.2197,0.382755,0.77943,False,nan|2946,1313842
1,130_bNAb_Combinations|1313842|vc|3|2|nan|2946,1,0.00332383,2.09253,0.149285,1.80631,0.382755,0.77943,False,nan|2946,1313842
1,130_bNAb_Combinations|1313842|vc|4|2|nan|2946,1,0.00332383,1.69497,0.149285,-12.9121,0.382755,0.77943,False,nan|2946,1313842
1,130_bNAb_Combinations|1313842|vc|5|2|nan|2946,1,0.00332383,2.01396,0.149285,-10.3913,0.382755,0.77943,False,nan|2946,1313842
1,130_bNAb_Combinations|1313842|vc|6|2|nan|2946,1,0.00332383,1.82132,0.149285,-32.268,0.382755,0.77943,False,nan|2946,1313842
1,130_bNAb_Combinations|1313842|vc|7|2|nan|2946,1,0.00332383,1.61211,0.149285,-6.95426,0.382755,0.77943,False,nan|2946,1313842
1,130_bNAb_Combinations|1313842|vc|8|2|nan|2946,1,0.00332383,1.79536,0.149285,-8.48798,0.382755,0.77943,False,nan|2946,1313842
1,130_bNAb_Combinations|1313860|cc|1|1|PVO.4|5024,1,0.00332378,1.68812,0.149289,-8.67145,0.382696,0.779377,False,nan|PVO.4,1313860
1,130_bNAb_Combinations|1313860|cc|2|1|PVO.4|5024,1,0.00332378,1.59346,0.149289,-22.8574,0.382696,0.779377,False,nan|PVO.4,1313860
1,130_bNAb_Combinations|1313860|cc|3|1|PVO.4|5024,1,0.00332378,1.54686,0.149289,13.8692,0.382696,0.779377,False,nan|PVO.4,1313860
1,130_bNAb_Combinations|1313860|cc|4|1|PVO.4|5024,1,0.00332378,1.5397,0.149289,-26.5652,0.382696,0.779377,False,nan|PVO.4,1313860
1,130_bNAb_Combinations|1313860|cc|5|1|PVO.4|5024,1,0.00332378,1.92494,0.149289,-2.73798,0.382696,0.779377,False,nan|PVO.4,1313860
1,130_bNAb_Combinations|1313860|cc|6|1|PVO.4|5024,1,0.00332378,1.62808,0.149289,20.315,0.382696,0.779377,False,nan|PVO.4,1313860
1,130_bNAb_Combinations|1313860|cc|7|1|PVO.4|5024,1,0.00332378,1.75311,0.149289,19.825,0.382696,0.779377,False,nan|PVO.4,1313860
1,130_bNAb_Combinations|1313860|cc|8|1|PVO.4|5024,1,0.00332378,1.84275,0.149289,-36.0449,0.382696,0.779377,False,nan|PVO.4,1313860
1,130_bNAb_Combinations|1313860|sample|10|PVO.4|5024,1,0.00332635,0.771365,0.149287,15.8405,0.382696,0.779377,True,PGT121|PVO.4,1313860
1,130_bNAb_Combinations|1313860|sample|11|PVO.4|5024,1,0.00332653,0.752853,0.149282,17.1335,0.382696,0.779377,True,VRC07-523LS|PVO.4,1313860
1,130_bNAb_Combinations|1313860|sample|12|PVO.4|5024,1,0.00332653,0.891878,0.149282,26.0317,0.382696,0.779377,True,VRC07-523LS|PVO.4,1313860
1,130_bNAb_Combinations|1313860|sample|3|PVO.4|5024,1,0.00332955,0.73776,0.147788,3.79648,0.382696,0.779377,True,PGDM1400|PVO.4,1313860
1,130_bNAb_Combinations|1313860|sample|4|PVO.4|5024,1,0.00332955,0.896078,0.147788,3.89394,0.382696,0.779377,True,PGDM1400|PVO.4,1313860
1,130_bNAb_Combinations|1313860|sample|5|PVO.4|5024,1,0.00332955,0.751681,0.147788,3.7939,0.382696,0.779377,True,PGDM1400|PVO.4,1313860
1,130_bNAb_Combinations|1313860|sample|6|PVO.4|5024,1,0.00332955,0.87707,0.147788,4.09195,0.382696,0.779377,True,PGDM1400|PVO.4,1313860
1,130_bNAb_Combinations|1313860|sample|7|PVO.4|5024,1,0.00332635,0.648171,0.149287,11.0543,0.382696,0.779377,True,PGT121|PVO.4,1313860
1,130_bNAb_Combinations|1313860|sample|8|PVO.4|5024,1,0.00332635,0.634591,0.149287,12.1346,0.382696,0.779377,True,PGT121|PVO.4,1313860
1,130_bNAb_Combinations|1313860|sample|9|PVO.4|5024,1,0.00332635,0.727123,0.149287,14.989,0.382696,0.779377,True,PGT121|PVO.4,1313860
1,130_bNAb_Combinations|1313860|vc|1|2|PVO.4|5024,1,0.00332378,1.59251,0.149289,-21.2379,0.382696,0.779377,False,nan|PVO.4,1313860
1,130_bNAb_Combinations|1313860|vc|2|2|PVO.4|5024,1,0.00332378,1.71604,0.149289,-1.58073,0.382696,0.779377,False,nan|PVO.4,1313860
1,130_bNAb_Combinations|1313860|vc|3|2|PVO.4|5024,1,0.00332378,2.06642,0.149289,-43.1062,0.382696,0.779377,False,nan|PVO.4,1313860
1,130_bNAb_Combinations|1313860|vc|4|2|PVO.4|5024,1,0.00332378,1.62799,0.149289,9.38656,0.382696,0.779377,False,nan|PVO.4,1313860
1,130_bNAb_Combinations|1313860|vc|5|2|PVO.4|5024,1,0.00332378,1.97265,0.149289,-18.3776,0.382696,0.779377,False,nan|PVO.4,1313860
1,130_bNAb_Combinations|1313860|vc|6|2|PVO.4|5024,1,0.00332378,1.97933,0.149289,3.48101,0.382696,0.779377,False,nan|PVO.4,1313860
1,130_bNAb_Combinations|1313860|vc|7|2|PVO.4|5024,1,0.00332378,1.80654,0.149289,32.2182,0.382696,0.779377,False,nan|PVO.4,1313860
1,130_bNAb_Combinations|1313860|vc|8|2|PVO.4|5024,1,0.00332378,1.46259,0.149289,-11.7568,0.382696,0.779377,False,nan|PVO.4,1313860
1,130_bNAb_Combinations|1313884|cc|1|1|nan|4168,1,0.00332381,1.85719,0.149294,13.3528,0.222599,0.779417,False,nan|4168,1313884
1,130_bNAb_Combinations|1313884|cc|2|1|nan|4168,1,0.00332381,1.33753,0.149294,-15.6418,0.222599,0.779417,False,nan|4168,1313884
1,130_bNAb_Combinations|1313884|cc|3|1|nan|4168,1,0.00332381,1.68361,0.149294,-24.3627,0.222599,0.779417,False,nan|4168,1313884
1,130_bNAb_Combinations|1313884|cc|4|1|nan|4168,1,0.00332381,2.26402,0.149294,1.16284,0.222599,0.779417,False,nan|4168,1313884
1,130_bNAb_Combinations|1313884|cc|5|1|nan|4168,1,0.00332381,1.68915,0.149294,-0.0672024,0.222599,0.779417,False,nan|4168,1313884
1,130_bNAb_Combinations|1313884|cc|6|1|nan|4168,1,0.00332381,1.7099,0.149294,11.0937,0.222599,0.779417,False,nan|4168,1313884
1,130_bNAb_Combinations|1313884|cc|7|1|nan|4168,1,0.00332381,1.60654,0.149294,16.5301,0.222599,0.779417,False,nan|4168,1313884
1,130_bNAb_Combinations|1313884|cc|8|1|nan|4168,1,0.00332381,1.98646,0.149294,-13.1305,0.222599,0.779417,False,nan|4168,1313884
1,130_bNAb_Combinations|1313884|sample|10|nan|4168,1,0.00332643,0.298211,0.149282,3.66564,0.222599,0.779417,True,PGT121|4168,1313884
1,130_bNAb_Combinations|1313884|sample|11|nan|4168,1,0.00332646,0.556831,0.149303,7.69277,0.222599,0.779417,True,VRC07-523LS|4168,1313884
1,130_bNAb_Combinations|1313884|sample|12|nan|4168,1,0.00332646,0.567686,0.149303,9.25942,0.222599,0.779417,True,VRC07-523LS|4168,1313884
1,130_bNAb_Combinations|1313884|sample|3|nan|4168,1,0.00332642,0.701516,0.14928,1.84071,0.222599,0.779417,True,PGDM1400|4168,1313884
1,130_bNAb_Combinations|1313884|sample|4|nan|4168,1,0.00332642,0.778776,0.14928,1.80198,0.222599,0.779417,True,PGDM1400|4168,1313884
1,130_bNAb_Combinations|1313884|sample|5|nan|4168,1,0.00332642,0.800937,0.14928,1.819,0.222599,0.779417,True,PGDM1400|4168,1313884
1,130_bNAb_Combinations|1313884|sample|6|nan|4168,1,0.00332642,0.680332,0.14928,1.76584,0.222599,0.779417,True,PGDM1400|4168,1313884
1,130_bNAb_Combinations|1313884|sample|7|nan|4168,1,0.00332643,0.357998,0.149282,3.71066,0.222599,0.779417,True,PGT121|4168,1313884
1,130_bNAb_Combinations|1313884|sample|8|nan|4168,1,0.00332643,0.331614,0.149282,3.58574,0.222599,0.779417,True,PGT121|4168,1313884
1,130_bNAb_Combinations|1313884|sample|9|nan|4168,1,0.00332643,0.291662,0.149282,3.46827,0.222599,0.779417,True,PGT121|4168,1313884
1,130_bNAb_Combinations|1313884|vc|1|2|nan|4168,1,0.00332381,1.6384,0.149294,20.3902,0.222599,0.779417,False,nan|4168,1313884
1,130_bNAb_Combinations|1313884|vc|2|2|nan|4168,1,0.00332381,1.65717,0.149294,25.863,0.222599,0.779417,False,nan|4168,1313884
1,130_bNAb_Combinations|1313884|vc|3|2|nan|4168,1,0.00332381,1.72288,0.149294,42.4849,0.222599,0.779417,False,nan|4168,1313884
1,130_bNAb_Combinations|1313884|vc|4|2|nan|4168,1,0.00332381,1.75554,0.149294,-56.9174,0.222599,0.779417,False,nan|4168,1313884
1,130_bNAb_Combinations|1313884|vc|5|2|nan|4168,1,0.00332381,1.64778,0.149294,-19.666,0.222599,0.779417,False,nan|4168,1313884
1,130_bNAb_Combinations|1313884|vc|6|2|nan|4168,1,0.00332381,1.66912,0.149294,16.3891,0.222599,0.779417,False,nan|4168,1313884
1,130_bNAb_Combinations|1313884|vc|7|2|nan|4168,1,0.00332381,1.49031,0.149294,-16.1095,0.222599,0.779417,False,nan|4168,1313884
1,130_bNAb_Combinations|1313884|vc|8|2|nan|4168,1,0.00332381,1.63453,0.149294,35.5061,0.222599,0.779417,False,nan|4168,1313884
1,130_bNAb_Combinations|1313920|cc|1|1|nan|1798,1,0.00332335,1.67148,0.14929,-24.815,0.382758,0.779419,False,nan|1798,1313920
1,130_bNAb_Combinations|1313920|cc|2|1|nan|1798,1,0.00332335,1.87631,0.14929,-24.0178,0.382758,0.779419,False,nan|1798,1313920
1,130_bNAb_Combinations|1313920|cc|3|1|nan|1798,1,0.00332335,1.58211,0.14929,18.5857,0.382758,0.779419,False,nan|1798,1313920
1,130_bNAb_Combinations|1313920|cc|4|1|nan|1798,1,0.00332335,1.4957,0.14929,-2.06788,0.382758,0.779419,False,nan|1798,1313920
1,130_bNAb_Combinations|1313920|cc|5|1|nan|1798,1,0.00332335,1.63583,0.14929,22.2716,0.382758,0.779419,False,nan|1798,1313920
1,130_bNAb_Combinations|1313920|cc|6|1|nan|1798,1,0.00332335,1.73068,0.14929,1.37625,0.382758,0.779419,False,nan|1798,1313920
1,130_bNAb_Combinations|1313920|cc|7|1|nan|1798,1,0.00332335,1.63494,0.14929,15.242,0.382758,0.779419,False,nan|1798,1313920
1,130_bNAb_Combinations|1313920|cc|8|1|nan|1798,1,0.00332335,1.6232,0.14929,-50.7403,0.382758,0.779419,False,nan|1798,1313920
1,130_bNAb_Combinations|1313920|sample|10|nan|1798,1,0.00332641,0.795355,0.149305,36.6453,0.382758,0.779419,True,PGT121|1798,1313920
1,130_bNAb_Combinations|1313920|sample|11|nan|1798,1,0.00332641,0.845285,0.149261,10.4976,0.382758,0.779419,True,VRC07-523LS|1798,1313920
1,130_bNAb_Combinations|1313920|sample|12|nan|1798,1,0.00332641,0.947332,0.149261,12.4578,0.382758,0.779419,True,VRC07-523LS|1798,1313920
1,130_bNAb_Combinations|1313920|sample|3|nan|1798,1,0.00332626,0.472801,0.149308,3.2203,0.382758,0.779419,True,PGDM1400|1798,1313920
1,130_bNAb_Combinations|1313920|sample|4|nan|1798,1,0.00332626,0.46755,0.149308,3.55912,0.382758,0.779419,True,PGDM1400|1798,1313920
1,130_bNAb_Combinations|1313920|sample|5|nan|1798,1,0.00332626,0.35174,0.149308,2.5484,0.382758,0.779419,True,PGDM1400|1798,1313920
1,130_bNAb_Combinations|1313920|sample|6|nan|1798,1,0.00332626,0.309506,0.149308,2.88189,0.382758,0.779419,True,PGDM1400|1798,1313920
1,130_bNAb_Combinations|1313920|sample|7|nan|1798,1,0.00332641,0.771498,0.149305,30.0092,0.382758,0.779419,True,PGT121|1798,1313920
1,130_bNAb_Combinations|1313920|sample|8|nan|1798,1,0.00332641,0.680597,0.149305,23.1709,0.382758,0.779419,True,PGT121|1798,1313920
1,130_bNAb_Combinations|1313920|sample|9|nan|1798,1,0.00332641,0.634026,0.149305,21.028,0.382758,0.779419,True,PGT121|1798,1313920
1,130_bNAb_Combinations|1313920|vc|1|2|nan|1798,1,0.00332335,1.83588,0.14929,6.70729,0.382758,0.779419,False,nan|1798,1313920
1,130_bNAb_Combinations|1313920|vc|2|2|nan|1798,1,0.00332335,1.78903,0.14929,89.7286,0.382758,0.779419,False,nan|1798,1313920
1,130_bNAb_Combinations|1313920|vc|3|2|nan|1798,1,0.00332335,1.59342,0.14929,25.9031,0.382758,0.779419,False,nan|1798,1313920
1,130_bNAb_Combinations|1313920|vc|4|2|nan|1798,1,0.00332335,1.92934,0.14929,10.3697,0.382758,0.779419,False,nan|1798,1313920
1,130_bNAb_Combinations|1313920|vc|5|2|nan|1798,1,0.00332335,1.59865,0.14929,-49.8074,0.382758,0.779419,False,nan|1798,1313920
1,130_bNAb_Combinations|1313920|vc|6|2|nan|1798,1,0.00332335,1.34612,0.14929,-24.8675,0.382758,0.779419,False,nan|1798,1313920
1,130_bNAb_Combinations|1313920|vc|7|2|nan|1798,1,0.00332335,1.64284,0.14929,-8.74075,0.382758,0.779419,False,nan|1798,1313920
1,130_bNAb_Combinations|1313920|vc|8|2|nan|1798,1,0.00332335,1.87239,0.14929,6.12743,0.382758,0.779419,False,nan|1798,1313920
1,130_bNAb_Combinations|1313938|cc|1|1|TRO.11|8301,1,0.00332384,1.56181,0.149291,34.1971,0.151846,0.779411,False,nan|TRO.11,1313938
1,130_bNAb_Combinations|1313938|cc|2|1|TRO.11|8301,1,0.00332384,1.76667,0.149291,-16.3984,0.151846,0.779411,False,nan|TRO.11,1313938
1,130_bNAb_Combinations|1313938|cc|3|1|TRO.11|8301,1,0.00332384,1.37948,0.149291,16.0868,0.151846,0.779411,False,nan|TRO.11,1313938
1,130_bNAb_Combinations|1313938|cc|4|1|TRO.11|8301,1,0.00332384,1.88911,0.149291,35.6145,0.151846,0.779411,False,nan|TRO.11,1313938
1,130_bNAb_Combinations|1313938|cc|5|1|TRO.11|8301,1,0.00332384,1.69148,0.149291,-0.310515,0.151846,0.779411,False,nan|TRO.11,1313938
1,130_bNAb_Combinations|1313938|cc|6|1|TRO.11|8301,1,0.00332384,2.16626,0.149291,-16.0328,0.151846,0.779411,False,nan|TRO.11,1313938
1,130_bNAb_Combinations|1313938|cc|7|1|TRO.11|8301,1,0.00332384,1.65481,0.149291,17.5035,0.151846,0.779411,False,nan|TRO.11,1313938
1,130_bNAb_Combinations|1313938|cc|8|1|TRO.11|8301,1,0.00332384,1.61778,0.149291,36.3608,0.151846,0.779411,False,nan|TRO.11,1313938
1,130_bNAb_Combinations|1313938|sample|10|TRO.11|8301,1,0.00332656,0.693352,0.149883,53.9455,0.151846,0.779411,True,PGT121|TRO.11,1313938
1,130_bNAb_Combinations|1313938|sample|11|TRO.11|8301,1,0.00332628,0.870999,0.149288,27.7645,0.151846,0.779411,True,VRC07-523LS|TRO.11,1313938
1,130_bNAb_Combinations|1313938|sample|12|TRO.11|8301,1,0.00332628,0.842165,0.149288,26.4285,0.151846,0.779411,True,VRC07-523LS|TRO.11,1313938
1,130_bNAb_Combinations|1313938|sample|3|TRO.11|8301,1,0.0033265,0.818993,0.149279,5.27875,0.151846,0.779411,True,PGDM1400|TRO.11,1313938
1,130_bNAb_Combinations|1313938|sample|4|TRO.11|8301,1,0.0033265,0.738337,0.149279,5.84727,0.151846,0.779411,True,PGDM1400|TRO.11,1313938
1,130_bNAb_Combinations|1313938|sample|5|TRO.11|8301,1,0.0033265,0.572992,0.149279,4.85598,0.151846,0.779411,True,PGDM1400|TRO.11,1313938
1,130_bNAb_Combinations|1313938|sample|6|TRO.11|8301,1,0.0033265,0.642886,0.149279,5.07186,0.151846,0.779411,True,PGDM1400|TRO.11,1313938
1,130_bNAb_Combinations|1313938|sample|7|TRO.11|8301,1,0.00332656,0.689358,0.149883,44.4802,0.151846,0.779411,True,PGT121|TRO.11,1313938
1,130_bNAb_Combinations|1313938|sample|8|TRO.11|8301,1,0.00332656,0.717999,0.149883,54.9864,0.151846,0.779411,True,PGT121|TRO.11,1313938
1,130_bNAb_Combinations|1313938|sample|9|TRO.11|8301,1,0.00332656,0.710543,0.149883,56.5769,0.151846,0.779411,True,PGT121|TRO.11,1313938
1,130_bNAb_Combinations|1313938|vc|1|2|TRO.11|8301,1,0.00332384,1.84907,0.149291,-5.97319,0.151846,0.779411,False,nan|TRO.11,1313938
1,130_bNAb_Combinations|1313938|vc|2|2|TRO.11|8301,1,0.00332384,1.73884,0.149291,-8.83406,0.151846,0.779411,False,nan|TRO.11,1313938
1,130_bNAb_Combinations|1313938|vc|3|2|TRO.11|8301,1,0.00332384,1.41541,0.149291,31.9876,0.151846,0.779411,False,nan|TRO.11,1313938
1,130_bNAb_Combinations|1313938|vc|4|2|TRO.11|8301,1,0.00332384,1.75998,0.149291,-33.9883,0.151846,0.779411,False,nan|TRO.11,1313938
1,130_bNAb_Combinations|1313938|vc|5|2|TRO.11|8301,1,0.00332384,1.78156,0.149291,53.3322,0.151846,0.779411,False,nan|TRO.11,1313938
1,130_bNAb_Combinations|1313938|vc|6|2|TRO.11|8301,1,0.00332384,1.82961,0.149291,-17.0345,0.151846,0.779411,False,nan|TRO.11,1313938
1,130_bNAb_Combinations|1313938|vc|7|2|TRO.11|8301,1,0.00332384,1.81738,0.149291,26.6827,0.151846,0.779411,False,nan|TRO.11,1313938
1,130_bNAb_Combinations|1313938|vc|8|2|TRO.11|8301,1,0.00332384,1.70605,0.149291,-19.9344,0.151846,0.779411,False,nan|TRO.11,1313938
1,130_bNAb_Combinations|1313956|cc|1|1|Ce1176_A3|7023,1,0.00332382,1.77355,0.149317,30.1344,0.382754,0.779462,False,nan|Ce1176_A3,1313956
1,130_bNAb_Combinations|1313956|cc|2|1|Ce1176_A3|7023,1,0.00332382,1.85871,0.149317,10.5903,0.382754,0.779462,False,nan|Ce1176_A3,1313956
1,130_bNAb_Combinations|1313956|cc|3|1|Ce1176_A3|7023,1,0.00332382,1.79092,0.149317,42.4909,0.382754,0.779462,False,nan|Ce1176_A3,1313956
1,130_bNAb_Combinations|1313956|cc|4|1|Ce1176_A3|7023,1,0.00332382,1.74337,0.149317,-22.3876,0.382754,0.779462,False,nan|Ce1176_A3,1313956
1,130_bNAb_Combinations|1313956|cc|5|1|Ce1176_A3|7023,1,0.00332382,1.60071,0.149317,31.4224,0.382754,0.779462,False,nan|Ce1176_A3,1313956
1,130_bNAb_Combinations|1313956|cc|6|1|Ce1176_A3|7023,1,0.00332382,1.66564,0.149317,3.40545,0.382754,0.779462,False,nan|Ce1176_A3,1313956
1,130_bNAb_Combinations|1313956|cc|7|1|Ce1176_A3|7023,1,0.00332382,1.67059,0.149317,-21.3488,0.382754,0.779462,False,nan|Ce1176_A3,1313956
1,130_bNAb_Combinations|1313956|cc|8|1|Ce1176_A3|7023,1,0.00332382,1.61815,0.149317,-23.4686,0.382754,0.779462,False,nan|Ce1176_A3,1313956
1,130_bNAb_Combinations|1313956|sample|10|Ce1176_A3|7023,1,0.00332642,0.760918,0.149296,64.9043,0.382754,0.779462,True,PGT121|Ce1176_A3,1313956
1,130_bNAb_Combinations|1313956|sample|11|Ce1176_A3|7023,1,0.00332614,0.73634,0.149291,10.5343,0.382754,0.779462,True,VRC07-523LS|Ce1176_A3,1313956
1,130_bNAb_Combinations|1313956|sample|12|Ce1176_A3|7023,1,0.00332614,0.683912,0.149291,9.47691,0.382754,0.779462,True,VRC07-523LS|Ce1176_A3,1313956
1,130_bNAb_Combinations|1313956|sample|3|Ce1176_A3|7023,1,0.00332599,0.431029,0.149277,2.39297,0.382754,0.779462,True,PGDM1400|Ce1176_A3,1313956
1,130_bNAb_Combinations|1313956|sample|4|Ce1176_A3|7023,1,0.00332599,0.489238,0.149277,2.40458,0.382754,0.779462,True,PGDM1400|Ce1176_A3,1313956
1,130_bNAb_Combinations|1313956|sample|5|Ce1176_A3|7023,1,0.00332599,0.47769,0.149277,1.91473,0.382754,0.779462,True,PGDM1400|Ce1176_A3,1313956
1,130_bNAb_Combinations|1313956|sample|6|Ce1176_A3|7023,1,0.00332599,0.427979,0.149277,1.92527,0.382754,0.779462,True,PGDM1400|Ce1176_A3,1313956
1,130_bNAb_Combinations|1313956|sample|7|Ce1176_A3|7023,1,0.00332642,0.740671,0.149296,53.0614,0.382754,0.779462,True,PGT121|Ce1176_A3,1313956
1,130_bNAb_Combinations|1313956|sample|8|Ce1176_A3|7023,1,0.00332642,0.750066,0.149296,58.5168,0.382754,0.779462,True,PGT121|Ce1176_A3,1313956
1,130_bNAb_Combinations|1313956|sample|9|Ce1176_A3|7023,1,0.00332642,0.734197,0.149296,57.2479,0.382754,0.779462,True,PGT121|Ce1176_A3,1313956
1,130_bNAb_Combinations|1313956|vc|1|2|Ce1176_A3|7023,1,0.00332382,1.95655,0.149317,-14.5226,0.382754,0.779462,False,nan|Ce1176_A3,1313956
1,130_bNAb_Combinations|1313956|vc|2|2|Ce1176_A3|7023,1,0.00332382,1.81371,0.149317,25.8809,0.382754,0.779462,False,nan|Ce1176_A3,1313956
1,130_bNAb_Combinations|1313956|vc|3|2|Ce1176_A3|7023,1,0.00332382,1.78563,0.149317,29.3889,0.382754,0.779462,False,nan|Ce1176_A3,1313956
1,130_bNAb_Combinations|1313956|vc|4|2|Ce1176_A3|7023,1,0.00332382,1.66607,0.149317,18.332,0.382754,0.779462,False,nan|Ce1176_A3,1313956
1,130_bNAb_Combinations|1313956|vc|5|2|Ce1176_A3|7023,1,0.00332382,1.63826,0.149317,-19.8834,0.382754,0.779462,False,nan|Ce1176_A3,1313956
1,130_bNAb_Combinations|1313956|vc|6|2|Ce1176_A3|7023,1,0.00332382,1.62417,0.149317,-39.777,0.382754,0.779462,False,nan|Ce1176_A3,1313956
1,130_bNAb_Combinations|1313956|vc|7|2|Ce1176_A3|7023,1,0.00332382,1.77676,0.149317,8.83987,0.382754,0.779462,False,nan|Ce1176_A3,1313956
1,130_bNAb_Combinations|1313956|vc|8|2|Ce1176_A3|7023,1,0.00332382,1.79767,0.149317,-36.8857,0.382754,0.779462,False,nan|Ce1176_A3,1313956
1,130_bNAb_Combinations|1313974|cc|1|1|nan|1176,1,0.00332379,1.95062,0.149285,-14.0252,0.382734,0.779546,False,nan|1176,1313974
1,130_bNAb_Combinations|1313974|cc|2|1|nan|1176,1,0.00332379,1.87957,0.149285,-25.8881,0.382734,0.779546,False,nan|1176,1313974
1,130_bNAb_Combinations|1313974|cc|3|1|nan|1176,1,0.00332379,1.61331,0.149285,34.8656,0.382734,0.779546,False,nan|1176,1313974
1,130_bNAb_Combinations|1313974|cc|4|1|nan|1176,1,0.00332379,1.72664,0.149285,28.6245,0.382734,0.779546,False,nan|1176,1313974
1,130_bNAb_Combinations|1313974|cc|5|1|nan|1176,1,0.00332379,1.57655,0.149285,-12.6665,0.382734,0.779546,False,nan|1176,1313974
1,130_bNAb_Combinations|1313974|cc|6|1|nan|1176,1,0.00332379,1.74172,0.149285,35.6897,0.382734,0.779546,False,nan|1176,1313974
1,130_bNAb_Combinations|1313974|cc|7|1|nan|1176,1,0.00332379,1.69611,0.149285,3.06319,0.382734,0.779546,False,nan|1176,1313974
1,130_bNAb_Combinations|1313974|cc|8|1|nan|1176,1,0.00332379,1.77978,0.149285,-4.54155,0.382734,0.779546,False,nan|1176,1313974
1,130_bNAb_Combinations|1313974|sample|10|nan|1176,1,0.00336324,0.621419,0.149268,1.92955,0.382734,0.779546,True,PGT121|1176,1313974
1,130_bNAb_Combinations|1313974|sample|11|nan|1176,1,0.00652684,0.657653,0.149304,21.3941,0.382734,0.779546,True,VRC07-523LS|1176,1313974
1,130_bNAb_Combinations|1313974|sample|12|nan|1176,1,0.00652684,0.557918,0.149304,19.701,0.382734,0.779546,True,VRC07-523LS|1176,1313974
1,130_bNAb_Combinations|1313974|sample|3|nan|1176,1,0.00332649,0.389876,0.149279,7.47781,0.382734,0.779546,True,PGDM1400|1176,1313974
1,130_bNAb_Combinations|1313974|sample|4|nan|1176,1,0.00332649,0.475539,0.149279,11.0305,0.382734,0.779546,True,PGDM1400|1176,1313974
1,130_bNAb_Combinations|1313974|sample|5|nan|1176,1,0.00332649,0.311767,0.149279,5.80561,0.382734,0.779546,True,PGDM1400|1176,1313974
1,130_bNAb_Combinations|1313974|sample|6|nan|1176,1,0.00332649,0.322867,0.149279,6.49443,0.382734,0.779546,True,PGDM1400|1176,1313974
1,130_bNAb_Combinations|1313974|sample|7|nan|1176,1,0.00336324,0.547517,0.149268,2.59796,0.382734,0.779546,True,PGT121|1176,1313974
1,130_bNAb_Combinations|1313974|sample|8|nan|1176,1,0.00336324,0.67284,0.149268,3.25265,0.382734,0.779546,True,PGT121|1176,1313974
1,130_bNAb_Combinations|1313974|sample|9|nan|1176,1,0.00336324,0.481488,0.149268,2.34182,0.382734,0.779546,True,PGT121|1176,1313974
1,130_bNAb_Combinations|1313974|vc|1|2|nan|1176,1,0.00332379,1.65663,0.149285,-2.26238,0.382734,0.779546,False,nan|1176,1313974
1,130_bNAb_Combinations|1313974|vc|2|2|nan|1176,1,0.00332379,1.81417,0.149285,6.88649,0.382734,0.779546,False,nan|1176,1313974
1,130_bNAb_Combinations|1313974|vc|3|2|nan|1176,1,0.00332379,1.55124,0.149285,8.26871,0.382734,0.779546,False,nan|1176,1313974
1,130_bNAb_Combinations|1313974|vc|4|2|nan|1176,1,0.00332379,1.80246,0.149285,-5.63248,0.382734,0.779546,False,nan|1176,1313974
1,130_bNAb_Combinations|1313974|vc|5|2|nan|1176,1,0.00332379,1.60203,0.149285,36.5313,0.382734,0.779546,False,nan|1176,1313974
1,130_bNAb_Combinations|1313974|vc|6|2|nan|1176,1,0.00332379,1.79815,0.149285,14.0835,0.382734,0.779546,False,nan|1176,1313974
1,130_bNAb_Combinations|1313974|vc|7|2|nan|1176,1,0.00332379,1.94942,0.149285,-32.691,0.382734,0.779546,False,nan|1176,1313974
1,130_bNAb_Combinations|1313974|vc|8|2|nan|1176,1,0.00332379,1.60897,0.149285,-20.0669,0.382734,0.779546,False,nan|1176,1313974
1,130_bNAb_Combinations|1313992|cc|1|1|RHPA4259.7|5371,1,0.00332382,1.87671,0.149293,-15.1446,0.382731,0.77939,False,nan|RHPA4259.7,1313992
1,130_bNAb_Combinations|1313992|cc|2|1|RHPA4259.7|5371,1,0.00332382,1.64322,0.149293,-36.2982,0.382731,0.77939,False,nan|RHPA4259.7,1313992
1,130_bNAb_Combinations|1313992|cc|3|1|RHPA4259.7|5371,1,0.00332382,1.75129,0.149293,-9.11146,0.382731,0.77939,False,nan|RHPA4259.7,1313992
1,130_bNAb_Combinations|1313992|cc|4|1|RHPA4259.7|5371,1,0.00332382,1.61989,0.149293,17.2713,0.382731,0.77939,False,nan|RHPA4259.7,1313992
1,130_bNAb_Combinations|1313992|cc|5|1|RHPA4259.7|5371,1,0.00332382,1.68088,0.149293,14.05,0.382731,0.77939,False,nan|RHPA4259.7,1313992
1,130_bNAb_Combinations|1313992|cc|6|1|RHPA4259.7|5371,1,0.00332382,1.67388,0.149293,15.309,0.382731,0.77939,False,nan|RHPA4259.7,1313992
1,130_bNAb_Combinations|1313992|cc|7|1|RHPA4259.7|5371,1,0.00332382,1.89144,0.149293,23.9718,0.382731,0.77939,False,nan|RHPA4259.7,1313992
1,130_bNAb_Combinations|1313992|cc|8|1|RHPA4259.7|5371,1,0.00332382,1.91498,0.149293,-37.2834,0.382731,0.77939,False,nan|RHPA4259.7,1313992
1,130_bNAb_Combinations|1313992|sample|10|RHPA4259.7|5371,1,0.00332716,0.666264,0.149302,45.0532,0.382731,0.77939,True,PGT121|RHPA4259.7,1313992
1,130_bNAb_Combinations|1313992|sample|11|RHPA4259.7|5371,1,0.00332733,0.59043,0.149267,32.4683,0.382731,0.77939,True,VRC07-523LS|RHPA4259.7,1313992
1,130_bNAb_Combinations|1313992|sample|12|RHPA4259.7|5371,1,0.00332733,0.621421,0.149267,34.401,0.382731,0.77939,True,VRC07-523LS|RHPA4259.7,1313992
1,130_bNAb_Combinations|1313992|sample|3|RHPA4259.7|5371,1,0.00332599,0.847983,0.149253,6.97395,0.382731,0.77939,True,PGDM1400|RHPA4259.7,1313992
1,130_bNAb_Combinations|1313992|sample|4|RHPA4259.7|5371,1,0.00332599,0.817985,0.149253,6.35976,0.382731,0.77939,True,PGDM1400|RHPA4259.7,1313992
1,130_bNAb_Combinations|1313992|sample|5|RHPA4259.7|5371,1,0.00332599,0.714537,0.149253,6.82352,0.382731,0.77939,True,PGDM1400|RHPA4259.7,1313992
1,130_bNAb_Combinations|1313992|sample|6|RHPA4259.7|5371,1,0.00332599,0.684708,0.149253,6.31307,0.382731,0.77939,True,PGDM1400|RHPA4259.7,1313992
1,130_bNAb_Combinations|1313992|sample|7|RHPA4259.7|5371,1,0.00332716,0.637209,0.149302,38.744,0.382731,0.77939,True,PGT121|RHPA4259.7,1313992
1,130_bNAb_Combinations|1313992|sample|8|RHPA4259.7|5371,1,0.00332716,0.726874,0.149302,43.0934,0.382731,0.77939,True,PGT121|RHPA4259.7,1313992
1,130_bNAb_Combinations|1313992|sample|9|RHPA4259.7|5371,1,0.00332716,0.671472,0.149302,44.8017,0.382731,0.77939,True,PGT121|RHPA4259.7,1313992
1,130_bNAb_Combinations|1313992|vc|1|2|RHPA4259.7|5371,1,0.00332382,1.68132,0.149293,38.0288,0.382731,0.77939,False,nan|RHPA4259.7,1313992
1,130_bNAb_Combinations|1313992|vc|2|2|RHPA4259.7|5371,1,0.00332382,1.89766,0.149293,6.28698,0.382731,0.77939,False,nan|RHPA4259.7,1313992
1,130_bNAb_Combinations|1313992|vc|3|2|RHPA4259.7|5371,1,0.00332382,1.70124,0.149293,1.11934,0.382731,0.77939,False,nan|RHPA4259.7,1313992
1,130_bNAb_Combinations|1313992|vc|4|2|RHPA4259.7|5371,1,0.00332382,1.50392,0.149293,2.68002,0.382731,0.77939,False,nan|RHPA4259.7,1313992
1,130_bNAb_Combinations|1313992|vc|5|2|RHPA4259.7|5371,1,0.00332382,1.48334,0.149293,14.4984,0.382731,0.77939,False,nan|RHPA4259.7,1313992
1,130_bNAb_Combinations|1313992|vc|6|2|RHPA4259.7|5371,1,0.00332382,1.86825,0.149293,7.62141,0.382731,0.77939,False,nan|RHPA4259.7,1313992
1,130_bNAb_Combinations|1313992|vc|7|2|RHPA4259.7|5371,1,0.00332382,1.66724,0.149293,41.7092,0.382731,0.77939,False,nan|RHPA4259.7,1313992
1,130_bNAb_Combinations|1313992|vc|8|2|RHPA4259.7|5371,1,0.00332382,1.83738,0.149293,1.23143,0.382731,0.77939,False,nan|RHPA4259.7,1313992
1,130_bNAb_Combinations|1314016|cc|1|1|nan|3430,1,0.00332378,1.95547,0.149292,-19.1895,0.116758,0.779399,False,nan|3430,1314016
1,130_bNAb_Combinations|1314016|cc|2|1|nan|3430,1,0.00332378,1.89694,0.149292,6.75653,0.116758,0.779399,False,nan|3430,1314016
1,130_bNAb_Combinations|1314016|cc|3|1|nan|3430,1,0.00332378,1.71137,0.149292,34.1627,0.116758,0.779399,False,nan|3430,1314016
1,130_bNAb_Combinations|1314016|cc|4|1|nan|3430,1,0.00332378,1.84603,0.149292,-3.35289,0.116758,0.779399,False,nan|3430,1314016
1,130_bNAb_Combinations|1314016|cc|5|1|nan|3430,1,0.00332378,1.60324,0.149292,32.4012,0.116758,0.779399,False,nan|3430,1314016
1,130_bNAb_Combinations|1314016|cc|6|1|nan|3430,1,0.00332378,1.69465,0.149292,32.777,0.116758,0.779399,False,nan|3430,1314016
1,130_bNAb_Combinations|1314016|cc|7|1|nan|3430,1,0.00332378,1.70394,0.149292,46.6782,0.116758,0.779399,False,nan|3430,1314016
1,130_bNAb_Combinations|1314016|cc|8|1|nan|3430,1,0.00332378,1.82678,0.149292,-15.0533,0.116758,0.779399,False,nan|3430,1314016
1,130_bNAb_Combinations|1314016|sample|10|nan|3430,1,0.00332609,0.465132,0.149289,10.909,0.116758,0.779399,True,PGT121|3430,1314016
1,130_bNAb_Combinations|1314016|sample|11|nan|3430,1,0.00332647,0.616308,0.149308,25.2302,0.116758,0.779399,True,VRC07-523LS|3430,1314016
1,130_bNAb_Combinations|1314016|sample|12|nan|3430,1,0.00332647,0.733082,0.149308,36.5301,0.116758,0.779399,True,VRC07-523LS|3430,1314016
1,130_bNAb_Combinations|1314016|sample|3|nan|3430,1,0.00332634,0.569988,0.149311,63.7529,0.116758,0.779399,True,PGDM1400|3430,1314016
1,130_bNAb_Combinations|1314016|sample|4|nan|3430,1,0.00332634,0.626833,0.149311,94.1498,0.116758,0.779399,True,PGDM1400|3430,1314016
1,130_bNAb_Combinations|1314016|sample|5|nan|3430,1,0.00332634,0.513394,0.149311,42.5652,0.116758,0.779399,True,PGDM1400|3430,1314016
1,130_bNAb_Combinations|1314016|sample|6|nan|3430,1,0.00332634,0.446021,0.149311,31.6296,0.116758,0.779399,True,PGDM1400|3430,1314016
1,130_bNAb_Combinations|1314016|sample|7|nan|3430,1,0.00332609,0.489918,0.149289,9.91802,0.116758,0.779399,True,PGT121|3430,1314016
1,130_bNAb_Combinations|1314016|sample|8|nan|3430,1,0.00332609,0.499761,0.149289,9.80003,0.116758,0.779399,True,PGT121|3430,1314016
1,130_bNAb_Combinations|1314016|sample|9|nan|3430,1,0.00332609,0.437216,0.149289,9.77212,0.116758,0.779399,True,PGT121|3430,1314016
1,130_bNAb_Combinations|1314016|vc|1|2|nan|3430,1,0.00332378,1.77803,0.149292,-7.56742,0.116758,0.779399,False,nan|3430,1314016
1,130_bNAb_Combinations|1314016|vc|2|2|nan|3430,1,0.00332378,1.80933,0.149292,21.5411,0.116758,0.779399,False,nan|3430,1314016
1,130_bNAb_Combinations|1314016|vc|3|2|nan|3430,1,0.00332378,2.10521,0.149292,34.8299,0.116758,0.779399,False,nan|3430,1314016
1,130_bNAb_Combinations|1314016|vc|4|2|nan|3430,1,0.00332378,1.7189,0.149292,29.06,0.116758,0.779399,False,nan|3430,1314016
1,130_bNAb_Combinations|1314016|vc|5|2|nan|3430,1,0.00332378,1.9952,0.149292,4.20613,0.116758,0.779399,False,nan|3430,1314016
1,130_bNAb_Combinations|1314016|vc|6|2|nan|3430,1,0.00332378,1.9018,0.149292,28.4845,0.116758,0.779399,False,nan|3430,1314016
1,130_bNAb_Combinations|1314016|vc|7|2|nan|3430,1,0.00332378,1.89567,0.149292,30.0694,0.116758,0.779399,False,nan|3430,1314016
1,130_bNAb_Combinations|1314016|vc|8|2|nan|3430,1,0.00332378,1.62588,0.149292,66.0738,0.116758,0.779399,False,nan|3430,1314016
1,130_bNAb_Combinations|1314040|cc|1|1|nan|4166,1,0.00332382,1.7807,0.149295,16.9623,0.382754,0.779553,False,nan|4166,1314040
1,130_bNAb_Combinations|1314040|cc|2|1|nan|4166,1,0.00332382,1.70035,0.149295,-19.6636,0.382754,0.779553,False,nan|4166,1314040
1,130_bNAb_Combinations|1314040|cc|3|1|nan|4166,1,0.00332382,1.55987,0.149295,-3.82826,0.382754,0.779553,False,nan|4166,1314040
1,130_bNAb_Combinations|1314040|cc|4|1|nan|4166,1,0.00332382,1.87954,0.149295,-2.37033,0.382754,0.779553,False,nan|4166,1314040
1,130_bNAb_Combinations|1314040|cc|5|1|nan|4166,1,0.00332382,1.78331,0.149295,-33.0989,0.382754,0.779553,False,nan|4166,1314040
1,130_bNAb_Combinations|1314040|cc|6|1|nan|4166,1,0.00332382,2.07865,0.149295,14.6781,0.382754,0.779553,False,nan|4166,1314040
1,130_bNAb_Combinations|1314040|cc|7|1|nan|4166,1,0.00332382,1.83615,0.149295,1.65377,0.382754,0.779553,False,nan|4166,1314040
1,130_bNAb_Combinations|1314040|cc|8|1|nan|4166,1,0.00332382,1.7302,0.149295,-35.9062,0.382754,0.779553,False,nan|4166,1314040
1,130_bNAb_Combinations|1314040|sample|10|nan|4166,1,0.00332647,0.649524,0.149279,62.4136,0.382754,0.779553,True,PGT121|4166,1314040
1,130_bNAb_Combinations|1314040|sample|11|nan|4166,1,0.00332658,0.739148,0.149313,65.0594,0.382754,0.779553,True,VRC07-523LS|4166,1314040
1,130_bNAb_Combinations|1314040|sample|12|nan|4166,1,0.00332658,0.559203,0.149313,30.2671,0.382754,0.779553,True,VRC07-523LS|4166,1314040
1,130_bNAb_Combinations|1314040|sample|3|nan|4166,1,0.00332654,0.539389,0.149266,36.6512,0.382754,0.779553,True,PGDM1400|4166,1314040
1,130_bNAb_Combinations|1314040|sample|4|nan|4166,1,0.00332654,0.521613,0.149266,27.9799,0.382754,0.779553,True,PGDM1400|4166,1314040
1,130_bNAb_Combinations|1314040|sample|5|nan|4166,1,0.00332654,0.634286,0.149266,60.6341,0.382754,0.779553,True,PGDM1400|4166,1314040
1,130_bNAb_Combinations|1314040|sample|6|nan|4166,1,0.00332654,0.563414,0.149266,41.7068,0.382754,0.779553,True,PGDM1400|4166,1314040
1,130_bNAb_Combinations|1314040|sample|7|nan|4166,1,0.00332647,0.714955,0.149279,77.5156,0.382754,0.779553,True,PGT121|4166,1314040
1,130_bNAb_Combinations|1314040|sample|8|nan|4166,1,0.00332647,0.747419,0.149279,79.2973,0.382754,0.779553,True,PGT121|4166,1314040
1,130_bNAb_Combinations|1314040|sample|9|nan|4166,1,0.00332647,0.661976,0.149279,56.0423,0.382754,0.779553,True,PGT121|4166,1314040
1,130_bNAb_Combinations|1314040|vc|1|2|nan|4166,1,0.00332382,2.00995,0.149295,2.00531,0.382754,0.779553,False,nan|4166,1314040
1,130_bNAb_Combinations|1314040|vc|2|2|nan|4166,1,0.00332382,1.53138,0.149295,-35.3132,0.382754,0.779553,False,nan|4166,1314040
1,130_bNAb_Combinations|1314040|vc|3|2|nan|4166,1,0.00332382,1.82313,0.149295,19.2312,0.382754,0.779553,False,nan|4166,1314040
1,130_bNAb_Combinations|1314040|vc|4|2|nan|4166,1,0.00332382,1.41376,0.149295,20.853,0.382754,0.779553,False,nan|4166,1314040
1,130_bNAb_Combinations|1314040|vc|5|2|nan|4166,1,0.00332382,1.81249,0.149295,-18.2137,0.382754,0.779553,False,nan|4166,1314040
1,130_bNAb_Combinations|1314040|vc|6|2|nan|4166,1,0.00332382,1.62071,0.149295,42.2812,0.382754,0.779553,False,nan|4166,1314040
1,130_bNAb_Combinations|1314040|vc|7|2|nan|4166,1,0.00332382,1.43131,0.149295,4.66899,0.382754,0.779553,False,nan|4166,1314040
1,130_bNAb_Combinations|1314040|vc|8|2|nan|4166,1,0.00332382,1.64427,0.149295,-21.5423,0.382754,0.779553,False,nan|4166,1314040
1,130_bNAb_Combinations|1314058|cc|1|1|nan|2944,1,0.00332381,2.04097,0.149288,4.96351,0.382698,0.779468,False,nan|2944,1314058
1,130_bNAb_Combinations|1314058|cc|2|1|nan|2944,1,0.00332381,1.57874,0.149288,22.1557,0.382698,0.779468,False,nan|2944,1314058
1,130_bNAb_Combinations|1314058|cc|3|1|nan|2944,1,0.00332381,1.77636,0.149288,17.5273,0.382698,0.779468,False,nan|2944,1314058
1,130_bNAb_Combinations|1314058|cc|4|1|nan|2944,1,0.00332381,1.74377,0.149288,20.1935,0.382698,0.779468,False,nan|2944,1314058
1,130_bNAb_Combinations|1314058|cc|5|1|nan|2944,1,0.00332381,1.66175,0.149288,-18.7488,0.382698,0.779468,False,nan|2944,1314058
1,130_bNAb_Combinations|1314058|cc|6|1|nan|2944,1,0.00332381,1.93367,0.149288,49.6847,0.382698,0.779468,False,nan|2944,1314058
1,130_bNAb_Combinations|1314058|cc|7|1|nan|2944,1,0.00332381,1.83745,0.149288,9.23937,0.382698,0.779468,False,nan|2944,1314058
1,130_bNAb_Combinations|1314058|cc|8|1|nan|2944,1,0.00332381,1.58624,0.149288,40.1781,0.382698,0.779468,False,nan|2944,1314058
1,130_bNAb_Combinations|1314058|sample|10|nan|2944,1,0.00239257,0.74988,0.149291,92.0235,0.382698,0.779468,True,PGT121|2944,1314058
1,130_bNAb_Combinations|1314058|sample|11|nan|2944,1,0.00332646,0.800517,0.149274,29.036,0.382698,0.779468,True,VRC07-523LS|2944,1314058
1,130_bNAb_Combinations|1314058|sample|12|nan|2944,1,0.00332646,0.726714,0.149274,21.4292,0.382698,0.779468,True,VRC07-523LS|2944,1314058
1,130_bNAb_Combinations|1314058|sample|3|nan|2944,1,0.00332648,0.543403,0.149274,83.583,0.382698,0.779468,True,PGDM1400|2944,1314058
1,130_bNAb_Combinations|1314058|sample|4|nan|2944,1,0.00332648,0.547759,0.149274,82.348,0.382698,0.779468,True,PGDM1400|2944,1314058
1,130_bNAb_Combinations|1314058|sample|5|nan|2944,1,0.00332648,0.465902,0.149274,50.4029,0.382698,0.779468,True,PGDM1400|2944,1314058
1,130_bNAb_Combinations|1314058|sample|6|nan|2944,1,0.00332648,0.458833,0.149274,56.9056,0.382698,0.779468,True,PGDM1400|2944,1314058
1,130_bNAb_Combinations|1314058|sample|7|nan|2944,1,0.00239257,0.7002,0.149291,67.3966,0.382698,0.779468,True,PGT121|2944,1314058
1,130_bNAb_Combinations|1314058|sample|8|nan|2944,1,0.00239257,0.668405,0.149291,55.1202,0.382698,0.779468,True,PGT121|2944,1314058
1,130_bNAb_Combinations|1314058|sample|9|nan|2944,1,0.00239257,0.642049,0.149291,51.3433,0.382698,0.779468,True,PGT121|2944,1314058
1,130_bNAb_Combinations|1314058|vc|1|2|nan|2944,1,0.00332381,1.74992,0.149288,10.7303,0.382698,0.779468,False,nan|2944,1314058
1,130_bNAb_Combinations|1314058|vc|2|2|nan|2944,1,0.00332381,1.57864,0.149288,-29.2524,0.382698,0.779468,False,nan|2944,1314058
1,130_bNAb_Combinations|1314058|vc|3|2|nan|2944,1,0.00332381,1.95269,0.149288,17.9929,0.382698,0.779468,False,nan|2944,1314058
1,130_bNAb_Combinations|1314058|vc|4|2|nan|2944,1,0.00332381,1.82213,0.149288,1.1502,0.382698,0.779468,False,nan|2944,1314058
1,130_bNAb_Combinations|1314058|vc|5|2|nan|2944,1,0.00332381,1.61588,0.149288,1.98064,0.382698,0.779468,False,nan|2944,1314058
1,130_bNAb_Combinations|1314058|vc|6|2|nan|2944,1,0.00332381,1.37899,0.149288,-11.5306,0.382698,0.779468,False,nan|2944,1314058
1,130_bNAb_Combinations|1314058|vc|7|2|nan|2944,1,0.00332381,2.0557,0.149288,-33.3672,0.382698,0.779468,False,nan|2944,1314058
1,130_bNAb_Combinations|1314058|vc|8|2|nan|2944,1,0.00332381,1.61275,0.149288,-8.57751,0.382698,0.779468,False,nan|2944,1314058
1,130_bNAb_Combinations|1342240|cc|1|1|nan|1798,1,0.00332335,1.93186,0.14929,-2.78255,0.383153,0.779493,False,nan|1798,1342240
1,130_bNAb_Combinations|1342240|cc|2|1|nan|1798,1,0.00332335,1.56391,0.14929,41.2968,0.383153,0.779493,False,nan|1798,1342240
1,130_bNAb_Combinations|1342240|cc|3|1|nan|1798,1,0.00332335,1.74246,0.14929,14.5706,0.383153,0.779493,False,nan|1798,1342240
1,130_bNAb_Combinations|1342240|cc|4|1|nan|1798,1,0.00332335,1.7689,0.14929,10.1817,0.383153,0.779493,False,nan|1798,1342240
1,130_bNAb_Combinations|1342240|cc|5|1|nan|1798,1,0.00332335,1.74371,0.14929,-21.2206,0.383153,0.779493,False,nan|1798,1342240
1,130_bNAb_Combinations|1342240|cc|6|1|nan|1798,1,0.00332335,1.94739,0.14929,87.4668,0.383153,0.779493,False,nan|1798,1342240
1,130_bNAb_Combinations|1342240|cc|7|1|nan|1798,1,0.00332335,1.75162,0.14929,26.5118,0.383153,0.779493,False,nan|1798,1342240
1,130_bNAb_Combinations|1342240|cc|8|1|nan|1798,1,0.00332335,1.80957,0.14929,6.58597,0.383153,0.779493,False,nan|1798,1342240
1,130_bNAb_Combinations|1342240|sample|3|nan|1798,1,0.00332641,0.922124,0.149261,8.74661,0.383153,0.779493,True,VRC07-523LS|1798,1342240
1,130_bNAb_Combinations|1342240|sample|4|nan|1798,1,0.00332641,0.88769,0.149261,8.38255,0.383153,0.779493,True,VRC07-523LS|1798,1342240
1,130_bNAb_Combinations|1342240|sample|8|nan|1798,1,0.00332641,0.677441,0.149261,27.8707,0.383153,0.779493,True,VRC07-523LS|1798,1342240
1,130_bNAb_Combinations|1342240|vc|1|2|nan|1798,1,0.00332335,1.52996,0.14929,40.1995,0.383153,0.779493,False,nan|1798,1342240
1,130_bNAb_Combinations|1342240|vc|2|2|nan|1798,1,0.00332335,1.62603,0.14929,-10.8632,0.383153,0.779493,False,nan|1798,1342240
1,130_bNAb_Combinations|1342240|vc|3|2|nan|1798,1,0.00332335,1.68583,0.14929,-29.1099,0.383153,0.779493,False,nan|1798,1342240
1,130_bNAb_Combinations|1342240|vc|4|2|nan|1798,1,0.00332335,1.81203,0.14929,9.8054,0.383153,0.779493,False,nan|1798,1342240
1,130_bNAb_Combinations|1342240|vc|5|2|nan|1798,1,0.00332335,1.90756,0.14929,28.7107,0.383153,0.779493,False,nan|1798,1342240
1,130_bNAb_Combinations|1342240|vc|6|2|nan|1798,1,0.00332335,1.67773,0.14929,0.00343757,0.383153,0.779493,False,nan|1798,1342240
1,130_bNAb_Combinations|1342240|vc|7|2|nan|1798,1,0.00332335,1.93335,0.14929,-2.73058,0.383153,0.779493,False,nan|1798,1342240
1,130_bNAb_Combinations|1342240|vc|8|2|nan|1798,1,0.00332335,1.78114,0.14929,-23.2219,0.383153,0.779493,False,nan|1798,1342240
1,130_bNAb_Combinations|1342258|cc|1|1|TRO.11|8301,1,0.00332384,1.80249,0.149291,-25.9259,0.382754,0.779647,False,nan|TRO.11,1342258
1,130_bNAb_Combinations|1342258|cc|2|1|TRO.11|8301,1,0.00332384,1.77634,0.149291,-15.5105,0.382754,0.779647,False,nan|TRO.11,1342258
1,130_bNAb_Combinations|1342258|cc|3|1|TRO.11|8301,1,0.00332384,1.65899,0.149291,5.38561,0.382754,0.779647,False,nan|TRO.11,1342258
1,130_bNAb_Combinations|1342258|cc|4|1|TRO.11|8301,1,0.00332384,1.48238,0.149291,14.3484,0.382754,0.779647,False,nan|TRO.11,1342258
1,130_bNAb_Combinations|1342258|cc|5|1|TRO.11|8301,1,0.00332384,1.81211,0.149291,48.0655,0.382754,0.779647,False,nan|TRO.11,1342258
1,130_bNAb_Combinations|1342258|cc|6|1|TRO.11|8301,1,0.00332384,1.6059,0.149291,43.6793,0.382754,0.779647,False,nan|TRO.11,1342258
1,130_bNAb_Combinations|1342258|cc|7|1|TRO.11|8301,1,0.00332384,1.53651,0.149291,-4.06928,0.382754,0.779647,False,nan|TRO.11,1342258
1,130_bNAb_Combinations|1342258|cc|8|1|TRO.11|8301,1,0.00332384,1.86663,0.149291,-5.73316,0.382754,0.779647,False,nan|TRO.11,1342258
1,130_bNAb_Combinations|1342258|sample|3|TRO.11|8301,1,0.00332628,0.755805,0.149288,19.9752,0.382754,0.779647,True,VRC07-523LS|TRO.11,1342258
1,130_bNAb_Combinations|1342258|sample|4|TRO.11|8301,1,0.00332628,0.844668,0.149288,24.0539,0.382754,0.779647,True,VRC07-523LS|TRO.11,1342258
1,130_bNAb_Combinations|1342258|vc|1|2|TRO.11|8301,1,0.00332384,1.81567,0.149291,13.2225,0.382754,0.779647,False,nan|TRO.11,1342258
1,130_bNAb_Combinations|1342258|vc|2|2|TRO.11|8301,1,0.00332384,1.44315,0.149291,-0.964195,0.382754,0.779647,False,nan|TRO.11,1342258
1,130_bNAb_Combinations|1342258|vc|3|2|TRO.11|8301,1,0.00332384,1.93067,0.149291,-11.361,0.382754,0.779647,False,nan|TRO.11,1342258
1,130_bNAb_Combinations|1342258|vc|4|2|TRO.11|8301,1,0.00332384,1.86284,0.149291,-5.65045,0.382754,0.779647,False,nan|TRO.11,1342258
1,130_bNAb_Combinations|1342258|vc|5|2|TRO.11|8301,1,0.00332384,1.56157,0.149291,36.7849,0.382754,0.779647,False,nan|TRO.11,1342258
1,130_bNAb_Combinations|1342258|vc|6|2|TRO.11|8301,1,0.00332384,1.60752,0.149291,10.8218,0.382754,0.779647,False,nan|TRO.11,1342258
1,130_bNAb_Combinations|1342258|vc|7|2|TRO.11|8301,1,0.00332384,1.71789,0.149291,-3.87124,0.382754,0.779647,False,nan|TRO.11,1342258
1,130_bNAb_Combinations|1342258|vc|8|2|TRO.11|8301,1,0.00332384,1.82645,0.149291,21.7533,0.382754,0.779647,False,nan|TRO.11,1342258
1,130_bNAb_Combinations|1342276|cc|1|1|Ce1176_A3|7023,1,0.00332382,1.92931,0.149317,-4.64641,0.382609,0.779513,False,nan|Ce1176_A3,1342276
1,130_bNAb_Combinations|1342276|cc|2|1|Ce1176_A3|7023,1,0.00332382,1.67342,0.149317,-11.8987,0.382609,0.779513,False,nan|Ce1176_A3,1342276
1,130_bNAb_Combinations|1342276|cc|3|1|Ce1176_A3|7023,1,0.00332382,1.86683,0.149317,-22.2852,0.382609,0.779513,False,nan|Ce1176_A3,1342276
1,130_bNAb_Combinations|1342276|cc|4|1|Ce1176_A3|7023,1,0.00332382,1.86728,0.149317,-18.0879,0.382609,0.779513,False,nan|Ce1176_A3,1342276
1,130_bNAb_Combinations|1342276|cc|5|1|Ce1176_A3|7023,1,0.00332382,1.43098,0.149317,7.54409,0.382609,0.779513,False,nan|Ce1176_A3,1342276
1,130_bNAb_Combinations|1342276|cc|6|1|Ce1176_A3|7023,1,0.00332382,2.01951,0.149317,7.4237,0.382609,0.779513,False,nan|Ce1176_A3,1342276
1,130_bNAb_Combinations|1342276|cc|7|1|Ce1176_A3|7023,1,0.00332382,1.88037,0.149317,18.9581,0.382609,0.779513,False,nan|Ce1176_A3,1342276
1,130_bNAb_Combinations|1342276|cc|8|1|Ce1176_A3|7023,1,0.00332382,1.80356,0.149317,27.6427,0.382609,0.779513,False,nan|Ce1176_A3,1342276
1,130_bNAb_Combinations|1342276|sample|3|Ce1176_A3|7023,1,0.00332614,0.807543,0.149291,9.5158,0.382609,0.779513,True,VRC07-523LS|Ce1176_A3,1342276
1,130_bNAb_Combinations|1342276|sample|4|Ce1176_A3|7023,1,0.00332614,0.855833,0.149291,9.78738,0.382609,0.779513,True,VRC07-523LS|Ce1176_A3,1342276
1,130_bNAb_Combinations|1342276|vc|1|2|Ce1176_A3|7023,1,0.00332382,1.8126,0.149317,-2.67494,0.382609,0.779513,False,nan|Ce1176_A3,1342276
1,130_bNAb_Combinations|1342276|vc|2|2|Ce1176_A3|7023,1,0.00332382,1.50678,0.149317,26.3411,0.382609,0.779513,False,nan|Ce1176_A3,1342276
1,130_bNAb_Combinations|1342276|vc|3|2|Ce1176_A3|7023,1,0.00332382,1.38936,0.149317,42.7099,0.382609,0.779513,False,nan|Ce1176_A3,1342276
1,130_bNAb_Combinations|1342276|vc|4|2|Ce1176_A3|7023,1,0.00332382,1.73655,0.149317,5.46756,0.382609,0.779513,False,nan|Ce1176_A3,1342276
1,130_bNAb_Combinations|1342276|vc|5|2|Ce1176_A3|7023,1,0.00332382,1.66989,0.149317,-4.78664,0.382609,0.779513,False,nan|Ce1176_A3,1342276
1,130_bNAb_Combinations|1342276|vc|6|2|Ce1176_A3|7023,1,0.00332382,1.80215,0.149317,12.0493,0.382609,0.779513,False,nan|Ce1176_A3,1342276
1,130_bNAb_Combinations|1342276|vc|7|2|Ce1176_A3|7023,1,0.00332382,1.82627,0.149317,-9.14789,0.382609,0.779513,False,nan|Ce1176_A3,1342276
1,130_bNAb_Combinations|1342276|vc|8|2|Ce1176_A3|7023,1,0.00332382,1.82223,0.149317,-12.6389,0.382609,0.779513,False,nan|Ce1176_A3,1342276
1,130_bNAb_Combinations|1342294|cc|1|1|nan|1176,1,0.00332379,1.62787,0.149285,-43.7213,0.382756,0.779446,False,nan|1176,1342294
1,130_bNAb_Combinations|1342294|cc|2|1|nan|1176,1,0.00332379,1.71785,0.149285,6.74786,0.382756,0.779446,False,nan|1176,1342294
1,130_bNAb_Combinations|1342294|cc|3|1|nan|1176,1,0.00332379,1.50797,0.149285,8.43767,0.382756,0.779446,False,nan|1176,1342294
1,130_bNAb_Combinations|1342294|cc|4|1|nan|1176,1,0.00332379,1.66777,0.149285,39.7773,0.382756,0.779446,False,nan|1176,1342294
1,130_bNAb_Combinations|1342294|cc|5|1|nan|1176,1,0.00332379,1.80705,0.149285,3.92216,0.382756,0.779446,False,nan|1176,1342294
1,130_bNAb_Combinations|1342294|cc|6|1|nan|1176,1,0.00332379,1.55617,0.149285,-30.8895,0.382756,0.779446,False,nan|1176,1342294
1,130_bNAb_Combinations|1342294|cc|7|1|nan|1176,1,0.00332379,1.75635,0.149285,-20.4739,0.382756,0.779446,False,nan|1176,1342294
1,130_bNAb_Combinations|1342294|cc|8|1|nan|1176,1,0.00332379,1.56794,0.149285,-46.6274,0.382756,0.779446,False,nan|1176,1342294
1,130_bNAb_Combinations|1342294|sample|3|nan|1176,1,0.00652684,0.604892,0.149304,20.8882,0.382756,0.779446,True,VRC07-523LS|1176,1342294
1,130_bNAb_Combinations|1342294|sample|4|nan|1176,1,0.00652684,0.671268,0.149304,23.7365,0.382756,0.779446,True,VRC07-523LS|1176,1342294
1,130_bNAb_Combinations|1342294|sample|8|nan|1176,1,0.00652684,0.535809,0.149304,20.4824,0.382756,0.779446,True,VRC07-523LS|1176,1342294
1,130_bNAb_Combinations|1342294|vc|1|2|nan|1176,1,0.00332379,1.80019,0.149285,-44.2288,0.382756,0.779446,False,nan|1176,1342294
1,130_bNAb_Combinations|1342294|vc|2|2|nan|1176,1,0.00332379,1.72488,0.149285,-14.059,0.382756,0.779446,False,nan|1176,1342294
1,130_bNAb_Combinations|1342294|vc|3|2|nan|1176,1,0.00332379,1.8596,0.149285,-24.2162,0.382756,0.779446,False,nan|1176,1342294
1,130_bNAb_Combinations|1342294|vc|4|2|nan|1176,1,0.00332379,1.7691,0.149285,12.4838,0.382756,0.779446,False,nan|1176,1342294
1,130_bNAb_Combinations|1342294|vc|5|2|nan|1176,1,0.00332379,1.82052,0.149285,2.02444,0.382756,0.779446,False,nan|1176,1342294
1,130_bNAb_Combinations|1342294|vc|6|2|nan|1176,1,0.00332379,1.48129,0.149285,0.77476,0.382756,0.779446,False,nan|1176,1342294
1,130_bNAb_Combinations|1342294|vc|7|2|nan|1176,1,0.00332379,1.67688,0.149285,15.1553,0.382756,0.779446,False,nan|1176,1342294
1,130_bNAb_Combinations|1342294|vc|8|2|nan|1176,1,0.00332379,1.93272,0.149285,10.7366,0.382756,0.779446,False,nan|1176,1342294
1,130_bNAb_Combinations|1342312|cc|1|1|RHPA4259.7|5371,1,0.00332382,1.55115,0.149293,31.7021,0.382773,0.779481,False,nan|RHPA4259.7,1342312
1,130_bNAb_Combinations|1342312|cc|2|1|RHPA4259.7|5371,1,0.00332382,1.82247,0.149293,18.0373,0.382773,0.779481,False,nan|RHPA4259.7,1342312
1,130_bNAb_Combinations|1342312|cc|3|1|RHPA4259.7|5371,1,0.00332382,1.53374,0.149293,-10.4791,0.382773,0.779481,False,nan|RHPA4259.7,1342312
1,130_bNAb_Combinations|1342312|cc|4|1|RHPA4259.7|5371,1,0.00332382,1.88605,0.149293,-10.434,0.382773,0.779481,False,nan|RHPA4259.7,1342312
1,130_bNAb_Combinations|1342312|cc|5|1|RHPA4259.7|5371,1,0.00332382,2.09292,0.149293,33.9301,0.382773,0.779481,False,nan|RHPA4259.7,1342312
1,130_bNAb_Combinations|1342312|cc|6|1|RHPA4259.7|5371,1,0.00332382,2.06118,0.149293,-29.1317,0.382773,0.779481,False,nan|RHPA4259.7,1342312
1,130_bNAb_Combinations|1342312|cc|7|1|RHPA4259.7|5371,1,0.00332382,1.82675,0.149293,19.9511,0.382773,0.779481,False,nan|RHPA4259.7,1342312
1,130_bNAb_Combinations|1342312|cc|8|1|RHPA4259.7|5371,1,0.00332382,1.73779,0.149293,51.9085,0.382773,0.779481,False,nan|RHPA4259.7,1342312
1,130_bNAb_Combinations|1342312|sample|3|RHPA4259.7|5371,1,0.00332733,0.740651,0.149267,46.6866,0.382773,0.779481,True,VRC07-523LS|RHPA4259.7,1342312
1,130_bNAb_Combinations|1342312|sample|4|RHPA4259.7|5371,1,0.00332733,0.726585,0.149267,47.3369,0.382773,0.779481,True,VRC07-523LS|RHPA4259.7,1342312
1,130_bNAb_Combinations|1342312|vc|1|2|RHPA4259.7|5371,1,0.00332382,1.92214,0.149293,-14.702,0.382773,0.779481,False,nan|RHPA4259.7,1342312
1,130_bNAb_Combinations|1342312|vc|2|2|RHPA4259.7|5371,1,0.00332382,1.66254,0.149293,6.90945,0.382773,0.779481,False,nan|RHPA4259.7,1342312
1,130_bNAb_Combinations|1342312|vc|3|2|RHPA4259.7|5371,1,0.00332382,1.87084,0.149293,-14.9873,0.382773,0.779481,False,nan|RHPA4259.7,1342312
1,130_bNAb_Combinations|1342312|vc|4|2|RHPA4259.7|5371,1,0.00332382,1.82435,0.149293,44.5853,0.382773,0.779481,False,nan|RHPA4259.7,1342312
1,130_bNAb_Combinations|1342312|vc|5|2|RHPA4259.7|5371,1,0.00332382,1.52207,0.149293,-6.92388,0.382773,0.779481,False,nan|RHPA4259.7,1342312
1,130_bNAb_Combinations|1342312|vc|6|2|RHPA4259.7|5371,1,0.00332382,1.73087,0.149293,50.9959,0.382773,0.779481,False,nan|RHPA4259.7,1342312
1,130_bNAb_Combinations|1342312|vc|7|2|RHPA4259.7|5371,1,0.00332382,1.81379,0.149293,42.5538,0.382773,0.779481,False,nan|RHPA4259.7,1342312
1,130_bNAb_Combinations|1342312|vc|8|2|RHPA4259.7|5371,1,0.00332382,1.69476,0.149293,-10.8225,0.382773,0.779481,False,nan|RHPA4259.7,1342312
1,130_bNAb_Combinations|1342336|cc|1|1|nan|3430,1,0.00332378,1.75174,0.149292,32.0359,0.382722,0.779481,False,nan|3430,1342336
1,130_bNAb_Combinations|1342336|cc|2|1|nan|3430,1,0.00332378,1.52322,0.149292,-65.1876,0.382722,0.779481,False,nan|3430,1342336
1,130_bNAb_Combinations|1342336|cc|3|1|nan|3430,1,0.00332378,1.5945,0.149292,35.1216,0.382722,0.779481,False,nan|3430,1342336
1,130_bNAb_Combinations|1342336|cc|4|1|nan|3430,1,0.00332378,1.67915,0.149292,10.75,0.382722,0.779481,False,nan|3430,1342336
1,130_bNAb_Combinations|1342336|cc|5|1|nan|3430,1,0.00332378,1.82549,0.149292,42.3241,0.382722,0.779481,False,nan|3430,1342336
1,130_bNAb_Combinations|1342336|cc|6|1|nan|3430,1,0.00332378,1.83295,0.149292,-4.26447,0.382722,0.779481,False,nan|3430,1342336
1,130_bNAb_Combinations|1342336|cc|7|1|nan|3430,1,0.00332378,1.69686,0.149292,32.4268,0.382722,0.779481,False,nan|3430,1342336
1,130_bNAb_Combinations|1342336|cc|8|1|nan|3430,1,0.00332378,1.60375,0.149292,13.9291,0.382722,0.779481,False,nan|3430,1342336
1,130_bNAb_Combinations|1342336|sample|3|nan|3430,1,0.00332647,0.763033,0.149308,30.852,0.382722,0.779481,True,VRC07-523LS|3430,1342336
1,130_bNAb_Combinations|1342336|sample|4|nan|3430,1,0.00332647,0.767437,0.149308,36.5121,0.382722,0.779481,True,VRC07-523LS|3430,1342336
1,130_bNAb_Combinations|1342336|sample|5|nan|3430,1,0.00332647,0.7695,0.149308,25.9319,0.382722,0.779481,True,VRC07-523LS|3430,1342336
1,130_bNAb_Combinations|1342336|vc|1|2|nan|3430,1,0.00332378,1.56101,0.149292,15.3865,0.382722,0.779481,False,nan|3430,1342336
1,130_bNAb_Combinations|1342336|vc|2|2|nan|3430,1,0.00332378,1.55164,0.149292,-1.47841,0.382722,0.779481,False,nan|3430,1342336
1,130_bNAb_Combinations|1342336|vc|3|2|nan|3430,1,0.00332378,1.80479,0.149292,-4.46864,0.382722,0.779481,False,nan|3430,1342336
1,130_bNAb_Combinations|1342336|vc|4|2|nan|3430,1,0.00332378,1.76097,0.149292,9.35869,0.382722,0.779481,False,nan|3430,1342336
1,130_bNAb_Combinations|1342336|vc|5|2|nan|3430,1,0.00332378,1.62326,0.149292,14.1175,0.382722,0.779481,False,nan|3430,1342336
1,130_bNAb_Combinations|1342336|vc|6|2|nan|3430,1,0.00332378,1.72449,0.149292,-27.1162,0.382722,0.779481,False,nan|3430,1342336
1,130_bNAb_Combinations|1342336|vc|7|2|nan|3430,1,0.00332378,1.79907,0.149292,12.3616,0.382722,0.779481,False,nan|3430,1342336
1,130_bNAb_Combinations|1342336|vc|8|2|nan|3430,1,0.00332378,1.88574,0.149292,45.9773,0.382722,0.779481,False,nan|3430,1342336
1,130_bNAb_Combinations|1342348|cc|1|1|nan|4166,1,0.00332382,1.60555,0.149295,3.18321,0.382676,0.77948,False,nan|4166,1342348
1,130_bNAb_Combinations|1342348|cc|2|1|nan|4166,1,0.00332382,1.51684,0.149295,-31.8356,0.382676,0.77948,False,nan|4166,1342348
1,130_bNAb_Combinations|1342348|cc|3|1|nan|4166,1,0.00332382,2.1093,0.149295,-26.4201,0.382676,0.77948,False,nan|4166,1342348
1,130_bNAb_Combinations|1342348|cc|4|1|nan|4166,1,0.00332382,1.77091,0.149295,-14.9595,0.382676,0.77948,False,nan|4166,1342348
1,130_bNAb_Combinations|1342348|cc|5|1|nan|4166,1,0.00332382,1.84822,0.149295,-6.95145,0.382676,0.77948,False,nan|4166,1342348
1,130_bNAb_Combinations|1342348|cc|6|1|nan|4166,1,0.00332382,2.12578,0.149295,10.2425,0.382676,0.77948,False,nan|4166,1342348
1,130_bNAb_Combinations|1342348|cc|7|1|nan|4166,1,0.00332382,1.81398,0.149295,-18.2029,0.382676,0.77948,False,nan|4166,1342348
1,130_bNAb_Combinations|1342348|cc|8|1|nan|4166,1,0.00332382,1.42944,0.149295,-8.56745,0.382676,0.77948,False,nan|4166,1342348
1,130_bNAb_Combinations|1342348|sample|3|nan|4166,1,0.00332658,0.750929,0.149313,52.9414,0.382676,0.77948,True,VRC07-523LS|4166,1342348
1,130_bNAb_Combinations|1342348|sample|4|nan|4166,1,0.00332658,0.733003,0.149313,51.4605,0.382676,0.77948,True,VRC07-523LS|4166,1342348
1,130_bNAb_Combinations|1342348|vc|1|2|nan|4166,1,0.00332382,1.60169,0.149295,20.3504,0.382676,0.77948,False,nan|4166,1342348
1,130_bNAb_Combinations|1342348|vc|2|2|nan|4166,1,0.00332382,1.7173,0.149295,15.6833,0.382676,0.77948,False,nan|4166,1342348
1,130_bNAb_Combinations|1342348|vc|3|2|nan|4166,1,0.00332382,1.71982,0.149295,-36.3556,0.382676,0.77948,False,nan|4166,1342348
1,130_bNAb_Combinations|1342348|vc|4|2|nan|4166,1,0.00332382,2.14276,0.149295,-35.2251,0.382676,0.77948,False,nan|4166,1342348
1,130_bNAb_Combinations|1342348|vc|5|2|nan|4166,1,0.00332382,1.53045,0.149295,-2.28263,0.382676,0.77948,False,nan|4166,1342348
1,130_bNAb_Combinations|1342348|vc|6|2|nan|4166,1,0.00332382,1.71403,0.149295,38.2919,0.382676,0.77948,False,nan|4166,1342348
1,130_bNAb_Combinations|1342348|vc|7|2|nan|4166,1,0.00332382,1.6725,0.149295,1.92986,0.382676,0.77948,False,nan|4166,1342348
1,130_bNAb_Combinations|1342348|vc|8|2|nan|4166,1,0.00332382,1.84349,0.149295,-6.04011,0.382676,0.77948,False,nan|4166,1342348
1,130_bNAb_Combinations|1342372|cc|1|1|nan|2944,1,0.00332381,1.7764,0.149288,-1.74109,0.382755,0.779491,False,nan|2944,1342372
1,130_bNAb_Combinations|1342372|cc|2|1|nan|2944,1,0.00332381,1.45853,0.149288,6.58746,0.382755,0.779491,False,nan|2944,1342372
1,130_bNAb_Combinations|1342372|cc|3|1|nan|2944,1,0.00332381,1.74853,0.149288,29.6458,0.382755,0.779491,False,nan|2944,1342372
1,130_bNAb_Combinations|1342372|cc|4|1|nan|2944,1,0.00332381,1.43721,0.149288,0.190017,0.382755,0.779491,False,nan|2944,1342372
1,130_bNAb_Combinations|1342372|cc|5|1|nan|2944,1,0.00332381,1.83837,0.149288,-27.9084,0.382755,0.779491,False,nan|2944,1342372
1,130_bNAb_Combinations|1342372|cc|6|1|nan|2944,1,0.00332381,1.61995,0.149288,12.6445,0.382755,0.779491,False,nan|2944,1342372
1,130_bNAb_Combinations|1342372|cc|7|1|nan|2944,1,0.00332381,1.89388,0.149288,1.30034,0.382755,0.779491,False,nan|2944,1342372
1,130_bNAb_Combinations|1342372|cc|8|1|nan|2944,1,0.00332381,1.68528,0.149288,-0.234074,0.382755,0.779491,False,nan|2944,1342372
1,130_bNAb_Combinations|1342372|sample|3|nan|2944,1,0.00332646,0.769827,0.149274,24.4269,0.382755,0.779491,True,VRC07-523LS|2944,1342372
1,130_bNAb_Combinations|1342372|sample|4|nan|2944,1,0.00332646,0.712402,0.149274,22.622,0.382755,0.779491,True,VRC07-523LS|2944,1342372
1,130_bNAb_Combinations|1342372|vc|1|2|nan|2944,1,0.00332381,1.68331,0.149288,-43.9258,0.382755,0.779491,False,nan|2944,1342372
1,130_bNAb_Combinations|1342372|vc|2|2|nan|2944,1,0.00332381,1.71639,0.149288,-34.176,0.382755,0.779491,False,nan|2944,1342372
1,130_bNAb_Combinations|1342372|vc|3|2|nan|2944,1,0.00332381,1.64096,0.149288,13.0595,0.382755,0.779491,False,nan|2944,1342372
1,130_bNAb_Combinations|1342372|vc|4|2|nan|2944,1,0.00332381,1.50531,0.149288,17.0826,0.382755,0.779491,False,nan|2944,1342372
1,130_bNAb_Combinations|1342372|vc|5|2|nan|2944,1,0.00332381,1.6722,0.149288,12.9806,0.382755,0.779491,False,nan|2944,1342372
1,130_bNAb_Combinations|1342372|vc|6|2|nan|2944,1,0.00332381,1.6269,0.149288,-16.1592,0.382755,0.779491,False,nan|2944,1342372
1,130_bNAb_Combinations|1342372|vc|7|2|nan|2944,1,0.00332381,1.58652,0.149288,-11.1588,0.382755,0.779491,False,nan|2944,1342372
1,130_bNAb_Combinations|1342372|vc|8|2|nan|2944,1,0.00332381,2.059,0.149288,25.865,0.382755,0.779491,False,nan|2944,1342372
1,130_bNAb_Combinations|1342384|cc|1|1|nan|2946,1,0.00332383,1.8741,0.149285,24.682,0.382812,0.779484,False,nan|2946,1342384
1,130_bNAb_Combinations|1342384|cc|2|1|nan|2946,1,0.00332383,1.52262,0.149285,10.9418,0.382812,0.779484,False,nan|2946,1342384
1,130_bNAb_Combinations|1342384|cc|3|1|nan|2946,1,0.00332383,1.77501,0.149285,-25.7421,0.382812,0.779484,False,nan|2946,1342384
1,130_bNAb_Combinations|1342384|cc|4|1|nan|2946,1,0.00332383,1.87562,0.149285,37.1161,0.382812,0.779484,False,nan|2946,1342384
1,130_bNAb_Combinations|1342384|cc|5|1|nan|2946,1,0.00332383,1.872,0.149285,-3.571,0.382812,0.779484,False,nan|2946,1342384
1,130_bNAb_Combinations|1342384|cc|6|1|nan|2946,1,0.00332383,1.75369,0.149285,-2.3974,0.382812,0.779484,False,nan|2946,1342384
1,130_bNAb_Combinations|1342384|cc|7|1|nan|2946,1,0.00332383,1.76575,0.149285,21.7104,0.382812,0.779484,False,nan|2946,1342384
1,130_bNAb_Combinations|1342384|cc|8|1|nan|2946,1,0.00332383,1.84812,0.149285,-4.20758,0.382812,0.779484,False,nan|2946,1342384
1,130_bNAb_Combinations|1342384|sample|3|nan|2946,1,0.00332635,0.863367,0.149284,6.76876,0.382812,0.779484,True,VRC07-523LS|2946,1342384
1,130_bNAb_Combinations|1342384|sample|4|nan|2946,1,0.00332635,0.907905,0.149284,6.54223,0.382812,0.779484,True,VRC07-523LS|2946,1342384
1,130_bNAb_Combinations|1342384|vc|1|2|nan|2946,1,0.00332383,1.50826,0.149285,-2.80333,0.382812,0.779484,False,nan|2946,1342384
1,130_bNAb_Combinations|1342384|vc|2|2|nan|2946,1,0.00332383,1.78431,0.149285,-20.677,0.382812,0.779484,False,nan|2946,1342384
1,130_bNAb_Combinations|1342384|vc|3|2|nan|2946,1,0.00332383,1.46077,0.149285,8.64934,0.382812,0.779484,False,nan|2946,1342384
1,130_bNAb_Combinations|1342384|vc|4|2|nan|2946,1,0.00332383,1.7224,0.149285,24.6809,0.382812,0.779484,False,nan|2946,1342384
1,130_bNAb_Combinations|1342384|vc|5|2|nan|2946,1,0.00332383,1.37737,0.149285,-7.86785,0.382812,0.779484,False,nan|2946,1342384
1,130_bNAb_Combinations|1342384|vc|6|2|nan|2946,1,0.00332383,1.91949,0.149285,13.7396,0.382812,0.779484,False,nan|2946,1342384
1,130_bNAb_Combinations|1342384|vc|7|2|nan|2946,1,0.00332383,1.66962,0.149285,-4.20593,0.382812,0.779484,False,nan|2946,1342384
1,130_bNAb_Combinations|1342384|vc|8|2|nan|2946,1,0.00332383,1.90508,0.149285,-1.93517,0.382812,0.779484,False,nan|2946,1342384
1,130_bNAb_Combinations|1342396|cc|1|1|PVO.4|5024,1,0.00332378,1.8863,0.149289,15.1104,0.382752,0.779506,False,nan|PVO.4,1342396
1,130_bNAb_Combinations|1342396|cc|2|1|PVO.4|5024,1,0.00332378,1.59254,0.149289,13.3016,0.382752,0.779506,False,nan|PVO.4,1342396
1,130_bNAb_Combinations|1342396|cc|3|1|PVO.4|5024,1,0.00332378,1.85751,0.149289,6.46969,0.382752,0.779506,False,nan|PVO.4,1342396
1,130_bNAb_Combinations|1342396|cc|4|1|PVO.4|5024,1,0.00332378,1.91445,0.149289,58.1144,0.382752,0.779506,False,nan|PVO.4,1342396
1,130_bNAb_Combinations|1342396|cc|5|1|PVO.4|5024,1,0.00332378,1.6456,0.149289,15.8967,0.382752,0.779506,False,nan|PVO.4,1342396
1,130_bNAb_Combinations|1342396|cc|6|1|PVO.4|5024,1,0.00332378,1.93301,0.149289,7.69245,0.382752,0.779506,False,nan|PVO.4,1342396
1,130_bNAb_Combinations|1342396|cc|7|1|PVO.4|5024,1,0.00332378,1.59432,0.149289,-29.866,0.382752,0.779506,False,nan|PVO.4,1342396
1,130_bNAb_Combinations|1342396|cc|8|1|PVO.4|5024,1,0.00332378,1.72791,0.149289,-2.38762,0.382752,0.779506,False,nan|PVO.4,1342396
1,130_bNAb_Combinations|1342396|sample|3|PVO.4|5024,1,0.00332653,0.914417,0.149282,26.7537,0.382752,0.779506,True,VRC07-523LS|PVO.4,1342396
1,130_bNAb_Combinations|1342396|sample|4|PVO.4|5024,1,0.00332653,0.762971,0.149282,16.4436,0.382752,0.779506,True,VRC07-523LS|PVO.4,1342396
1,130_bNAb_Combinations|1342396|vc|1|2|PVO.4|5024,1,0.00332378,1.63702,0.149289,29.2213,0.382752,0.779506,False,nan|PVO.4,1342396
1,130_bNAb_Combinations|1342396|vc|2|2|PVO.4|5024,1,0.00332378,1.45674,0.149289,2.30207,0.382752,0.779506,False,nan|PVO.4,1342396
1,130_bNAb_Combinations|1342396|vc|3|2|PVO.4|5024,1,0.00332378,1.74264,0.149289,-3.05824,0.382752,0.779506,False,nan|PVO.4,1342396
1,130_bNAb_Combinations|1342396|vc|4|2|PVO.4|5024,1,0.00332378,1.62704,0.149289,-20.739,0.382752,0.779506,False,nan|PVO.4,1342396
1,130_bNAb_Combinations|1342396|vc|5|2|PVO.4|5024,1,0.00332378,1.58171,0.149289,-22.3029,0.382752,0.779506,False,nan|PVO.4,1342396
1,130_bNAb_Combinations|1342396|vc|6|2|PVO.4|5024,1,0.00332378,1.69721,0.149289,25.0591,0.382752,0.779506,False,nan|PVO.4,1342396
1,130_bNAb_Combinations|1342396|vc|7|2|PVO.4|5024,1,0.00332378,1.74761,0.149289,0.338072,0.382752,0.779506,False,nan|PVO.4,1342396
1,130_bNAb_Combinations|1342396|vc|8|2|PVO.4|5024,1,0.00332378,1.65792,0.149289,-21.6415,0.382752,0.779506,False,nan|PVO.4,1342396
1,130_bNAb_Combinations|1342408|cc|1|1|nan|4168,1,0.00332381,1.75342,0.149294,46.7597,0.382752,0.77957,False,nan|4168,1342408
1,130_bNAb_Combinations|1342408|cc|2|1|nan|4168,1,0.00332381,1.74753,0.149294,7.48738,0.382752,0.77957,False,nan|4168,1342408
1,130_bNAb_Combinations|1342408|cc|3|1|nan|4168,1,0.00332381,1.78215,0.149294,-25.2413,0.382752,0.77957,False,nan|4168,1342408
1,130_bNAb_Combinations|1342408|cc|4|1|nan|4168,1,0.00332381,1.7357,0.149294,42.5143,0.382752,0.77957,False,nan|4168,1342408
1,130_bNAb_Combinations|1342408|cc|5|1|nan|4168,1,0.00332381,1.49496,0.149294,-22.3611,0.382752,0.77957,False,nan|4168,1342408
1,130_bNAb_Combinations|1342408|cc|6|1|nan|4168,1,0.00332381,1.43672,0.149294,7.84173,0.382752,0.77957,False,nan|4168,1342408
1,130_bNAb_Combinations|1342408|cc|7|1|nan|4168,1,0.00332381,2.06672,0.149294,-14.6133,0.382752,0.77957,False,nan|4168,1342408
1,130_bNAb_Combinations|1342408|cc|8|1|nan|4168,1,0.00332381,1.57771,0.149294,-9.63121,0.382752,0.77957,False,nan|4168,1342408
1,130_bNAb_Combinations|1342408|sample|3|nan|4168,1,0.00332646,0.588079,0.149303,7.46254,0.382752,0.77957,True,VRC07-523LS|4168,1342408
1,130_bNAb_Combinations|1342408|sample|4|nan|4168,1,0.00332646,0.634417,0.149303,7.48925,0.382752,0.77957,True,VRC07-523LS|4168,1342408
1,130_bNAb_Combinations|1342408|vc|1|2|nan|4168,1,0.00332381,1.90068,0.149294,4.53118,0.382752,0.77957,False,nan|4168,1342408
1,130_bNAb_Combinations|1342408|vc|2|2|nan|4168,1,0.00332381,1.83459,0.149294,-22.9519,0.382752,0.77957,False,nan|4168,1342408
1,130_bNAb_Combinations|1342408|vc|3|2|nan|4168,1,0.00332381,1.82259,0.149294,4.92346,0.382752,0.77957,False,nan|4168,1342408
1,130_bNAb_Combinations|1342408|vc|4|2|nan|4168,1,0.00332381,1.88713,0.149294,-14.1762,0.382752,0.77957,False,nan|4168,1342408
1,130_bNAb_Combinations|1342408|vc|5|2|nan|4168,1,0.00332381,2.06069,0.149294,-9.54255,0.382752,0.77957,False,nan|4168,1342408
1,130_bNAb_Combinations|1342408|vc|6|2|nan|4168,1,0.00332381,1.54056,0.149294,43.8526,0.382752,0.77957,False,nan|4168,1342408
1,130_bNAb_Combinations|1342408|vc|7|2|nan|4168,1,0.00332381,1.55365,0.149294,-26.8607,0.382752,0.77957,False,nan|4168,1342408
1,130_bNAb_Combinations|1342408|vc|8|2|nan|4168,1,0.00332381,1.88905,0.149294,-20.5379,0.382752,0.77957,False,nan|4168,1342408
1,704_VRC01_Concordance|1200432|cc|1|1|PVO.4|5024,1,0.00332378,1.83272,0.149289,3.43095,0.382755,0.779487,False,nan|PVO.4,1200432
1,704_VRC01_Concordance|1200432|cc|2|1|PVO.4|5024,1,0.00332378,1.74673,0.149289,1.75688,0.382755,0.779487,False,nan|PVO.4,1200432
1,704_VRC01_Concordance|1200432|cc|3|1|PVO.4|5024,1,0.00332378,1.75232,0.149289,1.5484,0.382755,0.779487,False,nan|PVO.4,1200432
1,704_VRC01_Concordance|1200432|cc|4|1|PVO.4|5024,1,0.00332378,1.91598,0.149289,-10.4297,0.382755,0.779487,False,nan|PVO.4,1200432
1,704_VRC01_Concordance|1200432|cc|5|1|PVO.4|5024,1,0.00332378,1.79933,0.149289,-5.27418,0.382755,0.779487,False,nan|PVO.4,1200432
1,704_VRC01_Concordance|1200432|cc|6|1|PVO.4|5024,1,0.00332378,1.92927,0.149289,-10.4912,0.382755,0.779487,False,nan|PVO.4,1200432
1,704_VRC01_Concordance|1200432|cc|7|1|PVO.4|5024,1,0.00332378,1.40446,0.149289,26.6907,0.382755,0.779487,False,nan|PVO.4,1200432
1,704_VRC01_Concordance|1200432|cc|8|1|PVO.4|5024,1,0.00332378,1.89707,0.149289,-1.47451,0.382755,0.779487,False,nan|PVO.4,1200432
1,704_VRC01_Concordance|1200432|sample|10|PVO.4|5024,1,0.00332647,0.853087,0.149279,5.17167,0.382755,0.779487,True,Clinical VRC01|PVO.4,1200432
1,704_VRC01_Concordance|1200432|sample|11|PVO.4|5024,1,0.00332647,0.907563,0.149279,7.47159,0.382755,0.779487,True,Clinical VRC01|PVO.4,1200432
1,704_VRC01_Concordance|1200432|sample|12|PVO.4|5024,1,0.00332647,0.799864,0.149279,7.07224,0.382755,0.779487,True,Clinical VRC01|PVO.4,1200432
1,704_VRC01_Concordance|1200432|sample|3|PVO.4|5024,1,0.00332647,0.777879,0.149279,8.73345,0.382755,0.779487,True,Clinical VRC01|PVO.4,1200432
1,704_VRC01_Concordance|1200432|sample|4|PVO.4|5024,1,0.00332647,0.839825,0.149279,5.74924,0.382755,0.779487,True,Clinical VRC01|PVO.4,1200432
1,704_VRC01_Concordance|1200432|sample|5|PVO.4|5024,1,0.00332647,0.699015,0.149279,5.03113,0.382755,0.779487,True,Clinical VRC01|PVO.4,1200432
1,704_VRC01_Concordance|1200432|sample|6|PVO.4|5024,1,0.00332647,0.783783,0.149279,5.03051,0.382755,0.779487,True,Clinical VRC01|PVO.4,1200432
1,704_VRC01_Concordance|1200432|sample|7|PVO.4|5024,1,0.00332647,0.890549,0.149279,8.29024,0.382755,0.779487,True,Clinical VRC01|PVO.4,1200432
1,704_VRC01_Concordance|1200432|sample|8|PVO.4|5024,1,0.00332647,0.74632,0.149279,7.13395,0.382755,0.779487,True,Clinical VRC01|PVO.4,1200432
1,704_VRC01_Concordance|1200432|sample|9|PVO.4|5024,1,0.00332647,0.717551,0.149279,5.36243,0.382755,0.779487,True,Clinical VRC01|PVO.4,1200432
1,704_VRC01_Concordance|1200432|vc|1|2|PVO.4|5024,1,0.00332378,1.83646,0.149289,14.3139,0.382755,0.779487,False,nan|PVO.4,1200432
1,704_VRC01_Concordance|1200432|vc|2|2|PVO.4|5024,1,0.00332378,1.66176,0.149289,6.80994,0.382755,0.779487,False,nan|PVO.4,1200432
1,704_VRC01_Concordance|1200432|vc|3|2|PVO.4|5024,1,0.00332378,1.72233,0.149289,2.49785,0.382755,0.779487,False,nan|PVO.4,1200432
1,704_VRC01_Concordance|1200432|vc|4|2|PVO.4|5024,1,0.00332378,1.44726,0.149289,43.1522,0.382755,0.779487,False,nan|PVO.4,1200432
1,704_VRC01_Concordance|1200432|vc|5|2|PVO.4|5024,1,0.00332378,1.72849,0.149289,-16.0912,0.382755,0.779487,False,nan|PVO.4,1200432
1,704_VRC01_Concordance|1200432|vc|6|2|PVO.4|5024,1,0.00332378,1.59009,0.149289,-14.9298,0.382755,0.779487,False,nan|PVO.4,1200432
1,704_VRC01_Concordance|1200432|vc|7|2|PVO.4|5024,1,0.00332378,1.73991,0.149289,-6.63987,0.382755,0.779487,False,nan|PVO.4,1200432
1,704_VRC01_Concordance|1200432|vc|8|2|PVO.4|5024,1,0.00332378,1.74831,0.149289,-24.2825,0.382755,0.779487,False,nan|PVO.4,1200432
