rep,id,U,L,m,e,alpha,k,goes_down,mab_virus,run_id
1,130_bNAb_Combinations|1313842|cc|1|1|nan|2946,1,1.09408e+21,1.68427,5.36127,0.158673,9.83164e-09,False,nan|2946,1313842
1,130_bNAb_Combinations|1313842|cc|2|1|nan|2946,1,2.15411e-15,1.68427,5.36127,0.158673,9.83164e-09,False,nan|2946,1313842
1,130_bNAb_Combinations|1313842|cc|3|1|nan|2946,1,4.34571,1.68427,5.36127,0.158673,9.83164e-09,False,nan|2946,1313842
1,130_bNAb_Combinations|1313842|cc|4|1|nan|2946,1,564238,1.68427,5.36127,0.158673,9.83164e-09,False,nan|2946,1313842
1,130_bNAb_Combinations|1313842|cc|5|1|nan|2946,1,0.00390207,1.68427,5.36127,0.158673,9.83164e-09,False,nan|2946,1313842
1,130_bNAb_Combinations|1313842|cc|6|1|nan|2946,1,3.5256,1.68427,5.36127,0.158673,9.83164e-09,False,nan|2946,1313842
1,130_bNAb_Combinations|1313842|cc|7|1|nan|2946,1,1.09404e-05,1.68427,5.36127,0.158673,9.83164e-09,False,nan|2946,1313842
1,130_bNAb_Combinations|1313842|cc|8|1|nan|2946,1,2.56258e+06,1.68427,5.36127,0.158673,9.83164e-09,False,nan|2946,1313842
1,130_bNAb_Combinations|1313842|sample|10|nan|2946,1,0.00123061,1.06663,5.36209,0.158673,9.83164e-09,True,PGT121|2946,1313842
1,130_bNAb_Combinations|1313842|sample|11|nan|2946,1,0.000270556,0.928173,3.77226,0.158673,9.83164e-09,True,VRC07-523LS|2946,1313842
1,130_bNAb_Combinations|1313842|sample|12|nan|2946,1,0.00370638,0.928173,3.77226,0.158673,9.83164e-09,True,VRC07-523LS|2946,1313842
1,130_bNAb_Combinations|1313842|sample|3|nan|2946,1,1.05084e-06,0.527384,1.90327,0.158673,9.83164e-09,True,PGDM1400|2946,1313842
1,130_bNAb_Combinations|1313842|sample|4|nan|2946,1,0,0.527384,1.90327,0.158673,9.83164e-09,True,PGDM1400|2946,1313842
1,130_bNAb_Combinations|1313842|sample|5|nan|2946,1,0.00196712,0.527384,1.90327,0.158673,9.83164e-09,True,PGDM1400|2946,1313842
1,130_bNAb_Combinations|1313842|sample|6|nan|2946,1,1.50848e-08,0.527384,1.90327,0.158673,9.83164e-09,True,PGDM1400|2946,1313842
1,130_bNAb_Combinations|1313842|sample|7|nan|2946,1,7.92996e-08,1.06663,5.36209,0.158673,9.83164e-09,True,PGT121|2946,1313842
1,130_bNAb_Combinations|1313842|sample|8|nan|2946,1,8.81094e-15,1.06663,5.36209,0.158673,9.83164e-09,True,PGT121|2946,1313842
1,130_bNAb_Combinations|1313842|sample|9|nan|2946,1,0.000185136,1.06663,5.36209,0.158673,9.83164e-09,True,PGT121|2946,1313842
1,130_bNAb_Combinations|1313842|vc|1|2|nan|2946,1,223.849,1.68427,5.36127,0.158673,9.83164e-09,False,nan|2946,1313842
1,130_bNAb_Combinations|1313842|vc|2|2|nan|2946,1,4.19279e-05,1.68427,5.36127,0.158673,9.83164e-09,False,nan|2946,1313842
1,130_bNAb_Combinations|1313842|vc|3|2|nan|2946,1,2.98165e-16,1.68427,5.36127,0.158673,9.83164e-09,False,nan|2946,1313842
1,130_bNAb_Combinations|1313842|vc|4|2|nan|2946,1,0.14461,1.68427,5.36127,0.158673,9.83164e-09,False,nan|2946,1313842
1,130_bNAb_Combinations|1313842|vc|5|2|nan|2946,1,2.85445e-06,1.68427,5.36127,0.158673,9.83164e-09,False,nan|2946,1313842
1,130_bNAb_Combinations|1313842|vc|6|2|nan|2946,1,2.73069e+09,1.68427,5.36127,0.158673,9.83164e-09,False,nan|2946,1313842
1,130_bNAb_Combinations|1313842|vc|7|2|nan|2946,1,132.914,1.68427,5.36127,0.158673,9.83164e-09,False,nan|2946,1313842
1,130_bNAb_Combinations|1313842|vc|8|2|nan|2946,1,1.87277e-07,1.68427,5.36127,0.158673,9.83164e-09,False,nan|2946,1313842
1,130_bNAb_Combinations|1313860|cc|1|1|PVO.4|5024,1,30.6339,0.417873,5.36207,0.158673,9.83406e-09,False,nan|PVO.4,1313860
1,130_bNAb_Combinations|1313860|cc|2|1|PVO.4|5024,1,3.6923e-12,0.417873,5.36207,0.158673,9.83406e-09,False,nan|PVO.4,1313860
1,130_bNAb_Combinations|1313860|cc|3|1|PVO.4|5024,1,372159,0.417873,5.36207,0.158673,9.83406e-09,False,nan|PVO.4,1313860
1,130_bNAb_Combinations|1313860|cc|4|1|PVO.4|5024,1,48.6843,0.417873,5.36207,0.158673,9.83406e-09,False,nan|PVO.4,1313860
1,130_bNAb_Combinations|1313860|cc|5|1|PVO.4|5024,1,0.000226802,0.417873,5.36207,0.158673,9.83406e-09,False,nan|PVO.4,1313860
1,130_bNAb_Combinations|1313860|cc|6|1|PVO.4|5024,1,0.00142408,0.417873,5.36207,0.158673,9.83406e-09,False,nan|PVO.4,1313860
1,130_bNAb_Combinations|1313860|cc|7|1|PVO.4|5024,1,10.5765,0.417873,5.36207,0.158673,9.83406e-09,False,nan|PVO.4,1313860
1,130_bNAb_Combinations|1313860|cc|8|1|PVO.4|5024,1,6216.82,0.417873,5.36207,0.158673,9.83406e-09,False,nan|PVO.4,1313860
1,130_bNAb_Combinations|1313860|sample|10|PVO.4|5024,1,0.00442194,1.82709,5.36206,0.158673,9.83406e-09,True,PGT121|PVO.4,1313860
1,130_bNAb_Combinations|1313860|sample|11|PVO.4|5024,1,3.39032e-10,2.1294,5.36203,0.158673,9.83406e-09,True,VRC07-523LS|PVO.4,1313860
1,130_bNAb_Combinations|1313860|sample|12|PVO.4|5024,1,1.41061e-05,2.1294,5.36203,0.158673,9.83406e-09,True,VRC07-523LS|PVO.4,1313860
1,130_bNAb_Combinations|1313860|sample|3|PVO.4|5024,1,0.0212286,0.53444,5.36206,0.158673,9.83406e-09,True,PGDM1400|PVO.4,1313860
1,130_bNAb_Combinations|1313860|sample|4|PVO.4|5024,1,3.36605e-16,0.53444,5.36206,0.158673,9.83406e-09,True,PGDM1400|PVO.4,1313860
1,130_bNAb_Combinations|1313860|sample|5|PVO.4|5024,1,1.54504e-14,0.53444,5.36206,0.158673,9.83406e-09,True,PGDM1400|PVO.4,1313860
1,130_bNAb_Combinations|1313860|sample|6|PVO.4|5024,1,0,0.53444,5.36206,0.158673,9.83406e-09,True,PGDM1400|PVO.4,1313860
1,130_bNAb_Combinations|1313860|sample|7|PVO.4|5024,1,1.44622e-09,1.82709,5.36206,0.158673,9.83406e-09,True,PGT121|PVO.4,1313860
1,130_bNAb_Combinations|1313860|sample|8|PVO.4|5024,1,1.76657e-10,1.82709,5.36206,0.158673,9.83406e-09,True,PGT121|PVO.4,1313860
1,130_bNAb_Combinations|1313860|sample|9|PVO.4|5024,1,9.67083e-16,1.82709,5.36206,0.158673,9.83406e-09,True,PGT121|PVO.4,1313860
1,130_bNAb_Combinations|1313860|vc|1|2|PVO.4|5024,1,9.97713e-07,0.417873,5.36207,0.158673,9.83406e-09,False,nan|PVO.4,1313860
1,130_bNAb_Combinations|1313860|vc|2|2|PVO.4|5024,1,0,0.417873,5.36207,0.158673,9.83406e-09,False,nan|PVO.4,1313860
1,130_bNAb_Combinations|1313860|vc|3|2|PVO.4|5024,1,2.89434e+07,0.417873,5.36207,0.158673,9.83406e-09,False,nan|PVO.4,1313860
1,130_bNAb_Combinations|1313860|vc|4|2|PVO.4|5024,1,0.0534362,0.417873,5.36207,0.158673,9.83406e-09,False,nan|PVO.4,1313860
1,130_bNAb_Combinations|1313860|vc|5|2|PVO.4|5024,1,1.01079e-05,0.417873,5.36207,0.158673,9.83406e-09,False,nan|PVO.4,1313860
1,130_bNAb_Combinations|1313860|vc|6|2|PVO.4|5024,1,2.89059e-05,0.417873,5.36207,0.158673,9.83406e-09,False,nan|PVO.4,1313860
1,130_bNAb_Combinations|1313860|vc|7|2|PVO.4|5024,1,2.7693e+09,0.417873,5.36207,0.158673,9.83406e-09,False,nan|PVO.4,1313860
1,130_bNAb_Combinations|1313860|vc|8|2|PVO.4|5024,1,1.0798e-05,0.417873,5.36207,0.158673,9.83406e-09,False,nan|PVO.4,1313860
1,130_bNAb_Combinations|1313884|cc|1|1|nan|4168,1,0,0.321955,5.36207,0.158673,9.83354e-09,False,nan|4168,1313884
1,130_bNAb_Combinations|1313884|cc|2|1|nan|4168,1,4.51127e-10,0.321955,5.36207,0.158673,9.83354e-09,False,nan|4168,1313884
1,130_bNAb_Combinations|1313884|cc|3|1|nan|4168,1,3.17366e-14,0.321955,5.36207,0.158673,9.83354e-09,False,nan|4168,1313884
1,130_bNAb_Combinations|1313884|cc|4|1|nan|4168,1,1.19831e-07,0.321955,5.36207,0.158673,9.83354e-09,False,nan|4168,1313884
1,130_bNAb_Combinations|1313884|cc|5|1|nan|4168,1,0.125616,0.321955,5.36207,0.158673,9.83354e-09,False,nan|4168,1313884
1,130_bNAb_Combinations|1313884|cc|6|1|nan|4168,1,5.30401e-11,0.321955,5.36207,0.158673,9.83354e-09,False,nan|4168,1313884
1,130_bNAb_Combinations|1313884|cc|7|1|nan|4168,1,0.00170973,0.321955,5.36207,0.158673,9.83354e-09,False,nan|4168,1313884
1,130_bNAb_Combinations|1313884|cc|8|1|nan|4168,1,1.70991e+16,0.321955,5.36207,0.158673,9.83354e-09,False,nan|4168,1313884
1,130_bNAb_Combinations|1313884|sample|10|nan|4168,1,5.61032e-08,0.582707,5.36205,0.158673,9.83354e-09,True,PGT121|4168,1313884
1,130_bNAb_Combinations|1313884|sample|11|nan|4168,1,1.46958e-08,1.20515,5.36193,0.158673,9.83354e-09,True,VRC07-523LS|4168,1313884
1,130_bNAb_Combinations|1313884|sample|12|nan|4168,1,0.000817905,1.20515,5.36193,0.158673,9.83354e-09,True,VRC07-523LS|4168,1313884
1,130_bNAb_Combinations|1313884|sample|3|nan|4168,1,0.793601,0.26174,0.0439336,0.158673,9.83354e-09,True,PGDM1400|4168,1313884
1,130_bNAb_Combinations|1313884|sample|4|nan|4168,1,1.22498e-12,0.26174,0.0439336,0.158673,9.83354e-09,True,PGDM1400|4168,1313884
1,130_bNAb_Combinations|1313884|sample|5|nan|4168,1,4.86087e-11,0.26174,0.0439336,0.158673,9.83354e-09,True,PGDM1400|4168,1313884
1,130_bNAb_Combinations|1313884|sample|6|nan|4168,1,1.96355e-06,0.26174,0.0439336,0.158673,9.83354e-09,True,PGDM1400|4168,1313884
1,130_bNAb_Combinations|1313884|sample|7|nan|4168,1,0.00312086,0.582707,5.36205,0.158673,9.83354e-09,True,PGT121|4168,1313884
1,130_bNAb_Combinations|1313884|sample|8|nan|4168,1,5.27968e-13,0.582707,5.36205,0.158673,9.83354e-09,True,PGT121|4168,1313884
1,130_bNAb_Combinations|1313884|sample|9|nan|4168,1,0.000187685,0.582707,5.36205,0.158673,9.83354e-09,True,PGT121|4168,1313884
1,130_bNAb_Combinations|1313884|vc|1|2|nan|4168,1,37102,0.321955,5.36207,0.158673,9.83354e-09,False,nan|4168,1313884
1,130_bNAb_Combinations|1313884|vc|2|2|nan|4168,1,2.95831e-05,0.321955,5.36207,0.158673,9.83354e-09,False,nan|4168,1313884
1,130_bNAb_Combinations|1313884|vc|3|2|nan|4168,1,40.7128,0.321955,5.36207,0.158673,9.83354e-09,False,nan|4168,1313884
1,130_bNAb_Combinations|1313884|vc|4|2|nan|4168,1,0.00916247,0.321955,5.36207,0.158673,9.83354e-09,False,nan|4168,1313884
1,130_bNAb_Combinations|1313884|vc|5|2|nan|4168,1,39842.7,0.321955,5.36207,0.158673,9.83354e-09,False,nan|4168,1313884
1,130_bNAb_Combinations|1313884|vc|6|2|nan|4168,1,0.0612388,0.321955,5.36207,0.158673,9.83354e-09,False,nan|4168,1313884
1,130_bNAb_Combinations|1313884|vc|7|2|nan|4168,1,61.3997,0.321955,5.36207,0.158673,9.83354e-09,False,nan|4168,1313884
1,130_bNAb_Combinations|1313884|vc|8|2|nan|4168,1,8.57129,0.321955,5.36207,0.158673,9.83354e-09,False,nan|4168,1313884
1,130_bNAb_Combinations|1313920|cc|1|1|nan|1798,1,314999,0.657506,5.36142,0.158673,9.8337e-09,False,nan|1798,1313920
1,130_bNAb_Combinations|1313920|cc|2|1|nan|1798,1,8.04458e-08,0.657506,5.36142,0.158673,9.8337e-09,False,nan|1798,1313920
1,130_bNAb_Combinations|1313920|cc|3|1|nan|1798,1,1.45813e-10,0.657506,5.36142,0.158673,9.8337e-09,False,nan|1798,1313920
1,130_bNAb_Combinations|1313920|cc|4|1|nan|1798,1,6.79791e+10,0.657506,5.36142,0.158673,9.8337e-09,False,nan|1798,1313920
1,130_bNAb_Combinations|1313920|cc|5|1|nan|1798,1,1.37791e-11,0.657506,5.36142,0.158673,9.8337e-09,False,nan|1798,1313920
1,130_bNAb_Combinations|1313920|cc|6|1|nan|1798,1,9.52083e-09,0.657506,5.36142,0.158673,9.8337e-09,False,nan|1798,1313920
1,130_bNAb_Combinations|1313920|cc|7|1|nan|1798,1,5.30443e-07,0.657506,5.36142,0.158673,9.8337e-09,False,nan|1798,1313920
1,130_bNAb_Combinations|1313920|cc|8|1|nan|1798,1,5.95155e+07,0.657506,5.36142,0.158673,9.8337e-09,False,nan|1798,1313920
1,130_bNAb_Combinations|1313920|sample|10|nan|1798,1,0.000252407,8.58896,5.36218,0.158673,9.8337e-09,True,PGT121|1798,1313920
1,130_bNAb_Combinations|1313920|sample|11|nan|1798,1,3.87515e-13,1.19145,3.9138,0.158673,9.8337e-09,True,VRC07-523LS|1798,1313920
1,130_bNAb_Combinations|1313920|sample|12|nan|1798,1,0.00039739,1.19145,3.9138,0.158673,9.8337e-09,True,VRC07-523LS|1798,1313920
1,130_bNAb_Combinations|1313920|sample|3|nan|1798,1,4.28921e-10,0.504529,5.36203,0.158673,9.8337e-09,True,PGDM1400|1798,1313920
1,130_bNAb_Combinations|1313920|sample|4|nan|1798,1,8.70025e-14,0.504529,5.36203,0.158673,9.8337e-09,True,PGDM1400|1798,1313920
1,130_bNAb_Combinations|1313920|sample|5|nan|1798,1,2.68866e-11,0.504529,5.36203,0.158673,9.8337e-09,True,PGDM1400|1798,1313920
1,130_bNAb_Combinations|1313920|sample|6|nan|1798,1,1.77334e-07,0.504529,5.36203,0.158673,9.8337e-09,True,PGDM1400|1798,1313920
1,130_bNAb_Combinations|1313920|sample|7|nan|1798,1,3.83088e-15,8.58896,5.36218,0.158673,9.8337e-09,True,PGT121|1798,1313920
1,130_bNAb_Combinations|1313920|sample|8|nan|1798,1,0.00441685,8.58896,5.36218,0.158673,9.8337e-09,True,PGT121|1798,1313920
1,130_bNAb_Combinations|1313920|sample|9|nan|1798,1,5.49606e-10,8.58896,5.36218,0.158673,9.8337e-09,True,PGT121|1798,1313920
1,130_bNAb_Combinations|1313920|vc|1|2|nan|1798,1,4.09754e-09,0.657506,5.36142,0.158673,9.8337e-09,False,nan|1798,1313920
1,130_bNAb_Combinations|1313920|vc|2|2|nan|1798,1,988.306,0.657506,5.36142,0.158673,9.8337e-09,False,nan|1798,1313920
1,130_bNAb_Combinations|1313920|vc|3|2|nan|1798,1,0.000149332,0.657506,5.36142,0.158673,9.8337e-09,False,nan|1798,1313920
1,130_bNAb_Combinations|1313920|vc|4|2|nan|1798,1,6.06234e-09,0.657506,5.36142,0.158673,9.8337e-09,False,nan|1798,1313920
1,130_bNAb_Combinations|1313920|vc|5|2|nan|1798,1,0.0532981,0.657506,5.36142,0.158673,9.8337e-09,False,nan|1798,1313920
1,130_bNAb_Combinations|1313920|vc|6|2|nan|1798,1,21725,0.657506,5.36142,0.158673,9.8337e-09,False,nan|1798,1313920
1,130_bNAb_Combinations|1313920|vc|7|2|nan|1798,1,696497,0.657506,5.36142,0.158673,9.8337e-09,False,nan|1798,1313920
1,130_bNAb_Combinations|1313920|vc|8|2|nan|1798,1,0.000162619,0.657506,5.36142,0.158673,9.8337e-09,False,nan|1798,1313920
1,130_bNAb_Combinations|1313938|cc|1|1|TRO.11|8301,1,1.16877e-05,0.377623,5.36638,0.188815,9.83383e-09,False,nan|TRO.11,1313938
1,130_bNAb_Combinations|1313938|cc|2|1|TRO.11|8301,1,178586,0.377623,5.36638,0.188815,9.83383e-09,False,nan|TRO.11,1313938
1,130_bNAb_Combinations|1313938|cc|3|1|TRO.11|8301,1,8.28041e-09,0.377623,5.36638,0.188815,9.83383e-09,False,nan|TRO.11,1313938
1,130_bNAb_Combinations|1313938|cc|4|1|TRO.11|8301,1,2487.95,0.377623,5.36638,0.188815,9.83383e-09,False,nan|TRO.11,1313938
1,130_bNAb_Combinations|1313938|cc|5|1|TRO.11|8301,1,0.000841662,0.377623,5.36638,0.188815,9.83383e-09,False,nan|TRO.11,1313938
1,130_bNAb_Combinations|1313938|cc|6|1|TRO.11|8301,1,0.150834,0.377623,5.36638,0.188815,9.83383e-09,False,nan|TRO.11,1313938
1,130_bNAb_Combinations|1313938|cc|7|1|TRO.11|8301,1,2.42941e-09,0.377623,5.36638,0.188815,9.83383e-09,False,nan|TRO.11,1313938
1,130_bNAb_Combinations|1313938|cc|8|1|TRO.11|8301,1,0.00248222,0.377623,5.36638,0.188815,9.83383e-09,False,nan|TRO.11,1313938
1,130_bNAb_Combinations|1313938|sample|10|TRO.11|8301,1,0.000106591,19.4864,5.36204,0.188815,9.83383e-09,True,PGT121|TRO.11,1313938
1,130_bNAb_Combinations|1313938|sample|11|TRO.11|8301,1,9.57163e-14,2.42402,5.94479,0.188815,9.83383e-09,True,VRC07-523LS|TRO.11,1313938
1,130_bNAb_Combinations|1313938|sample|12|TRO.11|8301,1,0,2.42402,5.94479,0.188815,9.83383e-09,True,VRC07-523LS|TRO.11,1313938
1,130_bNAb_Combinations|1313938|sample|3|TRO.11|8301,1,4.52159e-12,0.823804,3.38293,0.188815,9.83383e-09,True,PGDM1400|TRO.11,1313938
1,130_bNAb_Combinations|1313938|sample|4|TRO.11|8301,1,1.85454e-15,0.823804,3.38293,0.188815,9.83383e-09,True,PGDM1400|TRO.11,1313938
1,130_bNAb_Combinations|1313938|sample|5|TRO.11|8301,1,5.32412e-12,0.823804,3.38293,0.188815,9.83383e-09,True,PGDM1400|TRO.11,1313938
1,130_bNAb_Combinations|1313938|sample|6|TRO.11|8301,1,2.15596e-14,0.823804,3.38293,0.188815,9.83383e-09,True,PGDM1400|TRO.11,1313938
1,130_bNAb_Combinations|1313938|sample|7|TRO.11|8301,1,0,19.4864,5.36204,0.188815,9.83383e-09,True,PGT121|TRO.11,1313938
1,130_bNAb_Combinations|1313938|sample|8|TRO.11|8301,1,3.0325e-08,19.4864,5.36204,0.188815,9.83383e-09,True,PGT121|TRO.11,1313938
1,130_bNAb_Combinations|1313938|sample|9|TRO.11|8301,1,8.67722e-06,19.4864,5.36204,0.188815,9.83383e-09,True,PGT121|TRO.11,1313938
1,130_bNAb_Combinations|1313938|vc|1|2|TRO.11|8301,1,2.58053e-14,0.377623,5.36638,0.188815,9.83383e-09,False,nan|TRO.11,1313938
1,130_bNAb_Combinations|1313938|vc|2|2|TRO.11|8301,1,3.50342e-08,0.377623,5.36638,0.188815,9.83383e-09,False,nan|TRO.11,1313938
1,130_bNAb_Combinations|1313938|vc|3|2|TRO.11|8301,1,10.2398,0.377623,5.36638,0.188815,9.83383e-09,False,nan|TRO.11,1313938
1,130_bNAb_Combinations|1313938|vc|4|2|TRO.11|8301,1,0.000521747,0.377623,5.36638,0.188815,9.83383e-09,False,nan|TRO.11,1313938
1,130_bNAb_Combinations|1313938|vc|5|2|TRO.11|8301,1,2.15762e-05,0.377623,5.36638,0.188815,9.83383e-09,False,nan|TRO.11,1313938
1,130_bNAb_Combinations|1313938|vc|6|2|TRO.11|8301,1,2363.73,0.377623,5.36638,0.188815,9.83383e-09,False,nan|TRO.11,1313938
1,130_bNAb_Combinations|1313938|vc|7|2|TRO.11|8301,1,2.11621e-15,0.377623,5.36638,0.188815,9.83383e-09,False,nan|TRO.11,1313938
1,130_bNAb_Combinations|1313938|vc|8|2|TRO.11|8301,1,1.64442e+15,0.377623,5.36638,0.188815,9.83383e-09,False,nan|TRO.11,1313938
1,130_bNAb_Combinations|1313956|cc|1|1|Ce1176_A3|7023,1,0.00275732,4.80182,5.36207,0.158683,9.83349e-09,False,nan|Ce1176_A3,1313956
1,130_bNAb_Combinations|1313956|cc|2|1|Ce1176_A3|7023,1,1.62304e-09,4.80182,5.36207,0.158683,9.83349e-09,False,nan|Ce1176_A3,1313956
1,130_bNAb_Combinations|1313956|cc|3|1|Ce1176_A3|7023,1,44.0918,4.80182,5.36207,0.158683,9.83349e-09,False,nan|Ce1176_A3,1313956
1,130_bNAb_Combinations|1313956|cc|4|1|Ce1176_A3|7023,1,490623,4.80182,5.36207,0.158683,9.83349e-09,False,nan|Ce1176_A3,1313956
1,130_bNAb_Combinations|1313956|cc|5|1|Ce1176_A3|7023,1,2.57919e-05,4.80182,5.36207,0.158683,9.83349e-09,False,nan|Ce1176_A3,1313956
1,130_bNAb_Combinations|1313956|cc|6|1|Ce1176_A3|7023,1,3.54202e-13,4.80182,5.36207,0.158683,9.83349e-09,False,nan|Ce1176_A3,1313956
1,130_bNAb_Combinations|1313956|cc|7|1|Ce1176_A3|7023,1,1.74629e+15,4.80182,5.36207,0.158683,9.83349e-09,False,nan|Ce1176_A3,1313956
1,130_bNAb_Combinations|1313956|cc|8|1|Ce1176_A3|7023,1,755.308,4.80182,5.36207,0.158683,9.83349e-09,False,nan|Ce1176_A3,1313956
1,130_bNAb_Combinations|1313956|sample|10|Ce1176_A3|7023,1,0,2.04697,38.4306,0.158683,9.83349e-09,True,PGT121|Ce1176_A3,1313956
1,130_bNAb_Combinations|1313956|sample|11|Ce1176_A3|7023,1,0,1.35528,5.36207,0.158683,9.83349e-09,True,VRC07-523LS|Ce1176_A3,1313956
1,130_bNAb_Combinations|1313956|sample|12|Ce1176_A3|7023,1,4.14729e-11,1.35528,5.36207,0.158683,9.83349e-09,True,VRC07-523LS|Ce1176_A3,1313956
1,130_bNAb_Combinations|1313956|sample|3|Ce1176_A3|7023,1,3.90596e-14,0.352447,5.36201,0.158683,9.83349e-09,True,PGDM1400|Ce1176_A3,1313956
1,130_bNAb_Combinations|1313956|sample|4|Ce1176_A3|7023,1,5.46204e-13,0.352447,5.36201,0.158683,9.83349e-09,True,PGDM1400|Ce1176_A3,1313956
1,130_bNAb_Combinations|1313956|sample|5|Ce1176_A3|7023,1,9.71451e-15,0.352447,5.36201,0.158683,9.83349e-09,True,PGDM1400|Ce1176_A3,1313956
1,130_bNAb_Combinations|1313956|sample|6|Ce1176_A3|7023,1,0,0.352447,5.36201,0.158683,9.83349e-09,True,PGDM1400|Ce1176_A3,1313956
1,130_bNAb_Combinations|1313956|sample|7|Ce1176_A3|7023,1,0.000132821,2.04697,38.4306,0.158683,9.83349e-09,True,PGT121|Ce1176_A3,1313956
1,130_bNAb_Combinations|1313956|sample|8|Ce1176_A3|7023,1,0,2.04697,38.4306,0.158683,9.83349e-09,True,PGT121|Ce1176_A3,1313956
1,130_bNAb_Combinations|1313956|sample|9|Ce1176_A3|7023,1,1.00063e-07,2.04697,38.4306,0.158683,9.83349e-09,True,PGT121|Ce1176_A3,1313956
1,130_bNAb_Combinations|1313956|vc|1|2|Ce1176_A3|7023,1,9.05489e-09,4.80182,5.36207,0.158683,9.83349e-09,False,nan|Ce1176_A3,1313956
1,130_bNAb_Combinations|1313956|vc|2|2|Ce1176_A3|7023,1,8.74606e-10,4.80182,5.36207,0.158683,9.83349e-09,False,nan|Ce1176_A3,1313956
1,130_bNAb_Combinations|1313956|vc|3|2|Ce1176_A3|7023,1,0.181917,4.80182,5.36207,0.158683,9.83349e-09,False,nan|Ce1176_A3,1313956
1,130_bNAb_Combinations|1313956|vc|4|2|Ce1176_A3|7023,1,0.00339832,4.80182,5.36207,0.158683,9.83349e-09,False,nan|Ce1176_A3,1313956
1,130_bNAb_Combinations|1313956|vc|5|2|Ce1176_A3|7023,1,1.67725e-13,4.80182,5.36207,0.158683,9.83349e-09,False,nan|Ce1176_A3,1313956
1,130_bNAb_Combinations|1313956|vc|6|2|Ce1176_A3|7023,1,5.02298e-06,4.80182,5.36207,0.158683,9.83349e-09,False,nan|Ce1176_A3,1313956
1,130_bNAb_Combinations|1313956|vc|7|2|Ce1176_A3|7023,1,0.0211533,4.80182,5.36207,0.158683,9.83349e-09,False,nan|Ce1176_A3,1313956
1,130_bNAb_Combinations|1313956|vc|8|2|Ce1176_A3|7023,1,1.00633e+08,4.80182,5.36207,0.158683,9.83349e-09,False,nan|Ce1176_A3,1313956
1,130_bNAb_Combinations|1313974|cc|1|1|nan|1176,1,0.0515504,0.878473,5.36199,0.158673,9.83386e-09,False,nan|1176,1313974
1,130_bNAb_Combinations|1313974|cc|2|1|nan|1176,1,3845.15,0.878473,5.36199,0.158673,9.83386e-09,False,nan|1176,1313974
1,130_bNAb_Combinations|1313974|cc|3|1|nan|1176,1,1.76514e-05,0.878473,5.36199,0.158673,9.83386e-09,False,nan|1176,1313974
1,130_bNAb_Combinations|1313974|cc|4|1|nan|1176,1,2.86299e-06,0.878473,5.36199,0.158673,9.83386e-09,False,nan|1176,1313974
1,130_bNAb_Combinations|1313974|cc|5|1|nan|1176,1,1.50415,0.878473,5.36199,0.158673,9.83386e-09,False,nan|1176,1313974
1,130_bNAb_Combinations|1313974|cc|6|1|nan|1176,1,9.39016e+10,0.878473,5.36199,0.158673,9.83386e-09,False,nan|1176,1313974
1,130_bNAb_Combinations|1313974|cc|7|1|nan|1176,1,7.79056e-08,0.878473,5.36199,0.158673,9.83386e-09,False,nan|1176,1313974
1,130_bNAb_Combinations|1313974|cc|8|1|nan|1176,1,1.10037e+09,0.878473,5.36199,0.158673,9.83386e-09,False,nan|1176,1313974
1,130_bNAb_Combinations|1313974|sample|10|nan|1176,1,1.85187e-09,0.429926,5.36202,0.158673,9.83386e-09,True,PGT121|1176,1313974
1,130_bNAb_Combinations|1313974|sample|11|nan|1176,1,3.76957e-06,1.14201,5.36203,0.158673,9.83386e-09,True,VRC07-523LS|1176,1313974
1,130_bNAb_Combinations|1313974|sample|12|nan|1176,1,5.70808e-11,1.14201,5.36203,0.158673,9.83386e-09,True,VRC07-523LS|1176,1313974
1,130_bNAb_Combinations|1313974|sample|3|nan|1176,1,2.62485e-08,0.985763,5.36202,0.158673,9.83386e-09,True,PGDM1400|1176,1313974
1,130_bNAb_Combinations|1313974|sample|4|nan|1176,1,7.09549e-08,0.985764,5.36202,0.158673,9.83386e-09,True,PGDM1400|1176,1313974
1,130_bNAb_Combinations|1313974|sample|5|nan|1176,1,0.00122296,0.985763,5.36202,0.158673,9.83386e-09,True,PGDM1400|1176,1313974
1,130_bNAb_Combinations|1313974|sample|6|nan|1176,1,3.56098e-16,0.985764,5.36202,0.158673,9.83386e-09,True,PGDM1400|1176,1313974
1,130_bNAb_Combinations|1313974|sample|7|nan|1176,1,0.0870118,0.429926,5.36202,0.158673,9.83386e-09,True,PGT121|1176,1313974
1,130_bNAb_Combinations|1313974|sample|8|nan|1176,1,0.184058,0.429926,5.36202,0.158673,9.83386e-09,True,PGT121|1176,1313974
1,130_bNAb_Combinations|1313974|sample|9|nan|1176,1,1.61018e-07,0.429926,5.36202,0.158673,9.83386e-09,True,PGT121|1176,1313974
1,130_bNAb_Combinations|1313974|vc|1|2|nan|1176,1,6.57784e-07,0.878473,5.36199,0.158673,9.83386e-09,False,nan|1176,1313974
1,130_bNAb_Combinations|1313974|vc|2|2|nan|1176,1,1.70169e-06,0.878473,5.36199,0.158673,9.83386e-09,False,nan|1176,1313974
1,130_bNAb_Combinations|1313974|vc|3|2|nan|1176,1,9.57852e+06,0.878473,5.36199,0.158673,9.83386e-09,False,nan|1176,1313974
1,130_bNAb_Combinations|1313974|vc|4|2|nan|1176,1,3.12545e-13,0.878473,5.36199,0.158673,9.83386e-09,False,nan|1176,1313974
1,130_bNAb_Combinations|1313974|vc|5|2|nan|1176,1,3.29792e-08,0.878473,5.36199,0.158673,9.83386e-09,False,nan|1176,1313974
1,130_bNAb_Combinations|1313974|vc|6|2|nan|1176,1,0.00961176,0.878473,5.36199,0.158673,9.83386e-09,False,nan|1176,1313974
1,130_bNAb_Combinations|1313974|vc|7|2|nan|1176,1,0.0744452,0.878473,5.36199,0.158673,9.83386e-09,False,nan|1176,1313974
1,130_bNAb_Combinations|1313974|vc|8|2|nan|1176,1,3.83553e+06,0.878473,5.36199,0.158673,9.83386e-09,False,nan|1176,1313974
1,130_bNAb_Combinations|1313992|cc|1|1|RHPA4259.7|5371,1,17.4183,0.515979,5.36207,0.158674,9.83374e-09,False,nan|RHPA4259.7,1313992
1,130_bNAb_Combinations|1313992|cc|2|1|RHPA4259.7|5371,1,3.43228e-05,0.515979,5.36207,0.158674,9.83374e-09,False,nan|RHPA4259.7,1313992
1,130_bNAb_Combinations|1313992|cc|3|1|RHPA4259.7|5371,1,2.28845e+15,0.515979,5.36207,0.158674,9.83374e-09,False,nan|RHPA4259.7,1313992
1,130_bNAb_Combinations|1313992|cc|4|1|RHPA4259.7|5371,1,1.2118e-11,0.515979,5.36207,0.158674,9.83374e-09,False,nan|RHPA4259.7,1313992
1,130_bNAb_Combinations|1313992|cc|5|1|RHPA4259.7|5371,1,4.81306e+19,0.515979,5.36207,0.158674,9.83374e-09,False,nan|RHPA4259.7,1313992
1,130_bNAb_Combinations|1313992|cc|6|1|RHPA4259.7|5371,1,3.77279e-06,0.515979,5.36207,0.158674,9.83374e-09,False,nan|RHPA4259.7,1313992
1,130_bNAb_Combinations|1313992|cc|7|1|RHPA4259.7|5371,1,0,0.515979,5.36207,0.158674,9.83374e-09,False,nan|RHPA4259.7,1313992
1,130_bNAb_Combinations|1313992|cc|8|1|RHPA4259.7|5371,1,8.72759e-09,0.515979,5.36207,0.158674,9.83374e-09,False,nan|RHPA4259.7,1313992
1,130_bNAb_Combinations|1313992|sample|10|RHPA4259.7|5371,1,0.00270234,16.3763,5.41955,0.158674,9.83374e-09,True,PGT121|RHPA4259.7,1313992
1,130_bNAb_Combinations|1313992|sample|11|RHPA4259.7|5371,1,1.25252e-05,19.8152,5.36207,0.158674,9.83374e-09,True,VRC07-523LS|RHPA4259.7,1313992
1,130_bNAb_Combinations|1313992|sample|12|RHPA4259.7|5371,1,2.29438e-06,19.8152,5.36207,0.158674,9.83374e-09,True,VRC07-523LS|RHPA4259.7,1313992
1,130_bNAb_Combinations|1313992|sample|3|RHPA4259.7|5371,1,0.0282691,1.0595,5.36207,0.158674,9.83374e-09,True,PGDM1400|RHPA4259.7,1313992
1,130_bNAb_Combinations|1313992|sample|4|RHPA4259.7|5371,1,3.61187e-07,1.0595,5.36207,0.158674,9.83374e-09,True,PGDM1400|RHPA4259.7,1313992
1,130_bNAb_Combinations|1313992|sample|5|RHPA4259.7|5371,1,0,1.0595,5.36207,0.158674,9.83374e-09,True,PGDM1400|RHPA4259.7,1313992
1,130_bNAb_Combinations|1313992|sample|6|RHPA4259.7|5371,1,1.27868e-05,1.0595,5.36207,0.158674,9.83374e-09,True,PGDM1400|RHPA4259.7,1313992
1,130_bNAb_Combinations|1313992|sample|7|RHPA4259.7|5371,1,1.68375e-08,16.3763,5.41955,0.158674,9.83374e-09,True,PGT121|RHPA4259.7,1313992
1,130_bNAb_Combinations|1313992|sample|8|RHPA4259.7|5371,1,0.000204923,16.3763,5.41955,0.158674,9.83374e-09,True,PGT121|RHPA4259.7,1313992
1,130_bNAb_Combinations|1313992|sample|9|RHPA4259.7|5371,1,0,16.3763,5.41955,0.158674,9.83374e-09,True,PGT121|RHPA4259.7,1313992
1,130_bNAb_Combinations|1313992|vc|1|2|RHPA4259.7|5371,1,4.38284,0.515979,5.36207,0.158674,9.83374e-09,False,nan|RHPA4259.7,1313992
1,130_bNAb_Combinations|1313992|vc|2|2|RHPA4259.7|5371,1,0.0110532,0.515979,5.36207,0.158674,9.83374e-09,False,nan|RHPA4259.7,1313992
1,130_bNAb_Combinations|1313992|vc|3|2|RHPA4259.7|5371,1,1.57296e-06,0.515979,5.36207,0.158674,9.83374e-09,False,nan|RHPA4259.7,1313992
1,130_bNAb_Combinations|1313992|vc|4|2|RHPA4259.7|5371,1,6.11771e-12,0.515979,5.36207,0.158674,9.83374e-09,False,nan|RHPA4259.7,1313992
1,130_bNAb_Combinations|1313992|vc|5|2|RHPA4259.7|5371,1,38.1754,0.515979,5.36207,0.158674,9.83374e-09,False,nan|RHPA4259.7,1313992
1,130_bNAb_Combinations|1313992|vc|6|2|RHPA4259.7|5371,1,10674.3,0.515979,5.36207,0.158674,9.83374e-09,False,nan|RHPA4259.7,1313992
1,130_bNAb_Combinations|1313992|vc|7|2|RHPA4259.7|5371,1,1.17226e-08,0.515979,5.36207,0.158674,9.83374e-09,False,nan|RHPA4259.7,1313992
1,130_bNAb_Combinations|1313992|vc|8|2|RHPA4259.7|5371,1,6.84493e-06,0.515979,5.36207,0.158674,9.83374e-09,False,nan|RHPA4259.7,1313992
1,130_bNAb_Combinations|1314016|cc|1|1|nan|3430,1,0,0.908066,5.36198,0.158673,9.8338e-09,False,nan|3430,1314016
1,130_bNAb_Combinations|1314016|cc|2|1|nan|3430,1,2.98237e-05,0.908066,5.36198,0.158673,9.8338e-09,False,nan|3430,1314016
1,130_bNAb_Combinations|1314016|cc|3|1|nan|3430,1,2.16353e+06,0.908066,5.36198,0.158673,9.8338e-09,False,nan|3430,1314016
1,130_bNAb_Combinations|1314016|cc|4|1|nan|3430,1,6.39879e-08,0.908066,5.36198,0.158673,9.8338e-09,False,nan|3430,1314016
1,130_bNAb_Combinations|1314016|cc|5|1|nan|3430,1,0.00080682,0.908066,5.36198,0.158673,9.8338e-09,False,nan|3430,1314016
1,130_bNAb_Combinations|1314016|cc|6|1|nan|3430,1,1.37433e-15,0.908066,5.36198,0.158673,9.8338e-09,False,nan|3430,1314016
1,130_bNAb_Combinations|1314016|cc|7|1|nan|3430,1,7.70114e-14,0.908066,5.36198,0.158673,9.8338e-09,False,nan|3430,1314016
1,130_bNAb_Combinations|1314016|cc|8|1|nan|3430,1,1.11969e-05,0.908066,5.36198,0.158673,9.8338e-09,False,nan|3430,1314016
1,130_bNAb_Combinations|1314016|sample|10|nan|3430,1,1.5328e-09,0.823458,36.8512,0.158673,9.8338e-09,True,PGT121|3430,1314016
1,130_bNAb_Combinations|1314016|sample|11|nan|3430,1,2.06676e-06,3.62603,5.36215,0.158673,9.8338e-09,True,VRC07-523LS|3430,1314016
1,130_bNAb_Combinations|1314016|sample|12|nan|3430,1,4.32976e-13,3.62603,5.36215,0.158673,9.8338e-09,True,VRC07-523LS|3430,1314016
1,130_bNAb_Combinations|1314016|sample|3|nan|3430,1,0.00830558,1.28143,371.673,0.158673,9.8338e-09,True,PGDM1400|3430,1314016
1,130_bNAb_Combinations|1314016|sample|4|nan|3430,1,0.0100264,1.28143,371.673,0.158673,9.8338e-09,True,PGDM1400|3430,1314016
1,130_bNAb_Combinations|1314016|sample|5|nan|3430,1,0.0117852,1.28143,371.673,0.158673,9.8338e-09,True,PGDM1400|3430,1314016
1,130_bNAb_Combinations|1314016|sample|6|nan|3430,1,0.0124151,1.28143,371.673,0.158673,9.8338e-09,True,PGDM1400|3430,1314016
1,130_bNAb_Combinations|1314016|sample|7|nan|3430,1,3.39634e-07,0.823458,36.8512,0.158673,9.8338e-09,True,PGT121|3430,1314016
1,130_bNAb_Combinations|1314016|sample|8|nan|3430,1,5.96685e-05,0.823458,36.8512,0.158673,9.8338e-09,True,PGT121|3430,1314016
1,130_bNAb_Combinations|1314016|sample|9|nan|3430,1,2.94651e-06,0.823458,36.8512,0.158673,9.8338e-09,True,PGT121|3430,1314016
1,130_bNAb_Combinations|1314016|vc|1|2|nan|3430,1,735.776,0.908066,5.36198,0.158673,9.8338e-09,False,nan|3430,1314016
1,130_bNAb_Combinations|1314016|vc|2|2|nan|3430,1,1.45284,0.908066,5.36198,0.158673,9.8338e-09,False,nan|3430,1314016
1,130_bNAb_Combinations|1314016|vc|3|2|nan|3430,1,934880,0.908066,5.36198,0.158673,9.8338e-09,False,nan|3430,1314016
1,130_bNAb_Combinations|1314016|vc|4|2|nan|3430,1,1.15768e+07,0.908066,5.36198,0.158673,9.8338e-09,False,nan|3430,1314016
1,130_bNAb_Combinations|1314016|vc|5|2|nan|3430,1,4.0534,0.908066,5.36198,0.158673,9.8338e-09,False,nan|3430,1314016
1,130_bNAb_Combinations|1314016|vc|6|2|nan|3430,1,12.3106,0.908066,5.36198,0.158673,9.8338e-09,False,nan|3430,1314016
1,130_bNAb_Combinations|1314016|vc|7|2|nan|3430,1,1.66804e-11,0.908066,5.36198,0.158673,9.8338e-09,False,nan|3430,1314016
1,130_bNAb_Combinations|1314016|vc|8|2|nan|3430,1,23.4878,0.908066,5.36198,0.158673,9.8338e-09,False,nan|3430,1314016
1,130_bNAb_Combinations|1314040|cc|1|1|nan|4166,1,52.8747,0.308704,5.36205,0.158673,9.83024e-09,False,nan|4166,1314040
1,130_bNAb_Combinations|1314040|cc|2|1|nan|4166,1,14.5842,0.308704,5.36205,0.158673,9.83024e-09,False,nan|4166,1314040
1,130_bNAb_Combinations|1314040|cc|3|1|nan|4166,1,2.28046e-08,0.308704,5.36205,0.158673,9.83024e-09,False,nan|4166,1314040
1,130_bNAb_Combinations|1314040|cc|4|1|nan|4166,1,3.94753e+13,0.308704,5.36205,0.158673,9.83024e-09,False,nan|4166,1314040
1,130_bNAb_Combinations|1314040|cc|5|1|nan|4166,1,0.0060208,0.308704,5.36205,0.158673,9.83024e-09,False,nan|4166,1314040
1,130_bNAb_Combinations|1314040|cc|6|1|nan|4166,1,12228.3,0.308704,5.36205,0.158673,9.83024e-09,False,nan|4166,1314040
1,130_bNAb_Combinations|1314040|cc|7|1|nan|4166,1,0,0.308704,5.36205,0.158673,9.83024e-09,False,nan|4166,1314040
1,130_bNAb_Combinations|1314040|cc|8|1|nan|4166,1,0.924781,0.308704,5.36205,0.158673,9.83024e-09,False,nan|4166,1314040
1,130_bNAb_Combinations|1314040|sample|10|nan|4166,1,3.58627e-13,26.3361,5.36204,0.158673,9.83024e-09,True,PGT121|4166,1314040
1,130_bNAb_Combinations|1314040|sample|11|nan|4166,1,1.05333e-08,20.1497,5.36205,0.158673,9.83024e-09,True,VRC07-523LS|4166,1314040
1,130_bNAb_Combinations|1314040|sample|12|nan|4166,1,2.38833e-05,20.1497,5.36205,0.158673,9.83024e-09,True,VRC07-523LS|4166,1314040
1,130_bNAb_Combinations|1314040|sample|3|nan|4166,1,0.000208902,1.9841,5.36204,0.158673,9.83024e-09,True,PGDM1400|4166,1314040
1,130_bNAb_Combinations|1314040|sample|4|nan|4166,1,4.08546e-05,1.9841,5.36204,0.158673,9.83024e-09,True,PGDM1400|4166,1314040
1,130_bNAb_Combinations|1314040|sample|5|nan|4166,1,0.00353512,1.9841,5.36204,0.158673,9.83024e-09,True,PGDM1400|4166,1314040
1,130_bNAb_Combinations|1314040|sample|6|nan|4166,1,0.00240623,1.9841,5.36204,0.158673,9.83024e-09,True,PGDM1400|4166,1314040
1,130_bNAb_Combinations|1314040|sample|7|nan|4166,1,1.07499e-05,26.3361,5.36204,0.158673,9.83024e-09,True,PGT121|4166,1314040
1,130_bNAb_Combinations|1314040|sample|8|nan|4166,1,0.00336597,26.3361,5.36204,0.158673,9.83024e-09,True,PGT121|4166,1314040
1,130_bNAb_Combinations|1314040|sample|9|nan|4166,1,4.79053e-08,26.3361,5.36204,0.158673,9.83024e-09,True,PGT121|4166,1314040
1,130_bNAb_Combinations|1314040|vc|1|2|nan|4166,1,809.5,0.308704,5.36205,0.158673,9.83024e-09,False,nan|4166,1314040
1,130_bNAb_Combinations|1314040|vc|2|2|nan|4166,1,1.49338e-05,0.308704,5.36205,0.158673,9.83024e-09,False,nan|4166,1314040
1,130_bNAb_Combinations|1314040|vc|3|2|nan|4166,1,2980.7,0.308704,5.36205,0.158673,9.83024e-09,False,nan|4166,1314040
1,130_bNAb_Combinations|1314040|vc|4|2|nan|4166,1,1.94374e+07,0.308704,5.36205,0.158673,9.83024e-09,False,nan|4166,1314040
1,130_bNAb_Combinations|1314040|vc|5|2|nan|4166,1,0.002272,0.308704,5.36205,0.158673,9.83024e-09,False,nan|4166,1314040
1,130_bNAb_Combinations|1314040|vc|6|2|nan|4166,1,6337.22,0.308704,5.36205,0.158673,9.83024e-09,False,nan|4166,1314040
1,130_bNAb_Combinations|1314040|vc|7|2|nan|4166,1,1.34843e+08,0.308704,5.36205,0.158673,9.83024e-09,False,nan|4166,1314040
1,130_bNAb_Combinations|1314040|vc|8|2|nan|4166,1,1.96401e+15,0.308704,5.36205,0.158673,9.83024e-09,False,nan|4166,1314040
1,130_bNAb_Combinations|1314058|cc|1|1|nan|2944,1,5.91714,1.47925,5.36148,0.355697,9.85085e-09,False,nan|2944,1314058
1,130_bNAb_Combinations|1314058|cc|2|1|nan|2944,1,0.164483,1.47925,5.36148,0.355697,9.85085e-09,False,nan|2944,1314058
1,130_bNAb_Combinations|1314058|cc|3|1|nan|2944,1,1.00217e+11,1.47925,5.36148,0.355697,9.85085e-09,False,nan|2944,1314058
1,130_bNAb_Combinations|1314058|cc|4|1|nan|2944,1,7.3403e+13,1.47925,5.36148,0.355697,9.85085e-09,False,nan|2944,1314058
1,130_bNAb_Combinations|1314058|cc|5|1|nan|2944,1,7.2014e-10,1.47925,5.36148,0.355697,9.85085e-09,False,nan|2944,1314058
1,130_bNAb_Combinations|1314058|cc|6|1|nan|2944,1,9607.4,1.47925,5.36148,0.355697,9.85085e-09,False,nan|2944,1314058
1,130_bNAb_Combinations|1314058|cc|7|1|nan|2944,1,8.85911e-11,1.47925,5.36148,0.355697,9.85085e-09,False,nan|2944,1314058
1,130_bNAb_Combinations|1314058|cc|8|1|nan|2944,1,89886,1.47925,5.36148,0.355697,9.85085e-09,False,nan|2944,1314058
1,130_bNAb_Combinations|1314058|sample|10|nan|2944,1,0.00175476,22.7756,5.36207,0.355697,9.85085e-09,True,PGT121|2944,1314058
1,130_bNAb_Combinations|1314058|sample|11|nan|2944,1,1.71307e-05,2.62989,5.36205,0.355697,9.85085e-09,True,VRC07-523LS|2944,1314058
1,130_bNAb_Combinations|1314058|sample|12|nan|2944,1,3.54275e-12,2.62989,5.36205,0.355697,9.85085e-09,True,VRC07-523LS|2944,1314058
1,130_bNAb_Combinations|1314058|sample|3|nan|2944,1,0.00440791,72.2888,5.36205,0.355697,9.85085e-09,True,PGDM1400|2944,1314058
1,130_bNAb_Combinations|1314058|sample|4|nan|2944,1,0.0024162,72.2888,5.36205,0.355697,9.85085e-09,True,PGDM1400|2944,1314058
1,130_bNAb_Combinations|1314058|sample|5|nan|2944,1,0.00813535,72.2888,5.36205,0.355697,9.85085e-09,True,PGDM1400|2944,1314058
1,130_bNAb_Combinations|1314058|sample|6|nan|2944,1,0.00311436,72.2888,5.36205,0.355697,9.85085e-09,True,PGDM1400|2944,1314058
1,130_bNAb_Combinations|1314058|sample|7|nan|2944,1,0.00361057,22.7756,5.36207,0.355697,9.85085e-09,True,PGT121|2944,1314058
1,130_bNAb_Combinations|1314058|sample|8|nan|2944,1,0.000616884,22.7756,5.36207,0.355697,9.85085e-09,True,PGT121|2944,1314058
1,130_bNAb_Combinations|1314058|sample|9|nan|2944,1,0.00340261,22.7756,5.36207,0.355697,9.85085e-09,True,PGT121|2944,1314058
1,130_bNAb_Combinations|1314058|vc|1|2|nan|2944,1,2.16395e-05,1.47925,5.36148,0.355697,9.85085e-09,False,nan|2944,1314058
1,130_bNAb_Combinations|1314058|vc|2|2|nan|2944,1,4.4465e+15,1.47925,5.36148,0.355697,9.85085e-09,False,nan|2944,1314058
1,130_bNAb_Combinations|1314058|vc|3|2|nan|2944,1,2.12669e-05,1.47925,5.36148,0.355697,9.85085e-09,False,nan|2944,1314058
1,130_bNAb_Combinations|1314058|vc|4|2|nan|2944,1,2.53315e+10,1.47925,5.36148,0.355697,9.85085e-09,False,nan|2944,1314058
1,130_bNAb_Combinations|1314058|vc|5|2|nan|2944,1,3.41284e-07,1.47925,5.36148,0.355697,9.85085e-09,False,nan|2944,1314058
1,130_bNAb_Combinations|1314058|vc|6|2|nan|2944,1,954.071,1.47925,5.36148,0.355697,9.85085e-09,False,nan|2944,1314058
1,130_bNAb_Combinations|1314058|vc|7|2|nan|2944,1,0,1.47925,5.36148,0.355697,9.85085e-09,False,nan|2944,1314058
1,130_bNAb_Combinations|1314058|vc|8|2|nan|2944,1,957262,1.47925,5.36148,0.355697,9.85085e-09,False,nan|2944,1314058
1,130_bNAb_Combinations|1342240|cc|1|1|nan|1798,1,9.72842e+06,0.657506,5.36142,0.158673,9.82729e-09,False,nan|1798,1342240
1,130_bNAb_Combinations|1342240|cc|2|1|nan|1798,1,6.11071e+14,0.657506,5.36142,0.158673,9.82729e-09,False,nan|1798,1342240
1,130_bNAb_Combinations|1342240|cc|3|1|nan|1798,1,5.26781e+19,0.657506,5.36142,0.158673,9.82729e-09,False,nan|1798,1342240
1,130_bNAb_Combinations|1342240|cc|4|1|nan|1798,1,5.74666e+06,0.657506,5.36142,0.158673,9.82729e-09,False,nan|1798,1342240
1,130_bNAb_Combinations|1342240|cc|5|1|nan|1798,1,390379,0.657506,5.36142,0.158673,9.82729e-09,False,nan|1798,1342240
1,130_bNAb_Combinations|1342240|cc|6|1|nan|1798,1,0.787949,0.657506,5.36142,0.158673,9.82729e-09,False,nan|1798,1342240
1,130_bNAb_Combinations|1342240|cc|7|1|nan|1798,1,1.99835e-13,0.657506,5.36142,0.158673,9.82729e-09,False,nan|1798,1342240
1,130_bNAb_Combinations|1342240|cc|8|1|nan|1798,1,18.2389,0.657506,5.36142,0.158673,9.82729e-09,False,nan|1798,1342240
1,130_bNAb_Combinations|1342240|sample|3|nan|1798,1,2.63815e-12,1.19145,3.9138,0.158673,9.82729e-09,True,VRC07-523LS|1798,1342240
1,130_bNAb_Combinations|1342240|sample|4|nan|1798,1,3.32408e-14,1.19145,3.9138,0.158673,9.82729e-09,True,VRC07-523LS|1798,1342240
1,130_bNAb_Combinations|1342240|sample|8|nan|1798,1,0,1.19145,3.9138,0.158673,9.82729e-09,True,VRC07-523LS|1798,1342240
1,130_bNAb_Combinations|1342240|vc|1|2|nan|1798,1,1.70598e+12,0.657506,5.36142,0.158673,9.82729e-09,False,nan|1798,1342240
1,130_bNAb_Combinations|1342240|vc|2|2|nan|1798,1,566.03,0.657506,5.36142,0.158673,9.82729e-09,False,nan|1798,1342240
1,130_bNAb_Combinations|1342240|vc|3|2|nan|1798,1,6.61621,0.657506,5.36142,0.158673,9.82729e-09,False,nan|1798,1342240
1,130_bNAb_Combinations|1342240|vc|4|2|nan|1798,1,8.80938e-05,0.657506,5.36142,0.158673,9.82729e-09,False,nan|1798,1342240
1,130_bNAb_Combinations|1342240|vc|5|2|nan|1798,1,6.45421,0.657506,5.36142,0.158673,9.82729e-09,False,nan|1798,1342240
1,130_bNAb_Combinations|1342240|vc|6|2|nan|1798,1,1.18423e+12,0.657506,5.36142,0.158673,9.82729e-09,False,nan|1798,1342240
1,130_bNAb_Combinations|1342240|vc|7|2|nan|1798,1,0.00126725,0.657506,5.36142,0.158673,9.82729e-09,False,nan|1798,1342240
1,130_bNAb_Combinations|1342240|vc|8|2|nan|1798,1,1.13309e-06,0.657506,5.36142,0.158673,9.82729e-09,False,nan|1798,1342240
1,130_bNAb_Combinations|1342258|cc|1|1|TRO.11|8301,1,4.4615e-06,0.377623,5.36638,0.15865,9.83651e-09,False,nan|TRO.11,1342258
1,130_bNAb_Combinations|1342258|cc|2|1|TRO.11|8301,1,282.824,0.377623,5.36638,0.15865,9.83651e-09,False,nan|TRO.11,1342258
1,130_bNAb_Combinations|1342258|cc|3|1|TRO.11|8301,1,4.59503e-12,0.377623,5.36638,0.15865,9.83651e-09,False,nan|TRO.11,1342258
1,130_bNAb_Combinations|1342258|cc|4|1|TRO.11|8301,1,1.1789e-14,0.377623,5.36638,0.15865,9.83651e-09,False,nan|TRO.11,1342258
1,130_bNAb_Combinations|1342258|cc|5|1|TRO.11|8301,1,0.0631308,0.377623,5.36638,0.15865,9.83651e-09,False,nan|TRO.11,1342258
1,130_bNAb_Combinations|1342258|cc|6|1|TRO.11|8301,1,96865.3,0.377623,5.36638,0.15865,9.83651e-09,False,nan|TRO.11,1342258
1,130_bNAb_Combinations|1342258|cc|7|1|TRO.11|8301,1,1.27055e-06,0.377623,5.36638,0.15865,9.83651e-09,False,nan|TRO.11,1342258
1,130_bNAb_Combinations|1342258|cc|8|1|TRO.11|8301,1,6.68086e+13,0.377623,5.36638,0.15865,9.83651e-09,False,nan|TRO.11,1342258
1,130_bNAb_Combinations|1342258|sample|3|TRO.11|8301,1,9.24792e-09,2.42402,5.94479,0.15865,9.83651e-09,True,VRC07-523LS|TRO.11,1342258
1,130_bNAb_Combinations|1342258|sample|4|TRO.11|8301,1,1.24777e-06,2.42402,5.94479,0.15865,9.83651e-09,True,VRC07-523LS|TRO.11,1342258
1,130_bNAb_Combinations|1342258|vc|1|2|TRO.11|8301,1,0.0194465,0.377623,5.36638,0.15865,9.83651e-09,False,nan|TRO.11,1342258
1,130_bNAb_Combinations|1342258|vc|2|2|TRO.11|8301,1,2.27644e+07,0.377623,5.36638,0.15865,9.83651e-09,False,nan|TRO.11,1342258
1,130_bNAb_Combinations|1342258|vc|3|2|TRO.11|8301,1,2.60417e-10,0.377623,5.36638,0.15865,9.83651e-09,False,nan|TRO.11,1342258
1,130_bNAb_Combinations|1342258|vc|4|2|TRO.11|8301,1,1.24751e-10,0.377623,5.36638,0.15865,9.83651e-09,False,nan|TRO.11,1342258
1,130_bNAb_Combinations|1342258|vc|5|2|TRO.11|8301,1,0.00450681,0.377623,5.36638,0.15865,9.83651e-09,False,nan|TRO.11,1342258
1,130_bNAb_Combinations|1342258|vc|6|2|TRO.11|8301,1,0.00831662,0.377623,5.36638,0.15865,9.83651e-09,False,nan|TRO.11,1342258
1,130_bNAb_Combinations|1342258|vc|7|2|TRO.11|8301,1,4.04224e+06,0.377623,5.36638,0.15865,9.83651e-09,False,nan|TRO.11,1342258
1,130_bNAb_Combinations|1342258|vc|8|2|TRO.11|8301,1,84968,0.377623,5.36638,0.15865,9.83651e-09,False,nan|TRO.11,1342258
1,130_bNAb_Combinations|1342276|cc|1|1|Ce1176_A3|7023,1,0.00938528,4.80182,5.36207,0.158678,9.83382e-09,False,nan|Ce1176_A3,1342276
1,130_bNAb_Combinations|1342276|cc|2|1|Ce1176_A3|7023,1,0.000141359,4.80182,5.36207,0.158678,9.83382e-09,False,nan|Ce1176_A3,1342276
1,130_bNAb_Combinations|1342276|cc|3|1|Ce1176_A3|7023,1,0,4.80182,5.36207,0.158678,9.83382e-09,False,nan|Ce1176_A3,1342276
1,130_bNAb_Combinations|1342276|cc|4|1|Ce1176_A3|7023,1,1.34094,4.80182,5.36207,0.158678,9.83382e-09,False,nan|Ce1176_A3,1342276
1,130_bNAb_Combinations|1342276|cc|5|1|Ce1176_A3|7023,1,1.55246,4.80182,5.36207,0.158678,9.83382e-09,False,nan|Ce1176_A3,1342276
1,130_bNAb_Combinations|1342276|cc|6|1|Ce1176_A3|7023,1,1.25062e+11,4.80182,5.36207,0.158678,9.83382e-09,False,nan|Ce1176_A3,1342276
1,130_bNAb_Combinations|1342276|cc|7|1|Ce1176_A3|7023,1,0.00873058,4.80182,5.36207,0.158678,9.83382e-09,False,nan|Ce1176_A3,1342276
1,130_bNAb_Combinations|1342276|cc|8|1|Ce1176_A3|7023,1,69164.2,4.80182,5.36207,0.158678,9.83382e-09,False,nan|Ce1176_A3,1342276
1,130_bNAb_Combinations|1342276|sample|3|Ce1176_A3|7023,1,8.48493e-08,1.35528,5.36207,0.158678,9.83382e-09,True,VRC07-523LS|Ce1176_A3,1342276
1,130_bNAb_Combinations|1342276|sample|4|Ce1176_A3|7023,1,4.39096e-12,1.35528,5.36207,0.158678,9.83382e-09,True,VRC07-523LS|Ce1176_A3,1342276
1,130_bNAb_Combinations|1342276|vc|1|2|Ce1176_A3|7023,1,756.573,4.80182,5.36207,0.158678,9.83382e-09,False,nan|Ce1176_A3,1342276
1,130_bNAb_Combinations|1342276|vc|2|2|Ce1176_A3|7023,1,0.0356548,4.80182,5.36207,0.158678,9.83382e-09,False,nan|Ce1176_A3,1342276
1,130_bNAb_Combinations|1342276|vc|3|2|Ce1176_A3|7023,1,84616.6,4.80182,5.36207,0.158678,9.83382e-09,False,nan|Ce1176_A3,1342276
1,130_bNAb_Combinations|1342276|vc|4|2|Ce1176_A3|7023,1,4.384e-08,4.80182,5.36207,0.158678,9.83382e-09,False,nan|Ce1176_A3,1342276
1,130_bNAb_Combinations|1342276|vc|5|2|Ce1176_A3|7023,1,8.84605,4.80182,5.36207,0.158678,9.83382e-09,False,nan|Ce1176_A3,1342276
1,130_bNAb_Combinations|1342276|vc|6|2|Ce1176_A3|7023,1,4244.24,4.80182,5.36207,0.158678,9.83382e-09,False,nan|Ce1176_A3,1342276
1,130_bNAb_Combinations|1342276|vc|7|2|Ce1176_A3|7023,1,6.45119e-05,4.80182,5.36207,0.158678,9.83382e-09,False,nan|Ce1176_A3,1342276
1,130_bNAb_Combinations|1342276|vc|8|2|Ce1176_A3|7023,1,1.21671e+08,4.80182,5.36207,0.158678,9.83382e-09,False,nan|Ce1176_A3,1342276
1,130_bNAb_Combinations|1342294|cc|1|1|nan|1176,1,2.49094e-06,0.878473,5.36199,0.305444,9.83331e-09,False,nan|1176,1342294
1,130_bNAb_Combinations|1342294|cc|2|1|nan|1176,1,3.15194e+13,0.878473,5.36199,0.305444,9.83331e-09,False,nan|1176,1342294
1,130_bNAb_Combinations|1342294|cc|3|1|nan|1176,1,3.71881e+10,0.878473,5.36199,0.305444,9.83331e-09,False,nan|1176,1342294
1,130_bNAb_Combinations|1342294|cc|4|1|nan|1176,1,0.38452,0.878473,5.36199,0.305444,9.83331e-09,False,nan|1176,1342294
1,130_bNAb_Combinations|1342294|cc|5|1|nan|1176,1,0.428826,0.878474,5.36199,0.305444,9.83331e-09,False,nan|1176,1342294
1,130_bNAb_Combinations|1342294|cc|6|1|nan|1176,1,0.00195774,0.878474,5.36199,0.305444,9.83331e-09,False,nan|1176,1342294
1,130_bNAb_Combinations|1342294|cc|7|1|nan|1176,1,0.904302,0.878473,5.36199,0.305444,9.83331e-09,False,nan|1176,1342294
1,130_bNAb_Combinations|1342294|cc|8|1|nan|1176,1,0.000342622,0.878474,5.36199,0.305444,9.83331e-09,False,nan|1176,1342294
1,130_bNAb_Combinations|1342294|sample|3|nan|1176,1,9.07229e-16,1.14201,5.36203,0.305444,9.83331e-09,True,VRC07-523LS|1176,1342294
1,130_bNAb_Combinations|1342294|sample|4|nan|1176,1,0.00011925,1.14201,5.36203,0.305444,9.83331e-09,True,VRC07-523LS|1176,1342294
1,130_bNAb_Combinations|1342294|sample|8|nan|1176,1,0.00360485,1.14201,5.36203,0.305444,9.83331e-09,True,VRC07-523LS|1176,1342294
1,130_bNAb_Combinations|1342294|vc|1|2|nan|1176,1,3.29951,0.878473,5.36199,0.305444,9.83331e-09,False,nan|1176,1342294
1,130_bNAb_Combinations|1342294|vc|2|2|nan|1176,1,0.000119236,0.878473,5.36199,0.305444,9.83331e-09,False,nan|1176,1342294
1,130_bNAb_Combinations|1342294|vc|3|2|nan|1176,1,4.36897e-09,0.878473,5.36199,0.305444,9.83331e-09,False,nan|1176,1342294
1,130_bNAb_Combinations|1342294|vc|4|2|nan|1176,1,0,0.878473,5.36199,0.305444,9.83331e-09,False,nan|1176,1342294
1,130_bNAb_Combinations|1342294|vc|5|2|nan|1176,1,5.80289e+12,0.878473,5.36199,0.305444,9.83331e-09,False,nan|1176,1342294
1,130_bNAb_Combinations|1342294|vc|6|2|nan|1176,1,4.56485e-08,0.878473,5.36199,0.305444,9.83331e-09,False,nan|1176,1342294
1,130_bNAb_Combinations|1342294|vc|7|2|nan|1176,1,0.000856105,0.878473,5.36199,0.305444,9.83331e-09,False,nan|1176,1342294
1,130_bNAb_Combinations|1342294|vc|8|2|nan|1176,1,610.299,0.878473,5.36199,0.305444,9.83331e-09,False,nan|1176,1342294
1,130_bNAb_Combinations|1342312|cc|1|1|RHPA4259.7|5371,1,245.893,0.515979,5.36207,0.24644,9.83381e-09,False,nan|RHPA4259.7,1342312
1,130_bNAb_Combinations|1342312|cc|2|1|RHPA4259.7|5371,1,409.09,0.515979,5.36207,0.24644,9.83381e-09,False,nan|RHPA4259.7,1342312
1,130_bNAb_Combinations|1342312|cc|3|1|RHPA4259.7|5371,1,15.6469,0.515979,5.36207,0.24644,9.83381e-09,False,nan|RHPA4259.7,1342312
1,130_bNAb_Combinations|1342312|cc|4|1|RHPA4259.7|5371,1,85.8664,0.515979,5.36207,0.24644,9.83381e-09,False,nan|RHPA4259.7,1342312
1,130_bNAb_Combinations|1342312|cc|5|1|RHPA4259.7|5371,1,2.75392e-14,0.515979,5.36207,0.24644,9.83381e-09,False,nan|RHPA4259.7,1342312
1,130_bNAb_Combinations|1342312|cc|6|1|RHPA4259.7|5371,1,2.52488e+12,0.515979,5.36207,0.24644,9.83381e-09,False,nan|RHPA4259.7,1342312
1,130_bNAb_Combinations|1342312|cc|7|1|RHPA4259.7|5371,1,1.08053e+09,0.515979,5.36207,0.24644,9.83381e-09,False,nan|RHPA4259.7,1342312
1,130_bNAb_Combinations|1342312|cc|8|1|RHPA4259.7|5371,1,0.00285709,0.515979,5.36207,0.24644,9.83381e-09,False,nan|RHPA4259.7,1342312
1,130_bNAb_Combinations|1342312|sample|3|RHPA4259.7|5371,1,0.00185236,19.8152,5.36207,0.24644,9.83381e-09,True,VRC07-523LS|RHPA4259.7,1342312
1,130_bNAb_Combinations|1342312|sample|4|RHPA4259.7|5371,1,0.00267892,19.8152,5.36207,0.24644,9.83381e-09,True,VRC07-523LS|RHPA4259.7,1342312
1,130_bNAb_Combinations|1342312|vc|1|2|RHPA4259.7|5371,1,4.36524e-07,0.515979,5.36207,0.24644,9.83381e-09,False,nan|RHPA4259.7,1342312
1,130_bNAb_Combinations|1342312|vc|2|2|RHPA4259.7|5371,1,1.45393e-08,0.515979,5.36207,0.24644,9.83381e-09,False,nan|RHPA4259.7,1342312
1,130_bNAb_Combinations|1342312|vc|3|2|RHPA4259.7|5371,1,5.60378e+07,0.515979,5.36207,0.24644,9.83381e-09,False,nan|RHPA4259.7,1342312
1,130_bNAb_Combinations|1342312|vc|4|2|RHPA4259.7|5371,1,0.141671,0.515979,5.36207,0.24644,9.83381e-09,False,nan|RHPA4259.7,1342312
1,130_bNAb_Combinations|1342312|vc|5|2|RHPA4259.7|5371,1,324735,0.515979,5.36207,0.24644,9.83381e-09,False,nan|RHPA4259.7,1342312
1,130_bNAb_Combinations|1342312|vc|6|2|RHPA4259.7|5371,1,3.85047e-08,0.515979,5.36207,0.24644,9.83381e-09,False,nan|RHPA4259.7,1342312
1,130_bNAb_Combinations|1342312|vc|7|2|RHPA4259.7|5371,1,379.152,0.515979,5.36207,0.24644,9.83381e-09,False,nan|RHPA4259.7,1342312
1,130_bNAb_Combinations|1342312|vc|8|2|RHPA4259.7|5371,1,6.35287e-12,0.515979,5.36207,0.24644,9.83381e-09,False,nan|RHPA4259.7,1342312
1,130_bNAb_Combinations|1342336|cc|1|1|nan|3430,1,2.87922e+13,0.908066,5.36198,0.158678,9.83382e-09,False,nan|3430,1342336
1,130_bNAb_Combinations|1342336|cc|2|1|nan|3430,1,6.21542e+06,0.908066,5.36198,0.158678,9.83382e-09,False,nan|3430,1342336
1,130_bNAb_Combinations|1342336|cc|3|1|nan|3430,1,0.00130954,0.908066,5.36198,0.158678,9.83382e-09,False,nan|3430,1342336
1,130_bNAb_Combinations|1342336|cc|4|1|nan|3430,1,23985.3,0.908066,5.36198,0.158678,9.83382e-09,False,nan|3430,1342336
1,130_bNAb_Combinations|1342336|cc|5|1|nan|3430,1,3.47157e-09,0.908066,5.36198,0.158678,9.83382e-09,False,nan|3430,1342336
1,130_bNAb_Combinations|1342336|cc|6|1|nan|3430,1,6781.13,0.908066,5.36198,0.158678,9.83382e-09,False,nan|3430,1342336
1,130_bNAb_Combinations|1342336|cc|7|1|nan|3430,1,1.34706e-12,0.908066,5.36198,0.158678,9.83382e-09,False,nan|3430,1342336
1,130_bNAb_Combinations|1342336|cc|8|1|nan|3430,1,700.549,0.908066,5.36198,0.158678,9.83382e-09,False,nan|3430,1342336
1,130_bNAb_Combinations|1342336|sample|3|nan|3430,1,5.23342e-14,3.62603,5.36215,0.158678,9.83382e-09,True,VRC07-523LS|3430,1342336
1,130_bNAb_Combinations|1342336|sample|4|nan|3430,1,7.04891e-05,3.62603,5.36215,0.158678,9.83382e-09,True,VRC07-523LS|3430,1342336
1,130_bNAb_Combinations|1342336|sample|5|nan|3430,1,1.88461e-11,3.62603,5.36215,0.158678,9.83382e-09,True,VRC07-523LS|3430,1342336
1,130_bNAb_Combinations|1342336|vc|1|2|nan|3430,1,1.0401e-10,0.908066,5.36198,0.158678,9.83382e-09,False,nan|3430,1342336
1,130_bNAb_Combinations|1342336|vc|2|2|nan|3430,1,0.00420448,0.908066,5.36198,0.158678,9.83382e-09,False,nan|3430,1342336
1,130_bNAb_Combinations|1342336|vc|3|2|nan|3430,1,3.79816e-05,0.908066,5.36198,0.158678,9.83382e-09,False,nan|3430,1342336
1,130_bNAb_Combinations|1342336|vc|4|2|nan|3430,1,0.114341,0.908066,5.36198,0.158678,9.83382e-09,False,nan|3430,1342336
1,130_bNAb_Combinations|1342336|vc|5|2|nan|3430,1,2.26396e+10,0.908066,5.36198,0.158678,9.83382e-09,False,nan|3430,1342336
1,130_bNAb_Combinations|1342336|vc|6|2|nan|3430,1,2.54572e+09,0.908066,5.36198,0.158678,9.83382e-09,False,nan|3430,1342336
1,130_bNAb_Combinations|1342336|vc|7|2|nan|3430,1,461123,0.908066,5.36198,0.158678,9.83382e-09,False,nan|3430,1342336
1,130_bNAb_Combinations|1342336|vc|8|2|nan|3430,1,0.000826125,0.908066,5.36198,0.158678,9.83382e-09,False,nan|3430,1342336
1,130_bNAb_Combinations|1342348|cc|1|1|nan|4166,1,5.09262e-05,0.308704,5.36205,0.278043,9.8338e-09,False,nan|4166,1342348
1,130_bNAb_Combinations|1342348|cc|2|1|nan|4166,1,0.000169121,0.308704,5.36205,0.278043,9.8338e-09,False,nan|4166,1342348
1,130_bNAb_Combinations|1342348|cc|3|1|nan|4166,1,0.000140658,0.308704,5.36205,0.278043,9.8338e-09,False,nan|4166,1342348
1,130_bNAb_Combinations|1342348|cc|4|1|nan|4166,1,7.58675e-08,0.308704,5.36205,0.278043,9.8338e-09,False,nan|4166,1342348
1,130_bNAb_Combinations|1342348|cc|5|1|nan|4166,1,305505,0.308704,5.36205,0.278043,9.8338e-09,False,nan|4166,1342348
1,130_bNAb_Combinations|1342348|cc|6|1|nan|4166,1,0.000634915,0.308704,5.36205,0.278043,9.8338e-09,False,nan|4166,1342348
1,130_bNAb_Combinations|1342348|cc|7|1|nan|4166,1,0,0.308704,5.36205,0.278043,9.8338e-09,False,nan|4166,1342348
1,130_bNAb_Combinations|1342348|cc|8|1|nan|4166,1,0.034628,0.308704,5.36205,0.278043,9.8338e-09,False,nan|4166,1342348
1,130_bNAb_Combinations|1342348|sample|3|nan|4166,1,5.68496e-09,20.1497,5.36205,0.278043,9.8338e-09,True,VRC07-523LS|4166,1342348
1,130_bNAb_Combinations|1342348|sample|4|nan|4166,1,1.88734e-09,20.1497,5.36205,0.278043,9.8338e-09,True,VRC07-523LS|4166,1342348
1,130_bNAb_Combinations|1342348|vc|1|2|nan|4166,1,8.87961e-06,0.308704,5.36205,0.278043,9.8338e-09,False,nan|4166,1342348
1,130_bNAb_Combinations|1342348|vc|2|2|nan|4166,1,2.95335,0.308704,5.36205,0.278043,9.8338e-09,False,nan|4166,1342348
1,130_bNAb_Combinations|1342348|vc|3|2|nan|4166,1,6.4401,0.308704,5.36205,0.278043,9.8338e-09,False,nan|4166,1342348
1,130_bNAb_Combinations|1342348|vc|4|2|nan|4166,1,3.7432e-06,0.308704,5.36205,0.278043,9.8338e-09,False,nan|4166,1342348
1,130_bNAb_Combinations|1342348|vc|5|2|nan|4166,1,904417,0.308704,5.36205,0.278043,9.8338e-09,False,nan|4166,1342348
1,130_bNAb_Combinations|1342348|vc|6|2|nan|4166,1,307.034,0.308704,5.36205,0.278043,9.8338e-09,False,nan|4166,1342348
1,130_bNAb_Combinations|1342348|vc|7|2|nan|4166,1,0.000188911,0.308704,5.36205,0.278043,9.8338e-09,False,nan|4166,1342348
1,130_bNAb_Combinations|1342348|vc|8|2|nan|4166,1,0.000459001,0.308704,5.36205,0.278043,9.8338e-09,False,nan|4166,1342348
1,130_bNAb_Combinations|1342372|cc|1|1|nan|2944,1,181.032,1.47925,5.36148,0.158673,9.83364e-09,False,nan|2944,1342372
1,130_bNAb_Combinations|1342372|cc|2|1|nan|2944,1,0.000595762,1.47925,5.36148,0.158673,9.83364e-09,False,nan|2944,1342372
1,130_bNAb_Combinations|1342372|cc|3|1|nan|2944,1,3.11277e-16,1.47925,5.36148,0.158673,9.83364e-09,False,nan|2944,1342372
1,130_bNAb_Combinations|1342372|cc|4|1|nan|2944,1,565.516,1.47925,5.36148,0.158673,9.83364e-09,False,nan|2944,1342372
1,130_bNAb_Combinations|1342372|cc|5|1|nan|2944,1,51.0597,1.47925,5.36148,0.158673,9.83364e-09,False,nan|2944,1342372
1,130_bNAb_Combinations|1342372|cc|6|1|nan|2944,1,6.84593e+16,1.47925,5.36148,0.158673,9.83364e-09,False,nan|2944,1342372
1,130_bNAb_Combinations|1342372|cc|7|1|nan|2944,1,3.33976e+07,1.47925,5.36148,0.158673,9.83364e-09,False,nan|2944,1342372
1,130_bNAb_Combinations|1342372|cc|8|1|nan|2944,1,1383.98,1.47925,5.36148,0.158673,9.83364e-09,False,nan|2944,1342372
1,130_bNAb_Combinations|1342372|sample|3|nan|2944,1,9.28961e-14,2.62989,5.36205,0.158673,9.83364e-09,True,VRC07-523LS|2944,1342372
1,130_bNAb_Combinations|1342372|sample|4|nan|2944,1,0.000764393,2.62989,5.36205,0.158673,9.83364e-09,True,VRC07-523LS|2944,1342372
1,130_bNAb_Combinations|1342372|vc|1|2|nan|2944,1,5.08615e+09,1.47925,5.36148,0.158673,9.83364e-09,False,nan|2944,1342372
1,130_bNAb_Combinations|1342372|vc|2|2|nan|2944,1,1.76425e+07,1.47925,5.36148,0.158673,9.83364e-09,False,nan|2944,1342372
1,130_bNAb_Combinations|1342372|vc|3|2|nan|2944,1,0.339189,1.47925,5.36148,0.158673,9.83364e-09,False,nan|2944,1342372
1,130_bNAb_Combinations|1342372|vc|4|2|nan|2944,1,1.15249e-11,1.47925,5.36148,0.158673,9.83364e-09,False,nan|2944,1342372
1,130_bNAb_Combinations|1342372|vc|5|2|nan|2944,1,1.59881e+07,1.47925,5.36148,0.158673,9.83364e-09,False,nan|2944,1342372
1,130_bNAb_Combinations|1342372|vc|6|2|nan|2944,1,0.24369,1.47925,5.36148,0.158673,9.83364e-09,False,nan|2944,1342372
1,130_bNAb_Combinations|1342372|vc|7|2|nan|2944,1,3.28177e+12,1.47925,5.36148,0.158673,9.83364e-09,False,nan|2944,1342372
1,130_bNAb_Combinations|1342372|vc|8|2|nan|2944,1,5.87259e+13,1.47925,5.36148,0.158673,9.83364e-09,False,nan|2944,1342372
1,130_bNAb_Combinations|1342384|cc|1|1|nan|2946,1,16.1836,1.68427,5.36127,0.158673,9.83376e-09,False,nan|2946,1342384
1,130_bNAb_Combinations|1342384|cc|2|1|nan|2946,1,3.10475e-12,1.68427,5.36127,0.158673,9.83376e-09,False,nan|2946,1342384
1,130_bNAb_Combinations|1342384|cc|3|1|nan|2946,1,0.000307885,1.68427,5.36127,0.158673,9.83376e-09,False,nan|2946,1342384
1,130_bNAb_Combinations|1342384|cc|4|1|nan|2946,1,1.20808e-11,1.68427,5.36127,0.158673,9.83376e-09,False,nan|2946,1342384
1,130_bNAb_Combinations|1342384|cc|5|1|nan|2946,1,110706,1.68427,5.36127,0.158673,9.83376e-09,False,nan|2946,1342384
1,130_bNAb_Combinations|1342384|cc|6|1|nan|2946,1,6.63944e+09,1.68427,5.36127,0.158673,9.83376e-09,False,nan|2946,1342384
1,130_bNAb_Combinations|1342384|cc|7|1|nan|2946,1,2.8425e+07,1.68427,5.36127,0.158673,9.83376e-09,False,nan|2946,1342384
1,130_bNAb_Combinations|1342384|cc|8|1|nan|2946,1,1.06643e-12,1.68427,5.36127,0.158673,9.83376e-09,False,nan|2946,1342384
1,130_bNAb_Combinations|1342384|sample|3|nan|2946,1,4.00546e-11,0.928173,3.77226,0.158673,9.83376e-09,True,VRC07-523LS|2946,1342384
1,130_bNAb_Combinations|1342384|sample|4|nan|2946,1,6.6883e-12,0.928173,3.77226,0.158673,9.83376e-09,True,VRC07-523LS|2946,1342384
1,130_bNAb_Combinations|1342384|vc|1|2|nan|2946,1,1.31295e-06,1.68427,5.36127,0.158673,9.83376e-09,False,nan|2946,1342384
1,130_bNAb_Combinations|1342384|vc|2|2|nan|2946,1,8.18764e-12,1.68427,5.36127,0.158673,9.83376e-09,False,nan|2946,1342384
1,130_bNAb_Combinations|1342384|vc|3|2|nan|2946,1,1.94201e+06,1.68427,5.36127,0.158673,9.83376e-09,False,nan|2946,1342384
1,130_bNAb_Combinations|1342384|vc|4|2|nan|2946,1,7.84512e-13,1.68427,5.36127,0.158673,9.83376e-09,False,nan|2946,1342384
1,130_bNAb_Combinations|1342384|vc|5|2|nan|2946,1,36316.5,1.68427,5.36127,0.158673,9.83376e-09,False,nan|2946,1342384
1,130_bNAb_Combinations|1342384|vc|6|2|nan|2946,1,7.28415e+09,1.68427,5.36127,0.158673,9.83376e-09,False,nan|2946,1342384
1,130_bNAb_Combinations|1342384|vc|7|2|nan|2946,1,4.27842e-05,1.68427,5.36127,0.158673,9.83376e-09,False,nan|2946,1342384
1,130_bNAb_Combinations|1342384|vc|8|2|nan|2946,1,1.00477e-11,1.68427,5.36127,0.158673,9.83376e-09,False,nan|2946,1342384
1,130_bNAb_Combinations|1342396|cc|1|1|PVO.4|5024,1,1.63256e+09,0.417873,5.36207,0.158669,9.83382e-09,False,nan|PVO.4,1342396
1,130_bNAb_Combinations|1342396|cc|2|1|PVO.4|5024,1,189473,0.417873,5.36207,0.158669,9.83382e-09,False,nan|PVO.4,1342396
1,130_bNAb_Combinations|1342396|cc|3|1|PVO.4|5024,1,0.000937269,0.417873,5.36207,0.158669,9.83382e-09,False,nan|PVO.4,1342396
1,130_bNAb_Combinations|1342396|cc|4|1|PVO.4|5024,1,1.4059e-09,0.417873,5.36207,0.158669,9.83382e-09,False,nan|PVO.4,1342396
1,130_bNAb_Combinations|1342396|cc|5|1|PVO.4|5024,1,5.56227e+11,0.417873,5.36207,0.158669,9.83382e-09,False,nan|PVO.4,1342396
1,130_bNAb_Combinations|1342396|cc|6|1|PVO.4|5024,1,2.53091e-09,0.417873,5.36207,0.158669,9.83382e-09,False,nan|PVO.4,1342396
1,130_bNAb_Combinations|1342396|cc|7|1|PVO.4|5024,1,5.44753e-08,0.417873,5.36207,0.158669,9.83382e-09,False,nan|PVO.4,1342396
1,130_bNAb_Combinations|1342396|cc|8|1|PVO.4|5024,1,2.09552e+18,0.417873,5.36207,0.158669,9.83382e-09,False,nan|PVO.4,1342396
1,130_bNAb_Combinations|1342396|sample|3|PVO.4|5024,1,1.2527e-07,2.1294,5.36203,0.158669,9.83382e-09,True,VRC07-523LS|PVO.4,1342396
1,130_bNAb_Combinations|1342396|sample|4|PVO.4|5024,1,2.09941e-10,2.1294,5.36203,0.158669,9.83382e-09,True,VRC07-523LS|PVO.4,1342396
1,130_bNAb_Combinations|1342396|vc|1|2|PVO.4|5024,1,2.25124e+11,0.417873,5.36207,0.158669,9.83382e-09,False,nan|PVO.4,1342396
1,130_bNAb_Combinations|1342396|vc|2|2|PVO.4|5024,1,0,0.417873,5.36207,0.158669,9.83382e-09,False,nan|PVO.4,1342396
1,130_bNAb_Combinations|1342396|vc|3|2|PVO.4|5024,1,167.141,0.417873,5.36207,0.158669,9.83382e-09,False,nan|PVO.4,1342396
1,130_bNAb_Combinations|1342396|vc|4|2|PVO.4|5024,1,967.67,0.417873,5.36207,0.158669,9.83382e-09,False,nan|PVO.4,1342396
1,130_bNAb_Combinations|1342396|vc|5|2|PVO.4|5024,1,3.61637e-08,0.417873,5.36207,0.158669,9.83382e-09,False,nan|PVO.4,1342396
1,130_bNAb_Combinations|1342396|vc|6|2|PVO.4|5024,1,3.28376e-10,0.417873,5.36207,0.158669,9.83382e-09,False,nan|PVO.4,1342396
1,130_bNAb_Combinations|1342396|vc|7|2|PVO.4|5024,1,1.99212e+08,0.417873,5.36207,0.158669,9.83382e-09,False,nan|PVO.4,1342396
1,130_bNAb_Combinations|1342396|vc|8|2|PVO.4|5024,1,0.0181375,0.417873,5.36207,0.158669,9.83382e-09,False,nan|PVO.4,1342396
1,130_bNAb_Combinations|1342408|cc|1|1|nan|4168,1,2.06917e-10,0.321955,5.36207,0.158664,9.83382e-09,False,nan|4168,1342408
1,130_bNAb_Combinations|1342408|cc|2|1|nan|4168,1,8.43494e-07,0.321955,5.36207,0.158664,9.83382e-09,False,nan|4168,1342408
1,130_bNAb_Combinations|1342408|cc|3|1|nan|4168,1,2.78067e-16,0.321955,5.36207,0.158664,9.83382e-09,False,nan|4168,1342408
1,130_bNAb_Combinations|1342408|cc|4|1|nan|4168,1,0.00101833,0.321955,5.36207,0.158664,9.83382e-09,False,nan|4168,1342408
1,130_bNAb_Combinations|1342408|cc|5|1|nan|4168,1,0.0121193,0.321955,5.36207,0.158664,9.83382e-09,False,nan|4168,1342408
1,130_bNAb_Combinations|1342408|cc|6|1|nan|4168,1,2.63642e+14,0.321955,5.36207,0.158664,9.83382e-09,False,nan|4168,1342408
1,130_bNAb_Combinations|1342408|cc|7|1|nan|4168,1,1.48404e+11,0.321955,5.36207,0.158664,9.83382e-09,False,nan|4168,1342408
1,130_bNAb_Combinations|1342408|cc|8|1|nan|4168,1,2.82597e+06,0.321955,5.36207,0.158664,9.83382e-09,False,nan|4168,1342408
1,130_bNAb_Combinations|1342408|sample|3|nan|4168,1,0.000914975,1.20515,5.36193,0.158664,9.83382e-09,True,VRC07-523LS|4168,1342408
1,130_bNAb_Combinations|1342408|sample|4|nan|4168,1,0,1.20515,5.36193,0.158664,9.83382e-09,True,VRC07-523LS|4168,1342408
1,130_bNAb_Combinations|1342408|vc|1|2|nan|4168,1,1.15796,0.321955,5.36207,0.158664,9.83382e-09,False,nan|4168,1342408
1,130_bNAb_Combinations|1342408|vc|2|2|nan|4168,1,0,0.321955,5.36207,0.158664,9.83382e-09,False,nan|4168,1342408
1,130_bNAb_Combinations|1342408|vc|3|2|nan|4168,1,5.57726e+07,0.321955,5.36207,0.158664,9.83382e-09,False,nan|4168,1342408
1,130_bNAb_Combinations|1342408|vc|4|2|nan|4168,1,9.79295e-13,0.321955,5.36207,0.158664,9.83382e-09,False,nan|4168,1342408
1,130_bNAb_Combinations|1342408|vc|5|2|nan|4168,1,0.000292258,0.321955,5.36207,0.158664,9.83382e-09,False,nan|4168,1342408
1,130_bNAb_Combinations|1342408|vc|6|2|nan|4168,1,1.0243e-12,0.321955,5.36207,0.158664,9.83382e-09,False,nan|4168,1342408
1,130_bNAb_Combinations|1342408|vc|7|2|nan|4168,1,8.88893e-07,0.321955,5.36207,0.158664,9.83382e-09,False,nan|4168,1342408
1,130_bNAb_Combinations|1342408|vc|8|2|nan|4168,1,1.03838e+09,0.321955,5.36207,0.158664,9.83382e-09,False,nan|4168,1342408
1,704_VRC01_Concordance|1200432|cc|1|1|PVO.4|5024,1,0,0.417873,5.36207,0.158673,9.83382e-09,False,nan|PVO.4,1200432
1,704_VRC01_Concordance|1200432|cc|2|1|PVO.4|5024,1,41797.5,0.417873,5.36207,0.158673,9.83382e-09,False,nan|PVO.4,1200432
1,704_VRC01_Concordance|1200432|cc|3|1|PVO.4|5024,1,1.59872e-07,0.417873,5.36207,0.158673,9.83382e-09,False,nan|PVO.4,1200432
1,704_VRC01_Concordance|1200432|cc|4|1|PVO.4|5024,1,1.78612e-08,0.417873,5.36207,0.158673,9.83382e-09,False,nan|PVO.4,1200432
1,704_VRC01_Concordance|1200432|cc|5|1|PVO.4|5024,1,1779.88,0.417873,5.36207,0.158673,9.83382e-09,False,nan|PVO.4,1200432
1,704_VRC01_Concordance|1200432|cc|6|1|PVO.4|5024,1,3.03571e-08,0.417873,5.36207,0.158673,9.83382e-09,False,nan|PVO.4,1200432
1,704_VRC01_Concordance|1200432|cc|7|1|PVO.4|5024,1,1.67376e+08,0.417873,5.36207,0.158673,9.83382e-09,False,nan|PVO.4,1200432
1,704_VRC01_Concordance|1200432|cc|8|1|PVO.4|5024,1,1.12464e+07,0.417873,5.36207,0.158673,9.83382e-09,False,nan|PVO.4,1200432
1,704_VRC01_Concordance|1200432|sample|10|PVO.4|5024,1,0.166569,0.901297,5.36206,0.158673,9.83382e-09,True,Clinical VRC01|PVO.4,1200432
1,704_VRC01_Concordance|1200432|sample|11|PVO.4|5024,1,1.70336e-09,0.901297,5.36206,0.158673,9.83382e-09,True,Clinical VRC01|PVO.4,1200432
1,704_VRC01_Concordance|1200432|sample|12|PVO.4|5024,1,8.60178e-05,0.901297,5.36206,0.158673,9.83382e-09,True,Clinical VRC01|PVO.4,1200432
1,704_VRC01_Concordance|1200432|sample|3|PVO.4|5024,1,2.627e-05,0.901297,5.36206,0.158673,9.83382e-09,True,Clinical VRC01|PVO.4,1200432
1,704_VRC01_Concordance|1200432|sample|4|PVO.4|5024,1,1.8788e-09,0.901297,5.36206,0.158673,9.83382e-09,True,Clinical VRC01|PVO.4,1200432
1,704_VRC01_Concordance|1200432|sample|5|PVO.4|5024,1,0.0712216,0.901297,5.36206,0.158673,9.83382e-09,True,Clinical VRC01|PVO.4,1200432
1,704_VRC01_Concordance|1200432|sample|6|PVO.4|5024,1,0.00271793,0.901297,5.36206,0.158673,9.83382e-09,True,Clinical VRC01|PVO.4,1200432
1,704_VRC01_Concordance|1200432|sample|7|PVO.4|5024,1,6.65143e-10,0.901297,5.36206,0.158673,9.83382e-09,True,Clinical VRC01|PVO.4,1200432
1,704_VRC01_Concordance|1200432|sample|8|PVO.4|5024,1,0.00246882,0.901297,5.36206,0.158673,9.83382e-09,True,Clinical VRC01|PVO.4,1200432
1,704_VRC01_Concordance|1200432|sample|9|PVO.4|5024,1,0.00349421,0.901297,5.36206,0.158673,9.83382e-09,True,Clinical VRC01|PVO.4,1200432
1,704_VRC01_Concordance|1200432|vc|1|2|PVO.4|5024,1,7.67706e+11,0.417873,5.36207,0.158673,9.83382e-09,False,nan|PVO.4,1200432
1,704_VRC01_Concordance|1200432|vc|2|2|PVO.4|5024,1,4.18758,0.417873,5.36207,0.158673,9.83382e-09,False,nan|PVO.4,1200432
1,704_VRC01_Concordance|1200432|vc|3|2|PVO.4|5024,1,0,0.417873,5.36207,0.158673,9.83382e-09,False,nan|PVO.4,1200432
1,704_VRC01_Concordance|1200432|vc|4|2|PVO.4|5024,1,5.28592e-13,0.417873,5.36207,0.158673,9.83382e-09,False,nan|PVO.4,1200432
1,704_VRC01_Concordance|1200432|vc|5|2|PVO.4|5024,1,11.8341,0.417873,5.36207,0.158673,9.83382e-09,False,nan|PVO.4,1200432
1,704_VRC01_Concordance|1200432|vc|6|2|PVO.4|5024,1,327.498,0.417873,5.36207,0.158673,9.83382e-09,False,nan|PVO.4,1200432
1,704_VRC01_Concordance|1200432|vc|7|2|PVO.4|5024,1,2.14362e-06,0.417873,5.36207,0.158673,9.83382e-09,False,nan|PVO.4,1200432
1,704_VRC01_Concordance|1200432|vc|8|2|PVO.4|5024,1,3767.72,0.417873,5.36207,0.158673,9.83382e-09,False,nan|PVO.4,1200432
