id,U_SAEM,L_SAEM,m_SAEM,e_SAEM,s_SAEM,alpha_SAEM,k_SAEM,U_mode,L_mode,m_mode,e_mode,s_mode,alpha_mode,k_mode,goes_down,mab_virus,run_id
130_bNAb_Combinations|1313842|cc|1|1|nan|2946,1,7.7558e+06,0.728018,12.0925,12.3499,0.109297,1.60095e-10,1,0.999999,0.629373,1,12.3499,0.110122,1.58164e-10,False,nan|2946,1313842
130_bNAb_Combinations|1313842|cc|2|1|nan|2946,1,2.24131e+06,0.743646,16.1091,12.3499,0.109297,1.60095e-10,1,1,0.629373,1,12.3499,0.110122,1.58164e-10,False,nan|2946,1313842
130_bNAb_Combinations|1313842|cc|3|1|nan|2946,1,1.14922e+07,0.698131,7.1297,12.3499,0.109297,1.60095e-10,1,1,0.629373,1,12.3499,0.110122,1.58164e-10,False,nan|2946,1313842
130_bNAb_Combinations|1313842|cc|4|1|nan|2946,1,1.24641e+10,0.704986,7.09503,12.3499,0.109297,1.60095e-10,1,1,0.629373,1,12.3499,0.110122,1.58164e-10,False,nan|2946,1313842
130_bNAb_Combinations|1313842|cc|5|1|nan|2946,1,3.52171e+07,0.714168,11.0297,12.3499,0.109297,1.60095e-10,1,1,0.629373,1,12.3499,0.110122,1.58164e-10,False,nan|2946,1313842
130_bNAb_Combinations|1313842|cc|6|1|nan|2946,1,2.85844e+08,0.744066,10.9795,12.3499,0.109297,1.60095e-10,1,1,0.629373,1,12.3499,0.110122,1.58164e-10,False,nan|2946,1313842
130_bNAb_Combinations|1313842|cc|7|1|nan|2946,1,2.52818e+09,0.712951,10.9162,12.3499,0.109297,1.60095e-10,1,1,0.629373,1,12.3499,0.110122,1.58164e-10,False,nan|2946,1313842
130_bNAb_Combinations|1313842|cc|8|1|nan|2946,1,9.37352e+08,0.6703,5.30641,12.3499,0.109297,1.60095e-10,1,1,0.629373,1,12.3499,0.110122,1.58164e-10,False,nan|2946,1313842
130_bNAb_Combinations|1313842|sample|10|nan|2946,1,0.000576463,0.709535,0.0637606,11.1838,0.109297,1.60095e-10,1,0.0011638,0.682943,0.0603165,11.1838,0.110122,1.58164e-10,True,PGT121|2946,1313842
130_bNAb_Combinations|1313842|sample|11|nan|2946,1,0.00042488,0.795142,0.0871812,8.95472,0.109297,1.60095e-10,1,0.000576668,0.801646,0.0891541,8.95472,0.110122,1.58164e-10,True,VRC07-523LS|2946,1313842
130_bNAb_Combinations|1313842|sample|12|nan|2946,1,0.00019718,0.68013,0.0902595,8.95472,0.109297,1.60095e-10,1,0.000924604,0.673728,0.0885885,8.95472,0.110122,1.58164e-10,True,VRC07-523LS|2946,1313842
130_bNAb_Combinations|1313842|sample|3|nan|2946,1,0.0553049,0.822275,0.0342345,10.6308,0.109297,1.60095e-10,1,0.141442,0.969817,0.0743433,10.6308,0.110122,1.58164e-10,True,PGDM1400|2946,1313842
130_bNAb_Combinations|1313842|sample|4|nan|2946,1,0.0966941,0.913373,0.0715997,10.6308,0.109297,1.60095e-10,1,0.132994,0.93676,0.0756202,10.6308,0.110122,1.58164e-10,True,PGDM1400|2946,1313842
130_bNAb_Combinations|1313842|sample|5|nan|2946,1,0.0576729,0.63016,0.016421,10.6308,0.109297,1.60095e-10,1,0.0577978,0.663974,0.0199558,10.6308,0.110122,1.58164e-10,True,PGDM1400|2946,1313842
130_bNAb_Combinations|1313842|sample|6|nan|2946,1,0.0435129,0.631076,0.0108893,10.6308,0.109297,1.60095e-10,1,0.0431419,0.608091,0.00969784,10.6308,0.110122,1.58164e-10,True,PGDM1400|2946,1313842
130_bNAb_Combinations|1313842|sample|7|nan|2946,1,0.00458577,0.822459,0.0847787,11.1838,0.109297,1.60095e-10,1,0.00783558,0.831972,0.0897798,11.1838,0.110122,1.58164e-10,True,PGT121|2946,1313842
130_bNAb_Combinations|1313842|sample|8|nan|2946,1,0.000884011,0.707395,0.0570183,11.1838,0.109297,1.60095e-10,1,0.0130827,0.869603,0.110682,11.1838,0.110122,1.58164e-10,True,PGT121|2946,1313842
130_bNAb_Combinations|1313842|sample|9|nan|2946,1,0.00199066,0.79277,0.0868057,11.1838,0.109297,1.60095e-10,1,0.00154462,0.74603,0.075876,11.1838,0.110122,1.58164e-10,True,PGT121|2946,1313842
130_bNAb_Combinations|1313842|vc|1|2|nan|2946,1,1.4894e+07,0.709916,6.68464,12.3499,0.109297,1.60095e-10,1,1,0.629373,1,12.3499,0.110122,1.58164e-10,False,nan|2946,1313842
130_bNAb_Combinations|1313842|vc|2|2|nan|2946,1,2.07649e+12,0.704438,5.69212,12.3499,0.109297,1.60095e-10,1,1,0.629373,1,12.3499,0.110122,1.58164e-10,False,nan|2946,1313842
130_bNAb_Combinations|1313842|vc|3|2|nan|2946,1,2.26146e+07,0.711961,5.46905,12.3499,0.109297,1.60095e-10,1,1,0.629373,1,12.3499,0.110122,1.58164e-10,False,nan|2946,1313842
130_bNAb_Combinations|1313842|vc|4|2|nan|2946,1,1.46061e+08,0.74153,8.26074,12.3499,0.109297,1.60095e-10,1,0.999999,0.629373,1,12.3499,0.110122,1.58164e-10,False,nan|2946,1313842
130_bNAb_Combinations|1313842|vc|5|2|nan|2946,1,1.9511e+09,0.715522,4.61889,12.3499,0.109297,1.60095e-10,1,0.999999,0.629373,1,12.3499,0.110122,1.58164e-10,False,nan|2946,1313842
130_bNAb_Combinations|1313842|vc|6|2|nan|2946,1,4.34509e+09,0.732312,8.19966,12.3499,0.109297,1.60095e-10,1,1,0.629373,1,12.3499,0.110122,1.58164e-10,False,nan|2946,1313842
130_bNAb_Combinations|1313842|vc|7|2|nan|2946,1,8.26869e+06,0.742243,11.2513,12.3499,0.109297,1.60095e-10,1,1,0.629373,1,12.3499,0.110122,1.58164e-10,False,nan|2946,1313842
130_bNAb_Combinations|1313842|vc|8|2|nan|2946,1,1.80469e+09,0.739626,7.02985,12.3499,0.109297,1.60095e-10,1,1,0.629373,1,12.3499,0.110122,1.58164e-10,False,nan|2946,1313842
130_bNAb_Combinations|1313860|cc|1|1|PVO.4|5024,1,2.64739e+08,0.708415,28.5395,12.1742,0.109297,1.60096e-10,1,1,0.629373,1,12.1742,0.110122,1.58165e-10,False,nan|PVO.4,1313860
130_bNAb_Combinations|1313860|cc|2|1|PVO.4|5024,1,3.08283e+08,0.733893,16.6887,12.1742,0.109297,1.60096e-10,1,1,0.629373,1,12.1742,0.110122,1.58165e-10,False,nan|PVO.4,1313860
130_bNAb_Combinations|1313860|cc|3|1|PVO.4|5024,1,6.20265e+07,0.721492,7.39019,12.1742,0.109297,1.60096e-10,1,1,0.629373,1,12.1742,0.110122,1.58165e-10,False,nan|PVO.4,1313860
130_bNAb_Combinations|1313860|cc|4|1|PVO.4|5024,1,5.95463e+06,0.694296,7.15986,12.1742,0.109297,1.60096e-10,1,1,0.629373,1,12.1742,0.110122,1.58165e-10,False,nan|PVO.4,1313860
130_bNAb_Combinations|1313860|cc|5|1|PVO.4|5024,1,1.61712e+08,0.736053,15.294,12.1742,0.109297,1.60096e-10,1,1,0.629373,1,12.1742,0.110122,1.58165e-10,False,nan|PVO.4,1313860
130_bNAb_Combinations|1313860|cc|6|1|PVO.4|5024,1,7.17035e+06,0.683537,8.02404,12.1742,0.109297,1.60096e-10,1,1,0.629373,1,12.1742,0.110122,1.58165e-10,False,nan|PVO.4,1313860
130_bNAb_Combinations|1313860|cc|7|1|PVO.4|5024,1,5.33058e+09,0.758328,7.87965,12.1742,0.109297,1.60096e-10,1,1,0.629373,1,12.1742,0.110122,1.58165e-10,False,nan|PVO.4,1313860
130_bNAb_Combinations|1313860|cc|8|1|PVO.4|5024,1,1.11596e+07,0.696274,5.30687,12.1742,0.109297,1.60096e-10,1,1,0.629373,1,12.1742,0.110122,1.58165e-10,False,nan|PVO.4,1313860
130_bNAb_Combinations|1313860|sample|10|PVO.4|5024,1,0.000385944,0.78515,0.234807,10.3297,0.109297,1.60096e-10,1,0.000675601,0.804213,0.254897,10.3297,0.110122,1.58165e-10,True,PGT121|PVO.4,1313860
130_bNAb_Combinations|1313860|sample|11|PVO.4|5024,1,0.000479151,0.807355,0.225361,13.9683,0.109297,1.60096e-10,1,0.000694545,0.802253,0.219803,13.9683,0.110122,1.58165e-10,True,VRC07-523LS|PVO.4,1313860
130_bNAb_Combinations|1313860|sample|12|PVO.4|5024,1,0.000578011,0.921025,0.342773,13.9683,0.109297,1.60096e-10,1,0.000650288,0.853532,0.294194,13.9683,0.110122,1.58165e-10,True,VRC07-523LS|PVO.4,1313860
130_bNAb_Combinations|1313860|sample|3|PVO.4|5024,1,0.00270912,0.853682,0.0279573,13.1061,0.109297,1.60096e-10,1,0.0473679,0.937019,0.0434957,13.1061,0.110122,1.58165e-10,True,PGDM1400|PVO.4,1313860
130_bNAb_Combinations|1313860|sample|4|PVO.4|5024,1,0.0063619,0.907621,0.0312821,13.1061,0.109297,1.60096e-10,1,0.0441435,0.907398,0.0389999,13.1061,0.110122,1.58165e-10,True,PGDM1400|PVO.4,1313860
130_bNAb_Combinations|1313860|sample|5|PVO.4|5024,1,0.000765538,0.664442,0.0136062,13.1061,0.109297,1.60096e-10,1,0.00321394,0.716309,0.0168909,13.1061,0.110122,1.58165e-10,True,PGDM1400|PVO.4,1313860
130_bNAb_Combinations|1313860|sample|6|PVO.4|5024,1,0.00123055,0.76389,0.0218072,13.1061,0.109297,1.60096e-10,1,0.00237523,0.773879,0.023027,13.1061,0.110122,1.58165e-10,True,PGDM1400|PVO.4,1313860
130_bNAb_Combinations|1313860|sample|7|PVO.4|5024,1,0.000316812,0.782527,0.236321,10.3297,0.109297,1.60096e-10,1,0.00122857,0.762602,0.228383,10.3297,0.110122,1.58165e-10,True,PGT121|PVO.4,1313860
130_bNAb_Combinations|1313860|sample|8|PVO.4|5024,1,0.000913226,0.820652,0.25643,10.3297,0.109297,1.60096e-10,1,0.00123981,0.750692,0.225541,10.3297,0.110122,1.58165e-10,True,PGT121|PVO.4,1313860
130_bNAb_Combinations|1313860|sample|9|PVO.4|5024,1,0.000192733,0.827728,0.261611,10.3297,0.109297,1.60096e-10,1,0.000978454,0.801234,0.259596,10.3297,0.110122,1.58165e-10,True,PGT121|PVO.4,1313860
130_bNAb_Combinations|1313860|vc|1|2|PVO.4|5024,1,5.40629e+07,0.695276,25.9266,12.1742,0.109297,1.60096e-10,1,1,0.629373,1,12.1742,0.110122,1.58165e-10,False,nan|PVO.4,1313860
130_bNAb_Combinations|1313860|vc|2|2|PVO.4|5024,1,1.65026e+08,0.731642,16.2428,12.1742,0.109297,1.60096e-10,1,1,0.629373,1,12.1742,0.110122,1.58165e-10,False,nan|PVO.4,1313860
130_bNAb_Combinations|1313860|vc|3|2|PVO.4|5024,1,2.46021e+08,0.714668,22.7454,12.1742,0.109297,1.60096e-10,1,1,0.629373,1,12.1742,0.110122,1.58165e-10,False,nan|PVO.4,1313860
130_bNAb_Combinations|1313860|vc|4|2|PVO.4|5024,1,5.17375e+07,0.732001,7.27556,12.1742,0.109297,1.60096e-10,1,1,0.629373,1,12.1742,0.110122,1.58165e-10,False,nan|PVO.4,1313860
130_bNAb_Combinations|1313860|vc|5|2|PVO.4|5024,1,3.39667e+07,0.727747,8.54943,12.1742,0.109297,1.60096e-10,1,1,0.629373,1,12.1742,0.110122,1.58165e-10,False,nan|PVO.4,1313860
130_bNAb_Combinations|1313860|vc|6|2|PVO.4|5024,1,4.47547e+06,0.733782,12.7341,12.1742,0.109297,1.60096e-10,1,1,0.629373,1,12.1742,0.110122,1.58165e-10,False,nan|PVO.4,1313860
130_bNAb_Combinations|1313860|vc|7|2|PVO.4|5024,1,4.61178e+10,0.704974,11.6204,12.1742,0.109297,1.60096e-10,1,1,0.629373,1,12.1742,0.110122,1.58165e-10,False,nan|PVO.4,1313860
130_bNAb_Combinations|1313860|vc|8|2|PVO.4|5024,1,5.75068e+08,0.707544,8.5832,12.1742,0.109297,1.60096e-10,1,0.999999,0.629373,1,12.1742,0.110122,1.58165e-10,False,nan|PVO.4,1313860
130_bNAb_Combinations|1313884|cc|1|1|nan|4168,1,5.77709e+08,0.734023,11.8603,12.2355,0.109297,1.60094e-10,1,1,0.629373,1,12.2355,0.110122,1.58164e-10,False,nan|4168,1313884
130_bNAb_Combinations|1313884|cc|2|1|nan|4168,1,1.29047e+08,0.701981,6.48649,12.2355,0.109297,1.60094e-10,1,1,0.629373,1,12.2355,0.110122,1.58164e-10,False,nan|4168,1313884
130_bNAb_Combinations|1313884|cc|3|1|nan|4168,1,5.89833e+08,0.73005,14.6888,12.2355,0.109297,1.60094e-10,1,1,0.629373,1,12.2355,0.110122,1.58164e-10,False,nan|4168,1313884
130_bNAb_Combinations|1313884|cc|4|1|nan|4168,1,2.22672e+09,0.704644,10.9898,12.2355,0.109297,1.60094e-10,1,1,0.629373,1,12.2355,0.110122,1.58164e-10,False,nan|4168,1313884
130_bNAb_Combinations|1313884|cc|5|1|nan|4168,1,1.33017e+12,0.731129,17.4606,12.2355,0.109297,1.60094e-10,1,1,0.629373,1,12.2355,0.110122,1.58164e-10,False,nan|4168,1313884
130_bNAb_Combinations|1313884|cc|6|1|nan|4168,1,7.11995e+09,0.741101,12.8445,12.2355,0.109297,1.60094e-10,1,1,0.629373,1,12.2355,0.110122,1.58164e-10,False,nan|4168,1313884
130_bNAb_Combinations|1313884|cc|7|1|nan|4168,1,4.42317e+06,0.700571,21.9009,12.2355,0.109297,1.60094e-10,1,1,0.629373,1,12.2355,0.110122,1.58164e-10,False,nan|4168,1313884
130_bNAb_Combinations|1313884|cc|8|1|nan|4168,1,1.77255e+07,0.730652,8.76833,12.2355,0.109297,1.60094e-10,1,1,0.629373,1,12.2355,0.110122,1.58164e-10,False,nan|4168,1313884
130_bNAb_Combinations|1313884|sample|10|nan|4168,1,0.0598482,0.39977,0.0309052,10.0518,0.109297,1.60094e-10,1,0.066944,0.398229,0.0362584,10.0518,0.110122,1.58164e-10,True,PGT121|4168,1313884
130_bNAb_Combinations|1313884|sample|11|nan|4168,1,0.000307393,0.476551,0.0521838,9.89155,0.109297,1.60094e-10,1,0.00404144,0.510263,0.0725129,9.89155,0.110122,1.58164e-10,True,VRC07-523LS|4168,1313884
130_bNAb_Combinations|1313884|sample|12|nan|4168,1,0.00549495,0.548107,0.114991,9.89155,0.109297,1.60094e-10,1,0.00629095,0.562484,0.130068,9.89155,0.110122,1.58164e-10,True,VRC07-523LS|4168,1313884
130_bNAb_Combinations|1313884|sample|3|nan|4168,1,0.191375,1.10952,0.0397409,11.678,0.109297,1.60094e-10,1,0.235741,1.02412,0.0362128,11.678,0.110122,1.58164e-10,True,PGDM1400|4168,1313884
130_bNAb_Combinations|1313884|sample|4|nan|4168,1,0.0543478,1.11962,0.0258124,11.678,0.109297,1.60094e-10,1,0.254815,1.03214,0.0343942,11.678,0.110122,1.58164e-10,True,PGDM1400|4168,1313884
130_bNAb_Combinations|1313884|sample|5|nan|4168,1,0.0452594,1.06027,0.0179177,11.678,0.109297,1.60094e-10,1,0.0421695,0.961022,0.0148369,11.678,0.110122,1.58164e-10,True,PGDM1400|4168,1313884
130_bNAb_Combinations|1313884|sample|6|nan|4168,1,0.0507314,1.04802,0.0173598,11.678,0.109297,1.60094e-10,1,0.0434504,0.920494,0.0128641,11.678,0.110122,1.58164e-10,True,PGDM1400|4168,1313884
130_bNAb_Combinations|1313884|sample|7|nan|4168,1,0.117359,0.595983,0.171647,10.0518,0.109297,1.60094e-10,1,0.109367,0.547216,0.114962,10.0518,0.110122,1.58164e-10,True,PGT121|4168,1313884
130_bNAb_Combinations|1313884|sample|8|nan|4168,1,0.144019,0.879368,0.707682,10.0518,0.109297,1.60094e-10,1,0.1147,0.609879,0.200635,10.0518,0.110122,1.58164e-10,True,PGT121|4168,1313884
130_bNAb_Combinations|1313884|sample|9|nan|4168,1,0.0728952,0.444938,0.0438886,10.0518,0.109297,1.60094e-10,1,0.0601965,0.402371,0.02627,10.0518,0.110122,1.58164e-10,True,PGT121|4168,1313884
130_bNAb_Combinations|1313884|vc|1|2|nan|4168,1,1.60413e+10,0.719184,7.01699,12.2355,0.109297,1.60094e-10,1,1,0.629373,1,12.2355,0.110122,1.58164e-10,False,nan|4168,1313884
130_bNAb_Combinations|1313884|vc|2|2|nan|4168,1,3.39986e+08,0.712458,9.80329,12.2355,0.109297,1.60094e-10,1,1,0.629373,1,12.2355,0.110122,1.58164e-10,False,nan|4168,1313884
130_bNAb_Combinations|1313884|vc|3|2|nan|4168,1,7.66654e+06,0.725624,7.86632,12.2355,0.109297,1.60094e-10,1,1,0.629373,1,12.2355,0.110122,1.58164e-10,False,nan|4168,1313884
130_bNAb_Combinations|1313884|vc|4|2|nan|4168,1,6.70885e+08,0.703256,15.3066,12.2355,0.109297,1.60094e-10,1,1,0.629373,1,12.2355,0.110122,1.58164e-10,False,nan|4168,1313884
130_bNAb_Combinations|1313884|vc|5|2|nan|4168,1,4.42937e+06,0.723709,10.3041,12.2355,0.109297,1.60094e-10,1,1,0.629373,1,12.2355,0.110122,1.58164e-10,False,nan|4168,1313884
130_bNAb_Combinations|1313884|vc|6|2|nan|4168,1,766722,0.729303,6.7975,12.2355,0.109297,1.60094e-10,1,1,0.629373,1,12.2355,0.110122,1.58164e-10,False,nan|4168,1313884
130_bNAb_Combinations|1313884|vc|7|2|nan|4168,1,2.53012e+12,0.711565,16.8183,12.2355,0.109297,1.60094e-10,1,1,0.629373,1,12.2355,0.110122,1.58164e-10,False,nan|4168,1313884
130_bNAb_Combinations|1313884|vc|8|2|nan|4168,1,2.22084e+08,0.705271,4.69104,12.2355,0.109297,1.60094e-10,1,1,0.629373,1,12.2355,0.110122,1.58164e-10,False,nan|4168,1313884
130_bNAb_Combinations|1313920|cc|1|1|nan|1798,1,1.44532e+08,0.718025,14.0117,10.0485,0.109297,1.60094e-10,1,1,0.629373,1,10.0485,0.110122,1.58164e-10,False,nan|1798,1313920
130_bNAb_Combinations|1313920|cc|2|1|nan|1798,1,3.02298e+07,0.703983,8.66207,10.0485,0.109297,1.60094e-10,1,0.999999,0.629373,1,10.0485,0.110122,1.58164e-10,False,nan|1798,1313920
130_bNAb_Combinations|1313920|cc|3|1|nan|1798,1,1.57816e+07,0.721727,5.57986,10.0485,0.109297,1.60094e-10,1,0.999998,0.629373,1,10.0485,0.110122,1.58164e-10,False,nan|1798,1313920
130_bNAb_Combinations|1313920|cc|4|1|nan|1798,1,6.24071e+08,0.738991,8.53162,10.0485,0.109297,1.60094e-10,1,0.999999,0.629373,1,10.0485,0.110122,1.58164e-10,False,nan|1798,1313920
130_bNAb_Combinations|1313920|cc|5|1|nan|1798,1,1.69834e+08,0.724743,9.44043,10.0485,0.109297,1.60094e-10,1,1,0.629373,1,10.0485,0.110122,1.58164e-10,False,nan|1798,1313920
130_bNAb_Combinations|1313920|cc|6|1|nan|1798,1,3.6899e+07,0.737103,10.6532,10.0485,0.109297,1.60094e-10,1,1,0.629373,1,10.0485,0.110122,1.58164e-10,False,nan|1798,1313920
130_bNAb_Combinations|1313920|cc|7|1|nan|1798,1,3.47923e+07,0.697448,8.31322,10.0485,0.109297,1.60094e-10,1,1,0.629373,1,10.0485,0.110122,1.58164e-10,False,nan|1798,1313920
130_bNAb_Combinations|1313920|cc|8|1|nan|1798,1,4.54627e+06,0.699225,12.9892,10.0485,0.109297,1.60094e-10,1,1,0.629373,1,10.0485,0.110122,1.58164e-10,False,nan|1798,1313920
130_bNAb_Combinations|1313920|sample|10|nan|1798,1,0.00098187,0.887958,0.966168,10.2487,0.109297,1.60094e-10,1,0.000582346,0.728738,0.677245,10.2487,0.110122,1.58164e-10,True,PGT121|1798,1313920
130_bNAb_Combinations|1313920|sample|11|nan|1798,1,0.000371902,0.71002,0.112697,9.79773,0.109297,1.60094e-10,1,0.000615397,0.714786,0.11741,9.79773,0.110122,1.58164e-10,True,VRC07-523LS|1798,1313920
130_bNAb_Combinations|1313920|sample|12|nan|1798,1,0.000463727,0.670967,0.0998973,9.79773,0.109297,1.60094e-10,1,0.000369056,0.720642,0.119487,9.79773,0.110122,1.58164e-10,True,VRC07-523LS|1798,1313920
130_bNAb_Combinations|1313920|sample|3|nan|1798,1,0.134702,0.819944,0.201135,9.08004,0.109297,1.60094e-10,1,0.136847,0.811293,0.196335,9.08004,0.110122,1.58164e-10,True,PGDM1400|1798,1313920
130_bNAb_Combinations|1313920|sample|4|nan|1798,1,0.139949,0.891162,0.25758,9.08004,0.109297,1.60094e-10,1,0.139161,0.77499,0.196843,9.08004,0.110122,1.58164e-10,True,PGDM1400|1798,1313920
130_bNAb_Combinations|1313920|sample|5|nan|1798,1,0.116999,0.631268,0.0828447,9.08004,0.109297,1.60094e-10,1,0.0798824,0.45935,0.0173189,9.08004,0.110122,1.58164e-10,True,PGDM1400|1798,1313920
130_bNAb_Combinations|1313920|sample|6|nan|1798,1,0.0915304,0.522387,0.0509817,9.08004,0.109297,1.60094e-10,1,0.0862083,0.465929,0.0294367,9.08004,0.110122,1.58164e-10,True,PGDM1400|1798,1313920
130_bNAb_Combinations|1313920|sample|7|nan|1798,1,0.000475094,0.806638,0.624626,10.2487,0.109297,1.60094e-10,1,0.00118494,0.843773,0.68131,10.2487,0.110122,1.58164e-10,True,PGT121|1798,1313920
130_bNAb_Combinations|1313920|sample|8|nan|1798,1,0.000863702,0.89178,0.79614,10.2487,0.109297,1.60094e-10,1,0.00112575,0.811874,0.670356,10.2487,0.110122,1.58164e-10,True,PGT121|1798,1313920
130_bNAb_Combinations|1313920|sample|9|nan|1798,1,0.000296424,0.74574,0.651294,10.2487,0.109297,1.60094e-10,1,0.000699872,0.741122,0.642706,10.2487,0.110122,1.58164e-10,True,PGT121|1798,1313920
130_bNAb_Combinations|1313920|vc|1|2|nan|1798,1,510383,0.696519,6.42126,10.0485,0.109297,1.60094e-10,1,0.999999,0.629373,0.999886,10.0485,0.110122,1.58164e-10,False,nan|1798,1313920
130_bNAb_Combinations|1313920|vc|2|2|nan|1798,1,2.80783e+07,0.721267,9.40871,10.0485,0.109297,1.60094e-10,1,1,0.629373,1,10.0485,0.110122,1.58164e-10,False,nan|1798,1313920
130_bNAb_Combinations|1313920|vc|3|2|nan|1798,1,2.81546e+07,0.724038,10.8616,10.0485,0.109297,1.60094e-10,1,1,0.629373,1,10.0485,0.110122,1.58164e-10,False,nan|1798,1313920
130_bNAb_Combinations|1313920|vc|4|2|nan|1798,1,5.85664e+08,0.715219,12.8457,10.0485,0.109297,1.60094e-10,1,1,0.629373,1,10.0485,0.110122,1.58164e-10,False,nan|1798,1313920
130_bNAb_Combinations|1313920|vc|5|2|nan|1798,1,3.93621e+07,0.73377,7.8156,10.0485,0.109297,1.60094e-10,1,1,0.629373,1,10.0485,0.110122,1.58164e-10,False,nan|1798,1313920
130_bNAb_Combinations|1313920|vc|6|2|nan|1798,1,2.18556e+09,0.713357,7.90297,10.0485,0.109297,1.60094e-10,1,0.999999,0.629373,1,10.0485,0.110122,1.58164e-10,False,nan|1798,1313920
130_bNAb_Combinations|1313920|vc|7|2|nan|1798,1,4.12095e+08,0.721584,7.70282,10.0485,0.109297,1.60094e-10,1,1,0.629373,1,10.0485,0.110122,1.58164e-10,False,nan|1798,1313920
130_bNAb_Combinations|1313920|vc|8|2|nan|1798,1,2.58711e+07,0.717014,14.11,10.0485,0.109297,1.60094e-10,1,1,0.629373,1,10.0485,0.110122,1.58164e-10,False,nan|1798,1313920
130_bNAb_Combinations|1313938|cc|1|1|TRO.11|8301,1,6.26693e+09,0.722162,4.09462,12.4953,0.109297,1.60095e-10,1,1,0.629373,1,12.4953,0.110122,1.58165e-10,False,nan|TRO.11,1313938
130_bNAb_Combinations|1313938|cc|2|1|TRO.11|8301,1,4.04018e+06,0.709332,8.29536,12.4953,0.109297,1.60095e-10,1,1,0.629373,1,12.4953,0.110122,1.58165e-10,False,nan|TRO.11,1313938
130_bNAb_Combinations|1313938|cc|3|1|TRO.11|8301,1,1.05317e+06,0.720352,8.11111,12.4953,0.109297,1.60095e-10,1,1,0.629373,1,12.4953,0.110122,1.58165e-10,False,nan|TRO.11,1313938
130_bNAb_Combinations|1313938|cc|4|1|TRO.11|8301,1,3.20617e+09,0.698007,20.5254,12.4953,0.109297,1.60095e-10,1,1,0.629373,1,12.4953,0.110122,1.58165e-10,False,nan|TRO.11,1313938
130_bNAb_Combinations|1313938|cc|5|1|TRO.11|8301,1,3.66947e+06,0.698354,8.54756,12.4953,0.109297,1.60095e-10,1,0.999999,0.629373,0.999999,12.4953,0.110122,1.58165e-10,False,nan|TRO.11,1313938
130_bNAb_Combinations|1313938|cc|6|1|TRO.11|8301,1,3.63502e+07,0.752348,6.79854,12.4953,0.109297,1.60095e-10,1,1,0.629373,1,12.4953,0.110122,1.58165e-10,False,nan|TRO.11,1313938
130_bNAb_Combinations|1313938|cc|7|1|TRO.11|8301,1,3.12185e+07,0.747313,8.67942,12.4953,0.109297,1.60095e-10,1,1,0.629373,1,12.4953,0.110122,1.58165e-10,False,nan|TRO.11,1313938
130_bNAb_Combinations|1313938|cc|8|1|TRO.11|8301,1,1.53266e+07,0.696773,4.63539,12.4953,0.109297,1.60095e-10,1,1,0.629373,1,12.4953,0.110122,1.58165e-10,False,nan|TRO.11,1313938
130_bNAb_Combinations|1313938|sample|10|TRO.11|8301,1,0.000212033,0.760205,1.06191,15.9394,0.109297,1.60095e-10,1,0.000753276,0.786656,1.17471,15.9394,0.110122,1.58165e-10,True,PGT121|TRO.11,1313938
130_bNAb_Combinations|1313938|sample|11|TRO.11|8301,1,0.000891679,0.956992,0.398933,13.9242,0.109297,1.60095e-10,1,0.000542074,0.864473,0.31762,13.9242,0.110122,1.58165e-10,True,VRC07-523LS|TRO.11,1313938
130_bNAb_Combinations|1313938|sample|12|TRO.11|8301,1,0.000546337,0.843613,0.317991,13.9242,0.109297,1.60095e-10,1,0.000523574,0.803086,0.289307,13.9242,0.110122,1.58165e-10,True,VRC07-523LS|TRO.11,1313938
130_bNAb_Combinations|1313938|sample|3|TRO.11|8301,1,0.0338566,1.06786,0.142341,9.54367,0.109297,1.60095e-10,1,0.0339414,0.971969,0.118539,9.54367,0.110122,1.58165e-10,True,PGDM1400|TRO.11,1313938
130_bNAb_Combinations|1313938|sample|4|TRO.11|8301,1,0.0223422,0.923596,0.100973,9.54367,0.109297,1.60095e-10,1,0.0428648,0.972369,0.138345,9.54367,0.110122,1.58165e-10,True,PGDM1400|TRO.11,1313938
130_bNAb_Combinations|1313938|sample|5|TRO.11|8301,1,0.0166329,0.998695,0.123237,9.54367,0.109297,1.60095e-10,1,0.0110123,0.725993,0.0588918,9.54367,0.110122,1.58165e-10,True,PGDM1400|TRO.11,1313938
130_bNAb_Combinations|1313938|sample|6|TRO.11|8301,1,0.00983066,0.712716,0.0529051,9.54367,0.109297,1.60095e-10,1,0.0111556,0.725832,0.0587939,9.54367,0.110122,1.58165e-10,True,PGDM1400|TRO.11,1313938
130_bNAb_Combinations|1313938|sample|7|TRO.11|8301,1,0.000371831,0.765402,0.977676,15.9394,0.109297,1.60095e-10,1,0.000780314,0.790025,1.06972,15.9394,0.110122,1.58165e-10,True,PGT121|TRO.11,1313938
130_bNAb_Combinations|1313938|sample|8|TRO.11|8301,1,0.000353936,0.773177,0.922678,15.9394,0.109297,1.60095e-10,1,0.000861342,0.784011,0.986569,15.9394,0.110122,1.58165e-10,True,PGT121|TRO.11,1313938
130_bNAb_Combinations|1313938|sample|9|TRO.11|8301,1,0.00028887,0.763569,1.08413,15.9394,0.109297,1.60095e-10,1,0.000899035,0.799681,1.24715,15.9394,0.110122,1.58165e-10,True,PGT121|TRO.11,1313938
130_bNAb_Combinations|1313938|vc|1|2|TRO.11|8301,1,4.10479e+06,0.749103,21.0845,12.4953,0.109297,1.60095e-10,1,1,0.629373,1,12.4953,0.110122,1.58165e-10,False,nan|TRO.11,1313938
130_bNAb_Combinations|1313938|vc|2|2|TRO.11|8301,1,1.64618e+07,0.69274,16.3462,12.4953,0.109297,1.60095e-10,1,1,0.629373,1,12.4953,0.110122,1.58165e-10,False,nan|TRO.11,1313938
130_bNAb_Combinations|1313938|vc|3|2|TRO.11|8301,1,8.78387e+06,0.731056,12.619,12.4953,0.109297,1.60095e-10,1,1,0.629373,1,12.4953,0.110122,1.58165e-10,False,nan|TRO.11,1313938
130_bNAb_Combinations|1313938|vc|4|2|TRO.11|8301,1,2.1432e+07,0.73404,7.81012,12.4953,0.109297,1.60095e-10,1,0.999999,0.629373,1,12.4953,0.110122,1.58165e-10,False,nan|TRO.11,1313938
130_bNAb_Combinations|1313938|vc|5|2|TRO.11|8301,1,8.44405e+06,0.719775,13.4215,12.4953,0.109297,1.60095e-10,1,1,0.629373,1,12.4953,0.110122,1.58165e-10,False,nan|TRO.11,1313938
130_bNAb_Combinations|1313938|vc|6|2|TRO.11|8301,1,2.34357e+06,0.733721,8.02578,12.4953,0.109297,1.60095e-10,1,1,0.629373,1,12.4953,0.110122,1.58165e-10,False,nan|TRO.11,1313938
130_bNAb_Combinations|1313938|vc|7|2|TRO.11|8301,1,1.15278e+08,0.735769,7.28277,12.4953,0.109297,1.60095e-10,1,1,0.629373,1,12.4953,0.110122,1.58165e-10,False,nan|TRO.11,1313938
130_bNAb_Combinations|1313938|vc|8|2|TRO.11|8301,1,7.7674e+07,0.706236,24.2771,12.4953,0.109297,1.60095e-10,1,1,0.629373,1,12.4953,0.110122,1.58165e-10,False,nan|TRO.11,1313938
130_bNAb_Combinations|1313956|cc|1|1|Ce1176_A3|7023,1,9.16842e+06,0.732731,8.4089,11.866,0.109296,1.60094e-10,1,1,0.629373,1,11.866,0.110121,1.58164e-10,False,nan|Ce1176_A3,1313956
130_bNAb_Combinations|1313956|cc|2|1|Ce1176_A3|7023,1,1.67193e+07,0.706171,10.2623,11.866,0.109296,1.60094e-10,1,1,0.629373,1,11.866,0.110121,1.58164e-10,False,nan|Ce1176_A3,1313956
130_bNAb_Combinations|1313956|cc|3|1|Ce1176_A3|7023,1,2.61654e+08,0.721134,7.66634,11.866,0.109296,1.60094e-10,1,1,0.629373,1,11.866,0.110121,1.58164e-10,False,nan|Ce1176_A3,1313956
130_bNAb_Combinations|1313956|cc|4|1|Ce1176_A3|7023,1,7.44345e+06,0.693809,7.40293,11.866,0.109296,1.60094e-10,1,1,0.629373,1,11.866,0.110121,1.58164e-10,False,nan|Ce1176_A3,1313956
130_bNAb_Combinations|1313956|cc|5|1|Ce1176_A3|7023,1,1.34937e+08,0.74181,8.65426,11.866,0.109296,1.60094e-10,1,1,0.629373,1,11.866,0.110121,1.58164e-10,False,nan|Ce1176_A3,1313956
130_bNAb_Combinations|1313956|cc|6|1|Ce1176_A3|7023,1,3.31267e+06,0.745938,4.29014,11.866,0.109296,1.60094e-10,1,1,0.629373,1,11.866,0.110121,1.58164e-10,False,nan|Ce1176_A3,1313956
130_bNAb_Combinations|1313956|cc|7|1|Ce1176_A3|7023,1,1.40791e+08,0.698754,9.52359,11.866,0.109296,1.60094e-10,1,1,0.629373,1,11.866,0.110121,1.58164e-10,False,nan|Ce1176_A3,1313956
130_bNAb_Combinations|1313956|cc|8|1|Ce1176_A3|7023,1,1.48536e+06,0.684893,8.33765,11.866,0.109296,1.60094e-10,1,1,0.629373,1,11.866,0.110121,1.58164e-10,False,nan|Ce1176_A3,1313956
130_bNAb_Combinations|1313956|sample|10|Ce1176_A3|7023,1,0.000288807,0.654215,0.548784,18.3281,0.109296,1.60094e-10,1,0.000408226,0.728301,0.766309,18.3281,0.110121,1.58164e-10,True,PGT121|Ce1176_A3,1313956
130_bNAb_Combinations|1313956|sample|11|Ce1176_A3|7023,1,0.00033192,0.705976,0.143771,9.72377,0.109296,1.60094e-10,1,0.000516053,0.755407,0.164335,9.72377,0.110121,1.58164e-10,True,VRC07-523LS|Ce1176_A3,1313956
130_bNAb_Combinations|1313956|sample|12|Ce1176_A3|7023,1,0.000478199,0.568089,0.110592,9.72377,0.109296,1.60094e-10,1,0.00051956,0.578541,0.116905,9.72377,0.110121,1.58164e-10,True,VRC07-523LS|Ce1176_A3,1313956
130_bNAb_Combinations|1313956|sample|3|Ce1176_A3|7023,1,0.22868,0.814547,0.125997,9.46218,0.109296,1.60094e-10,1,0.229359,0.748853,0.105239,9.46218,0.110121,1.58164e-10,True,PGDM1400|Ce1176_A3,1313956
130_bNAb_Combinations|1313956|sample|4|Ce1176_A3|7023,1,0.224884,0.788245,0.120706,9.46218,0.109296,1.60094e-10,1,0.23001,0.833038,0.14935,9.46218,0.110121,1.58164e-10,True,PGDM1400|Ce1176_A3,1313956
130_bNAb_Combinations|1313956|sample|5|Ce1176_A3|7023,1,0.0975947,0.456597,0.00449628,9.46218,0.109296,1.60094e-10,1,0.104508,0.499032,0.00676654,9.46218,0.110121,1.58164e-10,True,PGDM1400|Ce1176_A3,1313956
130_bNAb_Combinations|1313956|sample|6|Ce1176_A3|7023,1,0.0609728,0.401018,0.00259496,9.46218,0.109296,1.60094e-10,1,0.0935492,0.465348,0.00608116,9.46218,0.110121,1.58164e-10,True,PGDM1400|Ce1176_A3,1313956
130_bNAb_Combinations|1313956|sample|7|Ce1176_A3|7023,1,0.000564778,0.899795,1.02313,18.3281,0.109296,1.60094e-10,1,0.000887068,0.848022,0.935088,18.3281,0.110121,1.58164e-10,True,PGT121|Ce1176_A3,1313956
130_bNAb_Combinations|1313956|sample|8|Ce1176_A3|7023,1,0.000278998,0.895423,1.01427,18.3281,0.109296,1.60094e-10,1,0.000597504,0.869079,0.952597,18.3281,0.110121,1.58164e-10,True,PGT121|Ce1176_A3,1313956
130_bNAb_Combinations|1313956|sample|9|Ce1176_A3|7023,1,0.000138079,0.826015,1.00471,18.3281,0.109296,1.60094e-10,1,0.000604689,0.80587,0.958737,18.3281,0.110121,1.58164e-10,True,PGT121|Ce1176_A3,1313956
130_bNAb_Combinations|1313956|vc|1|2|Ce1176_A3|7023,1,1.26927e+09,0.747645,7.29746,11.866,0.109296,1.60094e-10,1,1,0.629373,1,11.866,0.110121,1.58164e-10,False,nan|Ce1176_A3,1313956
130_bNAb_Combinations|1313956|vc|2|2|Ce1176_A3|7023,1,2.30788e+10,0.707157,4.98134,11.866,0.109296,1.60094e-10,1,1,0.629373,1,11.866,0.110121,1.58164e-10,False,nan|Ce1176_A3,1313956
130_bNAb_Combinations|1313956|vc|3|2|Ce1176_A3|7023,1,1.29632e+07,0.689722,18.3024,11.866,0.109296,1.60094e-10,1,1,0.629373,1,11.866,0.110121,1.58164e-10,False,nan|Ce1176_A3,1313956
130_bNAb_Combinations|1313956|vc|4|2|Ce1176_A3|7023,1,7.7452e+07,0.717898,12.231,11.866,0.109296,1.60094e-10,1,1,0.629373,1,11.866,0.110121,1.58164e-10,False,nan|Ce1176_A3,1313956
130_bNAb_Combinations|1313956|vc|5|2|Ce1176_A3|7023,1,3.79841e+11,0.70103,18.8591,11.866,0.109296,1.60094e-10,1,1,0.629373,1,11.866,0.110121,1.58164e-10,False,nan|Ce1176_A3,1313956
130_bNAb_Combinations|1313956|vc|6|2|Ce1176_A3|7023,1,3.90064e+08,0.721339,6.68237,11.866,0.109296,1.60094e-10,1,1,0.629373,1,11.866,0.110121,1.58164e-10,False,nan|Ce1176_A3,1313956
130_bNAb_Combinations|1313956|vc|7|2|Ce1176_A3|7023,1,5.86088e+07,0.740348,11.3967,11.866,0.109296,1.60094e-10,1,1,0.629373,1,11.866,0.110121,1.58164e-10,False,nan|Ce1176_A3,1313956
130_bNAb_Combinations|1313956|vc|8|2|Ce1176_A3|7023,1,1.31567e+07,0.723749,11.5426,11.866,0.109296,1.60094e-10,1,1,0.629373,1,11.866,0.110121,1.58164e-10,False,nan|Ce1176_A3,1313956
130_bNAb_Combinations|1313974|cc|1|1|nan|1176,1,2.00379e+06,0.704528,25.5544,12.0612,0.202414,1.60094e-10,1,1,0.629373,1,12.0612,0.201005,1.58164e-10,False,nan|1176,1313974
130_bNAb_Combinations|1313974|cc|2|1|nan|1176,1,1.27384e+06,0.735665,9.60976,12.0612,0.202414,1.60094e-10,1,1,0.629373,1,12.0612,0.201005,1.58164e-10,False,nan|1176,1313974
130_bNAb_Combinations|1313974|cc|3|1|nan|1176,1,3.66646e+07,0.724695,12.9874,12.0612,0.202414,1.60094e-10,1,1,0.629373,1,12.0612,0.201005,1.58164e-10,False,nan|1176,1313974
130_bNAb_Combinations|1313974|cc|4|1|nan|1176,1,1.11813e+09,0.738115,6.04025,12.0612,0.202414,1.60094e-10,1,1,0.629373,1,12.0612,0.201005,1.58164e-10,False,nan|1176,1313974
130_bNAb_Combinations|1313974|cc|5|1|nan|1176,1,3.67676e+06,0.724948,10.8967,12.0612,0.202414,1.60094e-10,1,1,0.629373,1,12.0612,0.201005,1.58164e-10,False,nan|1176,1313974
130_bNAb_Combinations|1313974|cc|6|1|nan|1176,1,3.103e+08,0.707383,9.127,12.0612,0.202414,1.60094e-10,1,1,0.629373,1,12.0612,0.201005,1.58164e-10,False,nan|1176,1313974
130_bNAb_Combinations|1313974|cc|7|1|nan|1176,1,2.35356e+08,0.718773,5.4124,12.0612,0.202414,1.60094e-10,1,1,0.629373,1,12.0612,0.201005,1.58164e-10,False,nan|1176,1313974
130_bNAb_Combinations|1313974|cc|8|1|nan|1176,1,4.18793e+09,0.700339,10.7673,12.0612,0.202414,1.60094e-10,1,1,0.629373,1,12.0612,0.201005,1.58164e-10,False,nan|1176,1313974
130_bNAb_Combinations|1313974|sample|10|nan|1176,1,0.0400987,0.638707,0.0158844,7.36507,0.202414,1.60094e-10,1,0.0714234,0.699998,0.0241423,7.36507,0.201005,1.58164e-10,True,PGT121|1176,1313974
130_bNAb_Combinations|1313974|sample|11|nan|1176,1,0.00890121,0.843324,0.601222,11.0704,0.202414,1.60094e-10,1,0.008735,0.782587,0.518042,11.0704,0.201005,1.58164e-10,True,VRC07-523LS|1176,1313974
130_bNAb_Combinations|1313974|sample|12|nan|1176,1,0.00740364,0.601715,0.479243,11.0704,0.202414,1.60094e-10,1,0.00576732,0.622588,0.536861,11.0704,0.201005,1.58164e-10,True,VRC07-523LS|1176,1313974
130_bNAb_Combinations|1313974|sample|3|nan|1176,1,0.029315,0.807616,0.972103,11.2363,0.202414,1.60094e-10,1,0.0306062,0.843329,1.11642,11.2363,0.201005,1.58164e-10,True,PGDM1400|1176,1313974
130_bNAb_Combinations|1313974|sample|4|nan|1176,1,0.0210193,0.608418,0.332711,11.2363,0.202414,1.60094e-10,1,0.0250352,0.675319,0.50146,11.2363,0.201005,1.58164e-10,True,PGDM1400|1176,1313974
130_bNAb_Combinations|1313974|sample|5|nan|1176,1,0.0291115,0.459604,0.15439,11.2363,0.202414,1.60094e-10,1,0.0292736,0.473988,0.161233,11.2363,0.201005,1.58164e-10,True,PGDM1400|1176,1313974
130_bNAb_Combinations|1313974|sample|6|nan|1176,1,0.0202533,0.411675,0.0624681,11.2363,0.202414,1.60094e-10,1,0.0262875,0.42779,0.0815573,11.2363,0.201005,1.58164e-10,True,PGDM1400|1176,1313974
130_bNAb_Combinations|1313974|sample|7|nan|1176,1,0.161231,1.05707,0.145405,7.36507,0.202414,1.60094e-10,1,0.158898,1.09912,0.17013,7.36507,0.201005,1.58164e-10,True,PGT121|1176,1313974
130_bNAb_Combinations|1313974|sample|8|nan|1176,1,0.000826859,0.804036,0.0400707,7.36507,0.202414,1.60094e-10,1,0.0978918,0.958585,0.0898431,7.36507,0.201005,1.58164e-10,True,PGT121|1176,1313974
130_bNAb_Combinations|1313974|sample|9|nan|1176,1,0.0869976,0.82815,0.0381202,7.36507,0.202414,1.60094e-10,1,0.0935409,0.786029,0.0364501,7.36507,0.201005,1.58164e-10,True,PGT121|1176,1313974
130_bNAb_Combinations|1313974|vc|1|2|nan|1176,1,3.19517e+08,0.743118,12.832,12.0612,0.202414,1.60094e-10,1,1,0.629373,1,12.0612,0.201005,1.58164e-10,False,nan|1176,1313974
130_bNAb_Combinations|1313974|vc|2|2|nan|1176,1,9.06655e+09,0.72546,16.5902,12.0612,0.202414,1.60094e-10,1,1,0.629373,1,12.0612,0.201005,1.58164e-10,False,nan|1176,1313974
130_bNAb_Combinations|1313974|vc|3|2|nan|1176,1,2.60749e+10,0.686381,6.7879,12.0612,0.202414,1.60094e-10,1,1,0.629373,1,12.0612,0.201005,1.58164e-10,False,nan|1176,1313974
130_bNAb_Combinations|1313974|vc|4|2|nan|1176,1,2.62466e+08,0.692062,19.1397,12.0612,0.202414,1.60094e-10,1,1,0.629373,1,12.0612,0.201005,1.58164e-10,False,nan|1176,1313974
130_bNAb_Combinations|1313974|vc|5|2|nan|1176,1,1.37569e+07,0.717092,14.8314,12.0612,0.202414,1.60094e-10,1,0.99875,0.629373,1,12.0612,0.201005,1.58164e-10,False,nan|1176,1313974
130_bNAb_Combinations|1313974|vc|6|2|nan|1176,1,8.2021e+09,0.70116,21.8734,12.0612,0.202414,1.60094e-10,1,1,0.629373,1,12.0612,0.201005,1.58164e-10,False,nan|1176,1313974
130_bNAb_Combinations|1313974|vc|7|2|nan|1176,1,1.08769e+09,0.746757,5.46062,12.0612,0.202414,1.60094e-10,1,1,0.629373,1,12.0612,0.201005,1.58164e-10,False,nan|1176,1313974
130_bNAb_Combinations|1313974|vc|8|2|nan|1176,1,6.15102e+06,0.678611,7.80861,12.0612,0.202414,1.60094e-10,1,1,0.629373,1,12.0612,0.201005,1.58164e-10,False,nan|1176,1313974
130_bNAb_Combinations|1313992|cc|1|1|RHPA4259.7|5371,1,6.98065e+07,0.705829,10.2157,13.8559,0.109297,1.60094e-10,1,1,0.629373,1,13.8559,0.110122,1.58164e-10,False,nan|RHPA4259.7,1313992
130_bNAb_Combinations|1313992|cc|2|1|RHPA4259.7|5371,1,7.01363e+06,0.703875,41.1182,13.8559,0.109297,1.60094e-10,1,0.999999,0.629373,1,13.8559,0.110122,1.58164e-10,False,nan|RHPA4259.7,1313992
130_bNAb_Combinations|1313992|cc|3|1|RHPA4259.7|5371,1,4.86639e+07,0.702119,9.85845,13.8559,0.109297,1.60094e-10,1,1,0.629373,1,13.8559,0.110122,1.58164e-10,False,nan|RHPA4259.7,1313992
130_bNAb_Combinations|1313992|cc|4|1|RHPA4259.7|5371,1,3.27686e+07,0.745339,6.2114,13.8559,0.109297,1.60094e-10,1,1,0.629373,1,13.8559,0.110122,1.58164e-10,False,nan|RHPA4259.7,1313992
130_bNAb_Combinations|1313992|cc|5|1|RHPA4259.7|5371,1,2.32222e+07,0.738294,7.24918,13.8559,0.109297,1.60094e-10,1,1,0.629373,1,13.8559,0.110122,1.58164e-10,False,nan|RHPA4259.7,1313992
130_bNAb_Combinations|1313992|cc|6|1|RHPA4259.7|5371,1,8.60523e+07,0.693906,7.64484,13.8559,0.109297,1.60094e-10,1,1,0.629373,1,13.8559,0.110122,1.58164e-10,False,nan|RHPA4259.7,1313992
130_bNAb_Combinations|1313992|cc|7|1|RHPA4259.7|5371,1,141727,0.719202,11.2262,13.8559,0.109297,1.60094e-10,1,1,0.629373,1,13.8559,0.110122,1.58164e-10,False,nan|RHPA4259.7,1313992
130_bNAb_Combinations|1313992|cc|8|1|RHPA4259.7|5371,1,4.26858e+06,0.735957,12.7674,13.8559,0.109297,1.60094e-10,1,1,0.629373,1,13.8559,0.110122,1.58164e-10,False,nan|RHPA4259.7,1313992
130_bNAb_Combinations|1313992|sample|10|RHPA4259.7|5371,1,0.000322568,0.669075,0.766189,14.2779,0.109297,1.60094e-10,1,0.000926038,0.710368,0.906233,14.2779,0.110122,1.58164e-10,True,PGT121|RHPA4259.7,1313992
130_bNAb_Combinations|1313992|sample|11|RHPA4259.7|5371,1,0.000178592,0.566136,0.715003,13.1424,0.109297,1.60094e-10,1,0.00046954,0.604451,0.878008,13.1424,0.110122,1.58164e-10,True,VRC07-523LS|RHPA4259.7,1313992
130_bNAb_Combinations|1313992|sample|12|RHPA4259.7|5371,1,0.000215159,0.615292,0.73396,13.1424,0.109297,1.60094e-10,1,0.000365773,0.604001,0.713317,13.1424,0.110122,1.58164e-10,True,VRC07-523LS|RHPA4259.7,1313992
130_bNAb_Combinations|1313992|sample|3|RHPA4259.7|5371,1,0.00702991,0.89047,0.116286,9.96494,0.109297,1.60094e-10,1,0.0136196,0.973723,0.147503,9.96494,0.110122,1.58164e-10,True,PGDM1400|RHPA4259.7,1313992
130_bNAb_Combinations|1313992|sample|4|RHPA4259.7|5371,1,0.000814959,0.767315,0.0793538,9.96494,0.109297,1.60094e-10,1,0.0134203,0.916625,0.129685,9.96494,0.110122,1.58164e-10,True,PGDM1400|RHPA4259.7,1313992
130_bNAb_Combinations|1313992|sample|5|RHPA4259.7|5371,1,0.0028334,0.888241,0.120683,9.96494,0.109297,1.60094e-10,1,0.0045324,0.920537,0.135059,9.96494,0.110122,1.58164e-10,True,PGDM1400|RHPA4259.7,1313992
130_bNAb_Combinations|1313992|sample|6|RHPA4259.7|5371,1,0.0027067,0.81692,0.103126,9.96494,0.109297,1.60094e-10,1,0.00409239,0.812449,0.106928,9.96494,0.110122,1.58164e-10,True,PGDM1400|RHPA4259.7,1313992
130_bNAb_Combinations|1313992|sample|7|RHPA4259.7|5371,1,0.000888384,0.731972,0.901597,14.2779,0.109297,1.60094e-10,1,0.00197554,0.771522,1.06467,14.2779,0.110122,1.58164e-10,True,PGT121|RHPA4259.7,1313992
130_bNAb_Combinations|1313992|sample|8|RHPA4259.7|5371,1,0.000353173,0.842576,1.04364,14.2779,0.109297,1.60094e-10,1,0.000969961,0.804836,0.989736,14.2779,0.110122,1.58164e-10,True,PGT121|RHPA4259.7,1313992
130_bNAb_Combinations|1313992|sample|9|RHPA4259.7|5371,1,0.000367846,0.774391,1.02819,14.2779,0.109297,1.60094e-10,1,0.000692414,0.770782,1.0316,14.2779,0.110122,1.58164e-10,True,PGT121|RHPA4259.7,1313992
130_bNAb_Combinations|1313992|vc|1|2|RHPA4259.7|5371,1,2.36796e+08,0.713739,12.6173,13.8559,0.109297,1.60094e-10,1,1,0.629373,1,13.8559,0.110122,1.58164e-10,False,nan|RHPA4259.7,1313992
130_bNAb_Combinations|1313992|vc|2|2|RHPA4259.7|5371,1,1.37853e+07,0.72565,9.44248,13.8559,0.109297,1.60094e-10,1,1,0.629373,1,13.8559,0.110122,1.58164e-10,False,nan|RHPA4259.7,1313992
130_bNAb_Combinations|1313992|vc|3|2|RHPA4259.7|5371,1,7.89993e+08,0.742162,14.1208,13.8559,0.109297,1.60094e-10,1,1,0.629373,1,13.8559,0.110122,1.58164e-10,False,nan|RHPA4259.7,1313992
130_bNAb_Combinations|1313992|vc|4|2|RHPA4259.7|5371,1,6.29117e+09,0.729703,12.1779,13.8559,0.109297,1.60094e-10,1,1,0.629373,1,13.8559,0.110122,1.58164e-10,False,nan|RHPA4259.7,1313992
130_bNAb_Combinations|1313992|vc|5|2|RHPA4259.7|5371,1,1.69762e+06,0.744281,8.24464,13.8559,0.109297,1.60094e-10,1,1,0.629373,1,13.8559,0.110122,1.58164e-10,False,nan|RHPA4259.7,1313992
130_bNAb_Combinations|1313992|vc|6|2|RHPA4259.7|5371,1,8.37138e+07,0.708488,9.27782,13.8559,0.109297,1.60094e-10,1,1,0.629373,1,13.8559,0.110122,1.58164e-10,False,nan|RHPA4259.7,1313992
130_bNAb_Combinations|1313992|vc|7|2|RHPA4259.7|5371,1,1.0963e+08,0.747452,10.6671,13.8559,0.109297,1.60094e-10,1,1,0.629373,1,13.8559,0.110122,1.58164e-10,False,nan|RHPA4259.7,1313992
130_bNAb_Combinations|1313992|vc|8|2|RHPA4259.7|5371,1,1.12124e+07,0.743391,10.4511,13.8559,0.109297,1.60094e-10,1,1,0.629373,1,13.8559,0.110122,1.58164e-10,False,nan|RHPA4259.7,1313992
130_bNAb_Combinations|1314016|cc|1|1|nan|3430,1,2.53433e+07,0.696243,8.98761,10.9215,0.109297,1.60094e-10,1,1,0.629373,1,10.9215,0.110122,1.58164e-10,False,nan|3430,1314016
130_bNAb_Combinations|1314016|cc|2|1|nan|3430,1,2.53577e+08,0.703196,12.0195,10.9215,0.109297,1.60094e-10,1,1,0.629373,1,10.9215,0.110122,1.58164e-10,False,nan|3430,1314016
130_bNAb_Combinations|1314016|cc|3|1|nan|3430,1,239329,0.705992,14.1345,10.9215,0.109297,1.60094e-10,1,1,0.629373,1,10.9215,0.110122,1.58164e-10,False,nan|3430,1314016
130_bNAb_Combinations|1314016|cc|4|1|nan|3430,1,2.0794e+09,0.71282,9.71827,10.9215,0.109297,1.60094e-10,1,0.999999,0.629373,1,10.9215,0.110122,1.58164e-10,False,nan|3430,1314016
130_bNAb_Combinations|1314016|cc|5|1|nan|3430,1,5.09197e+10,0.685477,11.5167,10.9215,0.109297,1.60094e-10,1,1,0.629373,1,10.9215,0.110122,1.58164e-10,False,nan|3430,1314016
130_bNAb_Combinations|1314016|cc|6|1|nan|3430,1,4.12392e+09,0.7077,10.4184,10.9215,0.109297,1.60094e-10,1,1,0.629373,1,10.9215,0.110122,1.58164e-10,False,nan|3430,1314016
130_bNAb_Combinations|1314016|cc|7|1|nan|3430,1,4.34156e+07,0.750261,10.0296,10.9215,0.109297,1.60094e-10,1,1,0.629373,1,10.9215,0.110122,1.58164e-10,False,nan|3430,1314016
130_bNAb_Combinations|1314016|cc|8|1|nan|3430,1,1.31089e+07,0.736528,16.626,10.9215,0.109297,1.60094e-10,1,1,0.629373,1,10.9215,0.110122,1.58164e-10,False,nan|3430,1314016
130_bNAb_Combinations|1314016|sample|10|nan|3430,1,0.0103551,0.52928,0.124679,14.6348,0.109297,1.60094e-10,1,0.0119425,0.558298,0.146168,14.6348,0.110122,1.58164e-10,True,PGT121|3430,1314016
130_bNAb_Combinations|1314016|sample|11|nan|3430,1,0.000423994,0.711978,0.565583,12.2157,0.109297,1.60094e-10,1,0.0016961,0.716269,0.591097,12.2157,0.110122,1.58164e-10,True,VRC07-523LS|3430,1314016
130_bNAb_Combinations|1314016|sample|12|nan|3430,1,0.000235879,0.749999,0.703762,12.2157,0.109297,1.60094e-10,1,0.000952747,0.767933,0.745343,12.2157,0.110122,1.58164e-10,True,VRC07-523LS|3430,1314016
130_bNAb_Combinations|1314016|sample|3|nan|3430,1,0.0106277,0.718296,5.40239,13.4867,0.109297,1.60094e-10,1,0.0115106,0.736666,5.73904,13.4867,0.110122,1.58164e-10,True,PGDM1400|3430,1314016
130_bNAb_Combinations|1314016|sample|4|nan|3430,1,0.00867853,0.791662,6.09505,13.4867,0.109297,1.60094e-10,1,0.00909584,0.787065,6.16529,13.4867,0.110122,1.58164e-10,True,PGDM1400|3430,1314016
130_bNAb_Combinations|1314016|sample|5|nan|3430,1,0.012944,0.676926,5.30164,13.4867,0.109297,1.60094e-10,1,0.0128773,0.64143,4.64794,13.4867,0.110122,1.58164e-10,True,PGDM1400|3430,1314016
130_bNAb_Combinations|1314016|sample|6|nan|3430,1,0.00899801,0.546773,2.82786,13.4867,0.109297,1.60094e-10,1,0.00938247,0.549457,2.79082,13.4867,0.110122,1.58164e-10,True,PGDM1400|3430,1314016
130_bNAb_Combinations|1314016|sample|7|nan|3430,1,0.0118092,0.65461,0.185436,14.6348,0.109297,1.60094e-10,1,0.0106329,0.655577,0.179235,14.6348,0.110122,1.58164e-10,True,PGT121|3430,1314016
130_bNAb_Combinations|1314016|sample|8|nan|3430,1,0.0213688,0.669056,0.216484,14.6348,0.109297,1.60094e-10,1,0.0138822,0.585412,0.124124,14.6348,0.110122,1.58164e-10,True,PGT121|3430,1314016
130_bNAb_Combinations|1314016|sample|9|nan|3430,1,0.00463832,0.450585,0.0492259,14.6348,0.109297,1.60094e-10,1,0.00856599,0.498106,0.0849198,14.6348,0.110122,1.58164e-10,True,PGT121|3430,1314016
130_bNAb_Combinations|1314016|vc|1|2|nan|3430,1,3.47028e+08,0.708639,9.63714,10.9215,0.109297,1.60094e-10,1,1,0.629373,1,10.9215,0.110122,1.58164e-10,False,nan|3430,1314016
130_bNAb_Combinations|1314016|vc|2|2|nan|3430,1,3.97929e+07,0.718446,5.85725,10.9215,0.109297,1.60094e-10,1,1,0.629373,1,10.9215,0.110122,1.58164e-10,False,nan|3430,1314016
130_bNAb_Combinations|1314016|vc|3|2|nan|3430,1,4.61551e+11,0.751872,9.78388,10.9215,0.109297,1.60094e-10,1,1,0.629373,1,10.9215,0.110122,1.58164e-10,False,nan|3430,1314016
130_bNAb_Combinations|1314016|vc|4|2|nan|3430,1,6.58022e+06,0.73726,12.7303,10.9215,0.109297,1.60094e-10,1,1,0.629373,1,10.9215,0.110122,1.58164e-10,False,nan|3430,1314016
130_bNAb_Combinations|1314016|vc|5|2|nan|3430,1,1.06916e+08,0.74132,6.93677,10.9215,0.109297,1.60094e-10,1,1,0.629373,1,10.9215,0.110122,1.58164e-10,False,nan|3430,1314016
130_bNAb_Combinations|1314016|vc|6|2|nan|3430,1,8.42352e+06,0.700758,9.25817,10.9215,0.109297,1.60094e-10,1,1,0.629373,1,10.9215,0.110122,1.58164e-10,False,nan|3430,1314016
130_bNAb_Combinations|1314016|vc|7|2|nan|3430,1,8.55747e+07,0.689501,8.57832,10.9215,0.109297,1.60094e-10,1,0.999999,0.629373,1,10.9215,0.110122,1.58164e-10,False,nan|3430,1314016
130_bNAb_Combinations|1314016|vc|8|2|nan|3430,1,2.71431e+07,0.718188,8.22402,10.9215,0.109297,1.60094e-10,1,1,0.629373,0.999999,10.9215,0.110122,1.58164e-10,False,nan|3430,1314016
130_bNAb_Combinations|1314040|cc|1|1|nan|4166,1,2.12516e+07,0.695148,12.8318,11.962,0.109297,1.60094e-10,1,1,0.629373,1,11.962,0.110122,1.58164e-10,False,nan|4166,1314040
130_bNAb_Combinations|1314040|cc|2|1|nan|4166,1,7.15148e+06,0.745244,7.72875,11.962,0.109297,1.60094e-10,1,1,0.629373,1,11.962,0.110122,1.58164e-10,False,nan|4166,1314040
130_bNAb_Combinations|1314040|cc|3|1|nan|4166,1,6.09706e+08,0.716388,10.5196,11.962,0.109297,1.60094e-10,1,1,0.629373,1,11.962,0.110122,1.58164e-10,False,nan|4166,1314040
130_bNAb_Combinations|1314040|cc|4|1|nan|4166,1,1.47095e+06,0.700834,15.1126,11.962,0.109297,1.60094e-10,1,1,0.629373,1,11.962,0.110122,1.58164e-10,False,nan|4166,1314040
130_bNAb_Combinations|1314040|cc|5|1|nan|4166,1,3.33936e+07,0.701516,10.9195,11.962,0.109297,1.60094e-10,1,1,0.629373,1,11.962,0.110122,1.58164e-10,False,nan|4166,1314040
130_bNAb_Combinations|1314040|cc|6|1|nan|4166,1,1.75267e+07,0.686534,8.44593,11.962,0.109297,1.60094e-10,1,1,0.629373,1,11.962,0.110122,1.58164e-10,False,nan|4166,1314040
130_bNAb_Combinations|1314040|cc|7|1|nan|4166,1,4.93792e+06,0.712444,11.4679,11.962,0.109297,1.60094e-10,1,1,0.629373,1,11.962,0.110122,1.58164e-10,False,nan|4166,1314040
130_bNAb_Combinations|1314040|cc|8|1|nan|4166,1,1.29782e+07,0.697987,10.3415,11.962,0.109297,1.60094e-10,1,1,0.629373,1,11.962,0.110122,1.58164e-10,False,nan|4166,1314040
130_bNAb_Combinations|1314040|sample|10|nan|4166,1,0.00055757,0.855605,4.26301,11.3608,0.109297,1.60094e-10,1,0.00126193,0.866884,4.40726,11.3608,0.110122,1.58164e-10,True,PGT121|4166,1314040
130_bNAb_Combinations|1314040|sample|11|nan|4166,1,0.000470084,0.698703,1.2619,12.2436,0.109297,1.60094e-10,1,0.00126601,0.761196,1.53855,12.2436,0.110122,1.58164e-10,True,VRC07-523LS|4166,1314040
130_bNAb_Combinations|1314040|sample|12|nan|4166,1,0.000547435,0.616244,1.25748,12.2436,0.109297,1.60094e-10,1,0.000952074,0.601405,1.1709,12.2436,0.110122,1.58164e-10,True,VRC07-523LS|4166,1314040
130_bNAb_Combinations|1314040|sample|3|nan|4166,1,0.00871987,0.611757,1.33103,15.2078,0.109297,1.60094e-10,1,0.00995331,0.683259,2.01253,15.2078,0.110122,1.58164e-10,True,PGDM1400|4166,1314040
130_bNAb_Combinations|1314040|sample|4|nan|4166,1,0.0133557,0.709411,1.77668,15.2078,0.109297,1.60094e-10,1,0.0164469,0.821444,2.97092,15.2078,0.110122,1.58164e-10,True,PGDM1400|4166,1314040
130_bNAb_Combinations|1314040|sample|5|nan|4166,1,0.0122635,0.677981,1.95369,15.2078,0.109297,1.60094e-10,1,0.0113096,0.640109,1.62051,15.2078,0.110122,1.58164e-10,True,PGDM1400|4166,1314040
130_bNAb_Combinations|1314040|sample|6|nan|4166,1,0.0106319,0.649793,1.60518,15.2078,0.109297,1.60094e-10,1,0.0105023,0.662049,1.68278,15.2078,0.110122,1.58164e-10,True,PGDM1400|4166,1314040
130_bNAb_Combinations|1314040|sample|7|nan|4166,1,0.00113237,0.951493,3.78504,11.3608,0.109297,1.60094e-10,1,0.00198325,0.94771,3.91286,11.3608,0.110122,1.58164e-10,True,PGT121|4166,1314040
130_bNAb_Combinations|1314040|sample|8|nan|4166,1,0.00108936,0.924401,3.23957,11.3608,0.109297,1.60094e-10,1,0.00271896,0.947949,3.72657,11.3608,0.110122,1.58164e-10,True,PGT121|4166,1314040
130_bNAb_Combinations|1314040|sample|9|nan|4166,1,0.000860919,0.825718,3.03527,11.3608,0.109297,1.60094e-10,1,0.00150096,0.842826,3.20726,11.3608,0.110122,1.58164e-10,True,PGT121|4166,1314040
130_bNAb_Combinations|1314040|vc|1|2|nan|4166,1,3.71171e+07,0.735519,22.1952,11.962,0.109297,1.60094e-10,1,1,0.629373,1,11.962,0.110122,1.58164e-10,False,nan|4166,1314040
130_bNAb_Combinations|1314040|vc|2|2|nan|4166,1,4.30186e+06,0.736751,8.01627,11.962,0.109297,1.60094e-10,1,1,0.629373,1,11.962,0.110122,1.58164e-10,False,nan|4166,1314040
130_bNAb_Combinations|1314040|vc|3|2|nan|4166,1,3.84147e+06,0.737749,5.1506,11.962,0.109297,1.60094e-10,1,1,0.629373,1,11.962,0.110122,1.58164e-10,False,nan|4166,1314040
130_bNAb_Combinations|1314040|vc|4|2|nan|4166,1,7.90446e+10,0.714324,6.92439,11.962,0.109297,1.60094e-10,1,1,0.629373,1,11.962,0.110122,1.58164e-10,False,nan|4166,1314040
130_bNAb_Combinations|1314040|vc|5|2|nan|4166,1,6.15085e+08,0.733825,11.7233,11.962,0.109297,1.60094e-10,1,1,0.629373,1,11.962,0.110122,1.58164e-10,False,nan|4166,1314040
130_bNAb_Combinations|1314040|vc|6|2|nan|4166,1,2.67945e+09,0.713462,8.26501,11.962,0.109297,1.60094e-10,1,1,0.629373,1,11.962,0.110122,1.58164e-10,False,nan|4166,1314040
130_bNAb_Combinations|1314040|vc|7|2|nan|4166,1,1.18955e+08,0.712665,7.18586,11.962,0.109297,1.60094e-10,1,1,0.629373,1,11.962,0.110122,1.58164e-10,False,nan|4166,1314040
130_bNAb_Combinations|1314040|vc|8|2|nan|4166,1,6.95325e+07,0.738122,8.95588,11.962,0.109297,1.60094e-10,1,1,0.629373,1,11.962,0.110122,1.58164e-10,False,nan|4166,1314040
130_bNAb_Combinations|1314058|cc|1|1|nan|2944,1,1.33458e+08,0.747359,11.4307,12.0033,0.109297,1.60094e-10,1,0.999999,0.629373,1,12.0033,0.110122,1.58164e-10,False,nan|2944,1314058
130_bNAb_Combinations|1314058|cc|2|1|nan|2944,1,2.61481e+08,0.734172,9.91241,12.0033,0.109297,1.60094e-10,1,1,0.629373,1,12.0033,0.110122,1.58164e-10,False,nan|2944,1314058
130_bNAb_Combinations|1314058|cc|3|1|nan|2944,1,4.41921e+06,0.694967,4.67672,12.0033,0.109297,1.60094e-10,1,1,0.629373,1,12.0033,0.110122,1.58164e-10,False,nan|2944,1314058
130_bNAb_Combinations|1314058|cc|4|1|nan|2944,1,2.21516e+07,0.741815,14.5109,12.0033,0.109297,1.60094e-10,1,1,0.629373,1,12.0033,0.110122,1.58164e-10,False,nan|2944,1314058
130_bNAb_Combinations|1314058|cc|5|1|nan|2944,1,2.87197e+07,0.72789,6.02813,12.0033,0.109297,1.60094e-10,1,1,0.629373,1,12.0033,0.110122,1.58164e-10,False,nan|2944,1314058
130_bNAb_Combinations|1314058|cc|6|1|nan|2944,1,7.34167e+10,0.699519,6.58478,12.0033,0.109297,1.60094e-10,1,1,0.629373,1,12.0033,0.110122,1.58164e-10,False,nan|2944,1314058
130_bNAb_Combinations|1314058|cc|7|1|nan|2944,1,2.47225e+08,0.725972,5.16719,12.0033,0.109297,1.60094e-10,1,1,0.629373,1,12.0033,0.110122,1.58164e-10,False,nan|2944,1314058
130_bNAb_Combinations|1314058|cc|8|1|nan|2944,1,1.75082e+06,0.699789,16.18,12.0033,0.109297,1.60094e-10,1,0.999999,0.629373,1,12.0033,0.110122,1.58164e-10,False,nan|2944,1314058
130_bNAb_Combinations|1314058|sample|10|nan|2944,1,0.00151833,0.930979,2.73435,15.48,0.109297,1.60094e-10,1,0.00265261,0.939103,2.87368,15.48,0.110122,1.58164e-10,True,PGT121|2944,1314058
130_bNAb_Combinations|1314058|sample|11|nan|2944,1,0.000309305,0.759738,0.229958,16.7205,0.109297,1.60094e-10,1,0.00143575,0.758065,0.231188,16.7205,0.110122,1.58164e-10,True,VRC07-523LS|2944,1314058
130_bNAb_Combinations|1314058|sample|12|nan|2944,1,0.000449554,0.580829,0.108748,16.7205,0.109297,1.60094e-10,1,0.000896021,0.615631,0.132328,16.7205,0.110122,1.58164e-10,True,VRC07-523LS|2944,1314058
130_bNAb_Combinations|1314058|sample|3|nan|2944,1,0.00589083,0.853666,22.221,10.2985,0.109297,1.60094e-10,1,0.00641946,0.881899,24.6848,10.2985,0.110122,1.58164e-10,True,PGDM1400|2944,1314058
130_bNAb_Combinations|1314058|sample|4|nan|2944,1,0.00687424,0.747405,17.5366,10.2985,0.109297,1.60094e-10,1,0.00909125,0.918154,30.8332,10.2985,0.110122,1.58164e-10,True,PGDM1400|2944,1314058
130_bNAb_Combinations|1314058|sample|5|nan|2944,1,0.00391504,0.469514,6.0293,10.2985,0.109297,1.60094e-10,1,0.00520965,0.528074,9.20747,10.2985,0.110122,1.58164e-10,True,PGDM1400|2944,1314058
130_bNAb_Combinations|1314058|sample|6|nan|2944,1,0.00575869,0.620307,18.9476,10.2985,0.109297,1.60094e-10,1,0.00508008,0.604103,17.801,10.2985,0.110122,1.58164e-10,True,PGDM1400|2944,1314058
130_bNAb_Combinations|1314058|sample|7|nan|2944,1,0.00424229,0.705812,1.34545,15.48,0.109297,1.60094e-10,1,0.00436054,0.68918,1.32982,15.48,0.110122,1.58164e-10,True,PGT121|2944,1314058
130_bNAb_Combinations|1314058|sample|8|nan|2944,1,0.00207928,1.07831,3.08538,15.48,0.109297,1.60094e-10,1,0.00319557,0.936599,2.3751,15.48,0.110122,1.58164e-10,True,PGT121|2944,1314058
130_bNAb_Combinations|1314058|sample|9|nan|2944,1,0.00247711,0.909094,2.78064,15.48,0.109297,1.60094e-10,1,0.00329617,0.908166,2.86972,15.48,0.110122,1.58164e-10,True,PGT121|2944,1314058
130_bNAb_Combinations|1314058|vc|1|2|nan|2944,1,8.64595e+09,0.716812,9.01482,12.0033,0.109297,1.60094e-10,1,0.999999,0.629373,1,12.0033,0.110122,1.58164e-10,False,nan|2944,1314058
130_bNAb_Combinations|1314058|vc|2|2|nan|2944,1,3.06212e+09,0.721891,7.16589,12.0033,0.109297,1.60094e-10,1,1,0.629373,1,12.0033,0.110122,1.58164e-10,False,nan|2944,1314058
130_bNAb_Combinations|1314058|vc|3|2|nan|2944,1,9.02724e+06,0.692313,16.5125,12.0033,0.109297,1.60094e-10,1,1,0.629373,1,12.0033,0.110122,1.58164e-10,False,nan|2944,1314058
130_bNAb_Combinations|1314058|vc|4|2|nan|2944,1,3.72328e+09,0.750237,8.12426,12.0033,0.109297,1.60094e-10,1,1,0.629373,1,12.0033,0.110122,1.58164e-10,False,nan|2944,1314058
130_bNAb_Combinations|1314058|vc|5|2|nan|2944,1,8.70643e+09,0.712483,12.0856,12.0033,0.109297,1.60094e-10,1,1,0.629373,1,12.0033,0.110122,1.58164e-10,False,nan|2944,1314058
130_bNAb_Combinations|1314058|vc|6|2|nan|2944,1,2.03718e+07,0.695507,6.60638,12.0033,0.109297,1.60094e-10,1,1,0.629373,1,12.0033,0.110122,1.58164e-10,False,nan|2944,1314058
130_bNAb_Combinations|1314058|vc|7|2|nan|2944,1,1.77391e+10,0.721354,6.10091,12.0033,0.109297,1.60094e-10,1,1,0.629373,1,12.0033,0.110122,1.58164e-10,False,nan|2944,1314058
130_bNAb_Combinations|1314058|vc|8|2|nan|2944,1,4.43555e+08,0.686408,6.47448,12.0033,0.109297,1.60094e-10,1,1,0.629373,1,12.0033,0.110122,1.58164e-10,False,nan|2944,1314058
130_bNAb_Combinations|1342240|cc|1|1|nan|1798,1,7.24708e+09,0.729426,6.11198,10.0485,0.109298,1.60094e-10,1,1,0.629373,1,10.0485,0.110123,1.58164e-10,False,nan|1798,1342240
130_bNAb_Combinations|1342240|cc|2|1|nan|1798,1,5.62279e+07,0.712596,12.0541,10.0485,0.109298,1.60094e-10,1,1,0.629373,1,10.0485,0.110123,1.58164e-10,False,nan|1798,1342240
130_bNAb_Combinations|1342240|cc|3|1|nan|1798,1,1.74156e+06,0.722895,30.104,10.0485,0.109298,1.60094e-10,1,1,0.629373,1,10.0485,0.110123,1.58164e-10,False,nan|1798,1342240
130_bNAb_Combinations|1342240|cc|4|1|nan|1798,1,1.88355e+08,0.741694,8.46375,10.0485,0.109298,1.60094e-10,1,1,0.629373,1,10.0485,0.110123,1.58164e-10,False,nan|1798,1342240
130_bNAb_Combinations|1342240|cc|5|1|nan|1798,1,8.41811e+09,0.743727,9.72954,10.0485,0.109298,1.60094e-10,1,1,0.629373,1,10.0485,0.110123,1.58164e-10,False,nan|1798,1342240
130_bNAb_Combinations|1342240|cc|6|1|nan|1798,1,2.15895e+06,0.678652,8.12616,10.0485,0.109298,1.60094e-10,1,1,0.629373,1,10.0485,0.110123,1.58164e-10,False,nan|1798,1342240
130_bNAb_Combinations|1342240|cc|7|1|nan|1798,1,6.41225e+07,0.733089,8.91112,10.0485,0.109298,1.60094e-10,1,1,0.629373,1,10.0485,0.110123,1.58164e-10,False,nan|1798,1342240
130_bNAb_Combinations|1342240|cc|8|1|nan|1798,1,8.5451e+06,0.696625,11.3806,10.0485,0.109298,1.60094e-10,1,1,0.629373,1,10.0485,0.110123,1.58164e-10,False,nan|1798,1342240
130_bNAb_Combinations|1342240|sample|3|nan|1798,1,0.000867659,1.04094,0.14507,9.79773,0.109298,1.60094e-10,1,0.00124666,0.995702,0.138615,9.79773,0.110123,1.58164e-10,True,VRC07-523LS|1798,1342240
130_bNAb_Combinations|1342240|sample|4|nan|1798,1,0.000236752,1.10812,0.159685,9.79773,0.109298,1.60094e-10,1,0.00059238,1.01116,0.144996,9.79773,0.110123,1.58164e-10,True,VRC07-523LS|1798,1342240
130_bNAb_Combinations|1342240|sample|8|nan|1798,1,0.000477018,0.867352,5.66698,9.79773,0.109298,1.60094e-10,1,0.00100603,0.847557,1,9.79773,0.110123,1.58164e-10,True,VRC07-523LS|1798,1342240
130_bNAb_Combinations|1342240|vc|1|2|nan|1798,1,2.44099e+06,0.730518,9.27361,10.0485,0.109298,1.60094e-10,1,1,0.629373,1,10.0485,0.110123,1.58164e-10,False,nan|1798,1342240
130_bNAb_Combinations|1342240|vc|2|2|nan|1798,1,3.32676e+08,0.70814,10.6172,10.0485,0.109298,1.60094e-10,1,1,0.629373,1,10.0485,0.110123,1.58164e-10,False,nan|1798,1342240
130_bNAb_Combinations|1342240|vc|3|2|nan|1798,1,1.73324e+07,0.693718,8.74493,10.0485,0.109298,1.60094e-10,1,1,0.629373,0.999999,10.0485,0.110123,1.58164e-10,False,nan|1798,1342240
130_bNAb_Combinations|1342240|vc|4|2|nan|1798,1,1.24118e+07,0.727956,5.60793,10.0485,0.109298,1.60094e-10,1,1,0.629373,1,10.0485,0.110123,1.58164e-10,False,nan|1798,1342240
130_bNAb_Combinations|1342240|vc|5|2|nan|1798,1,3.17227e+07,0.704986,12.603,10.0485,0.109298,1.60094e-10,1,1,0.629373,1,10.0485,0.110123,1.58164e-10,False,nan|1798,1342240
130_bNAb_Combinations|1342240|vc|6|2|nan|1798,1,1.78412e+07,0.704083,34.5539,10.0485,0.109298,1.60094e-10,1,1,0.629373,1,10.0485,0.110123,1.58164e-10,False,nan|1798,1342240
130_bNAb_Combinations|1342240|vc|7|2|nan|1798,1,4.16162e+06,0.727776,24.784,10.0485,0.109298,1.60094e-10,1,1,0.629373,1,10.0485,0.110123,1.58164e-10,False,nan|1798,1342240
130_bNAb_Combinations|1342240|vc|8|2|nan|1798,1,536885,0.723979,3.99878,10.0485,0.109298,1.60094e-10,1,1,0.629373,1,10.0485,0.110123,1.58164e-10,False,nan|1798,1342240
130_bNAb_Combinations|1342258|cc|1|1|TRO.11|8301,1,1.05005e+06,0.742248,15.1154,12.4953,0.0363736,1.60094e-10,1,1,0.629373,1,12.4953,0.0379198,1.58164e-10,False,nan|TRO.11,1342258
130_bNAb_Combinations|1342258|cc|2|1|TRO.11|8301,1,2.57601e+06,0.709636,10.9916,12.4953,0.0363736,1.60094e-10,1,1,0.629373,1,12.4953,0.0379198,1.58164e-10,False,nan|TRO.11,1342258
130_bNAb_Combinations|1342258|cc|3|1|TRO.11|8301,1,2.15577e+09,0.70844,13.4252,12.4953,0.0363736,1.60094e-10,1,1,0.629373,1,12.4953,0.0379198,1.58164e-10,False,nan|TRO.11,1342258
130_bNAb_Combinations|1342258|cc|4|1|TRO.11|8301,1,2.73057e+09,0.727306,9.95226,12.4953,0.0363736,1.60094e-10,1,0.999999,0.629373,1,12.4953,0.0379198,1.58164e-10,False,nan|TRO.11,1342258
130_bNAb_Combinations|1342258|cc|5|1|TRO.11|8301,1,7.83037e+07,0.755772,5.02976,12.4953,0.0363736,1.60094e-10,1,0.999998,0.629373,1,12.4953,0.0379198,1.58164e-10,False,nan|TRO.11,1342258
130_bNAb_Combinations|1342258|cc|6|1|TRO.11|8301,1,1.82997e+06,0.68877,8.01552,12.4953,0.0363736,1.60094e-10,1,1,0.629373,1,12.4953,0.0379198,1.58164e-10,False,nan|TRO.11,1342258
130_bNAb_Combinations|1342258|cc|7|1|TRO.11|8301,1,4.6868e+07,0.705882,10.8964,12.4953,0.0363736,1.60094e-10,1,1,0.629373,1,12.4953,0.0379198,1.58164e-10,False,nan|TRO.11,1342258
130_bNAb_Combinations|1342258|cc|8|1|TRO.11|8301,1,2.93391e+11,0.740453,5.32052,12.4953,0.0363736,1.60094e-10,1,1,0.629373,1,12.4953,0.0379198,1.58164e-10,False,nan|TRO.11,1342258
130_bNAb_Combinations|1342258|sample|3|TRO.11|8301,1,0.00058542,0.971603,0.385524,13.9242,0.0363736,1.60094e-10,1,0.00108485,0.916755,0.359836,13.9242,0.0379198,1.58164e-10,True,VRC07-523LS|TRO.11,1342258
130_bNAb_Combinations|1342258|sample|4|TRO.11|8301,1,0.000496266,0.958749,0.360995,13.9242,0.0363736,1.60094e-10,1,0.00116183,0.876342,0.303305,13.9242,0.0379198,1.58164e-10,True,VRC07-523LS|TRO.11,1342258
130_bNAb_Combinations|1342258|vc|1|2|TRO.11|8301,1,1.38886e+09,0.694902,17.4088,12.4953,0.0363736,1.60094e-10,1,1,0.629373,1,12.4953,0.0379198,1.58164e-10,False,nan|TRO.11,1342258
130_bNAb_Combinations|1342258|vc|2|2|TRO.11|8301,1,5.83502e+10,0.700155,9.78777,12.4953,0.0363736,1.60094e-10,1,0.999999,0.629373,1,12.4953,0.0379198,1.58164e-10,False,nan|TRO.11,1342258
130_bNAb_Combinations|1342258|vc|3|2|TRO.11|8301,1,2.6124e+11,0.70334,18.4714,12.4953,0.0363736,1.60094e-10,1,1,0.629373,1,12.4953,0.0379198,1.58164e-10,False,nan|TRO.11,1342258
130_bNAb_Combinations|1342258|vc|4|2|TRO.11|8301,1,1.52414e+09,0.710267,8.9808,12.4953,0.0363736,1.60094e-10,1,1,0.629373,1,12.4953,0.0379198,1.58164e-10,False,nan|TRO.11,1342258
130_bNAb_Combinations|1342258|vc|5|2|TRO.11|8301,1,8.81306e+07,0.693245,9.26168,12.4953,0.0363736,1.60094e-10,1,1,0.629373,1,12.4953,0.0379198,1.58164e-10,False,nan|TRO.11,1342258
130_bNAb_Combinations|1342258|vc|6|2|TRO.11|8301,1,3.73183e+06,0.700729,13.5019,12.4953,0.0363736,1.60094e-10,1,1,0.629373,1,12.4953,0.0379198,1.58164e-10,False,nan|TRO.11,1342258
130_bNAb_Combinations|1342258|vc|7|2|TRO.11|8301,1,1.18555e+10,0.704368,8.88915,12.4953,0.0363736,1.60094e-10,1,0.999999,0.629373,1,12.4953,0.0379198,1.58164e-10,False,nan|TRO.11,1342258
130_bNAb_Combinations|1342258|vc|8|2|TRO.11|8301,1,1.08237e+08,0.748965,7.97146,12.4953,0.0363736,1.60094e-10,1,0.999999,0.629373,1,12.4953,0.0379198,1.58164e-10,False,nan|TRO.11,1342258
130_bNAb_Combinations|1342276|cc|1|1|Ce1176_A3|7023,1,1.94029e+06,0.679754,8.13649,11.866,0.109297,1.60094e-10,1,1,0.629373,1,11.866,0.110122,1.58164e-10,False,nan|Ce1176_A3,1342276
130_bNAb_Combinations|1342276|cc|2|1|Ce1176_A3|7023,1,7.56278e+07,0.735499,9.80594,11.866,0.109297,1.60094e-10,1,0.999999,0.629373,1,11.866,0.110122,1.58164e-10,False,nan|Ce1176_A3,1342276
130_bNAb_Combinations|1342276|cc|3|1|Ce1176_A3|7023,1,7.19119e+06,0.707338,19.5659,11.866,0.109297,1.60094e-10,1,1,0.629373,1,11.866,0.110122,1.58164e-10,False,nan|Ce1176_A3,1342276
130_bNAb_Combinations|1342276|cc|4|1|Ce1176_A3|7023,1,1.79659e+09,0.691906,12.8691,11.866,0.109297,1.60094e-10,1,0.999999,0.629373,1,11.866,0.110122,1.58164e-10,False,nan|Ce1176_A3,1342276
130_bNAb_Combinations|1342276|cc|5|1|Ce1176_A3|7023,1,1.02909e+09,0.738356,8.52789,11.866,0.109297,1.60094e-10,1,1,0.629373,1,11.866,0.110122,1.58164e-10,False,nan|Ce1176_A3,1342276
130_bNAb_Combinations|1342276|cc|6|1|Ce1176_A3|7023,1,1.23543e+07,0.727518,8.1211,11.866,0.109297,1.60094e-10,1,1,0.629373,1,11.866,0.110122,1.58164e-10,False,nan|Ce1176_A3,1342276
130_bNAb_Combinations|1342276|cc|7|1|Ce1176_A3|7023,1,5.05164e+07,0.723331,9.62931,11.866,0.109297,1.60094e-10,1,1,0.629373,1,11.866,0.110122,1.58164e-10,False,nan|Ce1176_A3,1342276
130_bNAb_Combinations|1342276|cc|8|1|Ce1176_A3|7023,1,1.91299e+07,0.694121,13.4975,11.866,0.109297,1.60094e-10,1,1,0.629373,1,11.866,0.110122,1.58164e-10,False,nan|Ce1176_A3,1342276
130_bNAb_Combinations|1342276|sample|3|Ce1176_A3|7023,1,0.000501116,0.912559,0.16527,9.72377,0.109297,1.60094e-10,1,0.00126691,0.890422,0.164912,9.72377,0.110122,1.58164e-10,True,VRC07-523LS|Ce1176_A3,1342276
130_bNAb_Combinations|1342276|sample|4|Ce1176_A3|7023,1,0.000316577,0.866937,0.140109,9.72377,0.109297,1.60094e-10,1,0.00076518,0.887539,0.14684,9.72377,0.110122,1.58164e-10,True,VRC07-523LS|Ce1176_A3,1342276
130_bNAb_Combinations|1342276|vc|1|2|Ce1176_A3|7023,1,2.74479e+07,0.705704,13.6397,11.866,0.109297,1.60094e-10,1,1,0.629373,1,11.866,0.110122,1.58164e-10,False,nan|Ce1176_A3,1342276
130_bNAb_Combinations|1342276|vc|2|2|Ce1176_A3|7023,1,3.57326e+09,0.714786,53.6325,11.866,0.109297,1.60094e-10,1,1,0.629373,1,11.866,0.110122,1.58164e-10,False,nan|Ce1176_A3,1342276
130_bNAb_Combinations|1342276|vc|3|2|Ce1176_A3|7023,1,2.88759e+07,0.719143,12.0965,11.866,0.109297,1.60094e-10,1,1,0.629373,1,11.866,0.110122,1.58164e-10,False,nan|Ce1176_A3,1342276
130_bNAb_Combinations|1342276|vc|4|2|Ce1176_A3|7023,1,1.74324e+06,0.696622,12.0998,11.866,0.109297,1.60094e-10,1,1,0.629373,1,11.866,0.110122,1.58164e-10,False,nan|Ce1176_A3,1342276
130_bNAb_Combinations|1342276|vc|5|2|Ce1176_A3|7023,1,5.27396e+07,0.716894,7.77802,11.866,0.109297,1.60094e-10,1,1,0.629373,1.00003,11.866,0.110122,1.58164e-10,False,nan|Ce1176_A3,1342276
130_bNAb_Combinations|1342276|vc|6|2|Ce1176_A3|7023,1,801847,0.727677,19.7401,11.866,0.109297,1.60094e-10,1,1,0.629373,1,11.866,0.110122,1.58164e-10,False,nan|Ce1176_A3,1342276
130_bNAb_Combinations|1342276|vc|7|2|Ce1176_A3|7023,1,4.29599e+06,0.700124,11.2112,11.866,0.109297,1.60094e-10,1,0.999999,0.629373,1,11.866,0.110122,1.58164e-10,False,nan|Ce1176_A3,1342276
130_bNAb_Combinations|1342276|vc|8|2|Ce1176_A3|7023,1,3.67186e+07,0.723628,9.55066,11.866,0.109297,1.60094e-10,1,0.999999,0.629373,1,11.866,0.110122,1.58164e-10,False,nan|Ce1176_A3,1342276
130_bNAb_Combinations|1342294|cc|1|1|nan|1176,1,2.42599e+06,0.723734,4.76026,12.0612,0.109297,1.60094e-10,1,1,0.629373,1,12.0612,0.110122,1.58164e-10,False,nan|1176,1342294
130_bNAb_Combinations|1342294|cc|2|1|nan|1176,1,6.13548e+07,0.724119,7.62332,12.0612,0.109297,1.60094e-10,1,1,0.629373,1,12.0612,0.110122,1.58164e-10,False,nan|1176,1342294
130_bNAb_Combinations|1342294|cc|3|1|nan|1176,1,2.64245e+07,0.722059,7.61627,12.0612,0.109297,1.60094e-10,1,1,0.629373,1,12.0612,0.110122,1.58164e-10,False,nan|1176,1342294
130_bNAb_Combinations|1342294|cc|4|1|nan|1176,1,2.15429e+06,0.733336,9.66308,12.0612,0.109297,1.60094e-10,1,1,0.629373,1,12.0612,0.110122,1.58164e-10,False,nan|1176,1342294
130_bNAb_Combinations|1342294|cc|5|1|nan|1176,1,3.32794e+07,0.727307,9.93568,12.0612,0.109297,1.60094e-10,1,1,0.629373,1,12.0612,0.110122,1.58164e-10,False,nan|1176,1342294
130_bNAb_Combinations|1342294|cc|6|1|nan|1176,1,2.82169e+06,0.73391,13.6786,12.0612,0.109297,1.60094e-10,1,1,0.629373,1,12.0612,0.110122,1.58164e-10,False,nan|1176,1342294
130_bNAb_Combinations|1342294|cc|7|1|nan|1176,1,2.64105e+07,0.711558,61.6795,12.0612,0.109297,1.60094e-10,1,1,0.629373,1,12.0612,0.110122,1.58164e-10,False,nan|1176,1342294
130_bNAb_Combinations|1342294|cc|8|1|nan|1176,1,5.96964e+08,0.73365,12.0754,12.0612,0.109297,1.60094e-10,1,0.999998,0.629373,1,12.0612,0.110122,1.58164e-10,False,nan|1176,1342294
130_bNAb_Combinations|1342294|sample|3|nan|1176,1,0.00658663,0.675434,0.489686,11.0704,0.109297,1.60094e-10,1,0.00595978,0.687143,0.508504,11.0704,0.110122,1.58164e-10,True,VRC07-523LS|1176,1342294
130_bNAb_Combinations|1342294|sample|4|nan|1176,1,0.00437013,0.799504,0.564803,11.0704,0.109297,1.60094e-10,1,0.00503005,0.805307,0.588192,11.0704,0.110122,1.58164e-10,True,VRC07-523LS|1176,1342294
130_bNAb_Combinations|1342294|sample|8|nan|1176,1,0.00898259,0.893309,8.27811,11.0704,0.109297,1.60094e-10,1,0.00964424,0.847557,1,11.0704,0.110122,1.58164e-10,True,VRC07-523LS|1176,1342294
130_bNAb_Combinations|1342294|vc|1|2|nan|1176,1,4.432e+08,0.729462,10.5241,12.0612,0.109297,1.60094e-10,1,1,0.629373,1,12.0612,0.110122,1.58164e-10,False,nan|1176,1342294
130_bNAb_Combinations|1342294|vc|2|2|nan|1176,1,1.2314e+11,0.735999,9.97066,12.0612,0.109297,1.60094e-10,1,1,0.629373,1,12.0612,0.110122,1.58164e-10,False,nan|1176,1342294
130_bNAb_Combinations|1342294|vc|3|2|nan|1176,1,1.2978e+06,0.697912,10.9491,12.0612,0.109297,1.60094e-10,1,0.999999,0.629373,1,12.0612,0.110122,1.58164e-10,False,nan|1176,1342294
130_bNAb_Combinations|1342294|vc|4|2|nan|1176,1,1.1794e+08,0.725603,7.24141,12.0612,0.109297,1.60094e-10,1,1,0.629373,1,12.0612,0.110122,1.58164e-10,False,nan|1176,1342294
130_bNAb_Combinations|1342294|vc|5|2|nan|1176,1,7.40134e+08,0.73019,8.0835,12.0612,0.109297,1.60094e-10,1,1,0.629373,1,12.0612,0.110122,1.58164e-10,False,nan|1176,1342294
130_bNAb_Combinations|1342294|vc|6|2|nan|1176,1,3.01331e+07,0.718902,9.35476,12.0612,0.109297,1.60094e-10,1,1,0.629373,1,12.0612,0.110122,1.58164e-10,False,nan|1176,1342294
130_bNAb_Combinations|1342294|vc|7|2|nan|1176,1,2.24231e+07,0.715583,13.7837,12.0612,0.109297,1.60094e-10,1,1,0.629373,1,12.0612,0.110122,1.58164e-10,False,nan|1176,1342294
130_bNAb_Combinations|1342294|vc|8|2|nan|1176,1,687801,0.722609,10.3689,12.0612,0.109297,1.60094e-10,1,1,0.629373,1,12.0612,0.110122,1.58164e-10,False,nan|1176,1342294
130_bNAb_Combinations|1342312|cc|1|1|RHPA4259.7|5371,1,1.47831e+07,0.69313,11.8989,13.8559,0.109304,1.60094e-10,1,1,0.629373,1,13.8559,0.11013,1.58164e-10,False,nan|RHPA4259.7,1342312
130_bNAb_Combinations|1342312|cc|2|1|RHPA4259.7|5371,1,1.37835e+07,0.681558,8.81817,13.8559,0.109304,1.60094e-10,1,1,0.629373,1,13.8559,0.11013,1.58164e-10,False,nan|RHPA4259.7,1342312
130_bNAb_Combinations|1342312|cc|3|1|RHPA4259.7|5371,1,4.13816e+06,0.712586,8.62644,13.8559,0.109304,1.60094e-10,1,1,0.629373,1,13.8559,0.11013,1.58164e-10,False,nan|RHPA4259.7,1342312
130_bNAb_Combinations|1342312|cc|4|1|RHPA4259.7|5371,1,1.12167e+12,0.703797,8.21913,13.8559,0.109304,1.60094e-10,1,1,0.629373,1,13.8559,0.11013,1.58164e-10,False,nan|RHPA4259.7,1342312
130_bNAb_Combinations|1342312|cc|5|1|RHPA4259.7|5371,1,4.88609e+07,0.72175,5.83596,13.8559,0.109304,1.60094e-10,1,1,0.629373,1,13.8559,0.11013,1.58164e-10,False,nan|RHPA4259.7,1342312
130_bNAb_Combinations|1342312|cc|6|1|RHPA4259.7|5371,1,2.21067e+09,0.684207,8.78235,13.8559,0.109304,1.60094e-10,1,0.999999,0.629373,1,13.8559,0.11013,1.58164e-10,False,nan|RHPA4259.7,1342312
130_bNAb_Combinations|1342312|cc|7|1|RHPA4259.7|5371,1,2.64468e+12,0.702642,5.52416,13.8559,0.109304,1.60094e-10,1,1,0.629373,1,13.8559,0.11013,1.58164e-10,False,nan|RHPA4259.7,1342312
130_bNAb_Combinations|1342312|cc|8|1|RHPA4259.7|5371,1,2.39145e+06,0.739967,16.286,13.8559,0.109304,1.60094e-10,1,0.999999,0.629373,1,13.8559,0.11013,1.58164e-10,False,nan|RHPA4259.7,1342312
130_bNAb_Combinations|1342312|sample|3|RHPA4259.7|5371,1,0.00125128,0.918466,1.24681,13.1424,0.109304,1.60094e-10,1,0.00215657,0.953578,1.40051,13.1424,0.11013,1.58164e-10,True,VRC07-523LS|RHPA4259.7,1342312
130_bNAb_Combinations|1342312|sample|4|RHPA4259.7|5371,1,0.000604447,0.954048,1.43537,13.1424,0.109304,1.60094e-10,1,0.00193854,0.990051,1.60161,13.1424,0.11013,1.58164e-10,True,VRC07-523LS|RHPA4259.7,1342312
130_bNAb_Combinations|1342312|vc|1|2|RHPA4259.7|5371,1,689757,0.694677,6.89103,13.8559,0.109304,1.60094e-10,1,1,0.629373,1,13.8559,0.11013,1.58164e-10,False,nan|RHPA4259.7,1342312
130_bNAb_Combinations|1342312|vc|2|2|RHPA4259.7|5371,1,6.40197e+10,0.719245,8.31918,13.8559,0.109304,1.60094e-10,1,1,0.629373,1,13.8559,0.11013,1.58164e-10,False,nan|RHPA4259.7,1342312
130_bNAb_Combinations|1342312|vc|3|2|RHPA4259.7|5371,1,1.23862e+08,0.707074,6.96446,13.8559,0.109304,1.60094e-10,1,1,0.629373,1,13.8559,0.11013,1.58164e-10,False,nan|RHPA4259.7,1342312
130_bNAb_Combinations|1342312|vc|4|2|RHPA4259.7|5371,1,1.61636e+07,0.728217,12.9926,13.8559,0.109304,1.60094e-10,1,0.999999,0.629373,1,13.8559,0.11013,1.58164e-10,False,nan|RHPA4259.7,1342312
130_bNAb_Combinations|1342312|vc|5|2|RHPA4259.7|5371,1,1.12821e+08,0.712168,14.4796,13.8559,0.109304,1.60094e-10,1,1,0.629373,1,13.8559,0.11013,1.58164e-10,False,nan|RHPA4259.7,1342312
130_bNAb_Combinations|1342312|vc|6|2|RHPA4259.7|5371,1,7.22452e+09,0.747597,9.56469,13.8559,0.109304,1.60094e-10,1,1,0.629373,1,13.8559,0.11013,1.58164e-10,False,nan|RHPA4259.7,1342312
130_bNAb_Combinations|1342312|vc|7|2|RHPA4259.7|5371,1,5.73566e+06,0.741069,7.76426,13.8559,0.109304,1.60094e-10,1,1,0.629373,1,13.8559,0.11013,1.58164e-10,False,nan|RHPA4259.7,1342312
130_bNAb_Combinations|1342312|vc|8|2|RHPA4259.7|5371,1,2.165e+08,0.723021,7.40768,13.8559,0.109304,1.60094e-10,1,1,0.629373,1,13.8559,0.11013,1.58164e-10,False,nan|RHPA4259.7,1342312
130_bNAb_Combinations|1342336|cc|1|1|nan|3430,1,5.91903e+08,0.720078,8.85258,10.9215,0.109297,1.60094e-10,1,1,0.629373,1,10.9215,0.110122,1.58164e-10,False,nan|3430,1342336
130_bNAb_Combinations|1342336|cc|2|1|nan|3430,1,3.00852e+06,0.716776,10.4235,10.9215,0.109297,1.60094e-10,1,1,0.629373,1,10.9215,0.110122,1.58164e-10,False,nan|3430,1342336
130_bNAb_Combinations|1342336|cc|3|1|nan|3430,1,1.5069e+07,0.740523,19.6057,10.9215,0.109297,1.60094e-10,1,1,0.629373,1,10.9215,0.110122,1.58164e-10,False,nan|3430,1342336
130_bNAb_Combinations|1342336|cc|4|1|nan|3430,1,9.27456e+08,0.715894,20.4341,10.9215,0.109297,1.60094e-10,1,1,0.629373,1,10.9215,0.110122,1.58164e-10,False,nan|3430,1342336
130_bNAb_Combinations|1342336|cc|5|1|nan|3430,1,9.56354e+07,0.703584,15.7817,10.9215,0.109297,1.60094e-10,1,1,0.629373,1,10.9215,0.110122,1.58164e-10,False,nan|3430,1342336
130_bNAb_Combinations|1342336|cc|6|1|nan|3430,1,3.75769e+09,0.73781,19.8469,10.9215,0.109297,1.60094e-10,1,1,0.629373,1,10.9215,0.110122,1.58164e-10,False,nan|3430,1342336
130_bNAb_Combinations|1342336|cc|7|1|nan|3430,1,4.03113e+07,0.695178,8.2796,10.9215,0.109297,1.60094e-10,1,0.999999,0.629373,1,10.9215,0.110122,1.58164e-10,False,nan|3430,1342336
130_bNAb_Combinations|1342336|cc|8|1|nan|3430,1,6.56316e+06,0.706921,6.12292,10.9215,0.109297,1.60094e-10,1,1,0.629373,1,10.9215,0.110122,1.58164e-10,False,nan|3430,1342336
130_bNAb_Combinations|1342336|sample|3|nan|3430,1,0.00352143,0.921459,0.99371,12.2157,0.109297,1.60094e-10,1,0.00260427,0.828856,0.757613,12.2157,0.110122,1.58164e-10,True,VRC07-523LS|3430,1342336
130_bNAb_Combinations|1342336|sample|4|nan|3430,1,0.000292648,0.823869,0.691342,12.2157,0.109297,1.60094e-10,1,0.00163347,0.851649,0.754048,12.2157,0.110122,1.58164e-10,True,VRC07-523LS|3430,1342336
130_bNAb_Combinations|1342336|sample|5|nan|3430,1,0.000547641,0.822624,9.6641,12.2157,0.109297,1.60094e-10,1,0.00175222,0.84756,1.00016,12.2157,0.110122,1.58164e-10,True,VRC07-523LS|3430,1342336
130_bNAb_Combinations|1342336|vc|1|2|nan|3430,1,1.02028e+10,0.718264,12.6694,10.9215,0.109297,1.60094e-10,1,1,0.629373,1,10.9215,0.110122,1.58164e-10,False,nan|3430,1342336
130_bNAb_Combinations|1342336|vc|2|2|nan|3430,1,6.04878e+07,0.73274,14.2101,10.9215,0.109297,1.60094e-10,1,1,0.629373,1,10.9215,0.110122,1.58164e-10,False,nan|3430,1342336
130_bNAb_Combinations|1342336|vc|3|2|nan|3430,1,1.39403e+10,0.728649,7.91185,10.9215,0.109297,1.60094e-10,1,1,0.629373,1,10.9215,0.110122,1.58164e-10,False,nan|3430,1342336
130_bNAb_Combinations|1342336|vc|4|2|nan|3430,1,9.48677e+07,0.714142,7.76561,10.9215,0.109297,1.60094e-10,1,1,0.629373,1,10.9215,0.110122,1.58164e-10,False,nan|3430,1342336
130_bNAb_Combinations|1342336|vc|5|2|nan|3430,1,3.06924e+06,0.730178,9.33877,10.9215,0.109297,1.60094e-10,1,1,0.629373,1,10.9215,0.110122,1.58164e-10,False,nan|3430,1342336
130_bNAb_Combinations|1342336|vc|6|2|nan|3430,1,1.76242e+08,0.697876,12.9047,10.9215,0.109297,1.60094e-10,1,1,0.629373,1,10.9215,0.110122,1.58164e-10,False,nan|3430,1342336
130_bNAb_Combinations|1342336|vc|7|2|nan|3430,1,2.72959e+07,0.708314,11.111,10.9215,0.109297,1.60094e-10,1,0.999999,0.629373,1,10.9215,0.110122,1.58164e-10,False,nan|3430,1342336
130_bNAb_Combinations|1342336|vc|8|2|nan|3430,1,1.39999e+09,0.697427,9.95949,10.9215,0.109297,1.60094e-10,1,1,0.629373,1,10.9215,0.110122,1.58164e-10,False,nan|3430,1342336
130_bNAb_Combinations|1342348|cc|1|1|nan|4166,1,2.13322e+07,0.713304,7.75076,11.962,0.109421,1.60094e-10,1,1,0.629373,1,11.962,0.109799,1.58164e-10,False,nan|4166,1342348
130_bNAb_Combinations|1342348|cc|2|1|nan|4166,1,7.77652e+07,0.697481,24.9029,11.962,0.109421,1.60094e-10,1,0.999999,0.629373,1,11.962,0.109799,1.58164e-10,False,nan|4166,1342348
130_bNAb_Combinations|1342348|cc|3|1|nan|4166,1,1.37434e+12,0.731588,7.25082,11.962,0.109421,1.60094e-10,1,1,0.629373,1,11.962,0.109799,1.58164e-10,False,nan|4166,1342348
130_bNAb_Combinations|1342348|cc|4|1|nan|4166,1,1.06372e+07,0.729358,8.41349,11.962,0.109421,1.60094e-10,1,1,0.629373,1,11.962,0.109799,1.58164e-10,False,nan|4166,1342348
130_bNAb_Combinations|1342348|cc|5|1|nan|4166,1,1.74244e+08,0.727227,18.9257,11.962,0.109421,1.60094e-10,1,1,0.629373,1,11.962,0.109799,1.58164e-10,False,nan|4166,1342348
130_bNAb_Combinations|1342348|cc|6|1|nan|4166,1,2.29232e+07,0.754031,7.04161,11.962,0.109421,1.60094e-10,1,1,0.629373,1,11.962,0.109799,1.58164e-10,False,nan|4166,1342348
130_bNAb_Combinations|1342348|cc|7|1|nan|4166,1,1.88693e+08,0.661719,4.58833,11.962,0.109421,1.60094e-10,1,1,0.629373,1,11.962,0.109799,1.58164e-10,False,nan|4166,1342348
130_bNAb_Combinations|1342348|cc|8|1|nan|4166,1,7.16481e+09,0.750221,8.32237,11.962,0.109421,1.60094e-10,1,1,0.629373,1,11.962,0.109799,1.58164e-10,False,nan|4166,1342348
130_bNAb_Combinations|1342348|sample|3|nan|4166,1,0.000296567,0.857276,1.49127,12.2436,0.109421,1.60094e-10,1,0.000468958,0.869738,1.58153,12.2436,0.109799,1.58164e-10,True,VRC07-523LS|4166,1342348
130_bNAb_Combinations|1342348|sample|4|nan|4166,1,0.000512884,0.868969,1.7416,12.2436,0.109421,1.60094e-10,1,0.00145342,0.881603,1.78482,12.2436,0.109799,1.58164e-10,True,VRC07-523LS|4166,1342348
130_bNAb_Combinations|1342348|vc|1|2|nan|4166,1,1.04411e+10,0.740815,14.4249,11.962,0.109421,1.60094e-10,1,1,0.629373,1,11.962,0.109799,1.58164e-10,False,nan|4166,1342348
130_bNAb_Combinations|1342348|vc|2|2|nan|4166,1,1.45992e+09,0.761076,8.48621,11.962,0.109421,1.60094e-10,1,1,0.629373,1,11.962,0.109799,1.58164e-10,False,nan|4166,1342348
130_bNAb_Combinations|1342348|vc|3|2|nan|4166,1,2.19701e+08,0.719115,11.715,11.962,0.109421,1.60094e-10,1,1,0.629373,1,11.962,0.109799,1.58164e-10,False,nan|4166,1342348
130_bNAb_Combinations|1342348|vc|4|2|nan|4166,1,7.14759e+07,0.718471,6.26332,11.962,0.109421,1.60094e-10,1,1,0.629373,1,11.962,0.109799,1.58164e-10,False,nan|4166,1342348
130_bNAb_Combinations|1342348|vc|5|2|nan|4166,1,2.94114e+07,0.709669,8.69452,11.962,0.109421,1.60094e-10,1,1,0.629373,1,11.962,0.109799,1.58164e-10,False,nan|4166,1342348
130_bNAb_Combinations|1342348|vc|6|2|nan|4166,1,1.02462e+13,0.744909,9.32515,11.962,0.109421,1.60094e-10,1,1,0.629373,1,11.962,0.109799,1.58164e-10,False,nan|4166,1342348
130_bNAb_Combinations|1342348|vc|7|2|nan|4166,1,1.79795e+07,0.705202,7.08623,11.962,0.109421,1.60094e-10,1,1,0.629373,1,11.962,0.109799,1.58164e-10,False,nan|4166,1342348
130_bNAb_Combinations|1342348|vc|8|2|nan|4166,1,421086,0.741051,12.6658,11.962,0.109421,1.60094e-10,1,0.999999,0.629373,1,11.962,0.109799,1.58164e-10,False,nan|4166,1342348
130_bNAb_Combinations|1342372|cc|1|1|nan|2944,1,3.39116e+09,0.721082,7.08452,12.0033,0.109297,1.60094e-10,1,1,0.629373,1,12.0033,0.110122,1.58164e-10,False,nan|2944,1342372
130_bNAb_Combinations|1342372|cc|2|1|nan|2944,1,4.22233e+07,0.72503,12.4332,12.0033,0.109297,1.60094e-10,1,1,0.629373,1,12.0033,0.110122,1.58164e-10,False,nan|2944,1342372
130_bNAb_Combinations|1342372|cc|3|1|nan|2944,1,5.1572e+10,0.727516,9.20831,12.0033,0.109297,1.60094e-10,1,1,0.629373,1,12.0033,0.110122,1.58164e-10,False,nan|2944,1342372
130_bNAb_Combinations|1342372|cc|4|1|nan|2944,1,5.18199e+12,0.731024,11.7243,12.0033,0.109297,1.60094e-10,1,1,0.629373,1,12.0033,0.110122,1.58164e-10,False,nan|2944,1342372
130_bNAb_Combinations|1342372|cc|5|1|nan|2944,1,1.44937e+08,0.723035,33.6178,12.0033,0.109297,1.60094e-10,1,0.999999,0.629373,1,12.0033,0.110122,1.58164e-10,False,nan|2944,1342372
130_bNAb_Combinations|1342372|cc|6|1|nan|2944,1,3.2921e+11,0.723362,6.66586,12.0033,0.109297,1.60094e-10,1,1,0.629373,1,12.0033,0.110122,1.58164e-10,False,nan|2944,1342372
130_bNAb_Combinations|1342372|cc|7|1|nan|2944,1,1.01461e+06,0.710911,8.35703,12.0033,0.109297,1.60094e-10,1,1,0.629373,1,12.0033,0.110122,1.58164e-10,False,nan|2944,1342372
130_bNAb_Combinations|1342372|cc|8|1|nan|2944,1,6.3513e+07,0.730041,9.28467,12.0033,0.109297,1.60094e-10,1,0.999999,0.629373,1,12.0033,0.110122,1.58164e-10,False,nan|2944,1342372
130_bNAb_Combinations|1342372|sample|3|nan|2944,1,0.000840812,0.773186,0.203313,16.7205,0.109297,1.60094e-10,1,0.00143203,0.739914,0.189665,16.7205,0.110122,1.58164e-10,True,VRC07-523LS|2944,1342372
130_bNAb_Combinations|1342372|sample|4|nan|2944,1,0.00196384,0.773399,0.250748,16.7205,0.109297,1.60094e-10,1,0.00253092,0.752485,0.228347,16.7205,0.110122,1.58164e-10,True,VRC07-523LS|2944,1342372
130_bNAb_Combinations|1342372|vc|1|2|nan|2944,1,2.24497e+09,0.735614,9.86756,12.0033,0.109297,1.60094e-10,1,1,0.629373,1,12.0033,0.110122,1.58164e-10,False,nan|2944,1342372
130_bNAb_Combinations|1342372|vc|2|2|nan|2944,1,3.18475e+08,0.727294,15.1397,12.0033,0.109297,1.60094e-10,1,1,0.629373,1,12.0033,0.110122,1.58164e-10,False,nan|2944,1342372
130_bNAb_Combinations|1342372|vc|3|2|nan|2944,1,3.64461e+12,0.729144,4.15633,12.0033,0.109297,1.60094e-10,1,1,0.629373,1,12.0033,0.110122,1.58164e-10,False,nan|2944,1342372
130_bNAb_Combinations|1342372|vc|4|2|nan|2944,1,1.96973e+07,0.708094,12.7839,12.0033,0.109297,1.60094e-10,1,1,0.629373,1,12.0033,0.110122,1.58164e-10,False,nan|2944,1342372
130_bNAb_Combinations|1342372|vc|5|2|nan|2944,1,2.97214e+08,0.718768,8.02903,12.0033,0.109297,1.60094e-10,1,1,0.629373,1,12.0033,0.110122,1.58164e-10,False,nan|2944,1342372
130_bNAb_Combinations|1342372|vc|6|2|nan|2944,1,3.51591e+07,0.711256,6.71997,12.0033,0.109297,1.60094e-10,1,1,0.629373,1,12.0033,0.110122,1.58164e-10,False,nan|2944,1342372
130_bNAb_Combinations|1342372|vc|7|2|nan|2944,1,4.1657e+09,0.713291,10.9578,12.0033,0.109297,1.60094e-10,1,1,0.629373,1,12.0033,0.110122,1.58164e-10,False,nan|2944,1342372
130_bNAb_Combinations|1342372|vc|8|2|nan|2944,1,2.34405e+09,0.719252,9.74388,12.0033,0.109297,1.60094e-10,1,1,0.629373,1,12.0033,0.110122,1.58164e-10,False,nan|2944,1342372
130_bNAb_Combinations|1342384|cc|1|1|nan|2946,1,5.75275e+10,0.733396,8.82387,12.3499,0.109302,1.60094e-10,1,1,0.629373,1,12.3499,0.110127,1.58164e-10,False,nan|2946,1342384
130_bNAb_Combinations|1342384|cc|2|1|nan|2946,1,7.21953e+10,0.731254,14.5015,12.3499,0.109302,1.60094e-10,1,1,0.629373,1,12.3499,0.110127,1.58164e-10,False,nan|2946,1342384
130_bNAb_Combinations|1342384|cc|3|1|nan|2946,1,1.30579e+08,0.723777,8.87665,12.3499,0.109302,1.60094e-10,1,1,0.629373,1,12.3499,0.110127,1.58164e-10,False,nan|2946,1342384
130_bNAb_Combinations|1342384|cc|4|1|nan|2946,1,3.53012e+07,0.696288,9.80192,12.3499,0.109302,1.60094e-10,1,1,0.629373,1,12.3499,0.110127,1.58164e-10,False,nan|2946,1342384
130_bNAb_Combinations|1342384|cc|5|1|nan|2946,1,1.75827e+08,0.707192,8.59486,12.3499,0.109302,1.60094e-10,1,1,0.629373,1,12.3499,0.110127,1.58164e-10,False,nan|2946,1342384
130_bNAb_Combinations|1342384|cc|6|1|nan|2946,1,3.90122e+08,0.689492,8.87434,12.3499,0.109302,1.60094e-10,1,0.999999,0.629373,1,12.3499,0.110127,1.58164e-10,False,nan|2946,1342384
130_bNAb_Combinations|1342384|cc|7|1|nan|2946,1,3.5444e+07,0.724631,11.0855,12.3499,0.109302,1.60094e-10,1,1,0.629373,1,12.3499,0.110127,1.58164e-10,False,nan|2946,1342384
130_bNAb_Combinations|1342384|cc|8|1|nan|2946,1,2.03835e+10,0.713739,15.21,12.3499,0.109302,1.60094e-10,1,1,0.629373,1,12.3499,0.110127,1.58164e-10,False,nan|2946,1342384
130_bNAb_Combinations|1342384|sample|3|nan|2946,1,0.00090417,0.931907,0.103725,8.95472,0.109302,1.60094e-10,1,0.00134963,0.911382,0.0993122,8.95472,0.110127,1.58164e-10,True,VRC07-523LS|2946,1342384
130_bNAb_Combinations|1342384|sample|4|nan|2946,1,0.000610491,0.905123,0.0905581,8.95472,0.109302,1.60094e-10,1,0.00102251,0.9185,0.0954555,8.95472,0.110127,1.58164e-10,True,VRC07-523LS|2946,1342384
130_bNAb_Combinations|1342384|vc|1|2|nan|2946,1,2.76791e+07,0.721757,12.8986,12.3499,0.109302,1.60094e-10,1,1,0.629373,1,12.3499,0.110127,1.58164e-10,False,nan|2946,1342384
130_bNAb_Combinations|1342384|vc|2|2|nan|2946,1,1.20839e+09,0.750103,17.1526,12.3499,0.109302,1.60094e-10,1,1,0.629373,1,12.3499,0.110127,1.58164e-10,False,nan|2946,1342384
130_bNAb_Combinations|1342384|vc|3|2|nan|2946,1,2.04543e+08,0.777769,14.9117,12.3499,0.109302,1.60094e-10,1,1,0.629373,1,12.3499,0.110127,1.58164e-10,False,nan|2946,1342384
130_bNAb_Combinations|1342384|vc|4|2|nan|2946,1,2.03726e+09,0.732854,9.17859,12.3499,0.109302,1.60094e-10,1,1,0.629373,1,12.3499,0.110127,1.58164e-10,False,nan|2946,1342384
130_bNAb_Combinations|1342384|vc|5|2|nan|2946,1,2.22487e+08,0.688431,13.0557,12.3499,0.109302,1.60094e-10,1,1,0.629373,1,12.3499,0.110127,1.58164e-10,False,nan|2946,1342384
130_bNAb_Combinations|1342384|vc|6|2|nan|2946,1,4.72102e+10,0.761152,5.84746,12.3499,0.109302,1.60094e-10,1,1,0.629373,1,12.3499,0.110127,1.58164e-10,False,nan|2946,1342384
130_bNAb_Combinations|1342384|vc|7|2|nan|2946,1,2.16357e+07,0.702002,9.54618,12.3499,0.109302,1.60094e-10,1,0.999999,0.629373,1,12.3499,0.110127,1.58164e-10,False,nan|2946,1342384
130_bNAb_Combinations|1342384|vc|8|2|nan|2946,1,6.10863e+10,0.726013,11.0293,12.3499,0.109302,1.60094e-10,1,1,0.629373,1,12.3499,0.110127,1.58164e-10,False,nan|2946,1342384
130_bNAb_Combinations|1342396|cc|1|1|PVO.4|5024,1,3.40606e+07,0.704731,10.41,12.1742,0.109323,1.60094e-10,1,1,0.629373,1,12.1742,0.110147,1.58164e-10,False,nan|PVO.4,1342396
130_bNAb_Combinations|1342396|cc|2|1|PVO.4|5024,1,3.87452e+07,0.710702,8.3937,12.1742,0.109323,1.60094e-10,1,1,0.629373,1,12.1742,0.110147,1.58164e-10,False,nan|PVO.4,1342396
130_bNAb_Combinations|1342396|cc|3|1|PVO.4|5024,1,4.63105e+08,0.746982,8.26365,12.1742,0.109323,1.60094e-10,1,1,0.629373,1,12.1742,0.110147,1.58164e-10,False,nan|PVO.4,1342396
130_bNAb_Combinations|1342396|cc|4|1|PVO.4|5024,1,1.4107e+12,0.702285,10.1582,12.1742,0.109323,1.60094e-10,1,1,0.629373,1,12.1742,0.110147,1.58164e-10,False,nan|PVO.4,1342396
130_bNAb_Combinations|1342396|cc|5|1|PVO.4|5024,1,3.71025e+06,0.724679,4.24252,12.1742,0.109323,1.60094e-10,1,1,0.629373,1,12.1742,0.110147,1.58164e-10,False,nan|PVO.4,1342396
130_bNAb_Combinations|1342396|cc|6|1|PVO.4|5024,1,1.46772e+07,0.716503,14.4886,12.1742,0.109323,1.60094e-10,1,1,0.629373,1,12.1742,0.110147,1.58164e-10,False,nan|PVO.4,1342396
130_bNAb_Combinations|1342396|cc|7|1|PVO.4|5024,1,6.79409e+08,0.738296,8.04433,12.1742,0.109323,1.60094e-10,1,1,0.629373,1,12.1742,0.110147,1.58164e-10,False,nan|PVO.4,1342396
130_bNAb_Combinations|1342396|cc|8|1|PVO.4|5024,1,2.26961e+07,0.716836,8.94986,12.1742,0.109323,1.60094e-10,1,1,0.629373,1,12.1742,0.110147,1.58164e-10,False,nan|PVO.4,1342396
130_bNAb_Combinations|1342396|sample|3|PVO.4|5024,1,0.000357127,0.897757,0.275179,13.9683,0.109323,1.60094e-10,1,0.000819363,0.891503,0.280567,13.9683,0.110147,1.58164e-10,True,VRC07-523LS|PVO.4,1342396
130_bNAb_Combinations|1342396|sample|4|PVO.4|5024,1,0.000254263,0.925321,0.262513,13.9683,0.109323,1.60094e-10,1,0.000692332,0.884196,0.242295,13.9683,0.110147,1.58164e-10,True,VRC07-523LS|PVO.4,1342396
130_bNAb_Combinations|1342396|vc|1|2|PVO.4|5024,1,3.19096e+08,0.72685,6.8648,12.1742,0.109323,1.60094e-10,1,1,0.629373,1,12.1742,0.110147,1.58164e-10,False,nan|PVO.4,1342396
130_bNAb_Combinations|1342396|vc|2|2|PVO.4|5024,1,1.3955e+07,0.716669,10.332,12.1742,0.109323,1.60094e-10,1,1,0.629373,1,12.1742,0.110147,1.58164e-10,False,nan|PVO.4,1342396
130_bNAb_Combinations|1342396|vc|3|2|PVO.4|5024,1,1.28532e+08,0.719106,6.18975,12.1742,0.109323,1.60094e-10,1,1,0.629373,1,12.1742,0.110147,1.58164e-10,False,nan|PVO.4,1342396
130_bNAb_Combinations|1342396|vc|4|2|PVO.4|5024,1,4.31113e+08,0.713065,28.949,12.1742,0.109323,1.60094e-10,1,1,0.629373,1,12.1742,0.110147,1.58164e-10,False,nan|PVO.4,1342396
130_bNAb_Combinations|1342396|vc|5|2|PVO.4|5024,1,8.56817e+06,0.700111,9.51938,12.1742,0.109323,1.60094e-10,1,1,0.629373,1,12.1742,0.110147,1.58164e-10,False,nan|PVO.4,1342396
130_bNAb_Combinations|1342396|vc|6|2|PVO.4|5024,1,172753,0.70142,125.104,12.1742,0.109323,1.60094e-10,1,1,0.629373,1,12.1742,0.110147,1.58164e-10,False,nan|PVO.4,1342396
130_bNAb_Combinations|1342396|vc|7|2|PVO.4|5024,1,2.76732e+06,0.734314,13.2837,12.1742,0.109323,1.60094e-10,1,1,0.629373,1,12.1742,0.110147,1.58164e-10,False,nan|PVO.4,1342396
130_bNAb_Combinations|1342396|vc|8|2|PVO.4|5024,1,1.14777e+08,0.693661,11.4714,12.1742,0.109323,1.60094e-10,1,1,0.629373,1,12.1742,0.110147,1.58164e-10,False,nan|PVO.4,1342396
130_bNAb_Combinations|1342408|cc|1|1|nan|4168,1,2.29847e+06,0.703507,4.76009,12.2355,0.109297,1.60094e-10,1,1,0.629373,1,12.2355,0.110122,1.58164e-10,False,nan|4168,1342408
130_bNAb_Combinations|1342408|cc|2|1|nan|4168,1,1.3928e+09,0.711079,8.61574,12.2355,0.109297,1.60094e-10,1,1,0.629373,1,12.2355,0.110122,1.58164e-10,False,nan|4168,1342408
130_bNAb_Combinations|1342408|cc|3|1|nan|4168,1,8.55964e+07,0.749919,7.65925,12.2355,0.109297,1.60094e-10,1,1,0.629373,1,12.2355,0.110122,1.58164e-10,False,nan|4168,1342408
130_bNAb_Combinations|1342408|cc|4|1|nan|4168,1,1.82592e+08,0.740981,6.54353,12.2355,0.109297,1.60094e-10,1,1,0.629373,1,12.2355,0.110122,1.58164e-10,False,nan|4168,1342408
130_bNAb_Combinations|1342408|cc|5|1|nan|4168,1,6.21349e+10,0.705701,7.8175,12.2355,0.109297,1.60094e-10,1,1,0.629373,1,12.2355,0.110122,1.58164e-10,False,nan|4168,1342408
130_bNAb_Combinations|1342408|cc|6|1|nan|4168,1,3.68818e+08,0.715662,13.1349,12.2355,0.109297,1.60094e-10,1,1,0.629373,1,12.2355,0.110122,1.58164e-10,False,nan|4168,1342408
130_bNAb_Combinations|1342408|cc|7|1|nan|4168,1,3.89215e+06,0.696109,6.97492,12.2355,0.109297,1.60094e-10,1,1,0.629373,1,12.2355,0.110122,1.58164e-10,False,nan|4168,1342408
130_bNAb_Combinations|1342408|cc|8|1|nan|4168,1,1.14535e+06,0.717275,6.73455,12.2355,0.109297,1.60094e-10,1,0.999998,0.629373,1,12.2355,0.110122,1.58164e-10,False,nan|4168,1342408
130_bNAb_Combinations|1342408|sample|3|nan|4168,1,0.00524093,0.60938,0.0847292,9.89155,0.109297,1.60094e-10,1,0.00644833,0.623776,0.0965394,9.89155,0.110122,1.58164e-10,True,VRC07-523LS|4168,1342408
130_bNAb_Combinations|1342408|sample|4|nan|4168,1,0.00378156,0.631337,0.0799482,9.89155,0.109297,1.60094e-10,1,0.00442423,0.617166,0.0779908,9.89155,0.110122,1.58164e-10,True,VRC07-523LS|4168,1342408
130_bNAb_Combinations|1342408|vc|1|2|nan|4168,1,1.51293e+07,0.736729,11.9844,12.2355,0.109297,1.60094e-10,1,0.999999,0.629373,1,12.2355,0.110122,1.58164e-10,False,nan|4168,1342408
130_bNAb_Combinations|1342408|vc|2|2|nan|4168,1,3.19662e+07,0.71616,8.02868,12.2355,0.109297,1.60094e-10,1,1,0.629373,1,12.2355,0.110122,1.58164e-10,False,nan|4168,1342408
130_bNAb_Combinations|1342408|vc|3|2|nan|4168,1,1.09619e+08,0.713049,12.695,12.2355,0.109297,1.60094e-10,1,1,0.629373,1,12.2355,0.110122,1.58164e-10,False,nan|4168,1342408
130_bNAb_Combinations|1342408|vc|4|2|nan|4168,1,1.70105e+09,0.72944,7.03572,12.2355,0.109297,1.60094e-10,1,0.999998,0.629373,1,12.2355,0.110122,1.58164e-10,False,nan|4168,1342408
130_bNAb_Combinations|1342408|vc|5|2|nan|4168,1,1.82808e+06,0.707681,6.49081,12.2355,0.109297,1.60094e-10,1,1,0.629373,1,12.2355,0.110122,1.58164e-10,False,nan|4168,1342408
130_bNAb_Combinations|1342408|vc|6|2|nan|4168,1,1.52876e+07,0.738882,6.24854,12.2355,0.109297,1.60094e-10,1,0.999999,0.629373,1,12.2355,0.110122,1.58164e-10,False,nan|4168,1342408
130_bNAb_Combinations|1342408|vc|7|2|nan|4168,1,7.467e+07,0.728874,8.494,12.2355,0.109297,1.60094e-10,1,1,0.629373,1,12.2355,0.110122,1.58164e-10,False,nan|4168,1342408
130_bNAb_Combinations|1342408|vc|8|2|nan|4168,1,3.29818e+06,0.704212,6.57376,12.2355,0.109297,1.60094e-10,1,1,0.629373,1,12.2355,0.110122,1.58164e-10,False,nan|4168,1342408
704_VRC01_Concordance|1200432|cc|1|1|PVO.4|5024,1,2.22174e+06,0.716267,10.4381,12.1742,0.109297,1.60094e-10,1,1,0.629373,1,12.1742,0.110122,1.58164e-10,False,nan|PVO.4,1200432
704_VRC01_Concordance|1200432|cc|2|1|PVO.4|5024,1,8.6471e+09,0.709877,11.6551,12.1742,0.109297,1.60094e-10,1,0.999999,0.629373,1,12.1742,0.110122,1.58164e-10,False,nan|PVO.4,1200432
704_VRC01_Concordance|1200432|cc|3|1|PVO.4|5024,1,2.96077e+07,0.679903,6.66112,12.1742,0.109297,1.60094e-10,1,0.999999,0.629373,1,12.1742,0.110122,1.58164e-10,False,nan|PVO.4,1200432
704_VRC01_Concordance|1200432|cc|4|1|PVO.4|5024,1,1.59295e+07,0.726756,11.6488,12.1742,0.109297,1.60094e-10,1,1,0.629373,1,12.1742,0.110122,1.58164e-10,False,nan|PVO.4,1200432
704_VRC01_Concordance|1200432|cc|5|1|PVO.4|5024,1,1.10055e+08,0.703745,11.1423,12.1742,0.109297,1.60094e-10,1,1,0.629373,1,12.1742,0.110122,1.58164e-10,False,nan|PVO.4,1200432
704_VRC01_Concordance|1200432|cc|6|1|PVO.4|5024,1,1.92763e+07,0.723439,7.72735,12.1742,0.109297,1.60094e-10,1,1,0.629373,1,12.1742,0.110122,1.58164e-10,False,nan|PVO.4,1200432
704_VRC01_Concordance|1200432|cc|7|1|PVO.4|5024,1,7.64793e+07,0.720156,13.6256,12.1742,0.109297,1.60094e-10,1,1,0.629373,1,12.1742,0.110122,1.58164e-10,False,nan|PVO.4,1200432
704_VRC01_Concordance|1200432|cc|8|1|PVO.4|5024,1,8.62926e+06,0.739457,8.87365,12.1742,0.109297,1.60094e-10,1,1,0.629373,1,12.1742,0.110122,1.58164e-10,False,nan|PVO.4,1200432
704_VRC01_Concordance|1200432|sample|10|PVO.4|5024,1,0.0269445,0.99939,0.0857797,11.9856,0.109297,1.60094e-10,1,0.0222753,0.927204,0.0710193,11.9856,0.110122,1.58164e-10,True,Clinical VRC01|PVO.4,1200432
704_VRC01_Concordance|1200432|sample|11|PVO.4|5024,1,0.000432823,0.682152,0.0415966,11.9856,0.109297,1.60094e-10,1,0.00298839,0.751868,0.0575004,11.9856,0.110122,1.58164e-10,True,Clinical VRC01|PVO.4,1200432
704_VRC01_Concordance|1200432|sample|12|PVO.4|5024,1,0.000529271,0.745851,0.0643885,11.9856,0.109297,1.60094e-10,1,0.000800499,0.68969,0.0534416,11.9856,0.110122,1.58164e-10,True,Clinical VRC01|PVO.4,1200432
704_VRC01_Concordance|1200432|sample|3|PVO.4|5024,1,0.00270022,0.798163,0.085076,11.9856,0.109297,1.60094e-10,1,0.0030095,0.785793,0.0837924,11.9856,0.110122,1.58164e-10,True,Clinical VRC01|PVO.4,1200432
704_VRC01_Concordance|1200432|sample|4|PVO.4|5024,1,0.00244183,0.808929,0.0515098,11.9856,0.109297,1.60094e-10,1,0.00306945,0.791934,0.0497555,11.9856,0.110122,1.58164e-10,True,Clinical VRC01|PVO.4,1200432
704_VRC01_Concordance|1200432|sample|5|PVO.4|5024,1,0.00399188,0.843045,0.0538756,11.9856,0.109297,1.60094e-10,1,0.0177943,0.892187,0.0674541,11.9856,0.110122,1.58164e-10,True,Clinical VRC01|PVO.4,1200432
704_VRC01_Concordance|1200432|sample|6|PVO.4|5024,1,0.0193365,0.851078,0.0573295,11.9856,0.109297,1.60094e-10,1,0.0472907,1.00257,0.0984032,11.9856,0.110122,1.58164e-10,True,Clinical VRC01|PVO.4,1200432
704_VRC01_Concordance|1200432|sample|7|PVO.4|5024,1,0.00104693,0.773684,0.0624609,11.9856,0.109297,1.60094e-10,1,0.00250148,0.806283,0.0711188,11.9856,0.110122,1.58164e-10,True,Clinical VRC01|PVO.4,1200432
704_VRC01_Concordance|1200432|sample|8|PVO.4|5024,1,0.000185259,0.704547,0.0459784,11.9856,0.109297,1.60094e-10,1,0.00154156,0.771779,0.0595535,11.9856,0.110122,1.58164e-10,True,Clinical VRC01|PVO.4,1200432
704_VRC01_Concordance|1200432|sample|9|PVO.4|5024,1,0.0362041,1.05015,0.109998,11.9856,0.109297,1.60094e-10,1,0.0343858,1.00652,0.105477,11.9856,0.110122,1.58164e-10,True,Clinical VRC01|PVO.4,1200432
704_VRC01_Concordance|1200432|vc|1|2|PVO.4|5024,1,1.04103e+08,0.732472,11.5469,12.1742,0.109297,1.60094e-10,1,1,0.629373,1,12.1742,0.110122,1.58164e-10,False,nan|PVO.4,1200432
704_VRC01_Concordance|1200432|vc|2|2|PVO.4|5024,1,8.3998e+07,0.701454,5.16924,12.1742,0.109297,1.60094e-10,1,1,0.629373,1,12.1742,0.110122,1.58164e-10,False,nan|PVO.4,1200432
704_VRC01_Concordance|1200432|vc|3|2|PVO.4|5024,1,6.38286e+07,0.702237,6.4292,12.1742,0.109297,1.60094e-10,1,1,0.629373,1,12.1742,0.110122,1.58164e-10,False,nan|PVO.4,1200432
704_VRC01_Concordance|1200432|vc|4|2|PVO.4|5024,1,5.51139e+06,0.731873,6.05887,12.1742,0.109297,1.60094e-10,1,1,0.629373,1,12.1742,0.110122,1.58164e-10,False,nan|PVO.4,1200432
704_VRC01_Concordance|1200432|vc|5|2|PVO.4|5024,1,1.09873e+07,0.719986,7.80761,12.1742,0.109297,1.60094e-10,1,0.999999,0.629373,0.999999,12.1742,0.110122,1.58164e-10,False,nan|PVO.4,1200432
704_VRC01_Concordance|1200432|vc|6|2|PVO.4|5024,1,4.56471e+07,0.719457,10.7281,12.1742,0.109297,1.60094e-10,1,1,0.629373,1,12.1742,0.110122,1.58164e-10,False,nan|PVO.4,1200432
704_VRC01_Concordance|1200432|vc|7|2|PVO.4|5024,1,7.18305e+06,0.700163,10.1702,12.1742,0.109297,1.60094e-10,1,1,0.629373,1,12.1742,0.110122,1.58164e-10,False,nan|PVO.4,1200432
704_VRC01_Concordance|1200432|vc|8|2|PVO.4|5024,1,382540,0.724383,11.7983,12.1742,0.109297,1.60094e-10,1,1,0.629373,1,12.1742,0.110122,1.58164e-10,False,nan|PVO.4,1200432
