rep,id,U,L,m,e,s,alpha,k,goes_down,mab_virus,run_id
1,130_bNAb_Combinations|1313842|cc|1|1|nan|2946,1,1.22507e+07,0.664459,0.06867,61.1384,0.672255,1.3567,False,nan|2946,1313842
1,130_bNAb_Combinations|1313842|cc|2|1|nan|2946,1,1.06758,0.664459,0.06867,61.1384,0.672255,1.3567,False,nan|2946,1313842
1,130_bNAb_Combinations|1313842|cc|3|1|nan|2946,1,1.59967e+06,0.664459,0.06867,61.1384,0.672255,1.3567,False,nan|2946,1313842
1,130_bNAb_Combinations|1313842|cc|4|1|nan|2946,1,290.097,0.664459,0.06867,61.1384,0.672255,1.3567,False,nan|2946,1313842
1,130_bNAb_Combinations|1313842|cc|5|1|nan|2946,1,198036,0.664459,0.06867,61.1384,0.672255,1.3567,False,nan|2946,1313842
1,130_bNAb_Combinations|1313842|cc|6|1|nan|2946,1,0.159814,0.664459,0.06867,61.1384,0.672255,1.3567,False,nan|2946,1313842
1,130_bNAb_Combinations|1313842|cc|7|1|nan|2946,1,3.32957e+06,0.664459,0.06867,61.1384,0.672255,1.3567,False,nan|2946,1313842
1,130_bNAb_Combinations|1313842|cc|8|1|nan|2946,1,1618.14,0.664459,0.06867,61.1384,0.672255,1.3567,False,nan|2946,1313842
1,130_bNAb_Combinations|1313842|sample|10|nan|2946,1,0.000469123,0.664543,0.00383709,61.1385,0.672255,1.3567,True,PGT121|2946,1313842
1,130_bNAb_Combinations|1313842|sample|11|nan|2946,1,7.02016e-06,0.715122,0.00433667,61.1385,0.672255,1.3567,True,VRC07-523LS|2946,1313842
1,130_bNAb_Combinations|1313842|sample|12|nan|2946,1,0.00290915,0.715122,0.00433668,61.1385,0.672255,1.3567,True,VRC07-523LS|2946,1313842
1,130_bNAb_Combinations|1313842|sample|3|nan|2946,1,0.000922876,0.664541,0.00109434,61.1385,0.672255,1.3567,True,PGDM1400|2946,1313842
1,130_bNAb_Combinations|1313842|sample|4|nan|2946,1,0.00115084,0.664541,0.00109434,61.1385,0.672255,1.3567,True,PGDM1400|2946,1313842
1,130_bNAb_Combinations|1313842|sample|5|nan|2946,1,0.0460098,0.664541,0.00109434,61.1385,0.672255,1.3567,True,PGDM1400|2946,1313842
1,130_bNAb_Combinations|1313842|sample|6|nan|2946,1,0.0550899,0.664541,0.00109434,61.1385,0.672255,1.3567,True,PGDM1400|2946,1313842
1,130_bNAb_Combinations|1313842|sample|7|nan|2946,1,3.59619e-05,0.664543,0.00383709,61.1385,0.672255,1.3567,True,PGT121|2946,1313842
1,130_bNAb_Combinations|1313842|sample|8|nan|2946,1,0.00371904,0.664543,0.00383709,61.1385,0.672255,1.3567,True,PGT121|2946,1313842
1,130_bNAb_Combinations|1313842|sample|9|nan|2946,1,0.000102469,0.664543,0.00383709,61.1385,0.672255,1.3567,True,PGT121|2946,1313842
1,130_bNAb_Combinations|1313842|vc|1|2|nan|2946,1,2566.22,0.664459,0.06867,61.1384,0.672255,1.3567,False,nan|2946,1313842
1,130_bNAb_Combinations|1313842|vc|2|2|nan|2946,1,1.00927e-06,0.664459,0.06867,61.1384,0.672255,1.3567,False,nan|2946,1313842
1,130_bNAb_Combinations|1313842|vc|3|2|nan|2946,1,2.62988e-10,0.664459,0.06867,61.1384,0.672255,1.3567,False,nan|2946,1313842
1,130_bNAb_Combinations|1313842|vc|4|2|nan|2946,1,2738.19,0.664459,0.06867,61.1384,0.672255,1.3567,False,nan|2946,1313842
1,130_bNAb_Combinations|1313842|vc|5|2|nan|2946,1,5025.1,0.664459,0.06867,61.1384,0.672255,1.3567,False,nan|2946,1313842
1,130_bNAb_Combinations|1313842|vc|6|2|nan|2946,1,12223.8,0.664459,0.06867,61.1384,0.672255,1.3567,False,nan|2946,1313842
1,130_bNAb_Combinations|1313842|vc|7|2|nan|2946,1,2.9065e-05,0.664459,0.06867,61.1384,0.672255,1.3567,False,nan|2946,1313842
1,130_bNAb_Combinations|1313842|vc|8|2|nan|2946,1,1.44049e-06,0.664459,0.06867,61.1384,0.672255,1.3567,False,nan|2946,1313842
1,130_bNAb_Combinations|1313860|cc|1|1|PVO.4|5024,1,8.92877e-05,0.664496,0.0279067,61.1384,0.321848,1.35626,False,nan|PVO.4,1313860
1,130_bNAb_Combinations|1313860|cc|2|1|PVO.4|5024,1,16.1715,0.664496,0.0279067,61.1384,0.321848,1.35626,False,nan|PVO.4,1313860
1,130_bNAb_Combinations|1313860|cc|3|1|PVO.4|5024,1,0.117553,0.664496,0.0279067,61.1384,0.321848,1.35626,False,nan|PVO.4,1313860
1,130_bNAb_Combinations|1313860|cc|4|1|PVO.4|5024,1,1.32865e+08,0.664496,0.0279067,61.1384,0.321848,1.35626,False,nan|PVO.4,1313860
1,130_bNAb_Combinations|1313860|cc|5|1|PVO.4|5024,1,36.8947,0.664496,0.0279067,61.1384,0.321848,1.35626,False,nan|PVO.4,1313860
1,130_bNAb_Combinations|1313860|cc|6|1|PVO.4|5024,1,0.0125339,0.664496,0.0279067,61.1384,0.321848,1.35626,False,nan|PVO.4,1313860
1,130_bNAb_Combinations|1313860|cc|7|1|PVO.4|5024,1,0.759748,0.664496,0.0279067,61.1384,0.321848,1.35626,False,nan|PVO.4,1313860
1,130_bNAb_Combinations|1313860|cc|8|1|PVO.4|5024,1,4.08873e+08,0.664496,0.0279067,61.1384,0.321848,1.35626,False,nan|PVO.4,1313860
1,130_bNAb_Combinations|1313860|sample|10|PVO.4|5024,1,0.00495561,0.66453,0.0111755,61.1385,0.321848,1.35626,True,PGT121|PVO.4,1313860
1,130_bNAb_Combinations|1313860|sample|11|PVO.4|5024,1,0.000245676,0.664495,0.0146166,61.1385,0.321848,1.35626,True,VRC07-523LS|PVO.4,1313860
1,130_bNAb_Combinations|1313860|sample|12|PVO.4|5024,1,8.75111e-09,0.664495,0.0146166,61.1385,0.321848,1.35626,True,VRC07-523LS|PVO.4,1313860
1,130_bNAb_Combinations|1313860|sample|3|PVO.4|5024,1,2.45911e-10,0.664447,0.00146783,61.1385,0.321848,1.35626,True,PGDM1400|PVO.4,1313860
1,130_bNAb_Combinations|1313860|sample|4|PVO.4|5024,1,0.000680083,0.664447,0.00146783,61.1385,0.321848,1.35626,True,PGDM1400|PVO.4,1313860
1,130_bNAb_Combinations|1313860|sample|5|PVO.4|5024,1,1.12633e-07,0.664447,0.00146783,61.1385,0.321848,1.35626,True,PGDM1400|PVO.4,1313860
1,130_bNAb_Combinations|1313860|sample|6|PVO.4|5024,1,0.000131532,0.664447,0.00146783,61.1385,0.321848,1.35626,True,PGDM1400|PVO.4,1313860
1,130_bNAb_Combinations|1313860|sample|7|PVO.4|5024,1,7.56984e-06,0.66453,0.0111755,61.1385,0.321848,1.35626,True,PGT121|PVO.4,1313860
1,130_bNAb_Combinations|1313860|sample|8|PVO.4|5024,1,4.01576e-07,0.66453,0.0111755,61.1385,0.321848,1.35626,True,PGT121|PVO.4,1313860
1,130_bNAb_Combinations|1313860|sample|9|PVO.4|5024,1,3.95544e-07,0.66453,0.0111755,61.1385,0.321848,1.35626,True,PGT121|PVO.4,1313860
1,130_bNAb_Combinations|1313860|vc|1|2|PVO.4|5024,1,19.8413,0.664496,0.0279067,61.1384,0.321848,1.35626,False,nan|PVO.4,1313860
1,130_bNAb_Combinations|1313860|vc|2|2|PVO.4|5024,1,590.507,0.664496,0.0279067,61.1384,0.321848,1.35626,False,nan|PVO.4,1313860
1,130_bNAb_Combinations|1313860|vc|3|2|PVO.4|5024,1,0.15958,0.664496,0.0279067,61.1384,0.321848,1.35626,False,nan|PVO.4,1313860
1,130_bNAb_Combinations|1313860|vc|4|2|PVO.4|5024,1,30.8221,0.664496,0.0279067,61.1384,0.321848,1.35626,False,nan|PVO.4,1313860
1,130_bNAb_Combinations|1313860|vc|5|2|PVO.4|5024,1,0.000574893,0.664496,0.0279067,61.1384,0.321848,1.35626,False,nan|PVO.4,1313860
1,130_bNAb_Combinations|1313860|vc|6|2|PVO.4|5024,1,1.23092,0.664496,0.0279067,61.1384,0.321848,1.35626,False,nan|PVO.4,1313860
1,130_bNAb_Combinations|1313860|vc|7|2|PVO.4|5024,1,0.000180622,0.664496,0.0279067,61.1384,0.321848,1.35626,False,nan|PVO.4,1313860
1,130_bNAb_Combinations|1313860|vc|8|2|PVO.4|5024,1,642132,0.664496,0.0279067,61.1384,0.321848,1.35626,False,nan|PVO.4,1313860
1,130_bNAb_Combinations|1313884|cc|1|1|nan|4168,1,5.38131e-05,0.664405,0.00272728,61.1384,0.672258,1.35647,False,nan|4168,1313884
1,130_bNAb_Combinations|1313884|cc|2|1|nan|4168,1,7.76896,0.664405,0.00272728,61.1384,0.672258,1.35647,False,nan|4168,1313884
1,130_bNAb_Combinations|1313884|cc|3|1|nan|4168,1,269426,0.664405,0.00272728,61.1384,0.672258,1.35647,False,nan|4168,1313884
1,130_bNAb_Combinations|1313884|cc|4|1|nan|4168,1,65652.5,0.664405,0.00272728,61.1384,0.672258,1.35647,False,nan|4168,1313884
1,130_bNAb_Combinations|1313884|cc|5|1|nan|4168,1,13.963,0.664405,0.00272728,61.1384,0.672258,1.35647,False,nan|4168,1313884
1,130_bNAb_Combinations|1313884|cc|6|1|nan|4168,1,1.82571e+06,0.664405,0.00272728,61.1384,0.672258,1.35647,False,nan|4168,1313884
1,130_bNAb_Combinations|1313884|cc|7|1|nan|4168,1,618.922,0.664405,0.00272728,61.1384,0.672258,1.35647,False,nan|4168,1313884
1,130_bNAb_Combinations|1313884|cc|8|1|nan|4168,1,9.45409e-06,0.664405,0.00272728,61.1384,0.672258,1.35647,False,nan|4168,1313884
1,130_bNAb_Combinations|1313884|sample|10|nan|4168,1,0.0945424,0.664495,0.0213234,61.1385,0.672258,1.35647,True,PGT121|4168,1313884
1,130_bNAb_Combinations|1313884|sample|11|nan|4168,1,0.00842614,0.656183,0.00788557,61.1385,0.672258,1.35647,True,VRC07-523LS|4168,1313884
1,130_bNAb_Combinations|1313884|sample|12|nan|4168,1,0.00530615,0.656183,0.00788557,61.1385,0.672258,1.35647,True,VRC07-523LS|4168,1313884
1,130_bNAb_Combinations|1313884|sample|3|nan|4168,1,0.0376177,0.688648,0.000549069,61.1385,0.672258,1.35647,True,PGDM1400|4168,1313884
1,130_bNAb_Combinations|1313884|sample|4|nan|4168,1,0.00664906,0.688648,0.000549069,61.1385,0.672258,1.35647,True,PGDM1400|4168,1313884
1,130_bNAb_Combinations|1313884|sample|5|nan|4168,1,0.044781,0.688648,0.000549069,61.1385,0.672258,1.35647,True,PGDM1400|4168,1313884
1,130_bNAb_Combinations|1313884|sample|6|nan|4168,1,0.045181,0.688648,0.00054907,61.1385,0.672258,1.35647,True,PGDM1400|4168,1313884
1,130_bNAb_Combinations|1313884|sample|7|nan|4168,1,0.126316,0.664495,0.0213234,61.1385,0.672258,1.35647,True,PGT121|4168,1313884
1,130_bNAb_Combinations|1313884|sample|8|nan|4168,1,0.160541,0.664495,0.0213234,61.1385,0.672258,1.35647,True,PGT121|4168,1313884
1,130_bNAb_Combinations|1313884|sample|9|nan|4168,1,0.11283,0.664495,0.0213234,61.1385,0.672258,1.35647,True,PGT121|4168,1313884
1,130_bNAb_Combinations|1313884|vc|1|2|nan|4168,1,0.00689286,0.664405,0.00272728,61.1384,0.672258,1.35647,False,nan|4168,1313884
1,130_bNAb_Combinations|1313884|vc|2|2|nan|4168,1,3.39576,0.664405,0.00272728,61.1384,0.672258,1.35647,False,nan|4168,1313884
1,130_bNAb_Combinations|1313884|vc|3|2|nan|4168,1,0.083135,0.664405,0.00272728,61.1384,0.672258,1.35647,False,nan|4168,1313884
1,130_bNAb_Combinations|1313884|vc|4|2|nan|4168,1,1.20388,0.664405,0.00272728,61.1384,0.672258,1.35647,False,nan|4168,1313884
1,130_bNAb_Combinations|1313884|vc|5|2|nan|4168,1,1.9326,0.664405,0.00272728,61.1384,0.672258,1.35647,False,nan|4168,1313884
1,130_bNAb_Combinations|1313884|vc|6|2|nan|4168,1,1.50806e-05,0.664405,0.00272728,61.1384,0.672258,1.35647,False,nan|4168,1313884
1,130_bNAb_Combinations|1313884|vc|7|2|nan|4168,1,0.179717,0.664405,0.00272728,61.1384,0.672258,1.35647,False,nan|4168,1313884
1,130_bNAb_Combinations|1313884|vc|8|2|nan|4168,1,279254,0.664405,0.00272728,61.1384,0.672258,1.35647,False,nan|4168,1313884
1,130_bNAb_Combinations|1313920|cc|1|1|nan|1798,1,398.063,0.664499,0.0190777,61.1384,0.672419,1.35671,False,nan|1798,1313920
1,130_bNAb_Combinations|1313920|cc|2|1|nan|1798,1,0.00409086,0.664499,0.0190777,61.1384,0.672419,1.35671,False,nan|1798,1313920
1,130_bNAb_Combinations|1313920|cc|3|1|nan|1798,1,0.218358,0.664499,0.0190777,61.1384,0.672419,1.35671,False,nan|1798,1313920
1,130_bNAb_Combinations|1313920|cc|4|1|nan|1798,1,62184.8,0.664499,0.0190777,61.1384,0.672419,1.35671,False,nan|1798,1313920
1,130_bNAb_Combinations|1313920|cc|5|1|nan|1798,1,1.08182e-05,0.664499,0.0190777,61.1384,0.672419,1.35671,False,nan|1798,1313920
1,130_bNAb_Combinations|1313920|cc|6|1|nan|1798,1,16.3104,0.664499,0.0190777,61.1384,0.672419,1.35671,False,nan|1798,1313920
1,130_bNAb_Combinations|1313920|cc|7|1|nan|1798,1,0.025074,0.664499,0.0190777,61.1384,0.672419,1.35671,False,nan|1798,1313920
1,130_bNAb_Combinations|1313920|cc|8|1|nan|1798,1,34.0234,0.664499,0.0190777,61.1384,0.672419,1.35671,False,nan|1798,1313920
1,130_bNAb_Combinations|1313920|sample|10|nan|1798,1,0.00101733,0.662744,0.029902,61.1385,0.672419,1.35671,True,PGT121|1798,1313920
1,130_bNAb_Combinations|1313920|sample|11|nan|1798,1,0.000547862,0.664475,0.00446394,61.1385,0.672419,1.35671,True,VRC07-523LS|1798,1313920
1,130_bNAb_Combinations|1313920|sample|12|nan|1798,1,0.000396014,0.664475,0.00446394,61.1385,0.672419,1.35671,True,VRC07-523LS|1798,1313920
1,130_bNAb_Combinations|1313920|sample|3|nan|1798,1,0.174669,0.664514,0.0069683,61.1385,0.672419,1.35671,True,PGDM1400|1798,1313920
1,130_bNAb_Combinations|1313920|sample|4|nan|1798,1,0.170205,0.664514,0.0069683,61.1385,0.672419,1.35671,True,PGDM1400|1798,1313920
1,130_bNAb_Combinations|1313920|sample|5|nan|1798,1,0.124532,0.664514,0.0069683,61.1385,0.672419,1.35671,True,PGDM1400|1798,1313920
1,130_bNAb_Combinations|1313920|sample|6|nan|1798,1,0.120102,0.664514,0.0069683,61.1385,0.672419,1.35671,True,PGDM1400|1798,1313920
1,130_bNAb_Combinations|1313920|sample|7|nan|1798,1,0.00347955,0.662744,0.029902,61.1385,0.672419,1.35671,True,PGT121|1798,1313920
1,130_bNAb_Combinations|1313920|sample|8|nan|1798,1,4.67435e-07,0.662744,0.029902,61.1385,0.672419,1.35671,True,PGT121|1798,1313920
1,130_bNAb_Combinations|1313920|sample|9|nan|1798,1,0.000284843,0.662744,0.029902,61.1385,0.672419,1.35671,True,PGT121|1798,1313920
1,130_bNAb_Combinations|1313920|vc|1|2|nan|1798,1,1.87717,0.664499,0.0190777,61.1384,0.672419,1.35671,False,nan|1798,1313920
1,130_bNAb_Combinations|1313920|vc|2|2|nan|1798,1,0.00143101,0.664499,0.0190777,61.1384,0.672419,1.35671,False,nan|1798,1313920
1,130_bNAb_Combinations|1313920|vc|3|2|nan|1798,1,3.28207e-07,0.664499,0.0190777,61.1384,0.672419,1.35671,False,nan|1798,1313920
1,130_bNAb_Combinations|1313920|vc|4|2|nan|1798,1,8.61564e-05,0.664499,0.0190777,61.1384,0.672419,1.35671,False,nan|1798,1313920
1,130_bNAb_Combinations|1313920|vc|5|2|nan|1798,1,10.3971,0.664499,0.0190777,61.1384,0.672419,1.35671,False,nan|1798,1313920
1,130_bNAb_Combinations|1313920|vc|6|2|nan|1798,1,0.00138686,0.664499,0.0190777,61.1384,0.672419,1.35671,False,nan|1798,1313920
1,130_bNAb_Combinations|1313920|vc|7|2|nan|1798,1,0.000759335,0.664499,0.0190777,61.1384,0.672419,1.35671,False,nan|1798,1313920
1,130_bNAb_Combinations|1313920|vc|8|2|nan|1798,1,0.0956207,0.664499,0.0190777,61.1384,0.672419,1.35671,False,nan|1798,1313920
1,130_bNAb_Combinations|1313938|cc|1|1|TRO.11|8301,1,14629.6,0.664541,0.0203904,61.1384,0.672756,1.35601,False,nan|TRO.11,1313938
1,130_bNAb_Combinations|1313938|cc|2|1|TRO.11|8301,1,0.000552364,0.664541,0.0203904,61.1384,0.672756,1.35601,False,nan|TRO.11,1313938
1,130_bNAb_Combinations|1313938|cc|3|1|TRO.11|8301,1,0.000341664,0.664541,0.0203904,61.1384,0.672756,1.35601,False,nan|TRO.11,1313938
1,130_bNAb_Combinations|1313938|cc|4|1|TRO.11|8301,1,5.79339e-06,0.664541,0.0203904,61.1384,0.672756,1.35601,False,nan|TRO.11,1313938
1,130_bNAb_Combinations|1313938|cc|5|1|TRO.11|8301,1,3.16584,0.664541,0.0203904,61.1384,0.672756,1.35601,False,nan|TRO.11,1313938
1,130_bNAb_Combinations|1313938|cc|6|1|TRO.11|8301,1,548.502,0.664541,0.0203904,61.1384,0.672756,1.35601,False,nan|TRO.11,1313938
1,130_bNAb_Combinations|1313938|cc|7|1|TRO.11|8301,1,859.943,0.664541,0.0203904,61.1384,0.672756,1.35601,False,nan|TRO.11,1313938
1,130_bNAb_Combinations|1313938|cc|8|1|TRO.11|8301,1,1.34881e+07,0.664541,0.0203904,61.1384,0.672756,1.35601,False,nan|TRO.11,1313938
1,130_bNAb_Combinations|1313938|sample|10|TRO.11|8301,1,1.60577e-09,0.664495,0.0933117,61.1385,0.672756,1.35601,True,PGT121|TRO.11,1313938
1,130_bNAb_Combinations|1313938|sample|11|TRO.11|8301,1,1.42351e-05,0.700481,0.0211417,61.1385,0.672756,1.35601,True,VRC07-523LS|TRO.11,1313938
1,130_bNAb_Combinations|1313938|sample|12|TRO.11|8301,1,3.32581e-06,0.700481,0.0211417,61.1385,0.672756,1.35601,True,VRC07-523LS|TRO.11,1313938
1,130_bNAb_Combinations|1313938|sample|3|TRO.11|8301,1,0.0142066,0.65691,0.00266096,61.1385,0.672756,1.35601,True,PGDM1400|TRO.11,1313938
1,130_bNAb_Combinations|1313938|sample|4|TRO.11|8301,1,0.0241409,0.65691,0.00266096,61.1385,0.672756,1.35601,True,PGDM1400|TRO.11,1313938
1,130_bNAb_Combinations|1313938|sample|5|TRO.11|8301,1,0.0148873,0.65691,0.00266096,61.1385,0.672756,1.35601,True,PGDM1400|TRO.11,1313938
1,130_bNAb_Combinations|1313938|sample|6|TRO.11|8301,1,0.0162476,0.65691,0.00266096,61.1385,0.672756,1.35601,True,PGDM1400|TRO.11,1313938
1,130_bNAb_Combinations|1313938|sample|7|TRO.11|8301,1,0.000337936,0.664495,0.0933117,61.1385,0.672756,1.35601,True,PGT121|TRO.11,1313938
1,130_bNAb_Combinations|1313938|sample|8|TRO.11|8301,1,0.000732226,0.664495,0.0933117,61.1385,0.672756,1.35601,True,PGT121|TRO.11,1313938
1,130_bNAb_Combinations|1313938|sample|9|TRO.11|8301,1,3.89553e-05,0.664495,0.0933117,61.1385,0.672756,1.35601,True,PGT121|TRO.11,1313938
1,130_bNAb_Combinations|1313938|vc|1|2|TRO.11|8301,1,1138.54,0.664541,0.0203904,61.1384,0.672756,1.35601,False,nan|TRO.11,1313938
1,130_bNAb_Combinations|1313938|vc|2|2|TRO.11|8301,1,8191.6,0.664541,0.0203904,61.1384,0.672756,1.35601,False,nan|TRO.11,1313938
1,130_bNAb_Combinations|1313938|vc|3|2|TRO.11|8301,1,1.42792e+08,0.664541,0.0203904,61.1384,0.672756,1.35601,False,nan|TRO.11,1313938
1,130_bNAb_Combinations|1313938|vc|4|2|TRO.11|8301,1,1.70567e-07,0.664541,0.0203904,61.1384,0.672756,1.35601,False,nan|TRO.11,1313938
1,130_bNAb_Combinations|1313938|vc|5|2|TRO.11|8301,1,7570.35,0.664541,0.0203904,61.1384,0.672756,1.35601,False,nan|TRO.11,1313938
1,130_bNAb_Combinations|1313938|vc|6|2|TRO.11|8301,1,0.101808,0.664541,0.0203904,61.1384,0.672756,1.35601,False,nan|TRO.11,1313938
1,130_bNAb_Combinations|1313938|vc|7|2|TRO.11|8301,1,46932.6,0.664541,0.0203904,61.1384,0.672756,1.35601,False,nan|TRO.11,1313938
1,130_bNAb_Combinations|1313938|vc|8|2|TRO.11|8301,1,1.44198e-07,0.664541,0.0203904,61.1384,0.672756,1.35601,False,nan|TRO.11,1313938
1,130_bNAb_Combinations|1313956|cc|1|1|Ce1176_A3|7023,1,0.00307951,0.66449,0.169845,61.1384,0.672592,0.766691,False,nan|Ce1176_A3,1313956
1,130_bNAb_Combinations|1313956|cc|2|1|Ce1176_A3|7023,1,9353.09,0.66449,0.169845,61.1384,0.672592,0.766691,False,nan|Ce1176_A3,1313956
1,130_bNAb_Combinations|1313956|cc|3|1|Ce1176_A3|7023,1,0.653845,0.66449,0.169845,61.1384,0.672592,0.766691,False,nan|Ce1176_A3,1313956
1,130_bNAb_Combinations|1313956|cc|4|1|Ce1176_A3|7023,1,2.98742e-08,0.66449,0.169845,61.1384,0.672592,0.766691,False,nan|Ce1176_A3,1313956
1,130_bNAb_Combinations|1313956|cc|5|1|Ce1176_A3|7023,1,3.97244,0.66449,0.169845,61.1384,0.672592,0.766691,False,nan|Ce1176_A3,1313956
1,130_bNAb_Combinations|1313956|cc|6|1|Ce1176_A3|7023,1,2.62277e-07,0.66449,0.169845,61.1384,0.672592,0.766691,False,nan|Ce1176_A3,1313956
1,130_bNAb_Combinations|1313956|cc|7|1|Ce1176_A3|7023,1,0.284769,0.66449,0.169845,61.1384,0.672592,0.766691,False,nan|Ce1176_A3,1313956
1,130_bNAb_Combinations|1313956|cc|8|1|Ce1176_A3|7023,1,113.47,0.66449,0.169845,61.1384,0.672592,0.766691,False,nan|Ce1176_A3,1313956
1,130_bNAb_Combinations|1313956|sample|10|Ce1176_A3|7023,1,2.93486e-10,0.664489,0.0856362,61.1385,0.672592,0.766691,True,PGT121|Ce1176_A3,1313956
1,130_bNAb_Combinations|1313956|sample|11|Ce1176_A3|7023,1,1.81193e-06,0.67529,0.00621662,61.1385,0.672592,0.766691,True,VRC07-523LS|Ce1176_A3,1313956
1,130_bNAb_Combinations|1313956|sample|12|Ce1176_A3|7023,1,0.00357641,0.67529,0.00621662,61.1385,0.672592,0.766691,True,VRC07-523LS|Ce1176_A3,1313956
1,130_bNAb_Combinations|1313956|sample|3|Ce1176_A3|7023,1,0.196102,0.664538,0.00217747,61.1385,0.672592,0.766691,True,PGDM1400|Ce1176_A3,1313956
1,130_bNAb_Combinations|1313956|sample|4|Ce1176_A3|7023,1,0.226457,0.664538,0.00217747,61.1385,0.672592,0.766691,True,PGDM1400|Ce1176_A3,1313956
1,130_bNAb_Combinations|1313956|sample|5|Ce1176_A3|7023,1,0.1661,0.664538,0.00217747,61.1385,0.672592,0.766691,True,PGDM1400|Ce1176_A3,1313956
1,130_bNAb_Combinations|1313956|sample|6|Ce1176_A3|7023,1,0.183066,0.664538,0.00217747,61.1385,0.672592,0.766691,True,PGDM1400|Ce1176_A3,1313956
1,130_bNAb_Combinations|1313956|sample|7|Ce1176_A3|7023,1,4.74541e-05,0.664489,0.0856362,61.1385,0.672592,0.766691,True,PGT121|Ce1176_A3,1313956
1,130_bNAb_Combinations|1313956|sample|8|Ce1176_A3|7023,1,1.18233e-07,0.664489,0.0856362,61.1385,0.672592,0.766691,True,PGT121|Ce1176_A3,1313956
1,130_bNAb_Combinations|1313956|sample|9|Ce1176_A3|7023,1,4.62882e-08,0.664489,0.0856362,61.1385,0.672592,0.766691,True,PGT121|Ce1176_A3,1313956
1,130_bNAb_Combinations|1313956|vc|1|2|Ce1176_A3|7023,1,7.5863e-05,0.66449,0.169845,61.1384,0.672592,0.766691,False,nan|Ce1176_A3,1313956
1,130_bNAb_Combinations|1313956|vc|2|2|Ce1176_A3|7023,1,7.79309,0.66449,0.169845,61.1384,0.672592,0.766691,False,nan|Ce1176_A3,1313956
1,130_bNAb_Combinations|1313956|vc|3|2|Ce1176_A3|7023,1,0.0225564,0.66449,0.169845,61.1384,0.672592,0.766691,False,nan|Ce1176_A3,1313956
1,130_bNAb_Combinations|1313956|vc|4|2|Ce1176_A3|7023,1,1852.99,0.66449,0.169845,61.1384,0.672592,0.766691,False,nan|Ce1176_A3,1313956
1,130_bNAb_Combinations|1313956|vc|5|2|Ce1176_A3|7023,1,55.9514,0.66449,0.169845,61.1384,0.672592,0.766691,False,nan|Ce1176_A3,1313956
1,130_bNAb_Combinations|1313956|vc|6|2|Ce1176_A3|7023,1,3871.24,0.66449,0.169845,61.1384,0.672592,0.766691,False,nan|Ce1176_A3,1313956
1,130_bNAb_Combinations|1313956|vc|7|2|Ce1176_A3|7023,1,0.00946478,0.66449,0.169845,61.1384,0.672592,0.766691,False,nan|Ce1176_A3,1313956
1,130_bNAb_Combinations|1313956|vc|8|2|Ce1176_A3|7023,1,189.284,0.66449,0.169845,61.1384,0.672592,0.766691,False,nan|Ce1176_A3,1313956
1,130_bNAb_Combinations|1313974|cc|1|1|nan|1176,1,26.7631,0.664495,0.026836,61.1384,0.672142,0.563398,False,nan|1176,1313974
1,130_bNAb_Combinations|1313974|cc|2|1|nan|1176,1,0.000173193,0.664495,0.026836,61.1384,0.672142,0.563398,False,nan|1176,1313974
1,130_bNAb_Combinations|1313974|cc|3|1|nan|1176,1,0.000172183,0.664495,0.026836,61.1384,0.672142,0.563398,False,nan|1176,1313974
1,130_bNAb_Combinations|1313974|cc|4|1|nan|1176,1,10.6638,0.664495,0.026836,61.1384,0.672142,0.563398,False,nan|1176,1313974
1,130_bNAb_Combinations|1313974|cc|5|1|nan|1176,1,74.1882,0.664495,0.026836,61.1384,0.672142,0.563398,False,nan|1176,1313974
1,130_bNAb_Combinations|1313974|cc|6|1|nan|1176,1,0.000109383,0.664495,0.026836,61.1384,0.672142,0.563398,False,nan|1176,1313974
1,130_bNAb_Combinations|1313974|cc|7|1|nan|1176,1,11.9584,0.664495,0.026836,61.1384,0.672142,0.563398,False,nan|1176,1313974
1,130_bNAb_Combinations|1313974|cc|8|1|nan|1176,1,38.2142,0.664495,0.026836,61.1384,0.672142,0.563398,False,nan|1176,1313974
1,130_bNAb_Combinations|1313974|sample|10|nan|1176,1,0.0977473,0.664521,0.000891553,61.1385,0.672142,0.563398,True,PGT121|1176,1313974
1,130_bNAb_Combinations|1313974|sample|11|nan|1176,1,0.00901136,0.657247,0.0268695,61.1385,0.672142,0.563398,True,VRC07-523LS|1176,1313974
1,130_bNAb_Combinations|1313974|sample|12|nan|1176,1,0.00487666,0.657247,0.0268695,61.1385,0.672142,0.563398,True,VRC07-523LS|1176,1313974
1,130_bNAb_Combinations|1313974|sample|3|nan|1176,1,0.0385481,0.664495,0.0421313,61.1385,0.672142,0.563398,True,PGDM1400|1176,1313974
1,130_bNAb_Combinations|1313974|sample|4|nan|1176,1,0.0426346,0.664495,0.0421313,61.1385,0.672142,0.563398,True,PGDM1400|1176,1313974
1,130_bNAb_Combinations|1313974|sample|5|nan|1176,1,0.0387215,0.664495,0.0421313,61.1385,0.672142,0.563398,True,PGDM1400|1176,1313974
1,130_bNAb_Combinations|1313974|sample|6|nan|1176,1,0.045944,0.664495,0.0421313,61.1385,0.672142,0.563398,True,PGDM1400|1176,1313974
1,130_bNAb_Combinations|1313974|sample|7|nan|1176,1,0.0251023,0.664521,0.000891552,61.1385,0.672142,0.563398,True,PGT121|1176,1313974
1,130_bNAb_Combinations|1313974|sample|8|nan|1176,1,0.0235269,0.664521,0.000891553,61.1385,0.672142,0.563398,True,PGT121|1176,1313974
1,130_bNAb_Combinations|1313974|sample|9|nan|1176,1,0.109303,0.664521,0.000891552,61.1385,0.672142,0.563398,True,PGT121|1176,1313974
1,130_bNAb_Combinations|1313974|vc|1|2|nan|1176,1,0.0171164,0.664495,0.026836,61.1384,0.672142,0.563398,False,nan|1176,1313974
1,130_bNAb_Combinations|1313974|vc|2|2|nan|1176,1,15000.8,0.664495,0.026836,61.1384,0.672142,0.563398,False,nan|1176,1313974
1,130_bNAb_Combinations|1313974|vc|3|2|nan|1176,1,0.0177362,0.664495,0.026836,61.1384,0.672142,0.563398,False,nan|1176,1313974
1,130_bNAb_Combinations|1313974|vc|4|2|nan|1176,1,2.57819e-05,0.664495,0.026836,61.1384,0.672142,0.563398,False,nan|1176,1313974
1,130_bNAb_Combinations|1313974|vc|5|2|nan|1176,1,0.000630531,0.664495,0.026836,61.1384,0.672142,0.563398,False,nan|1176,1313974
1,130_bNAb_Combinations|1313974|vc|6|2|nan|1176,1,2.61595,0.664495,0.026836,61.1384,0.672142,0.563398,False,nan|1176,1313974
1,130_bNAb_Combinations|1313974|vc|7|2|nan|1176,1,2.04962e+06,0.664495,0.026836,61.1384,0.672142,0.563398,False,nan|1176,1313974
1,130_bNAb_Combinations|1313974|vc|8|2|nan|1176,1,51.9815,0.664495,0.026836,61.1384,0.672142,0.563398,False,nan|1176,1313974
1,130_bNAb_Combinations|1313992|cc|1|1|RHPA4259.7|5371,1,4.44643e-05,0.664502,0.0129175,61.1384,0.672592,0.837457,False,nan|RHPA4259.7,1313992
1,130_bNAb_Combinations|1313992|cc|2|1|RHPA4259.7|5371,1,2.60973e-05,0.664502,0.0129175,61.1384,0.672592,0.837457,False,nan|RHPA4259.7,1313992
1,130_bNAb_Combinations|1313992|cc|3|1|RHPA4259.7|5371,1,0.00891842,0.664502,0.0129175,61.1384,0.672592,0.837457,False,nan|RHPA4259.7,1313992
1,130_bNAb_Combinations|1313992|cc|4|1|RHPA4259.7|5371,1,278.576,0.664502,0.0129175,61.1384,0.672592,0.837457,False,nan|RHPA4259.7,1313992
1,130_bNAb_Combinations|1313992|cc|5|1|RHPA4259.7|5371,1,4.19983,0.664502,0.0129175,61.1384,0.672592,0.837457,False,nan|RHPA4259.7,1313992
1,130_bNAb_Combinations|1313992|cc|6|1|RHPA4259.7|5371,1,0.623102,0.664502,0.0129175,61.1384,0.672592,0.837457,False,nan|RHPA4259.7,1313992
1,130_bNAb_Combinations|1313992|cc|7|1|RHPA4259.7|5371,1,2.58502e-07,0.664502,0.0129175,61.1384,0.672592,0.837457,False,nan|RHPA4259.7,1313992
1,130_bNAb_Combinations|1313992|cc|8|1|RHPA4259.7|5371,1,15.8095,0.664502,0.0129175,61.1384,0.672592,0.837457,False,nan|RHPA4259.7,1313992
1,130_bNAb_Combinations|1313992|sample|10|RHPA4259.7|5371,1,2.80528e-11,0.666258,0.0757695,61.1385,0.672592,0.837457,True,PGT121|RHPA4259.7,1313992
1,130_bNAb_Combinations|1313992|sample|11|RHPA4259.7|5371,1,0.000122264,0.664407,0.0654501,61.1385,0.672592,0.837457,True,VRC07-523LS|RHPA4259.7,1313992
1,130_bNAb_Combinations|1313992|sample|12|RHPA4259.7|5371,1,0.00047347,0.664407,0.0654501,61.1385,0.672592,0.837457,True,VRC07-523LS|RHPA4259.7,1313992
1,130_bNAb_Combinations|1313992|sample|3|RHPA4259.7|5371,1,0.000841966,0.664495,0.00398382,61.1385,0.672592,0.837457,True,PGDM1400|RHPA4259.7,1313992
1,130_bNAb_Combinations|1313992|sample|4|RHPA4259.7|5371,1,0.000409051,0.664495,0.00398382,61.1385,0.672592,0.837457,True,PGDM1400|RHPA4259.7,1313992
1,130_bNAb_Combinations|1313992|sample|5|RHPA4259.7|5371,1,0.0031667,0.664495,0.00398382,61.1385,0.672592,0.837457,True,PGDM1400|RHPA4259.7,1313992
1,130_bNAb_Combinations|1313992|sample|6|RHPA4259.7|5371,1,2.94125e-08,0.664495,0.00398382,61.1385,0.672592,0.837457,True,PGDM1400|RHPA4259.7,1313992
1,130_bNAb_Combinations|1313992|sample|7|RHPA4259.7|5371,1,0.000654109,0.666258,0.0757695,61.1385,0.672592,0.837457,True,PGT121|RHPA4259.7,1313992
1,130_bNAb_Combinations|1313992|sample|8|RHPA4259.7|5371,1,1.0795e-05,0.666258,0.0757695,61.1385,0.672592,0.837457,True,PGT121|RHPA4259.7,1313992
1,130_bNAb_Combinations|1313992|sample|9|RHPA4259.7|5371,1,5.45262e-06,0.666258,0.0757695,61.1385,0.672592,0.837457,True,PGT121|RHPA4259.7,1313992
1,130_bNAb_Combinations|1313992|vc|1|2|RHPA4259.7|5371,1,354.468,0.664502,0.0129175,61.1384,0.672592,0.837457,False,nan|RHPA4259.7,1313992
1,130_bNAb_Combinations|1313992|vc|2|2|RHPA4259.7|5371,1,0.00196034,0.664502,0.0129175,61.1384,0.672592,0.837457,False,nan|RHPA4259.7,1313992
1,130_bNAb_Combinations|1313992|vc|3|2|RHPA4259.7|5371,1,0.00675168,0.664502,0.0129175,61.1384,0.672592,0.837457,False,nan|RHPA4259.7,1313992
1,130_bNAb_Combinations|1313992|vc|4|2|RHPA4259.7|5371,1,7.6552e-08,0.664502,0.0129175,61.1384,0.672592,0.837457,False,nan|RHPA4259.7,1313992
1,130_bNAb_Combinations|1313992|vc|5|2|RHPA4259.7|5371,1,868.418,0.664502,0.0129175,61.1384,0.672592,0.837457,False,nan|RHPA4259.7,1313992
1,130_bNAb_Combinations|1313992|vc|6|2|RHPA4259.7|5371,1,0.0596169,0.664502,0.0129175,61.1384,0.672592,0.837457,False,nan|RHPA4259.7,1313992
1,130_bNAb_Combinations|1313992|vc|7|2|RHPA4259.7|5371,1,1575.82,0.664502,0.0129175,61.1384,0.672592,0.837457,False,nan|RHPA4259.7,1313992
1,130_bNAb_Combinations|1313992|vc|8|2|RHPA4259.7|5371,1,2.24351e-07,0.664502,0.0129175,61.1384,0.672592,0.837457,False,nan|RHPA4259.7,1313992
1,130_bNAb_Combinations|1314016|cc|1|1|nan|3430,1,6509.13,0.664333,0.0128249,61.1384,0.672592,1.3557,False,nan|3430,1314016
1,130_bNAb_Combinations|1314016|cc|2|1|nan|3430,1,0.000409819,0.664333,0.0128249,61.1384,0.672592,1.3557,False,nan|3430,1314016
1,130_bNAb_Combinations|1314016|cc|3|1|nan|3430,1,2.28729e-11,0.664333,0.0128249,61.1384,0.672592,1.3557,False,nan|3430,1314016
1,130_bNAb_Combinations|1314016|cc|4|1|nan|3430,1,5.48318e-07,0.664333,0.0128249,61.1384,0.672592,1.3557,False,nan|3430,1314016
1,130_bNAb_Combinations|1314016|cc|5|1|nan|3430,1,3.55479e-07,0.664333,0.0128249,61.1384,0.672592,1.3557,False,nan|3430,1314016
1,130_bNAb_Combinations|1314016|cc|6|1|nan|3430,1,6305,0.664333,0.0128249,61.1384,0.672592,1.3557,False,nan|3430,1314016
1,130_bNAb_Combinations|1314016|cc|7|1|nan|3430,1,1.73252,0.664333,0.0128249,61.1384,0.672592,1.3557,False,nan|3430,1314016
1,130_bNAb_Combinations|1314016|cc|8|1|nan|3430,1,0.00503028,0.664333,0.0128249,61.1384,0.672592,1.3557,False,nan|3430,1314016
1,130_bNAb_Combinations|1314016|sample|10|nan|3430,1,0.0128751,0.664495,0.0277731,61.1385,0.672592,1.3557,True,PGT121|3430,1314016
1,130_bNAb_Combinations|1314016|sample|11|nan|3430,1,0.00113346,0.664494,0.0391991,61.1385,0.672592,1.3557,True,VRC07-523LS|3430,1314016
1,130_bNAb_Combinations|1314016|sample|12|nan|3430,1,0.000531263,0.664494,0.0391991,61.1385,0.672592,1.3557,True,VRC07-523LS|3430,1314016
1,130_bNAb_Combinations|1314016|sample|3|nan|3430,1,0.0111324,0.664495,0.441599,61.1385,0.672592,1.3557,True,PGDM1400|3430,1314016
1,130_bNAb_Combinations|1314016|sample|4|nan|3430,1,0.0105734,0.664495,0.441599,61.1385,0.672592,1.3557,True,PGDM1400|3430,1314016
1,130_bNAb_Combinations|1314016|sample|5|nan|3430,1,0.0126455,0.664495,0.441599,61.1385,0.672592,1.3557,True,PGDM1400|3430,1314016
1,130_bNAb_Combinations|1314016|sample|6|nan|3430,1,0.0103265,0.664495,0.441599,61.1385,0.672592,1.3557,True,PGDM1400|3430,1314016
1,130_bNAb_Combinations|1314016|sample|7|nan|3430,1,0.0170508,0.664495,0.0277731,61.1385,0.672592,1.3557,True,PGT121|3430,1314016
1,130_bNAb_Combinations|1314016|sample|8|nan|3430,1,0.0180775,0.664495,0.0277731,61.1385,0.672592,1.3557,True,PGT121|3430,1314016
1,130_bNAb_Combinations|1314016|sample|9|nan|3430,1,0.0142262,0.664495,0.0277731,61.1385,0.672592,1.3557,True,PGT121|3430,1314016
1,130_bNAb_Combinations|1314016|vc|1|2|nan|3430,1,102878,0.664333,0.0128249,61.1384,0.672592,1.3557,False,nan|3430,1314016
1,130_bNAb_Combinations|1314016|vc|2|2|nan|3430,1,0.000955828,0.664333,0.0128249,61.1384,0.672592,1.3557,False,nan|3430,1314016
1,130_bNAb_Combinations|1314016|vc|3|2|nan|3430,1,19.3659,0.664333,0.0128249,61.1384,0.672592,1.3557,False,nan|3430,1314016
1,130_bNAb_Combinations|1314016|vc|4|2|nan|3430,1,8633.62,0.664333,0.0128249,61.1384,0.672592,1.3557,False,nan|3430,1314016
1,130_bNAb_Combinations|1314016|vc|5|2|nan|3430,1,592.791,0.664333,0.0128249,61.1384,0.672592,1.3557,False,nan|3430,1314016
1,130_bNAb_Combinations|1314016|vc|6|2|nan|3430,1,8.51507,0.664333,0.0128249,61.1384,0.672592,1.3557,False,nan|3430,1314016
1,130_bNAb_Combinations|1314016|vc|7|2|nan|3430,1,59.1709,0.664333,0.0128249,61.1384,0.672592,1.3557,False,nan|3430,1314016
1,130_bNAb_Combinations|1314016|vc|8|2|nan|3430,1,97139.8,0.664333,0.0128249,61.1384,0.672592,1.3557,False,nan|3430,1314016
1,130_bNAb_Combinations|1314040|cc|1|1|nan|4166,1,0.0080412,0.664526,0.00923446,61.1384,0.672592,1.35626,False,nan|4166,1314040
1,130_bNAb_Combinations|1314040|cc|2|1|nan|4166,1,12602.1,0.664526,0.00923445,61.1384,0.672592,1.35626,False,nan|4166,1314040
1,130_bNAb_Combinations|1314040|cc|3|1|nan|4166,1,8.06708,0.664526,0.00923446,61.1384,0.672592,1.35626,False,nan|4166,1314040
1,130_bNAb_Combinations|1314040|cc|4|1|nan|4166,1,24.7262,0.664526,0.00923446,61.1384,0.672592,1.35626,False,nan|4166,1314040
1,130_bNAb_Combinations|1314040|cc|5|1|nan|4166,1,29.5261,0.664526,0.00923446,61.1384,0.672592,1.35626,False,nan|4166,1314040
1,130_bNAb_Combinations|1314040|cc|6|1|nan|4166,1,7.31111,0.664526,0.00923446,61.1384,0.672592,1.35626,False,nan|4166,1314040
1,130_bNAb_Combinations|1314040|cc|7|1|nan|4166,1,3371.25,0.664526,0.00923446,61.1384,0.672592,1.35626,False,nan|4166,1314040
1,130_bNAb_Combinations|1314040|cc|8|1|nan|4166,1,1.57793e+06,0.664526,0.00923446,61.1384,0.672592,1.35626,False,nan|4166,1314040
1,130_bNAb_Combinations|1314040|sample|10|nan|4166,1,0.000594052,0.70785,0.195815,61.1385,0.672592,1.35626,True,PGT121|4166,1314040
1,130_bNAb_Combinations|1314040|sample|11|nan|4166,1,5.97029e-05,0.664467,0.0875778,61.1385,0.672592,1.35626,True,VRC07-523LS|4166,1314040
1,130_bNAb_Combinations|1314040|sample|12|nan|4166,1,0.00112657,0.664467,0.0875778,61.1385,0.672592,1.35626,True,VRC07-523LS|4166,1314040
1,130_bNAb_Combinations|1314040|sample|3|nan|4166,1,0.0096891,0.664494,0.215069,61.1385,0.672592,1.35626,True,PGDM1400|4166,1314040
1,130_bNAb_Combinations|1314040|sample|4|nan|4166,1,0.0217091,0.664494,0.215069,61.1385,0.672592,1.35626,True,PGDM1400|4166,1314040
1,130_bNAb_Combinations|1314040|sample|5|nan|4166,1,0.00964728,0.664494,0.215069,61.1385,0.672592,1.35626,True,PGDM1400|4166,1314040
1,130_bNAb_Combinations|1314040|sample|6|nan|4166,1,0.00920239,0.664494,0.215069,61.1385,0.672592,1.35626,True,PGDM1400|4166,1314040
1,130_bNAb_Combinations|1314040|sample|7|nan|4166,1,7.73077e-06,0.70785,0.195815,61.1385,0.672592,1.35626,True,PGT121|4166,1314040
1,130_bNAb_Combinations|1314040|sample|8|nan|4166,1,0.000181839,0.70785,0.195815,61.1385,0.672592,1.35626,True,PGT121|4166,1314040
1,130_bNAb_Combinations|1314040|sample|9|nan|4166,1,7.9666e-05,0.70785,0.195815,61.1385,0.672592,1.35626,True,PGT121|4166,1314040
1,130_bNAb_Combinations|1314040|vc|1|2|nan|4166,1,0.390655,0.664526,0.00923446,61.1384,0.672592,1.35626,False,nan|4166,1314040
1,130_bNAb_Combinations|1314040|vc|2|2|nan|4166,1,0.768252,0.664526,0.00923446,61.1384,0.672592,1.35626,False,nan|4166,1314040
1,130_bNAb_Combinations|1314040|vc|3|2|nan|4166,1,0.00927152,0.664526,0.00923446,61.1384,0.672592,1.35626,False,nan|4166,1314040
1,130_bNAb_Combinations|1314040|vc|4|2|nan|4166,1,0.0684385,0.664526,0.00923446,61.1384,0.672592,1.35626,False,nan|4166,1314040
1,130_bNAb_Combinations|1314040|vc|5|2|nan|4166,1,0.0022714,0.664526,0.00923446,61.1384,0.672592,1.35626,False,nan|4166,1314040
1,130_bNAb_Combinations|1314040|vc|6|2|nan|4166,1,3.21804e-05,0.664526,0.00923446,61.1384,0.672592,1.35626,False,nan|4166,1314040
1,130_bNAb_Combinations|1314040|vc|7|2|nan|4166,1,21170.4,0.664526,0.00923446,61.1384,0.672592,1.35626,False,nan|4166,1314040
1,130_bNAb_Combinations|1314040|vc|8|2|nan|4166,1,115.135,0.664526,0.00923445,61.1384,0.672592,1.35626,False,nan|4166,1314040
1,130_bNAb_Combinations|1314058|cc|1|1|nan|2944,1,30159.5,0.664526,0.0727008,61.1384,0.672592,1.35626,False,nan|2944,1314058
1,130_bNAb_Combinations|1314058|cc|2|1|nan|2944,1,3.07544e-08,0.664526,0.0727008,61.1384,0.672592,1.35626,False,nan|2944,1314058
1,130_bNAb_Combinations|1314058|cc|3|1|nan|2944,1,110457,0.664526,0.0727009,61.1384,0.672592,1.35626,False,nan|2944,1314058
1,130_bNAb_Combinations|1314058|cc|4|1|nan|2944,1,116.301,0.664526,0.0727009,61.1384,0.672592,1.35626,False,nan|2944,1314058
1,130_bNAb_Combinations|1314058|cc|5|1|nan|2944,1,0.0366532,0.664526,0.0727008,61.1384,0.672592,1.35626,False,nan|2944,1314058
1,130_bNAb_Combinations|1314058|cc|6|1|nan|2944,1,1.43593e-10,0.664526,0.0727008,61.1384,0.672592,1.35626,False,nan|2944,1314058
1,130_bNAb_Combinations|1314058|cc|7|1|nan|2944,1,318362,0.664526,0.0727008,61.1384,0.672592,1.35626,False,nan|2944,1314058
1,130_bNAb_Combinations|1314058|cc|8|1|nan|2944,1,0.809864,0.664526,0.0727008,61.1384,0.672592,1.35626,False,nan|2944,1314058
1,130_bNAb_Combinations|1314058|sample|10|nan|2944,1,0.000161797,0.664444,0.138914,61.1385,0.672592,1.35626,True,PGT121|2944,1314058
1,130_bNAb_Combinations|1314058|sample|11|nan|2944,1,0.000149815,0.664495,0.0209118,61.1385,0.672592,1.35626,True,VRC07-523LS|2944,1314058
1,130_bNAb_Combinations|1314058|sample|12|nan|2944,1,5.60056e-07,0.664495,0.0209118,61.1385,0.672592,1.35626,True,VRC07-523LS|2944,1314058
1,130_bNAb_Combinations|1314058|sample|3|nan|2944,1,0.00521937,0.664495,1.02788,61.1385,0.672592,1.35626,True,PGDM1400|2944,1314058
1,130_bNAb_Combinations|1314058|sample|4|nan|2944,1,0.008444,0.664495,1.02788,61.1385,0.672592,1.35626,True,PGDM1400|2944,1314058
1,130_bNAb_Combinations|1314058|sample|5|nan|2944,1,0.00628145,0.664495,1.02788,61.1385,0.672592,1.35626,True,PGDM1400|2944,1314058
1,130_bNAb_Combinations|1314058|sample|6|nan|2944,1,0.00632026,0.664495,1.02788,61.1385,0.672592,1.35626,True,PGDM1400|2944,1314058
1,130_bNAb_Combinations|1314058|sample|7|nan|2944,1,0.000786218,0.664444,0.138914,61.1385,0.672592,1.35626,True,PGT121|2944,1314058
1,130_bNAb_Combinations|1314058|sample|8|nan|2944,1,0.000730743,0.664444,0.138914,61.1385,0.672592,1.35626,True,PGT121|2944,1314058
1,130_bNAb_Combinations|1314058|sample|9|nan|2944,1,0.00288192,0.664444,0.138914,61.1385,0.672592,1.35626,True,PGT121|2944,1314058
1,130_bNAb_Combinations|1314058|vc|1|2|nan|2944,1,0.000239817,0.664526,0.0727008,61.1384,0.672592,1.35626,False,nan|2944,1314058
1,130_bNAb_Combinations|1314058|vc|2|2|nan|2944,1,4.479e-05,0.664526,0.0727008,61.1384,0.672592,1.35626,False,nan|2944,1314058
1,130_bNAb_Combinations|1314058|vc|3|2|nan|2944,1,0.0784295,0.664526,0.0727008,61.1384,0.672592,1.35626,False,nan|2944,1314058
1,130_bNAb_Combinations|1314058|vc|4|2|nan|2944,1,10100.3,0.664526,0.0727008,61.1384,0.672592,1.35626,False,nan|2944,1314058
1,130_bNAb_Combinations|1314058|vc|5|2|nan|2944,1,0.0360952,0.664526,0.0727008,61.1384,0.672592,1.35626,False,nan|2944,1314058
1,130_bNAb_Combinations|1314058|vc|6|2|nan|2944,1,285342,0.664526,0.0727008,61.1384,0.672592,1.35626,False,nan|2944,1314058
1,130_bNAb_Combinations|1314058|vc|7|2|nan|2944,1,8.56301e-06,0.664526,0.0727008,61.1384,0.672592,1.35626,False,nan|2944,1314058
1,130_bNAb_Combinations|1314058|vc|8|2|nan|2944,1,143.948,0.664526,0.0727008,61.1384,0.672592,1.35626,False,nan|2944,1314058
1,130_bNAb_Combinations|1342240|cc|1|1|nan|1798,1,1.5752e-08,0.664499,0.0190777,61.1384,0.672592,1.35626,False,nan|1798,1342240
1,130_bNAb_Combinations|1342240|cc|2|1|nan|1798,1,1.11386e-05,0.664499,0.0190777,61.1384,0.672592,1.35626,False,nan|1798,1342240
1,130_bNAb_Combinations|1342240|cc|3|1|nan|1798,1,0.00161251,0.664499,0.0190777,61.1384,0.672592,1.35626,False,nan|1798,1342240
1,130_bNAb_Combinations|1342240|cc|4|1|nan|1798,1,4.72663e-08,0.664499,0.0190777,61.1384,0.672592,1.35626,False,nan|1798,1342240
1,130_bNAb_Combinations|1342240|cc|5|1|nan|1798,1,1.71766e+06,0.664499,0.0190777,61.1384,0.672592,1.35626,False,nan|1798,1342240
1,130_bNAb_Combinations|1342240|cc|6|1|nan|1798,1,8.92896e-08,0.664499,0.0190777,61.1384,0.672592,1.35626,False,nan|1798,1342240
1,130_bNAb_Combinations|1342240|cc|7|1|nan|1798,1,0.00208602,0.664499,0.0190777,61.1384,0.672592,1.35626,False,nan|1798,1342240
1,130_bNAb_Combinations|1342240|cc|8|1|nan|1798,1,0.0279167,0.664499,0.0190777,61.1384,0.672592,1.35626,False,nan|1798,1342240
1,130_bNAb_Combinations|1342240|sample|3|nan|1798,1,0.00170501,0.664475,0.00446394,61.1385,0.672592,1.35626,True,VRC07-523LS|1798,1342240
1,130_bNAb_Combinations|1342240|sample|4|nan|1798,1,0.000583462,0.664475,0.00446394,61.1385,0.672592,1.35626,True,VRC07-523LS|1798,1342240
1,130_bNAb_Combinations|1342240|sample|8|nan|1798,1,0.000615399,0.664475,0.00446394,61.1385,0.672592,1.35626,True,VRC07-523LS|1798,1342240
1,130_bNAb_Combinations|1342240|vc|1|2|nan|1798,1,7.32296,0.664499,0.0190777,61.1384,0.672592,1.35626,False,nan|1798,1342240
1,130_bNAb_Combinations|1342240|vc|2|2|nan|1798,1,871767,0.664499,0.0190777,61.1384,0.672592,1.35626,False,nan|1798,1342240
1,130_bNAb_Combinations|1342240|vc|3|2|nan|1798,1,0.00013865,0.664499,0.0190777,61.1384,0.672592,1.35626,False,nan|1798,1342240
1,130_bNAb_Combinations|1342240|vc|4|2|nan|1798,1,6569.5,0.664499,0.0190777,61.1384,0.672592,1.35626,False,nan|1798,1342240
1,130_bNAb_Combinations|1342240|vc|5|2|nan|1798,1,0.227644,0.664499,0.0190777,61.1384,0.672592,1.35626,False,nan|1798,1342240
1,130_bNAb_Combinations|1342240|vc|6|2|nan|1798,1,3340.44,0.664499,0.0190777,61.1384,0.672592,1.35626,False,nan|1798,1342240
1,130_bNAb_Combinations|1342240|vc|7|2|nan|1798,1,0.620095,0.664499,0.0190777,61.1384,0.672592,1.35626,False,nan|1798,1342240
1,130_bNAb_Combinations|1342240|vc|8|2|nan|1798,1,0.000564262,0.664499,0.0190777,61.1384,0.672592,1.35626,False,nan|1798,1342240
1,130_bNAb_Combinations|1342258|cc|1|1|TRO.11|8301,1,351.443,0.664541,0.0203904,61.1384,0.672592,1.35568,False,nan|TRO.11,1342258
1,130_bNAb_Combinations|1342258|cc|2|1|TRO.11|8301,1,10.5389,0.664541,0.0203904,61.1384,0.672592,1.35568,False,nan|TRO.11,1342258
1,130_bNAb_Combinations|1342258|cc|3|1|TRO.11|8301,1,0.0100873,0.664541,0.0203904,61.1384,0.672592,1.35568,False,nan|TRO.11,1342258
1,130_bNAb_Combinations|1342258|cc|4|1|TRO.11|8301,1,39.4328,0.664541,0.0203904,61.1384,0.672592,1.35568,False,nan|TRO.11,1342258
1,130_bNAb_Combinations|1342258|cc|5|1|TRO.11|8301,1,422106,0.664541,0.0203904,61.1384,0.672592,1.35568,False,nan|TRO.11,1342258
1,130_bNAb_Combinations|1342258|cc|6|1|TRO.11|8301,1,0.000665815,0.664541,0.0203904,61.1384,0.672592,1.35568,False,nan|TRO.11,1342258
1,130_bNAb_Combinations|1342258|cc|7|1|TRO.11|8301,1,0.00210681,0.664541,0.0203904,61.1384,0.672592,1.35568,False,nan|TRO.11,1342258
1,130_bNAb_Combinations|1342258|cc|8|1|TRO.11|8301,1,131475,0.664541,0.0203904,61.1384,0.672592,1.35568,False,nan|TRO.11,1342258
1,130_bNAb_Combinations|1342258|sample|3|TRO.11|8301,1,0.00129316,0.700481,0.0211417,61.1385,0.672592,1.35568,True,VRC07-523LS|TRO.11,1342258
1,130_bNAb_Combinations|1342258|sample|4|TRO.11|8301,1,5.47129e-11,0.700481,0.0211417,61.1385,0.672592,1.35568,True,VRC07-523LS|TRO.11,1342258
1,130_bNAb_Combinations|1342258|vc|1|2|TRO.11|8301,1,2.95525e-09,0.664541,0.0203904,61.1384,0.672592,1.35568,False,nan|TRO.11,1342258
1,130_bNAb_Combinations|1342258|vc|2|2|TRO.11|8301,1,11502.7,0.664541,0.0203904,61.1384,0.672592,1.35568,False,nan|TRO.11,1342258
1,130_bNAb_Combinations|1342258|vc|3|2|TRO.11|8301,1,1.58129e-07,0.664541,0.0203904,61.1384,0.672592,1.35568,False,nan|TRO.11,1342258
1,130_bNAb_Combinations|1342258|vc|4|2|TRO.11|8301,1,4894.68,0.664541,0.0203904,61.1384,0.672592,1.35568,False,nan|TRO.11,1342258
1,130_bNAb_Combinations|1342258|vc|5|2|TRO.11|8301,1,25.4929,0.664541,0.0203904,61.1384,0.672592,1.35568,False,nan|TRO.11,1342258
1,130_bNAb_Combinations|1342258|vc|6|2|TRO.11|8301,1,0.876178,0.664541,0.0203904,61.1384,0.672592,1.35568,False,nan|TRO.11,1342258
1,130_bNAb_Combinations|1342258|vc|7|2|TRO.11|8301,1,474.461,0.664541,0.0203904,61.1384,0.672592,1.35568,False,nan|TRO.11,1342258
1,130_bNAb_Combinations|1342258|vc|8|2|TRO.11|8301,1,552.866,0.664541,0.0203904,61.1384,0.672592,1.35568,False,nan|TRO.11,1342258
1,130_bNAb_Combinations|1342276|cc|1|1|Ce1176_A3|7023,1,150.997,0.66449,0.169845,61.1384,0.672481,1.35626,False,nan|Ce1176_A3,1342276
1,130_bNAb_Combinations|1342276|cc|2|1|Ce1176_A3|7023,1,22417,0.66449,0.169845,61.1384,0.672481,1.35626,False,nan|Ce1176_A3,1342276
1,130_bNAb_Combinations|1342276|cc|3|1|Ce1176_A3|7023,1,0.000151106,0.66449,0.169845,61.1384,0.672481,1.35626,False,nan|Ce1176_A3,1342276
1,130_bNAb_Combinations|1342276|cc|4|1|Ce1176_A3|7023,1,7.168e-07,0.66449,0.169845,61.1384,0.672481,1.35626,False,nan|Ce1176_A3,1342276
1,130_bNAb_Combinations|1342276|cc|5|1|Ce1176_A3|7023,1,39.0479,0.66449,0.169845,61.1384,0.672481,1.35626,False,nan|Ce1176_A3,1342276
1,130_bNAb_Combinations|1342276|cc|6|1|Ce1176_A3|7023,1,2.15921e-07,0.66449,0.169845,61.1384,0.672481,1.35626,False,nan|Ce1176_A3,1342276
1,130_bNAb_Combinations|1342276|cc|7|1|Ce1176_A3|7023,1,15.5298,0.66449,0.169845,61.1384,0.672481,1.35626,False,nan|Ce1176_A3,1342276
1,130_bNAb_Combinations|1342276|cc|8|1|Ce1176_A3|7023,1,0.000105522,0.66449,0.169845,61.1384,0.672481,1.35626,False,nan|Ce1176_A3,1342276
1,130_bNAb_Combinations|1342276|sample|3|Ce1176_A3|7023,1,0.000489947,0.67529,0.00621662,61.1385,0.672481,1.35626,True,VRC07-523LS|Ce1176_A3,1342276
1,130_bNAb_Combinations|1342276|sample|4|Ce1176_A3|7023,1,0.000822197,0.67529,0.00621662,61.1385,0.672481,1.35626,True,VRC07-523LS|Ce1176_A3,1342276
1,130_bNAb_Combinations|1342276|vc|1|2|Ce1176_A3|7023,1,0.000709566,0.66449,0.169845,61.1384,0.672481,1.35626,False,nan|Ce1176_A3,1342276
1,130_bNAb_Combinations|1342276|vc|2|2|Ce1176_A3|7023,1,0.284712,0.66449,0.169845,61.1384,0.672481,1.35626,False,nan|Ce1176_A3,1342276
1,130_bNAb_Combinations|1342276|vc|3|2|Ce1176_A3|7023,1,2.75341e+10,0.66449,0.169845,61.1384,0.672481,1.35626,False,nan|Ce1176_A3,1342276
1,130_bNAb_Combinations|1342276|vc|4|2|Ce1176_A3|7023,1,63.3638,0.66449,0.169845,61.1384,0.672481,1.35626,False,nan|Ce1176_A3,1342276
1,130_bNAb_Combinations|1342276|vc|5|2|Ce1176_A3|7023,1,0.0816546,0.66449,0.169845,61.1384,0.672481,1.35626,False,nan|Ce1176_A3,1342276
1,130_bNAb_Combinations|1342276|vc|6|2|Ce1176_A3|7023,1,25583.4,0.66449,0.169845,61.1384,0.672481,1.35626,False,nan|Ce1176_A3,1342276
1,130_bNAb_Combinations|1342276|vc|7|2|Ce1176_A3|7023,1,0.00912146,0.66449,0.169845,61.1384,0.672481,1.35626,False,nan|Ce1176_A3,1342276
1,130_bNAb_Combinations|1342276|vc|8|2|Ce1176_A3|7023,1,2.0894,0.66449,0.169845,61.1384,0.672481,1.35626,False,nan|Ce1176_A3,1342276
1,130_bNAb_Combinations|1342294|cc|1|1|nan|1176,1,7.24311e+10,0.664495,0.026836,61.1384,0.671945,1.35626,False,nan|1176,1342294
1,130_bNAb_Combinations|1342294|cc|2|1|nan|1176,1,1.71914e-06,0.664495,0.026836,61.1384,0.671945,1.35626,False,nan|1176,1342294
1,130_bNAb_Combinations|1342294|cc|3|1|nan|1176,1,1.78474e-05,0.664495,0.026836,61.1384,0.671945,1.35626,False,nan|1176,1342294
1,130_bNAb_Combinations|1342294|cc|4|1|nan|1176,1,0.0114892,0.664495,0.026836,61.1384,0.671945,1.35626,False,nan|1176,1342294
1,130_bNAb_Combinations|1342294|cc|5|1|nan|1176,1,0.000401307,0.664495,0.026836,61.1384,0.671945,1.35626,False,nan|1176,1342294
1,130_bNAb_Combinations|1342294|cc|6|1|nan|1176,1,12.1547,0.664495,0.026836,61.1384,0.671945,1.35626,False,nan|1176,1342294
1,130_bNAb_Combinations|1342294|cc|7|1|nan|1176,1,2.22605e+07,0.664495,0.026836,61.1384,0.671945,1.35626,False,nan|1176,1342294
1,130_bNAb_Combinations|1342294|cc|8|1|nan|1176,1,632.316,0.664495,0.026836,61.1384,0.671945,1.35626,False,nan|1176,1342294
1,130_bNAb_Combinations|1342294|sample|3|nan|1176,1,0.00739621,0.657247,0.0268695,61.1385,0.671945,1.35626,True,VRC07-523LS|1176,1342294
1,130_bNAb_Combinations|1342294|sample|4|nan|1176,1,0.00469344,0.657247,0.0268695,61.1385,0.671945,1.35626,True,VRC07-523LS|1176,1342294
1,130_bNAb_Combinations|1342294|sample|8|nan|1176,1,0.00702409,0.657247,0.0268695,61.1385,0.671945,1.35626,True,VRC07-523LS|1176,1342294
1,130_bNAb_Combinations|1342294|vc|1|2|nan|1176,1,0.000114821,0.664495,0.026836,61.1384,0.671945,1.35626,False,nan|1176,1342294
1,130_bNAb_Combinations|1342294|vc|2|2|nan|1176,1,115.618,0.664495,0.026836,61.1384,0.671945,1.35626,False,nan|1176,1342294
1,130_bNAb_Combinations|1342294|vc|3|2|nan|1176,1,3.15403e-06,0.664495,0.026836,61.1384,0.671945,1.35626,False,nan|1176,1342294
1,130_bNAb_Combinations|1342294|vc|4|2|nan|1176,1,643.325,0.664495,0.026836,61.1384,0.671945,1.35626,False,nan|1176,1342294
1,130_bNAb_Combinations|1342294|vc|5|2|nan|1176,1,31930.5,0.664495,0.026836,61.1384,0.671945,1.35626,False,nan|1176,1342294
1,130_bNAb_Combinations|1342294|vc|6|2|nan|1176,1,3.84392e+06,0.664495,0.026836,61.1384,0.671945,1.35626,False,nan|1176,1342294
1,130_bNAb_Combinations|1342294|vc|7|2|nan|1176,1,5003.22,0.664495,0.026836,61.1384,0.671945,1.35626,False,nan|1176,1342294
1,130_bNAb_Combinations|1342294|vc|8|2|nan|1176,1,4.56809e-05,0.664495,0.026836,61.1384,0.671945,1.35626,False,nan|1176,1342294
1,130_bNAb_Combinations|1342312|cc|1|1|RHPA4259.7|5371,1,0.100407,0.664502,0.0129175,61.1384,0.672033,1.35343,False,nan|RHPA4259.7,1342312
1,130_bNAb_Combinations|1342312|cc|2|1|RHPA4259.7|5371,1,6608.6,0.664502,0.0129175,61.1384,0.672033,1.35343,False,nan|RHPA4259.7,1342312
1,130_bNAb_Combinations|1342312|cc|3|1|RHPA4259.7|5371,1,13.5983,0.664502,0.0129175,61.1384,0.672033,1.35343,False,nan|RHPA4259.7,1342312
1,130_bNAb_Combinations|1342312|cc|4|1|RHPA4259.7|5371,1,0.000264038,0.664502,0.0129175,61.1384,0.672033,1.35343,False,nan|RHPA4259.7,1342312
1,130_bNAb_Combinations|1342312|cc|5|1|RHPA4259.7|5371,1,0.0889233,0.664502,0.0129175,61.1384,0.672033,1.35343,False,nan|RHPA4259.7,1342312
1,130_bNAb_Combinations|1342312|cc|6|1|RHPA4259.7|5371,1,524.153,0.664502,0.0129175,61.1384,0.672033,1.35343,False,nan|RHPA4259.7,1342312
1,130_bNAb_Combinations|1342312|cc|7|1|RHPA4259.7|5371,1,0.00631699,0.664502,0.0129175,61.1384,0.672033,1.35343,False,nan|RHPA4259.7,1342312
1,130_bNAb_Combinations|1342312|cc|8|1|RHPA4259.7|5371,1,0.000418547,0.664502,0.0129175,61.1384,0.672033,1.35343,False,nan|RHPA4259.7,1342312
1,130_bNAb_Combinations|1342312|sample|3|RHPA4259.7|5371,1,8.4615e-06,0.664407,0.0654501,61.1385,0.672033,1.35343,True,VRC07-523LS|RHPA4259.7,1342312
1,130_bNAb_Combinations|1342312|sample|4|RHPA4259.7|5371,1,8.35517e-07,0.664407,0.0654501,61.1385,0.672033,1.35343,True,VRC07-523LS|RHPA4259.7,1342312
1,130_bNAb_Combinations|1342312|vc|1|2|RHPA4259.7|5371,1,0.0017506,0.664502,0.0129175,61.1384,0.672033,1.35343,False,nan|RHPA4259.7,1342312
1,130_bNAb_Combinations|1342312|vc|2|2|RHPA4259.7|5371,1,0.000919944,0.664502,0.0129175,61.1384,0.672033,1.35343,False,nan|RHPA4259.7,1342312
1,130_bNAb_Combinations|1342312|vc|3|2|RHPA4259.7|5371,1,0.511545,0.664502,0.0129175,61.1384,0.672033,1.35343,False,nan|RHPA4259.7,1342312
1,130_bNAb_Combinations|1342312|vc|4|2|RHPA4259.7|5371,1,0.0406574,0.664502,0.0129175,61.1384,0.672033,1.35343,False,nan|RHPA4259.7,1342312
1,130_bNAb_Combinations|1342312|vc|5|2|RHPA4259.7|5371,1,1.75015e-05,0.664502,0.0129175,61.1384,0.672033,1.35343,False,nan|RHPA4259.7,1342312
1,130_bNAb_Combinations|1342312|vc|6|2|RHPA4259.7|5371,1,44.5405,0.664502,0.0129175,61.1384,0.672033,1.35343,False,nan|RHPA4259.7,1342312
1,130_bNAb_Combinations|1342312|vc|7|2|RHPA4259.7|5371,1,0.00714598,0.664502,0.0129175,61.1384,0.672033,1.35343,False,nan|RHPA4259.7,1342312
1,130_bNAb_Combinations|1342312|vc|8|2|RHPA4259.7|5371,1,0.142809,0.664502,0.0129175,61.1384,0.672033,1.35343,False,nan|RHPA4259.7,1342312
1,130_bNAb_Combinations|1342336|cc|1|1|nan|3430,1,0.000447908,0.664333,0.0128249,61.1384,0.672645,1.35495,False,nan|3430,1342336
1,130_bNAb_Combinations|1342336|cc|2|1|nan|3430,1,3.91348e-05,0.664333,0.0128249,61.1384,0.672645,1.35495,False,nan|3430,1342336
1,130_bNAb_Combinations|1342336|cc|3|1|nan|3430,1,595.816,0.664333,0.0128249,61.1384,0.672645,1.35495,False,nan|3430,1342336
1,130_bNAb_Combinations|1342336|cc|4|1|nan|3430,1,0.00325362,0.664333,0.0128249,61.1384,0.672645,1.35495,False,nan|3430,1342336
1,130_bNAb_Combinations|1342336|cc|5|1|nan|3430,1,14574,0.664333,0.0128249,61.1384,0.672645,1.35495,False,nan|3430,1342336
1,130_bNAb_Combinations|1342336|cc|6|1|nan|3430,1,3.75747e-06,0.664333,0.0128249,61.1384,0.672645,1.35495,False,nan|3430,1342336
1,130_bNAb_Combinations|1342336|cc|7|1|nan|3430,1,9.0161e-06,0.664333,0.0128249,61.1384,0.672645,1.35495,False,nan|3430,1342336
1,130_bNAb_Combinations|1342336|cc|8|1|nan|3430,1,1.66995e-05,0.664333,0.0128249,61.1384,0.672645,1.35495,False,nan|3430,1342336
1,130_bNAb_Combinations|1342336|sample|3|nan|3430,1,0.00220976,0.664494,0.0391991,61.1385,0.672645,1.35495,True,VRC07-523LS|3430,1342336
1,130_bNAb_Combinations|1342336|sample|4|nan|3430,1,1.29761e-05,0.664494,0.0391991,61.1385,0.672645,1.35495,True,VRC07-523LS|3430,1342336
1,130_bNAb_Combinations|1342336|sample|5|nan|3430,1,4.37456e-05,0.664494,0.0391991,61.1385,0.672645,1.35495,True,VRC07-523LS|3430,1342336
1,130_bNAb_Combinations|1342336|vc|1|2|nan|3430,1,510.768,0.664333,0.0128249,61.1384,0.672645,1.35495,False,nan|3430,1342336
1,130_bNAb_Combinations|1342336|vc|2|2|nan|3430,1,0.0190748,0.664333,0.0128249,61.1384,0.672645,1.35495,False,nan|3430,1342336
1,130_bNAb_Combinations|1342336|vc|3|2|nan|3430,1,337.577,0.664333,0.0128249,61.1384,0.672645,1.35495,False,nan|3430,1342336
1,130_bNAb_Combinations|1342336|vc|4|2|nan|3430,1,27429.6,0.664333,0.0128249,61.1384,0.672645,1.35495,False,nan|3430,1342336
1,130_bNAb_Combinations|1342336|vc|5|2|nan|3430,1,420957,0.664333,0.0128249,61.1384,0.672645,1.35495,False,nan|3430,1342336
1,130_bNAb_Combinations|1342336|vc|6|2|nan|3430,1,348.966,0.664333,0.0128249,61.1384,0.672645,1.35495,False,nan|3430,1342336
1,130_bNAb_Combinations|1342336|vc|7|2|nan|3430,1,0.0722931,0.664333,0.0128249,61.1384,0.672645,1.35495,False,nan|3430,1342336
1,130_bNAb_Combinations|1342336|vc|8|2|nan|3430,1,114472,0.664333,0.0128249,61.1384,0.672645,1.35495,False,nan|3430,1342336
1,130_bNAb_Combinations|1342348|cc|1|1|nan|4166,1,142665,0.664526,0.00923446,61.1384,0.672592,1.35427,False,nan|4166,1342348
1,130_bNAb_Combinations|1342348|cc|2|1|nan|4166,1,0.18846,0.664526,0.00923446,61.1384,0.672592,1.35427,False,nan|4166,1342348
1,130_bNAb_Combinations|1342348|cc|3|1|nan|4166,1,33.9093,0.664526,0.00923446,61.1384,0.672592,1.35427,False,nan|4166,1342348
1,130_bNAb_Combinations|1342348|cc|4|1|nan|4166,1,14.5784,0.664526,0.00923446,61.1384,0.672592,1.35427,False,nan|4166,1342348
1,130_bNAb_Combinations|1342348|cc|5|1|nan|4166,1,0.0778726,0.664526,0.00923446,61.1384,0.672592,1.35427,False,nan|4166,1342348
1,130_bNAb_Combinations|1342348|cc|6|1|nan|4166,1,0.000470164,0.664526,0.00923446,61.1384,0.672592,1.35427,False,nan|4166,1342348
1,130_bNAb_Combinations|1342348|cc|7|1|nan|4166,1,2.90437,0.664526,0.00923446,61.1384,0.672592,1.35427,False,nan|4166,1342348
1,130_bNAb_Combinations|1342348|cc|8|1|nan|4166,1,3.67911,0.664526,0.00923446,61.1384,0.672592,1.35427,False,nan|4166,1342348
1,130_bNAb_Combinations|1342348|sample|3|nan|4166,1,7.43484e-06,0.664467,0.0875778,61.1385,0.672592,1.35427,True,VRC07-523LS|4166,1342348
1,130_bNAb_Combinations|1342348|sample|4|nan|4166,1,4.70439e-05,0.664467,0.0875778,61.1385,0.672592,1.35427,True,VRC07-523LS|4166,1342348
1,130_bNAb_Combinations|1342348|vc|1|2|nan|4166,1,69358.6,0.664526,0.00923446,61.1384,0.672592,1.35427,False,nan|4166,1342348
1,130_bNAb_Combinations|1342348|vc|2|2|nan|4166,1,0.000748052,0.664526,0.00923446,61.1384,0.672592,1.35427,False,nan|4166,1342348
1,130_bNAb_Combinations|1342348|vc|3|2|nan|4166,1,88170.5,0.664526,0.00923446,61.1384,0.672592,1.35427,False,nan|4166,1342348
1,130_bNAb_Combinations|1342348|vc|4|2|nan|4166,1,48.7524,0.664526,0.00923446,61.1384,0.672592,1.35427,False,nan|4166,1342348
1,130_bNAb_Combinations|1342348|vc|5|2|nan|4166,1,5933.45,0.664526,0.00923446,61.1384,0.672592,1.35427,False,nan|4166,1342348
1,130_bNAb_Combinations|1342348|vc|6|2|nan|4166,1,446200,0.664526,0.00923446,61.1384,0.672592,1.35427,False,nan|4166,1342348
1,130_bNAb_Combinations|1342348|vc|7|2|nan|4166,1,7.40403e-07,0.664526,0.00923446,61.1384,0.672592,1.35427,False,nan|4166,1342348
1,130_bNAb_Combinations|1342348|vc|8|2|nan|4166,1,4.551,0.664526,0.00923446,61.1384,0.672592,1.35427,False,nan|4166,1342348
1,130_bNAb_Combinations|1342372|cc|1|1|nan|2944,1,808.729,0.664526,0.0727008,61.1384,0.672592,1.35626,False,nan|2944,1342372
1,130_bNAb_Combinations|1342372|cc|2|1|nan|2944,1,4.65804e-05,0.664526,0.0727008,61.1384,0.672592,1.35626,False,nan|2944,1342372
1,130_bNAb_Combinations|1342372|cc|3|1|nan|2944,1,34679.1,0.664526,0.0727008,61.1384,0.672592,1.35626,False,nan|2944,1342372
1,130_bNAb_Combinations|1342372|cc|4|1|nan|2944,1,128324,0.664526,0.0727008,61.1384,0.672592,1.35626,False,nan|2944,1342372
1,130_bNAb_Combinations|1342372|cc|5|1|nan|2944,1,598.812,0.664526,0.0727009,61.1384,0.672592,1.35626,False,nan|2944,1342372
1,130_bNAb_Combinations|1342372|cc|6|1|nan|2944,1,6.77282,0.664526,0.0727008,61.1384,0.672592,1.35626,False,nan|2944,1342372
1,130_bNAb_Combinations|1342372|cc|7|1|nan|2944,1,0.000788237,0.664526,0.0727008,61.1384,0.672592,1.35626,False,nan|2944,1342372
1,130_bNAb_Combinations|1342372|cc|8|1|nan|2944,1,0.0356953,0.664526,0.0727008,61.1384,0.672592,1.35626,False,nan|2944,1342372
1,130_bNAb_Combinations|1342372|sample|3|nan|2944,1,0.000121929,0.664495,0.0209118,61.1385,0.672592,1.35626,True,VRC07-523LS|2944,1342372
1,130_bNAb_Combinations|1342372|sample|4|nan|2944,1,3.16965e-07,0.664495,0.0209118,61.1385,0.672592,1.35626,True,VRC07-523LS|2944,1342372
1,130_bNAb_Combinations|1342372|vc|1|2|nan|2944,1,0.431142,0.664526,0.0727008,61.1384,0.672592,1.35626,False,nan|2944,1342372
1,130_bNAb_Combinations|1342372|vc|2|2|nan|2944,1,2214.56,0.664526,0.0727008,61.1384,0.672592,1.35626,False,nan|2944,1342372
1,130_bNAb_Combinations|1342372|vc|3|2|nan|2944,1,7.29772e-07,0.664526,0.0727009,61.1384,0.672592,1.35626,False,nan|2944,1342372
1,130_bNAb_Combinations|1342372|vc|4|2|nan|2944,1,752342,0.664526,0.0727008,61.1384,0.672592,1.35626,False,nan|2944,1342372
1,130_bNAb_Combinations|1342372|vc|5|2|nan|2944,1,3.21472e+12,0.664526,0.0727008,61.1384,0.672592,1.35626,False,nan|2944,1342372
1,130_bNAb_Combinations|1342372|vc|6|2|nan|2944,1,0.00346066,0.664526,0.0727008,61.1384,0.672592,1.35626,False,nan|2944,1342372
1,130_bNAb_Combinations|1342372|vc|7|2|nan|2944,1,17.4484,0.664526,0.0727008,61.1384,0.672592,1.35626,False,nan|2944,1342372
1,130_bNAb_Combinations|1342372|vc|8|2|nan|2944,1,0.0202017,0.664526,0.0727008,61.1384,0.672592,1.35626,False,nan|2944,1342372
1,130_bNAb_Combinations|1342384|cc|1|1|nan|2946,1,0.000103135,0.664459,0.06867,61.1384,0.67354,1.35369,False,nan|2946,1342384
1,130_bNAb_Combinations|1342384|cc|2|1|nan|2946,1,1.01576e-05,0.664459,0.06867,61.1384,0.67354,1.35369,False,nan|2946,1342384
1,130_bNAb_Combinations|1342384|cc|3|1|nan|2946,1,0.00164938,0.664459,0.06867,61.1384,0.67354,1.35369,False,nan|2946,1342384
1,130_bNAb_Combinations|1342384|cc|4|1|nan|2946,1,0.000270185,0.664459,0.06867,61.1384,0.67354,1.35369,False,nan|2946,1342384
1,130_bNAb_Combinations|1342384|cc|5|1|nan|2946,1,0.015958,0.664459,0.06867,61.1384,0.67354,1.35369,False,nan|2946,1342384
1,130_bNAb_Combinations|1342384|cc|6|1|nan|2946,1,577490,0.664459,0.06867,61.1384,0.67354,1.35369,False,nan|2946,1342384
1,130_bNAb_Combinations|1342384|cc|7|1|nan|2946,1,0.0615932,0.664459,0.06867,61.1384,0.67354,1.35369,False,nan|2946,1342384
1,130_bNAb_Combinations|1342384|cc|8|1|nan|2946,1,0.335701,0.664459,0.06867,61.1384,0.67354,1.35369,False,nan|2946,1342384
1,130_bNAb_Combinations|1342384|sample|3|nan|2946,1,1.49556e-06,0.715122,0.00433668,61.1385,0.67354,1.35369,True,VRC07-523LS|2946,1342384
1,130_bNAb_Combinations|1342384|sample|4|nan|2946,1,1.02924e-07,0.715122,0.00433668,61.1385,0.67354,1.35369,True,VRC07-523LS|2946,1342384
1,130_bNAb_Combinations|1342384|vc|1|2|nan|2946,1,15.9911,0.664459,0.06867,61.1384,0.67354,1.35369,False,nan|2946,1342384
1,130_bNAb_Combinations|1342384|vc|2|2|nan|2946,1,0.000155103,0.664459,0.06867,61.1384,0.67354,1.35369,False,nan|2946,1342384
1,130_bNAb_Combinations|1342384|vc|3|2|nan|2946,1,0.00759899,0.664459,0.06867,61.1384,0.67354,1.35369,False,nan|2946,1342384
1,130_bNAb_Combinations|1342384|vc|4|2|nan|2946,1,0.00157082,0.664459,0.06867,61.1384,0.67354,1.35369,False,nan|2946,1342384
1,130_bNAb_Combinations|1342384|vc|5|2|nan|2946,1,0.929184,0.664459,0.06867,61.1384,0.67354,1.35369,False,nan|2946,1342384
1,130_bNAb_Combinations|1342384|vc|6|2|nan|2946,1,0.0008753,0.664459,0.06867,61.1384,0.67354,1.35369,False,nan|2946,1342384
1,130_bNAb_Combinations|1342384|vc|7|2|nan|2946,1,41.9707,0.664459,0.06867,61.1384,0.67354,1.35369,False,nan|2946,1342384
1,130_bNAb_Combinations|1342384|vc|8|2|nan|2946,1,0.00369923,0.664459,0.06867,61.1384,0.67354,1.35369,False,nan|2946,1342384
1,130_bNAb_Combinations|1342396|cc|1|1|PVO.4|5024,1,0.00142908,0.664496,0.0279067,61.1384,0.672592,1.35599,False,nan|PVO.4,1342396
1,130_bNAb_Combinations|1342396|cc|2|1|PVO.4|5024,1,175924,0.664496,0.0279067,61.1384,0.672592,1.35599,False,nan|PVO.4,1342396
1,130_bNAb_Combinations|1342396|cc|3|1|PVO.4|5024,1,0.23885,0.664496,0.0279067,61.1384,0.672592,1.35599,False,nan|PVO.4,1342396
1,130_bNAb_Combinations|1342396|cc|4|1|PVO.4|5024,1,0.0143209,0.664496,0.0279067,61.1384,0.672592,1.35599,False,nan|PVO.4,1342396
1,130_bNAb_Combinations|1342396|cc|5|1|PVO.4|5024,1,9.15839,0.664496,0.0279067,61.1384,0.672592,1.35599,False,nan|PVO.4,1342396
1,130_bNAb_Combinations|1342396|cc|6|1|PVO.4|5024,1,0.00496429,0.664496,0.0279067,61.1384,0.672592,1.35599,False,nan|PVO.4,1342396
1,130_bNAb_Combinations|1342396|cc|7|1|PVO.4|5024,1,16.0114,0.664496,0.0279067,61.1384,0.672592,1.35599,False,nan|PVO.4,1342396
1,130_bNAb_Combinations|1342396|cc|8|1|PVO.4|5024,1,455.437,0.664496,0.0279067,61.1384,0.672592,1.35599,False,nan|PVO.4,1342396
1,130_bNAb_Combinations|1342396|sample|3|PVO.4|5024,1,6.25017e-07,0.664495,0.0146166,61.1385,0.672592,1.35599,True,VRC07-523LS|PVO.4,1342396
1,130_bNAb_Combinations|1342396|sample|4|PVO.4|5024,1,0.000284289,0.664495,0.0146166,61.1385,0.672592,1.35599,True,VRC07-523LS|PVO.4,1342396
1,130_bNAb_Combinations|1342396|vc|1|2|PVO.4|5024,1,3800.22,0.664496,0.0279067,61.1384,0.672592,1.35599,False,nan|PVO.4,1342396
1,130_bNAb_Combinations|1342396|vc|2|2|PVO.4|5024,1,6.08868,0.664496,0.0279067,61.1384,0.672592,1.35599,False,nan|PVO.4,1342396
1,130_bNAb_Combinations|1342396|vc|3|2|PVO.4|5024,1,0.00489606,0.664496,0.0279067,61.1384,0.672592,1.35599,False,nan|PVO.4,1342396
1,130_bNAb_Combinations|1342396|vc|4|2|PVO.4|5024,1,3.80093e-07,0.664496,0.0279067,61.1384,0.672592,1.35599,False,nan|PVO.4,1342396
1,130_bNAb_Combinations|1342396|vc|5|2|PVO.4|5024,1,2.43166,0.664496,0.0279067,61.1384,0.672592,1.35599,False,nan|PVO.4,1342396
1,130_bNAb_Combinations|1342396|vc|6|2|PVO.4|5024,1,0.0333935,0.664496,0.0279067,61.1384,0.672592,1.35599,False,nan|PVO.4,1342396
1,130_bNAb_Combinations|1342396|vc|7|2|PVO.4|5024,1,2.47809e-06,0.664496,0.0279067,61.1384,0.672592,1.35599,False,nan|PVO.4,1342396
1,130_bNAb_Combinations|1342396|vc|8|2|PVO.4|5024,1,22.8266,0.664496,0.0279067,61.1384,0.672592,1.35599,False,nan|PVO.4,1342396
1,130_bNAb_Combinations|1342408|cc|1|1|nan|4168,1,0.00037581,0.664405,0.00272728,61.1384,0.673547,1.35463,False,nan|4168,1342408
1,130_bNAb_Combinations|1342408|cc|2|1|nan|4168,1,470.315,0.664405,0.00272728,61.1384,0.673547,1.35463,False,nan|4168,1342408
1,130_bNAb_Combinations|1342408|cc|3|1|nan|4168,1,7.65553,0.664405,0.00272728,61.1384,0.673547,1.35463,False,nan|4168,1342408
1,130_bNAb_Combinations|1342408|cc|4|1|nan|4168,1,2.0521e-05,0.664405,0.00272728,61.1384,0.673547,1.35463,False,nan|4168,1342408
1,130_bNAb_Combinations|1342408|cc|5|1|nan|4168,1,0.000929745,0.664405,0.00272728,61.1384,0.673547,1.35463,False,nan|4168,1342408
1,130_bNAb_Combinations|1342408|cc|6|1|nan|4168,1,2.08959e+08,0.664405,0.00272728,61.1384,0.673547,1.35463,False,nan|4168,1342408
1,130_bNAb_Combinations|1342408|cc|7|1|nan|4168,1,0.410831,0.664405,0.00272728,61.1384,0.673547,1.35463,False,nan|4168,1342408
1,130_bNAb_Combinations|1342408|cc|8|1|nan|4168,1,2291.39,0.664405,0.00272728,61.1384,0.673547,1.35463,False,nan|4168,1342408
1,130_bNAb_Combinations|1342408|sample|3|nan|4168,1,0.00876433,0.656183,0.00788557,61.1385,0.673547,1.35463,True,VRC07-523LS|4168,1342408
1,130_bNAb_Combinations|1342408|sample|4|nan|4168,1,0.0140011,0.656183,0.00788557,61.1385,0.673547,1.35463,True,VRC07-523LS|4168,1342408
1,130_bNAb_Combinations|1342408|vc|1|2|nan|4168,1,1229.68,0.664405,0.00272728,61.1384,0.673547,1.35463,False,nan|4168,1342408
1,130_bNAb_Combinations|1342408|vc|2|2|nan|4168,1,0.000201261,0.664405,0.00272728,61.1384,0.673547,1.35463,False,nan|4168,1342408
1,130_bNAb_Combinations|1342408|vc|3|2|nan|4168,1,0.0876492,0.664405,0.00272728,61.1384,0.673547,1.35463,False,nan|4168,1342408
1,130_bNAb_Combinations|1342408|vc|4|2|nan|4168,1,0.000179732,0.664405,0.00272728,61.1384,0.673547,1.35463,False,nan|4168,1342408
1,130_bNAb_Combinations|1342408|vc|5|2|nan|4168,1,0.30198,0.664405,0.00272728,61.1384,0.673547,1.35463,False,nan|4168,1342408
1,130_bNAb_Combinations|1342408|vc|6|2|nan|4168,1,134178,0.664405,0.00272728,61.1384,0.673547,1.35463,False,nan|4168,1342408
1,130_bNAb_Combinations|1342408|vc|7|2|nan|4168,1,0.00843865,0.664405,0.00272728,61.1384,0.673547,1.35463,False,nan|4168,1342408
1,130_bNAb_Combinations|1342408|vc|8|2|nan|4168,1,0.00129624,0.664405,0.00272728,61.1384,0.673547,1.35463,False,nan|4168,1342408
1,704_VRC01_Concordance|1200432|cc|1|1|PVO.4|5024,1,5.34824e-10,0.664496,0.0279067,61.1384,0.672592,1.35626,False,nan|PVO.4,1200432
1,704_VRC01_Concordance|1200432|cc|2|1|PVO.4|5024,1,146.617,0.664496,0.0279067,61.1384,0.672592,1.35626,False,nan|PVO.4,1200432
1,704_VRC01_Concordance|1200432|cc|3|1|PVO.4|5024,1,2.64874e+07,0.664496,0.0279067,61.1384,0.672592,1.35626,False,nan|PVO.4,1200432
1,704_VRC01_Concordance|1200432|cc|4|1|PVO.4|5024,1,11471.9,0.664496,0.0279067,61.1384,0.672592,1.35626,False,nan|PVO.4,1200432
1,704_VRC01_Concordance|1200432|cc|5|1|PVO.4|5024,1,5.07398e-08,0.664496,0.0279067,61.1384,0.672592,1.35626,False,nan|PVO.4,1200432
1,704_VRC01_Concordance|1200432|cc|6|1|PVO.4|5024,1,3478.47,0.664496,0.0279067,61.1384,0.672592,1.35626,False,nan|PVO.4,1200432
1,704_VRC01_Concordance|1200432|cc|7|1|PVO.4|5024,1,25602.8,0.664496,0.0279067,61.1384,0.672592,1.35626,False,nan|PVO.4,1200432
1,704_VRC01_Concordance|1200432|cc|8|1|PVO.4|5024,1,0.000108418,0.664496,0.0279067,61.1384,0.672592,1.35626,False,nan|PVO.4,1200432
1,704_VRC01_Concordance|1200432|sample|10|PVO.4|5024,1,0.0428524,0.664495,0.00308293,61.1385,0.672592,1.35626,True,Clinical VRC01|PVO.4,1200432
1,704_VRC01_Concordance|1200432|sample|11|PVO.4|5024,1,3.34761e-06,0.664495,0.00308293,61.1385,0.672592,1.35626,True,Clinical VRC01|PVO.4,1200432
1,704_VRC01_Concordance|1200432|sample|12|PVO.4|5024,1,0.000423815,0.664495,0.00308293,61.1385,0.672592,1.35626,True,Clinical VRC01|PVO.4,1200432
1,704_VRC01_Concordance|1200432|sample|3|PVO.4|5024,1,0.000958685,0.664495,0.00308293,61.1385,0.672592,1.35626,True,Clinical VRC01|PVO.4,1200432
1,704_VRC01_Concordance|1200432|sample|4|PVO.4|5024,1,2.06413e-07,0.664495,0.00308293,61.1385,0.672592,1.35626,True,Clinical VRC01|PVO.4,1200432
1,704_VRC01_Concordance|1200432|sample|5|PVO.4|5024,1,0.00813664,0.664495,0.00308293,61.1385,0.672592,1.35626,True,Clinical VRC01|PVO.4,1200432
1,704_VRC01_Concordance|1200432|sample|6|PVO.4|5024,1,0.0297986,0.664495,0.00308293,61.1385,0.672592,1.35626,True,Clinical VRC01|PVO.4,1200432
1,704_VRC01_Concordance|1200432|sample|7|PVO.4|5024,1,0.00219619,0.664495,0.00308293,61.1385,0.672592,1.35626,True,Clinical VRC01|PVO.4,1200432
1,704_VRC01_Concordance|1200432|sample|8|PVO.4|5024,1,2.47114e-07,0.664495,0.00308293,61.1385,0.672592,1.35626,True,Clinical VRC01|PVO.4,1200432
1,704_VRC01_Concordance|1200432|sample|9|PVO.4|5024,1,0.0139369,0.664495,0.00308293,61.1385,0.672592,1.35626,True,Clinical VRC01|PVO.4,1200432
1,704_VRC01_Concordance|1200432|vc|1|2|PVO.4|5024,1,0.286685,0.664496,0.0279067,61.1384,0.672592,1.35626,False,nan|PVO.4,1200432
1,704_VRC01_Concordance|1200432|vc|2|2|PVO.4|5024,1,161.651,0.664496,0.0279067,61.1384,0.672592,1.35626,False,nan|PVO.4,1200432
1,704_VRC01_Concordance|1200432|vc|3|2|PVO.4|5024,1,441.44,0.664496,0.0279067,61.1384,0.672592,1.35626,False,nan|PVO.4,1200432
1,704_VRC01_Concordance|1200432|vc|4|2|PVO.4|5024,1,1.32318e+09,0.664496,0.0279067,61.1384,0.672592,1.35626,False,nan|PVO.4,1200432
1,704_VRC01_Concordance|1200432|vc|5|2|PVO.4|5024,1,6.07597e-05,0.664496,0.0279067,61.1384,0.672592,1.35626,False,nan|PVO.4,1200432
1,704_VRC01_Concordance|1200432|vc|6|2|PVO.4|5024,1,2298.62,0.664496,0.0279067,61.1384,0.672592,1.35626,False,nan|PVO.4,1200432
1,704_VRC01_Concordance|1200432|vc|7|2|PVO.4|5024,1,9.43139e-05,0.664496,0.0279067,61.1384,0.672592,1.35626,False,nan|PVO.4,1200432
1,704_VRC01_Concordance|1200432|vc|8|2|PVO.4|5024,1,5.57947e-09,0.664496,0.0279067,61.1384,0.672592,1.35626,False,nan|PVO.4,1200432
