id,U_SAEM,L_SAEM,m_SAEM,e_SAEM,s_SAEM,alpha_SAEM,k_SAEM,U_mode,L_mode,m_mode,e_mode,s_mode,alpha_mode,k_mode,goes_down,mab_virus,run_id
130_bNAb_Combinations|1313842|cc|1|1|nan|2946,1,0.024584,0.768177,12.8406,-0.816563,0.919808,1.36631,1,0.024584,0.768027,1,-4.75483e-07,0.928618,1.38672,False,nan|2946,1313842
130_bNAb_Combinations|1313842|cc|2|1|nan|2946,1,0.024584,0.768177,11.519,0.874963,0.919808,1.36631,1,0.024584,0.768027,1,-4.13227e-07,0.928618,1.38672,False,nan|2946,1313842
130_bNAb_Combinations|1313842|cc|3|1|nan|2946,1,0.024584,0.768177,5.72807,-0.0938903,0.919808,1.36631,1,0.024584,0.768027,1,5.30478e-07,0.928618,1.38672,False,nan|2946,1313842
130_bNAb_Combinations|1313842|cc|4|1|nan|2946,1,0.024584,0.768177,6.33317,-0.565571,0.919808,1.36631,1,0.024584,0.768027,1,-4.53168e-07,0.928618,1.38672,False,nan|2946,1313842
130_bNAb_Combinations|1313842|cc|5|1|nan|2946,1,0.024584,0.768177,6.18854,-0.130931,0.919808,1.36631,1,0.024584,0.768027,1,5.93945e-07,0.928618,1.38672,False,nan|2946,1313842
130_bNAb_Combinations|1313842|cc|6|1|nan|2946,1,0.024584,0.768177,27.8405,0.215651,0.919808,1.36631,1,0.024584,0.768027,1,-4.25122e-07,0.928618,1.38672,False,nan|2946,1313842
130_bNAb_Combinations|1313842|cc|7|1|nan|2946,1,0.024584,0.768177,8.07603,-0.629182,0.919808,1.36631,1,0.024584,0.768027,1,-3.63214e-07,0.928618,1.38672,False,nan|2946,1313842
130_bNAb_Combinations|1313842|cc|8|1|nan|2946,1,0.024584,0.768177,10.1931,0.695633,0.919808,1.36631,1,0.024584,0.768027,1,-2.71514e-07,0.928618,1.38672,False,nan|2946,1313842
130_bNAb_Combinations|1313842|sample|10|nan|2946,1,0.00019515,0.768177,0.474465,3.93348,0.919808,1.36631,1,0.00019515,0.768027,0.629705,3.26158,0.928618,1.38672,True,PGT121|2946,1313842
130_bNAb_Combinations|1313842|sample|11|nan|2946,1,0.000925107,0.768177,0.0792062,9.84271,0.919808,1.36631,1,0.000925107,0.768027,0.120735,7.27183,0.928618,1.38672,True,VRC07-523LS|2946,1313842
130_bNAb_Combinations|1313842|sample|12|nan|2946,1,0.000925107,0.768177,0.0953012,9.0304,0.919808,1.36631,1,0.000925107,0.768027,0.156794,6.52972,0.928618,1.38672,True,VRC07-523LS|2946,1313842
130_bNAb_Combinations|1313842|sample|3|nan|2946,1,0.0797346,0.768177,0.113226,5.05122,0.919808,1.36631,1,0.0797346,0.768027,0.392702,2.07195,0.928618,1.38672,True,PGDM1400|2946,1313842
130_bNAb_Combinations|1313842|sample|4|nan|2946,1,0.0797346,0.768177,0.201601,4.1935,0.919808,1.36631,1,0.0797346,0.768027,0.522589,1.9198,0.928618,1.38672,True,PGDM1400|2946,1313842
130_bNAb_Combinations|1313842|sample|5|nan|2946,1,0.0797346,0.768177,0.167566,4.69929,0.919808,1.36631,1,0.0797346,0.768027,0.333279,2.88505,0.928618,1.38672,True,PGDM1400|2946,1313842
130_bNAb_Combinations|1313842|sample|6|nan|2946,1,0.0797346,0.768177,0.191755,3.38763,0.919808,1.36631,1,0.0797346,0.768027,0.538691,1.85309,0.928618,1.38672,True,PGDM1400|2946,1313842
130_bNAb_Combinations|1313842|sample|7|nan|2946,1,0.00019515,0.768177,0.241653,5.08536,0.919808,1.36631,1,0.00019515,0.768027,0.343842,4.09245,0.928618,1.38672,True,PGT121|2946,1313842
130_bNAb_Combinations|1313842|sample|8|nan|2946,1,0.00019515,0.768177,0.661146,3.13317,0.919808,1.36631,1,0.00019515,0.768027,0.563331,3.1679,0.928618,1.38672,True,PGT121|2946,1313842
130_bNAb_Combinations|1313842|sample|9|nan|2946,1,0.00019515,0.768177,0.27577,5.56009,0.919808,1.36631,1,0.00019515,0.768027,0.413563,4.17335,0.928618,1.38672,True,PGT121|2946,1313842
130_bNAb_Combinations|1313842|vc|1|2|nan|2946,1,0.024584,0.768177,11.1063,-0.181955,0.919808,1.36631,1,0.024584,0.768027,1,-3.98224e-07,0.928618,1.38672,False,nan|2946,1313842
130_bNAb_Combinations|1313842|vc|2|2|nan|2946,1,0.024584,0.768177,5.64209,-0.594653,0.919808,1.36631,1,0.024584,0.768027,1,4.77655e-07,0.928618,1.38672,False,nan|2946,1313842
130_bNAb_Combinations|1313842|vc|3|2|nan|2946,1,0.024584,0.768177,9.92986,0.0923634,0.919808,1.36631,1,0.024584,0.768027,1,6.91142e-08,0.928618,1.38672,False,nan|2946,1313842
130_bNAb_Combinations|1313842|vc|4|2|nan|2946,1,0.024584,0.768177,5.69226,-0.550754,0.919808,1.36631,1,0.024584,0.768027,1,2.00373e-07,0.928618,1.38672,False,nan|2946,1313842
130_bNAb_Combinations|1313842|vc|5|2|nan|2946,1,0.024584,0.768177,6.29879,-1.56863,0.919808,1.36631,1,0.024584,0.768027,1,4.09498e-07,0.928618,1.38672,False,nan|2946,1313842
130_bNAb_Combinations|1313842|vc|6|2|nan|2946,1,0.024584,0.768177,8.04859,0.216446,0.919808,1.36631,1,0.024584,0.768027,1,-1.19292e-07,0.928618,1.38672,False,nan|2946,1313842
130_bNAb_Combinations|1313842|vc|7|2|nan|2946,1,0.024584,0.768177,14.8346,0.68811,0.919808,1.36631,1,0.024584,0.768027,1,-1.6801e-09,0.928618,1.38672,False,nan|2946,1313842
130_bNAb_Combinations|1313842|vc|8|2|nan|2946,1,0.024584,0.768177,6.83807,-0.760147,0.919808,1.36631,1,0.024584,0.768027,1,-5.39851e-07,0.928618,1.38672,False,nan|2946,1313842
130_bNAb_Combinations|1313860|cc|1|1|PVO.4|5024,1,0.00195934,0.768177,5.41936,-1.77717,0.359598,1.36631,1,0.00195934,0.768027,1,-5.78601e-07,0.357485,1.38672,False,nan|PVO.4,1313860
130_bNAb_Combinations|1313860|cc|2|1|PVO.4|5024,1,0.00195934,0.768177,6.81312,-0.348545,0.359598,1.36631,1,0.00195934,0.768027,1,-2.66319e-07,0.357485,1.38672,False,nan|PVO.4,1313860
130_bNAb_Combinations|1313860|cc|3|1|PVO.4|5024,1,0.00195934,0.768177,8.08638,-0.419518,0.359598,1.36631,1,0.00195934,0.768027,1,8.014e-08,0.357485,1.38672,False,nan|PVO.4,1313860
130_bNAb_Combinations|1313860|cc|4|1|PVO.4|5024,1,0.00195934,0.768177,3.71978,0.222417,0.359598,1.36631,1,0.00195934,0.768027,1,6.79547e-07,0.357485,1.38672,False,nan|PVO.4,1313860
130_bNAb_Combinations|1313860|cc|5|1|PVO.4|5024,1,0.00195934,0.768177,6.33128,-0.271915,0.359598,1.36631,1,0.00195934,0.768027,1,4.23313e-07,0.357485,1.38672,False,nan|PVO.4,1313860
130_bNAb_Combinations|1313860|cc|6|1|PVO.4|5024,1,0.00195934,0.768177,7.48897,0.0815546,0.359598,1.36631,1,0.00195934,0.768027,1,-4.9256e-07,0.357485,1.38672,False,nan|PVO.4,1313860
130_bNAb_Combinations|1313860|cc|7|1|PVO.4|5024,1,0.00195934,0.768177,5.22766,-0.0293543,0.359598,1.36631,1,0.00195934,0.768027,1,4.10346e-07,0.357485,1.38672,False,nan|PVO.4,1313860
130_bNAb_Combinations|1313860|cc|8|1|PVO.4|5024,1,0.00195934,0.768177,13.571,0.224947,0.359598,1.36631,1,0.00195934,0.768027,1,5.53054e-07,0.357485,1.38672,False,nan|PVO.4,1313860
130_bNAb_Combinations|1313860|sample|10|PVO.4|5024,1,0.00153134,0.768177,0.309488,9.22982,0.359598,1.36631,1,0.00153134,0.768027,0.580857,6.12549,0.357485,1.38672,True,PGT121|PVO.4,1313860
130_bNAb_Combinations|1313860|sample|11|PVO.4|5024,1,0.000927314,0.768177,0.320174,10.842,0.359598,1.36631,1,0.000927314,0.768027,0.533428,7.66918,0.357485,1.38672,True,VRC07-523LS|PVO.4,1313860
130_bNAb_Combinations|1313860|sample|12|PVO.4|5024,1,0.000927314,0.768177,0.363725,11.8785,0.359598,1.36631,1,0.000927314,0.768027,0.29379,12.1245,0.357485,1.38672,True,VRC07-523LS|PVO.4,1313860
130_bNAb_Combinations|1313860|sample|3|PVO.4|5024,1,0.00439342,0.768177,0.107199,4.7699,0.359598,1.36631,1,0.00439342,0.768027,0.123025,4.34452,0.357485,1.38672,True,PGDM1400|PVO.4,1313860
130_bNAb_Combinations|1313860|sample|4|PVO.4|5024,1,0.00439342,0.768177,0.109871,5.52037,0.359598,1.36631,1,0.00439342,0.768027,0.142117,3.90603,0.357485,1.38672,True,PGDM1400|PVO.4,1313860
130_bNAb_Combinations|1313860|sample|5|PVO.4|5024,1,0.00439342,0.768177,0.0834799,5.78122,0.359598,1.36631,1,0.00439342,0.768027,0.184169,3.473,0.357485,1.38672,True,PGDM1400|PVO.4,1313860
130_bNAb_Combinations|1313860|sample|6|PVO.4|5024,1,0.00439342,0.768177,0.192474,3.80793,0.359598,1.36631,1,0.00439342,0.768027,0.102577,5.29532,0.357485,1.38672,True,PGDM1400|PVO.4,1313860
130_bNAb_Combinations|1313860|sample|7|PVO.4|5024,1,0.00153134,0.768177,0.759735,7.5724,0.359598,1.36631,1,0.00153134,0.768027,0.892553,4.65242,0.357485,1.38672,True,PGT121|PVO.4,1313860
130_bNAb_Combinations|1313860|sample|8|PVO.4|5024,1,0.00153134,0.768177,0.469353,11.5751,0.359598,1.36631,1,0.00153134,0.768027,0.969091,4.47573,0.357485,1.38672,True,PGT121|PVO.4,1313860
130_bNAb_Combinations|1313860|sample|9|PVO.4|5024,1,0.00153134,0.768177,0.536532,6.72287,0.359598,1.36631,1,0.00153134,0.768027,0.613634,6.00552,0.357485,1.38672,True,PGT121|PVO.4,1313860
130_bNAb_Combinations|1313860|vc|1|2|PVO.4|5024,1,0.00195934,0.768177,5.07652,0.525135,0.359598,1.36631,1,0.00195934,0.768027,1,-2.05093e-07,0.357485,1.38672,False,nan|PVO.4,1313860
130_bNAb_Combinations|1313860|vc|2|2|PVO.4|5024,1,0.00195934,0.768177,8.98443,-0.0632222,0.359598,1.36631,1,0.00195934,0.768027,1,3.93832e-07,0.357485,1.38672,False,nan|PVO.4,1313860
130_bNAb_Combinations|1313860|vc|3|2|PVO.4|5024,1,0.00195934,0.768177,10.1422,0.149313,0.359598,1.36631,1,0.00195934,0.768027,1,-6.80672e-08,0.357485,1.38672,False,nan|PVO.4,1313860
130_bNAb_Combinations|1313860|vc|4|2|PVO.4|5024,1,0.00195934,0.768177,6.20213,-1.39336,0.359598,1.36631,1,0.00195934,0.768027,1,-5.32404e-07,0.357485,1.38672,False,nan|PVO.4,1313860
130_bNAb_Combinations|1313860|vc|5|2|PVO.4|5024,1,0.00195934,0.768177,14.307,0.380754,0.359598,1.36631,1,0.00195934,0.768027,1,4.41608e-07,0.357485,1.38672,False,nan|PVO.4,1313860
130_bNAb_Combinations|1313860|vc|6|2|PVO.4|5024,1,0.00195934,0.768177,14.9761,1.36999,0.359598,1.36631,1,0.00195934,0.768027,1,1.72501e-07,0.357485,1.38672,False,nan|PVO.4,1313860
130_bNAb_Combinations|1313860|vc|7|2|PVO.4|5024,1,0.00195934,0.768177,8.78489,-0.133269,0.359598,1.36631,1,0.00195934,0.768027,1,5.86189e-07,0.357485,1.38672,False,nan|PVO.4,1313860
130_bNAb_Combinations|1313860|vc|8|2|PVO.4|5024,1,0.00195934,0.768177,10.6718,0.0370619,0.359598,1.36631,1,0.00195934,0.768027,1,-7.5219e-08,0.357485,1.38672,False,nan|PVO.4,1313860
130_bNAb_Combinations|1313884|cc|1|1|nan|4168,1,0.00952263,0.768177,10.4659,0.563053,0.635809,1.36631,1,0.00952263,0.768027,1,-1.82554e-08,0.647716,1.38672,False,nan|4168,1313884
130_bNAb_Combinations|1313884|cc|2|1|nan|4168,1,0.00952263,0.768177,9.31311,0.326626,0.635809,1.36631,1,0.00952263,0.768027,1,-1.61122e-07,0.647716,1.38672,False,nan|4168,1313884
130_bNAb_Combinations|1313884|cc|3|1|nan|4168,1,0.00952263,0.768177,5.62052,-0.00908808,0.635809,1.36631,1,0.00952263,0.768027,1,2.96881e-07,0.647716,1.38672,False,nan|4168,1313884
130_bNAb_Combinations|1313884|cc|4|1|nan|4168,1,0.00952263,0.768177,5.55398,0.209338,0.635809,1.36631,1,0.00952263,0.768027,1,-4.71495e-07,0.647716,1.38672,False,nan|4168,1313884
130_bNAb_Combinations|1313884|cc|5|1|nan|4168,1,0.00952263,0.768177,8.07244,0.744341,0.635809,1.36631,1,0.00952263,0.768027,1,-2.13096e-07,0.647716,1.38672,False,nan|4168,1313884
130_bNAb_Combinations|1313884|cc|6|1|nan|4168,1,0.00952263,0.768177,10.7978,0.472311,0.635809,1.36631,1,0.00952263,0.768027,1,-1.88543e-07,0.647716,1.38672,False,nan|4168,1313884
130_bNAb_Combinations|1313884|cc|7|1|nan|4168,1,0.00952263,0.768177,8.94996,-0.435267,0.635809,1.36631,1,0.00952263,0.768027,1,6.26426e-07,0.647716,1.38672,False,nan|4168,1313884
130_bNAb_Combinations|1313884|cc|8|1|nan|4168,1,0.00952263,0.768177,9.49031,0.448196,0.635809,1.36631,1,0.00952263,0.768027,1,3.82558e-07,0.647716,1.38672,False,nan|4168,1313884
130_bNAb_Combinations|1313884|sample|10|nan|4168,1,0.122329,0.768177,8.47353,3.48358,0.635809,1.36631,1,0.122329,0.768027,12.4352,1.96015,0.647716,1.38672,True,PGT121|4168,1313884
130_bNAb_Combinations|1313884|sample|11|nan|4168,1,0.000192031,0.768177,6.79743,1.44201,0.635809,1.36631,1,0.000192031,0.768027,5.73502,1.5631,0.647716,1.38672,True,VRC07-523LS|4168,1313884
130_bNAb_Combinations|1313884|sample|12|nan|4168,1,0.000192031,0.768177,5.57159,1.70181,0.635809,1.36631,1,0.000192031,0.768027,4.79184,1.73263,0.647716,1.38672,True,VRC07-523LS|4168,1313884
130_bNAb_Combinations|1313884|sample|3|nan|4168,1,0.040234,0.768177,0.127679,3.06611,0.635809,1.36631,1,0.040234,0.768027,0.291681,1.20983,0.647716,1.38672,True,PGDM1400|4168,1313884
130_bNAb_Combinations|1313884|sample|4|nan|4168,1,0.040234,0.768177,0.158299,5.63015,0.635809,1.36631,1,0.040234,0.768027,0.302592,1.08384,0.647716,1.38672,True,PGDM1400|4168,1313884
130_bNAb_Combinations|1313884|sample|5|nan|4168,1,0.040234,0.768177,0.0356278,5.72787,0.635809,1.36631,1,0.040234,0.768027,0.0345534,4.88898,0.647716,1.38672,True,PGDM1400|4168,1313884
130_bNAb_Combinations|1313884|sample|6|nan|4168,1,0.040234,0.768177,0.0484166,4.4211,0.635809,1.36631,1,0.040234,0.768027,0.0389905,4.36022,0.647716,1.38672,True,PGDM1400|4168,1313884
130_bNAb_Combinations|1313884|sample|7|nan|4168,1,0.122329,0.768177,17.4563,1.26035,0.635809,1.36631,1,0.122329,0.768027,13.0706,1.4421,0.647716,1.38672,True,PGT121|4168,1313884
130_bNAb_Combinations|1313884|sample|8|nan|4168,1,0.122329,0.768177,3.85601,4.44822,0.635809,1.36631,1,0.122329,0.768027,7.50963,1.97559,0.647716,1.38672,True,PGT121|4168,1313884
130_bNAb_Combinations|1313884|sample|9|nan|4168,1,0.122329,0.768177,2.51409,4.55321,0.635809,1.36631,1,0.122329,0.768027,15.5378,1.51666,0.647716,1.38672,True,PGT121|4168,1313884
130_bNAb_Combinations|1313884|vc|1|2|nan|4168,1,0.00952263,0.768177,12.8844,0.625815,0.635809,1.36631,1,0.00952263,0.768027,1,1.41325e-07,0.647716,1.38672,False,nan|4168,1313884
130_bNAb_Combinations|1313884|vc|2|2|nan|4168,1,0.00952263,0.768177,9.25966,0.557392,0.635809,1.36631,1,0.00952263,0.768027,1,-2.18585e-07,0.647716,1.38672,False,nan|4168,1313884
130_bNAb_Combinations|1313884|vc|3|2|nan|4168,1,0.00952263,0.768177,16.8356,-0.0512679,0.635809,1.36631,1,0.00952263,0.768027,1,-2.53548e-07,0.647716,1.38672,False,nan|4168,1313884
130_bNAb_Combinations|1313884|vc|4|2|nan|4168,1,0.00952263,0.768177,9.02505,-0.450063,0.635809,1.36631,1,0.00952263,0.768027,1,1.86219e-07,0.647716,1.38672,False,nan|4168,1313884
130_bNAb_Combinations|1313884|vc|5|2|nan|4168,1,0.00952263,0.768177,8.97194,-0.56456,0.635809,1.36631,1,0.00952263,0.768027,1,-3.58363e-07,0.647716,1.38672,False,nan|4168,1313884
130_bNAb_Combinations|1313884|vc|6|2|nan|4168,1,0.00952263,0.768177,8.15857,0.626663,0.635809,1.36631,1,0.00952263,0.768027,1,-3.78345e-07,0.647716,1.38672,False,nan|4168,1313884
130_bNAb_Combinations|1313884|vc|7|2|nan|4168,1,0.00952263,0.768177,4.22943,-0.176991,0.635809,1.36631,1,0.00952263,0.768027,1,1.07353e-06,0.647716,1.38672,False,nan|4168,1313884
130_bNAb_Combinations|1313884|vc|8|2|nan|4168,1,0.00952263,0.768177,6.3206,-0.0186289,0.635809,1.36631,1,0.00952263,0.768027,1,-1.30934e-07,0.647716,1.38672,False,nan|4168,1313884
130_bNAb_Combinations|1313920|cc|1|1|nan|1798,1,0.00531288,0.768177,9.6788,-0.0600758,0.323311,0.481091,1,0.00531288,0.768027,1,4.4044e-09,0.287191,0.398016,False,nan|1798,1313920
130_bNAb_Combinations|1313920|cc|2|1|nan|1798,1,0.00531288,0.768177,9.57154,-0.885088,0.323311,0.481091,1,0.00531288,0.768027,1,6.22076e-08,0.287191,0.398016,False,nan|1798,1313920
130_bNAb_Combinations|1313920|cc|3|1|nan|1798,1,0.00531288,0.768177,6.65132,-1.55423,0.323311,0.481091,1,0.00531288,0.768027,1,-7.64105e-07,0.287191,0.398016,False,nan|1798,1313920
130_bNAb_Combinations|1313920|cc|4|1|nan|1798,1,0.00531288,0.768177,12.0915,0.577805,0.323311,0.481091,1,0.00531288,0.768027,1,3.16188e-07,0.287191,0.398016,False,nan|1798,1313920
130_bNAb_Combinations|1313920|cc|5|1|nan|1798,1,0.00531288,0.768177,4.80099,-0.378209,0.323311,0.481091,1,0.00531288,0.768027,1,-2.094e-07,0.287191,0.398016,False,nan|1798,1313920
130_bNAb_Combinations|1313920|cc|6|1|nan|1798,1,0.00531288,0.768177,9.22158,-0.654586,0.323311,0.481091,1,0.00531288,0.768027,1,-1.57146e-07,0.287191,0.398016,False,nan|1798,1313920
130_bNAb_Combinations|1313920|cc|7|1|nan|1798,1,0.00531288,0.768177,11.3449,-1.16049,0.323311,0.481091,1,0.00531288,0.768027,1,-1.53098e-07,0.287191,0.398016,False,nan|1798,1313920
130_bNAb_Combinations|1313920|cc|8|1|nan|1798,1,0.00531288,0.768177,10.3497,0.0275339,0.323311,0.481091,1,0.00531288,0.768027,1,1.1953e-07,0.287191,0.398016,False,nan|1798,1313920
130_bNAb_Combinations|1313920|sample|10|nan|1798,1,0.000561154,0.768177,2.40341,6.16601,0.323311,0.481091,1,0.000561154,0.768027,1.67186,6.09406,0.287191,0.398016,True,PGT121|1798,1313920
130_bNAb_Combinations|1313920|sample|11|nan|1798,1,0.00108326,0.768177,0.234386,7.77579,0.323311,0.481091,1,0.00108326,0.768027,0.24768,6.45087,0.287191,0.398016,True,VRC07-523LS|1798,1313920
130_bNAb_Combinations|1313920|sample|12|nan|1798,1,0.00108326,0.768177,0.110672,12.187,0.323311,0.481091,1,0.00108326,0.768027,0.167917,7.97922,0.287191,0.398016,True,VRC07-523LS|1798,1313920
130_bNAb_Combinations|1313920|sample|3|nan|1798,1,0.135683,0.768177,0.340935,9.10816,0.323311,0.481091,1,0.135683,0.768027,1.0457,2.7888,0.287191,0.398016,True,PGDM1400|1798,1313920
130_bNAb_Combinations|1313920|sample|4|nan|1798,1,0.135683,0.768177,1.19838,3.56045,0.323311,0.481091,1,0.135683,0.768027,1.82992,2.17677,0.287191,0.398016,True,PGDM1400|1798,1313920
130_bNAb_Combinations|1313920|sample|5|nan|1798,1,0.135683,0.768177,1.34358,3.58322,0.323311,0.481091,1,0.135683,0.768027,1.96111,2.02714,0.287191,0.398016,True,PGDM1400|1798,1313920
130_bNAb_Combinations|1313920|sample|6|nan|1798,1,0.135683,0.768177,2.06816,3.46394,0.323311,0.481091,1,0.135683,0.768027,3.21897,1.91446,0.287191,0.398016,True,PGDM1400|1798,1313920
130_bNAb_Combinations|1313920|sample|7|nan|1798,1,0.000561154,0.768177,0.510362,11.8838,0.323311,0.481091,1,0.000561154,0.768027,0.782377,8.32493,0.287191,0.398016,True,PGT121|1798,1313920
130_bNAb_Combinations|1313920|sample|8|nan|1798,1,0.000561154,0.768177,0.634343,11.7739,0.323311,0.481091,1,0.000561154,0.768027,0.993471,7.38692,0.287191,0.398016,True,PGT121|1798,1313920
130_bNAb_Combinations|1313920|sample|9|nan|1798,1,0.000561154,0.768177,1.44963,10.4805,0.323311,0.481091,1,0.000561154,0.768027,1.51415,6.23528,0.287191,0.398016,True,PGT121|1798,1313920
130_bNAb_Combinations|1313920|vc|1|2|nan|1798,1,0.00531288,0.768177,5.84187,-1.85801,0.323311,0.481091,1,0.00531288,0.768027,1,-3.2246e-07,0.287191,0.398016,False,nan|1798,1313920
130_bNAb_Combinations|1313920|vc|2|2|nan|1798,1,0.00531288,0.768177,7.98352,0.79789,0.323311,0.481091,1,0.00531288,0.768027,1,-2.80487e-07,0.287191,0.398016,False,nan|1798,1313920
130_bNAb_Combinations|1313920|vc|3|2|nan|1798,1,0.00531288,0.768177,7.35824,0.293538,0.323311,0.481091,1,0.00531288,0.768027,1,-3.41479e-07,0.287191,0.398016,False,nan|1798,1313920
130_bNAb_Combinations|1313920|vc|4|2|nan|1798,1,0.00531288,0.768177,10.6137,0.49504,0.323311,0.481091,1,0.00531288,0.768027,1,1.18139e-07,0.287191,0.398016,False,nan|1798,1313920
130_bNAb_Combinations|1313920|vc|5|2|nan|1798,1,0.00531288,0.768177,8.84618,-0.605548,0.323311,0.481091,1,0.00531288,0.768027,1,9.85461e-08,0.287191,0.398016,False,nan|1798,1313920
130_bNAb_Combinations|1313920|vc|6|2|nan|1798,1,0.00531288,0.768177,5.77619,-0.896691,0.323311,0.481091,1,0.00531288,0.768027,1,1.69328e-07,0.287191,0.398016,False,nan|1798,1313920
130_bNAb_Combinations|1313920|vc|7|2|nan|1798,1,0.00531288,0.768177,4.37361,-0.0124893,0.323311,0.481091,1,0.00531288,0.768027,1,3.32935e-07,0.287191,0.398016,False,nan|1798,1313920
130_bNAb_Combinations|1313920|vc|8|2|nan|1798,1,0.00531288,0.768177,13.8707,0.417096,0.323311,0.481091,1,0.00531288,0.768027,1,4.2131e-08,0.287191,0.398016,False,nan|1798,1313920
130_bNAb_Combinations|1313938|cc|1|1|TRO.11|8301,1,0.0115587,0.768177,8.59457,0.558111,0.635809,2.48166,1,0.0115587,0.768027,1,-4.45317e-07,0.647716,2.42966,False,nan|TRO.11,1313938
130_bNAb_Combinations|1313938|cc|2|1|TRO.11|8301,1,0.0115587,0.768177,5.73438,0.354842,0.635809,2.48166,1,0.0115587,0.768027,1,-5.35885e-07,0.647716,2.42966,False,nan|TRO.11,1313938
130_bNAb_Combinations|1313938|cc|3|1|TRO.11|8301,1,0.0115587,0.768177,7.93785,-0.288112,0.635809,2.48166,1,0.0115587,0.768027,1,8.29482e-07,0.647716,2.42966,False,nan|TRO.11,1313938
130_bNAb_Combinations|1313938|cc|4|1|TRO.11|8301,1,0.0115587,0.768177,13.0395,-1.16211,0.635809,2.48166,1,0.0115587,0.768027,1,-1.97075e-07,0.647716,2.42966,False,nan|TRO.11,1313938
130_bNAb_Combinations|1313938|cc|5|1|TRO.11|8301,1,0.0115587,0.768177,6.26988,-0.160829,0.635809,2.48166,1,0.0115587,0.768027,1,-7.70308e-07,0.647716,2.42966,False,nan|TRO.11,1313938
130_bNAb_Combinations|1313938|cc|6|1|TRO.11|8301,1,0.0115587,0.768177,4.9466,-1.02408,0.635809,2.48166,1,0.0115587,0.768027,1,-2.03947e-07,0.647716,2.42966,False,nan|TRO.11,1313938
130_bNAb_Combinations|1313938|cc|7|1|TRO.11|8301,1,0.0115587,0.768177,8.33118,0.22551,0.635809,2.48166,1,0.0115587,0.768027,1,-6.66404e-07,0.647716,2.42966,False,nan|TRO.11,1313938
130_bNAb_Combinations|1313938|cc|8|1|TRO.11|8301,1,0.0115587,0.768177,5.49385,-0.499423,0.635809,2.48166,1,0.0115587,0.768027,1,3.02403e-07,0.647716,2.42966,False,nan|TRO.11,1313938
130_bNAb_Combinations|1313938|sample|10|TRO.11|8301,1,0.00116191,0.768177,2.94298,10.5266,0.635809,2.48166,1,0.00116191,0.768027,3.05378,8.59322,0.647716,2.42966,True,PGT121|TRO.11,1313938
130_bNAb_Combinations|1313938|sample|11|TRO.11|8301,1,0.00104979,0.768177,0.280991,14.4854,0.635809,2.48166,1,0.00104979,0.768027,0.365844,11.3135,0.647716,2.42966,True,VRC07-523LS|TRO.11,1313938
130_bNAb_Combinations|1313938|sample|12|TRO.11|8301,1,0.00104979,0.768177,0.51775,10.6819,0.635809,2.48166,1,0.00104979,0.768027,0.495043,9.3758,0.647716,2.42966,True,VRC07-523LS|TRO.11,1313938
130_bNAb_Combinations|1313938|sample|3|TRO.11|8301,1,0.00892492,0.768177,0.14027,7.94096,0.635809,2.48166,1,0.00892492,0.768027,0.176953,5.17429,0.647716,2.42966,True,PGDM1400|TRO.11,1313938
130_bNAb_Combinations|1313938|sample|4|TRO.11|8301,1,0.00892492,0.768177,0.405952,3.33343,0.635809,2.48166,1,0.00892492,0.768027,0.374576,3.39705,0.647716,2.42966,True,PGDM1400|TRO.11,1313938
130_bNAb_Combinations|1313938|sample|5|TRO.11|8301,1,0.00892492,0.768177,0.258438,4.22991,0.635809,2.48166,1,0.00892492,0.768027,0.41188,3.29179,0.647716,2.42966,True,PGDM1400|TRO.11,1313938
130_bNAb_Combinations|1313938|sample|6|TRO.11|8301,1,0.00892492,0.768177,0.454817,4.11058,0.635809,2.48166,1,0.00892492,0.768027,0.38978,3.37623,0.647716,2.42966,True,PGDM1400|TRO.11,1313938
130_bNAb_Combinations|1313938|sample|7|TRO.11|8301,1,0.00116191,0.768177,1.4874,14.052,0.635809,2.48166,1,0.00116191,0.768027,2.36422,9.44069,0.647716,2.42966,True,PGT121|TRO.11,1313938
130_bNAb_Combinations|1313938|sample|8|TRO.11|8301,1,0.00116191,0.768177,2.95025,8.82625,0.635809,2.48166,1,0.00116191,0.768027,2.63398,8.46816,0.647716,2.42966,True,PGT121|TRO.11,1313938
130_bNAb_Combinations|1313938|sample|9|TRO.11|8301,1,0.00116191,0.768177,2.14649,14.3971,0.635809,2.48166,1,0.00116191,0.768027,2.9844,8.84241,0.647716,2.42966,True,PGT121|TRO.11,1313938
130_bNAb_Combinations|1313938|vc|1|2|TRO.11|8301,1,0.0115587,0.768177,6.47082,0.691914,0.635809,2.48166,1,0.0115587,0.768027,1,1.24903e-07,0.647716,2.42966,False,nan|TRO.11,1313938
130_bNAb_Combinations|1313938|vc|2|2|TRO.11|8301,1,0.0115587,0.768177,8.27944,-0.284764,0.635809,2.48166,1,0.0115587,0.768027,1,4.07074e-08,0.647716,2.42966,False,nan|TRO.11,1313938
130_bNAb_Combinations|1313938|vc|3|2|TRO.11|8301,1,0.0115587,0.768177,6.2455,0.359615,0.635809,2.48166,1,0.0115587,0.768027,1,5.66187e-08,0.647716,2.42966,False,nan|TRO.11,1313938
130_bNAb_Combinations|1313938|vc|4|2|TRO.11|8301,1,0.0115587,0.768177,4.67443,-0.22843,0.635809,2.48166,1,0.0115587,0.768027,1,-3.04759e-07,0.647716,2.42966,False,nan|TRO.11,1313938
130_bNAb_Combinations|1313938|vc|5|2|TRO.11|8301,1,0.0115587,0.768177,6.08882,-1.16678,0.635809,2.48166,1,0.0115587,0.768027,1,-4.95555e-07,0.647716,2.42966,False,nan|TRO.11,1313938
130_bNAb_Combinations|1313938|vc|6|2|TRO.11|8301,1,0.0115587,0.768177,26.2836,0.252886,0.635809,2.48166,1,0.0115587,0.768027,1,-3.07906e-07,0.647716,2.42966,False,nan|TRO.11,1313938
130_bNAb_Combinations|1313938|vc|7|2|TRO.11|8301,1,0.0115587,0.768177,6.02455,-0.184765,0.635809,2.48166,1,0.0115587,0.768027,1,-3.28107e-08,0.647716,2.42966,False,nan|TRO.11,1313938
130_bNAb_Combinations|1313938|vc|8|2|TRO.11|8301,1,0.0115587,0.768177,5.70626,-0.304069,0.635809,2.48166,1,0.0115587,0.768027,1,-2.79376e-07,0.647716,2.42966,False,nan|TRO.11,1313938
130_bNAb_Combinations|1313956|cc|1|1|Ce1176_A3|7023,1,0.00951258,0.768177,6.92473,-0.44228,0.635809,0.777686,1,0.00951258,0.768027,1,4.27766e-07,0.647716,0.79399,False,nan|Ce1176_A3,1313956
130_bNAb_Combinations|1313956|cc|2|1|Ce1176_A3|7023,1,0.00951258,0.768177,7.92311,0.874507,0.635809,0.777686,1,0.00951258,0.768027,1,1.43995e-07,0.647716,0.79399,False,nan|Ce1176_A3,1313956
130_bNAb_Combinations|1313956|cc|3|1|Ce1176_A3|7023,1,0.00951258,0.768177,7.70944,-0.989563,0.635809,0.777686,1,0.00951258,0.768027,1,6.46172e-07,0.647716,0.79399,False,nan|Ce1176_A3,1313956
130_bNAb_Combinations|1313956|cc|4|1|Ce1176_A3|7023,1,0.00951258,0.768177,8.52771,-0.354447,0.635809,0.777686,1,0.00951258,0.768027,1,-3.93794e-07,0.647716,0.79399,False,nan|Ce1176_A3,1313956
130_bNAb_Combinations|1313956|cc|5|1|Ce1176_A3|7023,1,0.00951258,0.768177,4.47738,-0.423856,0.635809,0.777686,1,0.00951258,0.768027,1,2.6025e-07,0.647716,0.79399,False,nan|Ce1176_A3,1313956
130_bNAb_Combinations|1313956|cc|6|1|Ce1176_A3|7023,1,0.00951258,0.768177,10.5523,0.33212,0.635809,0.777686,1,0.00951258,0.768027,1,-6.02624e-08,0.647716,0.79399,False,nan|Ce1176_A3,1313956
130_bNAb_Combinations|1313956|cc|7|1|Ce1176_A3|7023,1,0.00951258,0.768177,6.12355,-0.449117,0.635809,0.777686,1,0.00951258,0.768027,1,1.84304e-07,0.647716,0.79399,False,nan|Ce1176_A3,1313956
130_bNAb_Combinations|1313956|cc|8|1|Ce1176_A3|7023,1,0.00951258,0.768177,7.03398,0.978348,0.635809,0.777686,1,0.00951258,0.768027,1,5.27449e-08,0.647716,0.79399,False,nan|Ce1176_A3,1313956
130_bNAb_Combinations|1313956|sample|10|Ce1176_A3|7023,1,0.000144847,0.768177,1.6863,12.6964,0.635809,0.777686,1,0.000144847,0.768027,2.60582,8.86359,0.647716,0.79399,True,PGT121|Ce1176_A3,1313956
130_bNAb_Combinations|1313956|sample|11|Ce1176_A3|7023,1,0.00202476,0.768177,0.125086,12.1005,0.635809,0.777686,1,0.00202476,0.768027,0.227137,7.90399,0.647716,0.79399,True,VRC07-523LS|Ce1176_A3,1313956
130_bNAb_Combinations|1313956|sample|12|Ce1176_A3|7023,1,0.00202476,0.768177,0.222931,10.7099,0.635809,0.777686,1,0.00202476,0.768027,0.377499,5.77505,0.647716,0.79399,True,VRC07-523LS|Ce1176_A3,1313956
130_bNAb_Combinations|1313956|sample|3|Ce1176_A3|7023,1,0.00414004,0.768177,6.27468,0.490998,0.635809,0.777686,1,0.00414004,0.768027,15.4444,0.379049,0.647716,0.79399,True,PGDM1400|Ce1176_A3,1313956
130_bNAb_Combinations|1313956|sample|4|Ce1176_A3|7023,1,0.00414004,0.768177,21.5655,0.351649,0.635809,0.777686,1,0.00414004,0.768027,13.7494,0.398257,0.647716,0.79399,True,PGDM1400|Ce1176_A3,1313956
130_bNAb_Combinations|1313956|sample|5|Ce1176_A3|7023,1,0.00414004,0.768177,12.1042,0.408435,0.635809,0.777686,1,0.00414004,0.768027,11.0689,0.406146,0.647716,0.79399,True,PGDM1400|Ce1176_A3,1313956
130_bNAb_Combinations|1313956|sample|6|Ce1176_A3|7023,1,0.00414004,0.768177,34.8864,0.337011,0.635809,0.777686,1,0.00414004,0.768027,13.142,0.416122,0.647716,0.79399,True,PGDM1400|Ce1176_A3,1313956
130_bNAb_Combinations|1313956|sample|7|Ce1176_A3|7023,1,0.000144847,0.768177,0.79559,19.1717,0.635809,0.777686,1,0.000144847,0.768027,1.46106,11.7486,0.647716,0.79399,True,PGT121|Ce1176_A3,1313956
130_bNAb_Combinations|1313956|sample|8|Ce1176_A3|7023,1,0.000144847,0.768177,1.31576,14.3732,0.635809,0.777686,1,0.000144847,0.768027,1.27597,12.6209,0.647716,0.79399,True,PGT121|Ce1176_A3,1313956
130_bNAb_Combinations|1313956|sample|9|Ce1176_A3|7023,1,0.000144847,0.768177,1.15537,15.5933,0.635809,0.777686,1,0.000144847,0.768027,1.83944,11.0848,0.647716,0.79399,True,PGT121|Ce1176_A3,1313956
130_bNAb_Combinations|1313956|vc|1|2|Ce1176_A3|7023,1,0.00951258,0.768177,12.5267,-0.0851157,0.635809,0.777686,1,0.00951258,0.768027,1,1.05985e-07,0.647716,0.79399,False,nan|Ce1176_A3,1313956
130_bNAb_Combinations|1313956|vc|2|2|Ce1176_A3|7023,1,0.00951258,0.768177,6.34738,-0.291825,0.635809,0.777686,1,0.00951258,0.768027,1,-6.77481e-08,0.647716,0.79399,False,nan|Ce1176_A3,1313956
130_bNAb_Combinations|1313956|vc|3|2|Ce1176_A3|7023,1,0.00951258,0.768177,8.46758,0.667364,0.635809,0.777686,1,0.00951258,0.768027,1,2.54304e-07,0.647716,0.79399,False,nan|Ce1176_A3,1313956
130_bNAb_Combinations|1313956|vc|4|2|Ce1176_A3|7023,1,0.00951258,0.768177,9.12654,0.420872,0.635809,0.777686,1,0.00951258,0.768027,1,3.64694e-08,0.647716,0.79399,False,nan|Ce1176_A3,1313956
130_bNAb_Combinations|1313956|vc|5|2|Ce1176_A3|7023,1,0.00951258,0.768177,6.18226,-0.516681,0.635809,0.777686,1,0.00951258,0.768027,1,1.44934e-07,0.647716,0.79399,False,nan|Ce1176_A3,1313956
130_bNAb_Combinations|1313956|vc|6|2|Ce1176_A3|7023,1,0.00951258,0.768177,8.73068,1.03415,0.635809,0.777686,1,0.00951258,0.768027,1,-2.21113e-07,0.647716,0.79399,False,nan|Ce1176_A3,1313956
130_bNAb_Combinations|1313956|vc|7|2|Ce1176_A3|7023,1,0.00951258,0.768177,4.5118,-0.346722,0.635809,0.777686,1,0.00951258,0.768027,1,4.07461e-07,0.647716,0.79399,False,nan|Ce1176_A3,1313956
130_bNAb_Combinations|1313956|vc|8|2|Ce1176_A3|7023,1,0.00951258,0.768177,6.38456,-0.508649,0.635809,0.777686,1,0.00951258,0.768027,1,-3.03408e-08,0.647716,0.79399,False,nan|Ce1176_A3,1313956
130_bNAb_Combinations|1313974|cc|1|1|nan|1176,1,0.0148503,0.768177,7.60007,0.35729,0.635809,0.586022,1,0.0148503,0.768027,1,-4.09359e-07,0.647716,0.596367,False,nan|1176,1313974
130_bNAb_Combinations|1313974|cc|2|1|nan|1176,1,0.0148503,0.768177,7.90855,0.095495,0.635809,0.586022,1,0.0148503,0.768027,1,4.99417e-07,0.647716,0.596367,False,nan|1176,1313974
130_bNAb_Combinations|1313974|cc|3|1|nan|1176,1,0.0148503,0.768177,7.83797,0.895364,0.635809,0.586022,1,0.0148503,0.768027,1,-2.46556e-07,0.647716,0.596367,False,nan|1176,1313974
130_bNAb_Combinations|1313974|cc|4|1|nan|1176,1,0.0148503,0.768177,6.90999,-0.0276164,0.635809,0.586022,1,0.0148503,0.768027,1,4.86011e-08,0.647716,0.596367,False,nan|1176,1313974
130_bNAb_Combinations|1313974|cc|5|1|nan|1176,1,0.0148503,0.768177,5.33416,-0.810524,0.635809,0.586022,1,0.0148503,0.768027,1,8.1964e-09,0.647716,0.596367,False,nan|1176,1313974
130_bNAb_Combinations|1313974|cc|6|1|nan|1176,1,0.0148503,0.768177,35.881,0.569257,0.635809,0.586022,1,0.0148503,0.768027,1,1.19789e-08,0.647716,0.596367,False,nan|1176,1313974
130_bNAb_Combinations|1313974|cc|7|1|nan|1176,1,0.0148503,0.768177,7.20361,0.253409,0.635809,0.586022,1,0.0148503,0.768027,1,5.74503e-07,0.647716,0.596367,False,nan|1176,1313974
130_bNAb_Combinations|1313974|cc|8|1|nan|1176,1,0.0148503,0.768177,9.85392,0.808322,0.635809,0.586022,1,0.0148503,0.768027,1,-7.71557e-07,0.647716,0.596367,False,nan|1176,1313974
130_bNAb_Combinations|1313974|sample|10|nan|1176,1,0.10368,0.768177,0.793208,4.1427,0.635809,0.586022,1,0.10368,0.768027,0.629098,1.47291,0.647716,0.596367,True,PGT121|1176,1313974
130_bNAb_Combinations|1313974|sample|11|nan|1176,1,0.00722926,0.768177,0.561641,12.7232,0.635809,0.586022,1,0.00722926,0.768027,0.837187,7.67136,0.647716,0.596367,True,VRC07-523LS|1176,1313974
130_bNAb_Combinations|1313974|sample|12|nan|1176,1,0.00722926,0.768177,1.16773,7.88994,0.635809,0.586022,1,0.00722926,0.768027,1.28944,7.29234,0.647716,0.596367,True,VRC07-523LS|1176,1313974
130_bNAb_Combinations|1313974|sample|3|nan|1176,1,0.000740469,0.768177,76.8168,0.843872,0.635809,0.586022,1,0.000740469,0.768027,62.4728,0.911271,0.647716,0.596367,True,PGDM1400|1176,1313974
130_bNAb_Combinations|1313974|sample|4|nan|1176,1,0.000740469,0.768177,23.7042,1.34444,0.635809,0.586022,1,0.000740469,0.768027,44.8486,1.07988,0.647716,0.596367,True,PGDM1400|1176,1313974
130_bNAb_Combinations|1313974|sample|5|nan|1176,1,0.000740469,0.768177,75.681,0.810912,0.635809,0.586022,1,0.000740469,0.768027,169.304,0.670969,0.647716,0.596367,True,PGDM1400|1176,1313974
130_bNAb_Combinations|1313974|sample|6|nan|1176,1,0.000740469,0.768177,93.7543,0.762448,0.635809,0.586022,1,0.000740469,0.768027,137.582,0.698502,0.647716,0.596367,True,PGDM1400|1176,1313974
130_bNAb_Combinations|1313974|sample|7|nan|1176,1,0.10368,0.768177,0.341933,4.12822,0.635809,0.586022,1,0.10368,0.768027,0.55014,1.77778,0.647716,0.596367,True,PGT121|1176,1313974
130_bNAb_Combinations|1313974|sample|8|nan|1176,1,0.10368,0.768177,0.100327,8.0471,0.635809,0.586022,1,0.10368,0.768027,0.162025,3.67209,0.647716,0.596367,True,PGT121|1176,1313974
130_bNAb_Combinations|1313974|sample|9|nan|1176,1,0.10368,0.768177,0.327841,3.56997,0.635809,0.586022,1,0.10368,0.768027,0.683616,1.45897,0.647716,0.596367,True,PGT121|1176,1313974
130_bNAb_Combinations|1313974|vc|1|2|nan|1176,1,0.0148503,0.768177,4.68878,-0.718039,0.635809,0.586022,1,0.0148503,0.768027,1,-6.8474e-07,0.647716,0.596367,False,nan|1176,1313974
130_bNAb_Combinations|1313974|vc|2|2|nan|1176,1,0.0148503,0.768177,5.74273,-1.01223,0.635809,0.586022,1,0.0148503,0.768027,1,3.45743e-07,0.647716,0.596367,False,nan|1176,1313974
130_bNAb_Combinations|1313974|vc|3|2|nan|1176,1,0.0148503,0.768177,6.90285,-0.292203,0.635809,0.586022,1,0.0148503,0.768027,1,-7.05518e-07,0.647716,0.596367,False,nan|1176,1313974
130_bNAb_Combinations|1313974|vc|4|2|nan|1176,1,0.0148503,0.768177,5.0765,-0.839473,0.635809,0.586022,1,0.0148503,0.768027,1,-1.35029e-07,0.647716,0.596367,False,nan|1176,1313974
130_bNAb_Combinations|1313974|vc|5|2|nan|1176,1,0.0148503,0.768177,8.54258,-0.202668,0.635809,0.586022,1,0.0148503,0.768027,1,4.29265e-07,0.647716,0.596367,False,nan|1176,1313974
130_bNAb_Combinations|1313974|vc|6|2|nan|1176,1,0.0148503,0.768177,8.00945,0.154247,0.635809,0.586022,1,0.0148503,0.768027,1,-6.1935e-07,0.647716,0.596367,False,nan|1176,1313974
130_bNAb_Combinations|1313974|vc|7|2|nan|1176,1,0.0148503,0.768177,4.79535,0.0795143,0.635809,0.586022,1,0.0148503,0.768027,1,1.55875e-07,0.647716,0.596367,False,nan|1176,1313974
130_bNAb_Combinations|1313974|vc|8|2|nan|1176,1,0.0148503,0.768177,5.42158,-0.502754,0.635809,0.586022,1,0.0148503,0.768027,1,1.28784e-07,0.647716,0.596367,False,nan|1176,1313974
130_bNAb_Combinations|1313992|cc|1|1|RHPA4259.7|5371,1,0.00194708,0.768177,8.91877,-0.53472,0.635767,0.756828,1,0.00194708,0.768027,1,2.56109e-07,0.647671,0.768121,False,nan|RHPA4259.7,1313992
130_bNAb_Combinations|1313992|cc|2|1|RHPA4259.7|5371,1,0.00194708,0.768177,9.65915,0.165767,0.635767,0.756828,1,0.00194708,0.768027,1,-2.65787e-07,0.647671,0.768121,False,nan|RHPA4259.7,1313992
130_bNAb_Combinations|1313992|cc|3|1|RHPA4259.7|5371,1,0.00194708,0.768177,13.7243,0.319787,0.635767,0.756828,1,0.00194708,0.768027,1,3.65373e-07,0.647671,0.768121,False,nan|RHPA4259.7,1313992
130_bNAb_Combinations|1313992|cc|4|1|RHPA4259.7|5371,1,0.00194708,0.768177,8.79522,0.836313,0.635767,0.756828,1,0.00194708,0.768027,1,-2.26187e-07,0.647671,0.768121,False,nan|RHPA4259.7,1313992
130_bNAb_Combinations|1313992|cc|5|1|RHPA4259.7|5371,1,0.00194708,0.768177,6.91409,-0.983479,0.635767,0.756828,1,0.00194708,0.768027,1,-2.24984e-07,0.647671,0.768121,False,nan|RHPA4259.7,1313992
130_bNAb_Combinations|1313992|cc|6|1|RHPA4259.7|5371,1,0.00194708,0.768177,10.3824,-0.671717,0.635767,0.756828,1,0.00194708,0.768027,1,6.7062e-08,0.647671,0.768121,False,nan|RHPA4259.7,1313992
130_bNAb_Combinations|1313992|cc|7|1|RHPA4259.7|5371,1,0.00194708,0.768177,7.44928,1.17219,0.635767,0.756828,1,0.00194708,0.768027,1,2.98351e-07,0.647671,0.768121,False,nan|RHPA4259.7,1313992
130_bNAb_Combinations|1313992|cc|8|1|RHPA4259.7|5371,1,0.00194708,0.768177,5.91238,0.263831,0.635767,0.756828,1,0.00194708,0.768027,1,-2.9033e-07,0.647671,0.768121,False,nan|RHPA4259.7,1313992
130_bNAb_Combinations|1313992|sample|10|RHPA4259.7|5371,1,0.00120204,0.768177,3.35162,7.60701,0.635767,0.756828,1,0.00120204,0.768027,2.98134,7.4053,0.647671,0.768121,True,PGT121|RHPA4259.7,1313992
130_bNAb_Combinations|1313992|sample|11|RHPA4259.7|5371,1,0.00116335,0.768177,5.75117,6.05189,0.635767,0.756828,1,0.00116335,0.768027,7.81072,4.57789,0.647671,0.768121,True,VRC07-523LS|RHPA4259.7,1313992
130_bNAb_Combinations|1313992|sample|12|RHPA4259.7|5371,1,0.00116335,0.768177,2.22001,7.94894,0.635767,0.756828,1,0.00116335,0.768027,2.28991,7.66287,0.647671,0.768121,True,VRC07-523LS|RHPA4259.7,1313992
130_bNAb_Combinations|1313992|sample|3|RHPA4259.7|5371,1,0.00339743,0.768177,0.0987606,9.18224,0.635767,0.756828,1,0.00339743,0.768027,0.137909,6.93184,0.647671,0.768121,True,PGDM1400|RHPA4259.7,1313992
130_bNAb_Combinations|1313992|sample|4|RHPA4259.7|5371,1,0.00339743,0.768177,0.158762,6.62238,0.635767,0.756828,1,0.00339743,0.768027,0.179927,5.79162,0.647671,0.768121,True,PGDM1400|RHPA4259.7,1313992
130_bNAb_Combinations|1313992|sample|5|RHPA4259.7|5371,1,0.00339743,0.768177,0.163836,9.9899,0.635767,0.756828,1,0.00339743,0.768027,0.21717,5.95702,0.647671,0.768121,True,PGDM1400|RHPA4259.7,1313992
130_bNAb_Combinations|1313992|sample|6|RHPA4259.7|5371,1,0.00339743,0.768177,0.240118,5.69038,0.635767,0.756828,1,0.00339743,0.768027,0.360122,4.33739,0.647671,0.768121,True,PGDM1400|RHPA4259.7,1313992
130_bNAb_Combinations|1313992|sample|7|RHPA4259.7|5371,1,0.00120204,0.768177,1.64645,13.1155,0.635767,0.756828,1,0.00120204,0.768027,2.86058,7.5524,0.647671,0.768121,True,PGT121|RHPA4259.7,1313992
130_bNAb_Combinations|1313992|sample|8|RHPA4259.7|5371,1,0.00120204,0.768177,1.11663,15.0501,0.635767,0.756828,1,0.00120204,0.768027,1.89263,8.95759,0.647671,0.768121,True,PGT121|RHPA4259.7,1313992
130_bNAb_Combinations|1313992|sample|9|RHPA4259.7|5371,1,0.00120204,0.768177,1.92248,11.527,0.635767,0.756828,1,0.00120204,0.768027,1.85304,9.91562,0.647671,0.768121,True,PGT121|RHPA4259.7,1313992
130_bNAb_Combinations|1313992|vc|1|2|RHPA4259.7|5371,1,0.00194708,0.768177,8.93491,0.303924,0.635767,0.756828,1,0.00194708,0.768027,1,9.3826e-08,0.647671,0.768121,False,nan|RHPA4259.7,1313992
130_bNAb_Combinations|1313992|vc|2|2|RHPA4259.7|5371,1,0.00194708,0.768177,4.63577,-0.078229,0.635767,0.756828,1,0.00194708,0.768027,1,3.31344e-07,0.647671,0.768121,False,nan|RHPA4259.7,1313992
130_bNAb_Combinations|1313992|vc|3|2|RHPA4259.7|5371,1,0.00194708,0.768177,4.0166,-0.797151,0.635767,0.756828,1,0.00194708,0.768027,1,-1.76574e-07,0.647671,0.768121,False,nan|RHPA4259.7,1313992
130_bNAb_Combinations|1313992|vc|4|2|RHPA4259.7|5371,1,0.00194708,0.768177,6.05613,-0.616219,0.635767,0.756828,1,0.00194708,0.768027,1,-3.55775e-07,0.647671,0.768121,False,nan|RHPA4259.7,1313992
130_bNAb_Combinations|1313992|vc|5|2|RHPA4259.7|5371,1,0.00194708,0.768177,8.5279,0.469255,0.635767,0.756828,1,0.00194708,0.768027,1,2.42522e-07,0.647671,0.768121,False,nan|RHPA4259.7,1313992
130_bNAb_Combinations|1313992|vc|6|2|RHPA4259.7|5371,1,0.00194708,0.768177,8.57733,-0.231335,0.635767,0.756828,1,0.00194708,0.768027,1,-8.71274e-08,0.647671,0.768121,False,nan|RHPA4259.7,1313992
130_bNAb_Combinations|1313992|vc|7|2|RHPA4259.7|5371,1,0.00194708,0.768177,4.59002,0.274414,0.635767,0.756828,1,0.00194708,0.768027,1,9.25802e-08,0.647671,0.768121,False,nan|RHPA4259.7,1313992
130_bNAb_Combinations|1313992|vc|8|2|RHPA4259.7|5371,1,0.00194708,0.768177,11.6656,-0.602351,0.635767,0.756828,1,0.00194708,0.768027,1,1.07768e-07,0.647671,0.768121,False,nan|RHPA4259.7,1313992
130_bNAb_Combinations|1314016|cc|1|1|nan|3430,1,0.0145966,0.768177,10.355,-0.319757,0.635819,1.36613,1,0.0145966,0.768027,1,-1.87107e-07,0.647727,1.38656,False,nan|3430,1314016
130_bNAb_Combinations|1314016|cc|2|1|nan|3430,1,0.0145966,0.768177,14.1375,-0.346213,0.635819,1.36613,1,0.0145966,0.768027,1,5.43454e-07,0.647727,1.38656,False,nan|3430,1314016
130_bNAb_Combinations|1314016|cc|3|1|nan|3430,1,0.0145966,0.768177,5.97702,0.661768,0.635819,1.36613,1,0.0145966,0.768027,1,4.0572e-06,0.647727,1.38656,False,nan|3430,1314016
130_bNAb_Combinations|1314016|cc|4|1|nan|3430,1,0.0145966,0.768177,5.16524,0.00890657,0.635819,1.36613,1,0.0145966,0.768027,1,-2.20559e-07,0.647727,1.38656,False,nan|3430,1314016
130_bNAb_Combinations|1314016|cc|5|1|nan|3430,1,0.0145966,0.768177,10.5787,0.404298,0.635819,1.36613,1,0.0145966,0.768027,1,2.85016e-07,0.647727,1.38656,False,nan|3430,1314016
130_bNAb_Combinations|1314016|cc|6|1|nan|3430,1,0.0145966,0.768177,11.1975,-0.9869,0.635819,1.36613,1,0.0145966,0.768027,1,3.39587e-07,0.647727,1.38656,False,nan|3430,1314016
130_bNAb_Combinations|1314016|cc|7|1|nan|3430,1,0.0145966,0.768177,4.65293,-0.965067,0.635819,1.36613,1,0.0145966,0.768027,1,2.09724e-07,0.647727,1.38656,False,nan|3430,1314016
130_bNAb_Combinations|1314016|cc|8|1|nan|3430,1,0.0145966,0.768177,5.74981,-1.17326,0.635819,1.36613,1,0.0145966,0.768027,1,-2.89544e-07,0.647727,1.38656,False,nan|3430,1314016
130_bNAb_Combinations|1314016|sample|10|nan|3430,1,0.0160371,0.768177,9.60075,2.267,0.635819,1.36613,1,0.0160371,0.768027,6.26934,2.78803,0.647727,1.38656,True,PGT121|3430,1314016
130_bNAb_Combinations|1314016|sample|11|nan|3430,1,0.00179874,0.768177,1.66792,7.41646,0.635819,1.36613,1,0.00179874,0.768027,3.15638,4.71158,0.647727,1.38656,True,VRC07-523LS|3430,1314016
130_bNAb_Combinations|1314016|sample|12|nan|3430,1,0.00179874,0.768177,0.827614,12.3353,0.635819,1.36613,1,0.00179874,0.768027,1.00545,9.64238,0.647727,1.38656,True,VRC07-523LS|3430,1314016
130_bNAb_Combinations|1314016|sample|3|nan|3430,1,0.0114818,0.768177,16.092,8.11478,0.635819,1.36613,1,0.0114818,0.768027,24.8126,5.90129,0.647727,1.38656,True,PGDM1400|3430,1314016
130_bNAb_Combinations|1314016|sample|4|nan|3430,1,0.0114818,0.768177,7.66878,12.7103,0.635819,1.36613,1,0.0114818,0.768027,12.891,8.73938,0.647727,1.38656,True,PGDM1400|3430,1314016
130_bNAb_Combinations|1314016|sample|5|nan|3430,1,0.0114818,0.768177,115.679,2.50023,0.635819,1.36613,1,0.0114818,0.768027,64.8295,3.50612,0.647727,1.38656,True,PGDM1400|3430,1314016
130_bNAb_Combinations|1314016|sample|6|nan|3430,1,0.0114818,0.768177,20.2542,9.68802,0.635819,1.36613,1,0.0114818,0.768027,88.7243,3.06314,0.647727,1.38656,True,PGDM1400|3430,1314016
130_bNAb_Combinations|1314016|sample|7|nan|3430,1,0.0160371,0.768177,0.583397,12.3948,0.635819,1.36613,1,0.0160371,0.768027,1.77324,4.8095,0.647727,1.38656,True,PGT121|3430,1314016
130_bNAb_Combinations|1314016|sample|8|nan|3430,1,0.0160371,0.768177,5.80703,2.65375,0.635819,1.36613,1,0.0160371,0.768027,6.04498,2.5032,0.647727,1.38656,True,PGT121|3430,1314016
130_bNAb_Combinations|1314016|sample|9|nan|3430,1,0.0160371,0.768177,8.62965,2.35437,0.635819,1.36613,1,0.0160371,0.768027,9.23668,2.25243,0.647727,1.38656,True,PGT121|3430,1314016
130_bNAb_Combinations|1314016|vc|1|2|nan|3430,1,0.0145966,0.768177,8.02427,0.261774,0.635819,1.36613,1,0.0145966,0.768027,1,5.72109e-07,0.647727,1.38656,False,nan|3430,1314016
130_bNAb_Combinations|1314016|vc|2|2|nan|3430,1,0.0145966,0.768177,9.25497,-0.125634,0.635819,1.36613,1,0.0145966,0.768027,1,4.58898e-07,0.647727,1.38656,False,nan|3430,1314016
130_bNAb_Combinations|1314016|vc|3|2|nan|3430,1,0.0145966,0.768177,6.70773,0.33633,0.635819,1.36613,1,0.0145966,0.768027,1,-5.71424e-08,0.647727,1.38656,False,nan|3430,1314016
130_bNAb_Combinations|1314016|vc|4|2|nan|3430,1,0.0145966,0.768177,8.32385,1.52338,0.635819,1.36613,1,0.0145966,0.768027,1,-6.51321e-08,0.647727,1.38656,False,nan|3430,1314016
130_bNAb_Combinations|1314016|vc|5|2|nan|3430,1,0.0145966,0.768177,8.03647,-1.33141,0.635819,1.36613,1,0.0145966,0.768027,1,-6.2998e-08,0.647727,1.38656,False,nan|3430,1314016
130_bNAb_Combinations|1314016|vc|6|2|nan|3430,1,0.0145966,0.768177,10.9016,-0.0358516,0.635819,1.36613,1,0.0145966,0.768027,1,-1.00686e-07,0.647727,1.38656,False,nan|3430,1314016
130_bNAb_Combinations|1314016|vc|7|2|nan|3430,1,0.0145966,0.768177,3.41807,0.23188,0.635819,1.36613,1,0.0145966,0.768027,1,7.91109e-08,0.647727,1.38656,False,nan|3430,1314016
130_bNAb_Combinations|1314016|vc|8|2|nan|3430,1,0.0145966,0.768177,6.6569,0.354006,0.635819,1.36613,1,0.0145966,0.768027,1,-3.45378e-08,0.647727,1.38656,False,nan|3430,1314016
130_bNAb_Combinations|1314040|cc|1|1|nan|4166,1,0.00535242,0.768177,6.0149,-0.401509,0.635809,1.21535,1,0.00535242,0.768027,1,-1.65443e-07,0.647716,1.23453,False,nan|4166,1314040
130_bNAb_Combinations|1314040|cc|2|1|nan|4166,1,0.00535242,0.768177,7.50798,1.08828,0.635809,1.21535,1,0.00535242,0.768027,1,-4.1125e-07,0.647716,1.23453,False,nan|4166,1314040
130_bNAb_Combinations|1314040|cc|3|1|nan|4166,1,0.00535242,0.768177,9.08766,0.509123,0.635809,1.21535,1,0.00535242,0.768027,1,-3.44e-07,0.647716,1.23453,False,nan|4166,1314040
130_bNAb_Combinations|1314040|cc|4|1|nan|4166,1,0.00535242,0.768177,9.20555,0.859039,0.635809,1.21535,1,0.00535242,0.768027,1,7.77832e-07,0.647716,1.23453,False,nan|4166,1314040
130_bNAb_Combinations|1314040|cc|5|1|nan|4166,1,0.00535242,0.768177,9.77007,0.554268,0.635809,1.21535,1,0.00535242,0.768027,1,4.59548e-07,0.647716,1.23453,False,nan|4166,1314040
130_bNAb_Combinations|1314040|cc|6|1|nan|4166,1,0.00535242,0.768177,9.33773,-1.18804,0.635809,1.21535,1,0.00535242,0.768027,1,-9.09388e-08,0.647716,1.23453,False,nan|4166,1314040
130_bNAb_Combinations|1314040|cc|7|1|nan|4166,1,0.00535242,0.768177,11.9614,0.780194,0.635809,1.21535,1,0.00535242,0.768027,1,1.89543e-08,0.647716,1.23453,False,nan|4166,1314040
130_bNAb_Combinations|1314040|cc|8|1|nan|4166,1,0.00535242,0.768177,11.2645,-0.669946,0.635809,1.21535,1,0.00535242,0.768027,1,-2.93048e-07,0.647716,1.23453,False,nan|4166,1314040
130_bNAb_Combinations|1314040|sample|10|nan|4166,1,0.00122539,0.768177,1.61177,20.9783,0.635809,1.21535,1,0.00122539,0.768027,3.94594,10.9218,0.647716,1.23453,True,PGT121|4166,1314040
130_bNAb_Combinations|1314040|sample|11|nan|4166,1,0.000445311,0.768177,5.37024,6.74348,0.635809,1.21535,1,0.000445311,0.768027,4.18404,6.61335,0.647716,1.23453,True,VRC07-523LS|4166,1314040
130_bNAb_Combinations|1314040|sample|12|nan|4166,1,0.000445311,0.768177,7.27164,5.11975,0.635809,1.21535,1,0.000445311,0.768027,9.30123,4.39702,0.647716,1.23453,True,VRC07-523LS|4166,1314040
130_bNAb_Combinations|1314040|sample|3|nan|4166,1,0.01096,0.768177,12.0859,7.82877,0.635809,1.21535,1,0.01096,0.768027,25.5151,3.82497,0.647716,1.23453,True,PGDM1400|4166,1314040
130_bNAb_Combinations|1314040|sample|4|nan|4166,1,0.01096,0.768177,17.1992,4.52413,0.635809,1.21535,1,0.01096,0.768027,34.3044,2.82623,0.647716,1.23453,True,PGDM1400|4166,1314040
130_bNAb_Combinations|1314040|sample|5|nan|4166,1,0.01096,0.768177,24.8263,3.96167,0.635809,1.21535,1,0.01096,0.768027,36.5293,3.0965,0.647716,1.23453,True,PGDM1400|4166,1314040
130_bNAb_Combinations|1314040|sample|6|nan|4166,1,0.01096,0.768177,12.0043,5.75242,0.635809,1.21535,1,0.01096,0.768027,24.1575,3.75448,0.647716,1.23453,True,PGDM1400|4166,1314040
130_bNAb_Combinations|1314040|sample|7|nan|4166,1,0.00122539,0.768177,3.13152,10.9115,0.635809,1.21535,1,0.00122539,0.768027,3.15088,10.3481,0.647716,1.23453,True,PGT121|4166,1314040
130_bNAb_Combinations|1314040|sample|8|nan|4166,1,0.00122539,0.768177,4.15964,8.54797,0.635809,1.21535,1,0.00122539,0.768027,3.60397,9.00393,0.647716,1.23453,True,PGT121|4166,1314040
130_bNAb_Combinations|1314040|sample|9|nan|4166,1,0.00122539,0.768177,3.04146,12.6497,0.635809,1.21535,1,0.00122539,0.768027,3.74593,9.4094,0.647716,1.23453,True,PGT121|4166,1314040
130_bNAb_Combinations|1314040|vc|1|2|nan|4166,1,0.00535242,0.768177,7.02929,0.623139,0.635809,1.21535,1,0.00535242,0.768027,1,-3.35869e-07,0.647716,1.23453,False,nan|4166,1314040
130_bNAb_Combinations|1314040|vc|2|2|nan|4166,1,0.00535242,0.768177,7.08538,-0.459676,0.635809,1.21535,1,0.00535242,0.768027,1,-3.68142e-08,0.647716,1.23453,False,nan|4166,1314040
130_bNAb_Combinations|1314040|vc|3|2|nan|4166,1,0.00535242,0.768177,11.2352,-0.613343,0.635809,1.21535,1,0.00535242,0.768027,1,3.0831e-08,0.647716,1.23453,False,nan|4166,1314040
130_bNAb_Combinations|1314040|vc|4|2|nan|4166,1,0.00535242,0.768177,5.76679,0.703808,0.635809,1.21535,1,0.00535242,0.768027,1,4.64717e-07,0.647716,1.23453,False,nan|4166,1314040
130_bNAb_Combinations|1314040|vc|5|2|nan|4166,1,0.00535242,0.768177,8.50786,-0.0870968,0.635809,1.21535,1,0.00535242,0.768027,1,-3.82118e-07,0.647716,1.23453,False,nan|4166,1314040
130_bNAb_Combinations|1314040|vc|6|2|nan|4166,1,0.00535242,0.768177,6.78376,-0.772296,0.635809,1.21535,1,0.00535242,0.768027,1,4.40845e-07,0.647716,1.23453,False,nan|4166,1314040
130_bNAb_Combinations|1314040|vc|7|2|nan|4166,1,0.00535242,0.768177,7.70559,-0.319607,0.635809,1.21535,1,0.00535242,0.768027,1,3.94458e-07,0.647716,1.23453,False,nan|4166,1314040
130_bNAb_Combinations|1314040|vc|8|2|nan|4166,1,0.00535242,0.768177,6.60402,-0.6537,0.635809,1.21535,1,0.00535242,0.768027,1,-5.35998e-09,0.647716,1.23453,False,nan|4166,1314040
130_bNAb_Combinations|1314058|cc|1|1|nan|2944,1,0.00541867,0.768177,5.33,-0.361499,1.06718,1.36631,1,0.00541867,0.768027,1,5.88188e-07,1.07235,1.38672,False,nan|2944,1314058
130_bNAb_Combinations|1314058|cc|2|1|nan|2944,1,0.00541867,0.768177,8.47705,0.117743,1.06718,1.36631,1,0.00541867,0.768027,1,-5.97692e-07,1.07235,1.38672,False,nan|2944,1314058
130_bNAb_Combinations|1314058|cc|3|1|nan|2944,1,0.00541867,0.768177,7.24427,0.231665,1.06718,1.36631,1,0.00541867,0.768027,1,3.88436e-07,1.07235,1.38672,False,nan|2944,1314058
130_bNAb_Combinations|1314058|cc|4|1|nan|2944,1,0.00541867,0.768177,8.44278,-0.753286,1.06718,1.36631,1,0.00541867,0.768027,1,-2.79356e-07,1.07235,1.38672,False,nan|2944,1314058
130_bNAb_Combinations|1314058|cc|5|1|nan|2944,1,0.00541867,0.768177,15.7074,-0.0476512,1.06718,1.36631,1,0.00541867,0.768027,1,2.23152e-07,1.07235,1.38672,False,nan|2944,1314058
130_bNAb_Combinations|1314058|cc|6|1|nan|2944,1,0.00541867,0.768177,6.9044,-0.904878,1.06718,1.36631,1,0.00541867,0.768027,1,-4.04699e-07,1.07235,1.38672,False,nan|2944,1314058
130_bNAb_Combinations|1314058|cc|7|1|nan|2944,1,0.00541867,0.768177,11.8089,0.272911,1.06718,1.36631,1,0.00541867,0.768027,1,1.92917e-07,1.07235,1.38672,False,nan|2944,1314058
130_bNAb_Combinations|1314058|cc|8|1|nan|2944,1,0.00541867,0.768177,9.11764,-0.0078815,1.06718,1.36631,1,0.00541867,0.768027,1,3.08757e-07,1.07235,1.38672,False,nan|2944,1314058
130_bNAb_Combinations|1314058|sample|10|nan|2944,1,0.00155219,0.768177,3.11099,15.1717,1.06718,1.36631,1,0.00155219,0.768027,3.26574,10.2965,1.07235,1.38672,True,PGT121|2944,1314058
130_bNAb_Combinations|1314058|sample|11|nan|2944,1,0.00219255,0.768177,0.36461,17.708,1.06718,1.36631,1,0.00219255,0.768027,0.718083,8.12496,1.07235,1.38672,True,VRC07-523LS|2944,1314058
130_bNAb_Combinations|1314058|sample|12|nan|2944,1,0.00219255,0.768177,0.833226,8.01372,1.06718,1.36631,1,0.00219255,0.768027,0.908924,6.20056,1.07235,1.38672,True,VRC07-523LS|2944,1314058
130_bNAb_Combinations|1314058|sample|3|nan|2944,1,0.00513946,0.768177,7.44483,20.7634,1.06718,1.36631,1,0.00513946,0.768027,16.6061,11.7494,1.07235,1.38672,True,PGDM1400|2944,1314058
130_bNAb_Combinations|1314058|sample|4|nan|2944,1,0.00513946,0.768177,36.2188,7.05908,1.06718,1.36631,1,0.00513946,0.768027,91.6485,3.89386,1.07235,1.38672,True,PGDM1400|2944,1314058
130_bNAb_Combinations|1314058|sample|5|nan|2944,1,0.00513946,0.768177,41.7094,8.97076,1.06718,1.36631,1,0.00513946,0.768027,167.4,3.02026,1.07235,1.38672,True,PGDM1400|2944,1314058
130_bNAb_Combinations|1314058|sample|6|nan|2944,1,0.00513946,0.768177,95.2693,9.1704,1.06718,1.36631,1,0.00513946,0.768027,97.2088,4.7924,1.07235,1.38672,True,PGDM1400|2944,1314058
130_bNAb_Combinations|1314058|sample|7|nan|2944,1,0.00155219,0.768177,25.2399,2.98088,1.06718,1.36631,1,0.00155219,0.768027,21.5138,3.26949,1.07235,1.38672,True,PGT121|2944,1314058
130_bNAb_Combinations|1314058|sample|8|nan|2944,1,0.00155219,0.768177,2.46548,12.4672,1.06718,1.36631,1,0.00155219,0.768027,2.36517,11.5432,1.07235,1.38672,True,PGT121|2944,1314058
130_bNAb_Combinations|1314058|sample|9|nan|2944,1,0.00155219,0.768177,1.86428,17.8143,1.06718,1.36631,1,0.00155219,0.768027,3.55296,10.3999,1.07235,1.38672,True,PGT121|2944,1314058
130_bNAb_Combinations|1314058|vc|1|2|nan|2944,1,0.00541867,0.768177,5.98509,-0.260168,1.06718,1.36631,1,0.00541867,0.768027,1,4.12894e-07,1.07235,1.38672,False,nan|2944,1314058
130_bNAb_Combinations|1314058|vc|2|2|nan|2944,1,0.00541867,0.768177,7.61718,0.396887,1.06718,1.36631,1,0.00541867,0.768027,1,-3.69729e-07,1.07235,1.38672,False,nan|2944,1314058
130_bNAb_Combinations|1314058|vc|3|2|nan|2944,1,0.00541867,0.768177,7.58936,0.180704,1.06718,1.36631,1,0.00541867,0.768027,1,4.26696e-07,1.07235,1.38672,False,nan|2944,1314058
130_bNAb_Combinations|1314058|vc|4|2|nan|2944,1,0.00541867,0.768177,7.46805,-0.164053,1.06718,1.36631,1,0.00541867,0.768027,1,2.00501e-07,1.07235,1.38672,False,nan|2944,1314058
130_bNAb_Combinations|1314058|vc|5|2|nan|2944,1,0.00541867,0.768177,9.66268,0.76012,1.06718,1.36631,1,0.00541867,0.768027,1,1.26129e-07,1.07235,1.38672,False,nan|2944,1314058
130_bNAb_Combinations|1314058|vc|6|2|nan|2944,1,0.00541867,0.768177,5.00871,0.394016,1.06718,1.36631,1,0.00541867,0.768027,1,-2.27247e-07,1.07235,1.38672,False,nan|2944,1314058
130_bNAb_Combinations|1314058|vc|7|2|nan|2944,1,0.00541867,0.768177,11.3961,-0.944544,1.06718,1.36631,1,0.00541867,0.768027,1,3.22959e-08,1.07235,1.38672,False,nan|2944,1314058
130_bNAb_Combinations|1314058|vc|8|2|nan|2944,1,0.00541867,0.768177,7.30041,0.107143,1.06718,1.36631,1,0.00541867,0.768027,1,-3.50143e-07,1.07235,1.38672,False,nan|2944,1314058
130_bNAb_Combinations|1342240|cc|1|1|nan|1798,1,0.00531288,0.768177,6.63015,-1.09682,0.635859,1.36696,1,0.00531288,0.768027,1,4.31139e-07,0.647758,1.38738,False,nan|1798,1342240
130_bNAb_Combinations|1342240|cc|2|1|nan|1798,1,0.00531288,0.768177,5.79911,0.0748744,0.635859,1.36696,1,0.00531288,0.768027,1,-2.90382e-07,0.647758,1.38738,False,nan|1798,1342240
130_bNAb_Combinations|1342240|cc|3|1|nan|1798,1,0.00531288,0.768177,7.70791,0.0700027,0.635859,1.36696,1,0.00531288,0.768027,1,1.03637e-06,0.647758,1.38738,False,nan|1798,1342240
130_bNAb_Combinations|1342240|cc|4|1|nan|1798,1,0.00531288,0.768177,11.0894,0.223131,0.635859,1.36696,1,0.00531288,0.768027,1,1.7596e-07,0.647758,1.38738,False,nan|1798,1342240
130_bNAb_Combinations|1342240|cc|5|1|nan|1798,1,0.00531288,0.768177,8.43021,-0.417129,0.635859,1.36696,1,0.00531288,0.768027,1,4.81774e-08,0.647758,1.38738,False,nan|1798,1342240
130_bNAb_Combinations|1342240|cc|6|1|nan|1798,1,0.00531288,0.768177,5.31808,2.17268,0.635859,1.36696,1,0.00531288,0.768027,1,6.21029e-07,0.647758,1.38738,False,nan|1798,1342240
130_bNAb_Combinations|1342240|cc|7|1|nan|1798,1,0.00531288,0.768177,8.0935,-1.84023,0.635859,1.36696,1,0.00531288,0.768027,1,1.2075e-06,0.647758,1.38738,False,nan|1798,1342240
130_bNAb_Combinations|1342240|cc|8|1|nan|1798,1,0.00531288,0.768177,2.5203,0.609656,0.635859,1.36696,1,0.00531288,0.768027,1,2.13211e-07,0.647758,1.38738,False,nan|1798,1342240
130_bNAb_Combinations|1342240|sample|3|nan|1798,1,0.00108326,0.768177,0.0607134,13.7821,0.635859,1.36696,1,0.00108326,0.768027,0.0678034,12.8964,0.647758,1.38738,True,VRC07-523LS|1798,1342240
130_bNAb_Combinations|1342240|sample|4|nan|1798,1,0.00108326,0.768177,0.0623011,13.9162,0.635859,1.36696,1,0.00108326,0.768027,0.063704,13.735,0.647758,1.38738,True,VRC07-523LS|1798,1342240
130_bNAb_Combinations|1342240|sample|8|nan|1798,1,0.00108326,0.768177,7.67511,9.55414,0.635859,1.36696,1,0.00108326,0.768027,1.18972,3.84895,0.647758,1.38738,True,VRC07-523LS|1798,1342240
130_bNAb_Combinations|1342240|vc|1|2|nan|1798,1,0.00531288,0.768177,8.92706,-0.202019,0.635859,1.36696,1,0.00531288,0.768027,1,-2.14475e-07,0.647758,1.38738,False,nan|1798,1342240
130_bNAb_Combinations|1342240|vc|2|2|nan|1798,1,0.00531288,0.768177,6.68069,-0.978193,0.635859,1.36696,1,0.00531288,0.768027,1,-4.51442e-07,0.647758,1.38738,False,nan|1798,1342240
130_bNAb_Combinations|1342240|vc|3|2|nan|1798,1,0.00531288,0.768177,9.97075,-0.462176,0.635859,1.36696,1,0.00531288,0.768027,1,3.07022e-07,0.647758,1.38738,False,nan|1798,1342240
130_bNAb_Combinations|1342240|vc|4|2|nan|1798,1,0.00531288,0.768177,6.03423,0.188094,0.635859,1.36696,1,0.00531288,0.768027,1,2.27712e-07,0.647758,1.38738,False,nan|1798,1342240
130_bNAb_Combinations|1342240|vc|5|2|nan|1798,1,0.00531288,0.768177,4.75387,0.0649444,0.635859,1.36696,1,0.00531288,0.768027,1,-2.54154e-07,0.647758,1.38738,False,nan|1798,1342240
130_bNAb_Combinations|1342240|vc|6|2|nan|1798,1,0.00531288,0.768177,7.20829,-0.105533,0.635859,1.36696,1,0.00531288,0.768027,1,-6.39002e-07,0.647758,1.38738,False,nan|1798,1342240
130_bNAb_Combinations|1342240|vc|7|2|nan|1798,1,0.00531288,0.768177,5.4722,0.762174,0.635859,1.36696,1,0.00531288,0.768027,1,-3.54307e-07,0.647758,1.38738,False,nan|1798,1342240
130_bNAb_Combinations|1342240|vc|8|2|nan|1798,1,0.00531288,0.768177,11.4835,-0.0272821,0.635859,1.36696,1,0.00531288,0.768027,1,-4.91808e-07,0.647758,1.38738,False,nan|1798,1342240
130_bNAb_Combinations|1342258|cc|1|1|TRO.11|8301,1,0.0115587,0.768177,9.11769,0.326609,0.208504,1.36631,1,0.0115587,0.768027,1,5.28664e-07,0.211926,1.38672,False,nan|TRO.11,1342258
130_bNAb_Combinations|1342258|cc|2|1|TRO.11|8301,1,0.0115587,0.768177,4.03281,0.595444,0.208504,1.36631,1,0.0115587,0.768027,1,-1.03182e-07,0.211926,1.38672,False,nan|TRO.11,1342258
130_bNAb_Combinations|1342258|cc|3|1|TRO.11|8301,1,0.0115587,0.768177,7.29556,0.271553,0.208504,1.36631,1,0.0115587,0.768027,1,-3.30894e-08,0.211926,1.38672,False,nan|TRO.11,1342258
130_bNAb_Combinations|1342258|cc|4|1|TRO.11|8301,1,0.0115587,0.768177,6.50615,-0.16964,0.208504,1.36631,1,0.0115587,0.768027,1,1.1299e-07,0.211926,1.38672,False,nan|TRO.11,1342258
130_bNAb_Combinations|1342258|cc|5|1|TRO.11|8301,1,0.0115587,0.768177,12.5815,0.158943,0.208504,1.36631,1,0.0115587,0.768027,1,-9.23201e-07,0.211926,1.38672,False,nan|TRO.11,1342258
130_bNAb_Combinations|1342258|cc|6|1|TRO.11|8301,1,0.0115587,0.768177,5.08661,-1.74335,0.208504,1.36631,1,0.0115587,0.768027,1,-7.13737e-07,0.211926,1.38672,False,nan|TRO.11,1342258
130_bNAb_Combinations|1342258|cc|7|1|TRO.11|8301,1,0.0115587,0.768177,8.36992,0.490239,0.208504,1.36631,1,0.0115587,0.768027,1,-1.67537e-07,0.211926,1.38672,False,nan|TRO.11,1342258
130_bNAb_Combinations|1342258|cc|8|1|TRO.11|8301,1,0.0115587,0.768177,5.55569,-0.42362,0.208504,1.36631,1,0.0115587,0.768027,1,2.75521e-07,0.211926,1.38672,False,nan|TRO.11,1342258
130_bNAb_Combinations|1342258|sample|3|TRO.11|8301,1,0.00104979,0.768177,0.174283,19.6891,0.208504,1.36631,1,0.00104979,0.768027,0.29749,12.5937,0.211926,1.38672,True,VRC07-523LS|TRO.11,1342258
130_bNAb_Combinations|1342258|sample|4|TRO.11|8301,1,0.00104979,0.768177,0.243087,16.1374,0.208504,1.36631,1,0.00104979,0.768027,0.340071,10.8064,0.211926,1.38672,True,VRC07-523LS|TRO.11,1342258
130_bNAb_Combinations|1342258|vc|1|2|TRO.11|8301,1,0.0115587,0.768177,5.2647,1.8572,0.208504,1.36631,1,0.0115587,0.768027,1,2.81164e-07,0.211926,1.38672,False,nan|TRO.11,1342258
130_bNAb_Combinations|1342258|vc|2|2|TRO.11|8301,1,0.0115587,0.768177,4.96234,-0.434971,0.208504,1.36631,1,0.0115587,0.768027,1,-4.04277e-07,0.211926,1.38672,False,nan|TRO.11,1342258
130_bNAb_Combinations|1342258|vc|3|2|TRO.11|8301,1,0.0115587,0.768177,8.63376,-0.00962726,0.208504,1.36631,1,0.0115587,0.768027,1,-3.93749e-08,0.211926,1.38672,False,nan|TRO.11,1342258
130_bNAb_Combinations|1342258|vc|4|2|TRO.11|8301,1,0.0115587,0.768177,10.2645,-0.247811,0.208504,1.36631,1,0.0115587,0.768027,1,1.50831e-07,0.211926,1.38672,False,nan|TRO.11,1342258
130_bNAb_Combinations|1342258|vc|5|2|TRO.11|8301,1,0.0115587,0.768177,16.4985,-0.191151,0.208504,1.36631,1,0.0115587,0.768027,1,-8.6192e-09,0.211926,1.38672,False,nan|TRO.11,1342258
130_bNAb_Combinations|1342258|vc|6|2|TRO.11|8301,1,0.0115587,0.768177,5.77084,0.932803,0.208504,1.36631,1,0.0115587,0.768027,1,7.42888e-08,0.211926,1.38672,False,nan|TRO.11,1342258
130_bNAb_Combinations|1342258|vc|7|2|TRO.11|8301,1,0.0115587,0.768177,10.608,-0.439525,0.208504,1.36631,1,0.0115587,0.768027,1,9.73337e-08,0.211926,1.38672,False,nan|TRO.11,1342258
130_bNAb_Combinations|1342258|vc|8|2|TRO.11|8301,1,0.0115587,0.768177,6.35215,0.264456,0.208504,1.36631,1,0.0115587,0.768027,1,-3.59617e-07,0.211926,1.38672,False,nan|TRO.11,1342258
130_bNAb_Combinations|1342276|cc|1|1|Ce1176_A3|7023,1,0.00951258,0.768177,6.77148,0.337372,0.635809,1.01511,1,0.00951258,0.768027,1,3.43712e-08,0.647716,1.02389,False,nan|Ce1176_A3,1342276
130_bNAb_Combinations|1342276|cc|2|1|Ce1176_A3|7023,1,0.00951258,0.768177,5.89561,-0.334848,0.635809,1.01511,1,0.00951258,0.768027,1,1.9314e-07,0.647716,1.02389,False,nan|Ce1176_A3,1342276
130_bNAb_Combinations|1342276|cc|3|1|Ce1176_A3|7023,1,0.00951258,0.768177,16.1834,-0.0912375,0.635809,1.01511,1,0.00951258,0.768027,1,1.26797e-06,0.647716,1.02389,False,nan|Ce1176_A3,1342276
130_bNAb_Combinations|1342276|cc|4|1|Ce1176_A3|7023,1,0.00951258,0.768177,6.72163,-0.426928,0.635809,1.01511,1,0.00951258,0.768027,1,6.65386e-08,0.647716,1.02389,False,nan|Ce1176_A3,1342276
130_bNAb_Combinations|1342276|cc|5|1|Ce1176_A3|7023,1,0.00951258,0.768177,22.7707,1.13157,0.635809,1.01511,1,0.00951258,0.768027,1,2.97248e-07,0.647716,1.02389,False,nan|Ce1176_A3,1342276
130_bNAb_Combinations|1342276|cc|6|1|Ce1176_A3|7023,1,0.00951258,0.768177,10.619,-0.00470275,0.635809,1.01511,1,0.00951258,0.768027,1,-3.87005e-07,0.647716,1.02389,False,nan|Ce1176_A3,1342276
130_bNAb_Combinations|1342276|cc|7|1|Ce1176_A3|7023,1,0.00951258,0.768177,9.49865,-1.05342,0.635809,1.01511,1,0.00951258,0.768027,1,-2.19469e-07,0.647716,1.02389,False,nan|Ce1176_A3,1342276
130_bNAb_Combinations|1342276|cc|8|1|Ce1176_A3|7023,1,0.00951258,0.768177,5.2809,0.213391,0.635809,1.01511,1,0.00951258,0.768027,1,-3.86033e-07,0.647716,1.02389,False,nan|Ce1176_A3,1342276
130_bNAb_Combinations|1342276|sample|3|Ce1176_A3|7023,1,0.00202476,0.768177,0.204954,8.77088,0.635809,1.01511,1,0.00202476,0.768027,0.118891,10.9015,0.647716,1.02389,True,VRC07-523LS|Ce1176_A3,1342276
130_bNAb_Combinations|1342276|sample|4|Ce1176_A3|7023,1,0.00202476,0.768177,0.141218,9.32804,0.635809,1.01511,1,0.00202476,0.768027,0.124503,9.98737,0.647716,1.02389,True,VRC07-523LS|Ce1176_A3,1342276
130_bNAb_Combinations|1342276|vc|1|2|Ce1176_A3|7023,1,0.00951258,0.768177,5.98411,0.512024,0.635809,1.01511,1,0.00951258,0.768027,1,-2.84574e-07,0.647716,1.02389,False,nan|Ce1176_A3,1342276
130_bNAb_Combinations|1342276|vc|2|2|Ce1176_A3|7023,1,0.00951258,0.768177,10.7058,0.595808,0.635809,1.01511,1,0.00951258,0.768027,1,3.05072e-08,0.647716,1.02389,False,nan|Ce1176_A3,1342276
130_bNAb_Combinations|1342276|vc|3|2|Ce1176_A3|7023,1,0.00951258,0.768177,7.91638,0.111427,0.635809,1.01511,1,0.00951258,0.768027,1,1.90365e-07,0.647716,1.02389,False,nan|Ce1176_A3,1342276
130_bNAb_Combinations|1342276|vc|4|2|Ce1176_A3|7023,1,0.00951258,0.768177,14.667,1.1433,0.635809,1.01511,1,0.00951258,0.768027,1,-3.70191e-07,0.647716,1.02389,False,nan|Ce1176_A3,1342276
130_bNAb_Combinations|1342276|vc|5|2|Ce1176_A3|7023,1,0.00951258,0.768177,5.22344,0.888973,0.635809,1.01511,1,0.00951258,0.768027,1,-1.37232e-07,0.647716,1.02389,False,nan|Ce1176_A3,1342276
130_bNAb_Combinations|1342276|vc|6|2|Ce1176_A3|7023,1,0.00951258,0.768177,6.25329,0.673649,0.635809,1.01511,1,0.00951258,0.768027,1,3.59986e-07,0.647716,1.02389,False,nan|Ce1176_A3,1342276
130_bNAb_Combinations|1342276|vc|7|2|Ce1176_A3|7023,1,0.00951258,0.768177,4.99956,-0.801662,0.635809,1.01511,1,0.00951258,0.768027,1,2.45725e-07,0.647716,1.02389,False,nan|Ce1176_A3,1342276
130_bNAb_Combinations|1342276|vc|8|2|Ce1176_A3|7023,1,0.00951258,0.768177,10.4956,-0.894787,0.635809,1.01511,1,0.00951258,0.768027,1,2.22612e-08,0.647716,1.02389,False,nan|Ce1176_A3,1342276
130_bNAb_Combinations|1342294|cc|1|1|nan|1176,1,0.0148503,0.768177,4.07447,-0.983304,0.920833,1.36631,1,0.0148503,0.768027,1,5.97969e-07,0.939077,1.38672,False,nan|1176,1342294
130_bNAb_Combinations|1342294|cc|2|1|nan|1176,1,0.0148503,0.768177,8.32332,0.396907,0.920833,1.36631,1,0.0148503,0.768027,1,5.90646e-07,0.939077,1.38672,False,nan|1176,1342294
130_bNAb_Combinations|1342294|cc|3|1|nan|1176,1,0.0148503,0.768177,5.858,0.0502603,0.920833,1.36631,1,0.0148503,0.768027,1,-1.03109e-07,0.939077,1.38672,False,nan|1176,1342294
130_bNAb_Combinations|1342294|cc|4|1|nan|1176,1,0.0148503,0.768177,8.03676,1.0137,0.920833,1.36631,1,0.0148503,0.768027,1,-5.17794e-07,0.939077,1.38672,False,nan|1176,1342294
130_bNAb_Combinations|1342294|cc|5|1|nan|1176,1,0.0148503,0.768177,6.73904,-0.0425235,0.920833,1.36631,1,0.0148503,0.768027,1,6.38432e-07,0.939077,1.38672,False,nan|1176,1342294
130_bNAb_Combinations|1342294|cc|6|1|nan|1176,1,0.0148503,0.768177,5.35404,0.126678,0.920833,1.36631,1,0.0148503,0.768027,1,-3.87973e-07,0.939077,1.38672,False,nan|1176,1342294
130_bNAb_Combinations|1342294|cc|7|1|nan|1176,1,0.0148503,0.768177,4.69213,-1.1903,0.920833,1.36631,1,0.0148503,0.768027,1,5.02338e-07,0.939077,1.38672,False,nan|1176,1342294
130_bNAb_Combinations|1342294|cc|8|1|nan|1176,1,0.0148503,0.768177,4.88177,-0.59087,0.920833,1.36631,1,0.0148503,0.768027,1,6.27681e-08,0.939077,1.38672,False,nan|1176,1342294
130_bNAb_Combinations|1342294|sample|3|nan|1176,1,0.00722926,0.768177,1.89445,6.69655,0.920833,1.36631,1,0.00722926,0.768027,2.99637,4.48048,0.939077,1.38672,True,VRC07-523LS|1176,1342294
130_bNAb_Combinations|1342294|sample|4|nan|1176,1,0.00722926,0.768177,0.911937,8.87627,0.920833,1.36631,1,0.00722926,0.768027,0.869023,8.78554,0.939077,1.38672,True,VRC07-523LS|1176,1342294
130_bNAb_Combinations|1342294|sample|8|nan|1176,1,0.00722926,0.768177,9.07106,9.98914,0.920833,1.36631,1,0.00722926,0.768027,1.08974,2.68085,0.939077,1.38672,True,VRC07-523LS|1176,1342294
130_bNAb_Combinations|1342294|vc|1|2|nan|1176,1,0.0148503,0.768177,5.57981,-0.373734,0.920833,1.36631,1,0.0148503,0.768027,1,6.85307e-07,0.939077,1.38672,False,nan|1176,1342294
130_bNAb_Combinations|1342294|vc|2|2|nan|1176,1,0.0148503,0.768177,7.93018,0.243686,0.920833,1.36631,1,0.0148503,0.768027,1,-6.25761e-08,0.939077,1.38672,False,nan|1176,1342294
130_bNAb_Combinations|1342294|vc|3|2|nan|1176,1,0.0148503,0.768177,5.18468,0.420655,0.920833,1.36631,1,0.0148503,0.768027,1,6.2131e-07,0.939077,1.38672,False,nan|1176,1342294
130_bNAb_Combinations|1342294|vc|4|2|nan|1176,1,0.0148503,0.768177,5.19105,1.29983,0.920833,1.36631,1,0.0148503,0.768027,1,-2.59003e-07,0.939077,1.38672,False,nan|1176,1342294
130_bNAb_Combinations|1342294|vc|5|2|nan|1176,1,0.0148503,0.768177,10.1716,-0.361773,0.920833,1.36631,1,0.0148503,0.768027,1,5.56283e-07,0.939077,1.38672,False,nan|1176,1342294
130_bNAb_Combinations|1342294|vc|6|2|nan|1176,1,0.0148503,0.768177,14.2235,0.00766417,0.920833,1.36631,1,0.0148503,0.768027,1,1.77923e-07,0.939077,1.38672,False,nan|1176,1342294
130_bNAb_Combinations|1342294|vc|7|2|nan|1176,1,0.0148503,0.768177,10.9567,1.07722,0.920833,1.36631,1,0.0148503,0.768027,1,-2.23191e-07,0.939077,1.38672,False,nan|1176,1342294
130_bNAb_Combinations|1342294|vc|8|2|nan|1176,1,0.0148503,0.768177,7.6782,-0.216249,0.920833,1.36631,1,0.0148503,0.768027,1,1.96517e-07,0.939077,1.38672,False,nan|1176,1342294
130_bNAb_Combinations|1342312|cc|1|1|RHPA4259.7|5371,1,0.00194708,0.768177,8.30315,-0.767017,0.635662,1.36605,1,0.00194708,0.768027,1,2.46335e-07,0.64757,1.38645,False,nan|RHPA4259.7,1342312
130_bNAb_Combinations|1342312|cc|2|1|RHPA4259.7|5371,1,0.00194708,0.768177,8.18759,-0.293035,0.635662,1.36605,1,0.00194708,0.768027,1,-3.44997e-07,0.64757,1.38645,False,nan|RHPA4259.7,1342312
130_bNAb_Combinations|1342312|cc|3|1|RHPA4259.7|5371,1,0.00194708,0.768177,6.80342,0.0563201,0.635662,1.36605,1,0.00194708,0.768027,1,-1.2249e-07,0.64757,1.38645,False,nan|RHPA4259.7,1342312
130_bNAb_Combinations|1342312|cc|4|1|RHPA4259.7|5371,1,0.00194708,0.768177,9.0842,0.809958,0.635662,1.36605,1,0.00194708,0.768027,1,-3.95444e-07,0.64757,1.38645,False,nan|RHPA4259.7,1342312
130_bNAb_Combinations|1342312|cc|5|1|RHPA4259.7|5371,1,0.00194708,0.768177,7.59675,0.516508,0.635662,1.36605,1,0.00194708,0.768027,1,-6.19804e-07,0.64757,1.38645,False,nan|RHPA4259.7,1342312
130_bNAb_Combinations|1342312|cc|6|1|RHPA4259.7|5371,1,0.00194708,0.768177,6.8843,-0.158715,0.635662,1.36605,1,0.00194708,0.768027,1,-3.25777e-07,0.64757,1.38645,False,nan|RHPA4259.7,1342312
130_bNAb_Combinations|1342312|cc|7|1|RHPA4259.7|5371,1,0.00194708,0.768177,6.08355,0.294014,0.635662,1.36605,1,0.00194708,0.768027,1,-1.79049e-07,0.64757,1.38645,False,nan|RHPA4259.7,1342312
130_bNAb_Combinations|1342312|cc|8|1|RHPA4259.7|5371,1,0.00194708,0.768177,9.90479,-1.30917,0.635662,1.36605,1,0.00194708,0.768027,1,6.65099e-08,0.64757,1.38645,False,nan|RHPA4259.7,1342312
130_bNAb_Combinations|1342312|sample|3|RHPA4259.7|5371,1,0.00116335,0.768177,0.969297,12.9514,0.635662,1.36605,1,0.00116335,0.768027,1.42256,9.78295,0.64757,1.38645,True,VRC07-523LS|RHPA4259.7,1342312
130_bNAb_Combinations|1342312|sample|4|RHPA4259.7|5371,1,0.00116335,0.768177,0.945795,15.5484,0.635662,1.36605,1,0.00116335,0.768027,1.18294,11.7402,0.64757,1.38645,True,VRC07-523LS|RHPA4259.7,1342312
130_bNAb_Combinations|1342312|vc|1|2|RHPA4259.7|5371,1,0.00194708,0.768177,7.89929,-0.918096,0.635662,1.36605,1,0.00194708,0.768027,1,3.85846e-07,0.64757,1.38645,False,nan|RHPA4259.7,1342312
130_bNAb_Combinations|1342312|vc|2|2|RHPA4259.7|5371,1,0.00194708,0.768177,13.8146,0.542729,0.635662,1.36605,1,0.00194708,0.768027,1,4.38281e-07,0.64757,1.38645,False,nan|RHPA4259.7,1342312
130_bNAb_Combinations|1342312|vc|3|2|RHPA4259.7|5371,1,0.00194708,0.768177,8.46289,0.307043,0.635662,1.36605,1,0.00194708,0.768027,1,3.5222e-07,0.64757,1.38645,False,nan|RHPA4259.7,1342312
130_bNAb_Combinations|1342312|vc|4|2|RHPA4259.7|5371,1,0.00194708,0.768177,5.96538,0.147895,0.635662,1.36605,1,0.00194708,0.768027,1,3.55729e-07,0.64757,1.38645,False,nan|RHPA4259.7,1342312
130_bNAb_Combinations|1342312|vc|5|2|RHPA4259.7|5371,1,0.00194708,0.768177,5.06309,0.538251,0.635662,1.36605,1,0.00194708,0.768027,1,2.24494e-07,0.64757,1.38645,False,nan|RHPA4259.7,1342312
130_bNAb_Combinations|1342312|vc|6|2|RHPA4259.7|5371,1,0.00194708,0.768177,8.31801,-0.622583,0.635662,1.36605,1,0.00194708,0.768027,1,3.18388e-07,0.64757,1.38645,False,nan|RHPA4259.7,1342312
130_bNAb_Combinations|1342312|vc|7|2|RHPA4259.7|5371,1,0.00194708,0.768177,8.59599,0.86825,0.635662,1.36605,1,0.00194708,0.768027,1,2.04374e-07,0.64757,1.38645,False,nan|RHPA4259.7,1342312
130_bNAb_Combinations|1342312|vc|8|2|RHPA4259.7|5371,1,0.00194708,0.768177,16.2373,-1.1483,0.635662,1.36605,1,0.00194708,0.768027,1,5.85114e-07,0.64757,1.38645,False,nan|RHPA4259.7,1342312
130_bNAb_Combinations|1342336|cc|1|1|nan|3430,1,0.0145966,0.768177,6.55519,0.644403,0.635809,1.36631,1,0.0145966,0.768027,1,-5.83338e-07,0.647716,1.38672,False,nan|3430,1342336
130_bNAb_Combinations|1342336|cc|2|1|nan|3430,1,0.0145966,0.768177,5.46826,-0.324313,0.635809,1.36631,1,0.0145966,0.768027,1,-2.04629e-07,0.647716,1.38672,False,nan|3430,1342336
130_bNAb_Combinations|1342336|cc|3|1|nan|3430,1,0.0145966,0.768177,8.88158,1.00271,0.635809,1.36631,1,0.0145966,0.768027,1,4.14025e-09,0.647716,1.38672,False,nan|3430,1342336
130_bNAb_Combinations|1342336|cc|4|1|nan|3430,1,0.0145966,0.768177,9.05591,-0.519749,0.635809,1.36631,1,0.0145966,0.768027,1,4.52143e-07,0.647716,1.38672,False,nan|3430,1342336
130_bNAb_Combinations|1342336|cc|5|1|nan|3430,1,0.0145966,0.768177,12.823,-0.0124327,0.635809,1.36631,1,0.0145966,0.768027,1,-4.07602e-07,0.647716,1.38672,False,nan|3430,1342336
130_bNAb_Combinations|1342336|cc|6|1|nan|3430,1,0.0145966,0.768177,6.89068,-1.53019,0.635809,1.36631,1,0.0145966,0.768027,1,-4.80328e-06,0.647716,1.38672,False,nan|3430,1342336
130_bNAb_Combinations|1342336|cc|7|1|nan|3430,1,0.0145966,0.768177,9.08588,0.328161,0.635809,1.36631,1,0.0145966,0.768027,1,-2.40557e-07,0.647716,1.38672,False,nan|3430,1342336
130_bNAb_Combinations|1342336|cc|8|1|nan|3430,1,0.0145966,0.768177,5.28217,-0.145203,0.635809,1.36631,1,0.0145966,0.768027,1,-6.37043e-07,0.647716,1.38672,False,nan|3430,1342336
130_bNAb_Combinations|1342336|sample|3|nan|3430,1,0.00179874,0.768177,1.20258,8.61479,0.635809,1.36631,1,0.00179874,0.768027,1.20997,8.36268,0.647716,1.38672,True,VRC07-523LS|3430,1342336
130_bNAb_Combinations|1342336|sample|4|nan|3430,1,0.00179874,0.768177,0.4263,17.9048,0.635809,1.36631,1,0.00179874,0.768027,0.775552,10.9626,0.647716,1.38672,True,VRC07-523LS|3430,1342336
130_bNAb_Combinations|1342336|sample|5|nan|3430,1,0.00179874,0.768177,56.8307,11.793,0.635809,1.36631,1,0.00179874,0.768027,1.60742,5.48341,0.647716,1.38672,True,VRC07-523LS|3430,1342336
130_bNAb_Combinations|1342336|vc|1|2|nan|3430,1,0.0145966,0.768177,8.43774,0.399625,0.635809,1.36631,1,0.0145966,0.768027,1,2.8991e-07,0.647716,1.38672,False,nan|3430,1342336
130_bNAb_Combinations|1342336|vc|2|2|nan|3430,1,0.0145966,0.768177,20.2317,0.128565,0.635809,1.36631,1,0.0145966,0.768027,1,-4.09364e-07,0.647716,1.38672,False,nan|3430,1342336
130_bNAb_Combinations|1342336|vc|3|2|nan|3430,1,0.0145966,0.768177,9.04831,-1.0622,0.635809,1.36631,1,0.0145966,0.768027,1,2.52487e-07,0.647716,1.38672,False,nan|3430,1342336
130_bNAb_Combinations|1342336|vc|4|2|nan|3430,1,0.0145966,0.768177,6.64681,-0.0218943,0.635809,1.36631,1,0.0145966,0.768027,1,2.89721e-07,0.647716,1.38672,False,nan|3430,1342336
130_bNAb_Combinations|1342336|vc|5|2|nan|3430,1,0.0145966,0.768177,12.0818,0.271396,0.635809,1.36631,1,0.0145966,0.768027,1,1.91524e-07,0.647716,1.38672,False,nan|3430,1342336
130_bNAb_Combinations|1342336|vc|6|2|nan|3430,1,0.0145966,0.768177,10.0417,0.0501964,0.635809,1.36631,1,0.0145966,0.768027,1,-1.46008e-07,0.647716,1.38672,False,nan|3430,1342336
130_bNAb_Combinations|1342336|vc|7|2|nan|3430,1,0.0145966,0.768177,5.51642,1.32912,0.635809,1.36631,1,0.0145966,0.768027,1,-2.14182e-07,0.647716,1.38672,False,nan|3430,1342336
130_bNAb_Combinations|1342336|vc|8|2|nan|3430,1,0.0145966,0.768177,6.09997,0.259562,0.635809,1.36631,1,0.0145966,0.768027,1,7.98234e-07,0.647716,1.38672,False,nan|3430,1342336
130_bNAb_Combinations|1342348|cc|1|1|nan|4166,1,0.00535242,0.768177,5.32383,-0.671066,0.635809,1.36631,1,0.00535242,0.768027,1,-1.24167e-06,0.647717,1.38672,False,nan|4166,1342348
130_bNAb_Combinations|1342348|cc|2|1|nan|4166,1,0.00535242,0.768177,4.40514,-0.496235,0.635809,1.36631,1,0.00535242,0.768027,1,4.03665e-07,0.647717,1.38672,False,nan|4166,1342348
130_bNAb_Combinations|1342348|cc|3|1|nan|4166,1,0.00535242,0.768177,5.58088,-0.544256,0.635809,1.36631,1,0.00535242,0.768027,1,5.48072e-08,0.647717,1.38672,False,nan|4166,1342348
130_bNAb_Combinations|1342348|cc|4|1|nan|4166,1,0.00535242,0.768177,4.44836,0.739433,0.635809,1.36631,1,0.00535242,0.768027,1,-8.99151e-07,0.647717,1.38672,False,nan|4166,1342348
130_bNAb_Combinations|1342348|cc|5|1|nan|4166,1,0.00535242,0.768177,7.00023,-1.4755,0.635809,1.36631,1,0.00535242,0.768027,1,-3.82413e-07,0.647717,1.38672,False,nan|4166,1342348
130_bNAb_Combinations|1342348|cc|6|1|nan|4166,1,0.00535242,0.768177,9.35767,0.145367,0.635809,1.36631,1,0.00535242,0.768027,1,-3.40042e-08,0.647717,1.38672,False,nan|4166,1342348
130_bNAb_Combinations|1342348|cc|7|1|nan|4166,1,0.00535242,0.768177,7.10749,-1.48664,0.635809,1.36631,1,0.00535242,0.768027,1,-3.62102e-07,0.647717,1.38672,False,nan|4166,1342348
130_bNAb_Combinations|1342348|cc|8|1|nan|4166,1,0.00535242,0.768177,6.07489,0.00980301,0.635809,1.36631,1,0.00535242,0.768027,1.00772,0.00997726,0.647717,1.38672,False,nan|4166,1342348
130_bNAb_Combinations|1342348|sample|3|nan|4166,1,0.000445311,0.768177,1.97266,10.112,0.635809,1.36631,1,0.000445311,0.768027,1.77534,10.0533,0.647717,1.38672,True,VRC07-523LS|4166,1342348
130_bNAb_Combinations|1342348|sample|4|nan|4166,1,0.000445311,0.768177,1.8045,13.5967,0.635809,1.36631,1,0.000445311,0.768027,1.70473,11.0095,0.647717,1.38672,True,VRC07-523LS|4166,1342348
130_bNAb_Combinations|1342348|vc|1|2|nan|4166,1,0.00535242,0.768177,10.4239,-0.365406,0.635809,1.36631,1,0.00535242,0.768027,1,-8.4563e-08,0.647717,1.38672,False,nan|4166,1342348
130_bNAb_Combinations|1342348|vc|2|2|nan|4166,1,0.00535242,0.768177,10.101,0.923457,0.635809,1.36631,1,0.00535242,0.768027,1,2.79683e-07,0.647717,1.38672,False,nan|4166,1342348
130_bNAb_Combinations|1342348|vc|3|2|nan|4166,1,0.00535242,0.768177,3.99123,1.04987,0.635809,1.36631,1,0.00535242,0.768027,1,-5.62283e-09,0.647717,1.38672,False,nan|4166,1342348
130_bNAb_Combinations|1342348|vc|4|2|nan|4166,1,0.00535242,0.768177,5.45624,-0.709475,0.635809,1.36631,1,0.00535242,0.768027,1,-1.00629e-07,0.647717,1.38672,False,nan|4166,1342348
130_bNAb_Combinations|1342348|vc|5|2|nan|4166,1,0.00535242,0.768177,8.51481,-0.229761,0.635809,1.36631,1,0.00535242,0.768027,1,-2.6902e-07,0.647717,1.38672,False,nan|4166,1342348
130_bNAb_Combinations|1342348|vc|6|2|nan|4166,1,0.00535242,0.768177,5.99446,-0.142961,0.635809,1.36631,1,0.00535242,0.768027,1,1.80043e-07,0.647717,1.38672,False,nan|4166,1342348
130_bNAb_Combinations|1342348|vc|7|2|nan|4166,1,0.00535242,0.768177,7.15852,-0.335014,0.635809,1.36631,1,0.00535242,0.768027,1,-2.0144e-07,0.647717,1.38672,False,nan|4166,1342348
130_bNAb_Combinations|1342348|vc|8|2|nan|4166,1,0.00535242,0.768177,6.69654,0.583651,0.635809,1.36631,1,0.00535242,0.768027,1,5.52686e-07,0.647717,1.38672,False,nan|4166,1342348
130_bNAb_Combinations|1342372|cc|1|1|nan|2944,1,0.00541867,0.768177,5.49146,-0.0893451,0.635815,1.36615,1,0.00541867,0.768027,1,2.91936e-07,0.647722,1.38657,False,nan|2944,1342372
130_bNAb_Combinations|1342372|cc|2|1|nan|2944,1,0.00541867,0.768177,6.9484,0.771428,0.635815,1.36615,1,0.00541867,0.768027,1,-8.70673e-07,0.647722,1.38657,False,nan|2944,1342372
130_bNAb_Combinations|1342372|cc|3|1|nan|2944,1,0.00541867,0.768177,10.6783,0.113287,0.635815,1.36615,1,0.00541867,0.768027,1,-2.54257e-07,0.647722,1.38657,False,nan|2944,1342372
130_bNAb_Combinations|1342372|cc|4|1|nan|2944,1,0.00541867,0.768177,5.2596,-1.39263,0.635815,1.36615,1,0.00541867,0.768027,1,-6.1361e-07,0.647722,1.38657,False,nan|2944,1342372
130_bNAb_Combinations|1342372|cc|5|1|nan|2944,1,0.00541867,0.768177,7.69049,0.340253,0.635815,1.36615,1,0.00541867,0.768027,1,-3.95717e-07,0.647722,1.38657,False,nan|2944,1342372
130_bNAb_Combinations|1342372|cc|6|1|nan|2944,1,0.00541867,0.768177,8.07972,0.549683,0.635815,1.36615,1,0.00541867,0.768027,1,-1.0254e-07,0.647722,1.38657,False,nan|2944,1342372
130_bNAb_Combinations|1342372|cc|7|1|nan|2944,1,0.00541867,0.768177,6.11863,0.41666,0.635815,1.36615,1,0.00541867,0.768027,1,-6.888e-07,0.647722,1.38657,False,nan|2944,1342372
130_bNAb_Combinations|1342372|cc|8|1|nan|2944,1,0.00541867,0.768177,6.24758,0.117052,0.635815,1.36615,1,0.00541867,0.768027,1,-3.20668e-08,0.647722,1.38657,False,nan|2944,1342372
130_bNAb_Combinations|1342372|sample|3|nan|2944,1,0.00219255,0.768177,0.680729,8.6129,0.635815,1.36615,1,0.00219255,0.768027,1.2991,5.29012,0.647722,1.38657,True,VRC07-523LS|2944,1342372
130_bNAb_Combinations|1342372|sample|4|nan|2944,1,0.00219255,0.768177,0.837731,8.5748,0.635815,1.36615,1,0.00219255,0.768027,1.1829,6.10521,0.647722,1.38657,True,VRC07-523LS|2944,1342372
130_bNAb_Combinations|1342372|vc|1|2|nan|2944,1,0.00541867,0.768177,10.1196,-0.852766,0.635815,1.36615,1,0.00541867,0.768027,1,3.95159e-07,0.647722,1.38657,False,nan|2944,1342372
130_bNAb_Combinations|1342372|vc|2|2|nan|2944,1,0.00541867,0.768177,6.50619,0.138532,0.635815,1.36615,1,0.00541867,0.768027,1,5.34224e-07,0.647722,1.38657,False,nan|2944,1342372
130_bNAb_Combinations|1342372|vc|3|2|nan|2944,1,0.00541867,0.768177,8.74085,0.193962,0.635815,1.36615,1,0.00541867,0.768027,1,6.80617e-07,0.647722,1.38657,False,nan|2944,1342372
130_bNAb_Combinations|1342372|vc|4|2|nan|2944,1,0.00541867,0.768177,7.46191,0.168039,0.635815,1.36615,1,0.00541867,0.768027,1,-5.69039e-07,0.647722,1.38657,False,nan|2944,1342372
130_bNAb_Combinations|1342372|vc|5|2|nan|2944,1,0.00541867,0.768177,6.64876,-0.51623,0.635815,1.36615,1,0.00541867,0.768027,1,-3.99608e-07,0.647722,1.38657,False,nan|2944,1342372
130_bNAb_Combinations|1342372|vc|6|2|nan|2944,1,0.00541867,0.768177,25.1872,-0.383736,0.635815,1.36615,1,0.00541867,0.768027,1,4.86945e-07,0.647722,1.38657,False,nan|2944,1342372
130_bNAb_Combinations|1342372|vc|7|2|nan|2944,1,0.00541867,0.768177,4.3023,0.193908,0.635815,1.36615,1,0.00541867,0.768027,1,6.18936e-08,0.647722,1.38657,False,nan|2944,1342372
130_bNAb_Combinations|1342372|vc|8|2|nan|2944,1,0.00541867,0.768177,6.1574,-1.62886,0.635815,1.36615,1,0.00541867,0.768027,1,3.94725e-07,0.647722,1.38657,False,nan|2944,1342372
130_bNAb_Combinations|1342384|cc|1|1|nan|2946,1,0.024584,0.768177,7.03355,-1.28852,0.63581,1.36632,1,0.024584,0.768027,1,-2.65027e-07,0.647717,1.38673,False,nan|2946,1342384
130_bNAb_Combinations|1342384|cc|2|1|nan|2946,1,0.024584,0.768177,6.84989,1.83826,0.63581,1.36632,1,0.024584,0.768027,1,-1.76108e-08,0.647717,1.38673,False,nan|2946,1342384
130_bNAb_Combinations|1342384|cc|3|1|nan|2946,1,0.024584,0.768177,52.835,0.757361,0.63581,1.36632,1,0.024584,0.768027,1,-5.3001e-07,0.647717,1.38673,False,nan|2946,1342384
130_bNAb_Combinations|1342384|cc|4|1|nan|2946,1,0.024584,0.768177,33.0616,0.140416,0.63581,1.36632,1,0.024584,0.768027,1,2.8938e-07,0.647717,1.38673,False,nan|2946,1342384
130_bNAb_Combinations|1342384|cc|5|1|nan|2946,1,0.024584,0.768177,4.84736,0.0175186,0.63581,1.36632,1,0.024584,0.768027,1,2.23309e-07,0.647717,1.38673,False,nan|2946,1342384
130_bNAb_Combinations|1342384|cc|6|1|nan|2946,1,0.024584,0.768177,10.3663,0.319271,0.63581,1.36632,1,0.024584,0.768027,1,1.26362e-07,0.647717,1.38673,False,nan|2946,1342384
130_bNAb_Combinations|1342384|cc|7|1|nan|2946,1,0.024584,0.768177,5.88264,-0.0412145,0.63581,1.36632,1,0.024584,0.768027,1,-6.29608e-07,0.647717,1.38673,False,nan|2946,1342384
130_bNAb_Combinations|1342384|cc|8|1|nan|2946,1,0.024584,0.768177,4.84522,0.225796,0.63581,1.36632,1,0.024584,0.768027,1,5.66246e-07,0.647717,1.38673,False,nan|2946,1342384
130_bNAb_Combinations|1342384|sample|3|nan|2946,1,0.000925107,0.768177,0.0406712,14.6572,0.63581,1.36632,1,0.000925107,0.768027,0.108575,7.46459,0.647717,1.38673,True,VRC07-523LS|2946,1342384
130_bNAb_Combinations|1342384|sample|4|nan|2946,1,0.000925107,0.768177,0.0838485,10.1351,0.63581,1.36632,1,0.000925107,0.768027,0.0957615,7.84654,0.647717,1.38673,True,VRC07-523LS|2946,1342384
130_bNAb_Combinations|1342384|vc|1|2|nan|2946,1,0.024584,0.768177,5.60689,-0.396992,0.63581,1.36632,1,0.024584,0.768027,1,3.44989e-07,0.647717,1.38673,False,nan|2946,1342384
130_bNAb_Combinations|1342384|vc|2|2|nan|2946,1,0.024584,0.768177,4.82582,0.149697,0.63581,1.36632,1,0.024584,0.768027,1,7.7445e-07,0.647717,1.38673,False,nan|2946,1342384
130_bNAb_Combinations|1342384|vc|3|2|nan|2946,1,0.024584,0.768177,5.92404,0.371238,0.63581,1.36632,1,0.024584,0.768027,1,2.9854e-07,0.647717,1.38673,False,nan|2946,1342384
130_bNAb_Combinations|1342384|vc|4|2|nan|2946,1,0.024584,0.768177,6.91898,-0.464775,0.63581,1.36632,1,0.024584,0.768027,1,-2.23385e-07,0.647717,1.38673,False,nan|2946,1342384
130_bNAb_Combinations|1342384|vc|5|2|nan|2946,1,0.024584,0.768177,8.81713,-0.243731,0.63581,1.36632,1,0.024584,0.768027,1,5.35527e-07,0.647717,1.38673,False,nan|2946,1342384
130_bNAb_Combinations|1342384|vc|6|2|nan|2946,1,0.024584,0.768177,7.40895,-0.0437162,0.63581,1.36632,1,0.024584,0.768027,1,-1.80705e-07,0.647717,1.38673,False,nan|2946,1342384
130_bNAb_Combinations|1342384|vc|7|2|nan|2946,1,0.024584,0.768177,6.68288,-0.931715,0.63581,1.36632,1,0.024584,0.768027,1,-6.36064e-08,0.647717,1.38673,False,nan|2946,1342384
130_bNAb_Combinations|1342384|vc|8|2|nan|2946,1,0.024584,0.768177,7.43921,0.531683,0.63581,1.36632,1,0.024584,0.768027,1,3.92223e-07,0.647717,1.38673,False,nan|2946,1342384
130_bNAb_Combinations|1342396|cc|1|1|PVO.4|5024,1,0.00195934,0.768177,6.89102,-0.655647,0.33514,1.36631,1,0.00195934,0.768027,1,1.75471e-08,0.336013,1.38672,False,nan|PVO.4,1342396
130_bNAb_Combinations|1342396|cc|2|1|PVO.4|5024,1,0.00195934,0.768177,6.97493,-0.261395,0.33514,1.36631,1,0.00195934,0.768027,1,4.90221e-08,0.336013,1.38672,False,nan|PVO.4,1342396
130_bNAb_Combinations|1342396|cc|3|1|PVO.4|5024,1,0.00195934,0.768177,3.81883,-0.747875,0.33514,1.36631,1,0.00195934,0.768027,1,3.24529e-07,0.336013,1.38672,False,nan|PVO.4,1342396
130_bNAb_Combinations|1342396|cc|4|1|PVO.4|5024,1,0.00195934,0.768177,6.77687,0.319794,0.33514,1.36631,1,0.00195934,0.768027,1,2.22624e-07,0.336013,1.38672,False,nan|PVO.4,1342396
130_bNAb_Combinations|1342396|cc|5|1|PVO.4|5024,1,0.00195934,0.768177,7.61666,-0.47431,0.33514,1.36631,1,0.00195934,0.768027,1,2.464e-07,0.336013,1.38672,False,nan|PVO.4,1342396
130_bNAb_Combinations|1342396|cc|6|1|PVO.4|5024,1,0.00195934,0.768177,16.5146,-0.0766288,0.33514,1.36631,1,0.00195934,0.768027,1,-1.58857e-08,0.336013,1.38672,False,nan|PVO.4,1342396
130_bNAb_Combinations|1342396|cc|7|1|PVO.4|5024,1,0.00195934,0.768177,7.97797,-0.328835,0.33514,1.36631,1,0.00195934,0.768027,1,-2.00513e-07,0.336013,1.38672,False,nan|PVO.4,1342396
130_bNAb_Combinations|1342396|cc|8|1|PVO.4|5024,1,0.00195934,0.768177,5.17286,0.687345,0.33514,1.36631,1,0.00195934,0.768027,1,2.76605e-07,0.336013,1.38672,False,nan|PVO.4,1342396
130_bNAb_Combinations|1342396|sample|3|PVO.4|5024,1,0.000927314,0.768177,0.373707,16.6506,0.33514,1.36631,1,0.000927314,0.768027,0.494474,8.1001,0.336013,1.38672,True,VRC07-523LS|PVO.4,1342396
130_bNAb_Combinations|1342396|sample|4|PVO.4|5024,1,0.000927314,0.768177,0.229195,13.6824,0.33514,1.36631,1,0.000927314,0.768027,0.411145,8.34481,0.336013,1.38672,True,VRC07-523LS|PVO.4,1342396
130_bNAb_Combinations|1342396|vc|1|2|PVO.4|5024,1,0.00195934,0.768177,8.14907,-0.988869,0.33514,1.36631,1,0.00195934,0.768027,1,-2.88672e-07,0.336013,1.38672,False,nan|PVO.4,1342396
130_bNAb_Combinations|1342396|vc|2|2|PVO.4|5024,1,0.00195934,0.768177,4.13531,1.61432,0.33514,1.36631,1,0.00195934,0.768027,1,-4.79479e-07,0.336013,1.38672,False,nan|PVO.4,1342396
130_bNAb_Combinations|1342396|vc|3|2|PVO.4|5024,1,0.00195934,0.768177,8.34493,-0.0673772,0.33514,1.36631,1,0.00195934,0.768027,1,2.34217e-07,0.336013,1.38672,False,nan|PVO.4,1342396
130_bNAb_Combinations|1342396|vc|4|2|PVO.4|5024,1,0.00195934,0.768177,8.69349,-0.518462,0.33514,1.36631,1,0.00195934,0.768027,1,-3.82909e-08,0.336013,1.38672,False,nan|PVO.4,1342396
130_bNAb_Combinations|1342396|vc|5|2|PVO.4|5024,1,0.00195934,0.768177,4.10259,1.13265,0.33514,1.36631,1,0.00195934,0.768027,1,-1.10939e-07,0.336013,1.38672,False,nan|PVO.4,1342396
130_bNAb_Combinations|1342396|vc|6|2|PVO.4|5024,1,0.00195934,0.768177,5.5629,0.211845,0.33514,1.36631,1,0.00195934,0.768027,1,-9.5366e-08,0.336013,1.38672,False,nan|PVO.4,1342396
130_bNAb_Combinations|1342396|vc|7|2|PVO.4|5024,1,0.00195934,0.768177,8.40627,-0.75392,0.33514,1.36631,1,0.00195934,0.768027,1,6.01232e-07,0.336013,1.38672,False,nan|PVO.4,1342396
130_bNAb_Combinations|1342396|vc|8|2|PVO.4|5024,1,0.00195934,0.768177,4.63185,0.048379,0.33514,1.36631,1,0.00195934,0.768027,1,3.72176e-07,0.336013,1.38672,False,nan|PVO.4,1342396
130_bNAb_Combinations|1342408|cc|1|1|nan|4168,1,0.00952263,0.768177,4.12059,-0.96466,0.635809,1.36631,1,0.00952263,0.768027,1,-6.07222e-08,0.647717,1.38672,False,nan|4168,1342408
130_bNAb_Combinations|1342408|cc|2|1|nan|4168,1,0.00952263,0.768177,5.33477,-0.306224,0.635809,1.36631,1,0.00952263,0.768027,1,4.4317e-07,0.647717,1.38672,False,nan|4168,1342408
130_bNAb_Combinations|1342408|cc|3|1|nan|4168,1,0.00952263,0.768177,7.41686,0.244756,0.635809,1.36631,1,0.00952263,0.768027,1,-3.10789e-07,0.647717,1.38672,False,nan|4168,1342408
130_bNAb_Combinations|1342408|cc|4|1|nan|4168,1,0.00952263,0.768177,12.9768,0.0240971,0.635809,1.36631,1,0.00952263,0.768027,1,4.14652e-07,0.647717,1.38672,False,nan|4168,1342408
130_bNAb_Combinations|1342408|cc|5|1|nan|4168,1,0.00952263,0.768177,7.19823,-1.16789,0.635809,1.36631,1,0.00952263,0.768027,1,-4.88008e-07,0.647717,1.38672,False,nan|4168,1342408
130_bNAb_Combinations|1342408|cc|6|1|nan|4168,1,0.00952263,0.768177,7.48085,-0.467289,0.635809,1.36631,1,0.00952263,0.768027,1,-3.96852e-07,0.647717,1.38672,False,nan|4168,1342408
130_bNAb_Combinations|1342408|cc|7|1|nan|4168,1,0.00952263,0.768177,11.0041,0.0166372,0.635809,1.36631,1,0.00952263,0.768027,0.993865,0.0168682,0.647717,1.38672,False,nan|4168,1342408
130_bNAb_Combinations|1342408|cc|8|1|nan|4168,1,0.00952263,0.768177,9.53337,-1.40039,0.635809,1.36631,1,0.00952263,0.768027,1,-4.35393e-07,0.647717,1.38672,False,nan|4168,1342408
130_bNAb_Combinations|1342408|sample|3|nan|4168,1,0.000192031,0.768177,4.38573,1.55119,0.635809,1.36631,1,0.000192031,0.768027,3.93654,1.63218,0.647717,1.38672,True,VRC07-523LS|4168,1342408
130_bNAb_Combinations|1342408|sample|4|nan|4168,1,0.000192031,0.768177,2.57518,2.01328,0.635809,1.36631,1,0.000192031,0.768027,2.59398,1.8526,0.647717,1.38672,True,VRC07-523LS|4168,1342408
130_bNAb_Combinations|1342408|vc|1|2|nan|4168,1,0.00952263,0.768177,7.57544,-0.735166,0.635809,1.36631,1,0.00952263,0.768027,1,-2.49139e-07,0.647717,1.38672,False,nan|4168,1342408
130_bNAb_Combinations|1342408|vc|2|2|nan|4168,1,0.00952263,0.768177,15.0293,2.04637,0.635809,1.36631,1,0.00952263,0.768027,1,-1.00571e-07,0.647717,1.38672,False,nan|4168,1342408
130_bNAb_Combinations|1342408|vc|3|2|nan|4168,1,0.00952263,0.768177,17.384,-0.990468,0.635809,1.36631,1,0.00952263,0.768027,1,2.40055e-07,0.647717,1.38672,False,nan|4168,1342408
130_bNAb_Combinations|1342408|vc|4|2|nan|4168,1,0.00952263,0.768177,7.07369,-0.503769,0.635809,1.36631,1,0.00952263,0.768027,1,1.94743e-07,0.647717,1.38672,False,nan|4168,1342408
130_bNAb_Combinations|1342408|vc|5|2|nan|4168,1,0.00952263,0.768177,6.25616,0.211359,0.635809,1.36631,1,0.00952263,0.768027,1,-4.52325e-07,0.647717,1.38672,False,nan|4168,1342408
130_bNAb_Combinations|1342408|vc|6|2|nan|4168,1,0.00952263,0.768177,5.32962,-0.32909,0.635809,1.36631,1,0.00952263,0.768027,1,-8.38089e-07,0.647717,1.38672,False,nan|4168,1342408
130_bNAb_Combinations|1342408|vc|7|2|nan|4168,1,0.00952263,0.768177,9.21171,-0.212326,0.635809,1.36631,1,0.00952263,0.768027,1,1.81204e-07,0.647717,1.38672,False,nan|4168,1342408
130_bNAb_Combinations|1342408|vc|8|2|nan|4168,1,0.00952263,0.768177,7.47268,1.20066,0.635809,1.36631,1,0.00952263,0.768027,1,-5.41743e-07,0.647717,1.38672,False,nan|4168,1342408
704_VRC01_Concordance|1200432|cc|1|1|PVO.4|5024,1,0.00195934,0.768177,6.87839,0.157865,0.635809,1.36631,1,0.00195934,0.768027,1,8.22397e-07,0.647716,1.38672,False,nan|PVO.4,1200432
704_VRC01_Concordance|1200432|cc|2|1|PVO.4|5024,1,0.00195934,0.768177,7.34945,-1.10725,0.635809,1.36631,1,0.00195934,0.768027,1,-5.6756e-07,0.647716,1.38672,False,nan|PVO.4,1200432
704_VRC01_Concordance|1200432|cc|3|1|PVO.4|5024,1,0.00195934,0.768177,11.8451,0.62659,0.635809,1.36631,1,0.00195934,0.768027,1,-1.65331e-07,0.647716,1.38672,False,nan|PVO.4,1200432
704_VRC01_Concordance|1200432|cc|4|1|PVO.4|5024,1,0.00195934,0.768177,8.23126,-0.382204,0.635809,1.36631,1,0.00195934,0.768027,1,1.46858e-07,0.647716,1.38672,False,nan|PVO.4,1200432
704_VRC01_Concordance|1200432|cc|5|1|PVO.4|5024,1,0.00195934,0.768177,4.80732,-0.793718,0.635809,1.36631,1,0.00195934,0.768027,1,5.89044e-08,0.647716,1.38672,False,nan|PVO.4,1200432
704_VRC01_Concordance|1200432|cc|6|1|PVO.4|5024,1,0.00195934,0.768177,5.39252,0.0119125,0.635809,1.36631,1,0.00195934,0.768027,1,6.18046e-07,0.647716,1.38672,False,nan|PVO.4,1200432
704_VRC01_Concordance|1200432|cc|7|1|PVO.4|5024,1,0.00195934,0.768177,10.5503,0.502313,0.635809,1.36631,1,0.00195934,0.768027,1,-1.85959e-07,0.647716,1.38672,False,nan|PVO.4,1200432
704_VRC01_Concordance|1200432|cc|8|1|PVO.4|5024,1,0.00195934,0.768177,6.39703,-0.204467,0.635809,1.36631,1,0.00195934,0.768027,1,5.24802e-07,0.647716,1.38672,False,nan|PVO.4,1200432
704_VRC01_Concordance|1200432|sample|10|PVO.4|5024,1,0.00261228,0.768177,0.147811,5.97315,0.635809,1.36631,1,0.00261228,0.768027,0.146495,5.3586,0.647716,1.38672,True,Clinical VRC01|PVO.4,1200432
704_VRC01_Concordance|1200432|sample|11|PVO.4|5024,1,0.00261228,0.768177,0.250738,4.89697,0.635809,1.36631,1,0.00261228,0.768027,0.254746,4.84062,0.647716,1.38672,True,Clinical VRC01|PVO.4,1200432
704_VRC01_Concordance|1200432|sample|12|PVO.4|5024,1,0.00261228,0.768177,0.218671,5.49754,0.635809,1.36631,1,0.00261228,0.768027,0.213028,5.53829,0.647716,1.38672,True,Clinical VRC01|PVO.4,1200432
704_VRC01_Concordance|1200432|sample|3|PVO.4|5024,1,0.00261228,0.768177,0.188322,7.16376,0.635809,1.36631,1,0.00261228,0.768027,0.218018,6.50329,0.647716,1.38672,True,Clinical VRC01|PVO.4,1200432
704_VRC01_Concordance|1200432|sample|4|PVO.4|5024,1,0.00261228,0.768177,0.11463,9.33949,0.635809,1.36631,1,0.00261228,0.768027,0.142933,6.02031,0.647716,1.38672,True,Clinical VRC01|PVO.4,1200432
704_VRC01_Concordance|1200432|sample|5|PVO.4|5024,1,0.00261228,0.768177,0.222317,4.77983,0.635809,1.36631,1,0.00261228,0.768027,0.163674,5.17828,0.647716,1.38672,True,Clinical VRC01|PVO.4,1200432
704_VRC01_Concordance|1200432|sample|6|PVO.4|5024,1,0.00261228,0.768177,0.165465,5.44703,0.635809,1.36631,1,0.00261228,0.768027,0.330066,3.21689,0.647716,1.38672,True,Clinical VRC01|PVO.4,1200432
704_VRC01_Concordance|1200432|sample|7|PVO.4|5024,1,0.00261228,0.768177,0.06174,16.1617,0.635809,1.36631,1,0.00261228,0.768027,0.149369,7.23191,0.647716,1.38672,True,Clinical VRC01|PVO.4,1200432
704_VRC01_Concordance|1200432|sample|8|PVO.4|5024,1,0.00261228,0.768177,0.14603,7.16178,0.635809,1.36631,1,0.00261228,0.768027,0.17124,6.31125,0.647716,1.38672,True,Clinical VRC01|PVO.4,1200432
704_VRC01_Concordance|1200432|sample|9|PVO.4|5024,1,0.00261228,0.768177,0.319045,5.17338,0.635809,1.36631,1,0.00261228,0.768027,0.260296,4.04881,0.647716,1.38672,True,Clinical VRC01|PVO.4,1200432
704_VRC01_Concordance|1200432|vc|1|2|PVO.4|5024,1,0.00195934,0.768177,8.06754,-0.636651,0.635809,1.36631,1,0.00195934,0.768027,1,-1.94525e-07,0.647716,1.38672,False,nan|PVO.4,1200432
704_VRC01_Concordance|1200432|vc|2|2|PVO.4|5024,1,0.00195934,0.768177,7.43569,0.471033,0.635809,1.36631,1,0.00195934,0.768027,1,4.60151e-08,0.647716,1.38672,False,nan|PVO.4,1200432
704_VRC01_Concordance|1200432|vc|3|2|PVO.4|5024,1,0.00195934,0.768177,4.05582,0.0870107,0.635809,1.36631,1,0.00195934,0.768027,1,-7.40361e-07,0.647716,1.38672,False,nan|PVO.4,1200432
704_VRC01_Concordance|1200432|vc|4|2|PVO.4|5024,1,0.00195934,0.768177,4.59088,0.12402,0.635809,1.36631,1,0.00195934,0.768027,1,-6.00349e-09,0.647716,1.38672,False,nan|PVO.4,1200432
704_VRC01_Concordance|1200432|vc|5|2|PVO.4|5024,1,0.00195934,0.768177,9.35482,-0.456384,0.635809,1.36631,1,0.00195934,0.768027,1,-3.27355e-07,0.647716,1.38672,False,nan|PVO.4,1200432
704_VRC01_Concordance|1200432|vc|6|2|PVO.4|5024,1,0.00195934,0.768177,9.32455,1.09804,0.635809,1.36631,1,0.00195934,0.768027,1,-4.43664e-07,0.647716,1.38672,False,nan|PVO.4,1200432
704_VRC01_Concordance|1200432|vc|7|2|PVO.4|5024,1,0.00195934,0.768177,7.59003,1.40383,0.635809,1.36631,1,0.00195934,0.768027,1,9.23499e-09,0.647716,1.38672,False,nan|PVO.4,1200432
704_VRC01_Concordance|1200432|vc|8|2|PVO.4|5024,1,0.00195934,0.768177,10.6788,0.081142,0.635809,1.36631,1,0.00195934,0.768027,1,-4.52469e-07,0.647716,1.38672,False,nan|PVO.4,1200432
