id,U_SAEM,L_SAEM,m_SAEM,e_SAEM,s_SAEM,alpha_SAEM,k_SAEM,U_mode,L_mode,m_mode,e_mode,s_mode,alpha_mode,k_mode,goes_down,mab_virus,run_id
130_bNAb_Combinations|1313842|cc|1|1|nan|2946,1,0.0291051,1.93324,0.125276,73.4225,0.263746,0.150763,1,0.0291051,1.93324,0.125273,73.4414,0.263816,0.15112,False,nan|2946,1313842
130_bNAb_Combinations|1313842|cc|2|1|nan|2946,1,0.0291051,1.93324,0.125276,73.4225,0.263746,0.150763,1,0.0291051,1.93324,0.125273,73.4414,0.263816,0.15112,False,nan|2946,1313842
130_bNAb_Combinations|1313842|cc|3|1|nan|2946,1,0.0291051,1.93324,0.125276,73.4225,0.263746,0.150763,1,0.0291051,1.93324,0.125273,73.4414,0.263816,0.15112,False,nan|2946,1313842
130_bNAb_Combinations|1313842|cc|4|1|nan|2946,1,0.0291051,1.93324,0.125276,73.4225,0.263746,0.150763,1,0.0291051,1.93324,0.125273,73.4414,0.263816,0.15112,False,nan|2946,1313842
130_bNAb_Combinations|1313842|cc|5|1|nan|2946,1,0.0291051,1.93324,0.125276,73.4225,0.263746,0.150763,1,0.0291051,1.93324,0.125273,73.4414,0.263816,0.15112,False,nan|2946,1313842
130_bNAb_Combinations|1313842|cc|6|1|nan|2946,1,0.0291051,1.93324,0.125276,73.4225,0.263746,0.150763,1,0.0291051,1.93324,0.125273,73.4414,0.263816,0.15112,False,nan|2946,1313842
130_bNAb_Combinations|1313842|cc|7|1|nan|2946,1,0.0291051,1.93324,0.125276,73.4225,0.263746,0.150763,1,0.0291051,1.93324,0.125273,73.4414,0.263816,0.15112,False,nan|2946,1313842
130_bNAb_Combinations|1313842|cc|8|1|nan|2946,1,0.0291051,1.93324,0.125276,73.4225,0.263746,0.150763,1,0.0291051,1.93324,0.125273,73.4414,0.263816,0.15112,False,nan|2946,1313842
130_bNAb_Combinations|1313842|sample|10|nan|2946,1,0.0430564,1.8631,0.125276,73.4229,0.263746,0.150763,1,0.0430564,1.8631,0.125273,73.4418,0.263816,0.15112,True,PGT121|2946,1313842
130_bNAb_Combinations|1313842|sample|11|nan|2946,1,0.0209557,3.51298,0.125276,73.4229,0.263746,0.150763,1,0.0209557,3.51298,0.125273,73.4418,0.263816,0.15112,True,VRC07-523LS|2946,1313842
130_bNAb_Combinations|1313842|sample|12|nan|2946,1,0.0209557,3.51298,0.125276,73.4229,0.263746,0.150763,1,0.0209557,3.51298,0.125273,73.4418,0.263816,0.15112,True,VRC07-523LS|2946,1313842
130_bNAb_Combinations|1313842|sample|3|nan|2946,1,0.135514,2.88319,0.125276,73.4229,0.263746,0.150763,1,0.135514,2.88319,0.125273,73.4418,0.263816,0.15112,True,PGDM1400|2946,1313842
130_bNAb_Combinations|1313842|sample|4|nan|2946,1,0.135514,2.88319,0.125276,73.4229,0.263746,0.150763,1,0.135514,2.88319,0.125273,73.4418,0.263816,0.15112,True,PGDM1400|2946,1313842
130_bNAb_Combinations|1313842|sample|5|nan|2946,1,0.135514,2.88319,0.125276,73.4229,0.263746,0.150763,1,0.135514,2.88319,0.125273,73.4418,0.263816,0.15112,True,PGDM1400|2946,1313842
130_bNAb_Combinations|1313842|sample|6|nan|2946,1,0.135514,2.88319,0.125276,73.4229,0.263746,0.150763,1,0.135514,2.88319,0.125273,73.4418,0.263816,0.15112,True,PGDM1400|2946,1313842
130_bNAb_Combinations|1313842|sample|7|nan|2946,1,0.0430564,1.8631,0.125276,73.4229,0.263746,0.150763,1,0.0430564,1.8631,0.125273,73.4418,0.263816,0.15112,True,PGT121|2946,1313842
130_bNAb_Combinations|1313842|sample|8|nan|2946,1,0.0430564,1.8631,0.125276,73.4229,0.263746,0.150763,1,0.0430564,1.8631,0.125273,73.4418,0.263816,0.15112,True,PGT121|2946,1313842
130_bNAb_Combinations|1313842|sample|9|nan|2946,1,0.0430564,1.8631,0.125276,73.4229,0.263746,0.150763,1,0.0430564,1.8631,0.125273,73.4418,0.263816,0.15112,True,PGT121|2946,1313842
130_bNAb_Combinations|1313842|vc|1|2|nan|2946,1,0.0291051,1.93324,0.125276,73.4225,0.263746,0.150763,1,0.0291051,1.93324,0.125273,73.4414,0.263816,0.15112,False,nan|2946,1313842
130_bNAb_Combinations|1313842|vc|2|2|nan|2946,1,0.0291051,1.93324,0.125276,73.4225,0.263746,0.150763,1,0.0291051,1.93324,0.125273,73.4414,0.263816,0.15112,False,nan|2946,1313842
130_bNAb_Combinations|1313842|vc|3|2|nan|2946,1,0.0291051,1.93324,0.125276,73.4225,0.263746,0.150763,1,0.0291051,1.93324,0.125273,73.4414,0.263816,0.15112,False,nan|2946,1313842
130_bNAb_Combinations|1313842|vc|4|2|nan|2946,1,0.0291051,1.93324,0.125276,73.4225,0.263746,0.150763,1,0.0291051,1.93324,0.125273,73.4414,0.263816,0.15112,False,nan|2946,1313842
130_bNAb_Combinations|1313842|vc|5|2|nan|2946,1,0.0291051,1.93324,0.125276,73.4225,0.263746,0.150763,1,0.0291051,1.93324,0.125273,73.4414,0.263816,0.15112,False,nan|2946,1313842
130_bNAb_Combinations|1313842|vc|6|2|nan|2946,1,0.0291051,1.93324,0.125276,73.4225,0.263746,0.150763,1,0.0291051,1.93324,0.125273,73.4414,0.263816,0.15112,False,nan|2946,1313842
130_bNAb_Combinations|1313842|vc|7|2|nan|2946,1,0.0291051,1.93324,0.125276,73.4225,0.263746,0.150763,1,0.0291051,1.93324,0.125273,73.4414,0.263816,0.15112,False,nan|2946,1313842
130_bNAb_Combinations|1313842|vc|8|2|nan|2946,1,0.0291051,1.93324,0.125276,73.4225,0.263746,0.150763,1,0.0291051,1.93324,0.125273,73.4414,0.263816,0.15112,False,nan|2946,1313842
130_bNAb_Combinations|1313860|cc|1|1|PVO.4|5024,1,0.00504132,0.800495,0.125276,73.4225,0.236321,0.114951,1,0.00504132,0.800495,0.125273,73.4414,0.236252,0.115126,False,nan|PVO.4,1313860
130_bNAb_Combinations|1313860|cc|2|1|PVO.4|5024,1,0.00504132,0.800495,0.125276,73.4225,0.236321,0.114951,1,0.00504132,0.800495,0.125273,73.4414,0.236252,0.115126,False,nan|PVO.4,1313860
130_bNAb_Combinations|1313860|cc|3|1|PVO.4|5024,1,0.00504132,0.800495,0.125276,73.4225,0.236321,0.114951,1,0.00504132,0.800495,0.125273,73.4414,0.236252,0.115126,False,nan|PVO.4,1313860
130_bNAb_Combinations|1313860|cc|4|1|PVO.4|5024,1,0.00504132,0.800495,0.125276,73.4225,0.236321,0.114951,1,0.00504132,0.800495,0.125273,73.4414,0.236252,0.115126,False,nan|PVO.4,1313860
130_bNAb_Combinations|1313860|cc|5|1|PVO.4|5024,1,0.00504132,0.800495,0.125276,73.4225,0.236321,0.114951,1,0.00504132,0.800495,0.125273,73.4414,0.236252,0.115126,False,nan|PVO.4,1313860
130_bNAb_Combinations|1313860|cc|6|1|PVO.4|5024,1,0.00504132,0.800495,0.125276,73.4225,0.236321,0.114951,1,0.00504132,0.800495,0.125273,73.4414,0.236252,0.115126,False,nan|PVO.4,1313860
130_bNAb_Combinations|1313860|cc|7|1|PVO.4|5024,1,0.00504132,0.800495,0.125276,73.4225,0.236321,0.114951,1,0.00504132,0.800495,0.125273,73.4414,0.236252,0.115126,False,nan|PVO.4,1313860
130_bNAb_Combinations|1313860|cc|8|1|PVO.4|5024,1,0.00504132,0.800495,0.125276,73.4225,0.236321,0.114951,1,0.00504132,0.800495,0.125273,73.4414,0.236252,0.115126,False,nan|PVO.4,1313860
130_bNAb_Combinations|1313860|sample|10|PVO.4|5024,1,0.0118603,1.20251,0.125276,73.4229,0.236321,0.114951,1,0.0118603,1.20251,0.125273,73.4418,0.236252,0.115126,True,PGT121|PVO.4,1313860
130_bNAb_Combinations|1313860|sample|11|PVO.4|5024,1,0.00540399,1.1304,0.125276,73.4229,0.236321,0.114951,1,0.00540399,1.1304,0.125273,73.4418,0.236252,0.115126,True,VRC07-523LS|PVO.4,1313860
130_bNAb_Combinations|1313860|sample|12|PVO.4|5024,1,0.00540399,1.1304,0.125276,73.4229,0.236321,0.114951,1,0.00540399,1.1304,0.125273,73.4418,0.236252,0.115126,True,VRC07-523LS|PVO.4,1313860
130_bNAb_Combinations|1313860|sample|3|PVO.4|5024,1,0.0448438,5.4087,0.125276,73.4229,0.236321,0.114951,1,0.0448438,5.4087,0.125273,73.4418,0.236252,0.115126,True,PGDM1400|PVO.4,1313860
130_bNAb_Combinations|1313860|sample|4|PVO.4|5024,1,0.0448438,5.4087,0.125276,73.4229,0.236321,0.114951,1,0.0448438,5.4087,0.125273,73.4418,0.236252,0.115126,True,PGDM1400|PVO.4,1313860
130_bNAb_Combinations|1313860|sample|5|PVO.4|5024,1,0.0448438,5.4087,0.125276,73.4229,0.236321,0.114951,1,0.0448438,5.4087,0.125273,73.4418,0.236252,0.115126,True,PGDM1400|PVO.4,1313860
130_bNAb_Combinations|1313860|sample|6|PVO.4|5024,1,0.0448438,5.4087,0.125276,73.4229,0.236321,0.114951,1,0.0448438,5.4087,0.125273,73.4418,0.236252,0.115126,True,PGDM1400|PVO.4,1313860
130_bNAb_Combinations|1313860|sample|7|PVO.4|5024,1,0.0118603,1.20251,0.125276,73.4229,0.236321,0.114951,1,0.0118603,1.20251,0.125273,73.4418,0.236252,0.115126,True,PGT121|PVO.4,1313860
130_bNAb_Combinations|1313860|sample|8|PVO.4|5024,1,0.0118603,1.20251,0.125276,73.4229,0.236321,0.114951,1,0.0118603,1.20251,0.125273,73.4418,0.236252,0.115126,True,PGT121|PVO.4,1313860
130_bNAb_Combinations|1313860|sample|9|PVO.4|5024,1,0.0118603,1.20251,0.125276,73.4229,0.236321,0.114951,1,0.0118603,1.20251,0.125273,73.4418,0.236252,0.115126,True,PGT121|PVO.4,1313860
130_bNAb_Combinations|1313860|vc|1|2|PVO.4|5024,1,0.00504132,0.800495,0.125276,73.4225,0.236321,0.114951,1,0.00504132,0.800495,0.125273,73.4414,0.236252,0.115126,False,nan|PVO.4,1313860
130_bNAb_Combinations|1313860|vc|2|2|PVO.4|5024,1,0.00504132,0.800495,0.125276,73.4225,0.236321,0.114951,1,0.00504132,0.800495,0.125273,73.4414,0.236252,0.115126,False,nan|PVO.4,1313860
130_bNAb_Combinations|1313860|vc|3|2|PVO.4|5024,1,0.00504132,0.800495,0.125276,73.4225,0.236321,0.114951,1,0.00504132,0.800495,0.125273,73.4414,0.236252,0.115126,False,nan|PVO.4,1313860
130_bNAb_Combinations|1313860|vc|4|2|PVO.4|5024,1,0.00504132,0.800495,0.125276,73.4225,0.236321,0.114951,1,0.00504132,0.800495,0.125273,73.4414,0.236252,0.115126,False,nan|PVO.4,1313860
130_bNAb_Combinations|1313860|vc|5|2|PVO.4|5024,1,0.00504132,0.800495,0.125276,73.4225,0.236321,0.114951,1,0.00504132,0.800495,0.125273,73.4414,0.236252,0.115126,False,nan|PVO.4,1313860
130_bNAb_Combinations|1313860|vc|6|2|PVO.4|5024,1,0.00504132,0.800495,0.125276,73.4225,0.236321,0.114951,1,0.00504132,0.800495,0.125273,73.4414,0.236252,0.115126,False,nan|PVO.4,1313860
130_bNAb_Combinations|1313860|vc|7|2|PVO.4|5024,1,0.00504132,0.800495,0.125276,73.4225,0.236321,0.114951,1,0.00504132,0.800495,0.125273,73.4414,0.236252,0.115126,False,nan|PVO.4,1313860
130_bNAb_Combinations|1313860|vc|8|2|PVO.4|5024,1,0.00504132,0.800495,0.125276,73.4225,0.236321,0.114951,1,0.00504132,0.800495,0.125273,73.4414,0.236252,0.115126,False,nan|PVO.4,1313860
130_bNAb_Combinations|1313884|cc|1|1|nan|4168,1,0.00332926,0.936652,0.125276,73.4225,0.236834,0.150763,1,0.00332926,0.936652,0.125273,73.4414,0.236763,0.15112,False,nan|4168,1313884
130_bNAb_Combinations|1313884|cc|2|1|nan|4168,1,0.00332926,0.936652,0.125276,73.4225,0.236834,0.150763,1,0.00332926,0.936652,0.125273,73.4414,0.236763,0.15112,False,nan|4168,1313884
130_bNAb_Combinations|1313884|cc|3|1|nan|4168,1,0.00332926,0.936652,0.125276,73.4225,0.236834,0.150763,1,0.00332926,0.936652,0.125273,73.4414,0.236763,0.15112,False,nan|4168,1313884
130_bNAb_Combinations|1313884|cc|4|1|nan|4168,1,0.00332926,0.936652,0.125276,73.4225,0.236834,0.150763,1,0.00332926,0.936652,0.125273,73.4414,0.236763,0.15112,False,nan|4168,1313884
130_bNAb_Combinations|1313884|cc|5|1|nan|4168,1,0.00332926,0.936652,0.125276,73.4225,0.236834,0.150763,1,0.00332926,0.936652,0.125273,73.4414,0.236763,0.15112,False,nan|4168,1313884
130_bNAb_Combinations|1313884|cc|6|1|nan|4168,1,0.00332926,0.936652,0.125276,73.4225,0.236834,0.150763,1,0.00332926,0.936652,0.125273,73.4414,0.236763,0.15112,False,nan|4168,1313884
130_bNAb_Combinations|1313884|cc|7|1|nan|4168,1,0.00332926,0.936652,0.125276,73.4225,0.236834,0.150763,1,0.00332926,0.936652,0.125273,73.4414,0.236763,0.15112,False,nan|4168,1313884
130_bNAb_Combinations|1313884|cc|8|1|nan|4168,1,0.00332926,0.936652,0.125276,73.4225,0.236834,0.150763,1,0.00332926,0.936652,0.125273,73.4414,0.236763,0.15112,False,nan|4168,1313884
130_bNAb_Combinations|1313884|sample|10|nan|4168,1,0.12179,1.00606,0.125276,73.4229,0.236834,0.150763,1,0.12179,1.00606,0.125273,73.4418,0.236763,0.15112,True,PGT121|4168,1313884
130_bNAb_Combinations|1313884|sample|11|nan|4168,1,0.0169635,1.48023,0.125276,73.4229,0.236834,0.150763,1,0.0169635,1.48023,0.125273,73.4418,0.236763,0.15112,True,VRC07-523LS|4168,1313884
130_bNAb_Combinations|1313884|sample|12|nan|4168,1,0.0169635,1.48023,0.125276,73.4229,0.236834,0.150763,1,0.0169635,1.48023,0.125273,73.4418,0.236763,0.15112,True,VRC07-523LS|4168,1313884
130_bNAb_Combinations|1313884|sample|3|nan|4168,1,0.27229,5.4504,0.125276,73.4229,0.236834,0.150763,1,0.27229,5.4504,0.125273,73.4418,0.236763,0.15112,True,PGDM1400|4168,1313884
130_bNAb_Combinations|1313884|sample|4|nan|4168,1,0.27229,5.4504,0.125276,73.4229,0.236834,0.150763,1,0.27229,5.4504,0.125273,73.4418,0.236763,0.15112,True,PGDM1400|4168,1313884
130_bNAb_Combinations|1313884|sample|5|nan|4168,1,0.27229,5.4504,0.125276,73.4229,0.236834,0.150763,1,0.27229,5.4504,0.125273,73.4418,0.236763,0.15112,True,PGDM1400|4168,1313884
130_bNAb_Combinations|1313884|sample|6|nan|4168,1,0.27229,5.4504,0.125276,73.4229,0.236834,0.150763,1,0.27229,5.4504,0.125273,73.4418,0.236763,0.15112,True,PGDM1400|4168,1313884
130_bNAb_Combinations|1313884|sample|7|nan|4168,1,0.12179,1.00606,0.125276,73.4229,0.236834,0.150763,1,0.12179,1.00606,0.125273,73.4418,0.236763,0.15112,True,PGT121|4168,1313884
130_bNAb_Combinations|1313884|sample|8|nan|4168,1,0.12179,1.00606,0.125276,73.4229,0.236834,0.150763,1,0.12179,1.00606,0.125273,73.4418,0.236763,0.15112,True,PGT121|4168,1313884
130_bNAb_Combinations|1313884|sample|9|nan|4168,1,0.12179,1.00606,0.125276,73.4229,0.236834,0.150763,1,0.12179,1.00606,0.125273,73.4418,0.236763,0.15112,True,PGT121|4168,1313884
130_bNAb_Combinations|1313884|vc|1|2|nan|4168,1,0.00332926,0.936652,0.125276,73.4225,0.236834,0.150763,1,0.00332926,0.936652,0.125273,73.4414,0.236763,0.15112,False,nan|4168,1313884
130_bNAb_Combinations|1313884|vc|2|2|nan|4168,1,0.00332926,0.936652,0.125276,73.4225,0.236834,0.150763,1,0.00332926,0.936652,0.125273,73.4414,0.236763,0.15112,False,nan|4168,1313884
130_bNAb_Combinations|1313884|vc|3|2|nan|4168,1,0.00332926,0.936652,0.125276,73.4225,0.236834,0.150763,1,0.00332926,0.936652,0.125273,73.4414,0.236763,0.15112,False,nan|4168,1313884
130_bNAb_Combinations|1313884|vc|4|2|nan|4168,1,0.00332926,0.936652,0.125276,73.4225,0.236834,0.150763,1,0.00332926,0.936652,0.125273,73.4414,0.236763,0.15112,False,nan|4168,1313884
130_bNAb_Combinations|1313884|vc|5|2|nan|4168,1,0.00332926,0.936652,0.125276,73.4225,0.236834,0.150763,1,0.00332926,0.936652,0.125273,73.4414,0.236763,0.15112,False,nan|4168,1313884
130_bNAb_Combinations|1313884|vc|6|2|nan|4168,1,0.00332926,0.936652,0.125276,73.4225,0.236834,0.150763,1,0.00332926,0.936652,0.125273,73.4414,0.236763,0.15112,False,nan|4168,1313884
130_bNAb_Combinations|1313884|vc|7|2|nan|4168,1,0.00332926,0.936652,0.125276,73.4225,0.236834,0.150763,1,0.00332926,0.936652,0.125273,73.4414,0.236763,0.15112,False,nan|4168,1313884
130_bNAb_Combinations|1313884|vc|8|2|nan|4168,1,0.00332926,0.936652,0.125276,73.4225,0.236834,0.150763,1,0.00332926,0.936652,0.125273,73.4414,0.236763,0.15112,False,nan|4168,1313884
130_bNAb_Combinations|1313920|cc|1|1|nan|1798,1,0.0113029,1.10791,0.125276,73.4225,0.258789,0.150763,1,0.0113029,1.10791,0.125273,73.4414,0.258798,0.15112,False,nan|1798,1313920
130_bNAb_Combinations|1313920|cc|2|1|nan|1798,1,0.0113029,1.10791,0.125276,73.4225,0.258789,0.150763,1,0.0113029,1.10791,0.125273,73.4414,0.258798,0.15112,False,nan|1798,1313920
130_bNAb_Combinations|1313920|cc|3|1|nan|1798,1,0.0113029,1.10791,0.125276,73.4225,0.258789,0.150763,1,0.0113029,1.10791,0.125273,73.4414,0.258798,0.15112,False,nan|1798,1313920
130_bNAb_Combinations|1313920|cc|4|1|nan|1798,1,0.0113029,1.10791,0.125276,73.4225,0.258789,0.150763,1,0.0113029,1.10791,0.125273,73.4414,0.258798,0.15112,False,nan|1798,1313920
130_bNAb_Combinations|1313920|cc|5|1|nan|1798,1,0.0113029,1.10791,0.125276,73.4225,0.258789,0.150763,1,0.0113029,1.10791,0.125273,73.4414,0.258798,0.15112,False,nan|1798,1313920
130_bNAb_Combinations|1313920|cc|6|1|nan|1798,1,0.0113029,1.10791,0.125276,73.4225,0.258789,0.150763,1,0.0113029,1.10791,0.125273,73.4414,0.258798,0.15112,False,nan|1798,1313920
130_bNAb_Combinations|1313920|cc|7|1|nan|1798,1,0.0113029,1.10791,0.125276,73.4225,0.258789,0.150763,1,0.0113029,1.10791,0.125273,73.4414,0.258798,0.15112,False,nan|1798,1313920
130_bNAb_Combinations|1313920|cc|8|1|nan|1798,1,0.0113029,1.10791,0.125276,73.4225,0.258789,0.150763,1,0.0113029,1.10791,0.125273,73.4414,0.258798,0.15112,False,nan|1798,1313920
130_bNAb_Combinations|1313920|sample|10|nan|1798,1,0.00131742,0.979751,0.125276,73.4229,0.258789,0.150763,1,0.00131742,0.979751,0.125273,73.4418,0.258798,0.15112,True,PGT121|1798,1313920
130_bNAb_Combinations|1313920|sample|11|nan|1798,1,0.00355854,1.82253,0.125276,73.4229,0.258789,0.150763,1,0.00355854,1.82253,0.125273,73.4418,0.258798,0.15112,True,VRC07-523LS|1798,1313920
130_bNAb_Combinations|1313920|sample|12|nan|1798,1,0.00355854,1.82253,0.125276,73.4229,0.258789,0.150763,1,0.00355854,1.82253,0.125273,73.4418,0.258798,0.15112,True,VRC07-523LS|1798,1313920
130_bNAb_Combinations|1313920|sample|3|nan|1798,1,0.19007,1.27909,0.125276,73.4229,0.258789,0.150763,1,0.19007,1.27909,0.125273,73.4418,0.258798,0.15112,True,PGDM1400|1798,1313920
130_bNAb_Combinations|1313920|sample|4|nan|1798,1,0.19007,1.27909,0.125276,73.4229,0.258789,0.150763,1,0.19007,1.27909,0.125273,73.4418,0.258798,0.15112,True,PGDM1400|1798,1313920
130_bNAb_Combinations|1313920|sample|5|nan|1798,1,0.19007,1.27909,0.125276,73.4229,0.258789,0.150763,1,0.19007,1.27909,0.125273,73.4418,0.258798,0.15112,True,PGDM1400|1798,1313920
130_bNAb_Combinations|1313920|sample|6|nan|1798,1,0.19007,1.27909,0.125276,73.4229,0.258789,0.150763,1,0.19007,1.27909,0.125273,73.4418,0.258798,0.15112,True,PGDM1400|1798,1313920
130_bNAb_Combinations|1313920|sample|7|nan|1798,1,0.00131742,0.979751,0.125276,73.4229,0.258789,0.150763,1,0.00131742,0.979751,0.125273,73.4418,0.258798,0.15112,True,PGT121|1798,1313920
130_bNAb_Combinations|1313920|sample|8|nan|1798,1,0.00131742,0.979751,0.125276,73.4229,0.258789,0.150763,1,0.00131742,0.979751,0.125273,73.4418,0.258798,0.15112,True,PGT121|1798,1313920
130_bNAb_Combinations|1313920|sample|9|nan|1798,1,0.00131742,0.979751,0.125276,73.4229,0.258789,0.150763,1,0.00131742,0.979751,0.125273,73.4418,0.258798,0.15112,True,PGT121|1798,1313920
130_bNAb_Combinations|1313920|vc|1|2|nan|1798,1,0.0113029,1.10791,0.125276,73.4225,0.258789,0.150763,1,0.0113029,1.10791,0.125273,73.4414,0.258798,0.15112,False,nan|1798,1313920
130_bNAb_Combinations|1313920|vc|2|2|nan|1798,1,0.0113029,1.10791,0.125276,73.4225,0.258789,0.150763,1,0.0113029,1.10791,0.125273,73.4414,0.258798,0.15112,False,nan|1798,1313920
130_bNAb_Combinations|1313920|vc|3|2|nan|1798,1,0.0113029,1.10791,0.125276,73.4225,0.258789,0.150763,1,0.0113029,1.10791,0.125273,73.4414,0.258798,0.15112,False,nan|1798,1313920
130_bNAb_Combinations|1313920|vc|4|2|nan|1798,1,0.0113029,1.10791,0.125276,73.4225,0.258789,0.150763,1,0.0113029,1.10791,0.125273,73.4414,0.258798,0.15112,False,nan|1798,1313920
130_bNAb_Combinations|1313920|vc|5|2|nan|1798,1,0.0113029,1.10791,0.125276,73.4225,0.258789,0.150763,1,0.0113029,1.10791,0.125273,73.4414,0.258798,0.15112,False,nan|1798,1313920
130_bNAb_Combinations|1313920|vc|6|2|nan|1798,1,0.0113029,1.10791,0.125276,73.4225,0.258789,0.150763,1,0.0113029,1.10791,0.125273,73.4414,0.258798,0.15112,False,nan|1798,1313920
130_bNAb_Combinations|1313920|vc|7|2|nan|1798,1,0.0113029,1.10791,0.125276,73.4225,0.258789,0.150763,1,0.0113029,1.10791,0.125273,73.4414,0.258798,0.15112,False,nan|1798,1313920
130_bNAb_Combinations|1313920|vc|8|2|nan|1798,1,0.0113029,1.10791,0.125276,73.4225,0.258789,0.150763,1,0.0113029,1.10791,0.125273,73.4414,0.258798,0.15112,False,nan|1798,1313920
130_bNAb_Combinations|1313938|cc|1|1|TRO.11|8301,1,0.0360568,1.26869,0.125276,73.4225,0.121495,1.50183e-10,1,0.0360568,1.26869,0.125273,73.4414,0.121481,8.7484e-11,False,nan|TRO.11,1313938
130_bNAb_Combinations|1313938|cc|2|1|TRO.11|8301,1,0.0360568,1.26869,0.125276,73.4225,0.121495,1.50183e-10,1,0.0360568,1.26869,0.125273,73.4414,0.121481,8.7484e-11,False,nan|TRO.11,1313938
130_bNAb_Combinations|1313938|cc|3|1|TRO.11|8301,1,0.0360568,1.26869,0.125276,73.4225,0.121495,1.50183e-10,1,0.0360568,1.26869,0.125273,73.4414,0.121481,8.7484e-11,False,nan|TRO.11,1313938
130_bNAb_Combinations|1313938|cc|4|1|TRO.11|8301,1,0.0360568,1.26869,0.125276,73.4225,0.121495,1.50183e-10,1,0.0360568,1.26869,0.125273,73.4414,0.121481,8.7484e-11,False,nan|TRO.11,1313938
130_bNAb_Combinations|1313938|cc|5|1|TRO.11|8301,1,0.0360568,1.26869,0.125276,73.4225,0.121495,1.50183e-10,1,0.0360568,1.26869,0.125273,73.4414,0.121481,8.7484e-11,False,nan|TRO.11,1313938
130_bNAb_Combinations|1313938|cc|6|1|TRO.11|8301,1,0.0360568,1.26869,0.125276,73.4225,0.121495,1.50183e-10,1,0.0360568,1.26869,0.125273,73.4414,0.121481,8.7484e-11,False,nan|TRO.11,1313938
130_bNAb_Combinations|1313938|cc|7|1|TRO.11|8301,1,0.0360568,1.26869,0.125276,73.4225,0.121495,1.50183e-10,1,0.0360568,1.26869,0.125273,73.4414,0.121481,8.7484e-11,False,nan|TRO.11,1313938
130_bNAb_Combinations|1313938|cc|8|1|TRO.11|8301,1,0.0360568,1.26869,0.125276,73.4225,0.121495,1.50183e-10,1,0.0360568,1.26869,0.125273,73.4414,0.121481,8.7484e-11,False,nan|TRO.11,1313938
130_bNAb_Combinations|1313938|sample|10|TRO.11|8301,1,0.0087367,0.7463,0.125276,70.621,0.121495,1.50183e-10,1,0.0087367,0.7463,0.125273,70.6383,0.121481,8.7484e-11,True,PGT121|TRO.11,1313938
130_bNAb_Combinations|1313938|sample|11|TRO.11|8301,1,0.00347669,1.09929,0.125276,73.423,0.121495,1.50183e-10,1,0.00347669,1.09929,0.125273,73.4418,0.121481,8.7484e-11,True,VRC07-523LS|TRO.11,1313938
130_bNAb_Combinations|1313938|sample|12|TRO.11|8301,1,0.00347669,1.09929,0.125276,73.423,0.121495,1.50183e-10,1,0.00347669,1.09929,0.125273,73.4418,0.121481,8.7484e-11,True,VRC07-523LS|TRO.11,1313938
130_bNAb_Combinations|1313938|sample|3|TRO.11|8301,1,0.000929128,2.54569,0.125276,73.4229,0.121495,1.50183e-10,1,0.000929128,2.54569,0.125273,73.4418,0.121481,8.7484e-11,True,PGDM1400|TRO.11,1313938
130_bNAb_Combinations|1313938|sample|4|TRO.11|8301,1,0.000929128,2.54569,0.125276,73.4229,0.121495,1.50183e-10,1,0.000929128,2.54569,0.125273,73.4418,0.121481,8.7484e-11,True,PGDM1400|TRO.11,1313938
130_bNAb_Combinations|1313938|sample|5|TRO.11|8301,1,0.000929128,2.54569,0.125276,73.4229,0.121495,1.50183e-10,1,0.000929128,2.54569,0.125273,73.4418,0.121481,8.7484e-11,True,PGDM1400|TRO.11,1313938
130_bNAb_Combinations|1313938|sample|6|TRO.11|8301,1,0.000929128,2.54569,0.125276,73.4229,0.121495,1.50183e-10,1,0.000929128,2.54569,0.125273,73.4418,0.121481,8.7484e-11,True,PGDM1400|TRO.11,1313938
130_bNAb_Combinations|1313938|sample|7|TRO.11|8301,1,0.0087367,0.7463,0.125276,70.621,0.121495,1.50183e-10,1,0.0087367,0.7463,0.125273,70.6383,0.121481,8.7484e-11,True,PGT121|TRO.11,1313938
130_bNAb_Combinations|1313938|sample|8|TRO.11|8301,1,0.0087367,0.7463,0.125276,70.621,0.121495,1.50183e-10,1,0.0087367,0.7463,0.125273,70.6383,0.121481,8.7484e-11,True,PGT121|TRO.11,1313938
130_bNAb_Combinations|1313938|sample|9|TRO.11|8301,1,0.0087367,0.7463,0.125276,70.621,0.121495,1.50183e-10,1,0.0087367,0.7463,0.125273,70.6383,0.121481,8.7484e-11,True,PGT121|TRO.11,1313938
130_bNAb_Combinations|1313938|vc|1|2|TRO.11|8301,1,0.0360568,1.26869,0.125276,73.4225,0.121495,1.50183e-10,1,0.0360568,1.26869,0.125273,73.4414,0.121481,8.7484e-11,False,nan|TRO.11,1313938
130_bNAb_Combinations|1313938|vc|2|2|TRO.11|8301,1,0.0360568,1.26869,0.125276,73.4225,0.121495,1.50183e-10,1,0.0360568,1.26869,0.125273,73.4414,0.121481,8.7484e-11,False,nan|TRO.11,1313938
130_bNAb_Combinations|1313938|vc|3|2|TRO.11|8301,1,0.0360568,1.26869,0.125276,73.4225,0.121495,1.50183e-10,1,0.0360568,1.26869,0.125273,73.4414,0.121481,8.7484e-11,False,nan|TRO.11,1313938
130_bNAb_Combinations|1313938|vc|4|2|TRO.11|8301,1,0.0360568,1.26869,0.125276,73.4225,0.121495,1.50183e-10,1,0.0360568,1.26869,0.125273,73.4414,0.121481,8.7484e-11,False,nan|TRO.11,1313938
130_bNAb_Combinations|1313938|vc|5|2|TRO.11|8301,1,0.0360568,1.26869,0.125276,73.4225,0.121495,1.50183e-10,1,0.0360568,1.26869,0.125273,73.4414,0.121481,8.7484e-11,False,nan|TRO.11,1313938
130_bNAb_Combinations|1313938|vc|6|2|TRO.11|8301,1,0.0360568,1.26869,0.125276,73.4225,0.121495,1.50183e-10,1,0.0360568,1.26869,0.125273,73.4414,0.121481,8.7484e-11,False,nan|TRO.11,1313938
130_bNAb_Combinations|1313938|vc|7|2|TRO.11|8301,1,0.0360568,1.26869,0.125276,73.4225,0.121495,1.50183e-10,1,0.0360568,1.26869,0.125273,73.4414,0.121481,8.7484e-11,False,nan|TRO.11,1313938
130_bNAb_Combinations|1313938|vc|8|2|TRO.11|8301,1,0.0360568,1.26869,0.125276,73.4225,0.121495,1.50183e-10,1,0.0360568,1.26869,0.125273,73.4414,0.121481,8.7484e-11,False,nan|TRO.11,1313938
130_bNAb_Combinations|1313956|cc|1|1|Ce1176_A3|7023,1,0.0193809,1.73615,0.125276,73.4225,0.319484,0.150762,1,0.0193809,1.73615,0.125273,73.4414,0.31968,0.15112,False,nan|Ce1176_A3,1313956
130_bNAb_Combinations|1313956|cc|2|1|Ce1176_A3|7023,1,0.0193809,1.73615,0.125276,73.4225,0.319484,0.150762,1,0.0193809,1.73615,0.125273,73.4414,0.31968,0.15112,False,nan|Ce1176_A3,1313956
130_bNAb_Combinations|1313956|cc|3|1|Ce1176_A3|7023,1,0.0193809,1.73615,0.125276,73.4225,0.319484,0.150762,1,0.0193809,1.73615,0.125273,73.4414,0.31968,0.15112,False,nan|Ce1176_A3,1313956
130_bNAb_Combinations|1313956|cc|4|1|Ce1176_A3|7023,1,0.0193809,1.73615,0.125276,73.4225,0.319484,0.150762,1,0.0193809,1.73615,0.125273,73.4414,0.31968,0.15112,False,nan|Ce1176_A3,1313956
130_bNAb_Combinations|1313956|cc|5|1|Ce1176_A3|7023,1,0.0193809,1.73615,0.125276,73.4225,0.319484,0.150762,1,0.0193809,1.73615,0.125273,73.4414,0.31968,0.15112,False,nan|Ce1176_A3,1313956
130_bNAb_Combinations|1313956|cc|6|1|Ce1176_A3|7023,1,0.0193809,1.73615,0.125276,73.4225,0.319484,0.150762,1,0.0193809,1.73615,0.125273,73.4414,0.31968,0.15112,False,nan|Ce1176_A3,1313956
130_bNAb_Combinations|1313956|cc|7|1|Ce1176_A3|7023,1,0.0193809,1.73615,0.125276,73.4225,0.319484,0.150762,1,0.0193809,1.73615,0.125273,73.4414,0.31968,0.15112,False,nan|Ce1176_A3,1313956
130_bNAb_Combinations|1313956|cc|8|1|Ce1176_A3|7023,1,0.0193809,1.73615,0.125276,73.4225,0.319484,0.150762,1,0.0193809,1.73615,0.125273,73.4414,0.31968,0.15112,False,nan|Ce1176_A3,1313956
130_bNAb_Combinations|1313956|sample|10|Ce1176_A3|7023,1,0.0077134,0.786288,0.125276,73.4229,0.319484,0.150762,1,0.0077134,0.786288,0.125273,73.4418,0.31968,0.15112,True,PGT121|Ce1176_A3,1313956
130_bNAb_Combinations|1313956|sample|11|Ce1176_A3|7023,1,0.0107712,1.66997,0.125276,73.4229,0.319484,0.150762,1,0.0107712,1.66997,0.125273,73.4418,0.31968,0.15112,True,VRC07-523LS|Ce1176_A3,1313956
130_bNAb_Combinations|1313956|sample|12|Ce1176_A3|7023,1,0.0107712,1.66997,0.125276,73.4229,0.319484,0.150762,1,0.0107712,1.66997,0.125273,73.4418,0.31968,0.15112,True,VRC07-523LS|Ce1176_A3,1313956
130_bNAb_Combinations|1313956|sample|3|Ce1176_A3|7023,1,0.000589515,3.22797,0.125276,73.4229,0.319484,0.150762,1,0.000589515,3.22797,0.125273,73.4418,0.31968,0.15112,True,PGDM1400|Ce1176_A3,1313956
130_bNAb_Combinations|1313956|sample|4|Ce1176_A3|7023,1,0.000589515,3.22797,0.125276,73.4229,0.319484,0.150762,1,0.000589515,3.22797,0.125273,73.4418,0.31968,0.15112,True,PGDM1400|Ce1176_A3,1313956
130_bNAb_Combinations|1313956|sample|5|Ce1176_A3|7023,1,0.000589515,3.22797,0.125276,73.4229,0.319484,0.150762,1,0.000589515,3.22797,0.125273,73.4418,0.31968,0.15112,True,PGDM1400|Ce1176_A3,1313956
130_bNAb_Combinations|1313956|sample|6|Ce1176_A3|7023,1,0.000589515,3.22797,0.125276,73.4229,0.319484,0.150762,1,0.000589515,3.22797,0.125273,73.4418,0.31968,0.15112,True,PGDM1400|Ce1176_A3,1313956
130_bNAb_Combinations|1313956|sample|7|Ce1176_A3|7023,1,0.0077134,0.786288,0.125276,73.4229,0.319484,0.150762,1,0.0077134,0.786288,0.125273,73.4418,0.31968,0.15112,True,PGT121|Ce1176_A3,1313956
130_bNAb_Combinations|1313956|sample|8|Ce1176_A3|7023,1,0.0077134,0.786288,0.125276,73.4229,0.319484,0.150762,1,0.0077134,0.786288,0.125273,73.4418,0.31968,0.15112,True,PGT121|Ce1176_A3,1313956
130_bNAb_Combinations|1313956|sample|9|Ce1176_A3|7023,1,0.0077134,0.786288,0.125276,73.4229,0.319484,0.150762,1,0.0077134,0.786288,0.125273,73.4418,0.31968,0.15112,True,PGT121|Ce1176_A3,1313956
130_bNAb_Combinations|1313956|vc|1|2|Ce1176_A3|7023,1,0.0193809,1.73615,0.125276,73.4225,0.319484,0.150762,1,0.0193809,1.73615,0.125273,73.4414,0.31968,0.15112,False,nan|Ce1176_A3,1313956
130_bNAb_Combinations|1313956|vc|2|2|Ce1176_A3|7023,1,0.0193809,1.73615,0.125276,73.4225,0.319484,0.150762,1,0.0193809,1.73615,0.125273,73.4414,0.31968,0.15112,False,nan|Ce1176_A3,1313956
130_bNAb_Combinations|1313956|vc|3|2|Ce1176_A3|7023,1,0.0193809,1.73615,0.125276,73.4225,0.319484,0.150762,1,0.0193809,1.73615,0.125273,73.4414,0.31968,0.15112,False,nan|Ce1176_A3,1313956
130_bNAb_Combinations|1313956|vc|4|2|Ce1176_A3|7023,1,0.0193809,1.73615,0.125276,73.4225,0.319484,0.150762,1,0.0193809,1.73615,0.125273,73.4414,0.31968,0.15112,False,nan|Ce1176_A3,1313956
130_bNAb_Combinations|1313956|vc|5|2|Ce1176_A3|7023,1,0.0193809,1.73615,0.125276,73.4225,0.319484,0.150762,1,0.0193809,1.73615,0.125273,73.4414,0.31968,0.15112,False,nan|Ce1176_A3,1313956
130_bNAb_Combinations|1313956|vc|6|2|Ce1176_A3|7023,1,0.0193809,1.73615,0.125276,73.4225,0.319484,0.150762,1,0.0193809,1.73615,0.125273,73.4414,0.31968,0.15112,False,nan|Ce1176_A3,1313956
130_bNAb_Combinations|1313956|vc|7|2|Ce1176_A3|7023,1,0.0193809,1.73615,0.125276,73.4225,0.319484,0.150762,1,0.0193809,1.73615,0.125273,73.4414,0.31968,0.15112,False,nan|Ce1176_A3,1313956
130_bNAb_Combinations|1313956|vc|8|2|Ce1176_A3|7023,1,0.0193809,1.73615,0.125276,73.4225,0.319484,0.150762,1,0.0193809,1.73615,0.125273,73.4414,0.31968,0.15112,False,nan|Ce1176_A3,1313956
130_bNAb_Combinations|1313974|cc|1|1|nan|1176,1,0.00378608,1.2406,0.125276,73.4224,0.23632,0.150763,1,0.00378608,1.2406,0.125273,73.4413,0.236251,0.151121,False,nan|1176,1313974
130_bNAb_Combinations|1313974|cc|2|1|nan|1176,1,0.00378608,1.2406,0.125276,73.4224,0.23632,0.150763,1,0.00378608,1.2406,0.125273,73.4413,0.236251,0.151121,False,nan|1176,1313974
130_bNAb_Combinations|1313974|cc|3|1|nan|1176,1,0.00378608,1.2406,0.125276,73.4224,0.23632,0.150763,1,0.00378608,1.2406,0.125273,73.4413,0.236251,0.151121,False,nan|1176,1313974
130_bNAb_Combinations|1313974|cc|4|1|nan|1176,1,0.00378608,1.2406,0.125276,73.4224,0.23632,0.150763,1,0.00378608,1.2406,0.125273,73.4413,0.236251,0.151121,False,nan|1176,1313974
130_bNAb_Combinations|1313974|cc|5|1|nan|1176,1,0.00378608,1.2406,0.125276,73.4224,0.23632,0.150763,1,0.00378608,1.2406,0.125273,73.4413,0.236251,0.151121,False,nan|1176,1313974
130_bNAb_Combinations|1313974|cc|6|1|nan|1176,1,0.00378608,1.2406,0.125276,73.4224,0.23632,0.150763,1,0.00378608,1.2406,0.125273,73.4413,0.236251,0.151121,False,nan|1176,1313974
130_bNAb_Combinations|1313974|cc|7|1|nan|1176,1,0.00378608,1.2406,0.125276,73.4224,0.23632,0.150763,1,0.00378608,1.2406,0.125273,73.4413,0.236251,0.151121,False,nan|1176,1313974
130_bNAb_Combinations|1313974|cc|8|1|nan|1176,1,0.00378608,1.2406,0.125276,73.4224,0.23632,0.150763,1,0.00378608,1.2406,0.125273,73.4413,0.236251,0.151121,False,nan|1176,1313974
130_bNAb_Combinations|1313974|sample|10|nan|1176,1,0.152911,2.25705,0.125276,73.4229,0.23632,0.150763,1,0.152911,2.25705,0.125273,73.4418,0.236251,0.151121,True,PGT121|1176,1313974
130_bNAb_Combinations|1313974|sample|11|nan|1176,1,0.0010501,0.927095,0.125276,73.4229,0.23632,0.150763,1,0.0010501,0.927095,0.125273,73.4418,0.236251,0.151121,True,VRC07-523LS|1176,1313974
130_bNAb_Combinations|1313974|sample|12|nan|1176,1,0.0010501,0.927095,0.125276,73.4229,0.23632,0.150763,1,0.0010501,0.927095,0.125273,73.4418,0.236251,0.151121,True,VRC07-523LS|1176,1313974
130_bNAb_Combinations|1313974|sample|3|nan|1176,1,0.0422233,0.838827,0.125276,86.5082,0.23632,0.150763,1,0.0422233,0.838827,0.125273,86.5002,0.236251,0.151121,True,PGDM1400|1176,1313974
130_bNAb_Combinations|1313974|sample|4|nan|1176,1,0.0422233,0.838827,0.125276,86.5082,0.23632,0.150763,1,0.0422233,0.838827,0.125273,86.5002,0.236251,0.151121,True,PGDM1400|1176,1313974
130_bNAb_Combinations|1313974|sample|5|nan|1176,1,0.0422233,0.838827,0.125276,86.5082,0.23632,0.150763,1,0.0422233,0.838827,0.125273,86.5002,0.236251,0.151121,True,PGDM1400|1176,1313974
130_bNAb_Combinations|1313974|sample|6|nan|1176,1,0.0422233,0.838827,0.125276,86.5082,0.23632,0.150763,1,0.0422233,0.838827,0.125273,86.5002,0.236251,0.151121,True,PGDM1400|1176,1313974
130_bNAb_Combinations|1313974|sample|7|nan|1176,1,0.152911,2.25705,0.125276,73.4229,0.23632,0.150763,1,0.152911,2.25705,0.125273,73.4418,0.236251,0.151121,True,PGT121|1176,1313974
130_bNAb_Combinations|1313974|sample|8|nan|1176,1,0.152911,2.25705,0.125276,73.4229,0.23632,0.150763,1,0.152911,2.25705,0.125273,73.4418,0.236251,0.151121,True,PGT121|1176,1313974
130_bNAb_Combinations|1313974|sample|9|nan|1176,1,0.152911,2.25705,0.125276,73.4229,0.23632,0.150763,1,0.152911,2.25705,0.125273,73.4418,0.236251,0.151121,True,PGT121|1176,1313974
130_bNAb_Combinations|1313974|vc|1|2|nan|1176,1,0.00378608,1.2406,0.125276,73.4224,0.23632,0.150763,1,0.00378608,1.2406,0.125273,73.4413,0.236251,0.151121,False,nan|1176,1313974
130_bNAb_Combinations|1313974|vc|2|2|nan|1176,1,0.00378608,1.2406,0.125276,73.4224,0.23632,0.150763,1,0.00378608,1.2406,0.125273,73.4413,0.236251,0.151121,False,nan|1176,1313974
130_bNAb_Combinations|1313974|vc|3|2|nan|1176,1,0.00378608,1.2406,0.125276,73.4224,0.23632,0.150763,1,0.00378608,1.2406,0.125273,73.4413,0.236251,0.151121,False,nan|1176,1313974
130_bNAb_Combinations|1313974|vc|4|2|nan|1176,1,0.00378608,1.2406,0.125276,73.4224,0.23632,0.150763,1,0.00378608,1.2406,0.125273,73.4413,0.236251,0.151121,False,nan|1176,1313974
130_bNAb_Combinations|1313974|vc|5|2|nan|1176,1,0.00378608,1.2406,0.125276,73.4224,0.23632,0.150763,1,0.00378608,1.2406,0.125273,73.4413,0.236251,0.151121,False,nan|1176,1313974
130_bNAb_Combinations|1313974|vc|6|2|nan|1176,1,0.00378608,1.2406,0.125276,73.4224,0.23632,0.150763,1,0.00378608,1.2406,0.125273,73.4413,0.236251,0.151121,False,nan|1176,1313974
130_bNAb_Combinations|1313974|vc|7|2|nan|1176,1,0.00378608,1.2406,0.125276,73.4224,0.23632,0.150763,1,0.00378608,1.2406,0.125273,73.4413,0.236251,0.151121,False,nan|1176,1313974
130_bNAb_Combinations|1313974|vc|8|2|nan|1176,1,0.00378608,1.2406,0.125276,73.4224,0.23632,0.150763,1,0.00378608,1.2406,0.125273,73.4413,0.236251,0.151121,False,nan|1176,1313974
130_bNAb_Combinations|1313992|cc|1|1|RHPA4259.7|5371,1,0.0164029,1.00153,0.125276,73.4225,0.23632,0.121115,1,0.0164029,1.00153,0.125273,73.4414,0.236251,0.121273,False,nan|RHPA4259.7,1313992
130_bNAb_Combinations|1313992|cc|2|1|RHPA4259.7|5371,1,0.0164029,1.00153,0.125276,73.4225,0.23632,0.121115,1,0.0164029,1.00153,0.125273,73.4414,0.236251,0.121273,False,nan|RHPA4259.7,1313992
130_bNAb_Combinations|1313992|cc|3|1|RHPA4259.7|5371,1,0.0164029,1.00153,0.125276,73.4225,0.23632,0.121115,1,0.0164029,1.00153,0.125273,73.4414,0.236251,0.121273,False,nan|RHPA4259.7,1313992
130_bNAb_Combinations|1313992|cc|4|1|RHPA4259.7|5371,1,0.0164029,1.00153,0.125276,73.4225,0.23632,0.121115,1,0.0164029,1.00153,0.125273,73.4414,0.236251,0.121273,False,nan|RHPA4259.7,1313992
130_bNAb_Combinations|1313992|cc|5|1|RHPA4259.7|5371,1,0.0164029,1.00153,0.125276,73.4225,0.23632,0.121115,1,0.0164029,1.00153,0.125273,73.4414,0.236251,0.121273,False,nan|RHPA4259.7,1313992
130_bNAb_Combinations|1313992|cc|6|1|RHPA4259.7|5371,1,0.0164029,1.00153,0.125276,73.4225,0.23632,0.121115,1,0.0164029,1.00153,0.125273,73.4414,0.236251,0.121273,False,nan|RHPA4259.7,1313992
130_bNAb_Combinations|1313992|cc|7|1|RHPA4259.7|5371,1,0.0164029,1.00153,0.125276,73.4225,0.23632,0.121115,1,0.0164029,1.00153,0.125273,73.4414,0.236251,0.121273,False,nan|RHPA4259.7,1313992
130_bNAb_Combinations|1313992|cc|8|1|RHPA4259.7|5371,1,0.0164029,1.00153,0.125276,73.4225,0.23632,0.121115,1,0.0164029,1.00153,0.125273,73.4414,0.236251,0.121273,False,nan|RHPA4259.7,1313992
130_bNAb_Combinations|1313992|sample|10|RHPA4259.7|5371,1,0.000507584,0.781241,0.125276,73.4229,0.23632,0.121115,1,0.000507584,0.781241,0.125273,73.4418,0.236251,0.121273,True,PGT121|RHPA4259.7,1313992
130_bNAb_Combinations|1313992|sample|11|RHPA4259.7|5371,1,0.0122403,0.786814,0.125276,73.423,0.23632,0.121115,1,0.0122403,0.786814,0.125273,73.4419,0.236251,0.121273,True,VRC07-523LS|RHPA4259.7,1313992
130_bNAb_Combinations|1313992|sample|12|RHPA4259.7|5371,1,0.0122403,0.786814,0.125276,73.423,0.23632,0.121115,1,0.0122403,0.786814,0.125273,73.4419,0.236251,0.121273,True,VRC07-523LS|RHPA4259.7,1313992
130_bNAb_Combinations|1313992|sample|3|RHPA4259.7|5371,1,0.0276522,1.86395,0.125276,73.4229,0.23632,0.121115,1,0.0276522,1.86395,0.125273,73.4418,0.236251,0.121273,True,PGDM1400|RHPA4259.7,1313992
130_bNAb_Combinations|1313992|sample|4|RHPA4259.7|5371,1,0.0276522,1.86395,0.125276,73.4229,0.23632,0.121115,1,0.0276522,1.86395,0.125273,73.4418,0.236251,0.121273,True,PGDM1400|RHPA4259.7,1313992
130_bNAb_Combinations|1313992|sample|5|RHPA4259.7|5371,1,0.0276522,1.86395,0.125276,73.4229,0.23632,0.121115,1,0.0276522,1.86395,0.125273,73.4418,0.236251,0.121273,True,PGDM1400|RHPA4259.7,1313992
130_bNAb_Combinations|1313992|sample|6|RHPA4259.7|5371,1,0.0276522,1.86395,0.125276,73.4229,0.23632,0.121115,1,0.0276522,1.86395,0.125273,73.4418,0.236251,0.121273,True,PGDM1400|RHPA4259.7,1313992
130_bNAb_Combinations|1313992|sample|7|RHPA4259.7|5371,1,0.000507584,0.781241,0.125276,73.4229,0.23632,0.121115,1,0.000507584,0.781241,0.125273,73.4418,0.236251,0.121273,True,PGT121|RHPA4259.7,1313992
130_bNAb_Combinations|1313992|sample|8|RHPA4259.7|5371,1,0.000507584,0.781241,0.125276,73.4229,0.23632,0.121115,1,0.000507584,0.781241,0.125273,73.4418,0.236251,0.121273,True,PGT121|RHPA4259.7,1313992
130_bNAb_Combinations|1313992|sample|9|RHPA4259.7|5371,1,0.000507584,0.781241,0.125276,73.4229,0.23632,0.121115,1,0.000507584,0.781241,0.125273,73.4418,0.236251,0.121273,True,PGT121|RHPA4259.7,1313992
130_bNAb_Combinations|1313992|vc|1|2|RHPA4259.7|5371,1,0.0164029,1.00153,0.125276,73.4225,0.23632,0.121115,1,0.0164029,1.00153,0.125273,73.4414,0.236251,0.121273,False,nan|RHPA4259.7,1313992
130_bNAb_Combinations|1313992|vc|2|2|RHPA4259.7|5371,1,0.0164029,1.00153,0.125276,73.4225,0.23632,0.121115,1,0.0164029,1.00153,0.125273,73.4414,0.236251,0.121273,False,nan|RHPA4259.7,1313992
130_bNAb_Combinations|1313992|vc|3|2|RHPA4259.7|5371,1,0.0164029,1.00153,0.125276,73.4225,0.23632,0.121115,1,0.0164029,1.00153,0.125273,73.4414,0.236251,0.121273,False,nan|RHPA4259.7,1313992
130_bNAb_Combinations|1313992|vc|4|2|RHPA4259.7|5371,1,0.0164029,1.00153,0.125276,73.4225,0.23632,0.121115,1,0.0164029,1.00153,0.125273,73.4414,0.236251,0.121273,False,nan|RHPA4259.7,1313992
130_bNAb_Combinations|1313992|vc|5|2|RHPA4259.7|5371,1,0.0164029,1.00153,0.125276,73.4225,0.23632,0.121115,1,0.0164029,1.00153,0.125273,73.4414,0.236251,0.121273,False,nan|RHPA4259.7,1313992
130_bNAb_Combinations|1313992|vc|6|2|RHPA4259.7|5371,1,0.0164029,1.00153,0.125276,73.4225,0.23632,0.121115,1,0.0164029,1.00153,0.125273,73.4414,0.236251,0.121273,False,nan|RHPA4259.7,1313992
130_bNAb_Combinations|1313992|vc|7|2|RHPA4259.7|5371,1,0.0164029,1.00153,0.125276,73.4225,0.23632,0.121115,1,0.0164029,1.00153,0.125273,73.4414,0.236251,0.121273,False,nan|RHPA4259.7,1313992
130_bNAb_Combinations|1313992|vc|8|2|RHPA4259.7|5371,1,0.0164029,1.00153,0.125276,73.4225,0.23632,0.121115,1,0.0164029,1.00153,0.125273,73.4414,0.236251,0.121273,False,nan|RHPA4259.7,1313992
130_bNAb_Combinations|1314016|cc|1|1|nan|3430,1,0.0231004,1.05782,0.125276,73.4225,0.23632,0.224141,1,0.0231004,1.05782,0.125273,73.4414,0.236252,0.223829,False,nan|3430,1314016
130_bNAb_Combinations|1314016|cc|2|1|nan|3430,1,0.0231004,1.05782,0.125276,73.4225,0.23632,0.224141,1,0.0231004,1.05782,0.125273,73.4414,0.236252,0.223829,False,nan|3430,1314016
130_bNAb_Combinations|1314016|cc|3|1|nan|3430,1,0.0231004,1.05782,0.125276,73.4225,0.23632,0.224141,1,0.0231004,1.05782,0.125273,73.4414,0.236252,0.223829,False,nan|3430,1314016
130_bNAb_Combinations|1314016|cc|4|1|nan|3430,1,0.0231004,1.05782,0.125276,73.4225,0.23632,0.224141,1,0.0231004,1.05782,0.125273,73.4414,0.236252,0.223829,False,nan|3430,1314016
130_bNAb_Combinations|1314016|cc|5|1|nan|3430,1,0.0231004,1.05782,0.125276,73.4225,0.23632,0.224141,1,0.0231004,1.05782,0.125273,73.4414,0.236252,0.223829,False,nan|3430,1314016
130_bNAb_Combinations|1314016|cc|6|1|nan|3430,1,0.0231004,1.05782,0.125276,73.4225,0.23632,0.224141,1,0.0231004,1.05782,0.125273,73.4414,0.236252,0.223829,False,nan|3430,1314016
130_bNAb_Combinations|1314016|cc|7|1|nan|3430,1,0.0231004,1.05782,0.125276,73.4225,0.23632,0.224141,1,0.0231004,1.05782,0.125273,73.4414,0.236252,0.223829,False,nan|3430,1314016
130_bNAb_Combinations|1314016|cc|8|1|nan|3430,1,0.0231004,1.05782,0.125276,73.4225,0.23632,0.224141,1,0.0231004,1.05782,0.125273,73.4414,0.236252,0.223829,False,nan|3430,1314016
130_bNAb_Combinations|1314016|sample|10|nan|3430,1,0.0283944,0.960662,0.125276,73.423,0.23632,0.224141,1,0.0283944,0.960662,0.125273,73.4419,0.236252,0.223829,True,PGT121|3430,1314016
130_bNAb_Combinations|1314016|sample|11|nan|3430,1,0.0073442,0.907666,0.125276,73.4229,0.23632,0.224141,1,0.0073442,0.907666,0.125273,73.4418,0.236252,0.223829,True,VRC07-523LS|3430,1314016
130_bNAb_Combinations|1314016|sample|12|nan|3430,1,0.0073442,0.907666,0.125276,73.4229,0.23632,0.224141,1,0.0073442,0.907666,0.125273,73.4418,0.236252,0.223829,True,VRC07-523LS|3430,1314016
130_bNAb_Combinations|1314016|sample|3|nan|3430,1,0.00429733,0.582416,0.125276,73.4229,0.23632,0.224141,1,0.00429733,0.582416,0.125273,73.4418,0.236252,0.223829,True,PGDM1400|3430,1314016
130_bNAb_Combinations|1314016|sample|4|nan|3430,1,0.00429733,0.582416,0.125276,73.4229,0.23632,0.224141,1,0.00429733,0.582416,0.125273,73.4418,0.236252,0.223829,True,PGDM1400|3430,1314016
130_bNAb_Combinations|1314016|sample|5|nan|3430,1,0.00429733,0.582416,0.125276,73.4229,0.23632,0.224141,1,0.00429733,0.582416,0.125273,73.4418,0.236252,0.223829,True,PGDM1400|3430,1314016
130_bNAb_Combinations|1314016|sample|6|nan|3430,1,0.00429733,0.582416,0.125276,73.4229,0.23632,0.224141,1,0.00429733,0.582416,0.125273,73.4418,0.236252,0.223829,True,PGDM1400|3430,1314016
130_bNAb_Combinations|1314016|sample|7|nan|3430,1,0.0283944,0.960662,0.125276,73.423,0.23632,0.224141,1,0.0283944,0.960662,0.125273,73.4419,0.236252,0.223829,True,PGT121|3430,1314016
130_bNAb_Combinations|1314016|sample|8|nan|3430,1,0.0283944,0.960662,0.125276,73.423,0.23632,0.224141,1,0.0283944,0.960662,0.125273,73.4419,0.236252,0.223829,True,PGT121|3430,1314016
130_bNAb_Combinations|1314016|sample|9|nan|3430,1,0.0283944,0.960662,0.125276,73.423,0.23632,0.224141,1,0.0283944,0.960662,0.125273,73.4419,0.236252,0.223829,True,PGT121|3430,1314016
130_bNAb_Combinations|1314016|vc|1|2|nan|3430,1,0.0231004,1.05782,0.125276,73.4225,0.23632,0.224141,1,0.0231004,1.05782,0.125273,73.4414,0.236252,0.223829,False,nan|3430,1314016
130_bNAb_Combinations|1314016|vc|2|2|nan|3430,1,0.0231004,1.05782,0.125276,73.4225,0.23632,0.224141,1,0.0231004,1.05782,0.125273,73.4414,0.236252,0.223829,False,nan|3430,1314016
130_bNAb_Combinations|1314016|vc|3|2|nan|3430,1,0.0231004,1.05782,0.125276,73.4225,0.23632,0.224141,1,0.0231004,1.05782,0.125273,73.4414,0.236252,0.223829,False,nan|3430,1314016
130_bNAb_Combinations|1314016|vc|4|2|nan|3430,1,0.0231004,1.05782,0.125276,73.4225,0.23632,0.224141,1,0.0231004,1.05782,0.125273,73.4414,0.236252,0.223829,False,nan|3430,1314016
130_bNAb_Combinations|1314016|vc|5|2|nan|3430,1,0.0231004,1.05782,0.125276,73.4225,0.23632,0.224141,1,0.0231004,1.05782,0.125273,73.4414,0.236252,0.223829,False,nan|3430,1314016
130_bNAb_Combinations|1314016|vc|6|2|nan|3430,1,0.0231004,1.05782,0.125276,73.4225,0.23632,0.224141,1,0.0231004,1.05782,0.125273,73.4414,0.236252,0.223829,False,nan|3430,1314016
130_bNAb_Combinations|1314016|vc|7|2|nan|3430,1,0.0231004,1.05782,0.125276,73.4225,0.23632,0.224141,1,0.0231004,1.05782,0.125273,73.4414,0.236252,0.223829,False,nan|3430,1314016
130_bNAb_Combinations|1314016|vc|8|2|nan|3430,1,0.0231004,1.05782,0.125276,73.4225,0.23632,0.224141,1,0.0231004,1.05782,0.125273,73.4414,0.236252,0.223829,False,nan|3430,1314016
130_bNAb_Combinations|1314040|cc|1|1|nan|4166,1,0.0497202,1.36027,0.125276,73.4225,0.363104,0.635251,1,0.0497202,1.36027,0.125273,73.4414,0.362687,0.63475,False,nan|4166,1314040
130_bNAb_Combinations|1314040|cc|2|1|nan|4166,1,0.0497202,1.36027,0.125276,73.4225,0.363104,0.635251,1,0.0497202,1.36027,0.125273,73.4414,0.362687,0.63475,False,nan|4166,1314040
130_bNAb_Combinations|1314040|cc|3|1|nan|4166,1,0.0497202,1.36027,0.125276,73.4225,0.363104,0.635251,1,0.0497202,1.36027,0.125273,73.4414,0.362687,0.63475,False,nan|4166,1314040
130_bNAb_Combinations|1314040|cc|4|1|nan|4166,1,0.0497202,1.36027,0.125276,73.4225,0.363104,0.635251,1,0.0497202,1.36027,0.125273,73.4414,0.362687,0.63475,False,nan|4166,1314040
130_bNAb_Combinations|1314040|cc|5|1|nan|4166,1,0.0497202,1.36027,0.125276,73.4225,0.363104,0.635251,1,0.0497202,1.36027,0.125273,73.4414,0.362687,0.63475,False,nan|4166,1314040
130_bNAb_Combinations|1314040|cc|6|1|nan|4166,1,0.0497202,1.36027,0.125276,73.4225,0.363104,0.635251,1,0.0497202,1.36027,0.125273,73.4414,0.362687,0.63475,False,nan|4166,1314040
130_bNAb_Combinations|1314040|cc|7|1|nan|4166,1,0.0497202,1.36027,0.125276,73.4225,0.363104,0.635251,1,0.0497202,1.36027,0.125273,73.4414,0.362687,0.63475,False,nan|4166,1314040
130_bNAb_Combinations|1314040|cc|8|1|nan|4166,1,0.0497202,1.36027,0.125276,73.4225,0.363104,0.635251,1,0.0497202,1.36027,0.125273,73.4414,0.362687,0.63475,False,nan|4166,1314040
130_bNAb_Combinations|1314040|sample|10|nan|4166,1,0.00539493,0.711707,0.125276,84.3731,0.363104,0.635251,1,0.00539493,0.711707,0.125273,84.3548,0.362687,0.63475,True,PGT121|4166,1314040
130_bNAb_Combinations|1314040|sample|11|nan|4166,1,0.00648142,0.767433,0.125276,73.423,0.363104,0.635251,1,0.00648142,0.767433,0.125273,73.4418,0.362687,0.63475,True,VRC07-523LS|4166,1314040
130_bNAb_Combinations|1314040|sample|12|nan|4166,1,0.00648142,0.767433,0.125276,73.423,0.363104,0.635251,1,0.00648142,0.767433,0.125273,73.4418,0.362687,0.63475,True,VRC07-523LS|4166,1314040
130_bNAb_Combinations|1314040|sample|3|nan|4166,1,0.0126102,0.649319,0.125276,73.4229,0.363104,0.635251,1,0.0126102,0.649319,0.125273,73.4418,0.362687,0.63475,True,PGDM1400|4166,1314040
130_bNAb_Combinations|1314040|sample|4|nan|4166,1,0.0126102,0.649319,0.125276,73.4229,0.363104,0.635251,1,0.0126102,0.649319,0.125273,73.4418,0.362687,0.63475,True,PGDM1400|4166,1314040
130_bNAb_Combinations|1314040|sample|5|nan|4166,1,0.0126102,0.649319,0.125276,73.4229,0.363104,0.635251,1,0.0126102,0.649319,0.125273,73.4418,0.362687,0.63475,True,PGDM1400|4166,1314040
130_bNAb_Combinations|1314040|sample|6|nan|4166,1,0.0126102,0.649319,0.125276,73.4229,0.363104,0.635251,1,0.0126102,0.649319,0.125273,73.4418,0.362687,0.63475,True,PGDM1400|4166,1314040
130_bNAb_Combinations|1314040|sample|7|nan|4166,1,0.00539493,0.711707,0.125276,84.3731,0.363104,0.635251,1,0.00539493,0.711707,0.125273,84.3548,0.362687,0.63475,True,PGT121|4166,1314040
130_bNAb_Combinations|1314040|sample|8|nan|4166,1,0.00539493,0.711707,0.125276,84.3731,0.363104,0.635251,1,0.00539493,0.711707,0.125273,84.3548,0.362687,0.63475,True,PGT121|4166,1314040
130_bNAb_Combinations|1314040|sample|9|nan|4166,1,0.00539493,0.711707,0.125276,84.3731,0.363104,0.635251,1,0.00539493,0.711707,0.125273,84.3548,0.362687,0.63475,True,PGT121|4166,1314040
130_bNAb_Combinations|1314040|vc|1|2|nan|4166,1,0.0497202,1.36027,0.125276,73.4225,0.363104,0.635251,1,0.0497202,1.36027,0.125273,73.4414,0.362687,0.63475,False,nan|4166,1314040
130_bNAb_Combinations|1314040|vc|2|2|nan|4166,1,0.0497202,1.36027,0.125276,73.4225,0.363104,0.635251,1,0.0497202,1.36027,0.125273,73.4414,0.362687,0.63475,False,nan|4166,1314040
130_bNAb_Combinations|1314040|vc|3|2|nan|4166,1,0.0497202,1.36027,0.125276,73.4225,0.363104,0.635251,1,0.0497202,1.36027,0.125273,73.4414,0.362687,0.63475,False,nan|4166,1314040
130_bNAb_Combinations|1314040|vc|4|2|nan|4166,1,0.0497202,1.36027,0.125276,73.4225,0.363104,0.635251,1,0.0497202,1.36027,0.125273,73.4414,0.362687,0.63475,False,nan|4166,1314040
130_bNAb_Combinations|1314040|vc|5|2|nan|4166,1,0.0497202,1.36027,0.125276,73.4225,0.363104,0.635251,1,0.0497202,1.36027,0.125273,73.4414,0.362687,0.63475,False,nan|4166,1314040
130_bNAb_Combinations|1314040|vc|6|2|nan|4166,1,0.0497202,1.36027,0.125276,73.4225,0.363104,0.635251,1,0.0497202,1.36027,0.125273,73.4414,0.362687,0.63475,False,nan|4166,1314040
130_bNAb_Combinations|1314040|vc|7|2|nan|4166,1,0.0497202,1.36027,0.125276,73.4225,0.363104,0.635251,1,0.0497202,1.36027,0.125273,73.4414,0.362687,0.63475,False,nan|4166,1314040
130_bNAb_Combinations|1314040|vc|8|2|nan|4166,1,0.0497202,1.36027,0.125276,73.4225,0.363104,0.635251,1,0.0497202,1.36027,0.125273,73.4414,0.362687,0.63475,False,nan|4166,1314040
130_bNAb_Combinations|1314058|cc|1|1|nan|2944,1,0.00686139,2.33612,0.125276,73.4225,0.23632,0.150762,1,0.00686139,2.33612,0.125273,73.4414,0.236252,0.15112,False,nan|2944,1314058
130_bNAb_Combinations|1314058|cc|2|1|nan|2944,1,0.00686139,2.33612,0.125276,73.4225,0.23632,0.150762,1,0.00686139,2.33612,0.125273,73.4414,0.236252,0.15112,False,nan|2944,1314058
130_bNAb_Combinations|1314058|cc|3|1|nan|2944,1,0.00686139,2.33612,0.125276,73.4225,0.23632,0.150762,1,0.00686139,2.33612,0.125273,73.4414,0.236252,0.15112,False,nan|2944,1314058
130_bNAb_Combinations|1314058|cc|4|1|nan|2944,1,0.00686139,2.33612,0.125276,73.4225,0.23632,0.150762,1,0.00686139,2.33612,0.125273,73.4414,0.236252,0.15112,False,nan|2944,1314058
130_bNAb_Combinations|1314058|cc|5|1|nan|2944,1,0.00686139,2.33612,0.125276,73.4225,0.23632,0.150762,1,0.00686139,2.33612,0.125273,73.4414,0.236252,0.15112,False,nan|2944,1314058
130_bNAb_Combinations|1314058|cc|6|1|nan|2944,1,0.00686139,2.33612,0.125276,73.4225,0.23632,0.150762,1,0.00686139,2.33612,0.125273,73.4414,0.236252,0.15112,False,nan|2944,1314058
130_bNAb_Combinations|1314058|cc|7|1|nan|2944,1,0.00686139,2.33612,0.125276,73.4225,0.23632,0.150762,1,0.00686139,2.33612,0.125273,73.4414,0.236252,0.15112,False,nan|2944,1314058
130_bNAb_Combinations|1314058|cc|8|1|nan|2944,1,0.00686139,2.33612,0.125276,73.4225,0.23632,0.150762,1,0.00686139,2.33612,0.125273,73.4414,0.236252,0.15112,False,nan|2944,1314058
130_bNAb_Combinations|1314058|sample|10|nan|2944,1,0.00190009,0.7083,0.125276,73.4228,0.23632,0.150762,1,0.00190009,0.7083,0.125273,73.4417,0.236252,0.15112,True,PGT121|2944,1314058
130_bNAb_Combinations|1314058|sample|11|nan|2944,1,0.000773253,1.02787,0.125276,73.4229,0.23632,0.150762,1,0.000773253,1.02787,0.125273,73.4418,0.236252,0.15112,True,VRC07-523LS|2944,1314058
130_bNAb_Combinations|1314058|sample|12|nan|2944,1,0.000773253,1.02787,0.125276,73.4229,0.23632,0.150762,1,0.000773253,1.02787,0.125273,73.4418,0.236252,0.15112,True,VRC07-523LS|2944,1314058
130_bNAb_Combinations|1314058|sample|3|nan|2944,1,0.00448803,0.528019,0.125276,73.4228,0.23632,0.150762,1,0.00448803,0.528019,0.125273,73.4417,0.236252,0.15112,True,PGDM1400|2944,1314058
130_bNAb_Combinations|1314058|sample|4|nan|2944,1,0.00448803,0.528019,0.125276,73.4228,0.23632,0.150762,1,0.00448803,0.528019,0.125273,73.4417,0.236252,0.15112,True,PGDM1400|2944,1314058
130_bNAb_Combinations|1314058|sample|5|nan|2944,1,0.00448803,0.528019,0.125276,73.4228,0.23632,0.150762,1,0.00448803,0.528019,0.125273,73.4417,0.236252,0.15112,True,PGDM1400|2944,1314058
130_bNAb_Combinations|1314058|sample|6|nan|2944,1,0.00448803,0.528019,0.125276,73.4228,0.23632,0.150762,1,0.00448803,0.528019,0.125273,73.4417,0.236252,0.15112,True,PGDM1400|2944,1314058
130_bNAb_Combinations|1314058|sample|7|nan|2944,1,0.00190009,0.7083,0.125276,73.4228,0.23632,0.150762,1,0.00190009,0.7083,0.125273,73.4417,0.236252,0.15112,True,PGT121|2944,1314058
130_bNAb_Combinations|1314058|sample|8|nan|2944,1,0.00190009,0.7083,0.125276,73.4228,0.23632,0.150762,1,0.00190009,0.7083,0.125273,73.4417,0.236252,0.15112,True,PGT121|2944,1314058
130_bNAb_Combinations|1314058|sample|9|nan|2944,1,0.00190009,0.7083,0.125276,73.4228,0.23632,0.150762,1,0.00190009,0.7083,0.125273,73.4417,0.236252,0.15112,True,PGT121|2944,1314058
130_bNAb_Combinations|1314058|vc|1|2|nan|2944,1,0.00686139,2.33612,0.125276,73.4225,0.23632,0.150762,1,0.00686139,2.33612,0.125273,73.4414,0.236252,0.15112,False,nan|2944,1314058
130_bNAb_Combinations|1314058|vc|2|2|nan|2944,1,0.00686139,2.33612,0.125276,73.4225,0.23632,0.150762,1,0.00686139,2.33612,0.125273,73.4414,0.236252,0.15112,False,nan|2944,1314058
130_bNAb_Combinations|1314058|vc|3|2|nan|2944,1,0.00686139,2.33612,0.125276,73.4225,0.23632,0.150762,1,0.00686139,2.33612,0.125273,73.4414,0.236252,0.15112,False,nan|2944,1314058
130_bNAb_Combinations|1314058|vc|4|2|nan|2944,1,0.00686139,2.33612,0.125276,73.4225,0.23632,0.150762,1,0.00686139,2.33612,0.125273,73.4414,0.236252,0.15112,False,nan|2944,1314058
130_bNAb_Combinations|1314058|vc|5|2|nan|2944,1,0.00686139,2.33612,0.125276,73.4225,0.23632,0.150762,1,0.00686139,2.33612,0.125273,73.4414,0.236252,0.15112,False,nan|2944,1314058
130_bNAb_Combinations|1314058|vc|6|2|nan|2944,1,0.00686139,2.33612,0.125276,73.4225,0.23632,0.150762,1,0.00686139,2.33612,0.125273,73.4414,0.236252,0.15112,False,nan|2944,1314058
130_bNAb_Combinations|1314058|vc|7|2|nan|2944,1,0.00686139,2.33612,0.125276,73.4225,0.23632,0.150762,1,0.00686139,2.33612,0.125273,73.4414,0.236252,0.15112,False,nan|2944,1314058
130_bNAb_Combinations|1314058|vc|8|2|nan|2944,1,0.00686139,2.33612,0.125276,73.4225,0.23632,0.150762,1,0.00686139,2.33612,0.125273,73.4414,0.236252,0.15112,False,nan|2944,1314058
130_bNAb_Combinations|1342240|cc|1|1|nan|1798,1,0.0113029,1.10791,0.125276,73.4225,0.23632,0.150763,1,0.0113029,1.10791,0.125273,73.4414,0.236251,0.15112,False,nan|1798,1342240
130_bNAb_Combinations|1342240|cc|2|1|nan|1798,1,0.0113029,1.10791,0.125276,73.4225,0.23632,0.150763,1,0.0113029,1.10791,0.125273,73.4414,0.236251,0.15112,False,nan|1798,1342240
130_bNAb_Combinations|1342240|cc|3|1|nan|1798,1,0.0113029,1.10791,0.125276,73.4225,0.23632,0.150763,1,0.0113029,1.10791,0.125273,73.4414,0.236251,0.15112,False,nan|1798,1342240
130_bNAb_Combinations|1342240|cc|4|1|nan|1798,1,0.0113029,1.10791,0.125276,73.4225,0.23632,0.150763,1,0.0113029,1.10791,0.125273,73.4414,0.236251,0.15112,False,nan|1798,1342240
130_bNAb_Combinations|1342240|cc|5|1|nan|1798,1,0.0113029,1.10791,0.125276,73.4225,0.23632,0.150763,1,0.0113029,1.10791,0.125273,73.4414,0.236251,0.15112,False,nan|1798,1342240
130_bNAb_Combinations|1342240|cc|6|1|nan|1798,1,0.0113029,1.10791,0.125276,73.4225,0.23632,0.150763,1,0.0113029,1.10791,0.125273,73.4414,0.236251,0.15112,False,nan|1798,1342240
130_bNAb_Combinations|1342240|cc|7|1|nan|1798,1,0.0113029,1.10791,0.125276,73.4225,0.23632,0.150763,1,0.0113029,1.10791,0.125273,73.4414,0.236251,0.15112,False,nan|1798,1342240
130_bNAb_Combinations|1342240|cc|8|1|nan|1798,1,0.0113029,1.10791,0.125276,73.4225,0.23632,0.150763,1,0.0113029,1.10791,0.125273,73.4414,0.236251,0.15112,False,nan|1798,1342240
130_bNAb_Combinations|1342240|sample|3|nan|1798,1,0.00355854,1.82253,0.125276,73.4229,0.23632,0.150763,1,0.00355854,1.82253,0.125273,73.4418,0.236251,0.15112,True,VRC07-523LS|1798,1342240
130_bNAb_Combinations|1342240|sample|4|nan|1798,1,0.00355854,1.82253,0.125276,73.4229,0.23632,0.150763,1,0.00355854,1.82253,0.125273,73.4418,0.236251,0.15112,True,VRC07-523LS|1798,1342240
130_bNAb_Combinations|1342240|sample|8|nan|1798,1,0.00355854,1.82253,0.125276,73.4229,0.23632,0.150763,1,0.00355854,1.82253,0.125273,73.4418,0.236251,0.15112,True,VRC07-523LS|1798,1342240
130_bNAb_Combinations|1342240|vc|1|2|nan|1798,1,0.0113029,1.10791,0.125276,73.4225,0.23632,0.150763,1,0.0113029,1.10791,0.125273,73.4414,0.236251,0.15112,False,nan|1798,1342240
130_bNAb_Combinations|1342240|vc|2|2|nan|1798,1,0.0113029,1.10791,0.125276,73.4225,0.23632,0.150763,1,0.0113029,1.10791,0.125273,73.4414,0.236251,0.15112,False,nan|1798,1342240
130_bNAb_Combinations|1342240|vc|3|2|nan|1798,1,0.0113029,1.10791,0.125276,73.4225,0.23632,0.150763,1,0.0113029,1.10791,0.125273,73.4414,0.236251,0.15112,False,nan|1798,1342240
130_bNAb_Combinations|1342240|vc|4|2|nan|1798,1,0.0113029,1.10791,0.125276,73.4225,0.23632,0.150763,1,0.0113029,1.10791,0.125273,73.4414,0.236251,0.15112,False,nan|1798,1342240
130_bNAb_Combinations|1342240|vc|5|2|nan|1798,1,0.0113029,1.10791,0.125276,73.4225,0.23632,0.150763,1,0.0113029,1.10791,0.125273,73.4414,0.236251,0.15112,False,nan|1798,1342240
130_bNAb_Combinations|1342240|vc|6|2|nan|1798,1,0.0113029,1.10791,0.125276,73.4225,0.23632,0.150763,1,0.0113029,1.10791,0.125273,73.4414,0.236251,0.15112,False,nan|1798,1342240
130_bNAb_Combinations|1342240|vc|7|2|nan|1798,1,0.0113029,1.10791,0.125276,73.4225,0.23632,0.150763,1,0.0113029,1.10791,0.125273,73.4414,0.236251,0.15112,False,nan|1798,1342240
130_bNAb_Combinations|1342240|vc|8|2|nan|1798,1,0.0113029,1.10791,0.125276,73.4225,0.23632,0.150763,1,0.0113029,1.10791,0.125273,73.4414,0.236251,0.15112,False,nan|1798,1342240
130_bNAb_Combinations|1342258|cc|1|1|TRO.11|8301,1,0.0360568,1.26869,0.125276,73.4225,0.0803973,0.150763,1,0.0360568,1.26869,0.125273,73.4414,0.0805698,0.15112,False,nan|TRO.11,1342258
130_bNAb_Combinations|1342258|cc|2|1|TRO.11|8301,1,0.0360568,1.26869,0.125276,73.4225,0.0803973,0.150763,1,0.0360568,1.26869,0.125273,73.4414,0.0805698,0.15112,False,nan|TRO.11,1342258
130_bNAb_Combinations|1342258|cc|3|1|TRO.11|8301,1,0.0360568,1.26869,0.125276,73.4225,0.0803973,0.150763,1,0.0360568,1.26869,0.125273,73.4414,0.0805698,0.15112,False,nan|TRO.11,1342258
130_bNAb_Combinations|1342258|cc|4|1|TRO.11|8301,1,0.0360568,1.26869,0.125276,73.4225,0.0803973,0.150763,1,0.0360568,1.26869,0.125273,73.4414,0.0805698,0.15112,False,nan|TRO.11,1342258
130_bNAb_Combinations|1342258|cc|5|1|TRO.11|8301,1,0.0360568,1.26869,0.125276,73.4225,0.0803973,0.150763,1,0.0360568,1.26869,0.125273,73.4414,0.0805698,0.15112,False,nan|TRO.11,1342258
130_bNAb_Combinations|1342258|cc|6|1|TRO.11|8301,1,0.0360568,1.26869,0.125276,73.4225,0.0803973,0.150763,1,0.0360568,1.26869,0.125273,73.4414,0.0805698,0.15112,False,nan|TRO.11,1342258
130_bNAb_Combinations|1342258|cc|7|1|TRO.11|8301,1,0.0360568,1.26869,0.125276,73.4225,0.0803973,0.150763,1,0.0360568,1.26869,0.125273,73.4414,0.0805698,0.15112,False,nan|TRO.11,1342258
130_bNAb_Combinations|1342258|cc|8|1|TRO.11|8301,1,0.0360568,1.26869,0.125276,73.4225,0.0803973,0.150763,1,0.0360568,1.26869,0.125273,73.4414,0.0805698,0.15112,False,nan|TRO.11,1342258
130_bNAb_Combinations|1342258|sample|3|TRO.11|8301,1,0.00347669,1.09929,0.125276,73.423,0.0803973,0.150763,1,0.00347669,1.09929,0.125273,73.4418,0.0805698,0.15112,True,VRC07-523LS|TRO.11,1342258
130_bNAb_Combinations|1342258|sample|4|TRO.11|8301,1,0.00347669,1.09929,0.125276,73.423,0.0803973,0.150763,1,0.00347669,1.09929,0.125273,73.4418,0.0805698,0.15112,True,VRC07-523LS|TRO.11,1342258
130_bNAb_Combinations|1342258|vc|1|2|TRO.11|8301,1,0.0360568,1.26869,0.125276,73.4225,0.0803973,0.150763,1,0.0360568,1.26869,0.125273,73.4414,0.0805698,0.15112,False,nan|TRO.11,1342258
130_bNAb_Combinations|1342258|vc|2|2|TRO.11|8301,1,0.0360568,1.26869,0.125276,73.4225,0.0803973,0.150763,1,0.0360568,1.26869,0.125273,73.4414,0.0805698,0.15112,False,nan|TRO.11,1342258
130_bNAb_Combinations|1342258|vc|3|2|TRO.11|8301,1,0.0360568,1.26869,0.125276,73.4225,0.0803973,0.150763,1,0.0360568,1.26869,0.125273,73.4414,0.0805698,0.15112,False,nan|TRO.11,1342258
130_bNAb_Combinations|1342258|vc|4|2|TRO.11|8301,1,0.0360568,1.26869,0.125276,73.4225,0.0803973,0.150763,1,0.0360568,1.26869,0.125273,73.4414,0.0805698,0.15112,False,nan|TRO.11,1342258
130_bNAb_Combinations|1342258|vc|5|2|TRO.11|8301,1,0.0360568,1.26869,0.125276,73.4225,0.0803973,0.150763,1,0.0360568,1.26869,0.125273,73.4414,0.0805698,0.15112,False,nan|TRO.11,1342258
130_bNAb_Combinations|1342258|vc|6|2|TRO.11|8301,1,0.0360568,1.26869,0.125276,73.4225,0.0803973,0.150763,1,0.0360568,1.26869,0.125273,73.4414,0.0805698,0.15112,False,nan|TRO.11,1342258
130_bNAb_Combinations|1342258|vc|7|2|TRO.11|8301,1,0.0360568,1.26869,0.125276,73.4225,0.0803973,0.150763,1,0.0360568,1.26869,0.125273,73.4414,0.0805698,0.15112,False,nan|TRO.11,1342258
130_bNAb_Combinations|1342258|vc|8|2|TRO.11|8301,1,0.0360568,1.26869,0.125276,73.4225,0.0803973,0.150763,1,0.0360568,1.26869,0.125273,73.4414,0.0805698,0.15112,False,nan|TRO.11,1342258
130_bNAb_Combinations|1342276|cc|1|1|Ce1176_A3|7023,1,0.0193809,1.73615,0.125276,73.4225,0.219984,0.150759,1,0.0193809,1.73615,0.125273,73.4414,0.220166,0.151116,False,nan|Ce1176_A3,1342276
130_bNAb_Combinations|1342276|cc|2|1|Ce1176_A3|7023,1,0.0193809,1.73615,0.125276,73.4225,0.219984,0.150759,1,0.0193809,1.73615,0.125273,73.4414,0.220166,0.151116,False,nan|Ce1176_A3,1342276
130_bNAb_Combinations|1342276|cc|3|1|Ce1176_A3|7023,1,0.0193809,1.73615,0.125276,73.4225,0.219984,0.150759,1,0.0193809,1.73615,0.125273,73.4414,0.220166,0.151116,False,nan|Ce1176_A3,1342276
130_bNAb_Combinations|1342276|cc|4|1|Ce1176_A3|7023,1,0.0193809,1.73615,0.125276,73.4225,0.219984,0.150759,1,0.0193809,1.73615,0.125273,73.4414,0.220166,0.151116,False,nan|Ce1176_A3,1342276
130_bNAb_Combinations|1342276|cc|5|1|Ce1176_A3|7023,1,0.0193809,1.73615,0.125276,73.4225,0.219984,0.150759,1,0.0193809,1.73615,0.125273,73.4414,0.220166,0.151116,False,nan|Ce1176_A3,1342276
130_bNAb_Combinations|1342276|cc|6|1|Ce1176_A3|7023,1,0.0193809,1.73615,0.125276,73.4225,0.219984,0.150759,1,0.0193809,1.73615,0.125273,73.4414,0.220166,0.151116,False,nan|Ce1176_A3,1342276
130_bNAb_Combinations|1342276|cc|7|1|Ce1176_A3|7023,1,0.0193809,1.73615,0.125276,73.4225,0.219984,0.150759,1,0.0193809,1.73615,0.125273,73.4414,0.220166,0.151116,False,nan|Ce1176_A3,1342276
130_bNAb_Combinations|1342276|cc|8|1|Ce1176_A3|7023,1,0.0193809,1.73615,0.125276,73.4225,0.219984,0.150759,1,0.0193809,1.73615,0.125273,73.4414,0.220166,0.151116,False,nan|Ce1176_A3,1342276
130_bNAb_Combinations|1342276|sample|3|Ce1176_A3|7023,1,0.0107712,1.66997,0.125276,73.4229,0.219984,0.150759,1,0.0107712,1.66997,0.125273,73.4418,0.220166,0.151116,True,VRC07-523LS|Ce1176_A3,1342276
130_bNAb_Combinations|1342276|sample|4|Ce1176_A3|7023,1,0.0107712,1.66997,0.125276,73.4229,0.219984,0.150759,1,0.0107712,1.66997,0.125273,73.4418,0.220166,0.151116,True,VRC07-523LS|Ce1176_A3,1342276
130_bNAb_Combinations|1342276|vc|1|2|Ce1176_A3|7023,1,0.0193809,1.73615,0.125276,73.4225,0.219984,0.150759,1,0.0193809,1.73615,0.125273,73.4414,0.220166,0.151116,False,nan|Ce1176_A3,1342276
130_bNAb_Combinations|1342276|vc|2|2|Ce1176_A3|7023,1,0.0193809,1.73615,0.125276,73.4225,0.219984,0.150759,1,0.0193809,1.73615,0.125273,73.4414,0.220166,0.151116,False,nan|Ce1176_A3,1342276
130_bNAb_Combinations|1342276|vc|3|2|Ce1176_A3|7023,1,0.0193809,1.73615,0.125276,73.4225,0.219984,0.150759,1,0.0193809,1.73615,0.125273,73.4414,0.220166,0.151116,False,nan|Ce1176_A3,1342276
130_bNAb_Combinations|1342276|vc|4|2|Ce1176_A3|7023,1,0.0193809,1.73615,0.125276,73.4225,0.219984,0.150759,1,0.0193809,1.73615,0.125273,73.4414,0.220166,0.151116,False,nan|Ce1176_A3,1342276
130_bNAb_Combinations|1342276|vc|5|2|Ce1176_A3|7023,1,0.0193809,1.73615,0.125276,73.4225,0.219984,0.150759,1,0.0193809,1.73615,0.125273,73.4414,0.220166,0.151116,False,nan|Ce1176_A3,1342276
130_bNAb_Combinations|1342276|vc|6|2|Ce1176_A3|7023,1,0.0193809,1.73615,0.125276,73.4225,0.219984,0.150759,1,0.0193809,1.73615,0.125273,73.4414,0.220166,0.151116,False,nan|Ce1176_A3,1342276
130_bNAb_Combinations|1342276|vc|7|2|Ce1176_A3|7023,1,0.0193809,1.73615,0.125276,73.4225,0.219984,0.150759,1,0.0193809,1.73615,0.125273,73.4414,0.220166,0.151116,False,nan|Ce1176_A3,1342276
130_bNAb_Combinations|1342276|vc|8|2|Ce1176_A3|7023,1,0.0193809,1.73615,0.125276,73.4225,0.219984,0.150759,1,0.0193809,1.73615,0.125273,73.4414,0.220166,0.151116,False,nan|Ce1176_A3,1342276
130_bNAb_Combinations|1342294|cc|1|1|nan|1176,1,0.00378608,1.2406,0.125276,73.4224,0.211376,0.150763,1,0.00378608,1.2406,0.125273,73.4413,0.211599,0.15112,False,nan|1176,1342294
130_bNAb_Combinations|1342294|cc|2|1|nan|1176,1,0.00378608,1.2406,0.125276,73.4224,0.211376,0.150763,1,0.00378608,1.2406,0.125273,73.4413,0.211599,0.15112,False,nan|1176,1342294
130_bNAb_Combinations|1342294|cc|3|1|nan|1176,1,0.00378608,1.2406,0.125276,73.4224,0.211376,0.150763,1,0.00378608,1.2406,0.125273,73.4413,0.211599,0.15112,False,nan|1176,1342294
130_bNAb_Combinations|1342294|cc|4|1|nan|1176,1,0.00378608,1.2406,0.125276,73.4224,0.211376,0.150763,1,0.00378608,1.2406,0.125273,73.4413,0.211599,0.15112,False,nan|1176,1342294
130_bNAb_Combinations|1342294|cc|5|1|nan|1176,1,0.00378608,1.2406,0.125276,73.4224,0.211376,0.150763,1,0.00378608,1.2406,0.125273,73.4413,0.211599,0.15112,False,nan|1176,1342294
130_bNAb_Combinations|1342294|cc|6|1|nan|1176,1,0.00378608,1.2406,0.125276,73.4224,0.211376,0.150763,1,0.00378608,1.2406,0.125273,73.4413,0.211599,0.15112,False,nan|1176,1342294
130_bNAb_Combinations|1342294|cc|7|1|nan|1176,1,0.00378608,1.2406,0.125276,73.4224,0.211376,0.150763,1,0.00378608,1.2406,0.125273,73.4413,0.211599,0.15112,False,nan|1176,1342294
130_bNAb_Combinations|1342294|cc|8|1|nan|1176,1,0.00378608,1.2406,0.125276,73.4224,0.211376,0.150763,1,0.00378608,1.2406,0.125273,73.4413,0.211599,0.15112,False,nan|1176,1342294
130_bNAb_Combinations|1342294|sample|3|nan|1176,1,0.0010501,0.927095,0.125276,73.4229,0.211376,0.150763,1,0.0010501,0.927095,0.125273,73.4418,0.211599,0.15112,True,VRC07-523LS|1176,1342294
130_bNAb_Combinations|1342294|sample|4|nan|1176,1,0.0010501,0.927095,0.125276,73.4229,0.211376,0.150763,1,0.0010501,0.927095,0.125273,73.4418,0.211599,0.15112,True,VRC07-523LS|1176,1342294
130_bNAb_Combinations|1342294|sample|8|nan|1176,1,0.0010501,0.927095,0.125276,73.4229,0.211376,0.150763,1,0.0010501,0.927095,0.125273,73.4418,0.211599,0.15112,True,VRC07-523LS|1176,1342294
130_bNAb_Combinations|1342294|vc|1|2|nan|1176,1,0.00378608,1.2406,0.125276,73.4224,0.211376,0.150763,1,0.00378608,1.2406,0.125273,73.4413,0.211599,0.15112,False,nan|1176,1342294
130_bNAb_Combinations|1342294|vc|2|2|nan|1176,1,0.00378608,1.2406,0.125276,73.4224,0.211376,0.150763,1,0.00378608,1.2406,0.125273,73.4413,0.211599,0.15112,False,nan|1176,1342294
130_bNAb_Combinations|1342294|vc|3|2|nan|1176,1,0.00378608,1.2406,0.125276,73.4224,0.211376,0.150763,1,0.00378608,1.2406,0.125273,73.4413,0.211599,0.15112,False,nan|1176,1342294
130_bNAb_Combinations|1342294|vc|4|2|nan|1176,1,0.00378608,1.2406,0.125276,73.4224,0.211376,0.150763,1,0.00378608,1.2406,0.125273,73.4413,0.211599,0.15112,False,nan|1176,1342294
130_bNAb_Combinations|1342294|vc|5|2|nan|1176,1,0.00378608,1.2406,0.125276,73.4224,0.211376,0.150763,1,0.00378608,1.2406,0.125273,73.4413,0.211599,0.15112,False,nan|1176,1342294
130_bNAb_Combinations|1342294|vc|6|2|nan|1176,1,0.00378608,1.2406,0.125276,73.4224,0.211376,0.150763,1,0.00378608,1.2406,0.125273,73.4413,0.211599,0.15112,False,nan|1176,1342294
130_bNAb_Combinations|1342294|vc|7|2|nan|1176,1,0.00378608,1.2406,0.125276,73.4224,0.211376,0.150763,1,0.00378608,1.2406,0.125273,73.4413,0.211599,0.15112,False,nan|1176,1342294
130_bNAb_Combinations|1342294|vc|8|2|nan|1176,1,0.00378608,1.2406,0.125276,73.4224,0.211376,0.150763,1,0.00378608,1.2406,0.125273,73.4413,0.211599,0.15112,False,nan|1176,1342294
130_bNAb_Combinations|1342312|cc|1|1|RHPA4259.7|5371,1,0.0164029,1.00153,0.125276,73.4225,0.442016,0.952007,1,0.0164029,1.00153,0.125273,73.4414,0.656968,1.19612,False,nan|RHPA4259.7,1342312
130_bNAb_Combinations|1342312|cc|2|1|RHPA4259.7|5371,1,0.0164029,1.00153,0.125276,73.4225,0.442016,0.952007,1,0.0164029,1.00153,0.125273,73.4414,0.656968,1.19612,False,nan|RHPA4259.7,1342312
130_bNAb_Combinations|1342312|cc|3|1|RHPA4259.7|5371,1,0.0164029,1.00153,0.125276,73.4225,0.442016,0.952007,1,0.0164029,1.00153,0.125273,73.4414,0.656968,1.19612,False,nan|RHPA4259.7,1342312
130_bNAb_Combinations|1342312|cc|4|1|RHPA4259.7|5371,1,0.0164029,1.00153,0.125276,73.4225,0.442016,0.952007,1,0.0164029,1.00153,0.125273,73.4414,0.656968,1.19612,False,nan|RHPA4259.7,1342312
130_bNAb_Combinations|1342312|cc|5|1|RHPA4259.7|5371,1,0.0164029,1.00153,0.125276,73.4225,0.442016,0.952007,1,0.0164029,1.00153,0.125273,73.4414,0.656968,1.19612,False,nan|RHPA4259.7,1342312
130_bNAb_Combinations|1342312|cc|6|1|RHPA4259.7|5371,1,0.0164029,1.00153,0.125276,73.4225,0.442016,0.952007,1,0.0164029,1.00153,0.125273,73.4414,0.656968,1.19612,False,nan|RHPA4259.7,1342312
130_bNAb_Combinations|1342312|cc|7|1|RHPA4259.7|5371,1,0.0164029,1.00153,0.125276,73.4225,0.442016,0.952007,1,0.0164029,1.00153,0.125273,73.4414,0.656968,1.19612,False,nan|RHPA4259.7,1342312
130_bNAb_Combinations|1342312|cc|8|1|RHPA4259.7|5371,1,0.0164029,1.00153,0.125276,73.4225,0.442016,0.952007,1,0.0164029,1.00153,0.125273,73.4414,0.656968,1.19612,False,nan|RHPA4259.7,1342312
130_bNAb_Combinations|1342312|sample|3|RHPA4259.7|5371,1,0.0122403,0.786814,0.125276,73.423,0.442016,0.952007,1,0.0122403,0.786814,0.125273,73.4419,0.656968,1.19612,True,VRC07-523LS|RHPA4259.7,1342312
130_bNAb_Combinations|1342312|sample|4|RHPA4259.7|5371,1,0.0122403,0.786814,0.125276,73.423,0.442016,0.952007,1,0.0122403,0.786814,0.125273,73.4419,0.656968,1.19612,True,VRC07-523LS|RHPA4259.7,1342312
130_bNAb_Combinations|1342312|vc|1|2|RHPA4259.7|5371,1,0.0164029,1.00153,0.125276,73.4225,0.442016,0.952007,1,0.0164029,1.00153,0.125273,73.4414,0.656968,1.19612,False,nan|RHPA4259.7,1342312
130_bNAb_Combinations|1342312|vc|2|2|RHPA4259.7|5371,1,0.0164029,1.00153,0.125276,73.4225,0.442016,0.952007,1,0.0164029,1.00153,0.125273,73.4414,0.656968,1.19612,False,nan|RHPA4259.7,1342312
130_bNAb_Combinations|1342312|vc|3|2|RHPA4259.7|5371,1,0.0164029,1.00153,0.125276,73.4225,0.442016,0.952007,1,0.0164029,1.00153,0.125273,73.4414,0.656968,1.19612,False,nan|RHPA4259.7,1342312
130_bNAb_Combinations|1342312|vc|4|2|RHPA4259.7|5371,1,0.0164029,1.00153,0.125276,73.4225,0.442016,0.952007,1,0.0164029,1.00153,0.125273,73.4414,0.656968,1.19612,False,nan|RHPA4259.7,1342312
130_bNAb_Combinations|1342312|vc|5|2|RHPA4259.7|5371,1,0.0164029,1.00153,0.125276,73.4225,0.442016,0.952007,1,0.0164029,1.00153,0.125273,73.4414,0.656968,1.19612,False,nan|RHPA4259.7,1342312
130_bNAb_Combinations|1342312|vc|6|2|RHPA4259.7|5371,1,0.0164029,1.00153,0.125276,73.4225,0.442016,0.952007,1,0.0164029,1.00153,0.125273,73.4414,0.656968,1.19612,False,nan|RHPA4259.7,1342312
130_bNAb_Combinations|1342312|vc|7|2|RHPA4259.7|5371,1,0.0164029,1.00153,0.125276,73.4225,0.442016,0.952007,1,0.0164029,1.00153,0.125273,73.4414,0.656968,1.19612,False,nan|RHPA4259.7,1342312
130_bNAb_Combinations|1342312|vc|8|2|RHPA4259.7|5371,1,0.0164029,1.00153,0.125276,73.4225,0.442016,0.952007,1,0.0164029,1.00153,0.125273,73.4414,0.656968,1.19612,False,nan|RHPA4259.7,1342312
130_bNAb_Combinations|1342336|cc|1|1|nan|3430,1,0.0231004,1.05782,0.125276,73.4225,0.124792,0.150763,1,0.0231004,1.05782,0.125273,73.4414,0.12495,0.15112,False,nan|3430,1342336
130_bNAb_Combinations|1342336|cc|2|1|nan|3430,1,0.0231004,1.05782,0.125276,73.4225,0.124792,0.150763,1,0.0231004,1.05782,0.125273,73.4414,0.12495,0.15112,False,nan|3430,1342336
130_bNAb_Combinations|1342336|cc|3|1|nan|3430,1,0.0231004,1.05782,0.125276,73.4225,0.124792,0.150763,1,0.0231004,1.05782,0.125273,73.4414,0.12495,0.15112,False,nan|3430,1342336
130_bNAb_Combinations|1342336|cc|4|1|nan|3430,1,0.0231004,1.05782,0.125276,73.4225,0.124792,0.150763,1,0.0231004,1.05782,0.125273,73.4414,0.12495,0.15112,False,nan|3430,1342336
130_bNAb_Combinations|1342336|cc|5|1|nan|3430,1,0.0231004,1.05782,0.125276,73.4225,0.124792,0.150763,1,0.0231004,1.05782,0.125273,73.4414,0.12495,0.15112,False,nan|3430,1342336
130_bNAb_Combinations|1342336|cc|6|1|nan|3430,1,0.0231004,1.05782,0.125276,73.4225,0.124792,0.150763,1,0.0231004,1.05782,0.125273,73.4414,0.12495,0.15112,False,nan|3430,1342336
130_bNAb_Combinations|1342336|cc|7|1|nan|3430,1,0.0231004,1.05782,0.125276,73.4225,0.124792,0.150763,1,0.0231004,1.05782,0.125273,73.4414,0.12495,0.15112,False,nan|3430,1342336
130_bNAb_Combinations|1342336|cc|8|1|nan|3430,1,0.0231004,1.05782,0.125276,73.4225,0.124792,0.150763,1,0.0231004,1.05782,0.125273,73.4414,0.12495,0.15112,False,nan|3430,1342336
130_bNAb_Combinations|1342336|sample|3|nan|3430,1,0.0073442,0.907666,0.125276,73.4229,0.124792,0.150763,1,0.0073442,0.907666,0.125273,73.4418,0.12495,0.15112,True,VRC07-523LS|3430,1342336
130_bNAb_Combinations|1342336|sample|4|nan|3430,1,0.0073442,0.907666,0.125276,73.4229,0.124792,0.150763,1,0.0073442,0.907666,0.125273,73.4418,0.12495,0.15112,True,VRC07-523LS|3430,1342336
130_bNAb_Combinations|1342336|sample|5|nan|3430,1,0.0073442,0.907666,0.125276,73.4229,0.124792,0.150763,1,0.0073442,0.907666,0.125273,73.4418,0.12495,0.15112,True,VRC07-523LS|3430,1342336
130_bNAb_Combinations|1342336|vc|1|2|nan|3430,1,0.0231004,1.05782,0.125276,73.4225,0.124792,0.150763,1,0.0231004,1.05782,0.125273,73.4414,0.12495,0.15112,False,nan|3430,1342336
130_bNAb_Combinations|1342336|vc|2|2|nan|3430,1,0.0231004,1.05782,0.125276,73.4225,0.124792,0.150763,1,0.0231004,1.05782,0.125273,73.4414,0.12495,0.15112,False,nan|3430,1342336
130_bNAb_Combinations|1342336|vc|3|2|nan|3430,1,0.0231004,1.05782,0.125276,73.4225,0.124792,0.150763,1,0.0231004,1.05782,0.125273,73.4414,0.12495,0.15112,False,nan|3430,1342336
130_bNAb_Combinations|1342336|vc|4|2|nan|3430,1,0.0231004,1.05782,0.125276,73.4225,0.124792,0.150763,1,0.0231004,1.05782,0.125273,73.4414,0.12495,0.15112,False,nan|3430,1342336
130_bNAb_Combinations|1342336|vc|5|2|nan|3430,1,0.0231004,1.05782,0.125276,73.4225,0.124792,0.150763,1,0.0231004,1.05782,0.125273,73.4414,0.12495,0.15112,False,nan|3430,1342336
130_bNAb_Combinations|1342336|vc|6|2|nan|3430,1,0.0231004,1.05782,0.125276,73.4225,0.124792,0.150763,1,0.0231004,1.05782,0.125273,73.4414,0.12495,0.15112,False,nan|3430,1342336
130_bNAb_Combinations|1342336|vc|7|2|nan|3430,1,0.0231004,1.05782,0.125276,73.4225,0.124792,0.150763,1,0.0231004,1.05782,0.125273,73.4414,0.12495,0.15112,False,nan|3430,1342336
130_bNAb_Combinations|1342336|vc|8|2|nan|3430,1,0.0231004,1.05782,0.125276,73.4225,0.124792,0.150763,1,0.0231004,1.05782,0.125273,73.4414,0.12495,0.15112,False,nan|3430,1342336
130_bNAb_Combinations|1342348|cc|1|1|nan|4166,1,0.0497202,1.36027,0.125276,73.4225,0.147358,0.150761,1,0.0497202,1.36027,0.125273,73.4414,0.147591,0.151119,False,nan|4166,1342348
130_bNAb_Combinations|1342348|cc|2|1|nan|4166,1,0.0497202,1.36027,0.125276,73.4225,0.147358,0.150761,1,0.0497202,1.36027,0.125273,73.4414,0.147591,0.151119,False,nan|4166,1342348
130_bNAb_Combinations|1342348|cc|3|1|nan|4166,1,0.0497202,1.36027,0.125276,73.4225,0.147358,0.150761,1,0.0497202,1.36027,0.125273,73.4414,0.147591,0.151119,False,nan|4166,1342348
130_bNAb_Combinations|1342348|cc|4|1|nan|4166,1,0.0497202,1.36027,0.125276,73.4225,0.147358,0.150761,1,0.0497202,1.36027,0.125273,73.4414,0.147591,0.151119,False,nan|4166,1342348
130_bNAb_Combinations|1342348|cc|5|1|nan|4166,1,0.0497202,1.36027,0.125276,73.4225,0.147358,0.150761,1,0.0497202,1.36027,0.125273,73.4414,0.147591,0.151119,False,nan|4166,1342348
130_bNAb_Combinations|1342348|cc|6|1|nan|4166,1,0.0497202,1.36027,0.125276,73.4225,0.147358,0.150761,1,0.0497202,1.36027,0.125273,73.4414,0.147591,0.151119,False,nan|4166,1342348
130_bNAb_Combinations|1342348|cc|7|1|nan|4166,1,0.0497202,1.36027,0.125276,73.4225,0.147358,0.150761,1,0.0497202,1.36027,0.125273,73.4414,0.147591,0.151119,False,nan|4166,1342348
130_bNAb_Combinations|1342348|cc|8|1|nan|4166,1,0.0497202,1.36027,0.125276,73.4225,0.147358,0.150761,1,0.0497202,1.36027,0.125273,73.4414,0.147591,0.151119,False,nan|4166,1342348
130_bNAb_Combinations|1342348|sample|3|nan|4166,1,0.00648142,0.767433,0.125276,73.423,0.147358,0.150761,1,0.00648142,0.767433,0.125273,73.4418,0.147591,0.151119,True,VRC07-523LS|4166,1342348
130_bNAb_Combinations|1342348|sample|4|nan|4166,1,0.00648142,0.767433,0.125276,73.423,0.147358,0.150761,1,0.00648142,0.767433,0.125273,73.4418,0.147591,0.151119,True,VRC07-523LS|4166,1342348
130_bNAb_Combinations|1342348|vc|1|2|nan|4166,1,0.0497202,1.36027,0.125276,73.4225,0.147358,0.150761,1,0.0497202,1.36027,0.125273,73.4414,0.147591,0.151119,False,nan|4166,1342348
130_bNAb_Combinations|1342348|vc|2|2|nan|4166,1,0.0497202,1.36027,0.125276,73.4225,0.147358,0.150761,1,0.0497202,1.36027,0.125273,73.4414,0.147591,0.151119,False,nan|4166,1342348
130_bNAb_Combinations|1342348|vc|3|2|nan|4166,1,0.0497202,1.36027,0.125276,73.4225,0.147358,0.150761,1,0.0497202,1.36027,0.125273,73.4414,0.147591,0.151119,False,nan|4166,1342348
130_bNAb_Combinations|1342348|vc|4|2|nan|4166,1,0.0497202,1.36027,0.125276,73.4225,0.147358,0.150761,1,0.0497202,1.36027,0.125273,73.4414,0.147591,0.151119,False,nan|4166,1342348
130_bNAb_Combinations|1342348|vc|5|2|nan|4166,1,0.0497202,1.36027,0.125276,73.4225,0.147358,0.150761,1,0.0497202,1.36027,0.125273,73.4414,0.147591,0.151119,False,nan|4166,1342348
130_bNAb_Combinations|1342348|vc|6|2|nan|4166,1,0.0497202,1.36027,0.125276,73.4225,0.147358,0.150761,1,0.0497202,1.36027,0.125273,73.4414,0.147591,0.151119,False,nan|4166,1342348
130_bNAb_Combinations|1342348|vc|7|2|nan|4166,1,0.0497202,1.36027,0.125276,73.4225,0.147358,0.150761,1,0.0497202,1.36027,0.125273,73.4414,0.147591,0.151119,False,nan|4166,1342348
130_bNAb_Combinations|1342348|vc|8|2|nan|4166,1,0.0497202,1.36027,0.125276,73.4225,0.147358,0.150761,1,0.0497202,1.36027,0.125273,73.4414,0.147591,0.151119,False,nan|4166,1342348
130_bNAb_Combinations|1342372|cc|1|1|nan|2944,1,0.00686139,2.33612,0.125276,73.4225,0.194988,0.150763,1,0.00686139,2.33612,0.125273,73.4414,0.195417,0.15112,False,nan|2944,1342372
130_bNAb_Combinations|1342372|cc|2|1|nan|2944,1,0.00686139,2.33612,0.125276,73.4225,0.194988,0.150763,1,0.00686139,2.33612,0.125273,73.4414,0.195417,0.15112,False,nan|2944,1342372
130_bNAb_Combinations|1342372|cc|3|1|nan|2944,1,0.00686139,2.33612,0.125276,73.4225,0.194988,0.150763,1,0.00686139,2.33612,0.125273,73.4414,0.195417,0.15112,False,nan|2944,1342372
130_bNAb_Combinations|1342372|cc|4|1|nan|2944,1,0.00686139,2.33612,0.125276,73.4225,0.194988,0.150763,1,0.00686139,2.33612,0.125273,73.4414,0.195417,0.15112,False,nan|2944,1342372
130_bNAb_Combinations|1342372|cc|5|1|nan|2944,1,0.00686139,2.33612,0.125276,73.4225,0.194988,0.150763,1,0.00686139,2.33612,0.125273,73.4414,0.195417,0.15112,False,nan|2944,1342372
130_bNAb_Combinations|1342372|cc|6|1|nan|2944,1,0.00686139,2.33612,0.125276,73.4225,0.194988,0.150763,1,0.00686139,2.33612,0.125273,73.4414,0.195417,0.15112,False,nan|2944,1342372
130_bNAb_Combinations|1342372|cc|7|1|nan|2944,1,0.00686139,2.33612,0.125276,73.4225,0.194988,0.150763,1,0.00686139,2.33612,0.125273,73.4414,0.195417,0.15112,False,nan|2944,1342372
130_bNAb_Combinations|1342372|cc|8|1|nan|2944,1,0.00686139,2.33612,0.125276,73.4225,0.194988,0.150763,1,0.00686139,2.33612,0.125273,73.4414,0.195417,0.15112,False,nan|2944,1342372
130_bNAb_Combinations|1342372|sample|3|nan|2944,1,0.000773253,1.02787,0.125276,73.4229,0.194988,0.150763,1,0.000773253,1.02787,0.125273,73.4418,0.195417,0.15112,True,VRC07-523LS|2944,1342372
130_bNAb_Combinations|1342372|sample|4|nan|2944,1,0.000773253,1.02787,0.125276,73.4229,0.194988,0.150763,1,0.000773253,1.02787,0.125273,73.4418,0.195417,0.15112,True,VRC07-523LS|2944,1342372
130_bNAb_Combinations|1342372|vc|1|2|nan|2944,1,0.00686139,2.33612,0.125276,73.4225,0.194988,0.150763,1,0.00686139,2.33612,0.125273,73.4414,0.195417,0.15112,False,nan|2944,1342372
130_bNAb_Combinations|1342372|vc|2|2|nan|2944,1,0.00686139,2.33612,0.125276,73.4225,0.194988,0.150763,1,0.00686139,2.33612,0.125273,73.4414,0.195417,0.15112,False,nan|2944,1342372
130_bNAb_Combinations|1342372|vc|3|2|nan|2944,1,0.00686139,2.33612,0.125276,73.4225,0.194988,0.150763,1,0.00686139,2.33612,0.125273,73.4414,0.195417,0.15112,False,nan|2944,1342372
130_bNAb_Combinations|1342372|vc|4|2|nan|2944,1,0.00686139,2.33612,0.125276,73.4225,0.194988,0.150763,1,0.00686139,2.33612,0.125273,73.4414,0.195417,0.15112,False,nan|2944,1342372
130_bNAb_Combinations|1342372|vc|5|2|nan|2944,1,0.00686139,2.33612,0.125276,73.4225,0.194988,0.150763,1,0.00686139,2.33612,0.125273,73.4414,0.195417,0.15112,False,nan|2944,1342372
130_bNAb_Combinations|1342372|vc|6|2|nan|2944,1,0.00686139,2.33612,0.125276,73.4225,0.194988,0.150763,1,0.00686139,2.33612,0.125273,73.4414,0.195417,0.15112,False,nan|2944,1342372
130_bNAb_Combinations|1342372|vc|7|2|nan|2944,1,0.00686139,2.33612,0.125276,73.4225,0.194988,0.150763,1,0.00686139,2.33612,0.125273,73.4414,0.195417,0.15112,False,nan|2944,1342372
130_bNAb_Combinations|1342372|vc|8|2|nan|2944,1,0.00686139,2.33612,0.125276,73.4225,0.194988,0.150763,1,0.00686139,2.33612,0.125273,73.4414,0.195417,0.15112,False,nan|2944,1342372
130_bNAb_Combinations|1342384|cc|1|1|nan|2946,1,0.0291051,1.93324,0.125276,73.4225,0.236321,0.150763,1,0.0291051,1.93324,0.125273,73.4414,0.236253,0.15112,False,nan|2946,1342384
130_bNAb_Combinations|1342384|cc|2|1|nan|2946,1,0.0291051,1.93324,0.125276,73.4225,0.236321,0.150763,1,0.0291051,1.93324,0.125273,73.4414,0.236253,0.15112,False,nan|2946,1342384
130_bNAb_Combinations|1342384|cc|3|1|nan|2946,1,0.0291051,1.93324,0.125276,73.4225,0.236321,0.150763,1,0.0291051,1.93324,0.125273,73.4414,0.236253,0.15112,False,nan|2946,1342384
130_bNAb_Combinations|1342384|cc|4|1|nan|2946,1,0.0291051,1.93324,0.125276,73.4225,0.236321,0.150763,1,0.0291051,1.93324,0.125273,73.4414,0.236253,0.15112,False,nan|2946,1342384
130_bNAb_Combinations|1342384|cc|5|1|nan|2946,1,0.0291051,1.93324,0.125276,73.4225,0.236321,0.150763,1,0.0291051,1.93324,0.125273,73.4414,0.236253,0.15112,False,nan|2946,1342384
130_bNAb_Combinations|1342384|cc|6|1|nan|2946,1,0.0291051,1.93324,0.125276,73.4225,0.236321,0.150763,1,0.0291051,1.93324,0.125273,73.4414,0.236253,0.15112,False,nan|2946,1342384
130_bNAb_Combinations|1342384|cc|7|1|nan|2946,1,0.0291051,1.93324,0.125276,73.4225,0.236321,0.150763,1,0.0291051,1.93324,0.125273,73.4414,0.236253,0.15112,False,nan|2946,1342384
130_bNAb_Combinations|1342384|cc|8|1|nan|2946,1,0.0291051,1.93324,0.125276,73.4225,0.236321,0.150763,1,0.0291051,1.93324,0.125273,73.4414,0.236253,0.15112,False,nan|2946,1342384
130_bNAb_Combinations|1342384|sample|3|nan|2946,1,0.0209557,3.51298,0.125276,73.4229,0.236321,0.150763,1,0.0209557,3.51298,0.125273,73.4418,0.236253,0.15112,True,VRC07-523LS|2946,1342384
130_bNAb_Combinations|1342384|sample|4|nan|2946,1,0.0209557,3.51298,0.125276,73.4229,0.236321,0.150763,1,0.0209557,3.51298,0.125273,73.4418,0.236253,0.15112,True,VRC07-523LS|2946,1342384
130_bNAb_Combinations|1342384|vc|1|2|nan|2946,1,0.0291051,1.93324,0.125276,73.4225,0.236321,0.150763,1,0.0291051,1.93324,0.125273,73.4414,0.236253,0.15112,False,nan|2946,1342384
130_bNAb_Combinations|1342384|vc|2|2|nan|2946,1,0.0291051,1.93324,0.125276,73.4225,0.236321,0.150763,1,0.0291051,1.93324,0.125273,73.4414,0.236253,0.15112,False,nan|2946,1342384
130_bNAb_Combinations|1342384|vc|3|2|nan|2946,1,0.0291051,1.93324,0.125276,73.4225,0.236321,0.150763,1,0.0291051,1.93324,0.125273,73.4414,0.236253,0.15112,False,nan|2946,1342384
130_bNAb_Combinations|1342384|vc|4|2|nan|2946,1,0.0291051,1.93324,0.125276,73.4225,0.236321,0.150763,1,0.0291051,1.93324,0.125273,73.4414,0.236253,0.15112,False,nan|2946,1342384
130_bNAb_Combinations|1342384|vc|5|2|nan|2946,1,0.0291051,1.93324,0.125276,73.4225,0.236321,0.150763,1,0.0291051,1.93324,0.125273,73.4414,0.236253,0.15112,False,nan|2946,1342384
130_bNAb_Combinations|1342384|vc|6|2|nan|2946,1,0.0291051,1.93324,0.125276,73.4225,0.236321,0.150763,1,0.0291051,1.93324,0.125273,73.4414,0.236253,0.15112,False,nan|2946,1342384
130_bNAb_Combinations|1342384|vc|7|2|nan|2946,1,0.0291051,1.93324,0.125276,73.4225,0.236321,0.150763,1,0.0291051,1.93324,0.125273,73.4414,0.236253,0.15112,False,nan|2946,1342384
130_bNAb_Combinations|1342384|vc|8|2|nan|2946,1,0.0291051,1.93324,0.125276,73.4225,0.236321,0.150763,1,0.0291051,1.93324,0.125273,73.4414,0.236253,0.15112,False,nan|2946,1342384
130_bNAb_Combinations|1342396|cc|1|1|PVO.4|5024,1,0.00504132,0.800495,0.125276,73.4225,0.23632,0.458545,1,0.00504132,0.800495,0.125273,73.4414,0.236251,0.45801,False,nan|PVO.4,1342396
130_bNAb_Combinations|1342396|cc|2|1|PVO.4|5024,1,0.00504132,0.800495,0.125276,73.4225,0.23632,0.458545,1,0.00504132,0.800495,0.125273,73.4414,0.236251,0.45801,False,nan|PVO.4,1342396
130_bNAb_Combinations|1342396|cc|3|1|PVO.4|5024,1,0.00504132,0.800495,0.125276,73.4225,0.23632,0.458545,1,0.00504132,0.800495,0.125273,73.4414,0.236251,0.45801,False,nan|PVO.4,1342396
130_bNAb_Combinations|1342396|cc|4|1|PVO.4|5024,1,0.00504132,0.800495,0.125276,73.4225,0.23632,0.458545,1,0.00504132,0.800495,0.125273,73.4414,0.236251,0.45801,False,nan|PVO.4,1342396
130_bNAb_Combinations|1342396|cc|5|1|PVO.4|5024,1,0.00504132,0.800495,0.125276,73.4225,0.23632,0.458545,1,0.00504132,0.800495,0.125273,73.4414,0.236251,0.45801,False,nan|PVO.4,1342396
130_bNAb_Combinations|1342396|cc|6|1|PVO.4|5024,1,0.00504132,0.800495,0.125276,73.4225,0.23632,0.458545,1,0.00504132,0.800495,0.125273,73.4414,0.236251,0.45801,False,nan|PVO.4,1342396
130_bNAb_Combinations|1342396|cc|7|1|PVO.4|5024,1,0.00504132,0.800495,0.125276,73.4225,0.23632,0.458545,1,0.00504132,0.800495,0.125273,73.4414,0.236251,0.45801,False,nan|PVO.4,1342396
130_bNAb_Combinations|1342396|cc|8|1|PVO.4|5024,1,0.00504132,0.800495,0.125276,73.4225,0.23632,0.458545,1,0.00504132,0.800495,0.125273,73.4414,0.236251,0.45801,False,nan|PVO.4,1342396
130_bNAb_Combinations|1342396|sample|3|PVO.4|5024,1,0.00540399,1.1304,0.125276,73.4229,0.23632,0.458545,1,0.00540399,1.1304,0.125273,73.4418,0.236251,0.45801,True,VRC07-523LS|PVO.4,1342396
130_bNAb_Combinations|1342396|sample|4|PVO.4|5024,1,0.00540399,1.1304,0.125276,73.4229,0.23632,0.458545,1,0.00540399,1.1304,0.125273,73.4418,0.236251,0.45801,True,VRC07-523LS|PVO.4,1342396
130_bNAb_Combinations|1342396|vc|1|2|PVO.4|5024,1,0.00504132,0.800495,0.125276,73.4225,0.23632,0.458545,1,0.00504132,0.800495,0.125273,73.4414,0.236251,0.45801,False,nan|PVO.4,1342396
130_bNAb_Combinations|1342396|vc|2|2|PVO.4|5024,1,0.00504132,0.800495,0.125276,73.4225,0.23632,0.458545,1,0.00504132,0.800495,0.125273,73.4414,0.236251,0.45801,False,nan|PVO.4,1342396
130_bNAb_Combinations|1342396|vc|3|2|PVO.4|5024,1,0.00504132,0.800495,0.125276,73.4225,0.23632,0.458545,1,0.00504132,0.800495,0.125273,73.4414,0.236251,0.45801,False,nan|PVO.4,1342396
130_bNAb_Combinations|1342396|vc|4|2|PVO.4|5024,1,0.00504132,0.800495,0.125276,73.4225,0.23632,0.458545,1,0.00504132,0.800495,0.125273,73.4414,0.236251,0.45801,False,nan|PVO.4,1342396
130_bNAb_Combinations|1342396|vc|5|2|PVO.4|5024,1,0.00504132,0.800495,0.125276,73.4225,0.23632,0.458545,1,0.00504132,0.800495,0.125273,73.4414,0.236251,0.45801,False,nan|PVO.4,1342396
130_bNAb_Combinations|1342396|vc|6|2|PVO.4|5024,1,0.00504132,0.800495,0.125276,73.4225,0.23632,0.458545,1,0.00504132,0.800495,0.125273,73.4414,0.236251,0.45801,False,nan|PVO.4,1342396
130_bNAb_Combinations|1342396|vc|7|2|PVO.4|5024,1,0.00504132,0.800495,0.125276,73.4225,0.23632,0.458545,1,0.00504132,0.800495,0.125273,73.4414,0.236251,0.45801,False,nan|PVO.4,1342396
130_bNAb_Combinations|1342396|vc|8|2|PVO.4|5024,1,0.00504132,0.800495,0.125276,73.4225,0.23632,0.458545,1,0.00504132,0.800495,0.125273,73.4414,0.236251,0.45801,False,nan|PVO.4,1342396
130_bNAb_Combinations|1342408|cc|1|1|nan|4168,1,0.00332926,0.936652,0.125276,73.4225,0.158664,0.150763,1,0.00332926,0.936652,0.125273,73.4414,0.158881,0.15112,False,nan|4168,1342408
130_bNAb_Combinations|1342408|cc|2|1|nan|4168,1,0.00332926,0.936652,0.125276,73.4225,0.158664,0.150763,1,0.00332926,0.936652,0.125273,73.4414,0.158881,0.15112,False,nan|4168,1342408
130_bNAb_Combinations|1342408|cc|3|1|nan|4168,1,0.00332926,0.936652,0.125276,73.4225,0.158664,0.150763,1,0.00332926,0.936652,0.125273,73.4414,0.158881,0.15112,False,nan|4168,1342408
130_bNAb_Combinations|1342408|cc|4|1|nan|4168,1,0.00332926,0.936652,0.125276,73.4225,0.158664,0.150763,1,0.00332926,0.936652,0.125273,73.4414,0.158881,0.15112,False,nan|4168,1342408
130_bNAb_Combinations|1342408|cc|5|1|nan|4168,1,0.00332926,0.936652,0.125276,73.4225,0.158664,0.150763,1,0.00332926,0.936652,0.125273,73.4414,0.158881,0.15112,False,nan|4168,1342408
130_bNAb_Combinations|1342408|cc|6|1|nan|4168,1,0.00332926,0.936652,0.125276,73.4225,0.158664,0.150763,1,0.00332926,0.936652,0.125273,73.4414,0.158881,0.15112,False,nan|4168,1342408
130_bNAb_Combinations|1342408|cc|7|1|nan|4168,1,0.00332926,0.936652,0.125276,73.4225,0.158664,0.150763,1,0.00332926,0.936652,0.125273,73.4414,0.158881,0.15112,False,nan|4168,1342408
130_bNAb_Combinations|1342408|cc|8|1|nan|4168,1,0.00332926,0.936652,0.125276,73.4225,0.158664,0.150763,1,0.00332926,0.936652,0.125273,73.4414,0.158881,0.15112,False,nan|4168,1342408
130_bNAb_Combinations|1342408|sample|3|nan|4168,1,0.0169635,1.48023,0.125276,73.4229,0.158664,0.150763,1,0.0169635,1.48023,0.125273,73.4418,0.158881,0.15112,True,VRC07-523LS|4168,1342408
130_bNAb_Combinations|1342408|sample|4|nan|4168,1,0.0169635,1.48023,0.125276,73.4229,0.158664,0.150763,1,0.0169635,1.48023,0.125273,73.4418,0.158881,0.15112,True,VRC07-523LS|4168,1342408
130_bNAb_Combinations|1342408|vc|1|2|nan|4168,1,0.00332926,0.936652,0.125276,73.4225,0.158664,0.150763,1,0.00332926,0.936652,0.125273,73.4414,0.158881,0.15112,False,nan|4168,1342408
130_bNAb_Combinations|1342408|vc|2|2|nan|4168,1,0.00332926,0.936652,0.125276,73.4225,0.158664,0.150763,1,0.00332926,0.936652,0.125273,73.4414,0.158881,0.15112,False,nan|4168,1342408
130_bNAb_Combinations|1342408|vc|3|2|nan|4168,1,0.00332926,0.936652,0.125276,73.4225,0.158664,0.150763,1,0.00332926,0.936652,0.125273,73.4414,0.158881,0.15112,False,nan|4168,1342408
130_bNAb_Combinations|1342408|vc|4|2|nan|4168,1,0.00332926,0.936652,0.125276,73.4225,0.158664,0.150763,1,0.00332926,0.936652,0.125273,73.4414,0.158881,0.15112,False,nan|4168,1342408
130_bNAb_Combinations|1342408|vc|5|2|nan|4168,1,0.00332926,0.936652,0.125276,73.4225,0.158664,0.150763,1,0.00332926,0.936652,0.125273,73.4414,0.158881,0.15112,False,nan|4168,1342408
130_bNAb_Combinations|1342408|vc|6|2|nan|4168,1,0.00332926,0.936652,0.125276,73.4225,0.158664,0.150763,1,0.00332926,0.936652,0.125273,73.4414,0.158881,0.15112,False,nan|4168,1342408
130_bNAb_Combinations|1342408|vc|7|2|nan|4168,1,0.00332926,0.936652,0.125276,73.4225,0.158664,0.150763,1,0.00332926,0.936652,0.125273,73.4414,0.158881,0.15112,False,nan|4168,1342408
130_bNAb_Combinations|1342408|vc|8|2|nan|4168,1,0.00332926,0.936652,0.125276,73.4225,0.158664,0.150763,1,0.00332926,0.936652,0.125273,73.4414,0.158881,0.15112,False,nan|4168,1342408
704_VRC01_Concordance|1200432|cc|1|1|PVO.4|5024,1,0.00504132,0.800495,0.125276,73.4225,0.23632,0.150763,1,0.00504132,0.800495,0.125273,73.4414,0.236251,0.15112,False,nan|PVO.4,1200432
704_VRC01_Concordance|1200432|cc|2|1|PVO.4|5024,1,0.00504132,0.800495,0.125276,73.4225,0.23632,0.150763,1,0.00504132,0.800495,0.125273,73.4414,0.236251,0.15112,False,nan|PVO.4,1200432
704_VRC01_Concordance|1200432|cc|3|1|PVO.4|5024,1,0.00504132,0.800495,0.125276,73.4225,0.23632,0.150763,1,0.00504132,0.800495,0.125273,73.4414,0.236251,0.15112,False,nan|PVO.4,1200432
704_VRC01_Concordance|1200432|cc|4|1|PVO.4|5024,1,0.00504132,0.800495,0.125276,73.4225,0.23632,0.150763,1,0.00504132,0.800495,0.125273,73.4414,0.236251,0.15112,False,nan|PVO.4,1200432
704_VRC01_Concordance|1200432|cc|5|1|PVO.4|5024,1,0.00504132,0.800495,0.125276,73.4225,0.23632,0.150763,1,0.00504132,0.800495,0.125273,73.4414,0.236251,0.15112,False,nan|PVO.4,1200432
704_VRC01_Concordance|1200432|cc|6|1|PVO.4|5024,1,0.00504132,0.800495,0.125276,73.4225,0.23632,0.150763,1,0.00504132,0.800495,0.125273,73.4414,0.236251,0.15112,False,nan|PVO.4,1200432
704_VRC01_Concordance|1200432|cc|7|1|PVO.4|5024,1,0.00504132,0.800495,0.125276,73.4225,0.23632,0.150763,1,0.00504132,0.800495,0.125273,73.4414,0.236251,0.15112,False,nan|PVO.4,1200432
704_VRC01_Concordance|1200432|cc|8|1|PVO.4|5024,1,0.00504132,0.800495,0.125276,73.4225,0.23632,0.150763,1,0.00504132,0.800495,0.125273,73.4414,0.236251,0.15112,False,nan|PVO.4,1200432
704_VRC01_Concordance|1200432|sample|10|PVO.4|5024,1,0.0357536,2.16437,0.125276,73.4229,0.23632,0.150763,1,0.0357536,2.16437,0.125273,73.4418,0.236251,0.15112,True,Clinical VRC01|PVO.4,1200432
704_VRC01_Concordance|1200432|sample|11|PVO.4|5024,1,0.0357536,2.16437,0.125276,73.4229,0.23632,0.150763,1,0.0357536,2.16437,0.125273,73.4418,0.236251,0.15112,True,Clinical VRC01|PVO.4,1200432
704_VRC01_Concordance|1200432|sample|12|PVO.4|5024,1,0.0357536,2.16437,0.125276,73.4229,0.23632,0.150763,1,0.0357536,2.16437,0.125273,73.4418,0.236251,0.15112,True,Clinical VRC01|PVO.4,1200432
704_VRC01_Concordance|1200432|sample|3|PVO.4|5024,1,0.0357536,2.16437,0.125276,73.4229,0.23632,0.150763,1,0.0357536,2.16437,0.125273,73.4418,0.236251,0.15112,True,Clinical VRC01|PVO.4,1200432
704_VRC01_Concordance|1200432|sample|4|PVO.4|5024,1,0.0357536,2.16437,0.125276,73.4229,0.23632,0.150763,1,0.0357536,2.16437,0.125273,73.4418,0.236251,0.15112,True,Clinical VRC01|PVO.4,1200432
704_VRC01_Concordance|1200432|sample|5|PVO.4|5024,1,0.0357536,2.16437,0.125276,73.4229,0.23632,0.150763,1,0.0357536,2.16437,0.125273,73.4418,0.236251,0.15112,True,Clinical VRC01|PVO.4,1200432
704_VRC01_Concordance|1200432|sample|6|PVO.4|5024,1,0.0357536,2.16437,0.125276,73.4229,0.23632,0.150763,1,0.0357536,2.16437,0.125273,73.4418,0.236251,0.15112,True,Clinical VRC01|PVO.4,1200432
704_VRC01_Concordance|1200432|sample|7|PVO.4|5024,1,0.0357536,2.16437,0.125276,73.4229,0.23632,0.150763,1,0.0357536,2.16437,0.125273,73.4418,0.236251,0.15112,True,Clinical VRC01|PVO.4,1200432
704_VRC01_Concordance|1200432|sample|8|PVO.4|5024,1,0.0357536,2.16437,0.125276,73.4229,0.23632,0.150763,1,0.0357536,2.16437,0.125273,73.4418,0.236251,0.15112,True,Clinical VRC01|PVO.4,1200432
704_VRC01_Concordance|1200432|sample|9|PVO.4|5024,1,0.0357536,2.16437,0.125276,73.4229,0.23632,0.150763,1,0.0357536,2.16437,0.125273,73.4418,0.236251,0.15112,True,Clinical VRC01|PVO.4,1200432
704_VRC01_Concordance|1200432|vc|1|2|PVO.4|5024,1,0.00504132,0.800495,0.125276,73.4225,0.23632,0.150763,1,0.00504132,0.800495,0.125273,73.4414,0.236251,0.15112,False,nan|PVO.4,1200432
704_VRC01_Concordance|1200432|vc|2|2|PVO.4|5024,1,0.00504132,0.800495,0.125276,73.4225,0.23632,0.150763,1,0.00504132,0.800495,0.125273,73.4414,0.236251,0.15112,False,nan|PVO.4,1200432
704_VRC01_Concordance|1200432|vc|3|2|PVO.4|5024,1,0.00504132,0.800495,0.125276,73.4225,0.23632,0.150763,1,0.00504132,0.800495,0.125273,73.4414,0.236251,0.15112,False,nan|PVO.4,1200432
704_VRC01_Concordance|1200432|vc|4|2|PVO.4|5024,1,0.00504132,0.800495,0.125276,73.4225,0.23632,0.150763,1,0.00504132,0.800495,0.125273,73.4414,0.236251,0.15112,False,nan|PVO.4,1200432
704_VRC01_Concordance|1200432|vc|5|2|PVO.4|5024,1,0.00504132,0.800495,0.125276,73.4225,0.23632,0.150763,1,0.00504132,0.800495,0.125273,73.4414,0.236251,0.15112,False,nan|PVO.4,1200432
704_VRC01_Concordance|1200432|vc|6|2|PVO.4|5024,1,0.00504132,0.800495,0.125276,73.4225,0.23632,0.150763,1,0.00504132,0.800495,0.125273,73.4414,0.236251,0.15112,False,nan|PVO.4,1200432
704_VRC01_Concordance|1200432|vc|7|2|PVO.4|5024,1,0.00504132,0.800495,0.125276,73.4225,0.23632,0.150763,1,0.00504132,0.800495,0.125273,73.4414,0.236251,0.15112,False,nan|PVO.4,1200432
704_VRC01_Concordance|1200432|vc|8|2|PVO.4|5024,1,0.00504132,0.800495,0.125276,73.4225,0.23632,0.150763,1,0.00504132,0.800495,0.125273,73.4414,0.236251,0.15112,False,nan|PVO.4,1200432
