id,U_SAEM,L_SAEM,m_SAEM,e_SAEM,alpha_SAEM,k_SAEM,U_mode,L_mode,m_mode,e_mode,alpha_mode,k_mode,goes_down,mab_virus,run_id
130_bNAb_Combinations|1313842|cc|1|1|nan|2946,1,4.34299e-08,1.53626,29.1973,0.174683,3.95157e-08,1,4.34299e-08,1.5324,1,0.173616,3.93978e-08,False,nan|2946,1313842
130_bNAb_Combinations|1313842|cc|2|1|nan|2946,1,4.34299e-08,1.53626,18.3457,0.174683,3.95157e-08,1,4.34299e-08,1.5324,1,0.173616,3.93978e-08,False,nan|2946,1313842
130_bNAb_Combinations|1313842|cc|3|1|nan|2946,1,4.34299e-08,1.53626,22.3384,0.174683,3.95157e-08,1,4.34299e-08,1.5324,1,0.173616,3.93978e-08,False,nan|2946,1313842
130_bNAb_Combinations|1313842|cc|4|1|nan|2946,1,4.34299e-08,1.53626,19.407,0.174683,3.95157e-08,1,4.34299e-08,1.5324,1,0.173616,3.93978e-08,False,nan|2946,1313842
130_bNAb_Combinations|1313842|cc|5|1|nan|2946,1,4.34299e-08,1.53626,39.8629,0.174683,3.95157e-08,1,4.34299e-08,1.5324,0.999999,0.173616,3.93978e-08,False,nan|2946,1313842
130_bNAb_Combinations|1313842|cc|6|1|nan|2946,1,4.34299e-08,1.53626,15.2203,0.174683,3.95157e-08,1,4.34299e-08,1.5324,1,0.173616,3.93978e-08,False,nan|2946,1313842
130_bNAb_Combinations|1313842|cc|7|1|nan|2946,1,4.34299e-08,1.53626,23.1611,0.174683,3.95157e-08,1,4.34299e-08,1.5324,1,0.173616,3.93978e-08,False,nan|2946,1313842
130_bNAb_Combinations|1313842|cc|8|1|nan|2946,1,4.34299e-08,1.53626,18.3726,0.174683,3.95157e-08,1,4.34299e-08,1.5324,1,0.173616,3.93978e-08,False,nan|2946,1313842
130_bNAb_Combinations|1313842|sample|10|nan|2946,1,5.60361e-07,1.5394,2.31024,0.174683,3.95157e-08,1,5.60361e-07,1.53578,2.50119,0.173616,3.93978e-08,True,PGT121|2946,1313842
130_bNAb_Combinations|1313842|sample|11|nan|2946,1,2.70711e-07,1.53648,1.76978,0.174683,3.95157e-08,1,2.70711e-07,1.53262,1.84502,0.173616,3.93978e-08,True,VRC07-523LS|2946,1313842
130_bNAb_Combinations|1313842|sample|12|nan|2946,1,2.70711e-07,1.53648,2.41307,0.174683,3.95157e-08,1,2.70711e-07,1.53262,2.39101,0.173616,3.93978e-08,True,VRC07-523LS|2946,1313842
130_bNAb_Combinations|1313842|sample|3|nan|2946,1,7.81534e-07,0.843669,0.932773,0.174683,3.95157e-08,1,7.81534e-07,0.846345,0.971823,0.173616,3.93978e-08,True,PGDM1400|2946,1313842
130_bNAb_Combinations|1313842|sample|4|nan|2946,1,7.81534e-07,0.843669,1.08462,0.174683,3.95157e-08,1,7.81534e-07,0.846345,1.11154,0.173616,3.93978e-08,True,PGDM1400|2946,1313842
130_bNAb_Combinations|1313842|sample|5|nan|2946,1,7.81534e-07,0.843669,0.783283,0.174683,3.95157e-08,1,7.81534e-07,0.846345,0.805985,0.173616,3.93978e-08,True,PGDM1400|2946,1313842
130_bNAb_Combinations|1313842|sample|6|nan|2946,1,7.81534e-07,0.843669,0.712893,0.174683,3.95157e-08,1,7.81534e-07,0.846345,0.732629,0.173616,3.93978e-08,True,PGDM1400|2946,1313842
130_bNAb_Combinations|1313842|sample|7|nan|2946,1,5.60361e-07,1.5394,2.0635,0.174683,3.95157e-08,1,5.60361e-07,1.53578,2.1216,0.173616,3.93978e-08,True,PGT121|2946,1313842
130_bNAb_Combinations|1313842|sample|8|nan|2946,1,5.60361e-07,1.5394,2.06243,0.174683,3.95157e-08,1,5.60361e-07,1.53578,2.24693,0.173616,3.93978e-08,True,PGT121|2946,1313842
130_bNAb_Combinations|1313842|sample|9|nan|2946,1,5.60361e-07,1.5394,2.49226,0.174683,3.95157e-08,1,5.60361e-07,1.53578,2.53985,0.173616,3.93978e-08,True,PGT121|2946,1313842
130_bNAb_Combinations|1313842|vc|1|2|nan|2946,1,4.34299e-08,1.53626,69.7661,0.174683,3.95157e-08,1,4.34299e-08,1.5324,1,0.173616,3.93978e-08,False,nan|2946,1313842
130_bNAb_Combinations|1313842|vc|2|2|nan|2946,1,4.34299e-08,1.53626,99.5608,0.174683,3.95157e-08,1,4.34299e-08,1.5324,1,0.173616,3.93978e-08,False,nan|2946,1313842
130_bNAb_Combinations|1313842|vc|3|2|nan|2946,1,4.34299e-08,1.53626,45.9399,0.174683,3.95157e-08,1,4.34299e-08,1.5324,1,0.173616,3.93978e-08,False,nan|2946,1313842
130_bNAb_Combinations|1313842|vc|4|2|nan|2946,1,4.34299e-08,1.53626,142.71,0.174683,3.95157e-08,1,4.34299e-08,1.5324,1,0.173616,3.93978e-08,False,nan|2946,1313842
130_bNAb_Combinations|1313842|vc|5|2|nan|2946,1,4.34299e-08,1.53626,36.5444,0.174683,3.95157e-08,1,4.34299e-08,1.5324,1,0.173616,3.93978e-08,False,nan|2946,1313842
130_bNAb_Combinations|1313842|vc|6|2|nan|2946,1,4.34299e-08,1.53626,61.0504,0.174683,3.95157e-08,1,4.34299e-08,1.5324,1,0.173616,3.93978e-08,False,nan|2946,1313842
130_bNAb_Combinations|1313842|vc|7|2|nan|2946,1,4.34299e-08,1.53626,93.6917,0.174683,3.95157e-08,1,4.34299e-08,1.5324,1,0.173616,3.93978e-08,False,nan|2946,1313842
130_bNAb_Combinations|1313842|vc|8|2|nan|2946,1,4.34299e-08,1.53626,37.5487,0.174683,3.95157e-08,1,4.34299e-08,1.5324,1,0.173616,3.93978e-08,False,nan|2946,1313842
130_bNAb_Combinations|1313860|cc|1|1|PVO.4|5024,1,6.28876e-08,1.53506,104.709,0.174682,3.9504e-08,1,6.28876e-08,1.53124,1,0.173615,3.93861e-08,False,nan|PVO.4,1313860
130_bNAb_Combinations|1313860|cc|2|1|PVO.4|5024,1,6.28876e-08,1.53506,73.8981,0.174682,3.9504e-08,1,6.28876e-08,1.53124,1,0.173615,3.93861e-08,False,nan|PVO.4,1313860
130_bNAb_Combinations|1313860|cc|3|1|PVO.4|5024,1,6.28876e-08,1.53506,55.8972,0.174682,3.9504e-08,1,6.28876e-08,1.53124,1,0.173615,3.93861e-08,False,nan|PVO.4,1313860
130_bNAb_Combinations|1313860|cc|4|1|PVO.4|5024,1,6.28876e-08,1.53506,32.3576,0.174682,3.9504e-08,1,6.28876e-08,1.53124,1,0.173615,3.93861e-08,False,nan|PVO.4,1313860
130_bNAb_Combinations|1313860|cc|5|1|PVO.4|5024,1,6.28876e-08,1.53506,17.0747,0.174682,3.9504e-08,1,6.28876e-08,1.53124,1,0.173615,3.93861e-08,False,nan|PVO.4,1313860
130_bNAb_Combinations|1313860|cc|6|1|PVO.4|5024,1,6.28876e-08,1.53506,23.9941,0.174682,3.9504e-08,1,6.28876e-08,1.53124,1,0.173615,3.93861e-08,False,nan|PVO.4,1313860
130_bNAb_Combinations|1313860|cc|7|1|PVO.4|5024,1,6.28876e-08,1.53506,157.881,0.174682,3.9504e-08,1,6.28876e-08,1.53124,1,0.173615,3.93861e-08,False,nan|PVO.4,1313860
130_bNAb_Combinations|1313860|cc|8|1|PVO.4|5024,1,6.28876e-08,1.53506,16.1808,0.174682,3.9504e-08,1,6.28876e-08,1.53124,1,0.173615,3.93861e-08,False,nan|PVO.4,1313860
130_bNAb_Combinations|1313860|sample|10|PVO.4|5024,1,2.20753e-07,1.68685,5.50659,0.174682,3.9504e-08,1,2.20753e-07,1.68225,5.85107,0.173615,3.93861e-08,True,PGT121|PVO.4,1313860
130_bNAb_Combinations|1313860|sample|11|PVO.4|5024,1,2.00452e-08,1.53648,8.4174,0.174682,3.9504e-08,1,2.00452e-08,1.53262,8.7325,0.173615,3.93861e-08,True,VRC07-523LS|PVO.4,1313860
130_bNAb_Combinations|1313860|sample|12|PVO.4|5024,1,2.00452e-08,1.53648,9.64713,0.174682,3.9504e-08,1,2.00452e-08,1.53262,9.70444,0.173615,3.93861e-08,True,VRC07-523LS|PVO.4,1313860
130_bNAb_Combinations|1313860|sample|3|PVO.4|5024,1,2.10063e-08,1.53116,0.771329,0.174682,3.9504e-08,1,2.10063e-08,1.52717,0.796139,0.173615,3.93861e-08,True,PGDM1400|PVO.4,1313860
130_bNAb_Combinations|1313860|sample|4|PVO.4|5024,1,2.10063e-08,1.53116,0.757772,0.174682,3.9504e-08,1,2.10063e-08,1.52717,0.772107,0.173615,3.93861e-08,True,PGDM1400|PVO.4,1313860
130_bNAb_Combinations|1313860|sample|5|PVO.4|5024,1,2.10063e-08,1.53116,0.747212,0.174682,3.9504e-08,1,2.10063e-08,1.52717,0.765949,0.173615,3.93861e-08,True,PGDM1400|PVO.4,1313860
130_bNAb_Combinations|1313860|sample|6|PVO.4|5024,1,2.10063e-08,1.53116,0.870437,0.174682,3.9504e-08,1,2.10063e-08,1.52717,0.895833,0.173615,3.93861e-08,True,PGDM1400|PVO.4,1313860
130_bNAb_Combinations|1313860|sample|7|PVO.4|5024,1,2.20753e-07,1.68685,5.41391,0.174682,3.9504e-08,1,2.20753e-07,1.68225,5.69107,0.173615,3.93861e-08,True,PGT121|PVO.4,1313860
130_bNAb_Combinations|1313860|sample|8|PVO.4|5024,1,2.20753e-07,1.68685,5.73231,0.174682,3.9504e-08,1,2.20753e-07,1.68225,5.77024,0.173615,3.93861e-08,True,PGT121|PVO.4,1313860
130_bNAb_Combinations|1313860|sample|9|PVO.4|5024,1,2.20753e-07,1.68685,5.92253,0.174682,3.9504e-08,1,2.20753e-07,1.68225,5.96416,0.173615,3.93861e-08,True,PGT121|PVO.4,1313860
130_bNAb_Combinations|1313860|vc|1|2|PVO.4|5024,1,6.28876e-08,1.53506,25.7426,0.174682,3.9504e-08,1,6.28876e-08,1.53124,1,0.173615,3.93861e-08,False,nan|PVO.4,1313860
130_bNAb_Combinations|1313860|vc|2|2|PVO.4|5024,1,6.28876e-08,1.53506,43.5429,0.174682,3.9504e-08,1,6.28876e-08,1.53124,1,0.173615,3.93861e-08,False,nan|PVO.4,1313860
130_bNAb_Combinations|1313860|vc|3|2|PVO.4|5024,1,6.28876e-08,1.53506,27.3514,0.174682,3.9504e-08,1,6.28876e-08,1.53124,1,0.173615,3.93861e-08,False,nan|PVO.4,1313860
130_bNAb_Combinations|1313860|vc|4|2|PVO.4|5024,1,6.28876e-08,1.53506,32.1327,0.174682,3.9504e-08,1,6.28876e-08,1.53124,1,0.173615,3.93861e-08,False,nan|PVO.4,1313860
130_bNAb_Combinations|1313860|vc|5|2|PVO.4|5024,1,6.28876e-08,1.53506,19.4223,0.174682,3.9504e-08,1,6.28876e-08,1.53124,1,0.173615,3.93861e-08,False,nan|PVO.4,1313860
130_bNAb_Combinations|1313860|vc|6|2|PVO.4|5024,1,6.28876e-08,1.53506,13.3324,0.174682,3.9504e-08,1,6.28876e-08,1.53124,1,0.173615,3.93861e-08,False,nan|PVO.4,1313860
130_bNAb_Combinations|1313860|vc|7|2|PVO.4|5024,1,6.28876e-08,1.53506,13.8939,0.174682,3.9504e-08,1,6.28876e-08,1.53124,1,0.173615,3.93861e-08,False,nan|PVO.4,1313860
130_bNAb_Combinations|1313860|vc|8|2|PVO.4|5024,1,6.28876e-08,1.53506,33.4782,0.174682,3.9504e-08,1,6.28876e-08,1.53124,1,0.173615,3.93861e-08,False,nan|PVO.4,1313860
130_bNAb_Combinations|1313884|cc|1|1|nan|4168,1,2.45624e-08,1.53625,31.0697,0.174684,3.9504e-08,1,2.45624e-08,1.53239,1,0.173617,3.9386e-08,False,nan|4168,1313884
130_bNAb_Combinations|1313884|cc|2|1|nan|4168,1,2.45624e-08,1.53625,18.3358,0.174684,3.9504e-08,1,2.45624e-08,1.53239,1,0.173617,3.9386e-08,False,nan|4168,1313884
130_bNAb_Combinations|1313884|cc|3|1|nan|4168,1,2.45624e-08,1.53625,42.604,0.174684,3.9504e-08,1,2.45624e-08,1.53239,1,0.173617,3.9386e-08,False,nan|4168,1313884
130_bNAb_Combinations|1313884|cc|4|1|nan|4168,1,2.45624e-08,1.53625,28.6459,0.174684,3.9504e-08,1,2.45624e-08,1.53239,1,0.173617,3.9386e-08,False,nan|4168,1313884
130_bNAb_Combinations|1313884|cc|5|1|nan|4168,1,2.45624e-08,1.53625,18.0266,0.174684,3.9504e-08,1,2.45624e-08,1.53239,1,0.173617,3.9386e-08,False,nan|4168,1313884
130_bNAb_Combinations|1313884|cc|6|1|nan|4168,1,2.45624e-08,1.53625,50.0789,0.174684,3.9504e-08,1,2.45624e-08,1.53239,1,0.173617,3.9386e-08,False,nan|4168,1313884
130_bNAb_Combinations|1313884|cc|7|1|nan|4168,1,2.45624e-08,1.53625,108.043,0.174684,3.9504e-08,1,2.45624e-08,1.53239,1,0.173617,3.9386e-08,False,nan|4168,1313884
130_bNAb_Combinations|1313884|cc|8|1|nan|4168,1,2.45624e-08,1.53625,17.1054,0.174684,3.9504e-08,1,2.45624e-08,1.53239,1,0.173617,3.9386e-08,False,nan|4168,1313884
130_bNAb_Combinations|1313884|sample|10|nan|4168,1,6.59198e-07,1.53661,0.275215,0.174684,3.9504e-08,1,6.59198e-07,1.53275,0.279032,0.173617,3.9386e-08,True,PGT121|4168,1313884
130_bNAb_Combinations|1313884|sample|11|nan|4168,1,1.52799e-08,1.53648,4.10984,0.174684,3.9504e-08,1,1.52799e-08,1.53262,4.11043,0.173617,3.9386e-08,True,VRC07-523LS|4168,1313884
130_bNAb_Combinations|1313884|sample|12|nan|4168,1,1.52799e-08,1.53648,5.17371,0.174684,3.9504e-08,1,1.52799e-08,1.53262,5.4176,0.173617,3.9386e-08,True,VRC07-523LS|4168,1313884
130_bNAb_Combinations|1313884|sample|3|nan|4168,1,1.41475e-07,1.53651,0.276666,0.174684,3.9504e-08,1,1.41475e-07,1.53265,0.287853,0.173617,3.9386e-08,True,PGDM1400|4168,1313884
130_bNAb_Combinations|1313884|sample|4|nan|4168,1,1.41475e-07,1.53651,0.237678,0.174684,3.9504e-08,1,1.41475e-07,1.53265,0.263917,0.173617,3.9386e-08,True,PGDM1400|4168,1313884
130_bNAb_Combinations|1313884|sample|5|nan|4168,1,1.41475e-07,1.53651,0.167418,0.174684,3.9504e-08,1,1.41475e-07,1.53265,0.176442,0.173617,3.9386e-08,True,PGDM1400|4168,1313884
130_bNAb_Combinations|1313884|sample|6|nan|4168,1,1.41475e-07,1.53651,0.160405,0.174684,3.9504e-08,1,1.41475e-07,1.53265,0.167892,0.173617,3.9386e-08,True,PGDM1400|4168,1313884
130_bNAb_Combinations|1313884|sample|7|nan|4168,1,6.59198e-07,1.53661,0.726302,0.174684,3.9504e-08,1,6.59198e-07,1.53275,0.74877,0.173617,3.9386e-08,True,PGT121|4168,1313884
130_bNAb_Combinations|1313884|sample|8|nan|4168,1,6.59198e-07,1.53661,0.755194,0.174684,3.9504e-08,1,6.59198e-07,1.53275,0.745114,0.173617,3.9386e-08,True,PGT121|4168,1313884
130_bNAb_Combinations|1313884|sample|9|nan|4168,1,6.59198e-07,1.53661,0.267275,0.174684,3.9504e-08,1,6.59198e-07,1.53275,0.264845,0.173617,3.9386e-08,True,PGT121|4168,1313884
130_bNAb_Combinations|1313884|vc|1|2|nan|4168,1,2.45624e-08,1.53625,39.0792,0.174684,3.9504e-08,1,2.45624e-08,1.53239,1,0.173617,3.9386e-08,False,nan|4168,1313884
130_bNAb_Combinations|1313884|vc|2|2|nan|4168,1,2.45624e-08,1.53625,40.8519,0.174684,3.9504e-08,1,2.45624e-08,1.53239,1,0.173617,3.9386e-08,False,nan|4168,1313884
130_bNAb_Combinations|1313884|vc|3|2|nan|4168,1,2.45624e-08,1.53625,21.7444,0.174684,3.9504e-08,1,2.45624e-08,1.53239,1,0.173617,3.9386e-08,False,nan|4168,1313884
130_bNAb_Combinations|1313884|vc|4|2|nan|4168,1,2.45624e-08,1.53625,28.7798,0.174684,3.9504e-08,1,2.45624e-08,1.53239,1,0.173617,3.9386e-08,False,nan|4168,1313884
130_bNAb_Combinations|1313884|vc|5|2|nan|4168,1,2.45624e-08,1.53625,81.8904,0.174684,3.9504e-08,1,2.45624e-08,1.53239,1,0.173617,3.9386e-08,False,nan|4168,1313884
130_bNAb_Combinations|1313884|vc|6|2|nan|4168,1,2.45624e-08,1.53625,33.979,0.174684,3.9504e-08,1,2.45624e-08,1.53239,1,0.173617,3.9386e-08,False,nan|4168,1313884
130_bNAb_Combinations|1313884|vc|7|2|nan|4168,1,2.45624e-08,1.53625,39.03,0.174684,3.9504e-08,1,2.45624e-08,1.53239,1,0.173617,3.9386e-08,False,nan|4168,1313884
130_bNAb_Combinations|1313884|vc|8|2|nan|4168,1,2.45624e-08,1.53625,21.5171,0.174684,3.9504e-08,1,2.45624e-08,1.53239,1,0.173617,3.9386e-08,False,nan|4168,1313884
130_bNAb_Combinations|1313920|cc|1|1|nan|1798,1,5.8255e-08,1.53597,21.9551,0.174768,3.95048e-08,1,5.8255e-08,1.53211,1,0.1737,3.93869e-08,False,nan|1798,1313920
130_bNAb_Combinations|1313920|cc|2|1|nan|1798,1,5.8255e-08,1.53597,207.976,0.174768,3.95048e-08,1,5.8255e-08,1.53211,1,0.1737,3.93869e-08,False,nan|1798,1313920
130_bNAb_Combinations|1313920|cc|3|1|nan|1798,1,5.8255e-08,1.53597,27.2849,0.174768,3.95048e-08,1,5.8255e-08,1.53211,1,0.1737,3.93869e-08,False,nan|1798,1313920
130_bNAb_Combinations|1313920|cc|4|1|nan|1798,1,5.8255e-08,1.53597,34.4211,0.174768,3.95048e-08,1,5.8255e-08,1.53211,1,0.1737,3.93869e-08,False,nan|1798,1313920
130_bNAb_Combinations|1313920|cc|5|1|nan|1798,1,5.8255e-08,1.53597,41.7372,0.174768,3.95048e-08,1,5.8255e-08,1.53211,1,0.1737,3.93869e-08,False,nan|1798,1313920
130_bNAb_Combinations|1313920|cc|6|1|nan|1798,1,5.8255e-08,1.53597,840.479,0.174768,3.95048e-08,1,5.8255e-08,1.53211,1,0.1737,3.93869e-08,False,nan|1798,1313920
130_bNAb_Combinations|1313920|cc|7|1|nan|1798,1,5.8255e-08,1.53597,115.141,0.174768,3.95048e-08,1,5.8255e-08,1.53211,1,0.1737,3.93869e-08,False,nan|1798,1313920
130_bNAb_Combinations|1313920|cc|8|1|nan|1798,1,5.8255e-08,1.53597,20.0825,0.174768,3.95048e-08,1,5.8255e-08,1.53211,1,0.1737,3.93869e-08,False,nan|1798,1313920
130_bNAb_Combinations|1313920|sample|10|nan|1798,1,6.91944e-09,1.53647,18.8525,0.174768,3.95048e-08,1,6.91944e-09,1.53261,19.8622,0.1737,3.93869e-08,True,PGT121|1798,1313920
130_bNAb_Combinations|1313920|sample|11|nan|1798,1,4.43886e-09,1.53637,3.22115,0.174768,3.95048e-08,1,4.43886e-09,1.53251,3.28079,0.1737,3.93869e-08,True,VRC07-523LS|1798,1313920
130_bNAb_Combinations|1313920|sample|12|nan|1798,1,4.43886e-09,1.53637,3.3983,0.174768,3.95048e-08,1,4.43886e-09,1.53251,3.30507,0.1737,3.93869e-08,True,VRC07-523LS|1798,1313920
130_bNAb_Combinations|1313920|sample|3|nan|1798,1,1.03524e-07,0.598341,3.63874,0.174768,3.95048e-08,1,1.03524e-07,0.597851,3.56435,0.1737,3.93869e-08,True,PGDM1400|1798,1313920
130_bNAb_Combinations|1313920|sample|4|nan|1798,1,1.03524e-07,0.598341,3.47033,0.174768,3.95048e-08,1,1.03524e-07,0.597851,3.84146,0.1737,3.93869e-08,True,PGDM1400|1798,1313920
130_bNAb_Combinations|1313920|sample|5|nan|1798,1,1.03524e-07,0.598341,2.14166,0.174768,3.95048e-08,1,1.03524e-07,0.597851,2.19908,0.1737,3.93869e-08,True,PGDM1400|1798,1313920
130_bNAb_Combinations|1313920|sample|6|nan|1798,1,1.03524e-07,0.598341,2.40851,0.174768,3.95048e-08,1,1.03524e-07,0.597851,2.6339,0.1737,3.93869e-08,True,PGDM1400|1798,1313920
130_bNAb_Combinations|1313920|sample|7|nan|1798,1,6.91944e-09,1.53647,14.9568,0.174768,3.95048e-08,1,6.91944e-09,1.53261,14.8398,0.1737,3.93869e-08,True,PGT121|1798,1313920
130_bNAb_Combinations|1313920|sample|8|nan|1798,1,6.91944e-09,1.53647,14.3136,0.174768,3.95048e-08,1,6.91944e-09,1.53261,15.7502,0.1737,3.93869e-08,True,PGT121|1798,1313920
130_bNAb_Combinations|1313920|sample|9|nan|1798,1,6.91944e-09,1.53647,18.5623,0.174768,3.95048e-08,1,6.91944e-09,1.53261,18.1616,0.1737,3.93869e-08,True,PGT121|1798,1313920
130_bNAb_Combinations|1313920|vc|1|2|nan|1798,1,5.8255e-08,1.53597,37.0518,0.174768,3.95048e-08,1,5.8255e-08,1.53211,1,0.1737,3.93869e-08,False,nan|1798,1313920
130_bNAb_Combinations|1313920|vc|2|2|nan|1798,1,5.8255e-08,1.53597,19.0255,0.174768,3.95048e-08,1,5.8255e-08,1.53211,1,0.1737,3.93869e-08,False,nan|1798,1313920
130_bNAb_Combinations|1313920|vc|3|2|nan|1798,1,5.8255e-08,1.53597,12.9184,0.174768,3.95048e-08,1,5.8255e-08,1.53211,1,0.1737,3.93869e-08,False,nan|1798,1313920
130_bNAb_Combinations|1313920|vc|4|2|nan|1798,1,5.8255e-08,1.53597,21.152,0.174768,3.95048e-08,1,5.8255e-08,1.53211,1,0.1737,3.93869e-08,False,nan|1798,1313920
130_bNAb_Combinations|1313920|vc|5|2|nan|1798,1,5.8255e-08,1.53597,34.9372,0.174768,3.95048e-08,1,5.8255e-08,1.53211,1,0.1737,3.93869e-08,False,nan|1798,1313920
130_bNAb_Combinations|1313920|vc|6|2|nan|1798,1,5.8255e-08,1.53597,37.5846,0.174768,3.95048e-08,1,5.8255e-08,1.53211,1,0.1737,3.93869e-08,False,nan|1798,1313920
130_bNAb_Combinations|1313920|vc|7|2|nan|1798,1,5.8255e-08,1.53597,122.729,0.174768,3.95048e-08,1,5.8255e-08,1.53211,1,0.1737,3.93869e-08,False,nan|1798,1313920
130_bNAb_Combinations|1313920|vc|8|2|nan|1798,1,5.8255e-08,1.53597,36.3342,0.174768,3.95048e-08,1,5.8255e-08,1.53211,1,0.1737,3.93869e-08,False,nan|1798,1313920
130_bNAb_Combinations|1313938|cc|1|1|TRO.11|8301,1,5.65305e-08,1.53626,109.148,0.174696,3.95034e-08,1,5.65305e-08,1.5324,1,0.173628,3.93855e-08,False,nan|TRO.11,1313938
130_bNAb_Combinations|1313938|cc|2|1|TRO.11|8301,1,5.65305e-08,1.53626,56.9608,0.174696,3.95034e-08,1,5.65305e-08,1.5324,1,0.173628,3.93855e-08,False,nan|TRO.11,1313938
130_bNAb_Combinations|1313938|cc|3|1|TRO.11|8301,1,5.65305e-08,1.53626,18.1092,0.174696,3.95034e-08,1,5.65305e-08,1.5324,1,0.173628,3.93855e-08,False,nan|TRO.11,1313938
130_bNAb_Combinations|1313938|cc|4|1|TRO.11|8301,1,5.65305e-08,1.53626,64.0796,0.174696,3.95034e-08,1,5.65305e-08,1.5324,1,0.173628,3.93855e-08,False,nan|TRO.11,1313938
130_bNAb_Combinations|1313938|cc|5|1|TRO.11|8301,1,5.65305e-08,1.53626,66.7647,0.174696,3.95034e-08,1,5.65305e-08,1.5324,1,0.173628,3.93855e-08,False,nan|TRO.11,1313938
130_bNAb_Combinations|1313938|cc|6|1|TRO.11|8301,1,5.65305e-08,1.53626,58.7254,0.174696,3.95034e-08,1,5.65305e-08,1.5324,1,0.173628,3.93855e-08,False,nan|TRO.11,1313938
130_bNAb_Combinations|1313938|cc|7|1|TRO.11|8301,1,5.65305e-08,1.53626,51.5007,0.174696,3.95034e-08,1,5.65305e-08,1.5324,1,0.173628,3.93855e-08,False,nan|TRO.11,1313938
130_bNAb_Combinations|1313938|cc|8|1|TRO.11|8301,1,5.65305e-08,1.53626,22.5445,0.174696,3.95034e-08,1,5.65305e-08,1.5324,1,0.173628,3.93855e-08,False,nan|TRO.11,1313938
130_bNAb_Combinations|1313938|sample|10|TRO.11|8301,1,7.41904e-08,1.53644,51.8516,0.174696,3.95034e-08,1,7.41904e-08,1.53259,57.0522,0.173628,3.93855e-08,True,PGT121|TRO.11,1313938
130_bNAb_Combinations|1313938|sample|11|TRO.11|8301,1,1.4181e-08,1.53648,10.1703,0.174696,3.95034e-08,1,1.4181e-08,1.53262,9.99516,0.173628,3.93855e-08,True,VRC07-523LS|TRO.11,1313938
130_bNAb_Combinations|1313938|sample|12|TRO.11|8301,1,1.4181e-08,1.53648,10.954,0.174696,3.95034e-08,1,1.4181e-08,1.53262,11.0414,0.173628,3.93855e-08,True,VRC07-523LS|TRO.11,1313938
130_bNAb_Combinations|1313938|sample|3|TRO.11|8301,1,2.97024e-08,1.53657,1.37624,0.174696,3.95034e-08,1,2.97024e-08,1.53272,1.43434,0.173628,3.93855e-08,True,PGDM1400|TRO.11,1313938
130_bNAb_Combinations|1313938|sample|4|TRO.11|8301,1,2.97024e-08,1.53657,1.48742,0.174696,3.95034e-08,1,2.97024e-08,1.53272,1.44971,0.173628,3.93855e-08,True,PGDM1400|TRO.11,1313938
130_bNAb_Combinations|1313938|sample|5|TRO.11|8301,1,2.97024e-08,1.53657,1.26267,0.174696,3.95034e-08,1,2.97024e-08,1.53272,1.33788,0.173628,3.93855e-08,True,PGDM1400|TRO.11,1313938
130_bNAb_Combinations|1313938|sample|6|TRO.11|8301,1,2.97024e-08,1.53657,1.32255,0.174696,3.95034e-08,1,2.97024e-08,1.53272,1.3276,0.173628,3.93855e-08,True,PGDM1400|TRO.11,1313938
130_bNAb_Combinations|1313938|sample|7|TRO.11|8301,1,7.41904e-08,1.53644,46.4186,0.174696,3.95034e-08,1,7.41904e-08,1.53259,49.6342,0.173628,3.93855e-08,True,PGT121|TRO.11,1313938
130_bNAb_Combinations|1313938|sample|8|TRO.11|8301,1,7.41904e-08,1.53644,48.2569,0.174696,3.95034e-08,1,7.41904e-08,1.53259,47.8315,0.173628,3.93855e-08,True,PGT121|TRO.11,1313938
130_bNAb_Combinations|1313938|sample|9|TRO.11|8301,1,7.41904e-08,1.53644,56.9801,0.174696,3.95034e-08,1,7.41904e-08,1.53259,58.5517,0.173628,3.93855e-08,True,PGT121|TRO.11,1313938
130_bNAb_Combinations|1313938|vc|1|2|TRO.11|8301,1,5.65305e-08,1.53626,51.912,0.174696,3.95034e-08,1,5.65305e-08,1.5324,1,0.173628,3.93855e-08,False,nan|TRO.11,1313938
130_bNAb_Combinations|1313938|vc|2|2|TRO.11|8301,1,5.65305e-08,1.53626,32.7915,0.174696,3.95034e-08,1,5.65305e-08,1.5324,1,0.173628,3.93855e-08,False,nan|TRO.11,1313938
130_bNAb_Combinations|1313938|vc|3|2|TRO.11|8301,1,5.65305e-08,1.53626,69.1702,0.174696,3.95034e-08,1,5.65305e-08,1.5324,1,0.173628,3.93855e-08,False,nan|TRO.11,1313938
130_bNAb_Combinations|1313938|vc|4|2|TRO.11|8301,1,5.65305e-08,1.53626,50.925,0.174696,3.95034e-08,1,5.65305e-08,1.5324,1,0.173628,3.93855e-08,False,nan|TRO.11,1313938
130_bNAb_Combinations|1313938|vc|5|2|TRO.11|8301,1,5.65305e-08,1.53626,32.1019,0.174696,3.95034e-08,1,5.65305e-08,1.5324,1,0.173628,3.93855e-08,False,nan|TRO.11,1313938
130_bNAb_Combinations|1313938|vc|6|2|TRO.11|8301,1,5.65305e-08,1.53626,236.246,0.174696,3.95034e-08,1,5.65305e-08,1.5324,1,0.173628,3.93855e-08,False,nan|TRO.11,1313938
130_bNAb_Combinations|1313938|vc|7|2|TRO.11|8301,1,5.65305e-08,1.53626,573.099,0.174696,3.95034e-08,1,5.65305e-08,1.5324,1,0.173628,3.93855e-08,False,nan|TRO.11,1313938
130_bNAb_Combinations|1313938|vc|8|2|TRO.11|8301,1,5.65305e-08,1.53626,40.5785,0.174696,3.95034e-08,1,5.65305e-08,1.5324,1,0.173628,3.93855e-08,False,nan|TRO.11,1313938
130_bNAb_Combinations|1313956|cc|1|1|Ce1176_A3|7023,1,5.71566e-08,1.53628,18.9841,0.174684,3.9482e-08,1,5.71566e-08,1.53242,1,0.173617,3.93644e-08,False,nan|Ce1176_A3,1313956
130_bNAb_Combinations|1313956|cc|2|1|Ce1176_A3|7023,1,5.71566e-08,1.53628,63.674,0.174684,3.9482e-08,1,5.71566e-08,1.53242,1,0.173617,3.93644e-08,False,nan|Ce1176_A3,1313956
130_bNAb_Combinations|1313956|cc|3|1|Ce1176_A3|7023,1,5.71566e-08,1.53628,67.129,0.174684,3.9482e-08,1,5.71566e-08,1.53242,1,0.173617,3.93644e-08,False,nan|Ce1176_A3,1313956
130_bNAb_Combinations|1313956|cc|4|1|Ce1176_A3|7023,1,5.71566e-08,1.53628,32.6417,0.174684,3.9482e-08,1,5.71566e-08,1.53242,1,0.173617,3.93644e-08,False,nan|Ce1176_A3,1313956
130_bNAb_Combinations|1313956|cc|5|1|Ce1176_A3|7023,1,5.71566e-08,1.53628,20.3788,0.174684,3.9482e-08,1,5.71566e-08,1.53242,1,0.173617,3.93644e-08,False,nan|Ce1176_A3,1313956
130_bNAb_Combinations|1313956|cc|6|1|Ce1176_A3|7023,1,5.71566e-08,1.53628,54.7271,0.174684,3.9482e-08,1,5.71566e-08,1.53242,1,0.173617,3.93644e-08,False,nan|Ce1176_A3,1313956
130_bNAb_Combinations|1313956|cc|7|1|Ce1176_A3|7023,1,5.71566e-08,1.53628,47.9802,0.174684,3.9482e-08,1,5.71566e-08,1.53242,1,0.173617,3.93644e-08,False,nan|Ce1176_A3,1313956
130_bNAb_Combinations|1313956|cc|8|1|Ce1176_A3|7023,1,5.71566e-08,1.53628,26.6962,0.174684,3.9482e-08,1,5.71566e-08,1.53242,1,0.173617,3.93644e-08,False,nan|Ce1176_A3,1313956
130_bNAb_Combinations|1313956|sample|10|Ce1176_A3|7023,1,1.91347e-09,1.53646,51.7861,0.174684,3.9482e-08,1,1.91347e-09,1.5326,53.2553,0.173617,3.93644e-08,True,PGT121|Ce1176_A3,1313956
130_bNAb_Combinations|1313956|sample|11|Ce1176_A3|7023,1,5.11042e-08,1.53642,4.11496,0.174684,3.9482e-08,1,5.11042e-08,1.53256,4.15932,0.173617,3.93644e-08,True,VRC07-523LS|Ce1176_A3,1313956
130_bNAb_Combinations|1313956|sample|12|Ce1176_A3|7023,1,5.11042e-08,1.53642,4.89277,0.174684,3.9482e-08,1,5.11042e-08,1.53256,5.04847,0.173617,3.93644e-08,True,VRC07-523LS|Ce1176_A3,1313956
130_bNAb_Combinations|1313956|sample|3|Ce1176_A3|7023,1,3.11285e-07,1.53653,0.432675,0.174684,3.9482e-08,1,3.11285e-07,1.53267,0.448997,0.173617,3.93644e-08,True,PGDM1400|Ce1176_A3,1313956
130_bNAb_Combinations|1313956|sample|4|Ce1176_A3|7023,1,3.11285e-07,1.53653,0.448782,0.174684,3.9482e-08,1,3.11285e-07,1.53267,0.452993,0.173617,3.93644e-08,True,PGDM1400|Ce1176_A3,1313956
130_bNAb_Combinations|1313956|sample|5|Ce1176_A3|7023,1,3.11285e-07,1.53653,0.0895815,0.174684,3.9482e-08,1,3.11285e-07,1.53267,0.0875579,0.173617,3.93644e-08,True,PGDM1400|Ce1176_A3,1313956
130_bNAb_Combinations|1313956|sample|6|Ce1176_A3|7023,1,3.11285e-07,1.53653,0.0935565,0.174684,3.9482e-08,1,3.11285e-07,1.53267,0.0943035,0.173617,3.93644e-08,True,PGDM1400|Ce1176_A3,1313956
130_bNAb_Combinations|1313956|sample|7|Ce1176_A3|7023,1,1.91347e-09,1.53646,44.8818,0.174684,3.9482e-08,1,1.91347e-09,1.5326,44.5899,0.173617,3.93644e-08,True,PGT121|Ce1176_A3,1313956
130_bNAb_Combinations|1313956|sample|8|Ce1176_A3|7023,1,1.91347e-09,1.53646,39.8797,0.174684,3.9482e-08,1,1.91347e-09,1.5326,43.3937,0.173617,3.93644e-08,True,PGT121|Ce1176_A3,1313956
130_bNAb_Combinations|1313956|sample|9|Ce1176_A3|7023,1,1.91347e-09,1.53646,51.44,0.174684,3.9482e-08,1,1.91347e-09,1.5326,52.855,0.173617,3.93644e-08,True,PGT121|Ce1176_A3,1313956
130_bNAb_Combinations|1313956|vc|1|2|Ce1176_A3|7023,1,5.71566e-08,1.53628,79.2276,0.174684,3.9482e-08,1,5.71566e-08,1.53242,1,0.173617,3.93644e-08,False,nan|Ce1176_A3,1313956
130_bNAb_Combinations|1313956|vc|2|2|Ce1176_A3|7023,1,5.71566e-08,1.53628,48.6921,0.174684,3.9482e-08,1,5.71566e-08,1.53242,1,0.173617,3.93644e-08,False,nan|Ce1176_A3,1313956
130_bNAb_Combinations|1313956|vc|3|2|Ce1176_A3|7023,1,5.71566e-08,1.53628,48.4057,0.174684,3.9482e-08,1,5.71566e-08,1.53242,1,0.173617,3.93644e-08,False,nan|Ce1176_A3,1313956
130_bNAb_Combinations|1313956|vc|4|2|Ce1176_A3|7023,1,5.71566e-08,1.53628,21.0003,0.174684,3.9482e-08,1,5.71566e-08,1.53242,0.999999,0.173617,3.93644e-08,False,nan|Ce1176_A3,1313956
130_bNAb_Combinations|1313956|vc|5|2|Ce1176_A3|7023,1,5.71566e-08,1.53628,16.4513,0.174684,3.9482e-08,1,5.71566e-08,1.53242,1,0.173617,3.93644e-08,False,nan|Ce1176_A3,1313956
130_bNAb_Combinations|1313956|vc|6|2|Ce1176_A3|7023,1,5.71566e-08,1.53628,18.3026,0.174684,3.9482e-08,1,5.71566e-08,1.53242,1,0.173617,3.93644e-08,False,nan|Ce1176_A3,1313956
130_bNAb_Combinations|1313956|vc|7|2|Ce1176_A3|7023,1,5.71566e-08,1.53628,39.1429,0.174684,3.9482e-08,1,5.71566e-08,1.53242,1,0.173617,3.93644e-08,False,nan|Ce1176_A3,1313956
130_bNAb_Combinations|1313956|vc|8|2|Ce1176_A3|7023,1,5.71566e-08,1.53628,16.3458,0.174684,3.9482e-08,1,5.71566e-08,1.53242,1,0.173617,3.93644e-08,False,nan|Ce1176_A3,1313956
130_bNAb_Combinations|1313974|cc|1|1|nan|1176,1,6.63837e-09,1.53624,231.733,0.174684,3.95035e-08,1,6.63837e-09,1.53238,1,0.173616,3.93856e-08,False,nan|1176,1313974
130_bNAb_Combinations|1313974|cc|2|1|nan|1176,1,6.63837e-09,1.53624,35.6638,0.174684,3.95035e-08,1,6.63837e-09,1.53238,1,0.173616,3.93856e-08,False,nan|1176,1313974
130_bNAb_Combinations|1313974|cc|3|1|nan|1176,1,6.63837e-09,1.53624,17.7551,0.174684,3.95035e-08,1,6.63837e-09,1.53238,1,0.173616,3.93856e-08,False,nan|1176,1313974
130_bNAb_Combinations|1313974|cc|4|1|nan|1176,1,6.63837e-09,1.53624,62.4172,0.174684,3.95035e-08,1,6.63837e-09,1.53238,1,0.173616,3.93856e-08,False,nan|1176,1313974
130_bNAb_Combinations|1313974|cc|5|1|nan|1176,1,6.63837e-09,1.53624,58.0551,0.174684,3.95035e-08,1,6.63837e-09,1.53238,1,0.173616,3.93856e-08,False,nan|1176,1313974
130_bNAb_Combinations|1313974|cc|6|1|nan|1176,1,6.63837e-09,1.53624,64.2867,0.174684,3.95035e-08,1,6.63837e-09,1.53238,1,0.173616,3.93856e-08,False,nan|1176,1313974
130_bNAb_Combinations|1313974|cc|7|1|nan|1176,1,6.63837e-09,1.53624,17.8023,0.174684,3.95035e-08,1,6.63837e-09,1.53238,1,0.173616,3.93856e-08,False,nan|1176,1313974
130_bNAb_Combinations|1313974|cc|8|1|nan|1176,1,6.63837e-09,1.53624,375.933,0.174684,3.95035e-08,1,6.63837e-09,1.53238,1,0.173616,3.93856e-08,False,nan|1176,1313974
130_bNAb_Combinations|1313974|sample|10|nan|1176,1,5.7252e-09,0.812343,0.702734,0.174684,3.95035e-08,1,5.7252e-09,0.814374,0.725501,0.173616,3.93856e-08,True,PGT121|1176,1313974
130_bNAb_Combinations|1313974|sample|11|nan|1176,1,2.8652e-10,1.53647,12.5981,0.174684,3.95035e-08,1,2.8652e-10,1.53261,14.3416,0.173616,3.93856e-08,True,VRC07-523LS|1176,1313974
130_bNAb_Combinations|1313974|sample|12|nan|1176,1,2.8652e-10,1.53647,25.3624,0.174684,3.95035e-08,1,2.8652e-10,1.53261,25.1705,0.173616,3.93856e-08,True,VRC07-523LS|1176,1313974
130_bNAb_Combinations|1313974|sample|3|nan|1176,1,2.07119e-05,1.53654,3.6496,0.174684,3.95035e-08,1,2.07119e-05,1.53268,3.29549,0.173616,3.93856e-08,True,PGDM1400|1176,1313974
130_bNAb_Combinations|1313974|sample|4|nan|1176,1,2.07119e-05,1.53654,9.66449,0.174684,3.95035e-08,1,2.07119e-05,1.53268,9.96193,0.173616,3.93856e-08,True,PGDM1400|1176,1313974
130_bNAb_Combinations|1313974|sample|5|nan|1176,1,2.07119e-05,1.53654,1.07714,0.174684,3.95035e-08,1,2.07119e-05,1.53268,1.12249,0.173616,3.93856e-08,True,PGDM1400|1176,1313974
130_bNAb_Combinations|1313974|sample|6|nan|1176,1,2.07119e-05,1.53654,1.3847,0.174684,3.95035e-08,1,2.07119e-05,1.53268,1.44804,0.173616,3.93856e-08,True,PGDM1400|1176,1313974
130_bNAb_Combinations|1313974|sample|7|nan|1176,1,5.7252e-09,0.812343,1.14325,0.174684,3.95035e-08,1,5.7252e-09,0.814374,1.2389,0.173616,3.93856e-08,True,PGT121|1176,1313974
130_bNAb_Combinations|1313974|sample|8|nan|1176,1,5.7252e-09,0.812343,1.2556,0.174684,3.95035e-08,1,5.7252e-09,0.814374,1.2757,0.173616,3.93856e-08,True,PGT121|1176,1313974
130_bNAb_Combinations|1313974|sample|9|nan|1176,1,5.7252e-09,0.812343,0.693867,0.174684,3.95035e-08,1,5.7252e-09,0.814374,0.683331,0.173616,3.93856e-08,True,PGT121|1176,1313974
130_bNAb_Combinations|1313974|vc|1|2|nan|1176,1,6.63837e-09,1.53624,36.6343,0.174684,3.95035e-08,1,6.63837e-09,1.53238,1,0.173616,3.93856e-08,False,nan|1176,1313974
130_bNAb_Combinations|1313974|vc|2|2|nan|1176,1,6.63837e-09,1.53624,26.3989,0.174684,3.95035e-08,1,6.63837e-09,1.53238,1,0.173616,3.93856e-08,False,nan|1176,1313974
130_bNAb_Combinations|1313974|vc|3|2|nan|1176,1,6.63837e-09,1.53624,46.8184,0.174684,3.95035e-08,1,6.63837e-09,1.53238,1,0.173616,3.93856e-08,False,nan|1176,1313974
130_bNAb_Combinations|1313974|vc|4|2|nan|1176,1,6.63837e-09,1.53624,19.2436,0.174684,3.95035e-08,1,6.63837e-09,1.53238,1,0.173616,3.93856e-08,False,nan|1176,1313974
130_bNAb_Combinations|1313974|vc|5|2|nan|1176,1,6.63837e-09,1.53624,22.2272,0.174684,3.95035e-08,1,6.63837e-09,1.53238,1,0.173616,3.93856e-08,False,nan|1176,1313974
130_bNAb_Combinations|1313974|vc|6|2|nan|1176,1,6.63837e-09,1.53624,25.3491,0.174684,3.95035e-08,1,6.63837e-09,1.53238,1,0.173616,3.93856e-08,False,nan|1176,1313974
130_bNAb_Combinations|1313974|vc|7|2|nan|1176,1,6.63837e-09,1.53624,18.1274,0.174684,3.95035e-08,1,6.63837e-09,1.53238,1,0.173616,3.93856e-08,False,nan|1176,1313974
130_bNAb_Combinations|1313974|vc|8|2|nan|1176,1,6.63837e-09,1.53624,158.945,0.174684,3.95035e-08,1,6.63837e-09,1.53238,1,0.173616,3.93856e-08,False,nan|1176,1313974
130_bNAb_Combinations|1313992|cc|1|1|RHPA4259.7|5371,1,1.43599e-07,1.53626,280.238,0.174684,3.9504e-08,1,1.43599e-07,1.5324,1,0.173617,3.93861e-08,False,nan|RHPA4259.7,1313992
130_bNAb_Combinations|1313992|cc|2|1|RHPA4259.7|5371,1,1.43599e-07,1.53626,46.9009,0.174684,3.9504e-08,1,1.43599e-07,1.5324,1,0.173617,3.93861e-08,False,nan|RHPA4259.7,1313992
130_bNAb_Combinations|1313992|cc|3|1|RHPA4259.7|5371,1,1.43599e-07,1.53626,50.1531,0.174684,3.9504e-08,1,1.43599e-07,1.5324,1,0.173617,3.93861e-08,False,nan|RHPA4259.7,1313992
130_bNAb_Combinations|1313992|cc|4|1|RHPA4259.7|5371,1,1.43599e-07,1.53626,33.8245,0.174684,3.9504e-08,1,1.43599e-07,1.5324,1,0.173617,3.93861e-08,False,nan|RHPA4259.7,1313992
130_bNAb_Combinations|1313992|cc|5|1|RHPA4259.7|5371,1,1.43599e-07,1.53626,37.9045,0.174684,3.9504e-08,1,1.43599e-07,1.5324,1,0.173617,3.93861e-08,False,nan|RHPA4259.7,1313992
130_bNAb_Combinations|1313992|cc|6|1|RHPA4259.7|5371,1,1.43599e-07,1.53626,79.7426,0.174684,3.9504e-08,1,1.43599e-07,1.5324,1,0.173617,3.93861e-08,False,nan|RHPA4259.7,1313992
130_bNAb_Combinations|1313992|cc|7|1|RHPA4259.7|5371,1,1.43599e-07,1.53626,66.1307,0.174684,3.9504e-08,1,1.43599e-07,1.5324,1,0.173617,3.93861e-08,False,nan|RHPA4259.7,1313992
130_bNAb_Combinations|1313992|cc|8|1|RHPA4259.7|5371,1,1.43599e-07,1.53626,45.9442,0.174684,3.9504e-08,1,1.43599e-07,1.5324,1,0.173617,3.93861e-08,False,nan|RHPA4259.7,1313992
130_bNAb_Combinations|1313992|sample|10|RHPA4259.7|5371,1,1.26825e-07,1.53642,49.5018,0.174684,3.9504e-08,1,1.26825e-07,1.53257,46.853,0.173617,3.93861e-08,True,PGT121|RHPA4259.7,1313992
130_bNAb_Combinations|1313992|sample|11|RHPA4259.7|5371,1,4.53192e-07,1.53646,63.5361,0.174684,3.9504e-08,1,4.53192e-07,1.5326,60.9741,0.173617,3.93861e-08,True,VRC07-523LS|RHPA4259.7,1313992
130_bNAb_Combinations|1313992|sample|12|RHPA4259.7|5371,1,4.53192e-07,1.53646,49.8133,0.174684,3.9504e-08,1,4.53192e-07,1.5326,49.5446,0.173617,3.93861e-08,True,VRC07-523LS|RHPA4259.7,1313992
130_bNAb_Combinations|1313992|sample|3|RHPA4259.7|5371,1,9.42771e-09,1.53648,2.1115,0.174684,3.9504e-08,1,9.42771e-09,1.53262,2.16187,0.173617,3.93861e-08,True,PGDM1400|RHPA4259.7,1313992
130_bNAb_Combinations|1313992|sample|4|RHPA4259.7|5371,1,9.42771e-09,1.53648,2.04217,0.174684,3.9504e-08,1,9.42771e-09,1.53262,2.12448,0.173617,3.93861e-08,True,PGDM1400|RHPA4259.7,1313992
130_bNAb_Combinations|1313992|sample|5|RHPA4259.7|5371,1,9.42771e-09,1.53648,2.35107,0.174684,3.9504e-08,1,9.42771e-09,1.53262,2.37032,0.173617,3.93861e-08,True,PGDM1400|RHPA4259.7,1313992
130_bNAb_Combinations|1313992|sample|6|RHPA4259.7|5371,1,9.42771e-09,1.53648,2.19733,0.174684,3.9504e-08,1,9.42771e-09,1.53262,2.3368,0.173617,3.93861e-08,True,PGDM1400|RHPA4259.7,1313992
130_bNAb_Combinations|1313992|sample|7|RHPA4259.7|5371,1,1.26825e-07,1.53642,44.5771,0.174684,3.9504e-08,1,1.26825e-07,1.53257,45.7658,0.173617,3.93861e-08,True,PGT121|RHPA4259.7,1313992
130_bNAb_Combinations|1313992|sample|8|RHPA4259.7|5371,1,1.26825e-07,1.53642,38.0353,0.174684,3.9504e-08,1,1.26825e-07,1.53257,39.6631,0.173617,3.93861e-08,True,PGT121|RHPA4259.7,1313992
130_bNAb_Combinations|1313992|sample|9|RHPA4259.7|5371,1,1.26825e-07,1.53642,45.9167,0.174684,3.9504e-08,1,1.26825e-07,1.53257,43.698,0.173617,3.93861e-08,True,PGT121|RHPA4259.7,1313992
130_bNAb_Combinations|1313992|vc|1|2|RHPA4259.7|5371,1,1.43599e-07,1.53626,47.6392,0.174684,3.9504e-08,1,1.43599e-07,1.5324,1,0.173617,3.93861e-08,False,nan|RHPA4259.7,1313992
130_bNAb_Combinations|1313992|vc|2|2|RHPA4259.7|5371,1,1.43599e-07,1.53626,18.4461,0.174684,3.9504e-08,1,1.43599e-07,1.5324,1,0.173617,3.93861e-08,False,nan|RHPA4259.7,1313992
130_bNAb_Combinations|1313992|vc|3|2|RHPA4259.7|5371,1,1.43599e-07,1.53626,23.605,0.174684,3.9504e-08,1,1.43599e-07,1.5324,1,0.173617,3.93861e-08,False,nan|RHPA4259.7,1313992
130_bNAb_Combinations|1313992|vc|4|2|RHPA4259.7|5371,1,1.43599e-07,1.53626,26.0272,0.174684,3.9504e-08,1,1.43599e-07,1.5324,1,0.173617,3.93861e-08,False,nan|RHPA4259.7,1313992
130_bNAb_Combinations|1313992|vc|5|2|RHPA4259.7|5371,1,1.43599e-07,1.53626,48.2601,0.174684,3.9504e-08,1,1.43599e-07,1.5324,1,0.173617,3.93861e-08,False,nan|RHPA4259.7,1313992
130_bNAb_Combinations|1313992|vc|6|2|RHPA4259.7|5371,1,1.43599e-07,1.53626,95.6244,0.174684,3.9504e-08,1,1.43599e-07,1.5324,1,0.173617,3.93861e-08,False,nan|RHPA4259.7,1313992
130_bNAb_Combinations|1313992|vc|7|2|RHPA4259.7|5371,1,1.43599e-07,1.53626,18.6811,0.174684,3.9504e-08,1,1.43599e-07,1.5324,1,0.173617,3.93861e-08,False,nan|RHPA4259.7,1313992
130_bNAb_Combinations|1313992|vc|8|2|RHPA4259.7|5371,1,1.43599e-07,1.53626,37.5136,0.174684,3.9504e-08,1,1.43599e-07,1.5324,1,0.173617,3.93861e-08,False,nan|RHPA4259.7,1313992
130_bNAb_Combinations|1314016|cc|1|1|nan|3430,1,2.11671e-07,1.53626,48.9557,0.174681,3.95019e-08,1,2.11671e-07,1.5324,1,0.173614,3.93839e-08,False,nan|3430,1314016
130_bNAb_Combinations|1314016|cc|2|1|nan|3430,1,2.11671e-07,1.53626,136.214,0.174681,3.95019e-08,1,2.11671e-07,1.5324,1,0.173614,3.93839e-08,False,nan|3430,1314016
130_bNAb_Combinations|1314016|cc|3|1|nan|3430,1,2.11671e-07,1.53626,43.3274,0.174681,3.95019e-08,1,2.11671e-07,1.5324,1,0.173614,3.93839e-08,False,nan|3430,1314016
130_bNAb_Combinations|1314016|cc|4|1|nan|3430,1,2.11671e-07,1.53626,32.26,0.174681,3.95019e-08,1,2.11671e-07,1.5324,1,0.173614,3.93839e-08,False,nan|3430,1314016
130_bNAb_Combinations|1314016|cc|5|1|nan|3430,1,2.11671e-07,1.53626,57.4715,0.174681,3.95019e-08,1,2.11671e-07,1.5324,1,0.173614,3.93839e-08,False,nan|3430,1314016
130_bNAb_Combinations|1314016|cc|6|1|nan|3430,1,2.11671e-07,1.53626,29.3386,0.174681,3.95019e-08,1,2.11671e-07,1.5324,1,0.173614,3.93839e-08,False,nan|3430,1314016
130_bNAb_Combinations|1314016|cc|7|1|nan|3430,1,2.11671e-07,1.53626,46.9619,0.174681,3.95019e-08,1,2.11671e-07,1.5324,1,0.173614,3.93839e-08,False,nan|3430,1314016
130_bNAb_Combinations|1314016|cc|8|1|nan|3430,1,2.11671e-07,1.53626,24.5712,0.174681,3.95019e-08,1,2.11671e-07,1.5324,1,0.173614,3.93839e-08,False,nan|3430,1314016
130_bNAb_Combinations|1314016|sample|10|nan|3430,1,1.04669e-07,0.949558,27.1285,0.174681,3.95019e-08,1,1.04669e-07,0.948676,27.061,0.173614,3.93839e-08,True,PGT121|3430,1314016
130_bNAb_Combinations|1314016|sample|11|nan|3430,1,1.42844e-08,1.53639,22.6418,0.174681,3.95019e-08,1,1.42844e-08,1.53253,23.4802,0.173614,3.93839e-08,True,VRC07-523LS|3430,1314016
130_bNAb_Combinations|1314016|sample|12|nan|3430,1,1.42844e-08,1.53639,26.3226,0.174681,3.95019e-08,1,1.42844e-08,1.53253,26.1032,0.173614,3.93839e-08,True,VRC07-523LS|3430,1314016
130_bNAb_Combinations|1314016|sample|3|nan|3430,1,1.74939e-08,0.897447,384.937,0.174681,3.95019e-08,1,1.74939e-08,0.89152,391.559,0.173614,3.93839e-08,True,PGDM1400|3430,1314016
130_bNAb_Combinations|1314016|sample|4|nan|3430,1,1.74939e-08,0.897447,441.923,0.174681,3.95019e-08,1,1.74939e-08,0.89152,370.67,0.173614,3.93839e-08,True,PGDM1400|3430,1314016
130_bNAb_Combinations|1314016|sample|5|nan|3430,1,1.74939e-08,0.897447,414.266,0.174681,3.95019e-08,1,1.74939e-08,0.89152,439.568,0.173614,3.93839e-08,True,PGDM1400|3430,1314016
130_bNAb_Combinations|1314016|sample|6|nan|3430,1,1.74939e-08,0.897447,559.953,0.174681,3.95019e-08,1,1.74939e-08,0.89152,541.134,0.173614,3.93839e-08,True,PGDM1400|3430,1314016
130_bNAb_Combinations|1314016|sample|7|nan|3430,1,1.04669e-07,0.949558,22.4805,0.174681,3.95019e-08,1,1.04669e-07,0.948676,21.4351,0.173614,3.93839e-08,True,PGT121|3430,1314016
130_bNAb_Combinations|1314016|sample|8|nan|3430,1,1.04669e-07,0.949558,21.6352,0.174681,3.95019e-08,1,1.04669e-07,0.948676,21.9314,0.173614,3.93839e-08,True,PGT121|3430,1314016
130_bNAb_Combinations|1314016|sample|9|nan|3430,1,1.04669e-07,0.949558,25.8467,0.174681,3.95019e-08,1,1.04669e-07,0.948676,27.1962,0.173614,3.93839e-08,True,PGT121|3430,1314016
130_bNAb_Combinations|1314016|vc|1|2|nan|3430,1,2.11671e-07,1.53626,17.5861,0.174681,3.95019e-08,1,2.11671e-07,1.5324,1,0.173614,3.93839e-08,False,nan|3430,1314016
130_bNAb_Combinations|1314016|vc|2|2|nan|3430,1,2.11671e-07,1.53626,29.8734,0.174681,3.95019e-08,1,2.11671e-07,1.5324,1,0.173614,3.93839e-08,False,nan|3430,1314016
130_bNAb_Combinations|1314016|vc|3|2|nan|3430,1,2.11671e-07,1.53626,33.733,0.174681,3.95019e-08,1,2.11671e-07,1.5324,1,0.173614,3.93839e-08,False,nan|3430,1314016
130_bNAb_Combinations|1314016|vc|4|2|nan|3430,1,2.11671e-07,1.53626,70.7146,0.174681,3.95019e-08,1,2.11671e-07,1.5324,1,0.173614,3.93839e-08,False,nan|3430,1314016
130_bNAb_Combinations|1314016|vc|5|2|nan|3430,1,2.11671e-07,1.53626,91.5741,0.174681,3.95019e-08,1,2.11671e-07,1.5324,1,0.173614,3.93839e-08,False,nan|3430,1314016
130_bNAb_Combinations|1314016|vc|6|2|nan|3430,1,2.11671e-07,1.53626,81.616,0.174681,3.95019e-08,1,2.11671e-07,1.5324,1,0.173614,3.93839e-08,False,nan|3430,1314016
130_bNAb_Combinations|1314016|vc|7|2|nan|3430,1,2.11671e-07,1.53626,45.8861,0.174681,3.95019e-08,1,2.11671e-07,1.5324,1,0.173614,3.93839e-08,False,nan|3430,1314016
130_bNAb_Combinations|1314016|vc|8|2|nan|3430,1,2.11671e-07,1.53626,71.0637,0.174681,3.95019e-08,1,2.11671e-07,1.5324,1,0.173614,3.93839e-08,False,nan|3430,1314016
130_bNAb_Combinations|1314040|cc|1|1|nan|4166,1,5.62704e-08,1.53623,11.917,0.174586,3.95015e-08,1,5.62704e-08,1.53237,1,0.17352,3.93835e-08,False,nan|4166,1314040
130_bNAb_Combinations|1314040|cc|2|1|nan|4166,1,5.62704e-08,1.53623,45.2402,0.174586,3.95015e-08,1,5.62704e-08,1.53237,1,0.17352,3.93835e-08,False,nan|4166,1314040
130_bNAb_Combinations|1314040|cc|3|1|nan|4166,1,5.62704e-08,1.53623,55.4907,0.174586,3.95015e-08,1,5.62704e-08,1.53237,1,0.17352,3.93835e-08,False,nan|4166,1314040
130_bNAb_Combinations|1314040|cc|4|1|nan|4166,1,5.62704e-08,1.53623,67.5338,0.174586,3.95015e-08,1,5.62704e-08,1.53237,1,0.17352,3.93835e-08,False,nan|4166,1314040
130_bNAb_Combinations|1314040|cc|5|1|nan|4166,1,5.62704e-08,1.53623,86.0057,0.174586,3.95015e-08,1,5.62704e-08,1.53237,1,0.17352,3.93835e-08,False,nan|4166,1314040
130_bNAb_Combinations|1314040|cc|6|1|nan|4166,1,5.62704e-08,1.53623,27.159,0.174586,3.95015e-08,1,5.62704e-08,1.53237,1,0.17352,3.93835e-08,False,nan|4166,1314040
130_bNAb_Combinations|1314040|cc|7|1|nan|4166,1,5.62704e-08,1.53623,43.3477,0.174586,3.95015e-08,1,5.62704e-08,1.53237,1,0.17352,3.93835e-08,False,nan|4166,1314040
130_bNAb_Combinations|1314040|cc|8|1|nan|4166,1,5.62704e-08,1.53623,52.1948,0.174586,3.95015e-08,1,5.62704e-08,1.53237,1,0.17352,3.93835e-08,False,nan|4166,1314040
130_bNAb_Combinations|1314040|sample|10|nan|4166,1,1.78165e-08,1.96928,71.7857,0.174586,3.95015e-08,1,1.78165e-08,1.97195,76.7327,0.17352,3.93835e-08,True,PGT121|4166,1314040
130_bNAb_Combinations|1314040|sample|11|nan|4166,1,2.00326e-08,1.53632,56.2669,0.174586,3.95015e-08,1,2.00326e-08,1.53246,58.4032,0.17352,3.93835e-08,True,VRC07-523LS|4166,1314040
130_bNAb_Combinations|1314040|sample|12|nan|4166,1,2.00326e-08,1.53632,69.2382,0.174586,3.95015e-08,1,2.00326e-08,1.53246,72.1404,0.17352,3.93835e-08,True,VRC07-523LS|4166,1314040
130_bNAb_Combinations|1314040|sample|3|nan|4166,1,2.69012e-08,0.959034,227.73,0.174586,3.95015e-08,1,2.69012e-08,0.946323,218.266,0.17352,3.93835e-08,True,PGDM1400|4166,1314040
130_bNAb_Combinations|1314040|sample|4|nan|4166,1,2.69012e-08,0.959034,157.267,0.174586,3.95015e-08,1,2.69012e-08,0.946323,155.647,0.17352,3.93835e-08,True,PGDM1400|4166,1314040
130_bNAb_Combinations|1314040|sample|5|nan|4166,1,2.69012e-08,0.959034,166.135,0.174586,3.95015e-08,1,2.69012e-08,0.946323,185.358,0.17352,3.93835e-08,True,PGDM1400|4166,1314040
130_bNAb_Combinations|1314040|sample|6|nan|4166,1,2.69012e-08,0.959034,176.853,0.174586,3.95015e-08,1,2.69012e-08,0.946323,181.364,0.17352,3.93835e-08,True,PGDM1400|4166,1314040
130_bNAb_Combinations|1314040|sample|7|nan|4166,1,1.78165e-08,1.96928,56.38,0.174586,3.95015e-08,1,1.78165e-08,1.97195,57.3917,0.17352,3.93835e-08,True,PGT121|4166,1314040
130_bNAb_Combinations|1314040|sample|8|nan|4166,1,1.78165e-08,1.96928,55.5524,0.174586,3.95015e-08,1,1.78165e-08,1.97195,54.146,0.17352,3.93835e-08,True,PGT121|4166,1314040
130_bNAb_Combinations|1314040|sample|9|nan|4166,1,1.78165e-08,1.96928,57.844,0.174586,3.95015e-08,1,1.78165e-08,1.97195,59.0141,0.17352,3.93835e-08,True,PGT121|4166,1314040
130_bNAb_Combinations|1314040|vc|1|2|nan|4166,1,5.62704e-08,1.53623,46.6693,0.174586,3.95015e-08,1,5.62704e-08,1.53237,1,0.17352,3.93835e-08,False,nan|4166,1314040
130_bNAb_Combinations|1314040|vc|2|2|nan|4166,1,5.62704e-08,1.53623,38.8221,0.174586,3.95015e-08,1,5.62704e-08,1.53237,1,0.17352,3.93835e-08,False,nan|4166,1314040
130_bNAb_Combinations|1314040|vc|3|2|nan|4166,1,5.62704e-08,1.53623,21.1761,0.174586,3.95015e-08,1,5.62704e-08,1.53237,1,0.17352,3.93835e-08,False,nan|4166,1314040
130_bNAb_Combinations|1314040|vc|4|2|nan|4166,1,5.62704e-08,1.53623,46.6941,0.174586,3.95015e-08,1,5.62704e-08,1.53237,0.999999,0.17352,3.93835e-08,False,nan|4166,1314040
130_bNAb_Combinations|1314040|vc|5|2|nan|4166,1,5.62704e-08,1.53623,15.0664,0.174586,3.95015e-08,1,5.62704e-08,1.53237,1,0.17352,3.93835e-08,False,nan|4166,1314040
130_bNAb_Combinations|1314040|vc|6|2|nan|4166,1,5.62704e-08,1.53623,33.5217,0.174586,3.95015e-08,1,5.62704e-08,1.53237,1,0.17352,3.93835e-08,False,nan|4166,1314040
130_bNAb_Combinations|1314040|vc|7|2|nan|4166,1,5.62704e-08,1.53623,31.6804,0.174586,3.95015e-08,1,5.62704e-08,1.53237,1,0.17352,3.93835e-08,False,nan|4166,1314040
130_bNAb_Combinations|1314040|vc|8|2|nan|4166,1,5.62704e-08,1.53623,23.8773,0.174586,3.95015e-08,1,5.62704e-08,1.53237,1,0.17352,3.93835e-08,False,nan|4166,1314040
130_bNAb_Combinations|1314058|cc|1|1|nan|2944,1,1.54195e-07,1.53625,12.5419,0.174663,3.94898e-08,1,1.54195e-07,1.53239,1,0.173596,3.93718e-08,False,nan|2944,1314058
130_bNAb_Combinations|1314058|cc|2|1|nan|2944,1,1.54195e-07,1.53625,163.745,0.174663,3.94898e-08,1,1.54195e-07,1.53239,1,0.173596,3.93718e-08,False,nan|2944,1314058
130_bNAb_Combinations|1314058|cc|3|1|nan|2944,1,1.54195e-07,1.53625,48.0912,0.174663,3.94898e-08,1,1.54195e-07,1.53239,1,0.173596,3.93718e-08,False,nan|2944,1314058
130_bNAb_Combinations|1314058|cc|4|1|nan|2944,1,1.54195e-07,1.53625,28.1512,0.174663,3.94898e-08,1,1.54195e-07,1.53239,1,0.173596,3.93718e-08,False,nan|2944,1314058
130_bNAb_Combinations|1314058|cc|5|1|nan|2944,1,1.54195e-07,1.53625,72.546,0.174663,3.94898e-08,1,1.54195e-07,1.53239,1,0.173596,3.93718e-08,False,nan|2944,1314058
130_bNAb_Combinations|1314058|cc|6|1|nan|2944,1,1.54195e-07,1.53625,25.338,0.174663,3.94898e-08,1,1.54195e-07,1.53239,1,0.173596,3.93718e-08,False,nan|2944,1314058
130_bNAb_Combinations|1314058|cc|7|1|nan|2944,1,1.54195e-07,1.53625,29.077,0.174663,3.94898e-08,1,1.54195e-07,1.53239,1,0.173596,3.93718e-08,False,nan|2944,1314058
130_bNAb_Combinations|1314058|cc|8|1|nan|2944,1,1.54195e-07,1.53625,28.2024,0.174663,3.94898e-08,1,1.54195e-07,1.53239,1,0.173596,3.93718e-08,False,nan|2944,1314058
130_bNAb_Combinations|1314058|sample|10|nan|2944,1,5.46466e-07,1.5363,76.3499,0.174663,3.94898e-08,1,5.46466e-07,1.53244,80.018,0.173596,3.93718e-08,True,PGT121|2944,1314058
130_bNAb_Combinations|1314058|sample|11|nan|2944,1,4.07553e-10,1.53636,11.8875,0.174663,3.94898e-08,1,4.07553e-10,1.5325,12.8048,0.173596,3.93718e-08,True,VRC07-523LS|2944,1314058
130_bNAb_Combinations|1314058|sample|12|nan|2944,1,4.07553e-10,1.53636,13.5581,0.174663,3.94898e-08,1,4.07553e-10,1.5325,13.5441,0.173596,3.93718e-08,True,VRC07-523LS|2944,1314058
130_bNAb_Combinations|1314058|sample|3|nan|2944,1,4.26987e-07,1.53651,439.466,0.174663,3.94898e-08,1,4.26987e-07,1.53265,456.705,0.173596,3.93718e-08,True,PGDM1400|2944,1314058
130_bNAb_Combinations|1314058|sample|4|nan|2944,1,4.26987e-07,1.53651,394.178,0.174663,3.94898e-08,1,4.26987e-07,1.53265,449.186,0.173596,3.93718e-08,True,PGDM1400|2944,1314058
130_bNAb_Combinations|1314058|sample|5|nan|2944,1,4.26987e-07,1.53651,496.625,0.174663,3.94898e-08,1,4.26987e-07,1.53265,497.995,0.173596,3.93718e-08,True,PGDM1400|2944,1314058
130_bNAb_Combinations|1314058|sample|6|nan|2944,1,4.26987e-07,1.53651,706.98,0.174663,3.94898e-08,1,4.26987e-07,1.53265,712.255,0.173596,3.93718e-08,True,PGDM1400|2944,1314058
130_bNAb_Combinations|1314058|sample|7|nan|2944,1,5.46466e-07,1.5363,76.2372,0.174663,3.94898e-08,1,5.46466e-07,1.53244,80.7846,0.173596,3.93718e-08,True,PGT121|2944,1314058
130_bNAb_Combinations|1314058|sample|8|nan|2944,1,5.46466e-07,1.5363,63.8818,0.174663,3.94898e-08,1,5.46466e-07,1.53244,66.3168,0.173596,3.93718e-08,True,PGT121|2944,1314058
130_bNAb_Combinations|1314058|sample|9|nan|2944,1,5.46466e-07,1.5363,85.3607,0.174663,3.94898e-08,1,5.46466e-07,1.53244,87.4097,0.173596,3.93718e-08,True,PGT121|2944,1314058
130_bNAb_Combinations|1314058|vc|1|2|nan|2944,1,1.54195e-07,1.53625,21.4716,0.174663,3.94898e-08,1,1.54195e-07,1.53239,1,0.173596,3.93718e-08,False,nan|2944,1314058
130_bNAb_Combinations|1314058|vc|2|2|nan|2944,1,1.54195e-07,1.53625,59.6725,0.174663,3.94898e-08,1,1.54195e-07,1.53239,1,0.173596,3.93718e-08,False,nan|2944,1314058
130_bNAb_Combinations|1314058|vc|3|2|nan|2944,1,1.54195e-07,1.53625,20.6473,0.174663,3.94898e-08,1,1.54195e-07,1.53239,1,0.173596,3.93718e-08,False,nan|2944,1314058
130_bNAb_Combinations|1314058|vc|4|2|nan|2944,1,1.54195e-07,1.53625,27.1029,0.174663,3.94898e-08,1,1.54195e-07,1.53239,1,0.173596,3.93718e-08,False,nan|2944,1314058
130_bNAb_Combinations|1314058|vc|5|2|nan|2944,1,1.54195e-07,1.53625,31.9144,0.174663,3.94898e-08,1,1.54195e-07,1.53239,1,0.173596,3.93718e-08,False,nan|2944,1314058
130_bNAb_Combinations|1314058|vc|6|2|nan|2944,1,1.54195e-07,1.53625,152.647,0.174663,3.94898e-08,1,1.54195e-07,1.53239,1,0.173596,3.93718e-08,False,nan|2944,1314058
130_bNAb_Combinations|1314058|vc|7|2|nan|2944,1,1.54195e-07,1.53625,27.0669,0.174663,3.94898e-08,1,1.54195e-07,1.53239,1,0.173596,3.93718e-08,False,nan|2944,1314058
130_bNAb_Combinations|1314058|vc|8|2|nan|2944,1,1.54195e-07,1.53625,203.449,0.174663,3.94898e-08,1,1.54195e-07,1.53239,1,0.173596,3.93718e-08,False,nan|2944,1314058
130_bNAb_Combinations|1342240|cc|1|1|nan|1798,1,5.8255e-08,1.53597,21.6636,0.174683,3.95037e-08,1,5.8255e-08,1.53211,1,0.173616,3.93858e-08,False,nan|1798,1342240
130_bNAb_Combinations|1342240|cc|2|1|nan|1798,1,5.8255e-08,1.53597,25.173,0.174683,3.95037e-08,1,5.8255e-08,1.53211,1,0.173616,3.93858e-08,False,nan|1798,1342240
130_bNAb_Combinations|1342240|cc|3|1|nan|1798,1,5.8255e-08,1.53597,32.7879,0.174683,3.95037e-08,1,5.8255e-08,1.53211,1,0.173616,3.93858e-08,False,nan|1798,1342240
130_bNAb_Combinations|1342240|cc|4|1|nan|1798,1,5.8255e-08,1.53597,36.2933,0.174683,3.95037e-08,1,5.8255e-08,1.53211,1,0.173616,3.93858e-08,False,nan|1798,1342240
130_bNAb_Combinations|1342240|cc|5|1|nan|1798,1,5.8255e-08,1.53597,15.7959,0.174683,3.95037e-08,1,5.8255e-08,1.53211,0.999999,0.173616,3.93858e-08,False,nan|1798,1342240
130_bNAb_Combinations|1342240|cc|6|1|nan|1798,1,5.8255e-08,1.53597,29.4976,0.174683,3.95037e-08,1,5.8255e-08,1.53211,1,0.173616,3.93858e-08,False,nan|1798,1342240
130_bNAb_Combinations|1342240|cc|7|1|nan|1798,1,5.8255e-08,1.53597,57.1375,0.174683,3.95037e-08,1,5.8255e-08,1.53211,0.999999,0.173616,3.93858e-08,False,nan|1798,1342240
130_bNAb_Combinations|1342240|cc|8|1|nan|1798,1,5.8255e-08,1.53597,25.4555,0.174683,3.95037e-08,1,5.8255e-08,1.53211,1,0.173616,3.93858e-08,False,nan|1798,1342240
130_bNAb_Combinations|1342240|sample|3|nan|1798,1,4.43886e-09,1.53637,2.15326,0.174683,3.95037e-08,1,4.43886e-09,1.53251,2.20541,0.173616,3.93858e-08,True,VRC07-523LS|1798,1342240
130_bNAb_Combinations|1342240|sample|4|nan|1798,1,4.43886e-09,1.53637,2.31045,0.174683,3.95037e-08,1,4.43886e-09,1.53251,2.2566,0.173616,3.93858e-08,True,VRC07-523LS|1798,1342240
130_bNAb_Combinations|1342240|sample|8|nan|1798,1,4.43886e-09,1.53637,112.765,0.174683,3.95037e-08,1,4.43886e-09,1.53251,4.57206,0.173616,3.93858e-08,True,VRC07-523LS|1798,1342240
130_bNAb_Combinations|1342240|vc|1|2|nan|1798,1,5.8255e-08,1.53597,76.789,0.174683,3.95037e-08,1,5.8255e-08,1.53211,1,0.173616,3.93858e-08,False,nan|1798,1342240
130_bNAb_Combinations|1342240|vc|2|2|nan|1798,1,5.8255e-08,1.53597,62.6933,0.174683,3.95037e-08,1,5.8255e-08,1.53211,1,0.173616,3.93858e-08,False,nan|1798,1342240
130_bNAb_Combinations|1342240|vc|3|2|nan|1798,1,5.8255e-08,1.53597,22.0855,0.174683,3.95037e-08,1,5.8255e-08,1.53211,1,0.173616,3.93858e-08,False,nan|1798,1342240
130_bNAb_Combinations|1342240|vc|4|2|nan|1798,1,5.8255e-08,1.53597,31.0512,0.174683,3.95037e-08,1,5.8255e-08,1.53211,1,0.173616,3.93858e-08,False,nan|1798,1342240
130_bNAb_Combinations|1342240|vc|5|2|nan|1798,1,5.8255e-08,1.53597,24.9452,0.174683,3.95037e-08,1,5.8255e-08,1.53211,1,0.173616,3.93858e-08,False,nan|1798,1342240
130_bNAb_Combinations|1342240|vc|6|2|nan|1798,1,5.8255e-08,1.53597,33.909,0.174683,3.95037e-08,1,5.8255e-08,1.53211,1,0.173616,3.93858e-08,False,nan|1798,1342240
130_bNAb_Combinations|1342240|vc|7|2|nan|1798,1,5.8255e-08,1.53597,361.39,0.174683,3.95037e-08,1,5.8255e-08,1.53211,1,0.173616,3.93858e-08,False,nan|1798,1342240
130_bNAb_Combinations|1342240|vc|8|2|nan|1798,1,5.8255e-08,1.53597,27.7894,0.174683,3.95037e-08,1,5.8255e-08,1.53211,1,0.173616,3.93858e-08,False,nan|1798,1342240
130_bNAb_Combinations|1342258|cc|1|1|TRO.11|8301,1,5.65305e-08,1.53626,25.2748,0.17471,3.94977e-08,1,5.65305e-08,1.5324,1,0.173642,3.93797e-08,False,nan|TRO.11,1342258
130_bNAb_Combinations|1342258|cc|2|1|TRO.11|8301,1,5.65305e-08,1.53626,17.9852,0.17471,3.94977e-08,1,5.65305e-08,1.5324,1,0.173642,3.93797e-08,False,nan|TRO.11,1342258
130_bNAb_Combinations|1342258|cc|3|1|TRO.11|8301,1,5.65305e-08,1.53626,28.9933,0.17471,3.94977e-08,1,5.65305e-08,1.5324,1,0.173642,3.93797e-08,False,nan|TRO.11,1342258
130_bNAb_Combinations|1342258|cc|4|1|TRO.11|8301,1,5.65305e-08,1.53626,11.9548,0.17471,3.94977e-08,1,5.65305e-08,1.5324,1,0.173642,3.93797e-08,False,nan|TRO.11,1342258
130_bNAb_Combinations|1342258|cc|5|1|TRO.11|8301,1,5.65305e-08,1.53626,17.7398,0.17471,3.94977e-08,1,5.65305e-08,1.5324,1,0.173642,3.93797e-08,False,nan|TRO.11,1342258
130_bNAb_Combinations|1342258|cc|6|1|TRO.11|8301,1,5.65305e-08,1.53626,105.527,0.17471,3.94977e-08,1,5.65305e-08,1.5324,0.999999,0.173642,3.93797e-08,False,nan|TRO.11,1342258
130_bNAb_Combinations|1342258|cc|7|1|TRO.11|8301,1,5.65305e-08,1.53626,37.945,0.17471,3.94977e-08,1,5.65305e-08,1.5324,1,0.173642,3.93797e-08,False,nan|TRO.11,1342258
130_bNAb_Combinations|1342258|cc|8|1|TRO.11|8301,1,5.65305e-08,1.53626,19.4518,0.17471,3.94977e-08,1,5.65305e-08,1.5324,1,0.173642,3.93797e-08,False,nan|TRO.11,1342258
130_bNAb_Combinations|1342258|sample|3|TRO.11|8301,1,1.4181e-08,1.53648,9.74592,0.17471,3.94977e-08,1,1.4181e-08,1.53262,9.67444,0.173642,3.93797e-08,True,VRC07-523LS|TRO.11,1342258
130_bNAb_Combinations|1342258|sample|4|TRO.11|8301,1,1.4181e-08,1.53648,8.35411,0.17471,3.94977e-08,1,1.4181e-08,1.53262,8.9518,0.173642,3.93797e-08,True,VRC07-523LS|TRO.11,1342258
130_bNAb_Combinations|1342258|vc|1|2|TRO.11|8301,1,5.65305e-08,1.53626,17.4742,0.17471,3.94977e-08,1,5.65305e-08,1.5324,1,0.173642,3.93797e-08,False,nan|TRO.11,1342258
130_bNAb_Combinations|1342258|vc|2|2|TRO.11|8301,1,5.65305e-08,1.53626,16.6703,0.17471,3.94977e-08,1,5.65305e-08,1.5324,1,0.173642,3.93797e-08,False,nan|TRO.11,1342258
130_bNAb_Combinations|1342258|vc|3|2|TRO.11|8301,1,5.65305e-08,1.53626,44.3447,0.17471,3.94977e-08,1,5.65305e-08,1.5324,1,0.173642,3.93797e-08,False,nan|TRO.11,1342258
130_bNAb_Combinations|1342258|vc|4|2|TRO.11|8301,1,5.65305e-08,1.53626,100.83,0.17471,3.94977e-08,1,5.65305e-08,1.5324,1,0.173642,3.93797e-08,False,nan|TRO.11,1342258
130_bNAb_Combinations|1342258|vc|5|2|TRO.11|8301,1,5.65305e-08,1.53626,23.5722,0.17471,3.94977e-08,1,5.65305e-08,1.5324,1,0.173642,3.93797e-08,False,nan|TRO.11,1342258
130_bNAb_Combinations|1342258|vc|6|2|TRO.11|8301,1,5.65305e-08,1.53626,34.1652,0.17471,3.94977e-08,1,5.65305e-08,1.5324,1,0.173642,3.93797e-08,False,nan|TRO.11,1342258
130_bNAb_Combinations|1342258|vc|7|2|TRO.11|8301,1,5.65305e-08,1.53626,44.1867,0.17471,3.94977e-08,1,5.65305e-08,1.5324,1,0.173642,3.93797e-08,False,nan|TRO.11,1342258
130_bNAb_Combinations|1342258|vc|8|2|TRO.11|8301,1,5.65305e-08,1.53626,35.6964,0.17471,3.94977e-08,1,5.65305e-08,1.5324,1,0.173642,3.93797e-08,False,nan|TRO.11,1342258
130_bNAb_Combinations|1342276|cc|1|1|Ce1176_A3|7023,1,5.71566e-08,1.53628,25.1347,0.174751,3.95104e-08,1,5.71566e-08,1.53242,1,0.173683,3.93925e-08,False,nan|Ce1176_A3,1342276
130_bNAb_Combinations|1342276|cc|2|1|Ce1176_A3|7023,1,5.71566e-08,1.53628,71.9071,0.174751,3.95104e-08,1,5.71566e-08,1.53242,1,0.173683,3.93925e-08,False,nan|Ce1176_A3,1342276
130_bNAb_Combinations|1342276|cc|3|1|Ce1176_A3|7023,1,5.71566e-08,1.53628,35.7535,0.174751,3.95104e-08,1,5.71566e-08,1.53242,1,0.173683,3.93925e-08,False,nan|Ce1176_A3,1342276
130_bNAb_Combinations|1342276|cc|4|1|Ce1176_A3|7023,1,5.71566e-08,1.53628,36.8773,0.174751,3.95104e-08,1,5.71566e-08,1.53242,1,0.173683,3.93925e-08,False,nan|Ce1176_A3,1342276
130_bNAb_Combinations|1342276|cc|5|1|Ce1176_A3|7023,1,5.71566e-08,1.53628,54.4007,0.174751,3.95104e-08,1,5.71566e-08,1.53242,1,0.173683,3.93925e-08,False,nan|Ce1176_A3,1342276
130_bNAb_Combinations|1342276|cc|6|1|Ce1176_A3|7023,1,5.71566e-08,1.53628,25.0166,0.174751,3.95104e-08,1,5.71566e-08,1.53242,1,0.173683,3.93925e-08,False,nan|Ce1176_A3,1342276
130_bNAb_Combinations|1342276|cc|7|1|Ce1176_A3|7023,1,5.71566e-08,1.53628,24.8224,0.174751,3.95104e-08,1,5.71566e-08,1.53242,1,0.173683,3.93925e-08,False,nan|Ce1176_A3,1342276
130_bNAb_Combinations|1342276|cc|8|1|Ce1176_A3|7023,1,5.71566e-08,1.53628,73.5018,0.174751,3.95104e-08,1,5.71566e-08,1.53242,1,0.173683,3.93925e-08,False,nan|Ce1176_A3,1342276
130_bNAb_Combinations|1342276|sample|3|Ce1176_A3|7023,1,5.11042e-08,1.53642,3.37405,0.174751,3.95104e-08,1,5.11042e-08,1.53256,3.17323,0.173683,3.93925e-08,True,VRC07-523LS|Ce1176_A3,1342276
130_bNAb_Combinations|1342276|sample|4|Ce1176_A3|7023,1,5.11042e-08,1.53642,2.90221,0.174751,3.95104e-08,1,5.11042e-08,1.53256,2.95317,0.173683,3.93925e-08,True,VRC07-523LS|Ce1176_A3,1342276
130_bNAb_Combinations|1342276|vc|1|2|Ce1176_A3|7023,1,5.71566e-08,1.53628,24.0651,0.174751,3.95104e-08,1,5.71566e-08,1.53242,1,0.173683,3.93925e-08,False,nan|Ce1176_A3,1342276
130_bNAb_Combinations|1342276|vc|2|2|Ce1176_A3|7023,1,5.71566e-08,1.53628,19.4074,0.174751,3.95104e-08,1,5.71566e-08,1.53242,1,0.173683,3.93925e-08,False,nan|Ce1176_A3,1342276
130_bNAb_Combinations|1342276|vc|3|2|Ce1176_A3|7023,1,5.71566e-08,1.53628,26.8567,0.174751,3.95104e-08,1,5.71566e-08,1.53242,0.999999,0.173683,3.93925e-08,False,nan|Ce1176_A3,1342276
130_bNAb_Combinations|1342276|vc|4|2|Ce1176_A3|7023,1,5.71566e-08,1.53628,52.0432,0.174751,3.95104e-08,1,5.71566e-08,1.53242,1,0.173683,3.93925e-08,False,nan|Ce1176_A3,1342276
130_bNAb_Combinations|1342276|vc|5|2|Ce1176_A3|7023,1,5.71566e-08,1.53628,51.9456,0.174751,3.95104e-08,1,5.71566e-08,1.53242,1,0.173683,3.93925e-08,False,nan|Ce1176_A3,1342276
130_bNAb_Combinations|1342276|vc|6|2|Ce1176_A3|7023,1,5.71566e-08,1.53628,56.8906,0.174751,3.95104e-08,1,5.71566e-08,1.53242,1,0.173683,3.93925e-08,False,nan|Ce1176_A3,1342276
130_bNAb_Combinations|1342276|vc|7|2|Ce1176_A3|7023,1,5.71566e-08,1.53628,14.9297,0.174751,3.95104e-08,1,5.71566e-08,1.53242,1,0.173683,3.93925e-08,False,nan|Ce1176_A3,1342276
130_bNAb_Combinations|1342276|vc|8|2|Ce1176_A3|7023,1,5.71566e-08,1.53628,11.1515,0.174751,3.95104e-08,1,5.71566e-08,1.53242,1,0.173683,3.93925e-08,False,nan|Ce1176_A3,1342276
130_bNAb_Combinations|1342294|cc|1|1|nan|1176,1,6.63837e-09,1.53624,100.048,0.174684,3.95029e-08,1,6.63837e-09,1.53238,1,0.173617,3.9385e-08,False,nan|1176,1342294
130_bNAb_Combinations|1342294|cc|2|1|nan|1176,1,6.63837e-09,1.53624,38.1027,0.174684,3.95029e-08,1,6.63837e-09,1.53238,1,0.173617,3.9385e-08,False,nan|1176,1342294
130_bNAb_Combinations|1342294|cc|3|1|nan|1176,1,6.63837e-09,1.53624,24.8223,0.174684,3.95029e-08,1,6.63837e-09,1.53238,1,0.173617,3.9385e-08,False,nan|1176,1342294
130_bNAb_Combinations|1342294|cc|4|1|nan|1176,1,6.63837e-09,1.53624,36.0835,0.174684,3.95029e-08,1,6.63837e-09,1.53238,1,0.173617,3.9385e-08,False,nan|1176,1342294
130_bNAb_Combinations|1342294|cc|5|1|nan|1176,1,6.63837e-09,1.53624,19.1753,0.174684,3.95029e-08,1,6.63837e-09,1.53238,1,0.173617,3.9385e-08,False,nan|1176,1342294
130_bNAb_Combinations|1342294|cc|6|1|nan|1176,1,6.63837e-09,1.53624,45.6397,0.174684,3.95029e-08,1,6.63837e-09,1.53238,1,0.173617,3.9385e-08,False,nan|1176,1342294
130_bNAb_Combinations|1342294|cc|7|1|nan|1176,1,6.63837e-09,1.53624,17.9432,0.174684,3.95029e-08,1,6.63837e-09,1.53238,1,0.173617,3.9385e-08,False,nan|1176,1342294
130_bNAb_Combinations|1342294|cc|8|1|nan|1176,1,6.63837e-09,1.53624,51.8756,0.174684,3.95029e-08,1,6.63837e-09,1.53238,1,0.173617,3.9385e-08,False,nan|1176,1342294
130_bNAb_Combinations|1342294|sample|3|nan|1176,1,2.8652e-10,1.53647,18.2946,0.174684,3.95029e-08,1,2.8652e-10,1.53261,18.297,0.173617,3.9385e-08,True,VRC07-523LS|1176,1342294
130_bNAb_Combinations|1342294|sample|4|nan|1176,1,2.8652e-10,1.53647,15.3448,0.174684,3.95029e-08,1,2.8652e-10,1.53261,15.7993,0.173617,3.9385e-08,True,VRC07-523LS|1176,1342294
130_bNAb_Combinations|1342294|sample|8|nan|1176,1,2.8652e-10,1.53647,1.61824,0.174684,3.95029e-08,1,2.8652e-10,1.53261,1.21969,0.173617,3.9385e-08,True,VRC07-523LS|1176,1342294
130_bNAb_Combinations|1342294|vc|1|2|nan|1176,1,6.63837e-09,1.53624,18.0958,0.174684,3.95029e-08,1,6.63837e-09,1.53238,1,0.173617,3.9385e-08,False,nan|1176,1342294
130_bNAb_Combinations|1342294|vc|2|2|nan|1176,1,6.63837e-09,1.53624,25.4997,0.174684,3.95029e-08,1,6.63837e-09,1.53238,1,0.173617,3.9385e-08,False,nan|1176,1342294
130_bNAb_Combinations|1342294|vc|3|2|nan|1176,1,6.63837e-09,1.53624,47.3469,0.174684,3.95029e-08,1,6.63837e-09,1.53238,1,0.173617,3.9385e-08,False,nan|1176,1342294
130_bNAb_Combinations|1342294|vc|4|2|nan|1176,1,6.63837e-09,1.53624,28.0919,0.174684,3.95029e-08,1,6.63837e-09,1.53238,1,0.173617,3.9385e-08,False,nan|1176,1342294
130_bNAb_Combinations|1342294|vc|5|2|nan|1176,1,6.63837e-09,1.53624,20.3825,0.174684,3.95029e-08,1,6.63837e-09,1.53238,1,0.173617,3.9385e-08,False,nan|1176,1342294
130_bNAb_Combinations|1342294|vc|6|2|nan|1176,1,6.63837e-09,1.53624,124.377,0.174684,3.95029e-08,1,6.63837e-09,1.53238,1,0.173617,3.9385e-08,False,nan|1176,1342294
130_bNAb_Combinations|1342294|vc|7|2|nan|1176,1,6.63837e-09,1.53624,26.6601,0.174684,3.95029e-08,1,6.63837e-09,1.53238,1,0.173617,3.9385e-08,False,nan|1176,1342294
130_bNAb_Combinations|1342294|vc|8|2|nan|1176,1,6.63837e-09,1.53624,13.8431,0.174684,3.95029e-08,1,6.63837e-09,1.53238,1,0.173617,3.9385e-08,False,nan|1176,1342294
130_bNAb_Combinations|1342312|cc|1|1|RHPA4259.7|5371,1,1.43599e-07,1.53626,98.7314,0.174682,3.91769e-08,1,1.43599e-07,1.5324,1,0.173615,3.90616e-08,False,nan|RHPA4259.7,1342312
130_bNAb_Combinations|1342312|cc|2|1|RHPA4259.7|5371,1,1.43599e-07,1.53626,112.135,0.174682,3.91769e-08,1,1.43599e-07,1.5324,1,0.173615,3.90616e-08,False,nan|RHPA4259.7,1342312
130_bNAb_Combinations|1342312|cc|3|1|RHPA4259.7|5371,1,1.43599e-07,1.53626,62.4352,0.174682,3.91769e-08,1,1.43599e-07,1.5324,1,0.173615,3.90616e-08,False,nan|RHPA4259.7,1342312
130_bNAb_Combinations|1342312|cc|4|1|RHPA4259.7|5371,1,1.43599e-07,1.53626,16.016,0.174682,3.91769e-08,1,1.43599e-07,1.5324,1,0.173615,3.90616e-08,False,nan|RHPA4259.7,1342312
130_bNAb_Combinations|1342312|cc|5|1|RHPA4259.7|5371,1,1.43599e-07,1.53626,133.387,0.174682,3.91769e-08,1,1.43599e-07,1.5324,1,0.173615,3.90616e-08,False,nan|RHPA4259.7,1342312
130_bNAb_Combinations|1342312|cc|6|1|RHPA4259.7|5371,1,1.43599e-07,1.53626,38.6567,0.174682,3.91769e-08,1,1.43599e-07,1.5324,1,0.173615,3.90616e-08,False,nan|RHPA4259.7,1342312
130_bNAb_Combinations|1342312|cc|7|1|RHPA4259.7|5371,1,1.43599e-07,1.53626,26.9988,0.174682,3.91769e-08,1,1.43599e-07,1.5324,1,0.173615,3.90616e-08,False,nan|RHPA4259.7,1342312
130_bNAb_Combinations|1342312|cc|8|1|RHPA4259.7|5371,1,1.43599e-07,1.53626,44.4753,0.174682,3.91769e-08,1,1.43599e-07,1.5324,1,0.173615,3.90616e-08,False,nan|RHPA4259.7,1342312
130_bNAb_Combinations|1342312|sample|3|RHPA4259.7|5371,1,4.53192e-07,1.53646,31.9601,0.174682,3.91769e-08,1,4.53192e-07,1.5326,32.2285,0.173615,3.90616e-08,True,VRC07-523LS|RHPA4259.7,1342312
130_bNAb_Combinations|1342312|sample|4|RHPA4259.7|5371,1,4.53192e-07,1.53646,34.6446,0.174682,3.91769e-08,1,4.53192e-07,1.5326,34.5454,0.173615,3.90616e-08,True,VRC07-523LS|RHPA4259.7,1342312
130_bNAb_Combinations|1342312|vc|1|2|RHPA4259.7|5371,1,1.43599e-07,1.53626,49.7561,0.174682,3.91769e-08,1,1.43599e-07,1.5324,1,0.173615,3.90616e-08,False,nan|RHPA4259.7,1342312
130_bNAb_Combinations|1342312|vc|2|2|RHPA4259.7|5371,1,1.43599e-07,1.53626,21.1571,0.174682,3.91769e-08,1,1.43599e-07,1.5324,1,0.173615,3.90616e-08,False,nan|RHPA4259.7,1342312
130_bNAb_Combinations|1342312|vc|3|2|RHPA4259.7|5371,1,1.43599e-07,1.53626,98.7348,0.174682,3.91769e-08,1,1.43599e-07,1.5324,1,0.173615,3.90616e-08,False,nan|RHPA4259.7,1342312
130_bNAb_Combinations|1342312|vc|4|2|RHPA4259.7|5371,1,1.43599e-07,1.53626,37.5662,0.174682,3.91769e-08,1,1.43599e-07,1.5324,1,0.173615,3.90616e-08,False,nan|RHPA4259.7,1342312
130_bNAb_Combinations|1342312|vc|5|2|RHPA4259.7|5371,1,1.43599e-07,1.53626,26.8848,0.174682,3.91769e-08,1,1.43599e-07,1.5324,1,0.173615,3.90616e-08,False,nan|RHPA4259.7,1342312
130_bNAb_Combinations|1342312|vc|6|2|RHPA4259.7|5371,1,1.43599e-07,1.53626,24.2511,0.174682,3.91769e-08,1,1.43599e-07,1.5324,1,0.173615,3.90616e-08,False,nan|RHPA4259.7,1342312
130_bNAb_Combinations|1342312|vc|7|2|RHPA4259.7|5371,1,1.43599e-07,1.53626,86.0207,0.174682,3.91769e-08,1,1.43599e-07,1.5324,1,0.173615,3.90616e-08,False,nan|RHPA4259.7,1342312
130_bNAb_Combinations|1342312|vc|8|2|RHPA4259.7|5371,1,1.43599e-07,1.53626,268.036,0.174682,3.91769e-08,1,1.43599e-07,1.5324,1,0.173615,3.90616e-08,False,nan|RHPA4259.7,1342312
130_bNAb_Combinations|1342336|cc|1|1|nan|3430,1,2.11671e-07,1.53626,66.2129,0.174683,3.95035e-08,1,2.11671e-07,1.5324,1,0.173616,3.93856e-08,False,nan|3430,1342336
130_bNAb_Combinations|1342336|cc|2|1|nan|3430,1,2.11671e-07,1.53626,26.1672,0.174683,3.95035e-08,1,2.11671e-07,1.5324,1,0.173616,3.93856e-08,False,nan|3430,1342336
130_bNAb_Combinations|1342336|cc|3|1|nan|3430,1,2.11671e-07,1.53626,21.0333,0.174683,3.95035e-08,1,2.11671e-07,1.5324,1,0.173616,3.93856e-08,False,nan|3430,1342336
130_bNAb_Combinations|1342336|cc|4|1|nan|3430,1,2.11671e-07,1.53626,25.8629,0.174683,3.95035e-08,1,2.11671e-07,1.5324,1,0.173616,3.93856e-08,False,nan|3430,1342336
130_bNAb_Combinations|1342336|cc|5|1|nan|3430,1,2.11671e-07,1.53626,37.602,0.174683,3.95035e-08,1,2.11671e-07,1.5324,1,0.173616,3.93856e-08,False,nan|3430,1342336
130_bNAb_Combinations|1342336|cc|6|1|nan|3430,1,2.11671e-07,1.53626,21.6707,0.174683,3.95035e-08,1,2.11671e-07,1.5324,1,0.173616,3.93856e-08,False,nan|3430,1342336
130_bNAb_Combinations|1342336|cc|7|1|nan|3430,1,2.11671e-07,1.53626,20.4919,0.174683,3.95035e-08,1,2.11671e-07,1.5324,1,0.173616,3.93856e-08,False,nan|3430,1342336
130_bNAb_Combinations|1342336|cc|8|1|nan|3430,1,2.11671e-07,1.53626,693.443,0.174683,3.95035e-08,1,2.11671e-07,1.5324,1,0.173616,3.93856e-08,False,nan|3430,1342336
130_bNAb_Combinations|1342336|sample|3|nan|3430,1,1.42844e-08,1.53639,22.3475,0.174683,3.95035e-08,1,1.42844e-08,1.53253,21.7438,0.173616,3.93856e-08,True,VRC07-523LS|3430,1342336
130_bNAb_Combinations|1342336|sample|4|nan|3430,1,1.42844e-08,1.53639,20.4768,0.174683,3.95035e-08,1,1.42844e-08,1.53253,20.0429,0.173616,3.93856e-08,True,VRC07-523LS|3430,1342336
130_bNAb_Combinations|1342336|sample|5|nan|3430,1,1.42844e-08,1.53639,218.398,0.174683,3.95035e-08,1,1.42844e-08,1.53253,15.3768,0.173616,3.93856e-08,True,VRC07-523LS|3430,1342336
130_bNAb_Combinations|1342336|vc|1|2|nan|3430,1,2.11671e-07,1.53626,31.8179,0.174683,3.95035e-08,1,2.11671e-07,1.5324,1,0.173616,3.93856e-08,False,nan|3430,1342336
130_bNAb_Combinations|1342336|vc|2|2|nan|3430,1,2.11671e-07,1.53626,84.7536,0.174683,3.95035e-08,1,2.11671e-07,1.5324,1,0.173616,3.93856e-08,False,nan|3430,1342336
130_bNAb_Combinations|1342336|vc|3|2|nan|3430,1,2.11671e-07,1.53626,47.9078,0.174683,3.95035e-08,1,2.11671e-07,1.5324,1,0.173616,3.93856e-08,False,nan|3430,1342336
130_bNAb_Combinations|1342336|vc|4|2|nan|3430,1,2.11671e-07,1.53626,42.1255,0.174683,3.95035e-08,1,2.11671e-07,1.5324,1,0.173616,3.93856e-08,False,nan|3430,1342336
130_bNAb_Combinations|1342336|vc|5|2|nan|3430,1,2.11671e-07,1.53626,13.2925,0.174683,3.95035e-08,1,2.11671e-07,1.5324,1,0.173616,3.93856e-08,False,nan|3430,1342336
130_bNAb_Combinations|1342336|vc|6|2|nan|3430,1,2.11671e-07,1.53626,64.7396,0.174683,3.95035e-08,1,2.11671e-07,1.5324,1,0.173616,3.93856e-08,False,nan|3430,1342336
130_bNAb_Combinations|1342336|vc|7|2|nan|3430,1,2.11671e-07,1.53626,100.987,0.174683,3.95035e-08,1,2.11671e-07,1.5324,1,0.173616,3.93856e-08,False,nan|3430,1342336
130_bNAb_Combinations|1342336|vc|8|2|nan|3430,1,2.11671e-07,1.53626,16.4116,0.174683,3.95035e-08,1,2.11671e-07,1.5324,1,0.173616,3.93856e-08,False,nan|3430,1342336
130_bNAb_Combinations|1342348|cc|1|1|nan|4166,1,5.62704e-08,1.53623,86.2241,0.174687,3.9111e-08,1,5.62704e-08,1.53237,1,0.173619,3.89881e-08,False,nan|4166,1342348
130_bNAb_Combinations|1342348|cc|2|1|nan|4166,1,5.62704e-08,1.53623,33.8027,0.174687,3.9111e-08,1,5.62704e-08,1.53237,1,0.173619,3.89881e-08,False,nan|4166,1342348
130_bNAb_Combinations|1342348|cc|3|1|nan|4166,1,5.62704e-08,1.53623,59.0303,0.174687,3.9111e-08,1,5.62704e-08,1.53237,1,0.173619,3.89881e-08,False,nan|4166,1342348
130_bNAb_Combinations|1342348|cc|4|1|nan|4166,1,5.62704e-08,1.53623,10.8483,0.174687,3.9111e-08,1,5.62704e-08,1.53237,1,0.173619,3.89881e-08,False,nan|4166,1342348
130_bNAb_Combinations|1342348|cc|5|1|nan|4166,1,5.62704e-08,1.53623,26.5654,0.174687,3.9111e-08,1,5.62704e-08,1.53237,1,0.173619,3.89881e-08,False,nan|4166,1342348
130_bNAb_Combinations|1342348|cc|6|1|nan|4166,1,5.62704e-08,1.53623,18.5252,0.174687,3.9111e-08,1,5.62704e-08,1.53237,1,0.173619,3.89881e-08,False,nan|4166,1342348
130_bNAb_Combinations|1342348|cc|7|1|nan|4166,1,5.62704e-08,1.53623,69.4031,0.174687,3.9111e-08,1,5.62704e-08,1.53237,1,0.173619,3.89881e-08,False,nan|4166,1342348
130_bNAb_Combinations|1342348|cc|8|1|nan|4166,1,5.62704e-08,1.53623,43.6272,0.174687,3.9111e-08,1,5.62704e-08,1.53237,1,0.173619,3.89881e-08,False,nan|4166,1342348
130_bNAb_Combinations|1342348|sample|3|nan|4166,1,2.00326e-08,1.53632,43.0801,0.174687,3.9111e-08,1,2.00326e-08,1.53246,43.49,0.173619,3.89881e-08,True,VRC07-523LS|4166,1342348
130_bNAb_Combinations|1342348|sample|4|nan|4166,1,2.00326e-08,1.53632,43.2989,0.174687,3.9111e-08,1,2.00326e-08,1.53246,46.5934,0.173619,3.89881e-08,True,VRC07-523LS|4166,1342348
130_bNAb_Combinations|1342348|vc|1|2|nan|4166,1,5.62704e-08,1.53623,29.0861,0.174687,3.9111e-08,1,5.62704e-08,1.53237,1,0.173619,3.89881e-08,False,nan|4166,1342348
130_bNAb_Combinations|1342348|vc|2|2|nan|4166,1,5.62704e-08,1.53623,186.804,0.174687,3.9111e-08,1,5.62704e-08,1.53237,1,0.173619,3.89881e-08,False,nan|4166,1342348
130_bNAb_Combinations|1342348|vc|3|2|nan|4166,1,5.62704e-08,1.53623,39.2623,0.174687,3.9111e-08,1,5.62704e-08,1.53237,1,0.173619,3.89881e-08,False,nan|4166,1342348
130_bNAb_Combinations|1342348|vc|4|2|nan|4166,1,5.62704e-08,1.53623,174.174,0.174687,3.9111e-08,1,5.62704e-08,1.53237,0.999999,0.173619,3.89881e-08,False,nan|4166,1342348
130_bNAb_Combinations|1342348|vc|5|2|nan|4166,1,5.62704e-08,1.53623,36.2277,0.174687,3.9111e-08,1,5.62704e-08,1.53237,1,0.173619,3.89881e-08,False,nan|4166,1342348
130_bNAb_Combinations|1342348|vc|6|2|nan|4166,1,5.62704e-08,1.53623,48.0116,0.174687,3.9111e-08,1,5.62704e-08,1.53237,1,0.173619,3.89881e-08,False,nan|4166,1342348
130_bNAb_Combinations|1342348|vc|7|2|nan|4166,1,5.62704e-08,1.53623,23.5275,0.174687,3.9111e-08,1,5.62704e-08,1.53237,1,0.173619,3.89881e-08,False,nan|4166,1342348
130_bNAb_Combinations|1342348|vc|8|2|nan|4166,1,5.62704e-08,1.53623,48.8797,0.174687,3.9111e-08,1,5.62704e-08,1.53237,1,0.173619,3.89881e-08,False,nan|4166,1342348
130_bNAb_Combinations|1342372|cc|1|1|nan|2944,1,1.54195e-07,1.53625,45.7558,0.174713,3.95059e-08,1,1.54195e-07,1.53239,1,0.173646,3.93881e-08,False,nan|2944,1342372
130_bNAb_Combinations|1342372|cc|2|1|nan|2944,1,1.54195e-07,1.53625,15.2231,0.174713,3.95059e-08,1,1.54195e-07,1.53239,1,0.173646,3.93881e-08,False,nan|2944,1342372
130_bNAb_Combinations|1342372|cc|3|1|nan|2944,1,1.54195e-07,1.53625,39.9657,0.174713,3.95059e-08,1,1.54195e-07,1.53239,1,0.173646,3.93881e-08,False,nan|2944,1342372
130_bNAb_Combinations|1342372|cc|4|1|nan|2944,1,1.54195e-07,1.53625,20.2469,0.174713,3.95059e-08,1,1.54195e-07,1.53239,1,0.173646,3.93881e-08,False,nan|2944,1342372
130_bNAb_Combinations|1342372|cc|5|1|nan|2944,1,1.54195e-07,1.53625,52.6949,0.174713,3.95059e-08,1,1.54195e-07,1.53239,1,0.173646,3.93881e-08,False,nan|2944,1342372
130_bNAb_Combinations|1342372|cc|6|1|nan|2944,1,1.54195e-07,1.53625,134.291,0.174713,3.95059e-08,1,1.54195e-07,1.53239,1,0.173646,3.93881e-08,False,nan|2944,1342372
130_bNAb_Combinations|1342372|cc|7|1|nan|2944,1,1.54195e-07,1.53625,19.7001,0.174713,3.95059e-08,1,1.54195e-07,1.53239,1,0.173646,3.93881e-08,False,nan|2944,1342372
130_bNAb_Combinations|1342372|cc|8|1|nan|2944,1,1.54195e-07,1.53625,24.2418,0.174713,3.95059e-08,1,1.54195e-07,1.53239,1,0.173646,3.93881e-08,False,nan|2944,1342372
130_bNAb_Combinations|1342372|sample|3|nan|2944,1,4.07553e-10,1.53636,11.7658,0.174713,3.95059e-08,1,4.07553e-10,1.5325,11.5647,0.173646,3.93881e-08,True,VRC07-523LS|2944,1342372
130_bNAb_Combinations|1342372|sample|4|nan|2944,1,4.07553e-10,1.53636,13.077,0.174713,3.95059e-08,1,4.07553e-10,1.5325,13.0895,0.173646,3.93881e-08,True,VRC07-523LS|2944,1342372
130_bNAb_Combinations|1342372|vc|1|2|nan|2944,1,1.54195e-07,1.53625,21.8699,0.174713,3.95059e-08,1,1.54195e-07,1.53239,1,0.173646,3.93881e-08,False,nan|2944,1342372
130_bNAb_Combinations|1342372|vc|2|2|nan|2944,1,1.54195e-07,1.53625,84.8536,0.174713,3.95059e-08,1,1.54195e-07,1.53239,1,0.173646,3.93881e-08,False,nan|2944,1342372
130_bNAb_Combinations|1342372|vc|3|2|nan|2944,1,1.54195e-07,1.53625,146.753,0.174713,3.95059e-08,1,1.54195e-07,1.53239,1,0.173646,3.93881e-08,False,nan|2944,1342372
130_bNAb_Combinations|1342372|vc|4|2|nan|2944,1,1.54195e-07,1.53625,32.7185,0.174713,3.95059e-08,1,1.54195e-07,1.53239,1,0.173646,3.93881e-08,False,nan|2944,1342372
130_bNAb_Combinations|1342372|vc|5|2|nan|2944,1,1.54195e-07,1.53625,28.6436,0.174713,3.95059e-08,1,1.54195e-07,1.53239,1,0.173646,3.93881e-08,False,nan|2944,1342372
130_bNAb_Combinations|1342372|vc|6|2|nan|2944,1,1.54195e-07,1.53625,86.1107,0.174713,3.95059e-08,1,1.54195e-07,1.53239,1,0.173646,3.93881e-08,False,nan|2944,1342372
130_bNAb_Combinations|1342372|vc|7|2|nan|2944,1,1.54195e-07,1.53625,29.0867,0.174713,3.95059e-08,1,1.54195e-07,1.53239,1,0.173646,3.93881e-08,False,nan|2944,1342372
130_bNAb_Combinations|1342372|vc|8|2|nan|2944,1,1.54195e-07,1.53625,34.9211,0.174713,3.95059e-08,1,1.54195e-07,1.53239,1,0.173646,3.93881e-08,False,nan|2944,1342372
130_bNAb_Combinations|1342384|cc|1|1|nan|2946,1,4.34299e-08,1.53626,61.2446,0.110647,3.95041e-08,1,4.34299e-08,1.5324,1,0.108153,3.93862e-08,False,nan|2946,1342384
130_bNAb_Combinations|1342384|cc|2|1|nan|2946,1,4.34299e-08,1.53626,16.8998,0.110647,3.95041e-08,1,4.34299e-08,1.5324,1,0.108153,3.93862e-08,False,nan|2946,1342384
130_bNAb_Combinations|1342384|cc|3|1|nan|2946,1,4.34299e-08,1.53626,18.634,0.110647,3.95041e-08,1,4.34299e-08,1.5324,1,0.108153,3.93862e-08,False,nan|2946,1342384
130_bNAb_Combinations|1342384|cc|4|1|nan|2946,1,4.34299e-08,1.53626,52.4784,0.110647,3.95041e-08,1,4.34299e-08,1.5324,1,0.108153,3.93862e-08,False,nan|2946,1342384
130_bNAb_Combinations|1342384|cc|5|1|nan|2946,1,4.34299e-08,1.53626,21.1476,0.110647,3.95041e-08,1,4.34299e-08,1.5324,1,0.108153,3.93862e-08,False,nan|2946,1342384
130_bNAb_Combinations|1342384|cc|6|1|nan|2946,1,4.34299e-08,1.53626,34.4458,0.110647,3.95041e-08,1,4.34299e-08,1.5324,1,0.108153,3.93862e-08,False,nan|2946,1342384
130_bNAb_Combinations|1342384|cc|7|1|nan|2946,1,4.34299e-08,1.53626,31.687,0.110647,3.95041e-08,1,4.34299e-08,1.5324,1,0.108153,3.93862e-08,False,nan|2946,1342384
130_bNAb_Combinations|1342384|cc|8|1|nan|2946,1,4.34299e-08,1.53626,110.031,0.110647,3.95041e-08,1,4.34299e-08,1.5324,1,0.108153,3.93862e-08,False,nan|2946,1342384
130_bNAb_Combinations|1342384|sample|3|nan|2946,1,2.70711e-07,1.53648,1.78762,0.110647,3.95041e-08,1,2.70711e-07,1.53262,1.79001,0.108153,3.93862e-08,True,VRC07-523LS|2946,1342384
130_bNAb_Combinations|1342384|sample|4|nan|2946,1,2.70711e-07,1.53648,1.68152,0.110647,3.95041e-08,1,2.70711e-07,1.53262,1.69041,0.108153,3.93862e-08,True,VRC07-523LS|2946,1342384
130_bNAb_Combinations|1342384|vc|1|2|nan|2946,1,4.34299e-08,1.53626,62.1141,0.110647,3.95041e-08,1,4.34299e-08,1.5324,1,0.108153,3.93862e-08,False,nan|2946,1342384
130_bNAb_Combinations|1342384|vc|2|2|nan|2946,1,4.34299e-08,1.53626,25.7799,0.110647,3.95041e-08,1,4.34299e-08,1.5324,1,0.108153,3.93862e-08,False,nan|2946,1342384
130_bNAb_Combinations|1342384|vc|3|2|nan|2946,1,4.34299e-08,1.53626,61.3695,0.110647,3.95041e-08,1,4.34299e-08,1.5324,1,0.108153,3.93862e-08,False,nan|2946,1342384
130_bNAb_Combinations|1342384|vc|4|2|nan|2946,1,4.34299e-08,1.53626,20.0216,0.110647,3.95041e-08,1,4.34299e-08,1.5324,1,0.108153,3.93862e-08,False,nan|2946,1342384
130_bNAb_Combinations|1342384|vc|5|2|nan|2946,1,4.34299e-08,1.53626,91.2801,0.110647,3.95041e-08,1,4.34299e-08,1.5324,1,0.108153,3.93862e-08,False,nan|2946,1342384
130_bNAb_Combinations|1342384|vc|6|2|nan|2946,1,4.34299e-08,1.53626,28.7402,0.110647,3.95041e-08,1,4.34299e-08,1.5324,1,0.108153,3.93862e-08,False,nan|2946,1342384
130_bNAb_Combinations|1342384|vc|7|2|nan|2946,1,4.34299e-08,1.53626,33.5921,0.110647,3.95041e-08,1,4.34299e-08,1.5324,1,0.108153,3.93862e-08,False,nan|2946,1342384
130_bNAb_Combinations|1342384|vc|8|2|nan|2946,1,4.34299e-08,1.53626,28.3849,0.110647,3.95041e-08,1,4.34299e-08,1.5324,1,0.108153,3.93862e-08,False,nan|2946,1342384
130_bNAb_Combinations|1342396|cc|1|1|PVO.4|5024,1,6.28876e-08,1.53506,42.4415,0.174683,3.94901e-08,1,6.28876e-08,1.53124,1,0.173616,3.93725e-08,False,nan|PVO.4,1342396
130_bNAb_Combinations|1342396|cc|2|1|PVO.4|5024,1,6.28876e-08,1.53506,20.2343,0.174683,3.94901e-08,1,6.28876e-08,1.53124,1,0.173616,3.93725e-08,False,nan|PVO.4,1342396
130_bNAb_Combinations|1342396|cc|3|1|PVO.4|5024,1,6.28876e-08,1.53506,23.3469,0.174683,3.94901e-08,1,6.28876e-08,1.53124,1,0.173616,3.93725e-08,False,nan|PVO.4,1342396
130_bNAb_Combinations|1342396|cc|4|1|PVO.4|5024,1,6.28876e-08,1.53506,63.842,0.174683,3.94901e-08,1,6.28876e-08,1.53124,1,0.173616,3.93725e-08,False,nan|PVO.4,1342396
130_bNAb_Combinations|1342396|cc|5|1|PVO.4|5024,1,6.28876e-08,1.53506,14.1327,0.174683,3.94901e-08,1,6.28876e-08,1.53124,1,0.173616,3.93725e-08,False,nan|PVO.4,1342396
130_bNAb_Combinations|1342396|cc|6|1|PVO.4|5024,1,6.28876e-08,1.53506,21.5299,0.174683,3.94901e-08,1,6.28876e-08,1.53124,1,0.173616,3.93725e-08,False,nan|PVO.4,1342396
130_bNAb_Combinations|1342396|cc|7|1|PVO.4|5024,1,6.28876e-08,1.53506,58.4687,0.174683,3.94901e-08,1,6.28876e-08,1.53124,1,0.173616,3.93725e-08,False,nan|PVO.4,1342396
130_bNAb_Combinations|1342396|cc|8|1|PVO.4|5024,1,6.28876e-08,1.53506,34.5699,0.174683,3.94901e-08,1,6.28876e-08,1.53124,1,0.173616,3.93725e-08,False,nan|PVO.4,1342396
130_bNAb_Combinations|1342396|sample|3|PVO.4|5024,1,2.00452e-08,1.53648,8.82692,0.174683,3.94901e-08,1,2.00452e-08,1.53262,8.64803,0.173616,3.93725e-08,True,VRC07-523LS|PVO.4,1342396
130_bNAb_Combinations|1342396|sample|4|PVO.4|5024,1,2.00452e-08,1.53648,6.84907,0.174683,3.94901e-08,1,2.00452e-08,1.53262,7.41615,0.173616,3.93725e-08,True,VRC07-523LS|PVO.4,1342396
130_bNAb_Combinations|1342396|vc|1|2|PVO.4|5024,1,6.28876e-08,1.53506,57.2493,0.174683,3.94901e-08,1,6.28876e-08,1.53124,1,0.173616,3.93725e-08,False,nan|PVO.4,1342396
130_bNAb_Combinations|1342396|vc|2|2|PVO.4|5024,1,6.28876e-08,1.53506,12.293,0.174683,3.94901e-08,1,6.28876e-08,1.53124,1,0.173616,3.93725e-08,False,nan|PVO.4,1342396
130_bNAb_Combinations|1342396|vc|3|2|PVO.4|5024,1,6.28876e-08,1.53506,23.3814,0.174683,3.94901e-08,1,6.28876e-08,1.53124,1,0.173616,3.93725e-08,False,nan|PVO.4,1342396
130_bNAb_Combinations|1342396|vc|4|2|PVO.4|5024,1,6.28876e-08,1.53506,19.0033,0.174683,3.94901e-08,1,6.28876e-08,1.53124,1,0.173616,3.93725e-08,False,nan|PVO.4,1342396
130_bNAb_Combinations|1342396|vc|5|2|PVO.4|5024,1,6.28876e-08,1.53506,22.7821,0.174683,3.94901e-08,1,6.28876e-08,1.53124,1,0.173616,3.93725e-08,False,nan|PVO.4,1342396
130_bNAb_Combinations|1342396|vc|6|2|PVO.4|5024,1,6.28876e-08,1.53506,19.3823,0.174683,3.94901e-08,1,6.28876e-08,1.53124,1,0.173616,3.93725e-08,False,nan|PVO.4,1342396
130_bNAb_Combinations|1342396|vc|7|2|PVO.4|5024,1,6.28876e-08,1.53506,28.9969,0.174683,3.94901e-08,1,6.28876e-08,1.53124,1,0.173616,3.93725e-08,False,nan|PVO.4,1342396
130_bNAb_Combinations|1342396|vc|8|2|PVO.4|5024,1,6.28876e-08,1.53506,70.16,0.174683,3.94901e-08,1,6.28876e-08,1.53124,1,0.173616,3.93725e-08,False,nan|PVO.4,1342396
130_bNAb_Combinations|1342408|cc|1|1|nan|4168,1,2.45624e-08,1.53625,24.2022,0.174705,3.95041e-08,1,2.45624e-08,1.53239,1,0.173638,3.93862e-08,False,nan|4168,1342408
130_bNAb_Combinations|1342408|cc|2|1|nan|4168,1,2.45624e-08,1.53625,24.0051,0.174705,3.95041e-08,1,2.45624e-08,1.53239,1,0.173638,3.93862e-08,False,nan|4168,1342408
130_bNAb_Combinations|1342408|cc|3|1|nan|4168,1,2.45624e-08,1.53625,10.1239,0.174705,3.95041e-08,1,2.45624e-08,1.53239,1,0.173638,3.93862e-08,False,nan|4168,1342408
130_bNAb_Combinations|1342408|cc|4|1|nan|4168,1,2.45624e-08,1.53625,40.6415,0.174705,3.95041e-08,1,2.45624e-08,1.53239,1,0.173638,3.93862e-08,False,nan|4168,1342408
130_bNAb_Combinations|1342408|cc|5|1|nan|4168,1,2.45624e-08,1.53625,22.7594,0.174705,3.95041e-08,1,2.45624e-08,1.53239,1,0.173638,3.93862e-08,False,nan|4168,1342408
130_bNAb_Combinations|1342408|cc|6|1|nan|4168,1,2.45624e-08,1.53625,19.7922,0.174705,3.95041e-08,1,2.45624e-08,1.53239,1,0.173638,3.93862e-08,False,nan|4168,1342408
130_bNAb_Combinations|1342408|cc|7|1|nan|4168,1,2.45624e-08,1.53625,21.0341,0.174705,3.95041e-08,1,2.45624e-08,1.53239,1,0.173638,3.93862e-08,False,nan|4168,1342408
130_bNAb_Combinations|1342408|cc|8|1|nan|4168,1,2.45624e-08,1.53625,56.23,0.174705,3.95041e-08,1,2.45624e-08,1.53239,1,0.173638,3.93862e-08,False,nan|4168,1342408
130_bNAb_Combinations|1342408|sample|3|nan|4168,1,1.52799e-08,1.53648,3.31852,0.174705,3.95041e-08,1,1.52799e-08,1.53262,3.32894,0.173638,3.93862e-08,True,VRC07-523LS|4168,1342408
130_bNAb_Combinations|1342408|sample|4|nan|4168,1,1.52799e-08,1.53648,2.84477,0.174705,3.95041e-08,1,1.52799e-08,1.53262,2.90852,0.173638,3.93862e-08,True,VRC07-523LS|4168,1342408
130_bNAb_Combinations|1342408|vc|1|2|nan|4168,1,2.45624e-08,1.53625,17.0143,0.174705,3.95041e-08,1,2.45624e-08,1.53239,1,0.173638,3.93862e-08,False,nan|4168,1342408
130_bNAb_Combinations|1342408|vc|2|2|nan|4168,1,2.45624e-08,1.53625,50.3278,0.174705,3.95041e-08,1,2.45624e-08,1.53239,1,0.173638,3.93862e-08,False,nan|4168,1342408
130_bNAb_Combinations|1342408|vc|3|2|nan|4168,1,2.45624e-08,1.53625,87.6562,0.174705,3.95041e-08,1,2.45624e-08,1.53239,1,0.173638,3.93862e-08,False,nan|4168,1342408
130_bNAb_Combinations|1342408|vc|4|2|nan|4168,1,2.45624e-08,1.53625,43.3408,0.174705,3.95041e-08,1,2.45624e-08,1.53239,1,0.173638,3.93862e-08,False,nan|4168,1342408
130_bNAb_Combinations|1342408|vc|5|2|nan|4168,1,2.45624e-08,1.53625,22.3923,0.174705,3.95041e-08,1,2.45624e-08,1.53239,1,0.173638,3.93862e-08,False,nan|4168,1342408
130_bNAb_Combinations|1342408|vc|6|2|nan|4168,1,2.45624e-08,1.53625,24.9891,0.174705,3.95041e-08,1,2.45624e-08,1.53239,0.999999,0.173638,3.93862e-08,False,nan|4168,1342408
130_bNAb_Combinations|1342408|vc|7|2|nan|4168,1,2.45624e-08,1.53625,44.9332,0.174705,3.95041e-08,1,2.45624e-08,1.53239,0.999999,0.173638,3.93862e-08,False,nan|4168,1342408
130_bNAb_Combinations|1342408|vc|8|2|nan|4168,1,2.45624e-08,1.53625,37.6826,0.174705,3.95041e-08,1,2.45624e-08,1.53239,1,0.173638,3.93862e-08,False,nan|4168,1342408
704_VRC01_Concordance|1200432|cc|1|1|PVO.4|5024,1,6.28876e-08,1.53506,31.4936,0.174684,3.9504e-08,1,6.28876e-08,1.53124,1,0.173616,3.93861e-08,False,nan|PVO.4,1200432
704_VRC01_Concordance|1200432|cc|2|1|PVO.4|5024,1,6.28876e-08,1.53506,29.4643,0.174684,3.9504e-08,1,6.28876e-08,1.53124,1,0.173616,3.93861e-08,False,nan|PVO.4,1200432
704_VRC01_Concordance|1200432|cc|3|1|PVO.4|5024,1,6.28876e-08,1.53506,35.0413,0.174684,3.9504e-08,1,6.28876e-08,1.53124,1,0.173616,3.93861e-08,False,nan|PVO.4,1200432
704_VRC01_Concordance|1200432|cc|4|1|PVO.4|5024,1,6.28876e-08,1.53506,60.7783,0.174684,3.9504e-08,1,6.28876e-08,1.53124,1,0.173616,3.93861e-08,False,nan|PVO.4,1200432
704_VRC01_Concordance|1200432|cc|5|1|PVO.4|5024,1,6.28876e-08,1.53506,26.139,0.174684,3.9504e-08,1,6.28876e-08,1.53124,1,0.173616,3.93861e-08,False,nan|PVO.4,1200432
704_VRC01_Concordance|1200432|cc|6|1|PVO.4|5024,1,6.28876e-08,1.53506,27.6883,0.174684,3.9504e-08,1,6.28876e-08,1.53124,1,0.173616,3.93861e-08,False,nan|PVO.4,1200432
704_VRC01_Concordance|1200432|cc|7|1|PVO.4|5024,1,6.28876e-08,1.53506,41.3817,0.174684,3.9504e-08,1,6.28876e-08,1.53124,1,0.173616,3.93861e-08,False,nan|PVO.4,1200432
704_VRC01_Concordance|1200432|cc|8|1|PVO.4|5024,1,6.28876e-08,1.53506,27.2377,0.174684,3.9504e-08,1,6.28876e-08,1.53124,1,0.173616,3.93861e-08,False,nan|PVO.4,1200432
704_VRC01_Concordance|1200432|sample|10|PVO.4|5024,1,1.90679e-08,1.53648,1.30604,0.174684,3.9504e-08,1,1.90679e-08,1.53262,1.35698,0.173616,3.93861e-08,True,Clinical VRC01|PVO.4,1200432
704_VRC01_Concordance|1200432|sample|11|PVO.4|5024,1,1.90679e-08,1.53648,1.99651,0.174684,3.9504e-08,1,1.90679e-08,1.53262,1.99709,0.173616,3.93861e-08,True,Clinical VRC01|PVO.4,1200432
704_VRC01_Concordance|1200432|sample|12|PVO.4|5024,1,1.90679e-08,1.53648,2.31285,0.174684,3.9504e-08,1,1.90679e-08,1.53262,2.4001,0.173616,3.93861e-08,True,Clinical VRC01|PVO.4,1200432
704_VRC01_Concordance|1200432|sample|3|PVO.4|5024,1,1.90679e-08,1.53648,2.66098,0.174684,3.9504e-08,1,1.90679e-08,1.53262,2.75625,0.173616,3.93861e-08,True,Clinical VRC01|PVO.4,1200432
704_VRC01_Concordance|1200432|sample|4|PVO.4|5024,1,1.90679e-08,1.53648,1.51823,0.174684,3.9504e-08,1,1.90679e-08,1.53262,1.55316,0.173616,3.93861e-08,True,Clinical VRC01|PVO.4,1200432
704_VRC01_Concordance|1200432|sample|5|PVO.4|5024,1,1.90679e-08,1.53648,1.37526,0.174684,3.9504e-08,1,1.90679e-08,1.53262,1.42855,0.173616,3.93861e-08,True,Clinical VRC01|PVO.4,1200432
704_VRC01_Concordance|1200432|sample|6|PVO.4|5024,1,1.90679e-08,1.53648,1.2733,0.174684,3.9504e-08,1,1.90679e-08,1.53262,1.32694,0.173616,3.93861e-08,True,Clinical VRC01|PVO.4,1200432
704_VRC01_Concordance|1200432|sample|7|PVO.4|5024,1,1.90679e-08,1.53648,2.18864,0.174684,3.9504e-08,1,1.90679e-08,1.53262,2.16619,0.173616,3.93861e-08,True,Clinical VRC01|PVO.4,1200432
704_VRC01_Concordance|1200432|sample|8|PVO.4|5024,1,1.90679e-08,1.53648,1.87172,0.174684,3.9504e-08,1,1.90679e-08,1.53262,2.01761,0.173616,3.93861e-08,True,Clinical VRC01|PVO.4,1200432
704_VRC01_Concordance|1200432|sample|9|PVO.4|5024,1,1.90679e-08,1.53648,1.56136,0.174684,3.9504e-08,1,1.90679e-08,1.53262,1.55808,0.173616,3.93861e-08,True,Clinical VRC01|PVO.4,1200432
704_VRC01_Concordance|1200432|vc|1|2|PVO.4|5024,1,6.28876e-08,1.53506,23.2689,0.174684,3.9504e-08,1,6.28876e-08,1.53124,1,0.173616,3.93861e-08,False,nan|PVO.4,1200432
704_VRC01_Concordance|1200432|vc|2|2|PVO.4|5024,1,6.28876e-08,1.53506,51.6316,0.174684,3.9504e-08,1,6.28876e-08,1.53124,1,0.173616,3.93861e-08,False,nan|PVO.4,1200432
704_VRC01_Concordance|1200432|vc|3|2|PVO.4|5024,1,6.28876e-08,1.53506,59.9427,0.174684,3.9504e-08,1,6.28876e-08,1.53124,1,0.173616,3.93861e-08,False,nan|PVO.4,1200432
704_VRC01_Concordance|1200432|vc|4|2|PVO.4|5024,1,6.28876e-08,1.53506,39.3386,0.174684,3.9504e-08,1,6.28876e-08,1.53124,1,0.173616,3.93861e-08,False,nan|PVO.4,1200432
704_VRC01_Concordance|1200432|vc|5|2|PVO.4|5024,1,6.28876e-08,1.53506,18.4284,0.174684,3.9504e-08,1,6.28876e-08,1.53124,1,0.173616,3.93861e-08,False,nan|PVO.4,1200432
704_VRC01_Concordance|1200432|vc|6|2|PVO.4|5024,1,6.28876e-08,1.53506,55.1776,0.174684,3.9504e-08,1,6.28876e-08,1.53124,1,0.173616,3.93861e-08,False,nan|PVO.4,1200432
704_VRC01_Concordance|1200432|vc|7|2|PVO.4|5024,1,6.28876e-08,1.53506,11.6436,0.174684,3.9504e-08,1,6.28876e-08,1.53124,1,0.173616,3.93861e-08,False,nan|PVO.4,1200432
704_VRC01_Concordance|1200432|vc|8|2|PVO.4|5024,1,6.28876e-08,1.53506,56.1009,0.174684,3.9504e-08,1,6.28876e-08,1.53124,1,0.173616,3.93861e-08,False,nan|PVO.4,1200432
