id,eta_U_SAEM,eta_L_SAEM,eta_m_SAEM,eta_e_SAEM,eta_s_SAEM,eta_alpha_SAEM,eta_k_SAEM,eta_U_mode,eta_L_mode,eta_m_mode,eta_e_mode,eta_s_mode,eta_alpha_mode,eta_k_mode,goes_down,mab_virus,run_id
130_bNAb_Combinations|1313842|cc|1|1|nan|2946,0,0,0,2.22314e-09,0,0,0,0,0,0,-8.53495e-12,0,0,0,False,nan|2946,1313842
130_bNAb_Combinations|1313842|cc|2|1|nan|2946,0,0,0,-1.9014e-10,0,0,0,0,0,0,-1.3614e-11,0,0,0,False,nan|2946,1313842
130_bNAb_Combinations|1313842|cc|3|1|nan|2946,0,0,0,3.76416e-10,0,0,0,0,0,0,-8.0794e-11,0,0,0,False,nan|2946,1313842
130_bNAb_Combinations|1313842|cc|4|1|nan|2946,0,0,0,-1.75985e-09,0,0,0,0,0,0,-2.0111e-11,0,0,0,False,nan|2946,1313842
130_bNAb_Combinations|1313842|cc|5|1|nan|2946,0,0,0,2.59102e-09,0,0,0,0,0,0,-2.08971e-11,0,0,0,False,nan|2946,1313842
130_bNAb_Combinations|1313842|cc|6|1|nan|2946,0,0,0,2.79031e-09,0,0,0,0,0,0,-3.28537e-11,0,0,0,False,nan|2946,1313842
130_bNAb_Combinations|1313842|cc|7|1|nan|2946,0,0,0,-7.9038e-10,0,0,0,0,0,0,1.98801e-11,0,0,0,False,nan|2946,1313842
130_bNAb_Combinations|1313842|cc|8|1|nan|2946,0,0,0,2.57019e-09,0,0,0,0,0,0,-8.39746e-11,0,0,0,False,nan|2946,1313842
130_bNAb_Combinations|1313842|sample|10|nan|2946,0,0,0,1.61515e-09,0,0,0,0,0,0,-1.09194e-10,0,0,0,True,PGT121|2946,1313842
130_bNAb_Combinations|1313842|sample|11|nan|2946,0,0,0,-4.99084e-09,0,0,0,0,0,0,-5.71188e-12,0,0,0,True,VRC07-523LS|2946,1313842
130_bNAb_Combinations|1313842|sample|12|nan|2946,0,0,0,-9.30118e-10,0,0,0,0,0,0,2.17302e-11,0,0,0,True,VRC07-523LS|2946,1313842
130_bNAb_Combinations|1313842|sample|3|nan|2946,0,0,0,4.79811e-10,0,0,0,0,0,0,3.61648e-11,0,0,0,True,PGDM1400|2946,1313842
130_bNAb_Combinations|1313842|sample|4|nan|2946,0,0,0,-4.46689e-09,0,0,0,0,0,0,8.31974e-11,0,0,0,True,PGDM1400|2946,1313842
130_bNAb_Combinations|1313842|sample|5|nan|2946,0,0,0,2.16668e-09,0,0,0,0,0,0,-1.71138e-10,0,0,0,True,PGDM1400|2946,1313842
130_bNAb_Combinations|1313842|sample|6|nan|2946,0,0,0,6.97268e-10,0,0,0,0,0,0,8.14238e-11,0,0,0,True,PGDM1400|2946,1313842
130_bNAb_Combinations|1313842|sample|7|nan|2946,0,0,0,1.51621e-09,0,0,0,0,0,0,1.44045e-11,0,0,0,True,PGT121|2946,1313842
130_bNAb_Combinations|1313842|sample|8|nan|2946,0,0,0,2.19083e-09,0,0,0,0,0,0,2.143e-11,0,0,0,True,PGT121|2946,1313842
130_bNAb_Combinations|1313842|sample|9|nan|2946,0,0,0,5.13721e-09,0,0,0,0,0,0,1.92566e-11,0,0,0,True,PGT121|2946,1313842
130_bNAb_Combinations|1313842|vc|1|2|nan|2946,0,0,0,3.9794e-10,0,0,0,0,0,0,-1.70237e-11,0,0,0,False,nan|2946,1313842
130_bNAb_Combinations|1313842|vc|2|2|nan|2946,0,0,0,1.63448e-09,0,0,0,0,0,0,-5.70566e-12,0,0,0,False,nan|2946,1313842
130_bNAb_Combinations|1313842|vc|3|2|nan|2946,0,0,0,6.72877e-10,0,0,0,0,0,0,-3.78289e-11,0,0,0,False,nan|2946,1313842
130_bNAb_Combinations|1313842|vc|4|2|nan|2946,0,0,0,2.26299e-09,0,0,0,0,0,0,3.13212e-11,0,0,0,False,nan|2946,1313842
130_bNAb_Combinations|1313842|vc|5|2|nan|2946,0,0,0,-2.74728e-09,0,0,0,0,0,0,6.43752e-12,0,0,0,False,nan|2946,1313842
130_bNAb_Combinations|1313842|vc|6|2|nan|2946,0,0,0,1.82828e-09,0,0,0,0,0,0,1.91021e-11,0,0,0,False,nan|2946,1313842
130_bNAb_Combinations|1313842|vc|7|2|nan|2946,0,0,0,-5.04909e-09,0,0,0,0,0,0,-1.39271e-11,0,0,0,False,nan|2946,1313842
130_bNAb_Combinations|1313842|vc|8|2|nan|2946,0,0,0,6.48146e-10,0,0,0,0,0,0,-2.03109e-11,0,0,0,False,nan|2946,1313842
130_bNAb_Combinations|1313860|cc|1|1|PVO.4|5024,0,0,0,4.71841e-09,0,0,0,0,0,0,-5.82547e-11,0,0,0,False,nan|PVO.4,1313860
130_bNAb_Combinations|1313860|cc|2|1|PVO.4|5024,0,0,0,3.21214e-09,0,0,0,0,0,0,1.0866e-11,0,0,0,False,nan|PVO.4,1313860
130_bNAb_Combinations|1313860|cc|3|1|PVO.4|5024,0,0,0,-1.03344e-09,0,0,0,0,0,0,2.46754e-11,0,0,0,False,nan|PVO.4,1313860
130_bNAb_Combinations|1313860|cc|4|1|PVO.4|5024,0,0,0,3.44428e-09,0,0,0,0,0,0,9.6243e-12,0,0,0,False,nan|PVO.4,1313860
130_bNAb_Combinations|1313860|cc|5|1|PVO.4|5024,0,0,0,-4.35195e-09,0,0,0,0,0,0,-2.63629e-11,0,0,0,False,nan|PVO.4,1313860
130_bNAb_Combinations|1313860|cc|6|1|PVO.4|5024,0,0,0,2.17322e-09,0,0,0,0,0,0,2.22045e-11,0,0,0,False,nan|PVO.4,1313860
130_bNAb_Combinations|1313860|cc|7|1|PVO.4|5024,0,0,0,5.62893e-09,0,0,0,0,0,0,-2.29523e-11,0,0,0,False,nan|PVO.4,1313860
130_bNAb_Combinations|1313860|cc|8|1|PVO.4|5024,0,0,0,3.95354e-11,0,0,0,0,0,0,-1.09583e-11,0,0,0,False,nan|PVO.4,1313860
130_bNAb_Combinations|1313860|sample|10|PVO.4|5024,0,0,0,1.72993e-09,0,0,0,0,0,0,-1.51048e-11,0,0,0,True,PGT121|PVO.4,1313860
130_bNAb_Combinations|1313860|sample|11|PVO.4|5024,0,0,0,3.61794e-09,0,0,0,0,0,0,1.16325e-11,0,0,0,True,VRC07-523LS|PVO.4,1313860
130_bNAb_Combinations|1313860|sample|12|PVO.4|5024,0,0,0,-4.87632e-09,0,0,0,0,0,0,-2.90878e-11,0,0,0,True,VRC07-523LS|PVO.4,1313860
130_bNAb_Combinations|1313860|sample|3|PVO.4|5024,0,0,0,2.73608e-10,0,0,0,0,0,0,3.41496e-11,0,0,0,True,PGDM1400|PVO.4,1313860
130_bNAb_Combinations|1313860|sample|4|PVO.4|5024,0,0,0,-1.43069e-09,0,0,0,0,0,0,-2.1573e-11,0,0,0,True,PGDM1400|PVO.4,1313860
130_bNAb_Combinations|1313860|sample|5|PVO.4|5024,0,0,0,-2.8253e-09,0,0,0,0,0,0,2.63141e-11,0,0,0,True,PGDM1400|PVO.4,1313860
130_bNAb_Combinations|1313860|sample|6|PVO.4|5024,0,0,0,-3.61783e-09,0,0,0,0,0,0,-1.06128e-11,0,0,0,True,PGDM1400|PVO.4,1313860
130_bNAb_Combinations|1313860|sample|7|PVO.4|5024,0,0,0,-2.4969e-09,0,0,0,0,0,0,1.89688e-11,0,0,0,True,PGT121|PVO.4,1313860
130_bNAb_Combinations|1313860|sample|8|PVO.4|5024,0,0,0,-3.93382e-09,0,0,0,0,0,0,-1.22906e-11,0,0,0,True,PGT121|PVO.4,1313860
130_bNAb_Combinations|1313860|sample|9|PVO.4|5024,0,0,0,-2.95232e-09,0,0,0,0,0,0,-4.11058e-11,0,0,0,True,PGT121|PVO.4,1313860
130_bNAb_Combinations|1313860|vc|1|2|PVO.4|5024,0,0,0,1.09534e-09,0,0,0,0,0,0,5.29328e-11,0,0,0,False,nan|PVO.4,1313860
130_bNAb_Combinations|1313860|vc|2|2|PVO.4|5024,0,0,0,-4.86141e-09,0,0,0,0,0,0,-1.06919e-11,0,0,0,False,nan|PVO.4,1313860
130_bNAb_Combinations|1313860|vc|3|2|PVO.4|5024,0,0,0,-4.16891e-09,0,0,0,0,0,0,-1.8364e-11,0,0,0,False,nan|PVO.4,1313860
130_bNAb_Combinations|1313860|vc|4|2|PVO.4|5024,0,0,0,1.36578e-09,0,0,0,0,0,0,-2.67146e-11,0,0,0,False,nan|PVO.4,1313860
130_bNAb_Combinations|1313860|vc|5|2|PVO.4|5024,0,0,0,7.49287e-10,0,0,0,0,0,0,5.69713e-11,0,0,0,False,nan|PVO.4,1313860
130_bNAb_Combinations|1313860|vc|6|2|PVO.4|5024,0,0,0,-6.32332e-09,0,0,0,0,0,0,-1.39124e-11,0,0,0,False,nan|PVO.4,1313860
130_bNAb_Combinations|1313860|vc|7|2|PVO.4|5024,0,0,0,1.88867e-09,0,0,0,0,0,0,-2.89511e-11,0,0,0,False,nan|PVO.4,1313860
130_bNAb_Combinations|1313860|vc|8|2|PVO.4|5024,0,0,0,6.57674e-09,0,0,0,0,0,0,-8.70237e-12,0,0,0,False,nan|PVO.4,1313860
130_bNAb_Combinations|1313884|cc|1|1|nan|4168,0,0,0,-2.51447e-09,0,0,0,0,0,0,1.34461e-11,0,0,0,False,nan|4168,1313884
130_bNAb_Combinations|1313884|cc|2|1|nan|4168,0,0,0,-5.27627e-09,0,0,0,0,0,0,3.8725e-11,0,0,0,False,nan|4168,1313884
130_bNAb_Combinations|1313884|cc|3|1|nan|4168,0,0,0,-3.22314e-10,0,0,0,0,0,0,1.88218e-11,0,0,0,False,nan|4168,1313884
130_bNAb_Combinations|1313884|cc|4|1|nan|4168,0,0,0,1.93543e-09,0,0,0,0,0,0,-3.88529e-11,0,0,0,False,nan|4168,1313884
130_bNAb_Combinations|1313884|cc|5|1|nan|4168,0,0,0,-4.17655e-09,0,0,0,0,0,0,-1.92584e-11,0,0,0,False,nan|4168,1313884
130_bNAb_Combinations|1313884|cc|6|1|nan|4168,0,0,0,2.34304e-09,0,0,0,0,0,0,-1.71427e-11,0,0,0,False,nan|4168,1313884
130_bNAb_Combinations|1313884|cc|7|1|nan|4168,0,0,0,2.25662e-09,0,0,0,0,0,0,-1.7816e-11,0,0,0,False,nan|4168,1313884
130_bNAb_Combinations|1313884|cc|8|1|nan|4168,0,0,0,7.60914e-10,0,0,0,0,0,0,-1.27804e-11,0,0,0,False,nan|4168,1313884
130_bNAb_Combinations|1313884|sample|10|nan|4168,0,0,0,4.45287e-09,0,0,0,0,0,0,3.83764e-11,0,0,0,True,PGT121|4168,1313884
130_bNAb_Combinations|1313884|sample|11|nan|4168,0,0,0,4.93727e-09,0,0,0,0,0,0,-1.35172e-11,0,0,0,True,VRC07-523LS|4168,1313884
130_bNAb_Combinations|1313884|sample|12|nan|4168,0,0,0,2.11223e-09,0,0,0,0,0,0,1.02247e-11,0,0,0,True,VRC07-523LS|4168,1313884
130_bNAb_Combinations|1313884|sample|3|nan|4168,0,0,0,1.32256e-09,0,0,0,0,0,0,5.14877e-12,0,0,0,True,PGDM1400|4168,1313884
130_bNAb_Combinations|1313884|sample|4|nan|4168,0,0,0,-8.35999e-10,0,0,0,0,0,0,7.13296e-12,0,0,0,True,PGDM1400|4168,1313884
130_bNAb_Combinations|1313884|sample|5|nan|4168,0,0,0,4.95958e-09,0,0,0,0,0,0,1.24398e-11,0,0,0,True,PGDM1400|4168,1313884
130_bNAb_Combinations|1313884|sample|6|nan|4168,0,0,0,-8.22117e-10,0,0,0,0,0,0,2.10134e-11,0,0,0,True,PGDM1400|4168,1313884
130_bNAb_Combinations|1313884|sample|7|nan|4168,0,0,0,1.09385e-09,0,0,0,0,0,0,7.65308e-11,0,0,0,True,PGT121|4168,1313884
130_bNAb_Combinations|1313884|sample|8|nan|4168,0,0,0,-7.9716e-10,0,0,0,0,0,0,-7.63931e-11,0,0,0,True,PGT121|4168,1313884
130_bNAb_Combinations|1313884|sample|9|nan|4168,0,0,0,-1.287e-09,0,0,0,0,0,0,-1.32161e-11,0,0,0,True,PGT121|4168,1313884
130_bNAb_Combinations|1313884|vc|1|2|nan|4168,0,0,0,-1.64348e-09,0,0,0,0,0,0,-1.59956e-11,0,0,0,False,nan|4168,1313884
130_bNAb_Combinations|1313884|vc|2|2|nan|4168,0,0,0,2.29875e-09,0,0,0,0,0,0,-1.85536e-11,0,0,0,False,nan|4168,1313884
130_bNAb_Combinations|1313884|vc|3|2|nan|4168,0,0,0,4.24707e-09,0,0,0,0,0,0,-4.26374e-11,0,0,0,False,nan|4168,1313884
130_bNAb_Combinations|1313884|vc|4|2|nan|4168,0,0,0,9.49587e-13,0,0,0,0,0,0,8.4817e-11,0,0,0,False,nan|4168,1313884
130_bNAb_Combinations|1313884|vc|5|2|nan|4168,0,0,0,2.71899e-09,0,0,0,0,0,0,1.57812e-11,0,0,0,False,nan|4168,1313884
130_bNAb_Combinations|1313884|vc|6|2|nan|4168,0,0,0,-2.0634e-09,0,0,0,0,0,0,-7.13429e-12,0,0,0,False,nan|4168,1313884
130_bNAb_Combinations|1313884|vc|7|2|nan|4168,0,0,0,-7.59526e-10,0,0,0,0,0,0,1.03904e-11,0,0,0,False,nan|4168,1313884
130_bNAb_Combinations|1313884|vc|8|2|nan|4168,0,0,0,3.94148e-09,0,0,0,0,0,0,8.05653e-11,0,0,0,False,nan|4168,1313884
130_bNAb_Combinations|1313920|cc|1|1|nan|1798,0,0,0,9.28553e-10,0,0,0,0,0,0,1.03029e-11,0,0,0,False,nan|1798,1313920
130_bNAb_Combinations|1313920|cc|2|1|nan|1798,0,0,0,-4.21467e-09,0,0,0,0,0,0,-1.3582e-11,0,0,0,False,nan|1798,1313920
130_bNAb_Combinations|1313920|cc|3|1|nan|1798,0,0,0,4.42679e-09,0,0,0,0,0,0,-4.80522e-11,0,0,0,False,nan|1798,1313920
130_bNAb_Combinations|1313920|cc|4|1|nan|1798,0,0,0,3.40585e-09,0,0,0,0,0,0,8.76454e-12,0,0,0,False,nan|1798,1313920
130_bNAb_Combinations|1313920|cc|5|1|nan|1798,0,0,0,-1.47345e-09,0,0,0,0,0,0,-2.06377e-11,0,0,0,False,nan|1798,1313920
130_bNAb_Combinations|1313920|cc|6|1|nan|1798,0,0,0,1.73098e-09,0,0,0,0,0,0,-4.94662e-11,0,0,0,False,nan|1798,1313920
130_bNAb_Combinations|1313920|cc|7|1|nan|1798,0,0,0,1.99916e-09,0,0,0,0,0,0,-1.04626e-10,0,0,0,False,nan|1798,1313920
130_bNAb_Combinations|1313920|cc|8|1|nan|1798,0,0,0,5.38853e-09,0,0,0,0,0,0,5.14948e-11,0,0,0,False,nan|1798,1313920
130_bNAb_Combinations|1313920|sample|10|nan|1798,0,0,0,-1.82018e-09,0,0,0,0,0,0,1.4801e-11,0,0,0,True,PGT121|1798,1313920
130_bNAb_Combinations|1313920|sample|11|nan|1798,0,0,0,3.04082e-10,0,0,0,0,0,0,2.19518e-10,0,0,0,True,VRC07-523LS|1798,1313920
130_bNAb_Combinations|1313920|sample|12|nan|1798,0,0,0,-4.75796e-10,0,0,0,0,0,0,-8.61e-12,0,0,0,True,VRC07-523LS|1798,1313920
130_bNAb_Combinations|1313920|sample|3|nan|1798,0,0,0,2.25337e-09,0,0,0,0,0,0,-1.99574e-11,0,0,0,True,PGDM1400|1798,1313920
130_bNAb_Combinations|1313920|sample|4|nan|1798,0,0,0,1.70785e-10,0,0,0,0,0,0,1.87423e-11,0,0,0,True,PGDM1400|1798,1313920
130_bNAb_Combinations|1313920|sample|5|nan|1798,0,0,0,-3.81435e-09,0,0,0,0,0,0,-3.31815e-11,0,0,0,True,PGDM1400|1798,1313920
130_bNAb_Combinations|1313920|sample|6|nan|1798,0,0,0,4.39957e-09,0,0,0,0,0,0,-3.92415e-11,0,0,0,True,PGDM1400|1798,1313920
130_bNAb_Combinations|1313920|sample|7|nan|1798,0,0,0,-1.3889e-09,0,0,0,0,0,0,-2.52706e-10,0,0,0,True,PGT121|1798,1313920
130_bNAb_Combinations|1313920|sample|8|nan|1798,0,0,0,9.88012e-10,0,0,0,0,0,0,2.78297e-11,0,0,0,True,PGT121|1798,1313920
130_bNAb_Combinations|1313920|sample|9|nan|1798,0,0,0,5.03951e-09,0,0,0,0,0,0,1.363e-11,0,0,0,True,PGT121|1798,1313920
130_bNAb_Combinations|1313920|vc|1|2|nan|1798,0,0,0,7.55237e-10,0,0,0,0,0,0,5.25393e-11,0,0,0,False,nan|1798,1313920
130_bNAb_Combinations|1313920|vc|2|2|nan|1798,0,0,0,4.51468e-10,0,0,0,0,0,0,1.82094e-11,0,0,0,False,nan|1798,1313920
130_bNAb_Combinations|1313920|vc|3|2|nan|1798,0,0,0,-1.8063e-09,0,0,0,0,0,0,2.37215e-11,0,0,0,False,nan|1798,1313920
130_bNAb_Combinations|1313920|vc|4|2|nan|1798,0,0,0,4.13944e-09,0,0,0,0,0,0,-1.20686e-11,0,0,0,False,nan|1798,1313920
130_bNAb_Combinations|1313920|vc|5|2|nan|1798,0,0,0,3.70207e-09,0,0,0,0,0,0,-1.83391e-11,0,0,0,False,nan|1798,1313920
130_bNAb_Combinations|1313920|vc|6|2|nan|1798,0,0,0,2.49718e-09,0,0,0,0,0,0,1.61915e-11,0,0,0,False,nan|1798,1313920
130_bNAb_Combinations|1313920|vc|7|2|nan|1798,0,0,0,-1.46256e-09,0,0,0,0,0,0,-9.74687e-12,0,0,0,False,nan|1798,1313920
130_bNAb_Combinations|1313920|vc|8|2|nan|1798,0,0,0,-1.27994e-09,0,0,0,0,0,0,1.12088e-11,0,0,0,False,nan|1798,1313920
130_bNAb_Combinations|1313938|cc|1|1|TRO.11|8301,0,0,0,5.1707e-10,0,0,0,0,0,0,-1.30109e-11,0,0,0,False,nan|TRO.11,1313938
130_bNAb_Combinations|1313938|cc|2|1|TRO.11|8301,0,0,0,-2.60301e-09,0,0,0,0,0,0,1.12621e-11,0,0,0,False,nan|TRO.11,1313938
130_bNAb_Combinations|1313938|cc|3|1|TRO.11|8301,0,0,0,-1.2029e-09,0,0,0,0,0,0,-4.85034e-11,0,0,0,False,nan|TRO.11,1313938
130_bNAb_Combinations|1313938|cc|4|1|TRO.11|8301,0,0,0,-1.19718e-09,0,0,0,0,0,0,1.33653e-11,0,0,0,False,nan|TRO.11,1313938
130_bNAb_Combinations|1313938|cc|5|1|TRO.11|8301,0,0,0,-1.89104e-09,0,0,0,0,0,0,4.94431e-11,0,0,0,False,nan|TRO.11,1313938
130_bNAb_Combinations|1313938|cc|6|1|TRO.11|8301,0,0,0,-1.39684e-09,0,0,0,0,0,0,-1.78488e-11,0,0,0,False,nan|TRO.11,1313938
130_bNAb_Combinations|1313938|cc|7|1|TRO.11|8301,0,0,0,-1.56972e-09,0,0,0,0,0,0,-2.22879e-11,0,0,0,False,nan|TRO.11,1313938
130_bNAb_Combinations|1313938|cc|8|1|TRO.11|8301,0,0,0,-6.34558e-10,0,0,0,0,0,0,1.44933e-11,0,0,0,False,nan|TRO.11,1313938
130_bNAb_Combinations|1313938|sample|10|TRO.11|8301,0,0,0,1.25274e-09,0,0,0,0,0,0,1.33373e-11,0,0,0,True,PGT121|TRO.11,1313938
130_bNAb_Combinations|1313938|sample|11|TRO.11|8301,0,0,0,3.51943e-09,0,0,0,0,0,0,-1.84546e-11,0,0,0,True,VRC07-523LS|TRO.11,1313938
130_bNAb_Combinations|1313938|sample|12|TRO.11|8301,0,0,0,-6.63889e-10,0,0,0,0,0,0,-3.66565e-11,0,0,0,True,VRC07-523LS|TRO.11,1313938
130_bNAb_Combinations|1313938|sample|3|TRO.11|8301,0,0,0,-1.43845e-09,0,0,0,0,0,0,1.65175e-11,0,0,0,True,PGDM1400|TRO.11,1313938
130_bNAb_Combinations|1313938|sample|4|TRO.11|8301,0,0,0,6.54966e-10,0,0,0,0,0,0,5.9849e-11,0,0,0,True,PGDM1400|TRO.11,1313938
130_bNAb_Combinations|1313938|sample|5|TRO.11|8301,0,0,0,-7.9682e-10,0,0,0,0,0,0,-2.52145e-11,0,0,0,True,PGDM1400|TRO.11,1313938
130_bNAb_Combinations|1313938|sample|6|TRO.11|8301,0,0,0,4.0812e-09,0,0,0,0,0,0,7.14984e-12,0,0,0,True,PGDM1400|TRO.11,1313938
130_bNAb_Combinations|1313938|sample|7|TRO.11|8301,0,0,0,3.77865e-10,0,0,0,0,0,0,6.23102e-12,0,0,0,True,PGT121|TRO.11,1313938
130_bNAb_Combinations|1313938|sample|8|TRO.11|8301,0,0,0,2.02831e-09,0,0,0,0,0,0,6.57669e-11,0,0,0,True,PGT121|TRO.11,1313938
130_bNAb_Combinations|1313938|sample|9|TRO.11|8301,0,0,0,1.32051e-10,0,0,0,0,0,0,-2.26401e-11,0,0,0,True,PGT121|TRO.11,1313938
130_bNAb_Combinations|1313938|vc|1|2|TRO.11|8301,0,0,0,1.01076e-09,0,0,0,0,0,0,-2.46594e-11,0,0,0,False,nan|TRO.11,1313938
130_bNAb_Combinations|1313938|vc|2|2|TRO.11|8301,0,0,0,1.19688e-09,0,0,0,0,0,0,-6.99618e-12,0,0,0,False,nan|TRO.11,1313938
130_bNAb_Combinations|1313938|vc|3|2|TRO.11|8301,0,0,0,9.06883e-11,0,0,0,0,0,0,9.80105e-12,0,0,0,False,nan|TRO.11,1313938
130_bNAb_Combinations|1313938|vc|4|2|TRO.11|8301,0,0,0,-2.48979e-09,0,0,0,0,0,0,1.21831e-11,0,0,0,False,nan|TRO.11,1313938
130_bNAb_Combinations|1313938|vc|5|2|TRO.11|8301,0,0,0,-4.14647e-10,0,0,0,0,0,0,9.80727e-12,0,0,0,False,nan|TRO.11,1313938
130_bNAb_Combinations|1313938|vc|6|2|TRO.11|8301,0,0,0,-4.78679e-09,0,0,0,0,0,0,1.72964e-11,0,0,0,False,nan|TRO.11,1313938
130_bNAb_Combinations|1313938|vc|7|2|TRO.11|8301,0,0,0,1.28107e-10,0,0,0,0,0,0,4.72209e-11,0,0,0,False,nan|TRO.11,1313938
130_bNAb_Combinations|1313938|vc|8|2|TRO.11|8301,0,0,0,1.96232e-09,0,0,0,0,0,0,-2.7633e-11,0,0,0,False,nan|TRO.11,1313938
130_bNAb_Combinations|1313956|cc|1|1|Ce1176_A3|7023,0,0,0,-2.66866e-09,0,0,0,0,0,0,3.12728e-11,0,0,0,False,nan|Ce1176_A3,1313956
130_bNAb_Combinations|1313956|cc|2|1|Ce1176_A3|7023,0,0,0,-4.55603e-09,0,0,0,0,0,0,-1.75842e-11,0,0,0,False,nan|Ce1176_A3,1313956
130_bNAb_Combinations|1313956|cc|3|1|Ce1176_A3|7023,0,0,0,1.04713e-09,0,0,0,0,0,0,-1.35407e-11,0,0,0,False,nan|Ce1176_A3,1313956
130_bNAb_Combinations|1313956|cc|4|1|Ce1176_A3|7023,0,0,0,-6.11918e-10,0,0,0,0,0,0,8.23581e-11,0,0,0,False,nan|Ce1176_A3,1313956
130_bNAb_Combinations|1313956|cc|5|1|Ce1176_A3|7023,0,0,0,1.33121e-09,0,0,0,0,0,0,1.98237e-11,0,0,0,False,nan|Ce1176_A3,1313956
130_bNAb_Combinations|1313956|cc|6|1|Ce1176_A3|7023,0,0,0,2.20742e-09,0,0,0,0,0,0,1.85674e-11,0,0,0,False,nan|Ce1176_A3,1313956
130_bNAb_Combinations|1313956|cc|7|1|Ce1176_A3|7023,0,0,0,7.85379e-09,0,0,0,0,0,0,-1.77538e-11,0,0,0,False,nan|Ce1176_A3,1313956
130_bNAb_Combinations|1313956|cc|8|1|Ce1176_A3|7023,0,0,0,-8.05852e-10,0,0,0,0,0,0,1.37765e-11,0,0,0,False,nan|Ce1176_A3,1313956
130_bNAb_Combinations|1313956|sample|10|Ce1176_A3|7023,0,0,0,1.85539e-09,0,0,0,0,0,0,1.35056e-11,0,0,0,True,PGT121|Ce1176_A3,1313956
130_bNAb_Combinations|1313956|sample|11|Ce1176_A3|7023,0,0,0,-4.51611e-11,0,0,0,0,0,0,-1.28422e-11,0,0,0,True,VRC07-523LS|Ce1176_A3,1313956
130_bNAb_Combinations|1313956|sample|12|Ce1176_A3|7023,0,0,0,4.08532e-10,0,0,0,0,0,0,-1.11005e-11,0,0,0,True,VRC07-523LS|Ce1176_A3,1313956
130_bNAb_Combinations|1313956|sample|3|Ce1176_A3|7023,0,0,0,-2.91689e-09,0,0,0,0,0,0,4.33307e-11,0,0,0,True,PGDM1400|Ce1176_A3,1313956
130_bNAb_Combinations|1313956|sample|4|Ce1176_A3|7023,0,0,0,1.41471e-09,0,0,0,0,0,0,-2.14211e-11,0,0,0,True,PGDM1400|Ce1176_A3,1313956
130_bNAb_Combinations|1313956|sample|5|Ce1176_A3|7023,0,0,0,-3.2911e-09,0,0,0,0,0,0,3.93392e-11,0,0,0,True,PGDM1400|Ce1176_A3,1313956
130_bNAb_Combinations|1313956|sample|6|Ce1176_A3|7023,0,0,0,-1.80139e-09,0,0,0,0,0,0,-4.43787e-11,0,0,0,True,PGDM1400|Ce1176_A3,1313956
130_bNAb_Combinations|1313956|sample|7|Ce1176_A3|7023,0,0,0,-1.27364e-09,0,0,0,0,0,0,-1.12288e-11,0,0,0,True,PGT121|Ce1176_A3,1313956
130_bNAb_Combinations|1313956|sample|8|Ce1176_A3|7023,0,0,0,3.29089e-09,0,0,0,0,0,0,-3.93583e-11,0,0,0,True,PGT121|Ce1176_A3,1313956
130_bNAb_Combinations|1313956|sample|9|Ce1176_A3|7023,0,0,0,-1.74014e-09,0,0,0,0,0,0,3.25699e-11,0,0,0,True,PGT121|Ce1176_A3,1313956
130_bNAb_Combinations|1313956|vc|1|2|Ce1176_A3|7023,0,0,0,-5.45686e-10,0,0,0,0,0,0,-1.85487e-11,0,0,0,False,nan|Ce1176_A3,1313956
130_bNAb_Combinations|1313956|vc|2|2|Ce1176_A3|7023,0,0,0,1.93731e-09,0,0,0,0,0,0,4.09428e-11,0,0,0,False,nan|Ce1176_A3,1313956
130_bNAb_Combinations|1313956|vc|3|2|Ce1176_A3|7023,0,0,0,-1.71903e-09,0,0,0,0,0,0,1.98579e-11,0,0,0,False,nan|Ce1176_A3,1313956
130_bNAb_Combinations|1313956|vc|4|2|Ce1176_A3|7023,0,0,0,-7.40433e-09,0,0,0,0,0,0,1.7252e-11,0,0,0,False,nan|Ce1176_A3,1313956
130_bNAb_Combinations|1313956|vc|5|2|Ce1176_A3|7023,0,0,0,-4.10457e-09,0,0,0,0,0,0,1.60325e-11,0,0,0,False,nan|Ce1176_A3,1313956
130_bNAb_Combinations|1313956|vc|6|2|Ce1176_A3|7023,0,0,0,-3.43161e-09,0,0,0,0,0,0,2.04441e-11,0,0,0,False,nan|Ce1176_A3,1313956
130_bNAb_Combinations|1313956|vc|7|2|Ce1176_A3|7023,0,0,0,1.17136e-09,0,0,0,0,0,0,-1.46665e-11,0,0,0,False,nan|Ce1176_A3,1313956
130_bNAb_Combinations|1313956|vc|8|2|Ce1176_A3|7023,0,0,0,-3.16135e-09,0,0,0,0,0,0,3.99911e-11,0,0,0,False,nan|Ce1176_A3,1313956
130_bNAb_Combinations|1313974|cc|1|1|nan|1176,0,0,0,1.66167e-09,0,0,0,0,0,0,1.41709e-11,0,0,0,False,nan|1176,1313974
130_bNAb_Combinations|1313974|cc|2|1|nan|1176,0,0,0,1.21836e-09,0,0,0,0,0,0,-5.9579e-12,0,0,0,False,nan|1176,1313974
130_bNAb_Combinations|1313974|cc|3|1|nan|1176,0,0,0,1.66561e-09,0,0,0,0,0,0,1.81091e-11,0,0,0,False,nan|1176,1313974
130_bNAb_Combinations|1313974|cc|4|1|nan|1176,0,0,0,1.50082e-09,0,0,0,0,0,0,-2.57687e-11,0,0,0,False,nan|1176,1313974
130_bNAb_Combinations|1313974|cc|5|1|nan|1176,0,0,0,-1.74351e-09,0,0,0,0,0,0,5.49187e-11,0,0,0,False,nan|1176,1313974
130_bNAb_Combinations|1313974|cc|6|1|nan|1176,0,0,0,3.04889e-09,0,0,0,0,0,0,1.09219e-11,0,0,0,False,nan|1176,1313974
130_bNAb_Combinations|1313974|cc|7|1|nan|1176,0,0,0,-1.13967e-09,0,0,0,0,0,0,5.42073e-11,0,0,0,False,nan|1176,1313974
130_bNAb_Combinations|1313974|cc|8|1|nan|1176,0,0,0,-5.97025e-09,0,0,0,0,0,0,6.00213e-11,0,0,0,False,nan|1176,1313974
130_bNAb_Combinations|1313974|sample|10|nan|1176,0,0,0,-8.87703e-10,0,0,0,0,0,0,-8.26486e-11,0,0,0,True,PGT121|1176,1313974
130_bNAb_Combinations|1313974|sample|11|nan|1176,0,0,0,-1.54361e-09,0,0,0,0,0,0,-1.21574e-11,0,0,0,True,VRC07-523LS|1176,1313974
130_bNAb_Combinations|1313974|sample|12|nan|1176,0,0,0,3.30167e-10,0,0,0,0,0,0,-1.34976e-11,0,0,0,True,VRC07-523LS|1176,1313974
130_bNAb_Combinations|1313974|sample|3|nan|1176,0,0,0,4.82816e-09,0,0,0,0,0,0,-2.23093e-11,0,0,0,True,PGDM1400|1176,1313974
130_bNAb_Combinations|1313974|sample|4|nan|1176,0,0,0,-5.00235e-09,0,0,0,0,0,0,-1.88897e-10,0,0,0,True,PGDM1400|1176,1313974
130_bNAb_Combinations|1313974|sample|5|nan|1176,0,0,0,-9.12237e-10,0,0,0,0,0,0,1.67013e-11,0,0,0,True,PGDM1400|1176,1313974
130_bNAb_Combinations|1313974|sample|6|nan|1176,0,0,0,5.37129e-11,0,0,0,0,0,0,-1.21654e-11,0,0,0,True,PGDM1400|1176,1313974
130_bNAb_Combinations|1313974|sample|7|nan|1176,0,0,0,-3.17833e-09,0,0,0,0,0,0,2.12292e-11,0,0,0,True,PGT121|1176,1313974
130_bNAb_Combinations|1313974|sample|8|nan|1176,0,0,0,6.24524e-10,0,0,0,0,0,0,1.85327e-11,0,0,0,True,PGT121|1176,1313974
130_bNAb_Combinations|1313974|sample|9|nan|1176,0,0,0,4.50786e-09,0,0,0,0,0,0,1.07967e-11,0,0,0,True,PGT121|1176,1313974
130_bNAb_Combinations|1313974|vc|1|2|nan|1176,0,0,0,-4.219e-10,0,0,0,0,0,0,-1.39346e-11,0,0,0,False,nan|1176,1313974
130_bNAb_Combinations|1313974|vc|2|2|nan|1176,0,0,0,-3.50538e-09,0,0,0,0,0,0,-1.42153e-11,0,0,0,False,nan|1176,1313974
130_bNAb_Combinations|1313974|vc|3|2|nan|1176,0,0,0,-5.64592e-09,0,0,0,0,0,0,2.16209e-11,0,0,0,False,nan|1176,1313974
130_bNAb_Combinations|1313974|vc|4|2|nan|1176,0,0,0,1.96744e-09,0,0,0,0,0,0,1.76597e-11,0,0,0,False,nan|1176,1313974
130_bNAb_Combinations|1313974|vc|5|2|nan|1176,0,0,0,3.01005e-10,0,0,0,0,0,0,-1.64926e-11,0,0,0,False,nan|1176,1313974
130_bNAb_Combinations|1313974|vc|6|2|nan|1176,0,0,0,-3.51951e-09,0,0,0,0,0,0,-2.83462e-11,0,0,0,False,nan|1176,1313974
130_bNAb_Combinations|1313974|vc|7|2|nan|1176,0,0,0,2.23405e-09,0,0,0,0,0,0,-1.80078e-11,0,0,0,False,nan|1176,1313974
130_bNAb_Combinations|1313974|vc|8|2|nan|1176,0,0,0,-4.1275e-09,0,0,0,0,0,0,2.86695e-11,0,0,0,False,nan|1176,1313974
130_bNAb_Combinations|1313992|cc|1|1|RHPA4259.7|5371,0,0,0,-2.30088e-09,0,0,0,0,0,0,2.08278e-11,0,0,0,False,nan|RHPA4259.7,1313992
130_bNAb_Combinations|1313992|cc|2|1|RHPA4259.7|5371,0,0,0,3.99884e-10,0,0,0,0,0,0,1.3145e-11,0,0,0,False,nan|RHPA4259.7,1313992
130_bNAb_Combinations|1313992|cc|3|1|RHPA4259.7|5371,0,0,0,-2.75892e-09,0,0,0,0,0,0,3.56888e-11,0,0,0,False,nan|RHPA4259.7,1313992
130_bNAb_Combinations|1313992|cc|4|1|RHPA4259.7|5371,0,0,0,3.03963e-09,0,0,0,0,0,0,-1.25624e-11,0,0,0,False,nan|RHPA4259.7,1313992
130_bNAb_Combinations|1313992|cc|5|1|RHPA4259.7|5371,0,0,0,-1.29431e-10,0,0,0,0,0,0,8.57083e-11,0,0,0,False,nan|RHPA4259.7,1313992
130_bNAb_Combinations|1313992|cc|6|1|RHPA4259.7|5371,0,0,0,9.76259e-10,0,0,0,0,0,0,-1.23599e-11,0,0,0,False,nan|RHPA4259.7,1313992
130_bNAb_Combinations|1313992|cc|7|1|RHPA4259.7|5371,0,0,0,-1.78688e-09,0,0,0,0,0,0,1.89235e-11,0,0,0,False,nan|RHPA4259.7,1313992
130_bNAb_Combinations|1313992|cc|8|1|RHPA4259.7|5371,0,0,0,-2.19162e-09,0,0,0,0,0,0,-8.48708e-11,0,0,0,False,nan|RHPA4259.7,1313992
130_bNAb_Combinations|1313992|sample|10|RHPA4259.7|5371,0,0,0,2.9502e-10,0,0,0,0,0,0,-3.91887e-11,0,0,0,True,PGT121|RHPA4259.7,1313992
130_bNAb_Combinations|1313992|sample|11|RHPA4259.7|5371,0,0,0,1.24739e-09,0,0,0,0,0,0,-8.45413e-12,0,0,0,True,VRC07-523LS|RHPA4259.7,1313992
130_bNAb_Combinations|1313992|sample|12|RHPA4259.7|5371,0,0,0,-2.7449e-09,0,0,0,0,0,0,-4.02673e-11,0,0,0,True,VRC07-523LS|RHPA4259.7,1313992
130_bNAb_Combinations|1313992|sample|3|RHPA4259.7|5371,0,0,0,-3.02606e-09,0,0,0,0,0,0,1.04112e-11,0,0,0,True,PGDM1400|RHPA4259.7,1313992
130_bNAb_Combinations|1313992|sample|4|RHPA4259.7|5371,0,0,0,-5.97144e-10,0,0,0,0,0,0,1.65166e-11,0,0,0,True,PGDM1400|RHPA4259.7,1313992
130_bNAb_Combinations|1313992|sample|5|RHPA4259.7|5371,0,0,0,2.82426e-09,0,0,0,0,0,0,-5.54259e-11,0,0,0,True,PGDM1400|RHPA4259.7,1313992
130_bNAb_Combinations|1313992|sample|6|RHPA4259.7|5371,0,0,0,1.68336e-09,0,0,0,0,0,0,-1.30953e-11,0,0,0,True,PGDM1400|RHPA4259.7,1313992
130_bNAb_Combinations|1313992|sample|7|RHPA4259.7|5371,0,0,0,2.0448e-09,0,0,0,0,0,0,-1.16429e-11,0,0,0,True,PGT121|RHPA4259.7,1313992
130_bNAb_Combinations|1313992|sample|8|RHPA4259.7|5371,0,0,0,1.31244e-09,0,0,0,0,0,0,7.61067e-11,0,0,0,True,PGT121|RHPA4259.7,1313992
130_bNAb_Combinations|1313992|sample|9|RHPA4259.7|5371,0,0,0,-4.9348e-09,0,0,0,0,0,0,-2.0286e-11,0,0,0,True,PGT121|RHPA4259.7,1313992
130_bNAb_Combinations|1313992|vc|1|2|RHPA4259.7|5371,0,0,0,1.21333e-09,0,0,0,0,0,0,-3.32321e-11,0,0,0,False,nan|RHPA4259.7,1313992
130_bNAb_Combinations|1313992|vc|2|2|RHPA4259.7|5371,0,0,0,1.73529e-09,0,0,0,0,0,0,1.58291e-11,0,0,0,False,nan|RHPA4259.7,1313992
130_bNAb_Combinations|1313992|vc|3|2|RHPA4259.7|5371,0,0,0,1.23321e-09,0,0,0,0,0,0,-1.33547e-11,0,0,0,False,nan|RHPA4259.7,1313992
130_bNAb_Combinations|1313992|vc|4|2|RHPA4259.7|5371,0,0,0,-2.31405e-09,0,0,0,0,0,0,-3.53344e-11,0,0,0,False,nan|RHPA4259.7,1313992
130_bNAb_Combinations|1313992|vc|5|2|RHPA4259.7|5371,0,0,0,-1.01608e-10,0,0,0,0,0,0,-1.54436e-11,0,0,0,False,nan|RHPA4259.7,1313992
130_bNAb_Combinations|1313992|vc|6|2|RHPA4259.7|5371,0,0,0,-4.14474e-09,0,0,0,0,0,0,-1.74012e-11,0,0,0,False,nan|RHPA4259.7,1313992
130_bNAb_Combinations|1313992|vc|7|2|RHPA4259.7|5371,0,0,0,1.77536e-09,0,0,0,0,0,0,1.28981e-11,0,0,0,False,nan|RHPA4259.7,1313992
130_bNAb_Combinations|1313992|vc|8|2|RHPA4259.7|5371,0,0,0,8.03805e-10,0,0,0,0,0,0,-1.28404e-11,0,0,0,False,nan|RHPA4259.7,1313992
130_bNAb_Combinations|1314016|cc|1|1|nan|3430,0,0,0,5.64464e-09,0,0,0,0,0,0,1.21934e-11,0,0,0,False,nan|3430,1314016
130_bNAb_Combinations|1314016|cc|2|1|nan|3430,0,0,0,2.61705e-09,0,0,0,0,0,0,1.57909e-11,0,0,0,False,nan|3430,1314016
130_bNAb_Combinations|1314016|cc|3|1|nan|3430,0,0,0,1.76616e-09,0,0,0,0,0,0,-8.41105e-12,0,0,0,False,nan|3430,1314016
130_bNAb_Combinations|1314016|cc|4|1|nan|3430,0,0,0,-8.02315e-10,0,0,0,0,0,0,-1.80922e-11,0,0,0,False,nan|3430,1314016
130_bNAb_Combinations|1314016|cc|5|1|nan|3430,0,0,0,-6.23471e-09,0,0,0,0,0,0,-1.79696e-11,0,0,0,False,nan|3430,1314016
130_bNAb_Combinations|1314016|cc|6|1|nan|3430,0,0,0,2.49097e-09,0,0,0,0,0,0,7.80753e-12,0,0,0,False,nan|3430,1314016
130_bNAb_Combinations|1314016|cc|7|1|nan|3430,0,0,0,2.04809e-10,0,0,0,0,0,0,4.87832e-12,0,0,0,False,nan|3430,1314016
130_bNAb_Combinations|1314016|cc|8|1|nan|3430,0,0,0,2.38678e-09,0,0,0,0,0,0,-1.76463e-11,0,0,0,False,nan|3430,1314016
130_bNAb_Combinations|1314016|sample|10|nan|3430,0,0,0,2.32312e-09,0,0,0,0,0,0,1.75122e-11,0,0,0,True,PGT121|3430,1314016
130_bNAb_Combinations|1314016|sample|11|nan|3430,0,0,0,-3.3821e-09,0,0,0,0,0,0,-1.51301e-11,0,0,0,True,VRC07-523LS|3430,1314016
130_bNAb_Combinations|1314016|sample|12|nan|3430,0,0,0,-3.40257e-09,0,0,0,0,0,0,2.29479e-11,0,0,0,True,VRC07-523LS|3430,1314016
130_bNAb_Combinations|1314016|sample|3|nan|3430,0,0,0,1.73842e-09,0,0,0,0,0,0,-7.78982e-12,0,0,0,True,PGDM1400|3430,1314016
130_bNAb_Combinations|1314016|sample|4|nan|3430,0,0,0,1.42042e-09,0,0,0,0,0,0,2.83431e-11,0,0,0,True,PGDM1400|3430,1314016
130_bNAb_Combinations|1314016|sample|5|nan|3430,0,0,0,-4.43502e-09,0,0,0,0,0,0,1.60914e-11,0,0,0,True,PGDM1400|3430,1314016
130_bNAb_Combinations|1314016|sample|6|nan|3430,0,0,0,1.53797e-09,0,0,0,0,0,0,-6.65898e-11,0,0,0,True,PGDM1400|3430,1314016
130_bNAb_Combinations|1314016|sample|7|nan|3430,0,0,0,-8.95868e-10,0,0,0,0,0,0,9.45821e-12,0,0,0,True,PGT121|3430,1314016
130_bNAb_Combinations|1314016|sample|8|nan|3430,0,0,0,-5.74736e-09,0,0,0,0,0,0,-2.56382e-11,0,0,0,True,PGT121|3430,1314016
130_bNAb_Combinations|1314016|sample|9|nan|3430,0,0,0,-1.97403e-09,0,0,0,0,0,0,-7.48468e-11,0,0,0,True,PGT121|3430,1314016
130_bNAb_Combinations|1314016|vc|1|2|nan|3430,0,0,0,5.50526e-10,0,0,0,0,0,0,3.56692e-11,0,0,0,False,nan|3430,1314016
130_bNAb_Combinations|1314016|vc|2|2|nan|3430,0,0,0,-2.53489e-09,0,0,0,0,0,0,-1.85629e-11,0,0,0,False,nan|3430,1314016
130_bNAb_Combinations|1314016|vc|3|2|nan|3430,0,0,0,1.03371e-09,0,0,0,0,0,0,-3.22697e-11,0,0,0,False,nan|3430,1314016
130_bNAb_Combinations|1314016|vc|4|2|nan|3430,0,0,0,3.4891e-10,0,0,0,0,0,0,-8.48299e-12,0,0,0,False,nan|3430,1314016
130_bNAb_Combinations|1314016|vc|5|2|nan|3430,0,0,0,-8.39602e-09,0,0,0,0,0,0,-1.415e-11,0,0,0,False,nan|3430,1314016
130_bNAb_Combinations|1314016|vc|6|2|nan|3430,0,0,0,2.74447e-10,0,0,0,0,0,0,7.45177e-11,0,0,0,False,nan|3430,1314016
130_bNAb_Combinations|1314016|vc|7|2|nan|3430,0,0,0,-1.76837e-09,0,0,0,0,0,0,7.87317e-11,0,0,0,False,nan|3430,1314016
130_bNAb_Combinations|1314016|vc|8|2|nan|3430,0,0,0,-4.18164e-09,0,0,0,0,0,0,2.74341e-11,0,0,0,False,nan|3430,1314016
130_bNAb_Combinations|1314040|cc|1|1|nan|4166,0,0,0,3.14318e-09,0,0,0,0,0,0,-1.02753e-11,0,0,0,False,nan|4166,1314040
130_bNAb_Combinations|1314040|cc|2|1|nan|4166,0,0,0,3.26217e-09,0,0,0,0,0,0,-1.38511e-11,0,0,0,False,nan|4166,1314040
130_bNAb_Combinations|1314040|cc|3|1|nan|4166,0,0,0,7.19318e-09,0,0,0,0,0,0,-5.1168e-12,0,0,0,False,nan|4166,1314040
130_bNAb_Combinations|1314040|cc|4|1|nan|4166,0,0,0,-4.85557e-09,0,0,0,0,0,0,1.93685e-11,0,0,0,False,nan|4166,1314040
130_bNAb_Combinations|1314040|cc|5|1|nan|4166,0,0,0,3.8857e-09,0,0,0,0,0,0,-3.18234e-12,0,0,0,False,nan|4166,1314040
130_bNAb_Combinations|1314040|cc|6|1|nan|4166,0,0,0,7.06093e-10,0,0,0,0,0,0,4.05898e-12,0,0,0,False,nan|4166,1314040
130_bNAb_Combinations|1314040|cc|7|1|nan|4166,0,0,0,8.74125e-10,0,0,0,0,0,0,-1.17675e-11,0,0,0,False,nan|4166,1314040
130_bNAb_Combinations|1314040|cc|8|1|nan|4166,0,0,0,-3.64145e-09,0,0,0,0,0,0,-5.34959e-11,0,0,0,False,nan|4166,1314040
130_bNAb_Combinations|1314040|sample|10|nan|4166,0,0,0,-5.18065e-09,0,0,0,0,0,0,-2.54676e-11,0,0,0,True,PGT121|4166,1314040
130_bNAb_Combinations|1314040|sample|11|nan|4166,0,0,0,-5.37254e-10,0,0,0,0,0,0,1.29243e-11,0,0,0,True,VRC07-523LS|4166,1314040
130_bNAb_Combinations|1314040|sample|12|nan|4166,0,0,0,1.52434e-11,0,0,0,0,0,0,1.47558e-11,0,0,0,True,VRC07-523LS|4166,1314040
130_bNAb_Combinations|1314040|sample|3|nan|4166,0,0,0,-8.80458e-10,0,0,0,0,0,0,-4.28559e-11,0,0,0,True,PGDM1400|4166,1314040
130_bNAb_Combinations|1314040|sample|4|nan|4166,0,0,0,-7.74423e-10,0,0,0,0,0,0,1.59277e-11,0,0,0,True,PGDM1400|4166,1314040
130_bNAb_Combinations|1314040|sample|5|nan|4166,0,0,0,-1.45878e-09,0,0,0,0,0,0,4.03526e-11,0,0,0,True,PGDM1400|4166,1314040
130_bNAb_Combinations|1314040|sample|6|nan|4166,0,0,0,1.13698e-09,0,0,0,0,0,0,-1.00033e-11,0,0,0,True,PGDM1400|4166,1314040
130_bNAb_Combinations|1314040|sample|7|nan|4166,0,0,0,3.7318e-10,0,0,0,0,0,0,-4.70148e-11,0,0,0,True,PGT121|4166,1314040
130_bNAb_Combinations|1314040|sample|8|nan|4166,0,0,0,4.23189e-09,0,0,0,0,0,0,-4.41722e-11,0,0,0,True,PGT121|4166,1314040
130_bNAb_Combinations|1314040|sample|9|nan|4166,0,0,0,-1.96835e-09,0,0,0,0,0,0,8.35243e-12,0,0,0,True,PGT121|4166,1314040
130_bNAb_Combinations|1314040|vc|1|2|nan|4166,0,0,0,-1.2382e-09,0,0,0,0,0,0,2.0898e-11,0,0,0,False,nan|4166,1314040
130_bNAb_Combinations|1314040|vc|2|2|nan|4166,0,0,0,-6.16497e-10,0,0,0,0,0,0,2.9746e-11,0,0,0,False,nan|4166,1314040
130_bNAb_Combinations|1314040|vc|3|2|nan|4166,0,0,0,-5.2825e-09,0,0,0,0,0,0,2.14389e-11,0,0,0,False,nan|4166,1314040
130_bNAb_Combinations|1314040|vc|4|2|nan|4166,0,0,0,7.74086e-10,0,0,0,0,0,0,1.07656e-11,0,0,0,False,nan|4166,1314040
130_bNAb_Combinations|1314040|vc|5|2|nan|4166,0,0,0,1.19401e-09,0,0,0,0,0,0,1.69553e-12,0,0,0,False,nan|4166,1314040
130_bNAb_Combinations|1314040|vc|6|2|nan|4166,0,0,0,2.66894e-09,0,0,0,0,0,0,5.7705e-12,0,0,0,False,nan|4166,1314040
130_bNAb_Combinations|1314040|vc|7|2|nan|4166,0,0,0,-5.68262e-10,0,0,0,0,0,0,1.66995e-11,0,0,0,False,nan|4166,1314040
130_bNAb_Combinations|1314040|vc|8|2|nan|4166,0,0,0,-4.63134e-10,0,0,0,0,0,0,6.05409e-11,0,0,0,False,nan|4166,1314040
130_bNAb_Combinations|1314058|cc|1|1|nan|2944,0,0,0,-5.56656e-10,0,0,0,0,0,0,4.29079e-12,0,0,0,False,nan|2944,1314058
130_bNAb_Combinations|1314058|cc|2|1|nan|2944,0,0,0,1.07407e-09,0,0,0,0,0,0,-1.52891e-11,0,0,0,False,nan|2944,1314058
130_bNAb_Combinations|1314058|cc|3|1|nan|2944,0,0,0,-1.00258e-09,0,0,0,0,0,0,2.98783e-11,0,0,0,False,nan|2944,1314058
130_bNAb_Combinations|1314058|cc|4|1|nan|2944,0,0,0,-3.24083e-09,0,0,0,0,0,0,-7.96252e-12,0,0,0,False,nan|2944,1314058
130_bNAb_Combinations|1314058|cc|5|1|nan|2944,0,0,0,1.26565e-09,0,0,0,0,0,0,1.91251e-11,0,0,0,False,nan|2944,1314058
130_bNAb_Combinations|1314058|cc|6|1|nan|2944,0,0,0,8.96763e-10,0,0,0,0,0,0,-3.54232e-11,0,0,0,False,nan|2944,1314058
130_bNAb_Combinations|1314058|cc|7|1|nan|2944,0,0,0,2.58191e-09,0,0,0,0,0,0,1.56593e-10,0,0,0,False,nan|2944,1314058
130_bNAb_Combinations|1314058|cc|8|1|nan|2944,0,0,0,4.67385e-09,0,0,0,0,0,0,-3.04636e-11,0,0,0,False,nan|2944,1314058
130_bNAb_Combinations|1314058|sample|10|nan|2944,0,0,0,1.21967e-09,0,0,0,0,0,0,2.73368e-11,0,0,0,True,PGT121|2944,1314058
130_bNAb_Combinations|1314058|sample|11|nan|2944,0,0,0,-3.63802e-09,0,0,0,0,0,0,-2.88951e-11,0,0,0,True,VRC07-523LS|2944,1314058
130_bNAb_Combinations|1314058|sample|12|nan|2944,0,0,0,-2.97134e-09,0,0,0,0,0,0,1.70606e-11,0,0,0,True,VRC07-523LS|2944,1314058
130_bNAb_Combinations|1314058|sample|3|nan|2944,0,0,0,3.21323e-09,0,0,0,0,0,0,-7.13745e-11,0,0,0,True,PGDM1400|2944,1314058
130_bNAb_Combinations|1314058|sample|4|nan|2944,0,0,0,1.60314e-09,0,0,0,0,0,0,-3.54752e-11,0,0,0,True,PGDM1400|2944,1314058
130_bNAb_Combinations|1314058|sample|5|nan|2944,0,0,0,1.71026e-09,0,0,0,0,0,0,-1.43046e-10,0,0,0,True,PGDM1400|2944,1314058
130_bNAb_Combinations|1314058|sample|6|nan|2944,0,0,0,-4.78225e-09,0,0,0,0,0,0,-1.58005e-11,0,0,0,True,PGDM1400|2944,1314058
130_bNAb_Combinations|1314058|sample|7|nan|2944,0,0,0,3.19078e-10,0,0,0,0,0,0,1.79377e-11,0,0,0,True,PGT121|2944,1314058
130_bNAb_Combinations|1314058|sample|8|nan|2944,0,0,0,5.18801e-10,0,0,0,0,0,0,-5.13767e-12,0,0,0,True,PGT121|2944,1314058
130_bNAb_Combinations|1314058|sample|9|nan|2944,0,0,0,3.27262e-10,0,0,0,0,0,0,2.61209e-11,0,0,0,True,PGT121|2944,1314058
130_bNAb_Combinations|1314058|vc|1|2|nan|2944,0,0,0,2.82782e-09,0,0,0,0,0,0,9.57545e-12,0,0,0,False,nan|2944,1314058
130_bNAb_Combinations|1314058|vc|2|2|nan|2944,0,0,0,-5.90633e-10,0,0,0,0,0,0,-2.96874e-11,0,0,0,False,nan|2944,1314058
130_bNAb_Combinations|1314058|vc|3|2|nan|2944,0,0,0,3.3123e-09,0,0,0,0,0,0,-1.67564e-11,0,0,0,False,nan|2944,1314058
130_bNAb_Combinations|1314058|vc|4|2|nan|2944,0,0,0,-2.64853e-09,0,0,0,0,0,0,3.42348e-11,0,0,0,False,nan|2944,1314058
130_bNAb_Combinations|1314058|vc|5|2|nan|2944,0,0,0,-3.30995e-10,0,0,0,0,0,0,7.27791e-11,0,0,0,False,nan|2944,1314058
130_bNAb_Combinations|1314058|vc|6|2|nan|2944,0,0,0,-2.90545e-11,0,0,0,0,0,0,-1.82085e-11,0,0,0,False,nan|2944,1314058
130_bNAb_Combinations|1314058|vc|7|2|nan|2944,0,0,0,-5.3438e-09,0,0,0,0,0,0,1.08953e-11,0,0,0,False,nan|2944,1314058
130_bNAb_Combinations|1314058|vc|8|2|nan|2944,0,0,0,-9.23841e-10,0,0,0,0,0,0,3.00373e-11,0,0,0,False,nan|2944,1314058
130_bNAb_Combinations|1342240|cc|1|1|nan|1798,0,0,0,5.95244e-10,0,0,0,0,0,0,-2.1523e-10,0,0,0,False,nan|1798,1342240
130_bNAb_Combinations|1342240|cc|2|1|nan|1798,0,0,0,-2.15886e-09,0,0,0,0,0,0,4.83773e-11,0,0,0,False,nan|1798,1342240
130_bNAb_Combinations|1342240|cc|3|1|nan|1798,0,0,0,-3.79256e-09,0,0,0,0,0,0,-2.25775e-11,0,0,0,False,nan|1798,1342240
130_bNAb_Combinations|1342240|cc|4|1|nan|1798,0,0,0,6.04854e-10,0,0,0,0,0,0,9.93516e-12,0,0,0,False,nan|1798,1342240
130_bNAb_Combinations|1342240|cc|5|1|nan|1798,0,0,0,-1.79022e-09,0,0,0,0,0,0,-1.40838e-11,0,0,0,False,nan|1798,1342240
130_bNAb_Combinations|1342240|cc|6|1|nan|1798,0,0,0,2.88449e-09,0,0,0,0,0,0,2.62901e-11,0,0,0,False,nan|1798,1342240
130_bNAb_Combinations|1342240|cc|7|1|nan|1798,0,0,0,-4.76448e-10,0,0,0,0,0,0,6.38156e-12,0,0,0,False,nan|1798,1342240
130_bNAb_Combinations|1342240|cc|8|1|nan|1798,0,0,0,-3.0456e-09,0,0,0,0,0,0,2.38405e-11,0,0,0,False,nan|1798,1342240
130_bNAb_Combinations|1342240|sample|3|nan|1798,0,0,0,5.0415e-09,0,0,0,0,0,0,-8.81251e-12,0,0,0,True,VRC07-523LS|1798,1342240
130_bNAb_Combinations|1342240|sample|4|nan|1798,0,0,0,-1.81696e-09,0,0,0,0,0,0,-2.55724e-11,0,0,0,True,VRC07-523LS|1798,1342240
130_bNAb_Combinations|1342240|sample|8|nan|1798,0,0,0,-1.56229e-09,0,0,0,0,0,0,8.39506e-12,0,0,0,True,VRC07-523LS|1798,1342240
130_bNAb_Combinations|1342240|vc|1|2|nan|1798,0,0,0,3.57221e-10,0,0,0,0,0,0,-2.21494e-11,0,0,0,False,nan|1798,1342240
130_bNAb_Combinations|1342240|vc|2|2|nan|1798,0,0,0,-2.92498e-09,0,0,0,0,0,0,-1.72005e-11,0,0,0,False,nan|1798,1342240
130_bNAb_Combinations|1342240|vc|3|2|nan|1798,0,0,0,4.89524e-10,0,0,0,0,0,0,-1.05398e-10,0,0,0,False,nan|1798,1342240
130_bNAb_Combinations|1342240|vc|4|2|nan|1798,0,0,0,-1.06156e-09,0,0,0,0,0,0,1.40297e-11,0,0,0,False,nan|1798,1342240
130_bNAb_Combinations|1342240|vc|5|2|nan|1798,0,0,0,3.63921e-09,0,0,0,0,0,0,2.65779e-11,0,0,0,False,nan|1798,1342240
130_bNAb_Combinations|1342240|vc|6|2|nan|1798,0,0,0,2.12407e-09,0,0,0,0,0,0,2.02851e-11,0,0,0,False,nan|1798,1342240
130_bNAb_Combinations|1342240|vc|7|2|nan|1798,0,0,0,-5.32666e-10,0,0,0,0,0,0,-4.98348e-11,0,0,0,False,nan|1798,1342240
130_bNAb_Combinations|1342240|vc|8|2|nan|1798,0,0,0,-4.06492e-09,0,0,0,0,0,0,-2.5496e-11,0,0,0,False,nan|1798,1342240
130_bNAb_Combinations|1342258|cc|1|1|TRO.11|8301,0,0,0,-8.06938e-10,0,0,0,0,0,0,1.05596e-11,0,0,0,False,nan|TRO.11,1342258
130_bNAb_Combinations|1342258|cc|2|1|TRO.11|8301,0,0,0,-2.27434e-09,0,0,0,0,0,0,3.03224e-12,0,0,0,False,nan|TRO.11,1342258
130_bNAb_Combinations|1342258|cc|3|1|TRO.11|8301,0,0,0,9.6731e-10,0,0,0,0,0,0,-1.1962e-11,0,0,0,False,nan|TRO.11,1342258
130_bNAb_Combinations|1342258|cc|4|1|TRO.11|8301,0,0,0,2.30276e-09,0,0,0,0,0,0,-2.40945e-11,0,0,0,False,nan|TRO.11,1342258
130_bNAb_Combinations|1342258|cc|5|1|TRO.11|8301,0,0,0,-3.47031e-09,0,0,0,0,0,0,-1.37987e-11,0,0,0,False,nan|TRO.11,1342258
130_bNAb_Combinations|1342258|cc|6|1|TRO.11|8301,0,0,0,-9.42249e-10,0,0,0,0,0,0,-1.24514e-11,0,0,0,False,nan|TRO.11,1342258
130_bNAb_Combinations|1342258|cc|7|1|TRO.11|8301,0,0,0,1.37612e-09,0,0,0,0,0,0,-5.23483e-11,0,0,0,False,nan|TRO.11,1342258
130_bNAb_Combinations|1342258|cc|8|1|TRO.11|8301,0,0,0,-4.42062e-09,0,0,0,0,0,0,-9.57101e-12,0,0,0,False,nan|TRO.11,1342258
130_bNAb_Combinations|1342258|sample|3|TRO.11|8301,0,0,0,1.17582e-09,0,0,0,0,0,0,-4.44578e-12,0,0,0,True,VRC07-523LS|TRO.11,1342258
130_bNAb_Combinations|1342258|sample|4|TRO.11|8301,0,0,0,-6.23229e-10,0,0,0,0,0,0,-7.45835e-11,0,0,0,True,VRC07-523LS|TRO.11,1342258
130_bNAb_Combinations|1342258|vc|1|2|TRO.11|8301,0,0,0,-4.97499e-09,0,0,0,0,0,0,-2.45404e-12,0,0,0,False,nan|TRO.11,1342258
130_bNAb_Combinations|1342258|vc|2|2|TRO.11|8301,0,0,0,1.82663e-09,0,0,0,0,0,0,-5.10312e-11,0,0,0,False,nan|TRO.11,1342258
130_bNAb_Combinations|1342258|vc|3|2|TRO.11|8301,0,0,0,3.60082e-10,0,0,0,0,0,0,5.45981e-11,0,0,0,False,nan|TRO.11,1342258
130_bNAb_Combinations|1342258|vc|4|2|TRO.11|8301,0,0,0,4.94763e-09,0,0,0,0,0,0,-1.82308e-11,0,0,0,False,nan|TRO.11,1342258
130_bNAb_Combinations|1342258|vc|5|2|TRO.11|8301,0,0,0,1.83803e-09,0,0,0,0,0,0,1.65201e-11,0,0,0,False,nan|TRO.11,1342258
130_bNAb_Combinations|1342258|vc|6|2|TRO.11|8301,0,0,0,-4.90231e-09,0,0,0,0,0,0,1.40794e-11,0,0,0,False,nan|TRO.11,1342258
130_bNAb_Combinations|1342258|vc|7|2|TRO.11|8301,0,0,0,1.59751e-09,0,0,0,0,0,0,-5.55556e-11,0,0,0,False,nan|TRO.11,1342258
130_bNAb_Combinations|1342258|vc|8|2|TRO.11|8301,0,0,0,3.94401e-09,0,0,0,0,0,0,-1.11697e-11,0,0,0,False,nan|TRO.11,1342258
130_bNAb_Combinations|1342276|cc|1|1|Ce1176_A3|7023,0,0,0,4.63162e-10,0,0,0,0,0,0,-1.25295e-11,0,0,0,False,nan|Ce1176_A3,1342276
130_bNAb_Combinations|1342276|cc|2|1|Ce1176_A3|7023,0,0,0,4.22513e-09,0,0,0,0,0,0,-1.11688e-11,0,0,0,False,nan|Ce1176_A3,1342276
130_bNAb_Combinations|1342276|cc|3|1|Ce1176_A3|7023,0,0,0,-2.76522e-09,0,0,0,0,0,0,1.82774e-11,0,0,0,False,nan|Ce1176_A3,1342276
130_bNAb_Combinations|1342276|cc|4|1|Ce1176_A3|7023,0,0,0,1.20886e-09,0,0,0,0,0,0,-1.89493e-11,0,0,0,False,nan|Ce1176_A3,1342276
130_bNAb_Combinations|1342276|cc|5|1|Ce1176_A3|7023,0,0,0,4.97023e-10,0,0,0,0,0,0,-2.0453e-11,0,0,0,False,nan|Ce1176_A3,1342276
130_bNAb_Combinations|1342276|cc|6|1|Ce1176_A3|7023,0,0,0,-1.51711e-09,0,0,0,0,0,0,1.28537e-11,0,0,0,False,nan|Ce1176_A3,1342276
130_bNAb_Combinations|1342276|cc|7|1|Ce1176_A3|7023,0,0,0,1.0317e-09,0,0,0,0,0,0,1.28155e-11,0,0,0,False,nan|Ce1176_A3,1342276
130_bNAb_Combinations|1342276|cc|8|1|Ce1176_A3|7023,0,0,0,-3.61878e-10,0,0,0,0,0,0,-1.8785e-12,0,0,0,False,nan|Ce1176_A3,1342276
130_bNAb_Combinations|1342276|sample|3|Ce1176_A3|7023,0,0,0,2.05383e-09,0,0,0,0,0,0,-2.29647e-11,0,0,0,True,VRC07-523LS|Ce1176_A3,1342276
130_bNAb_Combinations|1342276|sample|4|Ce1176_A3|7023,0,0,0,-3.9787e-09,0,0,0,0,0,0,2.07763e-11,0,0,0,True,VRC07-523LS|Ce1176_A3,1342276
130_bNAb_Combinations|1342276|vc|1|2|Ce1176_A3|7023,0,0,0,-4.54916e-09,0,0,0,0,0,0,-1.07083e-11,0,0,0,False,nan|Ce1176_A3,1342276
130_bNAb_Combinations|1342276|vc|2|2|Ce1176_A3|7023,0,0,0,2.7169e-10,0,0,0,0,0,0,-3.68634e-11,0,0,0,False,nan|Ce1176_A3,1342276
130_bNAb_Combinations|1342276|vc|3|2|Ce1176_A3|7023,0,0,0,-5.27316e-11,0,0,0,0,0,0,1.47757e-11,0,0,0,False,nan|Ce1176_A3,1342276
130_bNAb_Combinations|1342276|vc|4|2|Ce1176_A3|7023,0,0,0,-1.10252e-09,0,0,0,0,0,0,9.60121e-12,0,0,0,False,nan|Ce1176_A3,1342276
130_bNAb_Combinations|1342276|vc|5|2|Ce1176_A3|7023,0,0,0,3.5737e-09,0,0,0,0,0,0,-7.76104e-11,0,0,0,False,nan|Ce1176_A3,1342276
130_bNAb_Combinations|1342276|vc|6|2|Ce1176_A3|7023,0,0,0,-1.57197e-09,0,0,0,0,0,0,4.15605e-11,0,0,0,False,nan|Ce1176_A3,1342276
130_bNAb_Combinations|1342276|vc|7|2|Ce1176_A3|7023,0,0,0,3.67748e-09,0,0,0,0,0,0,-1.5616e-11,0,0,0,False,nan|Ce1176_A3,1342276
130_bNAb_Combinations|1342276|vc|8|2|Ce1176_A3|7023,0,0,0,-4.36923e-09,0,0,0,0,0,0,2.08322e-12,0,0,0,False,nan|Ce1176_A3,1342276
130_bNAb_Combinations|1342294|cc|1|1|nan|1176,0,0,0,4.7394e-10,0,0,0,0,0,0,-2.49196e-11,0,0,0,False,nan|1176,1342294
130_bNAb_Combinations|1342294|cc|2|1|nan|1176,0,0,0,-2.2715e-09,0,0,0,0,0,0,1.05649e-11,0,0,0,False,nan|1176,1342294
130_bNAb_Combinations|1342294|cc|3|1|nan|1176,0,0,0,-5.34202e-09,0,0,0,0,0,0,2.32463e-11,0,0,0,False,nan|1176,1342294
130_bNAb_Combinations|1342294|cc|4|1|nan|1176,0,0,0,-9.34121e-11,0,0,0,0,0,0,1.22808e-11,0,0,0,False,nan|1176,1342294
130_bNAb_Combinations|1342294|cc|5|1|nan|1176,0,0,0,4.58566e-09,0,0,0,0,0,0,-2.41416e-11,0,0,0,False,nan|1176,1342294
130_bNAb_Combinations|1342294|cc|6|1|nan|1176,0,0,0,-2.91236e-09,0,0,0,0,0,0,-2.57439e-11,0,0,0,False,nan|1176,1342294
130_bNAb_Combinations|1342294|cc|7|1|nan|1176,0,0,0,6.01015e-10,0,0,0,0,0,0,-1.87557e-11,0,0,0,False,nan|1176,1342294
130_bNAb_Combinations|1342294|cc|8|1|nan|1176,0,0,0,-8.80915e-10,0,0,0,0,0,0,1.06875e-11,0,0,0,False,nan|1176,1342294
130_bNAb_Combinations|1342294|sample|3|nan|1176,0,0,0,-2.11793e-09,0,0,0,0,0,0,6.0119e-11,0,0,0,True,VRC07-523LS|1176,1342294
130_bNAb_Combinations|1342294|sample|4|nan|1176,0,0,0,2.52189e-09,0,0,0,0,0,0,-2.01901e-11,0,0,0,True,VRC07-523LS|1176,1342294
130_bNAb_Combinations|1342294|sample|8|nan|1176,0,0,0,1.1862e-09,0,0,0,0,0,0,1.96199e-12,0,0,0,True,VRC07-523LS|1176,1342294
130_bNAb_Combinations|1342294|vc|1|2|nan|1176,0,0,0,-9.60632e-10,0,0,0,0,0,0,-8.57092e-12,0,0,0,False,nan|1176,1342294
130_bNAb_Combinations|1342294|vc|2|2|nan|1176,0,0,0,8.41305e-10,0,0,0,0,0,0,-2.02869e-11,0,0,0,False,nan|1176,1342294
130_bNAb_Combinations|1342294|vc|3|2|nan|1176,0,0,0,-1.42852e-09,0,0,0,0,0,0,7.17737e-12,0,0,0,False,nan|1176,1342294
130_bNAb_Combinations|1342294|vc|4|2|nan|1176,0,0,0,6.29668e-09,0,0,0,0,0,0,-5.85398e-12,0,0,0,False,nan|1176,1342294
130_bNAb_Combinations|1342294|vc|5|2|nan|1176,0,0,0,3.11748e-09,0,0,0,0,0,0,1.90576e-11,0,0,0,False,nan|1176,1342294
130_bNAb_Combinations|1342294|vc|6|2|nan|1176,0,0,0,2.21927e-09,0,0,0,0,0,0,2.76739e-11,0,0,0,False,nan|1176,1342294
130_bNAb_Combinations|1342294|vc|7|2|nan|1176,0,0,0,-1.09897e-10,0,0,0,0,0,0,-4.21085e-12,0,0,0,False,nan|1176,1342294
130_bNAb_Combinations|1342294|vc|8|2|nan|1176,0,0,0,-5.22034e-09,0,0,0,0,0,0,2.40226e-11,0,0,0,False,nan|1176,1342294
130_bNAb_Combinations|1342312|cc|1|1|RHPA4259.7|5371,0,0,0,-8.45961e-10,0,0,0,0,0,0,1.40457e-11,0,0,0,False,nan|RHPA4259.7,1342312
130_bNAb_Combinations|1342312|cc|2|1|RHPA4259.7|5371,0,0,0,4.93833e-09,0,0,0,0,0,0,-5.47384e-12,0,0,0,False,nan|RHPA4259.7,1342312
130_bNAb_Combinations|1342312|cc|3|1|RHPA4259.7|5371,0,0,0,1.64328e-10,0,0,0,0,0,0,3.55334e-11,0,0,0,False,nan|RHPA4259.7,1342312
130_bNAb_Combinations|1342312|cc|4|1|RHPA4259.7|5371,0,0,0,-3.06838e-09,0,0,0,0,0,0,-1.5822e-11,0,0,0,False,nan|RHPA4259.7,1342312
130_bNAb_Combinations|1342312|cc|5|1|RHPA4259.7|5371,0,0,0,-4.19517e-09,0,0,0,0,0,0,1.8149e-11,0,0,0,False,nan|RHPA4259.7,1342312
130_bNAb_Combinations|1342312|cc|6|1|RHPA4259.7|5371,0,0,0,3.732e-09,0,0,0,0,0,0,-8.0469e-12,0,0,0,False,nan|RHPA4259.7,1342312
130_bNAb_Combinations|1342312|cc|7|1|RHPA4259.7|5371,0,0,0,-5.69688e-09,0,0,0,0,0,0,2.11253e-11,0,0,0,False,nan|RHPA4259.7,1342312
130_bNAb_Combinations|1342312|cc|8|1|RHPA4259.7|5371,0,0,0,3.02412e-09,0,0,0,0,0,0,1.49214e-11,0,0,0,False,nan|RHPA4259.7,1342312
130_bNAb_Combinations|1342312|sample|3|RHPA4259.7|5371,0,0,0,-4.48774e-10,0,0,0,0,0,0,1.15903e-11,0,0,0,True,VRC07-523LS|RHPA4259.7,1342312
130_bNAb_Combinations|1342312|sample|4|RHPA4259.7|5371,0,0,0,2.68182e-09,0,0,0,0,0,0,1.7806e-11,0,0,0,True,VRC07-523LS|RHPA4259.7,1342312
130_bNAb_Combinations|1342312|vc|1|2|RHPA4259.7|5371,0,0,0,3.87204e-10,0,0,0,0,0,0,-8.55183e-11,0,0,0,False,nan|RHPA4259.7,1342312
130_bNAb_Combinations|1342312|vc|2|2|RHPA4259.7|5371,0,0,0,2.61284e-11,0,0,0,0,0,0,-1.66818e-11,0,0,0,False,nan|RHPA4259.7,1342312
130_bNAb_Combinations|1342312|vc|3|2|RHPA4259.7|5371,0,0,0,-5.28415e-09,0,0,0,0,0,0,-8.20339e-11,0,0,0,False,nan|RHPA4259.7,1342312
130_bNAb_Combinations|1342312|vc|4|2|RHPA4259.7|5371,0,0,0,-9.04931e-10,0,0,0,0,0,0,1.70028e-10,0,0,0,False,nan|RHPA4259.7,1342312
130_bNAb_Combinations|1342312|vc|5|2|RHPA4259.7|5371,0,0,0,1.48154e-09,0,0,0,0,0,0,2.00195e-11,0,0,0,False,nan|RHPA4259.7,1342312
130_bNAb_Combinations|1342312|vc|6|2|RHPA4259.7|5371,0,0,0,-3.65156e-11,0,0,0,0,0,0,6.65423e-12,0,0,0,False,nan|RHPA4259.7,1342312
130_bNAb_Combinations|1342312|vc|7|2|RHPA4259.7|5371,0,0,0,2.50415e-09,0,0,0,0,0,0,-3.21458e-11,0,0,0,False,nan|RHPA4259.7,1342312
130_bNAb_Combinations|1342312|vc|8|2|RHPA4259.7|5371,0,0,0,-2.3788e-09,0,0,0,0,0,0,-1.41096e-11,0,0,0,False,nan|RHPA4259.7,1342312
130_bNAb_Combinations|1342336|cc|1|1|nan|3430,0,0,0,-1.91825e-09,0,0,0,0,0,0,7.58371e-12,0,0,0,False,nan|3430,1342336
130_bNAb_Combinations|1342336|cc|2|1|nan|3430,0,0,0,-5.2409e-10,0,0,0,0,0,0,-1.54299e-11,0,0,0,False,nan|3430,1342336
130_bNAb_Combinations|1342336|cc|3|1|nan|3430,0,0,0,-4.88123e-10,0,0,0,0,0,0,-1.88276e-11,0,0,0,False,nan|3430,1342336
130_bNAb_Combinations|1342336|cc|4|1|nan|3430,0,0,0,-6.5592e-10,0,0,0,0,0,0,1.02038e-11,0,0,0,False,nan|3430,1342336
130_bNAb_Combinations|1342336|cc|5|1|nan|3430,0,0,0,2.4483e-09,0,0,0,0,0,0,-3.48561e-11,0,0,0,False,nan|3430,1342336
130_bNAb_Combinations|1342336|cc|6|1|nan|3430,0,0,0,-4.68076e-09,0,0,0,0,0,0,-1.5676e-10,0,0,0,False,nan|3430,1342336
130_bNAb_Combinations|1342336|cc|7|1|nan|3430,0,0,0,1.9286e-09,0,0,0,0,0,0,-3.4337e-12,0,0,0,False,nan|3430,1342336
130_bNAb_Combinations|1342336|cc|8|1|nan|3430,0,0,0,-2.46096e-09,0,0,0,0,0,0,1.59979e-11,0,0,0,False,nan|3430,1342336
130_bNAb_Combinations|1342336|sample|3|nan|3430,0,0,0,2.60597e-09,0,0,0,0,0,0,-5.79146e-11,0,0,0,True,VRC07-523LS|3430,1342336
130_bNAb_Combinations|1342336|sample|4|nan|3430,0,0,0,-6.42961e-10,0,0,0,0,0,0,-2.79359e-11,0,0,0,True,VRC07-523LS|3430,1342336
130_bNAb_Combinations|1342336|sample|5|nan|3430,0,0,0,-2.07294e-09,0,0,0,0,0,0,-5.26637e-11,0,0,0,True,VRC07-523LS|3430,1342336
130_bNAb_Combinations|1342336|vc|1|2|nan|3430,0,0,0,-1.91211e-09,0,0,0,0,0,0,1.37272e-11,0,0,0,False,nan|3430,1342336
130_bNAb_Combinations|1342336|vc|2|2|nan|3430,0,0,0,-1.56515e-09,0,0,0,0,0,0,-3.2971e-11,0,0,0,False,nan|3430,1342336
130_bNAb_Combinations|1342336|vc|3|2|nan|3430,0,0,0,1.76081e-09,0,0,0,0,0,0,-1.37579e-11,0,0,0,False,nan|3430,1342336
130_bNAb_Combinations|1342336|vc|4|2|nan|3430,0,0,0,-1.31723e-09,0,0,0,0,0,0,1.81171e-11,0,0,0,False,nan|3430,1342336
130_bNAb_Combinations|1342336|vc|5|2|nan|3430,0,0,0,-3.71369e-09,0,0,0,0,0,0,-1.63753e-11,0,0,0,False,nan|3430,1342336
130_bNAb_Combinations|1342336|vc|6|2|nan|3430,0,0,0,5.67563e-10,0,0,0,0,0,0,1.33396e-11,0,0,0,False,nan|3430,1342336
130_bNAb_Combinations|1342336|vc|7|2|nan|3430,0,0,0,6.15367e-10,0,0,0,0,0,0,-1.75877e-11,0,0,0,False,nan|3430,1342336
130_bNAb_Combinations|1342336|vc|8|2|nan|3430,0,0,0,-3.06361e-09,0,0,0,0,0,0,-3.55214e-11,0,0,0,False,nan|3430,1342336
130_bNAb_Combinations|1342348|cc|1|1|nan|4166,0,0,0,-3.41731e-09,0,0,0,0,0,0,-1.32134e-11,0,0,0,False,nan|4166,1342348
130_bNAb_Combinations|1342348|cc|2|1|nan|4166,0,0,0,-9.58982e-10,0,0,0,0,0,0,5.49774e-11,0,0,0,False,nan|4166,1342348
130_bNAb_Combinations|1342348|cc|3|1|nan|4166,0,0,0,4.38395e-11,0,0,0,0,0,0,1.59481e-11,0,0,0,False,nan|4166,1342348
130_bNAb_Combinations|1342348|cc|4|1|nan|4166,0,0,0,-3.46802e-09,0,0,0,0,0,0,-2.63878e-12,0,0,0,False,nan|4166,1342348
130_bNAb_Combinations|1342348|cc|5|1|nan|4166,0,0,0,-3.62455e-09,0,0,0,0,0,0,2.46905e-11,0,0,0,False,nan|4166,1342348
130_bNAb_Combinations|1342348|cc|6|1|nan|4166,0,0,0,9.85576e-10,0,0,0,0,0,0,-2.28875e-11,0,0,0,False,nan|4166,1342348
130_bNAb_Combinations|1342348|cc|7|1|nan|4166,0,0,0,-2.80672e-09,0,0,0,0,0,0,-1.54845e-11,0,0,0,False,nan|4166,1342348
130_bNAb_Combinations|1342348|cc|8|1|nan|4166,0,0,0,1.077e-09,0,0,0,0,0,0,7.24576e-12,0,0,0,False,nan|4166,1342348
130_bNAb_Combinations|1342348|sample|3|nan|4166,0,0,0,2.15524e-09,0,0,0,0,0,0,3.07538e-11,0,0,0,True,VRC07-523LS|4166,1342348
130_bNAb_Combinations|1342348|sample|4|nan|4166,0,0,0,-3.04746e-09,0,0,0,0,0,0,-1.92888e-11,0,0,0,True,VRC07-523LS|4166,1342348
130_bNAb_Combinations|1342348|vc|1|2|nan|4166,0,0,0,-2.05791e-09,0,0,0,0,0,0,5.91855e-11,0,0,0,False,nan|4166,1342348
130_bNAb_Combinations|1342348|vc|2|2|nan|4166,0,0,0,3.63676e-09,0,0,0,0,0,0,-6.98197e-12,0,0,0,False,nan|4166,1342348
130_bNAb_Combinations|1342348|vc|3|2|nan|4166,0,0,0,1.32384e-09,0,0,0,0,0,0,8.95195e-12,0,0,0,False,nan|4166,1342348
130_bNAb_Combinations|1342348|vc|4|2|nan|4166,0,0,0,4.51389e-10,0,0,0,0,0,0,-5.50227e-12,0,0,0,False,nan|4166,1342348
130_bNAb_Combinations|1342348|vc|5|2|nan|4166,0,0,0,1.33707e-09,0,0,0,0,0,0,2.21787e-11,0,0,0,False,nan|4166,1342348
130_bNAb_Combinations|1342348|vc|6|2|nan|4166,0,0,0,-3.04644e-10,0,0,0,0,0,0,-2.61151e-11,0,0,0,False,nan|4166,1342348
130_bNAb_Combinations|1342348|vc|7|2|nan|4166,0,0,0,-4.79694e-09,0,0,0,0,0,0,1.67146e-11,0,0,0,False,nan|4166,1342348
130_bNAb_Combinations|1342348|vc|8|2|nan|4166,0,0,0,2.1407e-09,0,0,0,0,0,0,2.90941e-11,0,0,0,False,nan|4166,1342348
130_bNAb_Combinations|1342372|cc|1|1|nan|2944,0,0,0,-1.44528e-09,0,0,0,0,0,0,1.94076e-11,0,0,0,False,nan|2944,1342372
130_bNAb_Combinations|1342372|cc|2|1|nan|2944,0,0,0,5.63964e-10,0,0,0,0,0,0,-1.45839e-11,0,0,0,False,nan|2944,1342372
130_bNAb_Combinations|1342372|cc|3|1|nan|2944,0,0,0,-5.51658e-09,0,0,0,0,0,0,7.38734e-11,0,0,0,False,nan|2944,1342372
130_bNAb_Combinations|1342372|cc|4|1|nan|2944,0,0,0,-7.10435e-10,0,0,0,0,0,0,7.68363e-12,0,0,0,False,nan|2944,1342372
130_bNAb_Combinations|1342372|cc|5|1|nan|2944,0,0,0,-2.72002e-10,0,0,0,0,0,0,1.38947e-11,0,0,0,False,nan|2944,1342372
130_bNAb_Combinations|1342372|cc|6|1|nan|2944,0,0,0,8.58237e-10,0,0,0,0,0,0,4.63629e-12,0,0,0,False,nan|2944,1342372
130_bNAb_Combinations|1342372|cc|7|1|nan|2944,0,0,0,-1.60395e-09,0,0,0,0,0,0,1.79048e-11,0,0,0,False,nan|2944,1342372
130_bNAb_Combinations|1342372|cc|8|1|nan|2944,0,0,0,2.88084e-10,0,0,0,0,0,0,-1.54134e-11,0,0,0,False,nan|2944,1342372
130_bNAb_Combinations|1342372|sample|3|nan|2944,0,0,0,3.1047e-09,0,0,0,0,0,0,6.83849e-11,0,0,0,True,VRC07-523LS|2944,1342372
130_bNAb_Combinations|1342372|sample|4|nan|2944,0,0,0,4.49139e-10,0,0,0,0,0,0,-3.1239e-11,0,0,0,True,VRC07-523LS|2944,1342372
130_bNAb_Combinations|1342372|vc|1|2|nan|2944,0,0,0,-8.36964e-10,0,0,0,0,0,0,3.83285e-11,0,0,0,False,nan|2944,1342372
130_bNAb_Combinations|1342372|vc|2|2|nan|2944,0,0,0,-1.63719e-09,0,0,0,0,0,0,-1.53291e-11,0,0,0,False,nan|2944,1342372
130_bNAb_Combinations|1342372|vc|3|2|nan|2944,0,0,0,-1.81295e-10,0,0,0,0,0,0,-1.32774e-11,0,0,0,False,nan|2944,1342372
130_bNAb_Combinations|1342372|vc|4|2|nan|2944,0,0,0,1.55884e-09,0,0,0,0,0,0,7.65565e-11,0,0,0,False,nan|2944,1342372
130_bNAb_Combinations|1342372|vc|5|2|nan|2944,0,0,0,-5.96e-10,0,0,0,0,0,0,-3.50546e-11,0,0,0,False,nan|2944,1342372
130_bNAb_Combinations|1342372|vc|6|2|nan|2944,0,0,0,9.69012e-10,0,0,0,0,0,0,3.68248e-11,0,0,0,False,nan|2944,1342372
130_bNAb_Combinations|1342372|vc|7|2|nan|2944,0,0,0,1.31849e-09,0,0,0,0,0,0,-6.62492e-12,0,0,0,False,nan|2944,1342372
130_bNAb_Combinations|1342372|vc|8|2|nan|2944,0,0,0,-6.29567e-09,0,0,0,0,0,0,-7.65334e-11,0,0,0,False,nan|2944,1342372
130_bNAb_Combinations|1342384|cc|1|1|nan|2946,0,0,0,3.39132e-09,0,0,0,0,0,0,1.89182e-11,0,0,0,False,nan|2946,1342384
130_bNAb_Combinations|1342384|cc|2|1|nan|2946,0,0,0,6.76847e-10,0,0,0,0,0,0,-3.38587e-11,0,0,0,False,nan|2946,1342384
130_bNAb_Combinations|1342384|cc|3|1|nan|2946,0,0,0,-3.13497e-09,0,0,0,0,0,0,4.12377e-11,0,0,0,False,nan|2946,1342384
130_bNAb_Combinations|1342384|cc|4|1|nan|2946,0,0,0,5.88926e-10,0,0,0,0,0,0,-3.72813e-11,0,0,0,False,nan|2946,1342384
130_bNAb_Combinations|1342384|cc|5|1|nan|2946,0,0,0,3.08443e-09,0,0,0,0,0,0,7.77467e-12,0,0,0,False,nan|2946,1342384
130_bNAb_Combinations|1342384|cc|6|1|nan|2946,0,0,0,7.58751e-09,0,0,0,0,0,0,3.24567e-11,0,0,0,False,nan|2946,1342384
130_bNAb_Combinations|1342384|cc|7|1|nan|2946,0,0,0,8.35031e-10,0,0,0,0,0,0,3.98259e-11,0,0,0,False,nan|2946,1342384
130_bNAb_Combinations|1342384|cc|8|1|nan|2946,0,0,0,-1.8394e-09,0,0,0,0,0,0,-1.51581e-11,0,0,0,False,nan|2946,1342384
130_bNAb_Combinations|1342384|sample|3|nan|2946,0,0,0,-2.0972e-09,0,0,0,0,0,0,2.37144e-11,0,0,0,True,VRC07-523LS|2946,1342384
130_bNAb_Combinations|1342384|sample|4|nan|2946,0,0,0,-1.3475e-09,0,0,0,0,0,0,1.35199e-11,0,0,0,True,VRC07-523LS|2946,1342384
130_bNAb_Combinations|1342384|vc|1|2|nan|2946,0,0,0,-2.20336e-09,0,0,0,0,0,0,-4.1132e-11,0,0,0,False,nan|2946,1342384
130_bNAb_Combinations|1342384|vc|2|2|nan|2946,0,0,0,-1.37188e-09,0,0,0,0,0,0,-1.23865e-11,0,0,0,False,nan|2946,1342384
130_bNAb_Combinations|1342384|vc|3|2|nan|2946,0,0,0,-2.11213e-09,0,0,0,0,0,0,-3.44036e-11,0,0,0,False,nan|2946,1342384
130_bNAb_Combinations|1342384|vc|4|2|nan|2946,0,0,0,4.97023e-09,0,0,0,0,0,0,3.46199e-11,0,0,0,False,nan|2946,1342384
130_bNAb_Combinations|1342384|vc|5|2|nan|2946,0,0,0,-5.51132e-09,0,0,0,0,0,0,3.08358e-11,0,0,0,False,nan|2946,1342384
130_bNAb_Combinations|1342384|vc|6|2|nan|2946,0,0,0,-3.29448e-10,0,0,0,0,0,0,1.60716e-11,0,0,0,False,nan|2946,1342384
130_bNAb_Combinations|1342384|vc|7|2|nan|2946,0,0,0,1.39996e-09,0,0,0,0,0,0,1.32672e-11,0,0,0,False,nan|2946,1342384
130_bNAb_Combinations|1342384|vc|8|2|nan|2946,0,0,0,2.06071e-09,0,0,0,0,0,0,8.25358e-11,0,0,0,False,nan|2946,1342384
130_bNAb_Combinations|1342396|cc|1|1|PVO.4|5024,0,0,0,-2.52529e-09,0,0,0,0,0,0,4.98606e-11,0,0,0,False,nan|PVO.4,1342396
130_bNAb_Combinations|1342396|cc|2|1|PVO.4|5024,0,0,0,4.15904e-09,0,0,0,0,0,0,2.42029e-11,0,0,0,False,nan|PVO.4,1342396
130_bNAb_Combinations|1342396|cc|3|1|PVO.4|5024,0,0,0,-2.79598e-09,0,0,0,0,0,0,1.25606e-11,0,0,0,False,nan|PVO.4,1342396
130_bNAb_Combinations|1342396|cc|4|1|PVO.4|5024,0,0,0,6.67193e-09,0,0,0,0,0,0,2.81366e-11,0,0,0,False,nan|PVO.4,1342396
130_bNAb_Combinations|1342396|cc|5|1|PVO.4|5024,0,0,0,1.08069e-09,0,0,0,0,0,0,-2.00675e-11,0,0,0,False,nan|PVO.4,1342396
130_bNAb_Combinations|1342396|cc|6|1|PVO.4|5024,0,0,0,1.72977e-09,0,0,0,0,0,0,-1.28084e-11,0,0,0,False,nan|PVO.4,1342396
130_bNAb_Combinations|1342396|cc|7|1|PVO.4|5024,0,0,0,1.06015e-09,0,0,0,0,0,0,1.77449e-11,0,0,0,False,nan|PVO.4,1342396
130_bNAb_Combinations|1342396|cc|8|1|PVO.4|5024,0,0,0,-1.59543e-09,0,0,0,0,0,0,-1.2184e-11,0,0,0,False,nan|PVO.4,1342396
130_bNAb_Combinations|1342396|sample|3|PVO.4|5024,0,0,0,2.07092e-09,0,0,0,0,0,0,-3.42855e-11,0,0,0,True,VRC07-523LS|PVO.4,1342396
130_bNAb_Combinations|1342396|sample|4|PVO.4|5024,0,0,0,3.29715e-09,0,0,0,0,0,0,6.86118e-12,0,0,0,True,VRC07-523LS|PVO.4,1342396
130_bNAb_Combinations|1342396|vc|1|2|PVO.4|5024,0,0,0,2.52522e-09,0,0,0,0,0,0,2.41283e-11,0,0,0,False,nan|PVO.4,1342396
130_bNAb_Combinations|1342396|vc|2|2|PVO.4|5024,0,0,0,1.20276e-09,0,0,0,0,0,0,-1.4694e-11,0,0,0,False,nan|PVO.4,1342396
130_bNAb_Combinations|1342396|vc|3|2|PVO.4|5024,0,0,0,5.00624e-09,0,0,0,0,0,0,-3.81206e-12,0,0,0,False,nan|PVO.4,1342396
130_bNAb_Combinations|1342396|vc|4|2|PVO.4|5024,0,0,0,-4.21871e-10,0,0,0,0,0,0,5.27658e-11,0,0,0,False,nan|PVO.4,1342396
130_bNAb_Combinations|1342396|vc|5|2|PVO.4|5024,0,0,0,-7.74811e-09,0,0,0,0,0,0,1.99947e-11,0,0,0,False,nan|PVO.4,1342396
130_bNAb_Combinations|1342396|vc|6|2|PVO.4|5024,0,0,0,-3.84919e-09,0,0,0,0,0,0,9.6172e-12,0,0,0,False,nan|PVO.4,1342396
130_bNAb_Combinations|1342396|vc|7|2|PVO.4|5024,0,0,0,2.44124e-09,0,0,0,0,0,0,2.31879e-10,0,0,0,False,nan|PVO.4,1342396
130_bNAb_Combinations|1342396|vc|8|2|PVO.4|5024,0,0,0,2.46802e-09,0,0,0,0,0,0,2.52642e-11,0,0,0,False,nan|PVO.4,1342396
130_bNAb_Combinations|1342408|cc|1|1|nan|4168,0,0,0,3.60161e-10,0,0,0,0,0,0,1.52487e-11,0,0,0,False,nan|4168,1342408
130_bNAb_Combinations|1342408|cc|2|1|nan|4168,0,0,0,7.95745e-10,0,0,0,0,0,0,-2.08278e-11,0,0,0,False,nan|4168,1342408
130_bNAb_Combinations|1342408|cc|3|1|nan|4168,0,0,0,3.3967e-09,0,0,0,0,0,0,-3.54414e-11,0,0,0,False,nan|4168,1342408
130_bNAb_Combinations|1342408|cc|4|1|nan|4168,0,0,0,-3.64774e-10,0,0,0,0,0,0,1.92397e-11,0,0,0,False,nan|4168,1342408
130_bNAb_Combinations|1342408|cc|5|1|nan|4168,0,0,0,9.26442e-10,0,0,0,0,0,0,-1.87659e-11,0,0,0,False,nan|4168,1342408
130_bNAb_Combinations|1342408|cc|6|1|nan|4168,0,0,0,3.95925e-09,0,0,0,0,0,0,1.25691e-11,0,0,0,False,nan|4168,1342408
130_bNAb_Combinations|1342408|cc|7|1|nan|4168,0,0,0,-2.11672e-09,0,0,0,0,0,0,-1.75797e-11,0,0,0,False,nan|4168,1342408
130_bNAb_Combinations|1342408|cc|8|1|nan|4168,0,0,0,-3.19214e-09,0,0,0,0,0,0,-2.10485e-11,0,0,0,False,nan|4168,1342408
130_bNAb_Combinations|1342408|sample|3|nan|4168,0,0,0,-3.16587e-09,0,0,0,0,0,0,1.53015e-11,0,0,0,True,VRC07-523LS|4168,1342408
130_bNAb_Combinations|1342408|sample|4|nan|4168,0,0,0,5.58791e-10,0,0,0,0,0,0,1.06564e-11,0,0,0,True,VRC07-523LS|4168,1342408
130_bNAb_Combinations|1342408|vc|1|2|nan|4168,0,0,0,-1.87948e-09,0,0,0,0,0,0,-8.04889e-11,0,0,0,False,nan|4168,1342408
130_bNAb_Combinations|1342408|vc|2|2|nan|4168,0,0,0,-4.02667e-09,0,0,0,0,0,0,1.9873e-12,0,0,0,False,nan|4168,1342408
130_bNAb_Combinations|1342408|vc|3|2|nan|4168,0,0,0,2.72954e-09,0,0,0,0,0,0,-1.65437e-11,0,0,0,False,nan|4168,1342408
130_bNAb_Combinations|1342408|vc|4|2|nan|4168,0,0,0,-6.49968e-09,0,0,0,0,0,0,1.59086e-11,0,0,0,False,nan|4168,1342408
130_bNAb_Combinations|1342408|vc|5|2|nan|4168,0,0,0,2.05185e-09,0,0,0,0,0,0,-8.18856e-12,0,0,0,False,nan|4168,1342408
130_bNAb_Combinations|1342408|vc|6|2|nan|4168,0,0,0,-7.09722e-10,0,0,0,0,0,0,1.73177e-11,0,0,0,False,nan|4168,1342408
130_bNAb_Combinations|1342408|vc|7|2|nan|4168,0,0,0,-1.77077e-09,0,0,0,0,0,0,-1.46541e-11,0,0,0,False,nan|4168,1342408
130_bNAb_Combinations|1342408|vc|8|2|nan|4168,0,0,0,-1.34217e-09,0,0,0,0,0,0,-1.48361e-11,0,0,0,False,nan|4168,1342408
704_VRC01_Concordance|1200432|cc|1|1|PVO.4|5024,0,0,0,-1.84638e-09,0,0,0,0,0,0,2.85976e-11,0,0,0,False,nan|PVO.4,1200432
704_VRC01_Concordance|1200432|cc|2|1|PVO.4|5024,0,0,0,-3.37693e-09,0,0,0,0,0,0,1.50884e-11,0,0,0,False,nan|PVO.4,1200432
704_VRC01_Concordance|1200432|cc|3|1|PVO.4|5024,0,0,0,1.355e-09,0,0,0,0,0,0,2.08562e-11,0,0,0,False,nan|PVO.4,1200432
704_VRC01_Concordance|1200432|cc|4|1|PVO.4|5024,0,0,0,1.5095e-09,0,0,0,0,0,0,-2.33078e-10,0,0,0,False,nan|PVO.4,1200432
704_VRC01_Concordance|1200432|cc|5|1|PVO.4|5024,0,0,0,7.70854e-10,0,0,0,0,0,0,2.01883e-11,0,0,0,False,nan|PVO.4,1200432
704_VRC01_Concordance|1200432|cc|6|1|PVO.4|5024,0,0,0,6.75745e-10,0,0,0,0,0,0,-1.65734e-11,0,0,0,False,nan|PVO.4,1200432
704_VRC01_Concordance|1200432|cc|7|1|PVO.4|5024,0,0,0,2.79284e-10,0,0,0,0,0,0,5.37499e-11,0,0,0,False,nan|PVO.4,1200432
704_VRC01_Concordance|1200432|cc|8|1|PVO.4|5024,0,0,0,1.75272e-09,0,0,0,0,0,0,1.01421e-11,0,0,0,False,nan|PVO.4,1200432
704_VRC01_Concordance|1200432|sample|10|PVO.4|5024,0,0,0,2.17907e-09,0,0,0,0,0,0,1.17879e-11,0,0,0,True,Clinical VRC01|PVO.4,1200432
704_VRC01_Concordance|1200432|sample|11|PVO.4|5024,0,0,0,4.27707e-09,0,0,0,0,0,0,1.86517e-11,0,0,0,True,Clinical VRC01|PVO.4,1200432
704_VRC01_Concordance|1200432|sample|12|PVO.4|5024,0,0,0,-2.44209e-09,0,0,0,0,0,0,-8.87379e-12,0,0,0,True,Clinical VRC01|PVO.4,1200432
704_VRC01_Concordance|1200432|sample|3|PVO.4|5024,0,0,0,8.40095e-09,0,0,0,0,0,0,2.00071e-11,0,0,0,True,Clinical VRC01|PVO.4,1200432
704_VRC01_Concordance|1200432|sample|4|PVO.4|5024,0,0,0,8.90217e-10,0,0,0,0,0,0,-2.23848e-11,0,0,0,True,Clinical VRC01|PVO.4,1200432
704_VRC01_Concordance|1200432|sample|5|PVO.4|5024,0,0,0,2.77139e-09,0,0,0,0,0,0,6.64002e-12,0,0,0,True,Clinical VRC01|PVO.4,1200432
704_VRC01_Concordance|1200432|sample|6|PVO.4|5024,0,0,0,-3.32928e-09,0,0,0,0,0,0,-1.19362e-10,0,0,0,True,Clinical VRC01|PVO.4,1200432
704_VRC01_Concordance|1200432|sample|7|PVO.4|5024,0,0,0,-5.82678e-10,0,0,0,0,0,0,2.37374e-10,0,0,0,True,Clinical VRC01|PVO.4,1200432
704_VRC01_Concordance|1200432|sample|8|PVO.4|5024,0,0,0,4.62697e-09,0,0,0,0,0,0,1.00639e-11,0,0,0,True,Clinical VRC01|PVO.4,1200432
704_VRC01_Concordance|1200432|sample|9|PVO.4|5024,0,0,0,3.06182e-09,0,0,0,0,0,0,5.8086e-11,0,0,0,True,Clinical VRC01|PVO.4,1200432
704_VRC01_Concordance|1200432|vc|1|2|PVO.4|5024,0,0,0,-3.96299e-09,0,0,0,0,0,0,1.25073e-11,0,0,0,False,nan|PVO.4,1200432
704_VRC01_Concordance|1200432|vc|2|2|PVO.4|5024,0,0,0,-2.13693e-09,0,0,0,0,0,0,-2.85549e-11,0,0,0,False,nan|PVO.4,1200432
704_VRC01_Concordance|1200432|vc|3|2|PVO.4|5024,0,0,0,4.5358e-09,0,0,0,0,0,0,-7.47313e-12,0,0,0,False,nan|PVO.4,1200432
704_VRC01_Concordance|1200432|vc|4|2|PVO.4|5024,0,0,0,-1.03556e-09,0,0,0,0,0,0,2.25562e-11,0,0,0,False,nan|PVO.4,1200432
704_VRC01_Concordance|1200432|vc|5|2|PVO.4|5024,0,0,0,-2.72204e-09,0,0,0,0,0,0,2.8157e-11,0,0,0,False,nan|PVO.4,1200432
704_VRC01_Concordance|1200432|vc|6|2|PVO.4|5024,0,0,0,-7.47208e-10,0,0,0,0,0,0,1.91687e-11,0,0,0,False,nan|PVO.4,1200432
704_VRC01_Concordance|1200432|vc|7|2|PVO.4|5024,0,0,0,5.4207e-10,0,0,0,0,0,0,2.47908e-11,0,0,0,False,nan|PVO.4,1200432
704_VRC01_Concordance|1200432|vc|8|2|PVO.4|5024,0,0,0,1.44707e-09,0,0,0,0,0,0,5.45803e-11,0,0,0,False,nan|PVO.4,1200432
