id,eta_U_SAEM,eta_L_SAEM,eta_m_SAEM,eta_e_SAEM,eta_s_SAEM,eta_alpha_SAEM,eta_k_SAEM,eta_U_mode,eta_L_mode,eta_m_mode,eta_e_mode,eta_s_mode,eta_alpha_mode,eta_k_mode,goes_down,mab_virus,run_id
130_bNAb_Combinations|1313842|cc|1|1|nan|2946,0,0.183244,0,2.23902e-10,0,0,0,0,-5.9941e-07,0,3.10862e-15,0,0,0,False,nan|2946,1313842
130_bNAb_Combinations|1313842|cc|2|1|nan|2946,0,-0.914253,0,-5.64145e-10,0,0,0,0,1.83536e-07,0,-3.55271e-15,0,0,0,False,nan|2946,1313842
130_bNAb_Combinations|1313842|cc|3|1|nan|2946,0,0.263399,0,-9.20294e-10,0,0,0,0,-3.00689e-07,0,-1.77636e-15,0,0,0,False,nan|2946,1313842
130_bNAb_Combinations|1313842|cc|4|1|nan|2946,0,-0.963508,0,7.1595e-09,0,0,0,0,-2.37198e-07,0,0,0,0,0,False,nan|2946,1313842
130_bNAb_Combinations|1313842|cc|5|1|nan|2946,0,0.314467,0,5.53858e-09,0,0,0,0,-5.65111e-07,0,-3.9968e-15,0,0,0,False,nan|2946,1313842
130_bNAb_Combinations|1313842|cc|6|1|nan|2946,0,-0.878957,0,3.49575e-09,0,0,0,0,-1.65399e-08,0,4.44089e-15,0,0,0,False,nan|2946,1313842
130_bNAb_Combinations|1313842|cc|7|1|nan|2946,0,1.25636,0,3.03376e-09,0,0,0,0,-6.01178e-07,0,-8.88178e-16,0,0,0,False,nan|2946,1313842
130_bNAb_Combinations|1313842|cc|8|1|nan|2946,0,-0.351003,0,-4.63268e-09,0,0,0,0,-4.11598e-07,0,1.77636e-15,0,0,0,False,nan|2946,1313842
130_bNAb_Combinations|1313842|sample|10|nan|2946,0,-11.2255,0,-5.68563e-09,0,0,0,0,-6.21583,0,2.30926e-14,0,0,0,True,PGT121|2946,1313842
130_bNAb_Combinations|1313842|sample|11|nan|2946,0,-12.0441,0,5.05577e-09,0,0,0,0,-7.7078,0,1.06581e-14,0,0,0,True,VRC07-523LS|2946,1313842
130_bNAb_Combinations|1313842|sample|12|nan|2946,0,-11.9279,0,3.33046e-09,0,0,0,0,-7.4782,0,7.10543e-14,0,0,0,True,VRC07-523LS|2946,1313842
130_bNAb_Combinations|1313842|sample|3|nan|2946,0,-9.72237,0,-4.77337e-09,0,0,0,0,-4.83788,0,4.44089e-15,0,0,0,True,PGDM1400|2946,1313842
130_bNAb_Combinations|1313842|sample|4|nan|2946,0,-10.7579,0,1.10526e-08,0,0,0,0,-5.87124,0,2.66454e-14,0,0,0,True,PGDM1400|2946,1313842
130_bNAb_Combinations|1313842|sample|5|nan|2946,0,-2.97892,0,-5.12492e-09,0,0,0,0,-2.92398,0,-1.04805e-13,0,0,0,True,PGDM1400|2946,1313842
130_bNAb_Combinations|1313842|sample|6|nan|2946,0,-2.8675,0,-7.11626e-09,0,0,0,0,-2.85381,0,-2.46914e-13,0,0,0,True,PGDM1400|2946,1313842
130_bNAb_Combinations|1313842|sample|7|nan|2946,0,-7.67296,0,-4.28062e-09,0,0,0,0,-5.10025,0,6.75016e-14,0,0,0,True,PGT121|2946,1313842
130_bNAb_Combinations|1313842|sample|8|nan|2946,0,-6.34307,0,-5.88891e-09,0,0,0,0,-4.78071,0,7.63833e-14,0,0,0,True,PGT121|2946,1313842
130_bNAb_Combinations|1313842|sample|9|nan|2946,0,-10.7346,0,6.49736e-09,0,0,0,0,-7.04515,0,4.79616e-14,0,0,0,True,PGT121|2946,1313842
130_bNAb_Combinations|1313842|vc|1|2|nan|2946,0,0.0674669,0,-6.18418e-09,0,0,0,0,-8.07639e-08,0,0,0,0,0,False,nan|2946,1313842
130_bNAb_Combinations|1313842|vc|2|2|nan|2946,0,0.201209,0,1.10339e-09,0,0,0,0,-1.18649e-07,0,-2.66454e-15,0,0,0,False,nan|2946,1313842
130_bNAb_Combinations|1313842|vc|3|2|nan|2946,0,0.00371594,0,3.4174e-09,0,0,0,0,5.20003e-08,0,-8.88178e-16,0,0,0,False,nan|2946,1313842
130_bNAb_Combinations|1313842|vc|4|2|nan|2946,0,0.614247,0,3.04264e-10,0,0,0,0,-1.93633e-07,0,-3.55271e-15,0,0,0,False,nan|2946,1313842
130_bNAb_Combinations|1313842|vc|5|2|nan|2946,0,-0.0296982,0,-1.00724e-09,0,0,0,0,3.39641e-07,0,0,0,0,0,False,nan|2946,1313842
130_bNAb_Combinations|1313842|vc|6|2|nan|2946,0,-0.7399,0,9.49349e-11,0,0,0,0,-2.1856e-07,0,-1.77636e-15,0,0,0,False,nan|2946,1313842
130_bNAb_Combinations|1313842|vc|7|2|nan|2946,0,-0.480934,0,1.55896e-09,0,0,0,0,1.37925e-07,0,0,0,0,0,False,nan|2946,1313842
130_bNAb_Combinations|1313842|vc|8|2|nan|2946,0,0.64285,0,4.48715e-09,0,0,0,0,-3.67482e-07,0,-8.88178e-16,0,0,0,False,nan|2946,1313842
130_bNAb_Combinations|1313860|cc|1|1|PVO.4|5024,0,0.118449,0,7.80126e-09,0,0,0,0,-3.7804e-07,0,3.10862e-15,0,0,0,False,nan|PVO.4,1313860
130_bNAb_Combinations|1313860|cc|2|1|PVO.4|5024,0,0.0287412,0,-4.25788e-10,0,0,0,0,-7.47285e-07,0,4.44089e-16,0,0,0,False,nan|PVO.4,1313860
130_bNAb_Combinations|1313860|cc|3|1|PVO.4|5024,0,0.472916,0,-1.49537e-09,0,0,0,0,-1.96999e-07,0,5.77316e-15,0,0,0,False,nan|PVO.4,1313860
130_bNAb_Combinations|1313860|cc|4|1|PVO.4|5024,0,0.267483,0,4.66332e-09,0,0,0,0,-5.32333e-08,0,-4.88498e-15,0,0,0,False,nan|PVO.4,1313860
130_bNAb_Combinations|1313860|cc|5|1|PVO.4|5024,0,0.280803,0,3.83861e-09,0,0,0,0,7.67343e-08,0,-4.44089e-16,0,0,0,False,nan|PVO.4,1313860
130_bNAb_Combinations|1313860|cc|6|1|PVO.4|5024,0,-1.43758,0,-2.05196e-09,0,0,0,0,6.58193e-07,0,-4.44089e-16,0,0,0,False,nan|PVO.4,1313860
130_bNAb_Combinations|1313860|cc|7|1|PVO.4|5024,0,-0.139146,0,-7.89659e-09,0,0,0,0,7.21081e-08,0,1.77636e-15,0,0,0,False,nan|PVO.4,1313860
130_bNAb_Combinations|1313860|cc|8|1|PVO.4|5024,0,0.65252,0,-5.03673e-10,0,0,0,0,-3.26948e-07,0,2.22045e-15,0,0,0,False,nan|PVO.4,1313860
130_bNAb_Combinations|1313860|sample|10|PVO.4|5024,0,-11.6846,0,6.47053e-09,0,0,0,0,-7.58934,0,9.76996e-15,0,0,0,True,PGT121|PVO.4,1313860
130_bNAb_Combinations|1313860|sample|11|PVO.4|5024,0,-11.8082,0,2.90224e-10,0,0,0,0,-7.63477,0,0,0,0,0,True,VRC07-523LS|PVO.4,1313860
130_bNAb_Combinations|1313860|sample|12|PVO.4|5024,0,-13.4084,0,1.9638e-09,0,0,0,0,-8.22814,0,-2.22045e-14,0,0,0,True,VRC07-523LS|PVO.4,1313860
130_bNAb_Combinations|1313860|sample|3|PVO.4|5024,0,-9.39365,0,-3.74685e-09,0,0,0,0,-4.18021,0,1.24345e-14,0,0,0,True,PGDM1400|PVO.4,1313860
130_bNAb_Combinations|1313860|sample|4|PVO.4|5024,0,-8.78858,0,-9.79132e-09,0,0,0,0,-3.85841,0,4.88498e-14,0,0,0,True,PGDM1400|PVO.4,1313860
130_bNAb_Combinations|1313860|sample|5|PVO.4|5024,0,-7.49,0,2.42078e-09,0,0,0,0,-5.13058,0,-8.52651e-14,0,0,0,True,PGDM1400|PVO.4,1313860
130_bNAb_Combinations|1313860|sample|6|PVO.4|5024,0,-9.53098,0,3.59264e-09,0,0,0,0,-6.24435,0,3.28626e-14,0,0,0,True,PGDM1400|PVO.4,1313860
130_bNAb_Combinations|1313860|sample|7|PVO.4|5024,0,-11.5794,0,4.88649e-10,0,0,0,0,-6.5699,0,4.08562e-14,0,0,0,True,PGT121|PVO.4,1313860
130_bNAb_Combinations|1313860|sample|8|PVO.4|5024,0,-12.0049,0,5.2134e-09,0,0,0,0,-6.61533,0,2.75335e-14,0,0,0,True,PGT121|PVO.4,1313860
130_bNAb_Combinations|1313860|sample|9|PVO.4|5024,0,-11.5992,0,5.53801e-09,0,0,0,0,-7.25143,0,5.50671e-14,0,0,0,True,PGT121|PVO.4,1313860
130_bNAb_Combinations|1313860|vc|1|2|PVO.4|5024,0,-0.793462,0,1.75951e-09,0,0,0,0,2.75544e-07,0,1.33227e-15,0,0,0,False,nan|PVO.4,1313860
130_bNAb_Combinations|1313860|vc|2|2|PVO.4|5024,0,-0.604842,0,1.1778e-09,0,0,0,0,3.55676e-07,0,-1.77636e-15,0,0,0,False,nan|PVO.4,1313860
130_bNAb_Combinations|1313860|vc|3|2|PVO.4|5024,0,0.664675,0,1.96654e-09,0,0,0,0,-1.41669e-07,0,-2.22045e-15,0,0,0,False,nan|PVO.4,1313860
130_bNAb_Combinations|1313860|vc|4|2|PVO.4|5024,0,0.515673,0,7.38128e-11,0,0,0,0,-2.41438e-07,0,3.9968e-15,0,0,0,False,nan|PVO.4,1313860
130_bNAb_Combinations|1313860|vc|5|2|PVO.4|5024,0,-0.343495,0,2.53287e-09,0,0,0,0,2.90719e-07,0,0,0,0,0,False,nan|PVO.4,1313860
130_bNAb_Combinations|1313860|vc|6|2|PVO.4|5024,0,0.00351431,0,-5.3728e-10,0,0,0,0,3.12175e-08,0,3.9968e-15,0,0,0,False,nan|PVO.4,1313860
130_bNAb_Combinations|1313860|vc|7|2|PVO.4|5024,0,-0.56012,0,5.4798e-10,0,0,0,0,2.16687e-07,0,1.77636e-15,0,0,0,False,nan|PVO.4,1313860
130_bNAb_Combinations|1313860|vc|8|2|PVO.4|5024,0,-0.527268,0,3.79323e-09,0,0,0,0,-4.67529e-07,0,2.22045e-15,0,0,0,False,nan|PVO.4,1313860
130_bNAb_Combinations|1313884|cc|1|1|nan|4168,0,-0.545936,0,3.51329e-09,0,0,0,0,-4.08877e-08,0,-5.32907e-15,0,0,0,False,nan|4168,1313884
130_bNAb_Combinations|1313884|cc|2|1|nan|4168,0,-0.0590823,0,-1.57575e-09,0,0,0,0,-6.67935e-08,0,-1.77636e-15,0,0,0,False,nan|4168,1313884
130_bNAb_Combinations|1313884|cc|3|1|nan|4168,0,0.0221499,0,-2.80437e-09,0,0,0,0,-8.08062e-07,0,4.44089e-15,0,0,0,False,nan|4168,1313884
130_bNAb_Combinations|1313884|cc|4|1|nan|4168,0,0.564498,0,-4.56075e-10,0,0,0,0,-3.16707e-08,0,8.88178e-15,0,0,0,False,nan|4168,1313884
130_bNAb_Combinations|1313884|cc|5|1|nan|4168,0,0.965488,0,1.18644e-09,0,0,0,0,1.51345e-07,0,-3.55271e-15,0,0,0,False,nan|4168,1313884
130_bNAb_Combinations|1313884|cc|6|1|nan|4168,0,1.00099,0,-6.6976e-09,0,0,0,0,-1.88744e-07,0,-8.88178e-16,0,0,0,False,nan|4168,1313884
130_bNAb_Combinations|1313884|cc|7|1|nan|4168,0,-0.0330479,0,-1.88703e-09,0,0,0,0,-1.83645e-07,0,-3.55271e-15,0,0,0,False,nan|4168,1313884
130_bNAb_Combinations|1313884|cc|8|1|nan|4168,0,-0.740092,0,-2.24464e-10,0,0,0,0,1.43158e-07,0,0,0,0,0,False,nan|4168,1313884
130_bNAb_Combinations|1313884|sample|10|nan|4168,0,-2.34321,0,-2.50107e-11,0,0,0,0,-2.30294,0,-2.26041e-13,0,0,0,True,PGT121|4168,1313884
130_bNAb_Combinations|1313884|sample|11|nan|4168,0,-4.74268,0,5.31498e-09,0,0,0,0,-4.68869,0,-1.13687e-13,0,0,0,True,VRC07-523LS|4168,1313884
130_bNAb_Combinations|1313884|sample|12|nan|4168,0,-5.18914,0,-7.7762e-09,0,0,0,0,-4.9309,0,1.86517e-14,0,0,0,True,VRC07-523LS|4168,1313884
130_bNAb_Combinations|1313884|sample|3|nan|4168,0,-9.07948,0,-6.3536e-09,0,0,0,0,-3.91256,0,1.59872e-14,0,0,0,True,PGDM1400|4168,1313884
130_bNAb_Combinations|1313884|sample|4|nan|4168,0,-7.59206,0,5.91128e-09,0,0,0,0,-2.74829,0,-1.86517e-14,0,0,0,True,PGDM1400|4168,1313884
130_bNAb_Combinations|1313884|sample|5|nan|4168,0,-3.26824,0,9.41901e-09,0,0,0,0,-3.41394,0,3.19744e-14,0,0,0,True,PGDM1400|4168,1313884
130_bNAb_Combinations|1313884|sample|6|nan|4168,0,-3.22734,0,3.38916e-09,0,0,0,0,-3.32377,0,-5.32907e-15,0,0,0,True,PGDM1400|4168,1313884
130_bNAb_Combinations|1313884|sample|7|nan|4168,0,-1.86964,0,-1.26092e-08,0,0,0,0,-1.92548,0,1.28342e-13,0,0,0,True,PGT121|4168,1313884
130_bNAb_Combinations|1313884|sample|8|nan|4168,0,-1.99353,0,6.1049e-09,0,0,0,0,-2.01033,0,2.8777e-13,0,0,0,True,PGT121|4168,1313884
130_bNAb_Combinations|1313884|sample|9|nan|4168,0,-2.25876,0,1.21959e-09,0,0,0,0,-2.17774,0,3.09086e-13,0,0,0,True,PGT121|4168,1313884
130_bNAb_Combinations|1313884|vc|1|2|nan|4168,0,-0.701255,0,6.72294e-09,0,0,0,0,-3.09255e-07,0,0,0,0,0,False,nan|4168,1313884
130_bNAb_Combinations|1313884|vc|2|2|nan|4168,0,-0.607826,0,-1.41309e-08,0,0,0,0,2.45596e-07,0,1.77636e-15,0,0,0,False,nan|4168,1313884
130_bNAb_Combinations|1313884|vc|3|2|nan|4168,0,0.822567,0,-6.72134e-09,0,0,0,0,-1.72746e-07,0,-1.77636e-15,0,0,0,False,nan|4168,1313884
130_bNAb_Combinations|1313884|vc|4|2|nan|4168,0,0.756231,0,4.57042e-09,0,0,0,0,3.78715e-07,0,-3.55271e-15,0,0,0,False,nan|4168,1313884
130_bNAb_Combinations|1313884|vc|5|2|nan|4168,0,-0.339438,0,4.14268e-09,0,0,0,0,7.16077e-07,0,6.21725e-15,0,0,0,False,nan|4168,1313884
130_bNAb_Combinations|1313884|vc|6|2|nan|4168,0,-1.2096,0,-7.42036e-09,0,0,0,0,-1.03689e-07,0,-1.77636e-15,0,0,0,False,nan|4168,1313884
130_bNAb_Combinations|1313884|vc|7|2|nan|4168,0,0.246786,0,-1.26966e-09,0,0,0,0,-2.35055e-07,0,-1.77636e-15,0,0,0,False,nan|4168,1313884
130_bNAb_Combinations|1313884|vc|8|2|nan|4168,0,0.643563,0,7.28122e-09,0,0,0,0,2.57261e-07,0,1.77636e-15,0,0,0,False,nan|4168,1313884
130_bNAb_Combinations|1313920|cc|1|1|nan|1798,0,-0.0525489,0,-3.03335e-09,0,0,0,0,-2.91466e-07,0,3.55271e-15,0,0,0,False,nan|1798,1313920
130_bNAb_Combinations|1313920|cc|2|1|nan|1798,0,1.48553,0,1.71041e-09,0,0,0,0,-9.53086e-07,0,-1.77636e-15,0,0,0,False,nan|1798,1313920
130_bNAb_Combinations|1313920|cc|3|1|nan|1798,0,0.569542,0,-1.00457e-09,0,0,0,0,-5.74518e-07,0,0,0,0,0,False,nan|1798,1313920
130_bNAb_Combinations|1313920|cc|4|1|nan|1798,0,-1.28022,0,-6.46959e-09,0,0,0,0,5.12716e-07,0,-3.55271e-15,0,0,0,False,nan|1798,1313920
130_bNAb_Combinations|1313920|cc|5|1|nan|1798,0,-0.629303,0,-7.87343e-09,0,0,0,0,-2.91197e-07,0,-1.77636e-15,0,0,0,False,nan|1798,1313920
130_bNAb_Combinations|1313920|cc|6|1|nan|1798,0,-0.197504,0,-4.38006e-09,0,0,0,0,-2.32289e-07,0,-3.55271e-15,0,0,0,False,nan|1798,1313920
130_bNAb_Combinations|1313920|cc|7|1|nan|1798,0,0.29784,0,-2.66146e-09,0,0,0,0,-4.07885e-07,0,-3.55271e-15,0,0,0,False,nan|1798,1313920
130_bNAb_Combinations|1313920|cc|8|1|nan|1798,0,0.0150271,0,1.74492e-09,0,0,0,0,1.09572e-07,0,8.88178e-16,0,0,0,False,nan|1798,1313920
130_bNAb_Combinations|1313920|sample|10|nan|1798,0,-12.4784,0,1.05211e-09,0,0,0,0,-7.8731,0,7.41629e-14,0,0,0,True,PGT121|1798,1313920
130_bNAb_Combinations|1313920|sample|11|nan|1798,0,-11.9533,0,-3.99416e-09,0,0,0,0,-8.31468,0,9.23706e-14,0,0,0,True,VRC07-523LS|1798,1313920
130_bNAb_Combinations|1313920|sample|12|nan|1798,0,-13.0922,0,1.39717e-08,0,0,0,0,-8.44677,0,5.06262e-14,0,0,0,True,VRC07-523LS|1798,1313920
130_bNAb_Combinations|1313920|sample|3|nan|1798,0,-1.95118,0,2.68757e-10,0,0,0,0,-1.93973,0,7.10543e-14,0,0,0,True,PGDM1400|1798,1313920
130_bNAb_Combinations|1313920|sample|4|nan|1798,0,-2.0118,0,6.99335e-09,0,0,0,0,-1.95258,0,1.35891e-13,0,0,0,True,PGDM1400|1798,1313920
130_bNAb_Combinations|1313920|sample|5|nan|1798,0,-2.05329,0,8.10655e-11,0,0,0,0,-2.08233,0,-4.35207e-14,0,0,0,True,PGDM1400|1798,1313920
130_bNAb_Combinations|1313920|sample|6|nan|1798,0,-2.21073,0,8.65074e-09,0,0,0,0,-2.188,0,-1.42997e-13,0,0,0,True,PGDM1400|1798,1313920
130_bNAb_Combinations|1313920|sample|7|nan|1798,0,-11.8917,0,1.23104e-08,0,0,0,0,-6.63327,0,-3.77476e-14,0,0,0,True,PGT121|1798,1313920
130_bNAb_Combinations|1313920|sample|8|nan|1798,0,-11.057,0,-2.74522e-09,0,0,0,0,-6.76304,0,-2.22045e-14,0,0,0,True,PGT121|1798,1313920
130_bNAb_Combinations|1313920|sample|9|nan|1798,0,-12.8394,0,1.23193e-08,0,0,0,0,-7.4591,0,5.19584e-14,0,0,0,True,PGT121|1798,1313920
130_bNAb_Combinations|1313920|vc|1|2|nan|1798,0,-0.244501,0,-6.86749e-10,0,0,0,0,1.21749e-07,0,-3.55271e-15,0,0,0,False,nan|1798,1313920
130_bNAb_Combinations|1313920|vc|2|2|nan|1798,0,0.127585,0,-6.85732e-10,0,0,0,0,1.62923e-07,0,3.55271e-15,0,0,0,False,nan|1798,1313920
130_bNAb_Combinations|1313920|vc|3|2|nan|1798,0,-0.682021,0,-3.88352e-09,0,0,0,0,-3.90296e-07,0,-1.77636e-15,0,0,0,False,nan|1798,1313920
130_bNAb_Combinations|1313920|vc|4|2|nan|1798,0,-0.34481,0,1.83885e-09,0,0,0,0,-1.83534e-07,0,3.55271e-15,0,0,0,False,nan|1798,1313920
130_bNAb_Combinations|1313920|vc|5|2|nan|1798,0,-0.00917596,0,4.95344e-10,0,0,0,0,-1.41684e-08,0,5.32907e-15,0,0,0,False,nan|1798,1313920
130_bNAb_Combinations|1313920|vc|6|2|nan|1798,0,1.24729,0,4.49615e-09,0,0,0,0,-2.44496e-07,0,1.77636e-15,0,0,0,False,nan|1798,1313920
130_bNAb_Combinations|1313920|vc|7|2|nan|1798,0,-0.661286,0,1.32704e-08,0,0,0,0,-1.97514e-07,0,-3.55271e-15,0,0,0,False,nan|1798,1313920
130_bNAb_Combinations|1313920|vc|8|2|nan|1798,0,-0.805204,0,-1.61064e-09,0,0,0,0,1.56963e-07,0,-2.66454e-15,0,0,0,False,nan|1798,1313920
130_bNAb_Combinations|1313938|cc|1|1|TRO.11|8301,0,0.727556,0,8.70707e-09,0,0,0,0,3.77732e-07,0,0,0,0,0,False,nan|TRO.11,1313938
130_bNAb_Combinations|1313938|cc|2|1|TRO.11|8301,0,-0.0595337,0,5.20907e-10,0,0,0,0,-9.98432e-09,0,8.88178e-16,0,0,0,False,nan|TRO.11,1313938
130_bNAb_Combinations|1313938|cc|3|1|TRO.11|8301,0,-0.492835,0,-2.54135e-09,0,0,0,0,3.89102e-07,0,1.77636e-15,0,0,0,False,nan|TRO.11,1313938
130_bNAb_Combinations|1313938|cc|4|1|TRO.11|8301,0,-0.171801,0,-6.9414e-09,0,0,0,0,-3.71214e-07,0,-2.66454e-15,0,0,0,False,nan|TRO.11,1313938
130_bNAb_Combinations|1313938|cc|5|1|TRO.11|8301,0,-0.316598,0,-5.02056e-09,0,0,0,0,-4.63629e-07,0,4.44089e-15,0,0,0,False,nan|TRO.11,1313938
130_bNAb_Combinations|1313938|cc|6|1|TRO.11|8301,0,-0.468222,0,-4.31607e-09,0,0,0,0,5.12326e-07,0,-8.88178e-16,0,0,0,False,nan|TRO.11,1313938
130_bNAb_Combinations|1313938|cc|7|1|TRO.11|8301,0,0.372258,0,-3.91123e-09,0,0,0,0,1.49107e-07,0,8.88178e-16,0,0,0,False,nan|TRO.11,1313938
130_bNAb_Combinations|1313938|cc|8|1|TRO.11|8301,0,0.580028,0,-3.27072e-09,0,0,0,0,8.88851e-08,0,1.77636e-15,0,0,0,False,nan|TRO.11,1313938
130_bNAb_Combinations|1313938|sample|10|TRO.11|8301,0,-11.4044,0,3.44249e-09,0,0,0,0,-7.98828,0,5.01821e-14,0,0,0,True,PGT121|TRO.11,1313938
130_bNAb_Combinations|1313938|sample|11|TRO.11|8301,0,-12.1133,0,1.30982e-09,0,0,0,0,-8.56294,0,5.19584e-14,0,0,0,True,VRC07-523LS|TRO.11,1313938
130_bNAb_Combinations|1313938|sample|12|TRO.11|8301,0,-12.3599,0,-1.27362e-09,0,0,0,0,-8.52672,0,4.88498e-14,0,0,0,True,VRC07-523LS|TRO.11,1313938
130_bNAb_Combinations|1313938|sample|3|TRO.11|8301,0,-10.355,0,6.71572e-09,0,0,0,0,-5.94218,0,1.95399e-14,0,0,0,True,PGDM1400|TRO.11,1313938
130_bNAb_Combinations|1313938|sample|4|TRO.11|8301,0,-9.99029,0,-9.28046e-09,0,0,0,0,-5.24241,0,3.37508e-14,0,0,0,True,PGDM1400|TRO.11,1313938
130_bNAb_Combinations|1313938|sample|5|TRO.11|8301,0,-4.73878,0,4.11658e-09,0,0,0,0,-4.64166,0,1.7053e-13,0,0,0,True,PGDM1400|TRO.11,1313938
130_bNAb_Combinations|1313938|sample|6|TRO.11|8301,0,-4.65342,0,-2.99746e-10,0,0,0,0,-4.62513,0,5.32907e-14,0,0,0,True,PGDM1400|TRO.11,1313938
130_bNAb_Combinations|1313938|sample|7|TRO.11|8301,0,-13.0445,0,8.38457e-09,0,0,0,0,-7.46837,0,-9.32587e-15,0,0,0,True,PGT121|TRO.11,1313938
130_bNAb_Combinations|1313938|sample|8|TRO.11|8301,0,-11.0591,0,4.57589e-09,0,0,0,0,-6.90866,0,-4.44089e-14,0,0,0,True,PGT121|TRO.11,1313938
130_bNAb_Combinations|1313938|sample|9|TRO.11|8301,0,-12.8125,0,-2.23346e-09,0,0,0,0,-7.94247,0,3.77476e-14,0,0,0,True,PGT121|TRO.11,1313938
130_bNAb_Combinations|1313938|vc|1|2|TRO.11|8301,0,-0.239074,0,4.51649e-09,0,0,0,0,-2.16467e-07,0,0,0,0,0,False,nan|TRO.11,1313938
130_bNAb_Combinations|1313938|vc|2|2|TRO.11|8301,0,0.345437,0,-1.82714e-09,0,0,0,0,-3.82207e-07,0,0,0,0,0,False,nan|TRO.11,1313938
130_bNAb_Combinations|1313938|vc|3|2|TRO.11|8301,0,0.0156319,0,8.03334e-10,0,0,0,0,3.32951e-07,0,-2.66454e-15,0,0,0,False,nan|TRO.11,1313938
130_bNAb_Combinations|1313938|vc|4|2|TRO.11|8301,0,-0.96186,0,-3.16554e-10,0,0,0,0,-1.59938e-07,0,-8.88178e-16,0,0,0,False,nan|TRO.11,1313938
130_bNAb_Combinations|1313938|vc|5|2|TRO.11|8301,0,-0.637453,0,4.54099e-10,0,0,0,0,3.63133e-07,0,8.88178e-16,0,0,0,False,nan|TRO.11,1313938
130_bNAb_Combinations|1313938|vc|6|2|TRO.11|8301,0,-0.238414,0,1.32898e-09,0,0,0,0,-2.35877e-07,0,3.55271e-15,0,0,0,False,nan|TRO.11,1313938
130_bNAb_Combinations|1313938|vc|7|2|TRO.11|8301,0,-0.013435,0,7.99122e-10,0,0,0,0,1.07347e-06,0,-1.77636e-15,0,0,0,False,nan|TRO.11,1313938
130_bNAb_Combinations|1313938|vc|8|2|TRO.11|8301,0,0.684566,0,-5.33006e-09,0,0,0,0,-2.17215e-07,0,1.77636e-15,0,0,0,False,nan|TRO.11,1313938
130_bNAb_Combinations|1313956|cc|1|1|Ce1176_A3|7023,0,0.384029,0,-4.31366e-09,0,0,0,0,-5.55577e-07,0,-1.77636e-15,0,0,0,False,nan|Ce1176_A3,1313956
130_bNAb_Combinations|1313956|cc|2|1|Ce1176_A3|7023,0,0.655047,0,-3.6492e-09,0,0,0,0,2.15763e-07,0,4.44089e-16,0,0,0,False,nan|Ce1176_A3,1313956
130_bNAb_Combinations|1313956|cc|3|1|Ce1176_A3|7023,0,0.0778633,0,-9.20512e-10,0,0,0,0,1.73677e-07,0,-1.77636e-15,0,0,0,False,nan|Ce1176_A3,1313956
130_bNAb_Combinations|1313956|cc|4|1|Ce1176_A3|7023,0,0.135913,0,9.67165e-10,0,0,0,0,-6.20262e-07,0,2.22045e-15,0,0,0,False,nan|Ce1176_A3,1313956
130_bNAb_Combinations|1313956|cc|5|1|Ce1176_A3|7023,0,-0.65387,0,-6.37636e-09,0,0,0,0,4.13212e-07,0,-1.33227e-15,0,0,0,False,nan|Ce1176_A3,1313956
130_bNAb_Combinations|1313956|cc|6|1|Ce1176_A3|7023,0,-1.45401,0,-2.79378e-09,0,0,0,0,2.54794e-07,0,-1.9984e-15,0,0,0,False,nan|Ce1176_A3,1313956
130_bNAb_Combinations|1313956|cc|7|1|Ce1176_A3|7023,0,-0.209839,0,-5.17256e-09,0,0,0,0,-3.16439e-07,0,1.11022e-15,0,0,0,False,nan|Ce1176_A3,1313956
130_bNAb_Combinations|1313956|cc|8|1|Ce1176_A3|7023,0,-0.391115,0,-3.5692e-09,0,0,0,0,-3.36518e-07,0,-3.55271e-15,0,0,0,False,nan|Ce1176_A3,1313956
130_bNAb_Combinations|1313956|sample|10|Ce1176_A3|7023,0,-13.5355,0,-1.92604e-09,0,0,0,0,-8.17966,0,2.08722e-14,0,0,0,True,PGT121|Ce1176_A3,1313956
130_bNAb_Combinations|1313956|sample|11|Ce1176_A3|7023,0,-13.341,0,9.84029e-11,0,0,0,0,-7.61012,0,4.44089e-15,0,0,0,True,VRC07-523LS|Ce1176_A3,1313956
130_bNAb_Combinations|1313956|sample|12|Ce1176_A3|7023,0,-11.6876,0,-3.08008e-09,0,0,0,0,-6.71871,0,3.81917e-14,0,0,0,True,VRC07-523LS|Ce1176_A3,1313956
130_bNAb_Combinations|1313956|sample|3|Ce1176_A3|7023,0,-1.42429,0,-5.97866e-10,0,0,0,0,-1.50142,0,2.50466e-13,0,0,0,True,PGDM1400|Ce1176_A3,1313956
130_bNAb_Combinations|1313956|sample|4|Ce1176_A3|7023,0,-1.37318,0,6.87063e-09,0,0,0,0,-1.52377,0,4.08562e-13,0,0,0,True,PGDM1400|Ce1176_A3,1313956
130_bNAb_Combinations|1313956|sample|5|Ce1176_A3|7023,0,-1.66731,0,-2.91083e-09,0,0,0,0,-1.65361,0,-2.41585e-13,0,0,0,True,PGDM1400|Ce1176_A3,1313956
130_bNAb_Combinations|1313956|sample|6|Ce1176_A3|7023,0,-1.74361,0,2.12276e-09,0,0,0,0,-1.77145,0,1.33227e-13,0,0,0,True,PGDM1400|Ce1176_A3,1313956
130_bNAb_Combinations|1313956|sample|7|Ce1176_A3|7023,0,-11.219,0,2.00285e-09,0,0,0,0,-6.93904,0,-5.63993e-14,0,0,0,True,PGT121|Ce1176_A3,1313956
130_bNAb_Combinations|1313956|sample|8|Ce1176_A3|7023,0,-11.3936,0,-7.43959e-10,0,0,0,0,-7.16376,0,-9.54792e-14,0,0,0,True,PGT121|Ce1176_A3,1313956
130_bNAb_Combinations|1313956|sample|9|Ce1176_A3|7023,0,-12.2702,0,-2.69506e-09,0,0,0,0,-8.06365,0,4.88498e-15,0,0,0,True,PGT121|Ce1176_A3,1313956
130_bNAb_Combinations|1313956|vc|1|2|Ce1176_A3|7023,0,-0.135498,0,8.84394e-09,0,0,0,0,4.12485e-07,0,8.88178e-16,0,0,0,False,nan|Ce1176_A3,1313956
130_bNAb_Combinations|1313956|vc|2|2|Ce1176_A3|7023,0,1.68174,0,-9.73609e-10,0,0,0,0,-4.14063e-07,0,-8.88178e-16,0,0,0,False,nan|Ce1176_A3,1313956
130_bNAb_Combinations|1313956|vc|3|2|Ce1176_A3|7023,0,-0.0361381,0,-4.43404e-09,0,0,0,0,7.98092e-08,0,-3.9968e-15,0,0,0,False,nan|Ce1176_A3,1313956
130_bNAb_Combinations|1313956|vc|4|2|Ce1176_A3|7023,0,-1.31148,0,3.86018e-09,0,0,0,0,2.78415e-07,0,-4.44089e-16,0,0,0,False,nan|Ce1176_A3,1313956
130_bNAb_Combinations|1313956|vc|5|2|Ce1176_A3|7023,0,0.146996,0,2.71865e-09,0,0,0,0,4.04564e-07,0,1.9984e-15,0,0,0,False,nan|Ce1176_A3,1313956
130_bNAb_Combinations|1313956|vc|6|2|Ce1176_A3|7023,0,-0.439849,0,4.10519e-09,0,0,0,0,-2.28466e-07,0,3.10862e-15,0,0,0,False,nan|Ce1176_A3,1313956
130_bNAb_Combinations|1313956|vc|7|2|Ce1176_A3|7023,0,-0.776861,0,-1.65266e-09,0,0,0,0,1.95162e-07,0,2.22045e-15,0,0,0,False,nan|Ce1176_A3,1313956
130_bNAb_Combinations|1313956|vc|8|2|Ce1176_A3|7023,0,0.246955,0,-1.05217e-09,0,0,0,0,-5.5918e-07,0,2.44249e-15,0,0,0,False,nan|Ce1176_A3,1313956
130_bNAb_Combinations|1313974|cc|1|1|nan|1176,0,0.565108,0,5.05646e-10,0,0,0,0,-1.07918e-08,0,-2.22045e-15,0,0,0,False,nan|1176,1313974
130_bNAb_Combinations|1313974|cc|2|1|nan|1176,0,0.169194,0,1.25582e-09,0,0,0,0,-1.20651e-07,0,-2.22045e-15,0,0,0,False,nan|1176,1313974
130_bNAb_Combinations|1313974|cc|3|1|nan|1176,0,0.517276,0,-1.21916e-09,0,0,0,0,-2.21403e-07,0,-2.66454e-15,0,0,0,False,nan|1176,1313974
130_bNAb_Combinations|1313974|cc|4|1|nan|1176,0,0.233085,0,2.10377e-09,0,0,0,0,4.99983e-08,0,2.22045e-15,0,0,0,False,nan|1176,1313974
130_bNAb_Combinations|1313974|cc|5|1|nan|1176,0,0.38517,0,2.4941e-09,0,0,0,0,-2.86966e-07,0,4.44089e-16,0,0,0,False,nan|1176,1313974
130_bNAb_Combinations|1313974|cc|6|1|nan|1176,0,0.507503,0,1.0351e-09,0,0,0,0,-4.0757e-07,0,5.77316e-15,0,0,0,False,nan|1176,1313974
130_bNAb_Combinations|1313974|cc|7|1|nan|1176,0,0.786289,0,-1.02576e-12,0,0,0,0,-1.8461e-07,0,1.33227e-15,0,0,0,False,nan|1176,1313974
130_bNAb_Combinations|1313974|cc|8|1|nan|1176,0,-1.35696,0,5.08344e-09,0,0,0,0,2.74047e-07,0,4.44089e-15,0,0,0,False,nan|1176,1313974
130_bNAb_Combinations|1313974|sample|10|nan|1176,0,-2.08232,0,4.47924e-09,0,0,0,0,-2.15838,0,2.83329e-13,0,0,0,True,PGT121|1176,1313974
130_bNAb_Combinations|1313974|sample|11|nan|1176,0,-4.55177,0,1.12251e-08,0,0,0,0,-4.56708,0,9.32587e-15,0,0,0,True,VRC07-523LS|1176,1313974
130_bNAb_Combinations|1313974|sample|12|nan|1176,0,-4.89922,0,-1.67831e-10,0,0,0,0,-4.92298,0,1.08358e-13,0,0,0,True,VRC07-523LS|1176,1313974
130_bNAb_Combinations|1313974|sample|3|nan|1176,0,-3.38537,0,-9.7197e-09,0,0,0,0,-3.4288,0,-1.54099e-13,0,0,0,True,PGDM1400|1176,1313974
130_bNAb_Combinations|1313974|sample|4|nan|1176,0,-3.41337,0,-1.09259e-09,0,0,0,0,-3.47854,0,1.51879e-13,0,0,0,True,PGDM1400|1176,1313974
130_bNAb_Combinations|1313974|sample|5|nan|1176,0,-3.28062,0,5.20682e-09,0,0,0,0,-3.275,0,-1.84297e-13,0,0,0,True,PGDM1400|1176,1313974
130_bNAb_Combinations|1313974|sample|6|nan|1176,0,-3.19925,0,-2.30814e-09,0,0,0,0,-3.1732,0,-4.52971e-14,0,0,0,True,PGDM1400|1176,1313974
130_bNAb_Combinations|1313974|sample|7|nan|1176,0,-2.3703,0,-1.01547e-08,0,0,0,0,-2.43694,0,1.01252e-13,0,0,0,True,PGT121|1176,1313974
130_bNAb_Combinations|1313974|sample|8|nan|1176,0,-5.64567,0,2.89582e-09,0,0,0,0,-3.03791,0,3.55271e-14,0,0,0,True,PGT121|1176,1313974
130_bNAb_Combinations|1313974|sample|9|nan|1176,0,-2.09536,0,-2.93003e-09,0,0,0,0,-2.09916,0,-1.66089e-13,0,0,0,True,PGT121|1176,1313974
130_bNAb_Combinations|1313974|vc|1|2|nan|1176,0,0.787349,0,-5.98987e-09,0,0,0,0,-1.06816e-07,0,-3.10862e-15,0,0,0,False,nan|1176,1313974
130_bNAb_Combinations|1313974|vc|2|2|nan|1176,0,-0.619923,0,5.85172e-10,0,0,0,0,1.72481e-07,0,-4.88498e-15,0,0,0,False,nan|1176,1313974
130_bNAb_Combinations|1313974|vc|3|2|nan|1176,0,1.70438,0,-8.6561e-09,0,0,0,0,-4.13693e-07,0,2.22045e-15,0,0,0,False,nan|1176,1313974
130_bNAb_Combinations|1313974|vc|4|2|nan|1176,0,-0.19718,0,-2.47394e-10,0,0,0,0,2.28035e-07,0,1.33227e-15,0,0,0,False,nan|1176,1313974
130_bNAb_Combinations|1313974|vc|5|2|nan|1176,0,-0.302526,0,1.01837e-08,0,0,0,0,-3.19663e-07,0,1.33227e-15,0,0,0,False,nan|1176,1313974
130_bNAb_Combinations|1313974|vc|6|2|nan|1176,0,-0.198511,0,1.18526e-09,0,0,0,0,-3.72604e-07,0,4.44089e-16,0,0,0,False,nan|1176,1313974
130_bNAb_Combinations|1313974|vc|7|2|nan|1176,0,-1.49021,0,3.69893e-09,0,0,0,0,4.18436e-07,0,-3.10862e-15,0,0,0,False,nan|1176,1313974
130_bNAb_Combinations|1313974|vc|8|2|nan|1176,0,-0.33694,0,1.76123e-09,0,0,0,0,1.2056e-07,0,2.22045e-15,0,0,0,False,nan|1176,1313974
130_bNAb_Combinations|1313992|cc|1|1|RHPA4259.7|5371,0,0.297005,0,-2.67401e-09,0,0,0,0,5.4497e-07,0,0,0,0,0,False,nan|RHPA4259.7,1313992
130_bNAb_Combinations|1313992|cc|2|1|RHPA4259.7|5371,0,-0.147147,0,-1.33056e-09,0,0,0,0,2.44739e-07,0,-1.77636e-15,0,0,0,False,nan|RHPA4259.7,1313992
130_bNAb_Combinations|1313992|cc|3|1|RHPA4259.7|5371,0,0.469179,0,-4.229e-09,0,0,0,0,-2.34363e-07,0,1.77636e-15,0,0,0,False,nan|RHPA4259.7,1313992
130_bNAb_Combinations|1313992|cc|4|1|RHPA4259.7|5371,0,-0.659612,0,-3.76061e-09,0,0,0,0,-1.95244e-07,0,-1.77636e-15,0,0,0,False,nan|RHPA4259.7,1313992
130_bNAb_Combinations|1313992|cc|5|1|RHPA4259.7|5371,0,0.381149,0,5.75411e-09,0,0,0,0,-6.1031e-07,0,0,0,0,0,False,nan|RHPA4259.7,1313992
130_bNAb_Combinations|1313992|cc|6|1|RHPA4259.7|5371,0,-0.527119,0,-3.16062e-09,0,0,0,0,4.29104e-07,0,-2.66454e-15,0,0,0,False,nan|RHPA4259.7,1313992
130_bNAb_Combinations|1313992|cc|7|1|RHPA4259.7|5371,0,1.08657,0,-2.21948e-09,0,0,0,0,6.29119e-07,0,1.77636e-15,0,0,0,False,nan|RHPA4259.7,1313992
130_bNAb_Combinations|1313992|cc|8|1|RHPA4259.7|5371,0,-0.586954,0,3.30328e-10,0,0,0,0,5.72407e-07,0,-1.77636e-15,0,0,0,False,nan|RHPA4259.7,1313992
130_bNAb_Combinations|1313992|sample|10|RHPA4259.7|5371,0,-11.3735,0,-2.889e-09,0,0,0,0,-7.2546,0,5.9508e-14,0,0,0,True,PGT121|RHPA4259.7,1313992
130_bNAb_Combinations|1313992|sample|11|RHPA4259.7|5371,0,-11.7073,0,-9.05341e-10,0,0,0,0,-8.30606,0,1.22125e-13,0,0,0,True,VRC07-523LS|RHPA4259.7,1313992
130_bNAb_Combinations|1313992|sample|12|RHPA4259.7|5371,0,-12.0381,0,1.01628e-08,0,0,0,0,-7.76788,0,1.19904e-14,0,0,0,True,VRC07-523LS|RHPA4259.7,1313992
130_bNAb_Combinations|1313992|sample|3|RHPA4259.7|5371,0,-9.74406,0,-1.12252e-08,0,0,0,0,-5.09962,0,-6.12843e-14,0,0,0,True,PGDM1400|RHPA4259.7,1313992
130_bNAb_Combinations|1313992|sample|4|RHPA4259.7|5371,0,-8.34088,0,4.37747e-09,0,0,0,0,-4.79236,0,-2.22045e-14,0,0,0,True,PGDM1400|RHPA4259.7,1313992
130_bNAb_Combinations|1313992|sample|5|RHPA4259.7|5371,0,-7.24692,0,9.40365e-09,0,0,0,0,-5.63084,0,5.86198e-14,0,0,0,True,PGDM1400|RHPA4259.7,1313992
130_bNAb_Combinations|1313992|sample|6|RHPA4259.7|5371,0,-8.61919,0,1.56514e-09,0,0,0,0,-5.63343,0,7.54952e-14,0,0,0,True,PGDM1400|RHPA4259.7,1313992
130_bNAb_Combinations|1313992|sample|7|RHPA4259.7|5371,0,-11.6921,0,2.70165e-10,0,0,0,0,-6.51819,0,7.23865e-14,0,0,0,True,PGT121|RHPA4259.7,1313992
130_bNAb_Combinations|1313992|sample|8|RHPA4259.7|5371,0,-11.9296,0,8.48005e-09,0,0,0,0,-6.71677,0,-6.35048e-14,0,0,0,True,PGT121|RHPA4259.7,1313992
130_bNAb_Combinations|1313992|sample|9|RHPA4259.7|5371,0,-10.742,0,7.97006e-09,0,0,0,0,-7.70037,0,6.17284e-14,0,0,0,True,PGT121|RHPA4259.7,1313992
130_bNAb_Combinations|1313992|vc|1|2|RHPA4259.7|5371,0,-1.39138,0,-2.13406e-09,0,0,0,0,-2.68613e-07,0,1.77636e-15,0,0,0,False,nan|RHPA4259.7,1313992
130_bNAb_Combinations|1313992|vc|2|2|RHPA4259.7|5371,0,0.736688,0,2.35672e-09,0,0,0,0,-4.71537e-07,0,0,0,0,0,False,nan|RHPA4259.7,1313992
130_bNAb_Combinations|1313992|vc|3|2|RHPA4259.7|5371,0,-0.481644,0,-1.84874e-09,0,0,0,0,-8.96992e-08,0,-1.77636e-15,0,0,0,False,nan|RHPA4259.7,1313992
130_bNAb_Combinations|1313992|vc|4|2|RHPA4259.7|5371,0,-0.252504,0,1.40137e-09,0,0,0,0,-2.51985e-07,0,1.77636e-15,0,0,0,False,nan|RHPA4259.7,1313992
130_bNAb_Combinations|1313992|vc|5|2|RHPA4259.7|5371,0,0.0401749,0,5.50237e-10,0,0,0,0,-5.47737e-08,0,3.55271e-15,0,0,0,False,nan|RHPA4259.7,1313992
130_bNAb_Combinations|1313992|vc|6|2|RHPA4259.7|5371,0,-0.608162,0,2.43258e-09,0,0,0,0,-1.97592e-07,0,-1.77636e-15,0,0,0,False,nan|RHPA4259.7,1313992
130_bNAb_Combinations|1313992|vc|7|2|RHPA4259.7|5371,0,0.249398,0,2.1915e-09,0,0,0,0,2.19836e-07,0,2.66454e-15,0,0,0,False,nan|RHPA4259.7,1313992
130_bNAb_Combinations|1313992|vc|8|2|RHPA4259.7|5371,0,-0.158376,0,3.53554e-09,0,0,0,0,-6.45791e-09,0,8.88178e-16,0,0,0,False,nan|RHPA4259.7,1313992
130_bNAb_Combinations|1314016|cc|1|1|nan|3430,0,-0.890384,0,-2.918e-09,0,0,0,0,-3.89103e-07,0,-6.21725e-15,0,0,0,False,nan|3430,1314016
130_bNAb_Combinations|1314016|cc|2|1|nan|3430,0,0.112959,0,5.64428e-09,0,0,0,0,-2.45726e-07,0,-8.88178e-16,0,0,0,False,nan|3430,1314016
130_bNAb_Combinations|1314016|cc|3|1|nan|3430,0,-0.211237,0,5.44202e-09,0,0,0,0,-1.72516e-07,0,-3.55271e-15,0,0,0,False,nan|3430,1314016
130_bNAb_Combinations|1314016|cc|4|1|nan|3430,0,-0.722122,0,4.11624e-09,0,0,0,0,-3.66995e-07,0,-8.88178e-16,0,0,0,False,nan|3430,1314016
130_bNAb_Combinations|1314016|cc|5|1|nan|3430,0,-0.901793,0,-1.11491e-09,0,0,0,0,4.69573e-07,0,8.88178e-16,0,0,0,False,nan|3430,1314016
130_bNAb_Combinations|1314016|cc|6|1|nan|3430,0,0.372278,0,-1.52917e-09,0,0,0,0,3.79802e-07,0,8.88178e-16,0,0,0,False,nan|3430,1314016
130_bNAb_Combinations|1314016|cc|7|1|nan|3430,0,-0.753242,0,-8.6123e-09,0,0,0,0,4.60961e-07,0,-1.77636e-15,0,0,0,False,nan|3430,1314016
130_bNAb_Combinations|1314016|cc|8|1|nan|3430,0,0.59587,0,-3.07911e-11,0,0,0,0,-2.00411e-07,0,-1.77636e-15,0,0,0,False,nan|3430,1314016
130_bNAb_Combinations|1314016|sample|10|nan|3430,0,-4.31708,0,-2.43026e-09,0,0,0,0,-4.27495,0,6.08402e-14,0,0,0,True,PGT121|3430,1314016
130_bNAb_Combinations|1314016|sample|11|nan|3430,0,-10.3511,0,-1.00275e-08,0,0,0,0,-6.39094,0,-1.28786e-14,0,0,0,True,VRC07-523LS|3430,1314016
130_bNAb_Combinations|1314016|sample|12|nan|3430,0,-11.9465,0,-6.94574e-10,0,0,0,0,-7.0125,0,-1.64313e-14,0,0,0,True,VRC07-523LS|3430,1314016
130_bNAb_Combinations|1314016|sample|3|nan|3430,0,-4.61309,0,3.02511e-09,0,0,0,0,-4.5196,0,-1.75637e-13,0,0,0,True,PGDM1400|3430,1314016
130_bNAb_Combinations|1314016|sample|4|nan|3430,0,-4.79212,0,7.24153e-09,0,0,0,0,-4.74586,0,1.21902e-13,0,0,0,True,PGDM1400|3430,1314016
130_bNAb_Combinations|1314016|sample|5|nan|3430,0,-4.27413,0,-1.20787e-08,0,0,0,0,-4.40599,0,6.43929e-15,0,0,0,True,PGDM1400|3430,1314016
130_bNAb_Combinations|1314016|sample|6|nan|3430,0,-4.51393,0,-5.51765e-10,0,0,0,0,-4.58724,0,-1.14353e-13,0,0,0,True,PGDM1400|3430,1314016
130_bNAb_Combinations|1314016|sample|7|nan|3430,0,-4.21679,0,1.70651e-09,0,0,0,0,-4.13037,0,-2.18048e-13,0,0,0,True,PGT121|3430,1314016
130_bNAb_Combinations|1314016|sample|8|nan|3430,0,-3.72584,0,1.05054e-08,0,0,0,0,-3.75994,0,5.4623e-14,0,0,0,True,PGT121|3430,1314016
130_bNAb_Combinations|1314016|sample|9|nan|3430,0,-4.25534,0,1.22807e-09,0,0,0,0,-4.21962,0,-1.57208e-13,0,0,0,True,PGT121|3430,1314016
130_bNAb_Combinations|1314016|vc|1|2|nan|3430,0,-0.100477,0,3.46967e-09,0,0,0,0,-1.08407e-07,0,0,0,0,0,False,nan|3430,1314016
130_bNAb_Combinations|1314016|vc|2|2|nan|3430,0,-0.477022,0,3.22805e-09,0,0,0,0,-2.34222e-07,0,8.88178e-16,0,0,0,False,nan|3430,1314016
130_bNAb_Combinations|1314016|vc|3|2|nan|3430,0,-1.22799,0,2.5887e-09,0,0,0,0,-3.16182e-07,0,8.88178e-16,0,0,0,False,nan|3430,1314016
130_bNAb_Combinations|1314016|vc|4|2|nan|3430,0,0.172528,0,-5.31403e-09,0,0,0,0,-2.52994e-08,0,6.21725e-15,0,0,0,False,nan|3430,1314016
130_bNAb_Combinations|1314016|vc|5|2|nan|3430,0,-0.830089,0,-2.4796e-09,0,0,0,0,5.0704e-07,0,8.88178e-16,0,0,0,False,nan|3430,1314016
130_bNAb_Combinations|1314016|vc|6|2|nan|3430,0,-0.489389,0,2.58434e-09,0,0,0,0,2.49869e-07,0,-8.88178e-16,0,0,0,False,nan|3430,1314016
130_bNAb_Combinations|1314016|vc|7|2|nan|3430,0,0.42295,0,-1.80892e-09,0,0,0,0,-6.41606e-07,0,-8.88178e-16,0,0,0,False,nan|3430,1314016
130_bNAb_Combinations|1314016|vc|8|2|nan|3430,0,-0.0746566,0,1.05762e-09,0,0,0,0,-6.2472e-07,0,0,0,0,0,False,nan|3430,1314016
130_bNAb_Combinations|1314040|cc|1|1|nan|4166,0,0.741063,0,-9.00699e-10,0,0,0,0,-1.77422e-07,0,-1.77636e-15,0,0,0,False,nan|4166,1314040
130_bNAb_Combinations|1314040|cc|2|1|nan|4166,0,-0.569502,0,4.84438e-10,0,0,0,0,-2.69015e-07,0,-3.55271e-15,0,0,0,False,nan|4166,1314040
130_bNAb_Combinations|1314040|cc|3|1|nan|4166,0,0.28469,0,4.23065e-09,0,0,0,0,6.02069e-07,0,-1.77636e-15,0,0,0,False,nan|4166,1314040
130_bNAb_Combinations|1314040|cc|4|1|nan|4166,0,-0.0825338,0,-6.24605e-09,0,0,0,0,-9.96101e-07,0,-1.77636e-15,0,0,0,False,nan|4166,1314040
130_bNAb_Combinations|1314040|cc|5|1|nan|4166,0,-0.123699,0,-7.0302e-09,0,0,0,0,3.00621e-08,0,-1.77636e-15,0,0,0,False,nan|4166,1314040
130_bNAb_Combinations|1314040|cc|6|1|nan|4166,0,-0.937124,0,-4.80979e-10,0,0,0,0,3.53141e-07,0,-1.77636e-15,0,0,0,False,nan|4166,1314040
130_bNAb_Combinations|1314040|cc|7|1|nan|4166,0,0.378289,0,-1.75682e-09,0,0,0,0,5.3973e-07,0,0,0,0,0,False,nan|4166,1314040
130_bNAb_Combinations|1314040|cc|8|1|nan|4166,0,0.211517,0,-2.77862e-10,0,0,0,0,5.188e-07,0,-4.44089e-15,0,0,0,False,nan|4166,1314040
130_bNAb_Combinations|1314040|sample|10|nan|4166,0,-12.4853,0,1.745e-09,0,0,0,0,-7.36411,0,8.01581e-14,0,0,0,True,PGT121|4166,1314040
130_bNAb_Combinations|1314040|sample|11|nan|4166,0,-11.8137,0,2.84654e-09,0,0,0,0,-7.06879,0,1.68754e-14,0,0,0,True,VRC07-523LS|4166,1314040
130_bNAb_Combinations|1314040|sample|12|nan|4166,0,-11.9226,0,-1.83337e-09,0,0,0,0,-7.12753,0,9.23706e-14,0,0,0,True,VRC07-523LS|4166,1314040
130_bNAb_Combinations|1314040|sample|3|nan|4166,0,-4.73341,0,2.45252e-09,0,0,0,0,-4.64549,0,8.83738e-14,0,0,0,True,PGDM1400|4166,1314040
130_bNAb_Combinations|1314040|sample|4|nan|4166,0,-4.15317,0,-1.63859e-08,0,0,0,0,-4.1884,0,3.24185e-14,0,0,0,True,PGDM1400|4166,1314040
130_bNAb_Combinations|1314040|sample|5|nan|4166,0,-4.49437,0,-7.44964e-09,0,0,0,0,-4.50986,0,3.33067e-14,0,0,0,True,PGDM1400|4166,1314040
130_bNAb_Combinations|1314040|sample|6|nan|4166,0,-4.53694,0,-1.55525e-08,0,0,0,0,-4.56478,0,-5.24025e-14,0,0,0,True,PGDM1400|4166,1314040
130_bNAb_Combinations|1314040|sample|7|nan|4166,0,-10.326,0,1.44524e-08,0,0,0,0,-6.7,0,3.01981e-14,0,0,0,True,PGT121|4166,1314040
130_bNAb_Combinations|1314040|sample|8|nan|4166,0,-10.5549,0,-7.25993e-09,0,0,0,0,-6.23139,0,1.02141e-14,0,0,0,True,PGT121|4166,1314040
130_bNAb_Combinations|1314040|sample|9|nan|4166,0,-12.2657,0,-1.24825e-09,0,0,0,0,-6.87591,0,2.06501e-14,0,0,0,True,PGT121|4166,1314040
130_bNAb_Combinations|1314040|vc|1|2|nan|4166,0,0.603646,0,-4.71961e-10,0,0,0,0,-7.77117e-08,0,1.77636e-15,0,0,0,False,nan|4166,1314040
130_bNAb_Combinations|1314040|vc|2|2|nan|4166,0,-1.13977,0,-6.6707e-09,0,0,0,0,-6.37674e-07,0,-1.77636e-15,0,0,0,False,nan|4166,1314040
130_bNAb_Combinations|1314040|vc|3|2|nan|4166,0,0.75225,0,-1.8158e-09,0,0,0,0,1.53212e-07,0,0,0,0,0,False,nan|4166,1314040
130_bNAb_Combinations|1314040|vc|4|2|nan|4166,0,-0.365104,0,-3.75981e-10,0,0,0,0,-3.42887e-07,0,8.88178e-16,0,0,0,False,nan|4166,1314040
130_bNAb_Combinations|1314040|vc|5|2|nan|4166,0,0.660507,0,-3.91319e-09,0,0,0,0,-3.17325e-07,0,1.77636e-15,0,0,0,False,nan|4166,1314040
130_bNAb_Combinations|1314040|vc|6|2|nan|4166,0,-0.302839,0,-4.96413e-09,0,0,0,0,1.49555e-07,0,3.55271e-15,0,0,0,False,nan|4166,1314040
130_bNAb_Combinations|1314040|vc|7|2|nan|4166,0,-0.26517,0,-4.38108e-09,0,0,0,0,-4.34796e-07,0,8.88178e-16,0,0,0,False,nan|4166,1314040
130_bNAb_Combinations|1314040|vc|8|2|nan|4166,0,0.739798,0,-5.18734e-10,0,0,0,0,-1.4133e-07,0,3.55271e-15,0,0,0,False,nan|4166,1314040
130_bNAb_Combinations|1314058|cc|1|1|nan|2944,0,0.544741,0,3.34722e-09,0,0,0,0,2.51599e-07,0,3.55271e-15,0,0,0,False,nan|2944,1314058
130_bNAb_Combinations|1314058|cc|2|1|nan|2944,0,0.182397,0,4.28746e-09,0,0,0,0,-1.82835e-07,0,4.44089e-16,0,0,0,False,nan|2944,1314058
130_bNAb_Combinations|1314058|cc|3|1|nan|2944,0,-0.528634,0,-5.97171e-09,0,0,0,0,8.57605e-08,0,-2.22045e-15,0,0,0,False,nan|2944,1314058
130_bNAb_Combinations|1314058|cc|4|1|nan|2944,0,0.371467,0,-4.17044e-09,0,0,0,0,5.628e-07,0,2.22045e-15,0,0,0,False,nan|2944,1314058
130_bNAb_Combinations|1314058|cc|5|1|nan|2944,0,0.0316998,0,1.48925e-09,0,0,0,0,5.34993e-07,0,-4.88498e-15,0,0,0,False,nan|2944,1314058
130_bNAb_Combinations|1314058|cc|6|1|nan|2944,0,0.016963,0,4.83995e-09,0,0,0,0,-1.8487e-07,0,-1.33227e-15,0,0,0,False,nan|2944,1314058
130_bNAb_Combinations|1314058|cc|7|1|nan|2944,0,-0.44348,0,-2.65301e-09,0,0,0,0,-2.47973e-07,0,1.33227e-15,0,0,0,False,nan|2944,1314058
130_bNAb_Combinations|1314058|cc|8|1|nan|2944,0,-0.279624,0,3.43722e-09,0,0,0,0,2.39878e-08,0,-3.55271e-15,0,0,0,False,nan|2944,1314058
130_bNAb_Combinations|1314058|sample|10|nan|2944,0,-10.2596,0,1.98866e-09,0,0,0,0,-6.32499,0,-4.35207e-14,0,0,0,True,PGT121|2944,1314058
130_bNAb_Combinations|1314058|sample|11|nan|2944,0,-11.5274,0,1.02268e-08,0,0,0,0,-7.05548,0,3.90799e-14,0,0,0,True,VRC07-523LS|2944,1314058
130_bNAb_Combinations|1314058|sample|12|nan|2944,0,-10.6326,0,1.01538e-09,0,0,0,0,-6.31582,0,3.06422e-14,0,0,0,True,VRC07-523LS|2944,1314058
130_bNAb_Combinations|1314058|sample|3|nan|2944,0,-5.10152,0,3.09753e-10,0,0,0,0,-5.06713,0,-7.29972e-15,0,0,0,True,PGDM1400|2944,1314058
130_bNAb_Combinations|1314058|sample|4|nan|2944,0,-4.94964,0,-1.48217e-09,0,0,0,0,-4.81238,0,1.02696e-13,0,0,0,True,PGDM1400|2944,1314058
130_bNAb_Combinations|1314058|sample|5|nan|2944,0,-5.15162,0,4.06662e-09,0,0,0,0,-5.08901,0,-2.39531e-14,0,0,0,True,PGDM1400|2944,1314058
130_bNAb_Combinations|1314058|sample|6|nan|2944,0,-5.41247,0,5.73928e-09,0,0,0,0,-5.37257,0,1.0042e-13,0,0,0,True,PGDM1400|2944,1314058
130_bNAb_Combinations|1314058|sample|7|nan|2944,0,-5.62199,0,7.75613e-09,0,0,0,0,-5.43412,0,4.79616e-14,0,0,0,True,PGT121|2944,1314058
130_bNAb_Combinations|1314058|sample|8|nan|2944,0,-8.1355,0,-7.6541e-09,0,0,0,0,-5.8681,0,-7.4607e-14,0,0,0,True,PGT121|2944,1314058
130_bNAb_Combinations|1314058|sample|9|nan|2944,0,-8.24608,0,4.22106e-09,0,0,0,0,-6.0042,0,3.4639e-14,0,0,0,True,PGT121|2944,1314058
130_bNAb_Combinations|1314058|vc|1|2|nan|2944,0,-0.170112,0,-1.42445e-10,0,0,0,0,2.19249e-07,0,-4.44089e-16,0,0,0,False,nan|2944,1314058
130_bNAb_Combinations|1314058|vc|2|2|nan|2944,0,0.601811,0,-2.88843e-09,0,0,0,0,-9.52229e-08,0,1.33227e-15,0,0,0,False,nan|2944,1314058
130_bNAb_Combinations|1314058|vc|3|2|nan|2944,0,-0.177974,0,2.41626e-09,0,0,0,0,3.41927e-07,0,-2.22045e-15,0,0,0,False,nan|2944,1314058
130_bNAb_Combinations|1314058|vc|4|2|nan|2944,0,-0.0158546,0,-2.83479e-09,0,0,0,0,-3.4486e-07,0,-4.44089e-16,0,0,0,False,nan|2944,1314058
130_bNAb_Combinations|1314058|vc|5|2|nan|2944,0,1.09221,0,3.56315e-09,0,0,0,0,-5.83667e-08,0,3.10862e-15,0,0,0,False,nan|2944,1314058
130_bNAb_Combinations|1314058|vc|6|2|nan|2944,0,0.0457465,0,1.38036e-09,0,0,0,0,3.65084e-07,0,-4.44089e-16,0,0,0,False,nan|2944,1314058
130_bNAb_Combinations|1314058|vc|7|2|nan|2944,0,0.929098,0,-1.06581e-08,0,0,0,0,-3.04676e-07,0,-4.44089e-16,0,0,0,False,nan|2944,1314058
130_bNAb_Combinations|1314058|vc|8|2|nan|2944,0,0.775043,0,5.10222e-09,0,0,0,0,-3.31359e-07,0,-8.88178e-16,0,0,0,False,nan|2944,1314058
130_bNAb_Combinations|1342240|cc|1|1|nan|1798,0,0.0619763,0,4.81441e-09,0,0,0,0,3.93366e-07,0,1.77636e-15,0,0,0,False,nan|1798,1342240
130_bNAb_Combinations|1342240|cc|2|1|nan|1798,0,-0.818838,0,-1.04763e-09,0,0,0,0,1.24831e-07,0,0,0,0,0,False,nan|1798,1342240
130_bNAb_Combinations|1342240|cc|3|1|nan|1798,0,0.192112,0,-4.94073e-10,0,0,0,0,1.31089e-07,0,-5.32907e-15,0,0,0,False,nan|1798,1342240
130_bNAb_Combinations|1342240|cc|4|1|nan|1798,0,-0.142848,0,3.97055e-09,0,0,0,0,-2.97571e-07,0,-3.55271e-15,0,0,0,False,nan|1798,1342240
130_bNAb_Combinations|1342240|cc|5|1|nan|1798,0,-0.102872,0,-3.45129e-09,0,0,0,0,-3.79369e-07,0,2.66454e-15,0,0,0,False,nan|1798,1342240
130_bNAb_Combinations|1342240|cc|6|1|nan|1798,0,-0.634082,0,-1.41936e-09,0,0,0,0,-1.41326e-07,0,-8.88178e-16,0,0,0,False,nan|1798,1342240
130_bNAb_Combinations|1342240|cc|7|1|nan|1798,0,0.0591624,0,-1.74843e-09,0,0,0,0,9.00875e-08,0,-8.88178e-16,0,0,0,False,nan|1798,1342240
130_bNAb_Combinations|1342240|cc|8|1|nan|1798,0,-0.609927,0,-1.64539e-09,0,0,0,0,2.25002e-07,0,5.32907e-15,0,0,0,False,nan|1798,1342240
130_bNAb_Combinations|1342240|sample|3|nan|1798,0,-11.1919,0,3.02702e-10,0,0,0,0,-7.09548,0,-4.61853e-14,0,0,0,True,VRC07-523LS|1798,1342240
130_bNAb_Combinations|1342240|sample|4|nan|1798,0,-12.7357,0,7.09004e-09,0,0,0,0,-7.99677,0,-6.12843e-14,0,0,0,True,VRC07-523LS|1798,1342240
130_bNAb_Combinations|1342240|sample|8|nan|1798,0,-11.9951,0,9.26511e-10,0,0,0,0,-7.06769,0,1.42109e-14,0,0,0,True,VRC07-523LS|1798,1342240
130_bNAb_Combinations|1342240|vc|1|2|nan|1798,0,0.662502,0,5.30215e-09,0,0,0,0,-6.26954e-07,0,-1.77636e-15,0,0,0,False,nan|1798,1342240
130_bNAb_Combinations|1342240|vc|2|2|nan|1798,0,-0.353414,0,-4.23976e-09,0,0,0,0,9.90576e-08,0,-1.77636e-15,0,0,0,False,nan|1798,1342240
130_bNAb_Combinations|1342240|vc|3|2|nan|1798,0,-1.70988,0,5.33263e-09,0,0,0,0,-2.74825e-07,0,0,0,0,0,False,nan|1798,1342240
130_bNAb_Combinations|1342240|vc|4|2|nan|1798,0,0.742047,0,-7.60452e-09,0,0,0,0,-5.49349e-07,0,0,0,0,0,False,nan|1798,1342240
130_bNAb_Combinations|1342240|vc|5|2|nan|1798,0,-0.22027,0,-4.27365e-09,0,0,0,0,-2.72825e-07,0,-1.77636e-15,0,0,0,False,nan|1798,1342240
130_bNAb_Combinations|1342240|vc|6|2|nan|1798,0,-1.44792,0,3.13799e-09,0,0,0,0,-2.12756e-07,0,1.77636e-15,0,0,0,False,nan|1798,1342240
130_bNAb_Combinations|1342240|vc|7|2|nan|1798,0,0.199375,0,5.24453e-09,0,0,0,0,-8.34471e-09,0,2.66454e-15,0,0,0,False,nan|1798,1342240
130_bNAb_Combinations|1342240|vc|8|2|nan|1798,0,0.259782,0,-6.91385e-10,0,0,0,0,-6.23422e-08,0,-1.77636e-15,0,0,0,False,nan|1798,1342240
130_bNAb_Combinations|1342258|cc|1|1|TRO.11|8301,0,-0.325852,0,-1.99334e-09,0,0,0,0,-1.0983e-07,0,-1.77636e-15,0,0,0,False,nan|TRO.11,1342258
130_bNAb_Combinations|1342258|cc|2|1|TRO.11|8301,0,-0.443562,0,1.00617e-10,0,0,0,0,1.24889e-07,0,-1.77636e-15,0,0,0,False,nan|TRO.11,1342258
130_bNAb_Combinations|1342258|cc|3|1|TRO.11|8301,0,-0.77554,0,6.1076e-09,0,0,0,0,-1.808e-08,0,1.77636e-15,0,0,0,False,nan|TRO.11,1342258
130_bNAb_Combinations|1342258|cc|4|1|TRO.11|8301,0,-0.789984,0,-2.00547e-09,0,0,0,0,3.06165e-07,0,1.77636e-15,0,0,0,False,nan|TRO.11,1342258
130_bNAb_Combinations|1342258|cc|5|1|TRO.11|8301,0,-0.215139,0,4.99512e-09,0,0,0,0,-8.62635e-07,0,8.88178e-16,0,0,0,False,nan|TRO.11,1342258
130_bNAb_Combinations|1342258|cc|6|1|TRO.11|8301,0,-0.875742,0,-1.20586e-09,0,0,0,0,2.57756e-07,0,4.44089e-15,0,0,0,False,nan|TRO.11,1342258
130_bNAb_Combinations|1342258|cc|7|1|TRO.11|8301,0,0.676902,0,3.0564e-09,0,0,0,0,-1.73513e-07,0,1.77636e-15,0,0,0,False,nan|TRO.11,1342258
130_bNAb_Combinations|1342258|cc|8|1|TRO.11|8301,0,-0.256575,0,-3.11885e-10,0,0,0,0,3.65321e-07,0,4.44089e-15,0,0,0,False,nan|TRO.11,1342258
130_bNAb_Combinations|1342258|sample|3|TRO.11|8301,0,-11.583,0,6.3673e-09,0,0,0,0,-7.11768,0,2.84217e-14,0,0,0,True,VRC07-523LS|TRO.11,1342258
130_bNAb_Combinations|1342258|sample|4|TRO.11|8301,0,-10.3341,0,2.11772e-09,0,0,0,0,-6.83908,0,-1.55431e-14,0,0,0,True,VRC07-523LS|TRO.11,1342258
130_bNAb_Combinations|1342258|vc|1|2|TRO.11|8301,0,0.16741,0,2.55498e-09,0,0,0,0,-1.39203e-07,0,-1.77636e-15,0,0,0,False,nan|TRO.11,1342258
130_bNAb_Combinations|1342258|vc|2|2|TRO.11|8301,0,0.583513,0,1.08688e-09,0,0,0,0,9.28647e-08,0,-2.66454e-15,0,0,0,False,nan|TRO.11,1342258
130_bNAb_Combinations|1342258|vc|3|2|TRO.11|8301,0,0.0661518,0,-2.82883e-09,0,0,0,0,4.72299e-07,0,-1.77636e-15,0,0,0,False,nan|TRO.11,1342258
130_bNAb_Combinations|1342258|vc|4|2|TRO.11|8301,0,0.571714,0,3.51547e-09,0,0,0,0,1.95796e-07,0,-3.55271e-15,0,0,0,False,nan|TRO.11,1342258
130_bNAb_Combinations|1342258|vc|5|2|TRO.11|8301,0,-0.762421,0,1.80634e-09,0,0,0,0,-3.79532e-07,0,0,0,0,0,False,nan|TRO.11,1342258
130_bNAb_Combinations|1342258|vc|6|2|TRO.11|8301,0,-0.717776,0,7.13009e-09,0,0,0,0,-3.08732e-07,0,1.77636e-15,0,0,0,False,nan|TRO.11,1342258
130_bNAb_Combinations|1342258|vc|7|2|TRO.11|8301,0,0.365608,0,-2.05331e-09,0,0,0,0,3.82746e-07,0,0,0,0,0,False,nan|TRO.11,1342258
130_bNAb_Combinations|1342258|vc|8|2|TRO.11|8301,0,-0.570928,0,4.85801e-09,0,0,0,0,-2.50293e-07,0,-8.88178e-16,0,0,0,False,nan|TRO.11,1342258
130_bNAb_Combinations|1342276|cc|1|1|Ce1176_A3|7023,0,-0.19875,0,-4.72201e-09,0,0,0,0,-5.72165e-07,0,2.22045e-15,0,0,0,False,nan|Ce1176_A3,1342276
130_bNAb_Combinations|1342276|cc|2|1|Ce1176_A3|7023,0,0.327916,0,-7.8272e-11,0,0,0,0,-4.90193e-07,0,1.77636e-15,0,0,0,False,nan|Ce1176_A3,1342276
130_bNAb_Combinations|1342276|cc|3|1|Ce1176_A3|7023,0,-0.639077,0,-2.20881e-09,0,0,0,0,5.03019e-07,0,-3.9968e-15,0,0,0,False,nan|Ce1176_A3,1342276
130_bNAb_Combinations|1342276|cc|4|1|Ce1176_A3|7023,0,-0.233749,0,1.08868e-09,0,0,0,0,3.32022e-08,0,3.9968e-15,0,0,0,False,nan|Ce1176_A3,1342276
130_bNAb_Combinations|1342276|cc|5|1|Ce1176_A3|7023,0,-0.506614,0,-4.16996e-10,0,0,0,0,1.3121e-07,0,1.33227e-15,0,0,0,False,nan|Ce1176_A3,1342276
130_bNAb_Combinations|1342276|cc|6|1|Ce1176_A3|7023,0,0.378849,0,5.615e-10,0,0,0,0,9.26014e-07,0,7.10543e-15,0,0,0,False,nan|Ce1176_A3,1342276
130_bNAb_Combinations|1342276|cc|7|1|Ce1176_A3|7023,0,0.782866,0,5.93025e-09,0,0,0,0,1.85393e-07,0,2.22045e-15,0,0,0,False,nan|Ce1176_A3,1342276
130_bNAb_Combinations|1342276|cc|8|1|Ce1176_A3|7023,0,-0.341988,0,-6.10467e-09,0,0,0,0,1.41548e-07,0,-2.22045e-15,0,0,0,False,nan|Ce1176_A3,1342276
130_bNAb_Combinations|1342276|sample|3|Ce1176_A3|7023,0,-11.2425,0,-3.63081e-09,0,0,0,0,-6.5175,0,-7.72715e-14,0,0,0,True,VRC07-523LS|Ce1176_A3,1342276
130_bNAb_Combinations|1342276|sample|4|Ce1176_A3|7023,0,-9.24105,0,-2.2451e-10,0,0,0,0,-6.17192,0,-1.71418e-13,0,0,0,True,VRC07-523LS|Ce1176_A3,1342276
130_bNAb_Combinations|1342276|vc|1|2|Ce1176_A3|7023,0,-0.515267,0,4.46173e-09,0,0,0,0,1.59372e-07,0,-4.21885e-15,0,0,0,False,nan|Ce1176_A3,1342276
130_bNAb_Combinations|1342276|vc|2|2|Ce1176_A3|7023,0,-0.813172,0,2.2171e-10,0,0,0,0,3.27564e-07,0,-5.9952e-15,0,0,0,False,nan|Ce1176_A3,1342276
130_bNAb_Combinations|1342276|vc|3|2|Ce1176_A3|7023,0,0.371726,0,8.7826e-10,0,0,0,0,5.21163e-07,0,6.66134e-16,0,0,0,False,nan|Ce1176_A3,1342276
130_bNAb_Combinations|1342276|vc|4|2|Ce1176_A3|7023,0,-0.0710123,0,2.73396e-10,0,0,0,0,-1.18429e-07,0,-3.10862e-15,0,0,0,False,nan|Ce1176_A3,1342276
130_bNAb_Combinations|1342276|vc|5|2|Ce1176_A3|7023,0,0.471902,0,-6.93407e-09,0,0,0,0,-3.61673e-07,0,-1.33227e-15,0,0,0,False,nan|Ce1176_A3,1342276
130_bNAb_Combinations|1342276|vc|6|2|Ce1176_A3|7023,0,0.197709,0,5.82947e-09,0,0,0,0,6.49477e-07,0,-2.22045e-15,0,0,0,False,nan|Ce1176_A3,1342276
130_bNAb_Combinations|1342276|vc|7|2|Ce1176_A3|7023,0,-0.221308,0,-2.55058e-09,0,0,0,0,-3.4969e-07,0,2.22045e-15,0,0,0,False,nan|Ce1176_A3,1342276
130_bNAb_Combinations|1342276|vc|8|2|Ce1176_A3|7023,0,0.643858,0,-1.00092e-08,0,0,0,0,3.43862e-07,0,1.55431e-15,0,0,0,False,nan|Ce1176_A3,1342276
130_bNAb_Combinations|1342294|cc|1|1|nan|1176,0,-0.573988,0,-1.47309e-09,0,0,0,0,1.0302e-07,0,-8.88178e-16,0,0,0,False,nan|1176,1342294
130_bNAb_Combinations|1342294|cc|2|1|nan|1176,0,-0.381744,0,-1.79697e-09,0,0,0,0,-2.70692e-07,0,-8.88178e-16,0,0,0,False,nan|1176,1342294
130_bNAb_Combinations|1342294|cc|3|1|nan|1176,0,-0.441699,0,6.45624e-09,0,0,0,0,5.46255e-08,0,-1.33227e-15,0,0,0,False,nan|1176,1342294
130_bNAb_Combinations|1342294|cc|4|1|nan|1176,0,0.102959,0,-1.14991e-08,0,0,0,0,1.36037e-07,0,1.77636e-15,0,0,0,False,nan|1176,1342294
130_bNAb_Combinations|1342294|cc|5|1|nan|1176,0,0.263331,0,2.23644e-10,0,0,0,0,-4.26775e-07,0,-1.33227e-15,0,0,0,False,nan|1176,1342294
130_bNAb_Combinations|1342294|cc|6|1|nan|1176,0,-0.122553,0,-1.22339e-09,0,0,0,0,4.19132e-07,0,4.44089e-16,0,0,0,False,nan|1176,1342294
130_bNAb_Combinations|1342294|cc|7|1|nan|1176,0,-1.00038,0,2.56691e-09,0,0,0,0,-3.97091e-07,0,3.10862e-15,0,0,0,False,nan|1176,1342294
130_bNAb_Combinations|1342294|cc|8|1|nan|1176,0,-0.440625,0,2.10403e-09,0,0,0,0,-1.97032e-07,0,4.44089e-16,0,0,0,False,nan|1176,1342294
130_bNAb_Combinations|1342294|sample|3|nan|1176,0,-5.47819,0,-5.28685e-09,0,0,0,0,-5.28048,0,1.38556e-13,0,0,0,True,VRC07-523LS|1176,1342294
130_bNAb_Combinations|1342294|sample|4|nan|1176,0,-5.49893,0,-9.90581e-09,0,0,0,0,-5.4119,0,5.55112e-14,0,0,0,True,VRC07-523LS|1176,1342294
130_bNAb_Combinations|1342294|sample|8|nan|1176,0,-4.77384,0,-5.69926e-09,0,0,0,0,-4.70853,0,-7.59393e-14,0,0,0,True,VRC07-523LS|1176,1342294
130_bNAb_Combinations|1342294|vc|1|2|nan|1176,0,0.00467327,0,-3.79382e-09,0,0,0,0,-3.00036e-07,0,-8.88178e-16,0,0,0,False,nan|1176,1342294
130_bNAb_Combinations|1342294|vc|2|2|nan|1176,0,-1.24411,0,-4.73811e-09,0,0,0,0,4.78135e-07,0,3.10862e-15,0,0,0,False,nan|1176,1342294
130_bNAb_Combinations|1342294|vc|3|2|nan|1176,0,-0.532165,0,-6.57554e-10,0,0,0,0,-3.72363e-07,0,4.44089e-16,0,0,0,False,nan|1176,1342294
130_bNAb_Combinations|1342294|vc|4|2|nan|1176,0,-0.416612,0,9.29202e-10,0,0,0,0,2.04859e-07,0,1.77636e-15,0,0,0,False,nan|1176,1342294
130_bNAb_Combinations|1342294|vc|5|2|nan|1176,0,-0.214434,0,-8.51728e-09,0,0,0,0,-4.23613e-07,0,-4.44089e-16,0,0,0,False,nan|1176,1342294
130_bNAb_Combinations|1342294|vc|6|2|nan|1176,0,-0.491308,0,-8.29379e-10,0,0,0,0,2.64272e-07,0,3.55271e-15,0,0,0,False,nan|1176,1342294
130_bNAb_Combinations|1342294|vc|7|2|nan|1176,0,0.118256,0,8.68068e-10,0,0,0,0,2.31958e-07,0,-8.88178e-16,0,0,0,False,nan|1176,1342294
130_bNAb_Combinations|1342294|vc|8|2|nan|1176,0,-0.48287,0,-7.62047e-10,0,0,0,0,2.5889e-07,0,3.10862e-15,0,0,0,False,nan|1176,1342294
130_bNAb_Combinations|1342312|cc|1|1|RHPA4259.7|5371,0,0.769945,0,-4.8439e-09,0,0,0,0,-1.6643e-07,0,5.32907e-15,0,0,0,False,nan|RHPA4259.7,1342312
130_bNAb_Combinations|1342312|cc|2|1|RHPA4259.7|5371,0,-1.95668,0,6.35643e-09,0,0,0,0,3.45559e-07,0,1.77636e-15,0,0,0,False,nan|RHPA4259.7,1342312
130_bNAb_Combinations|1342312|cc|3|1|RHPA4259.7|5371,0,-0.0360223,0,8.06897e-10,0,0,0,0,2.09553e-07,0,6.21725e-15,0,0,0,False,nan|RHPA4259.7,1342312
130_bNAb_Combinations|1342312|cc|4|1|RHPA4259.7|5371,0,0.615411,0,6.32954e-10,0,0,0,0,-2.13788e-07,0,-1.77636e-15,0,0,0,False,nan|RHPA4259.7,1342312
130_bNAb_Combinations|1342312|cc|5|1|RHPA4259.7|5371,0,0.0915886,0,-8.82884e-09,0,0,0,0,-1.16286e-07,0,-1.77636e-15,0,0,0,False,nan|RHPA4259.7,1342312
130_bNAb_Combinations|1342312|cc|6|1|RHPA4259.7|5371,0,-1.27796,0,-6.4219e-09,0,0,0,0,4.5112e-07,0,1.77636e-15,0,0,0,False,nan|RHPA4259.7,1342312
130_bNAb_Combinations|1342312|cc|7|1|RHPA4259.7|5371,0,0.546802,0,2.8516e-09,0,0,0,0,-1.62251e-07,0,1.77636e-15,0,0,0,False,nan|RHPA4259.7,1342312
130_bNAb_Combinations|1342312|cc|8|1|RHPA4259.7|5371,0,0.0667288,0,3.8941e-09,0,0,0,0,2.96444e-08,0,-2.66454e-15,0,0,0,False,nan|RHPA4259.7,1342312
130_bNAb_Combinations|1342312|sample|3|RHPA4259.7|5371,0,-10.0625,0,4.12854e-09,0,0,0,0,-6.2927,0,-9.01501e-14,0,0,0,True,VRC07-523LS|RHPA4259.7,1342312
130_bNAb_Combinations|1342312|sample|4|RHPA4259.7|5371,0,-10.9652,0,-1.02686e-09,0,0,0,0,-6.48463,0,2.39808e-14,0,0,0,True,VRC07-523LS|RHPA4259.7,1342312
130_bNAb_Combinations|1342312|vc|1|2|RHPA4259.7|5371,0,0.646717,0,-1.61732e-09,0,0,0,0,2.15795e-07,0,1.77636e-15,0,0,0,False,nan|RHPA4259.7,1342312
130_bNAb_Combinations|1342312|vc|2|2|RHPA4259.7|5371,0,0.031913,0,3.16529e-09,0,0,0,0,-3.8013e-07,0,-8.88178e-16,0,0,0,False,nan|RHPA4259.7,1342312
130_bNAb_Combinations|1342312|vc|3|2|RHPA4259.7|5371,0,0.58674,0,4.75586e-09,0,0,0,0,-2.36562e-07,0,3.55271e-15,0,0,0,False,nan|RHPA4259.7,1342312
130_bNAb_Combinations|1342312|vc|4|2|RHPA4259.7|5371,0,-1.07843,0,-4.31916e-09,0,0,0,0,-2.90139e-07,0,0,0,0,0,False,nan|RHPA4259.7,1342312
130_bNAb_Combinations|1342312|vc|5|2|RHPA4259.7|5371,0,0.820581,0,-4.32227e-09,0,0,0,0,5.93628e-08,0,-1.77636e-15,0,0,0,False,nan|RHPA4259.7,1342312
130_bNAb_Combinations|1342312|vc|6|2|RHPA4259.7|5371,0,-0.197732,0,-5.82375e-09,0,0,0,0,-3.06584e-07,0,-3.55271e-15,0,0,0,False,nan|RHPA4259.7,1342312
130_bNAb_Combinations|1342312|vc|7|2|RHPA4259.7|5371,0,-0.428101,0,2.40045e-09,0,0,0,0,-2.21693e-07,0,0,0,0,0,False,nan|RHPA4259.7,1342312
130_bNAb_Combinations|1342312|vc|8|2|RHPA4259.7|5371,0,-0.21889,0,-9.0523e-09,0,0,0,0,-2.52228e-07,0,-3.55271e-15,0,0,0,False,nan|RHPA4259.7,1342312
130_bNAb_Combinations|1342336|cc|1|1|nan|3430,0,0.976286,0,2.91012e-10,0,0,0,0,4.37181e-07,0,2.66454e-15,0,0,0,False,nan|3430,1342336
130_bNAb_Combinations|1342336|cc|2|1|nan|3430,0,-0.954902,0,2.73161e-09,0,0,0,0,3.31212e-07,0,1.77636e-15,0,0,0,False,nan|3430,1342336
130_bNAb_Combinations|1342336|cc|3|1|nan|3430,0,0.588919,0,6.15242e-09,0,0,0,0,-3.33022e-07,0,8.88178e-16,0,0,0,False,nan|3430,1342336
130_bNAb_Combinations|1342336|cc|4|1|nan|3430,0,0.279781,0,3.5419e-10,0,0,0,0,-3.2393e-07,0,8.88178e-16,0,0,0,False,nan|3430,1342336
130_bNAb_Combinations|1342336|cc|5|1|nan|3430,0,0.57165,0,-2.93651e-09,0,0,0,0,5.78698e-07,0,8.88178e-16,0,0,0,False,nan|3430,1342336
130_bNAb_Combinations|1342336|cc|6|1|nan|3430,0,0.0687976,0,3.13949e-09,0,0,0,0,2.68298e-07,0,-8.88178e-16,0,0,0,False,nan|3430,1342336
130_bNAb_Combinations|1342336|cc|7|1|nan|3430,0,0.399971,0,1.5329e-09,0,0,0,0,1.33174e-07,0,-3.55271e-15,0,0,0,False,nan|3430,1342336
130_bNAb_Combinations|1342336|cc|8|1|nan|3430,0,-0.677932,0,3.48671e-09,0,0,0,0,-9.34352e-08,0,4.44089e-15,0,0,0,False,nan|3430,1342336
130_bNAb_Combinations|1342336|sample|3|nan|3430,0,-9.13831,0,-7.0669e-10,0,0,0,0,-6.18799,0,-7.59393e-14,0,0,0,True,VRC07-523LS|3430,1342336
130_bNAb_Combinations|1342336|sample|4|nan|3430,0,-10.885,0,-7.70652e-09,0,0,0,0,-6.61967,0,-8.43769e-15,0,0,0,True,VRC07-523LS|3430,1342336
130_bNAb_Combinations|1342336|sample|5|nan|3430,0,-10.4052,0,5.94619e-09,0,0,0,0,-6.48051,0,-1.02141e-14,0,0,0,True,VRC07-523LS|3430,1342336
130_bNAb_Combinations|1342336|vc|1|2|nan|3430,0,0.506537,0,-2.2481e-09,0,0,0,0,-5.10529e-07,0,2.66454e-15,0,0,0,False,nan|3430,1342336
130_bNAb_Combinations|1342336|vc|2|2|nan|3430,0,-0.222226,0,-1.33486e-09,0,0,0,0,1.08546e-07,0,-1.77636e-15,0,0,0,False,nan|3430,1342336
130_bNAb_Combinations|1342336|vc|3|2|nan|3430,0,-1.02564,0,8.44338e-10,0,0,0,0,-3.57522e-07,0,-8.88178e-16,0,0,0,False,nan|3430,1342336
130_bNAb_Combinations|1342336|vc|4|2|nan|3430,0,0.00877952,0,-2.09232e-09,0,0,0,0,-3.79045e-07,0,-4.44089e-15,0,0,0,False,nan|3430,1342336
130_bNAb_Combinations|1342336|vc|5|2|nan|3430,0,0.0756097,0,-5.6096e-09,0,0,0,0,-9.38783e-08,0,-4.44089e-15,0,0,0,False,nan|3430,1342336
130_bNAb_Combinations|1342336|vc|6|2|nan|3430,0,-0.377067,0,2.10712e-09,0,0,0,0,6.02617e-07,0,0,0,0,0,False,nan|3430,1342336
130_bNAb_Combinations|1342336|vc|7|2|nan|3430,0,1.29769,0,-2.61856e-09,0,0,0,0,-3.01484e-07,0,2.66454e-15,0,0,0,False,nan|3430,1342336
130_bNAb_Combinations|1342336|vc|8|2|nan|3430,0,0.96761,0,-8.06739e-09,0,0,0,0,-3.51684e-07,0,8.88178e-16,0,0,0,False,nan|3430,1342336
130_bNAb_Combinations|1342348|cc|1|1|nan|4166,0,0.962966,0,-5.23769e-09,0,0,0,0,-3.16034e-07,0,2.66454e-15,0,0,0,False,nan|4166,1342348
130_bNAb_Combinations|1342348|cc|2|1|nan|4166,0,0.783002,0,-2.24822e-09,0,0,0,0,4.66859e-07,0,1.77636e-15,0,0,0,False,nan|4166,1342348
130_bNAb_Combinations|1342348|cc|3|1|nan|4166,0,0.414346,0,-8.48914e-09,0,0,0,0,1.17805e-07,0,-3.55271e-15,0,0,0,False,nan|4166,1342348
130_bNAb_Combinations|1342348|cc|4|1|nan|4166,0,-0.851383,0,8.12266e-09,0,0,0,0,-2.82385e-07,0,-2.66454e-15,0,0,0,False,nan|4166,1342348
130_bNAb_Combinations|1342348|cc|5|1|nan|4166,0,-0.860816,0,7.01112e-09,0,0,0,0,2.1153e-07,0,0,0,0,0,False,nan|4166,1342348
130_bNAb_Combinations|1342348|cc|6|1|nan|4166,0,-0.434573,0,3.0458e-09,0,0,0,0,3.68454e-07,0,-1.77636e-15,0,0,0,False,nan|4166,1342348
130_bNAb_Combinations|1342348|cc|7|1|nan|4166,0,1.48982,0,-1.96271e-09,0,0,0,0,-3.31552e-07,0,8.88178e-16,0,0,0,False,nan|4166,1342348
130_bNAb_Combinations|1342348|cc|8|1|nan|4166,0,-0.526484,0,1.78044e-09,0,0,0,0,-7.67663e-07,0,1.77636e-15,0,0,0,False,nan|4166,1342348
130_bNAb_Combinations|1342348|sample|3|nan|4166,0,-12.3344,0,-2.09462e-09,0,0,0,0,-7.51898,0,-7.54952e-14,0,0,0,True,VRC07-523LS|4166,1342348
130_bNAb_Combinations|1342348|sample|4|nan|4166,0,-11.0232,0,-6.33325e-09,0,0,0,0,-6.66089,0,-5.68434e-14,0,0,0,True,VRC07-523LS|4166,1342348
130_bNAb_Combinations|1342348|vc|1|2|nan|4166,0,-0.760436,0,4.31404e-10,0,0,0,0,-2.15838e-07,0,-3.55271e-15,0,0,0,False,nan|4166,1342348
130_bNAb_Combinations|1342348|vc|2|2|nan|4166,0,-0.0110495,0,6.32414e-10,0,0,0,0,6.44962e-08,0,-1.77636e-15,0,0,0,False,nan|4166,1342348
130_bNAb_Combinations|1342348|vc|3|2|nan|4166,0,-0.64001,0,-3.57388e-09,0,0,0,0,-3.59126e-07,0,3.55271e-15,0,0,0,False,nan|4166,1342348
130_bNAb_Combinations|1342348|vc|4|2|nan|4166,0,-0.549268,0,-2.10762e-09,0,0,0,0,2.44056e-07,0,1.77636e-15,0,0,0,False,nan|4166,1342348
130_bNAb_Combinations|1342348|vc|5|2|nan|4166,0,-0.653173,0,1.0002e-09,0,0,0,0,-2.89679e-07,0,0,0,0,0,False,nan|4166,1342348
130_bNAb_Combinations|1342348|vc|6|2|nan|4166,0,-0.251595,0,-9.45583e-09,0,0,0,0,-3.05961e-07,0,-8.88178e-16,0,0,0,False,nan|4166,1342348
130_bNAb_Combinations|1342348|vc|7|2|nan|4166,0,0.260377,0,5.00546e-10,0,0,0,0,-9.48662e-09,0,1.77636e-15,0,0,0,False,nan|4166,1342348
130_bNAb_Combinations|1342348|vc|8|2|nan|4166,0,-0.533642,0,-4.50281e-09,0,0,0,0,2.87374e-08,0,-1.77636e-15,0,0,0,False,nan|4166,1342348
130_bNAb_Combinations|1342372|cc|1|1|nan|2944,0,0.0800445,0,2.20876e-09,0,0,0,0,-6.18745e-08,0,-6.21725e-15,0,0,0,False,nan|2944,1342372
130_bNAb_Combinations|1342372|cc|2|1|nan|2944,0,0.129925,0,6.93148e-10,0,0,0,0,2.0253e-07,0,1.33227e-15,0,0,0,False,nan|2944,1342372
130_bNAb_Combinations|1342372|cc|3|1|nan|2944,0,-0.52622,0,-3.77515e-09,0,0,0,0,-3.61211e-07,0,0,0,0,0,False,nan|2944,1342372
130_bNAb_Combinations|1342372|cc|4|1|nan|2944,0,-0.473895,0,1.73287e-09,0,0,0,0,-7.16339e-07,0,2.22045e-15,0,0,0,False,nan|2944,1342372
130_bNAb_Combinations|1342372|cc|5|1|nan|2944,0,-0.228392,0,-1.81191e-09,0,0,0,0,1.83773e-07,0,1.33227e-15,0,0,0,False,nan|2944,1342372
130_bNAb_Combinations|1342372|cc|6|1|nan|2944,0,-0.192726,0,6.92688e-09,0,0,0,0,3.53307e-07,0,-3.10862e-15,0,0,0,False,nan|2944,1342372
130_bNAb_Combinations|1342372|cc|7|1|nan|2944,0,0.0324678,0,4.93286e-09,0,0,0,0,-9.73121e-08,0,-2.22045e-15,0,0,0,False,nan|2944,1342372
130_bNAb_Combinations|1342372|cc|8|1|nan|2944,0,-0.450761,0,-8.01435e-10,0,0,0,0,6.72287e-07,0,-4.44089e-16,0,0,0,False,nan|2944,1342372
130_bNAb_Combinations|1342372|sample|3|nan|2944,0,-10.0154,0,1.95098e-09,0,0,0,0,-6.49036,0,5.32907e-15,0,0,0,True,VRC07-523LS|2944,1342372
130_bNAb_Combinations|1342372|sample|4|nan|2944,0,-10.5362,0,-7.02651e-09,0,0,0,0,-6.18337,0,7.37188e-14,0,0,0,True,VRC07-523LS|2944,1342372
130_bNAb_Combinations|1342372|vc|1|2|nan|2944,0,0.00822793,0,5.55989e-10,0,0,0,0,-4.6777e-08,0,-3.55271e-15,0,0,0,False,nan|2944,1342372
130_bNAb_Combinations|1342372|vc|2|2|nan|2944,0,-1.02816,0,-6.92261e-10,0,0,0,0,-9.66836e-08,0,-8.88178e-16,0,0,0,False,nan|2944,1342372
130_bNAb_Combinations|1342372|vc|3|2|nan|2944,0,-0.87261,0,-1.61104e-09,0,0,0,0,-1.04131e-07,0,-5.32907e-15,0,0,0,False,nan|2944,1342372
130_bNAb_Combinations|1342372|vc|4|2|nan|2944,0,-1.11617,0,5.72806e-09,0,0,0,0,2.448e-07,0,-4.44089e-16,0,0,0,False,nan|2944,1342372
130_bNAb_Combinations|1342372|vc|5|2|nan|2944,0,0.135001,0,-7.54303e-09,0,0,0,0,2.88271e-07,0,-3.10862e-15,0,0,0,False,nan|2944,1342372
130_bNAb_Combinations|1342372|vc|6|2|nan|2944,0,-0.42907,0,-2.43883e-09,0,0,0,0,-6.13236e-08,0,4.44089e-16,0,0,0,False,nan|2944,1342372
130_bNAb_Combinations|1342372|vc|7|2|nan|2944,0,0.157878,0,-2.81226e-09,0,0,0,0,-3.69448e-07,0,4.44089e-16,0,0,0,False,nan|2944,1342372
130_bNAb_Combinations|1342372|vc|8|2|nan|2944,0,-0.413122,0,7.11667e-09,0,0,0,0,-2.06998e-07,0,-1.33227e-15,0,0,0,False,nan|2944,1342372
130_bNAb_Combinations|1342384|cc|1|1|nan|2946,0,0.416113,0,-4.08414e-09,0,0,0,0,1.62595e-07,0,1.77636e-15,0,0,0,False,nan|2946,1342384
130_bNAb_Combinations|1342384|cc|2|1|nan|2946,0,-0.408563,0,6.59638e-10,0,0,0,0,-4.47683e-07,0,3.55271e-15,0,0,0,False,nan|2946,1342384
130_bNAb_Combinations|1342384|cc|3|1|nan|2946,0,-0.385255,0,2.28546e-11,0,0,0,0,-1.45152e-07,0,-4.44089e-15,0,0,0,False,nan|2946,1342384
130_bNAb_Combinations|1342384|cc|4|1|nan|2946,0,-0.61549,0,9.67838e-10,0,0,0,0,-6.07231e-07,0,-1.33227e-15,0,0,0,False,nan|2946,1342384
130_bNAb_Combinations|1342384|cc|5|1|nan|2946,0,-0.382846,0,-2.60944e-09,0,0,0,0,1.00827e-07,0,-6.21725e-15,0,0,0,False,nan|2946,1342384
130_bNAb_Combinations|1342384|cc|6|1|nan|2946,0,-0.49312,0,5.43671e-10,0,0,0,0,1.50792e-08,0,3.10862e-15,0,0,0,False,nan|2946,1342384
130_bNAb_Combinations|1342384|cc|7|1|nan|2946,0,1.10338,0,6.19988e-09,0,0,0,0,-1.17566e-07,0,-8.88178e-16,0,0,0,False,nan|2946,1342384
130_bNAb_Combinations|1342384|cc|8|1|nan|2946,0,0.828625,0,1.16098e-08,0,0,0,0,-4.68362e-07,0,1.77636e-15,0,0,0,False,nan|2946,1342384
130_bNAb_Combinations|1342384|sample|3|nan|2946,0,-11.6102,0,-4.71109e-09,0,0,0,0,-6.63497,0,-4.79616e-14,0,0,0,True,VRC07-523LS|2946,1342384
130_bNAb_Combinations|1342384|sample|4|nan|2946,0,-12.38,0,1.42756e-09,0,0,0,0,-6.73825,0,-6.39488e-14,0,0,0,True,VRC07-523LS|2946,1342384
130_bNAb_Combinations|1342384|vc|1|2|nan|2946,0,-0.590406,0,6.18543e-09,0,0,0,0,1.41279e-07,0,1.33227e-15,0,0,0,False,nan|2946,1342384
130_bNAb_Combinations|1342384|vc|2|2|nan|2946,0,0.823376,0,-9.5162e-09,0,0,0,0,2.85053e-07,0,8.88178e-16,0,0,0,False,nan|2946,1342384
130_bNAb_Combinations|1342384|vc|3|2|nan|2946,0,0.826935,0,-9.63485e-10,0,0,0,0,-2.41179e-07,0,-3.55271e-15,0,0,0,False,nan|2946,1342384
130_bNAb_Combinations|1342384|vc|4|2|nan|2946,0,-0.231869,0,9.53828e-10,0,0,0,0,2.50341e-07,0,0,0,0,0,False,nan|2946,1342384
130_bNAb_Combinations|1342384|vc|5|2|nan|2946,0,0.201931,0,6.68322e-09,0,0,0,0,-1.44329e-07,0,0,0,0,0,False,nan|2946,1342384
130_bNAb_Combinations|1342384|vc|6|2|nan|2946,0,-0.124291,0,-5.86413e-10,0,0,0,0,2.71064e-07,0,-2.66454e-15,0,0,0,False,nan|2946,1342384
130_bNAb_Combinations|1342384|vc|7|2|nan|2946,0,0.501399,0,-9.67698e-10,0,0,0,0,1.94099e-07,0,-8.88178e-16,0,0,0,False,nan|2946,1342384
130_bNAb_Combinations|1342384|vc|8|2|nan|2946,0,0.166718,0,7.72674e-10,0,0,0,0,2.94701e-07,0,4.44089e-16,0,0,0,False,nan|2946,1342384
130_bNAb_Combinations|1342396|cc|1|1|PVO.4|5024,0,-0.364394,0,-1.82722e-09,0,0,0,0,-4.66927e-07,0,4.44089e-16,0,0,0,False,nan|PVO.4,1342396
130_bNAb_Combinations|1342396|cc|2|1|PVO.4|5024,0,0.857858,0,-2.48898e-09,0,0,0,0,-2.18682e-07,0,1.33227e-15,0,0,0,False,nan|PVO.4,1342396
130_bNAb_Combinations|1342396|cc|3|1|PVO.4|5024,0,-0.0733488,0,6.04781e-09,0,0,0,0,3.17178e-08,0,1.33227e-15,0,0,0,False,nan|PVO.4,1342396
130_bNAb_Combinations|1342396|cc|4|1|PVO.4|5024,0,0.0242245,0,1.07224e-08,0,0,0,0,2.60849e-07,0,0,0,0,0,False,nan|PVO.4,1342396
130_bNAb_Combinations|1342396|cc|5|1|PVO.4|5024,0,-0.562662,0,-2.8731e-09,0,0,0,0,-9.18139e-09,0,1.33227e-15,0,0,0,False,nan|PVO.4,1342396
130_bNAb_Combinations|1342396|cc|6|1|PVO.4|5024,0,1.03731,0,-2.59012e-09,0,0,0,0,5.53613e-07,0,-3.9968e-15,0,0,0,False,nan|PVO.4,1342396
130_bNAb_Combinations|1342396|cc|7|1|PVO.4|5024,0,1.08893,0,-1.58321e-09,0,0,0,0,4.35735e-07,0,-8.88178e-16,0,0,0,False,nan|PVO.4,1342396
130_bNAb_Combinations|1342396|cc|8|1|PVO.4|5024,0,0.567857,0,-2.46784e-09,0,0,0,0,5.15823e-07,0,1.33227e-15,0,0,0,False,nan|PVO.4,1342396
130_bNAb_Combinations|1342396|sample|3|PVO.4|5024,0,-12.6967,0,-6.62669e-09,0,0,0,0,-7.561,0,1.68754e-14,0,0,0,True,VRC07-523LS|PVO.4,1342396
130_bNAb_Combinations|1342396|sample|4|PVO.4|5024,0,-11.4613,0,3.43002e-09,0,0,0,0,-7.36405,0,-7.4607e-14,0,0,0,True,VRC07-523LS|PVO.4,1342396
130_bNAb_Combinations|1342396|vc|1|2|PVO.4|5024,0,0.195068,0,3.0427e-09,0,0,0,0,8.41026e-08,0,-1.33227e-15,0,0,0,False,nan|PVO.4,1342396
130_bNAb_Combinations|1342396|vc|2|2|PVO.4|5024,0,-0.330859,0,8.68373e-09,0,0,0,0,-7.86362e-09,0,2.22045e-15,0,0,0,False,nan|PVO.4,1342396
130_bNAb_Combinations|1342396|vc|3|2|PVO.4|5024,0,0.0612373,0,-2.17127e-09,0,0,0,0,1.32957e-07,0,-2.22045e-15,0,0,0,False,nan|PVO.4,1342396
130_bNAb_Combinations|1342396|vc|4|2|PVO.4|5024,0,0.626771,0,-7.43296e-09,0,0,0,0,-3.19706e-07,0,-4.88498e-15,0,0,0,False,nan|PVO.4,1342396
130_bNAb_Combinations|1342396|vc|5|2|PVO.4|5024,0,1.13141,0,1.13697e-09,0,0,0,0,-4.01742e-07,0,4.44089e-16,0,0,0,False,nan|PVO.4,1342396
130_bNAb_Combinations|1342396|vc|6|2|PVO.4|5024,0,1.00471,0,-8.54394e-10,0,0,0,0,4.62821e-07,0,2.22045e-15,0,0,0,False,nan|PVO.4,1342396
130_bNAb_Combinations|1342396|vc|7|2|PVO.4|5024,0,-0.289829,0,1.63344e-09,0,0,0,0,-1.20047e-08,0,3.10862e-15,0,0,0,False,nan|PVO.4,1342396
130_bNAb_Combinations|1342396|vc|8|2|PVO.4|5024,0,0.122756,0,-2.09404e-10,0,0,0,0,4.52766e-07,0,-4.44089e-16,0,0,0,False,nan|PVO.4,1342396
130_bNAb_Combinations|1342408|cc|1|1|nan|4168,0,0.253108,0,2.98672e-10,0,0,0,0,-3.02636e-07,0,0,0,0,0,False,nan|4168,1342408
130_bNAb_Combinations|1342408|cc|2|1|nan|4168,0,0.0148641,0,1.21701e-08,0,0,0,0,-8.6297e-08,0,-1.77636e-15,0,0,0,False,nan|4168,1342408
130_bNAb_Combinations|1342408|cc|3|1|nan|4168,0,0.704084,0,2.331e-10,0,0,0,0,-6.15984e-07,0,0,0,0,0,False,nan|4168,1342408
130_bNAb_Combinations|1342408|cc|4|1|nan|4168,0,-0.506337,0,-2.12405e-09,0,0,0,0,-6.23526e-07,0,0,0,0,0,False,nan|4168,1342408
130_bNAb_Combinations|1342408|cc|5|1|nan|4168,0,-0.316225,0,3.28426e-09,0,0,0,0,-1.2638e-07,0,-2.66454e-15,0,0,0,False,nan|4168,1342408
130_bNAb_Combinations|1342408|cc|6|1|nan|4168,0,-0.0972826,0,6.19353e-09,0,0,0,0,2.81736e-07,0,-3.55271e-15,0,0,0,False,nan|4168,1342408
130_bNAb_Combinations|1342408|cc|7|1|nan|4168,0,0.174158,0,1.00235e-09,0,0,0,0,-2.17807e-07,0,0,0,0,0,False,nan|4168,1342408
130_bNAb_Combinations|1342408|cc|8|1|nan|4168,0,0.201451,0,8.60418e-10,0,0,0,0,6.62213e-08,0,2.66454e-15,0,0,0,False,nan|4168,1342408
130_bNAb_Combinations|1342408|sample|3|nan|4168,0,-4.42442,0,8.72071e-09,0,0,0,0,-4.48475,0,-2.84217e-14,0,0,0,True,VRC07-523LS|4168,1342408
130_bNAb_Combinations|1342408|sample|4|nan|4168,0,-4.29037,0,-9.76597e-09,0,0,0,0,-4.24422,0,2.12275e-13,0,0,0,True,VRC07-523LS|4168,1342408
130_bNAb_Combinations|1342408|vc|1|2|nan|4168,0,0.485192,0,4.72986e-09,0,0,0,0,1.11272e-07,0,-1.77636e-15,0,0,0,False,nan|4168,1342408
130_bNAb_Combinations|1342408|vc|2|2|nan|4168,0,-0.746449,0,4.25586e-09,0,0,0,0,-4.66147e-07,0,1.77636e-15,0,0,0,False,nan|4168,1342408
130_bNAb_Combinations|1342408|vc|3|2|nan|4168,0,-0.870683,0,-1.86709e-09,0,0,0,0,-3.65592e-07,0,-8.88178e-16,0,0,0,False,nan|4168,1342408
130_bNAb_Combinations|1342408|vc|4|2|nan|4168,0,-0.0100947,0,1.02873e-08,0,0,0,0,-2.48222e-07,0,-2.66454e-15,0,0,0,False,nan|4168,1342408
130_bNAb_Combinations|1342408|vc|5|2|nan|4168,0,-0.823905,0,1.99284e-09,0,0,0,0,-3.94873e-07,0,1.77636e-15,0,0,0,False,nan|4168,1342408
130_bNAb_Combinations|1342408|vc|6|2|nan|4168,0,-0.0969642,0,6.67629e-09,0,0,0,0,2.37894e-07,0,0,0,0,0,False,nan|4168,1342408
130_bNAb_Combinations|1342408|vc|7|2|nan|4168,0,1.39627,0,5.03924e-09,0,0,0,0,2.51059e-07,0,8.88178e-16,0,0,0,False,nan|4168,1342408
130_bNAb_Combinations|1342408|vc|8|2|nan|4168,0,0.0960299,0,6.71877e-09,0,0,0,0,6.69632e-07,0,-5.32907e-15,0,0,0,False,nan|4168,1342408
704_VRC01_Concordance|1200432|cc|1|1|PVO.4|5024,0,-0.582009,0,-4.05557e-10,0,0,0,0,-4.91335e-07,0,-8.88178e-16,0,0,0,False,nan|PVO.4,1200432
704_VRC01_Concordance|1200432|cc|2|1|PVO.4|5024,0,0.63936,0,9.73652e-09,0,0,0,0,-1.74878e-07,0,-4.44089e-15,0,0,0,False,nan|PVO.4,1200432
704_VRC01_Concordance|1200432|cc|3|1|PVO.4|5024,0,-0.866119,0,3.30623e-09,0,0,0,0,3.39665e-07,0,2.22045e-15,0,0,0,False,nan|PVO.4,1200432
704_VRC01_Concordance|1200432|cc|4|1|PVO.4|5024,0,-0.200887,0,4.91455e-09,0,0,0,0,2.11529e-07,0,-4.44089e-16,0,0,0,False,nan|PVO.4,1200432
704_VRC01_Concordance|1200432|cc|5|1|PVO.4|5024,0,0.11287,0,9.94232e-10,0,0,0,0,-6.13083e-07,0,1.77636e-15,0,0,0,False,nan|PVO.4,1200432
704_VRC01_Concordance|1200432|cc|6|1|PVO.4|5024,0,-0.239065,0,-9.54034e-10,0,0,0,0,-3.21967e-07,0,4.44089e-16,0,0,0,False,nan|PVO.4,1200432
704_VRC01_Concordance|1200432|cc|7|1|PVO.4|5024,0,1.24806,0,1.38935e-09,0,0,0,0,-5.37712e-07,0,-1.33227e-15,0,0,0,False,nan|PVO.4,1200432
704_VRC01_Concordance|1200432|cc|8|1|PVO.4|5024,0,0.197677,0,-7.27278e-09,0,0,0,0,-4.14782e-07,0,-1.33227e-15,0,0,0,False,nan|PVO.4,1200432
704_VRC01_Concordance|1200432|sample|10|PVO.4|5024,0,-3.66502,0,-4.97166e-09,0,0,0,0,-3.60148,0,-9.32587e-14,0,0,0,True,Clinical VRC01|PVO.4,1200432
704_VRC01_Concordance|1200432|sample|11|PVO.4|5024,0,-8.9122,0,4.45914e-09,0,0,0,0,-6.05851,0,8.26006e-14,0,0,0,True,Clinical VRC01|PVO.4,1200432
704_VRC01_Concordance|1200432|sample|12|PVO.4|5024,0,-12.5689,0,3.5712e-09,0,0,0,0,-7.59359,0,5.41789e-14,0,0,0,True,Clinical VRC01|PVO.4,1200432
704_VRC01_Concordance|1200432|sample|3|PVO.4|5024,0,-10.0699,0,-1.37515e-08,0,0,0,0,-6.49621,0,1.6076e-13,0,0,0,True,Clinical VRC01|PVO.4,1200432
704_VRC01_Concordance|1200432|sample|4|PVO.4|5024,0,-6.94092,0,5.28433e-10,0,0,0,0,-5.63821,0,-7.81597e-14,0,0,0,True,Clinical VRC01|PVO.4,1200432
704_VRC01_Concordance|1200432|sample|5|PVO.4|5024,0,-4.04697,0,6.9044e-10,0,0,0,0,-3.85933,0,6.03961e-14,0,0,0,True,Clinical VRC01|PVO.4,1200432
704_VRC01_Concordance|1200432|sample|6|PVO.4|5024,0,-3.32884,0,1.00303e-08,0,0,0,0,-3.30004,0,-5.32907e-15,0,0,0,True,Clinical VRC01|PVO.4,1200432
704_VRC01_Concordance|1200432|sample|7|PVO.4|5024,0,-11.0757,0,3.54794e-09,0,0,0,0,-6.55868,0,8.61533e-14,0,0,0,True,Clinical VRC01|PVO.4,1200432
704_VRC01_Concordance|1200432|sample|8|PVO.4|5024,0,-11.2444,0,7.47884e-09,0,0,0,0,-6.991,0,1.03029e-13,0,0,0,True,Clinical VRC01|PVO.4,1200432
704_VRC01_Concordance|1200432|sample|9|PVO.4|5024,0,-3.90167,0,-6.40568e-09,0,0,0,0,-3.95453,0,-7.28306e-14,0,0,0,True,Clinical VRC01|PVO.4,1200432
704_VRC01_Concordance|1200432|vc|1|2|PVO.4|5024,0,0.44458,0,-1.01916e-10,0,0,0,0,3.54926e-07,0,4.44089e-16,0,0,0,False,nan|PVO.4,1200432
704_VRC01_Concordance|1200432|vc|2|2|PVO.4|5024,0,0.657513,0,9.98674e-10,0,0,0,0,-3.27514e-07,0,0,0,0,0,False,nan|PVO.4,1200432
704_VRC01_Concordance|1200432|vc|3|2|PVO.4|5024,0,0.326852,0,8.12842e-09,0,0,0,0,-5.77771e-07,0,-1.33227e-15,0,0,0,False,nan|PVO.4,1200432
704_VRC01_Concordance|1200432|vc|4|2|PVO.4|5024,0,1.33903,0,2.19295e-10,0,0,0,0,-2.89591e-07,0,8.88178e-16,0,0,0,False,nan|PVO.4,1200432
704_VRC01_Concordance|1200432|vc|5|2|PVO.4|5024,0,0.887274,0,-3.86173e-09,0,0,0,0,-2.70183e-07,0,-2.22045e-15,0,0,0,False,nan|PVO.4,1200432
704_VRC01_Concordance|1200432|vc|6|2|PVO.4|5024,0,-0.0764403,0,6.76795e-09,0,0,0,0,-5.5852e-07,0,-3.9968e-15,0,0,0,False,nan|PVO.4,1200432
704_VRC01_Concordance|1200432|vc|7|2|PVO.4|5024,0,-0.419067,0,-3.61381e-09,0,0,0,0,4.96026e-07,0,-4.88498e-15,0,0,0,False,nan|PVO.4,1200432
704_VRC01_Concordance|1200432|vc|8|2|PVO.4|5024,0,-0.220962,0,6.95343e-10,0,0,0,0,-4.63605e-07,0,4.44089e-16,0,0,0,False,nan|PVO.4,1200432
