rep,id,eta_U,eta_L,eta_m,eta_e,eta_s,eta_alpha,eta_k,goes_down,mab_virus,run_id
1,130_bNAb_Combinations|1313842|cc|1|1|nan|2946,0,9.72212e-08,-0.155044,-0.201285,-2.45754e-08,0,0,False,nan|2946,1313842
1,130_bNAb_Combinations|1313842|cc|2|1|nan|2946,0,2.35573e-08,0.025363,-1.7706,-2.42094e-08,0,0,False,nan|2946,1313842
1,130_bNAb_Combinations|1313842|cc|3|1|nan|2946,0,1.21302e-07,0.0829125,-2.44679,6.97942e-09,0,0,False,nan|2946,1313842
1,130_bNAb_Combinations|1313842|cc|4|1|nan|2946,0,-1.6602e-08,-0.0774072,-5.23882,-1.2974e-08,0,0,False,nan|2946,1313842
1,130_bNAb_Combinations|1313842|cc|5|1|nan|2946,0,-3.29956e-08,0.00987676,1.43247,-7.80426e-08,0,0,False,nan|2946,1313842
1,130_bNAb_Combinations|1313842|cc|6|1|nan|2946,0,4.0499e-08,-0.0901076,1.50663,-1.88379e-08,0,0,False,nan|2946,1313842
1,130_bNAb_Combinations|1313842|cc|7|1|nan|2946,0,-9.91943e-08,0.169258,-0.751507,6.20297e-08,0,0,False,nan|2946,1313842
1,130_bNAb_Combinations|1313842|cc|8|1|nan|2946,0,6.34163e-08,0.066283,0.845666,9.14762e-09,0,0,False,nan|2946,1313842
1,130_bNAb_Combinations|1313842|sample|10|nan|2946,0,1.25626e-08,0.00778635,-2.49085,-5.15429e-09,0,0,True,PGT121|2946,1313842
1,130_bNAb_Combinations|1313842|sample|11|nan|2946,0,-2.26662e-08,0.101557,-2.64933,1.37343e-08,0,0,True,VRC07-523LS|2946,1313842
1,130_bNAb_Combinations|1313842|sample|12|nan|2946,0,4.37184e-08,-0.0823346,-2.94915,4.69113e-08,0,0,True,VRC07-523LS|2946,1313842
1,130_bNAb_Combinations|1313842|sample|3|nan|2946,0,8.14853e-08,0.0548461,-3.26024,1.12815e-07,0,0,True,PGDM1400|2946,1313842
1,130_bNAb_Combinations|1313842|sample|4|nan|2946,0,4.07906e-08,-0.0106471,-2.98308,-4.43276e-10,0,0,True,PGDM1400|2946,1313842
1,130_bNAb_Combinations|1313842|sample|5|nan|2946,0,1.1738e-08,-0.0186322,-3.1771,1.48498e-08,0,0,True,PGDM1400|2946,1313842
1,130_bNAb_Combinations|1313842|sample|6|nan|2946,0,4.69626e-08,-0.11429,-4.11774,1.01902e-07,0,0,True,PGDM1400|2946,1313842
1,130_bNAb_Combinations|1313842|sample|7|nan|2946,0,-3.61336e-08,0.00936959,-2.68334,6.81974e-09,0,0,True,PGT121|2946,1313842
1,130_bNAb_Combinations|1313842|sample|8|nan|2946,0,1.99354e-09,-0.0555122,-2.78249,-5.68764e-08,0,0,True,PGT121|2946,1313842
1,130_bNAb_Combinations|1313842|sample|9|nan|2946,0,3.52682e-08,0.0982845,-2.18239,4.9383e-08,0,0,True,PGT121|2946,1313842
1,130_bNAb_Combinations|1313842|vc|1|2|nan|2946,0,-7.07686e-08,-0.163366,3.1442,3.84449e-08,0,0,False,nan|2946,1313842
1,130_bNAb_Combinations|1313842|vc|2|2|nan|2946,0,6.81935e-09,-0.119281,-0.927477,2.46557e-08,0,0,False,nan|2946,1313842
1,130_bNAb_Combinations|1313842|vc|3|2|nan|2946,0,-1.80957e-08,-0.186353,-4.50582,2.13611e-08,0,0,False,nan|2946,1313842
1,130_bNAb_Combinations|1313842|vc|4|2|nan|2946,0,-4.90859e-08,0.270346,3.19129,3.64937e-08,0,0,False,nan|2946,1313842
1,130_bNAb_Combinations|1313842|vc|5|2|nan|2946,0,5.53171e-08,-0.258491,1.93991,1.52425e-08,0,0,False,nan|2946,1313842
1,130_bNAb_Combinations|1313842|vc|6|2|nan|2946,0,-8.06624e-08,-0.0319736,0.700654,-6.32751e-08,0,0,False,nan|2946,1313842
1,130_bNAb_Combinations|1313842|vc|7|2|nan|2946,0,-2.87032e-08,-0.0322002,0.218543,1.31531e-08,0,0,False,nan|2946,1313842
1,130_bNAb_Combinations|1313842|vc|8|2|nan|2946,0,-9.1058e-08,0.21203,-3.27297,-1.29898e-07,0,0,False,nan|2946,1313842
1,130_bNAb_Combinations|1313860|cc|1|1|PVO.4|5024,0,3.06847e-08,-0.0198221,0.490533,-1.35361e-07,0,0,False,nan|PVO.4,1313860
1,130_bNAb_Combinations|1313860|cc|2|1|PVO.4|5024,0,-6.96607e-08,0.206647,3.07807,4.61491e-09,0,0,False,nan|PVO.4,1313860
1,130_bNAb_Combinations|1313860|cc|3|1|PVO.4|5024,0,2.88442e-08,0.354195,0.0858761,8.54069e-09,0,0,False,nan|PVO.4,1313860
1,130_bNAb_Combinations|1313860|cc|4|1|PVO.4|5024,0,6.92361e-09,-0.113381,1.12723,8.27631e-08,0,0,False,nan|PVO.4,1313860
1,130_bNAb_Combinations|1313860|cc|5|1|PVO.4|5024,0,2.32156e-07,0.116168,1.36753,-6.34615e-08,0,0,False,nan|PVO.4,1313860
1,130_bNAb_Combinations|1313860|cc|6|1|PVO.4|5024,0,4.84195e-08,0.101097,0.00398301,9.76206e-08,0,0,False,nan|PVO.4,1313860
1,130_bNAb_Combinations|1313860|cc|7|1|PVO.4|5024,0,-4.31275e-08,0.0519146,-1.33468,-4.17615e-08,0,0,False,nan|PVO.4,1313860
1,130_bNAb_Combinations|1313860|cc|8|1|PVO.4|5024,0,2.63793e-08,0.0130249,0.471088,-7.87699e-08,0,0,False,nan|PVO.4,1313860
1,130_bNAb_Combinations|1313860|sample|10|PVO.4|5024,0,1.57001e-07,-0.00886632,-1.55479,2.29074e-08,0,0,True,PGT121|PVO.4,1313860
1,130_bNAb_Combinations|1313860|sample|11|PVO.4|5024,0,1.74757e-07,0.00484024,-1.44449,2.67429e-09,0,0,True,VRC07-523LS|PVO.4,1313860
1,130_bNAb_Combinations|1313860|sample|12|PVO.4|5024,0,-7.64561e-08,0.120387,-1.02756,-1.64454e-07,0,0,True,VRC07-523LS|PVO.4,1313860
1,130_bNAb_Combinations|1313860|sample|3|PVO.4|5024,0,2.0661e-08,0.0616283,-3.99115,-5.03012e-08,0,0,True,PGDM1400|PVO.4,1313860
1,130_bNAb_Combinations|1313860|sample|4|PVO.4|5024,0,-1.5569e-08,0.0190529,-3.98076,-8.69306e-08,0,0,True,PGDM1400|PVO.4,1313860
1,130_bNAb_Combinations|1313860|sample|5|PVO.4|5024,0,9.97907e-08,-0.106961,-4.50172,-5.96973e-08,0,0,True,PGDM1400|PVO.4,1313860
1,130_bNAb_Combinations|1313860|sample|6|PVO.4|5024,0,-1.81163e-08,-0.00851903,-3.99875,-1.56795e-07,0,0,True,PGDM1400|PVO.4,1313860
1,130_bNAb_Combinations|1313860|sample|7|PVO.4|5024,0,-6.88219e-08,-0.00903254,-1.48115,-2.95712e-08,0,0,True,PGT121|PVO.4,1313860
1,130_bNAb_Combinations|1313860|sample|8|PVO.4|5024,0,3.71553e-08,0.02161,-1.52588,-3.5011e-08,0,0,True,PGT121|PVO.4,1313860
1,130_bNAb_Combinations|1313860|sample|9|PVO.4|5024,0,5.90084e-08,0.061864,-1.21177,5.24023e-08,0,0,True,PGT121|PVO.4,1313860
1,130_bNAb_Combinations|1313860|vc|1|2|PVO.4|5024,0,1.24346e-07,0.120798,4.39649,4.88568e-09,0,0,False,nan|PVO.4,1313860
1,130_bNAb_Combinations|1313860|vc|2|2|PVO.4|5024,0,-6.88653e-08,0.151323,2.23842,-1.18759e-07,0,0,False,nan|PVO.4,1313860
1,130_bNAb_Combinations|1313860|vc|3|2|PVO.4|5024,0,-2.21438e-08,0.0646104,1.76305,7.39971e-08,0,0,False,nan|PVO.4,1313860
1,130_bNAb_Combinations|1313860|vc|4|2|PVO.4|5024,0,9.30154e-08,-0.130871,-0.394132,-2.76546e-08,0,0,False,nan|PVO.4,1313860
1,130_bNAb_Combinations|1313860|vc|5|2|PVO.4|5024,0,-2.18218e-08,-0.0720195,2.52028,7.29579e-08,0,0,False,nan|PVO.4,1313860
1,130_bNAb_Combinations|1313860|vc|6|2|PVO.4|5024,0,1.323e-09,-0.0506469,0.173098,3.25652e-08,0,0,False,nan|PVO.4,1313860
1,130_bNAb_Combinations|1313860|vc|7|2|PVO.4|5024,0,6.20386e-08,0.123365,0.627607,-5.55252e-08,0,0,False,nan|PVO.4,1313860
1,130_bNAb_Combinations|1313860|vc|8|2|PVO.4|5024,0,-4.03638e-08,0.0500854,-1.69615,4.79948e-08,0,0,False,nan|PVO.4,1313860
1,130_bNAb_Combinations|1313884|cc|1|1|nan|4168,0,-8.2863e-08,0.0182859,-1.24787,-1.03895e-07,0,0,False,nan|4168,1313884
1,130_bNAb_Combinations|1313884|cc|2|1|nan|4168,0,-5.3461e-08,0.218674,0.0292355,3.49709e-08,0,0,False,nan|4168,1313884
1,130_bNAb_Combinations|1313884|cc|3|1|nan|4168,0,-4.60647e-08,-0.0665966,4.60781,5.80801e-08,0,0,False,nan|4168,1313884
1,130_bNAb_Combinations|1313884|cc|4|1|nan|4168,0,6.53664e-09,-0.0510789,-1.21157,1.31729e-08,0,0,False,nan|4168,1313884
1,130_bNAb_Combinations|1313884|cc|5|1|nan|4168,0,-8.01074e-08,-0.0371775,1.7469,3.66216e-08,0,0,False,nan|4168,1313884
1,130_bNAb_Combinations|1313884|cc|6|1|nan|4168,0,1.04872e-07,-0.176049,2.69146,1.30966e-07,0,0,False,nan|4168,1313884
1,130_bNAb_Combinations|1313884|cc|7|1|nan|4168,0,-6.14207e-08,-0.409676,-2.74871,-1.21651e-08,0,0,False,nan|4168,1313884
1,130_bNAb_Combinations|1313884|cc|8|1|nan|4168,0,-8.04288e-08,0.102785,-0.364767,2.60158e-08,0,0,False,nan|4168,1313884
1,130_bNAb_Combinations|1313884|sample|10|nan|4168,0,-1.94872e-09,-0.287278,-2.64418,-1.77894e-08,0,0,True,PGT121|4168,1313884
1,130_bNAb_Combinations|1313884|sample|11|nan|4168,0,-5.1444e-08,-0.176679,-2.69909,-3.01995e-09,0,0,True,VRC07-523LS|4168,1313884
1,130_bNAb_Combinations|1313884|sample|12|nan|4168,0,3.90297e-08,-0.141487,-2.19893,-1.17148e-08,0,0,True,VRC07-523LS|4168,1313884
1,130_bNAb_Combinations|1313884|sample|3|nan|4168,0,3.44332e-08,0.234716,-4.21734,-1.41504e-09,0,0,True,PGDM1400|4168,1313884
1,130_bNAb_Combinations|1313884|sample|4|nan|4168,0,7.33057e-08,0.0238093,-4.78978,9.50539e-09,0,0,True,PGDM1400|4168,1313884
1,130_bNAb_Combinations|1313884|sample|5|nan|4168,0,-4.69651e-08,0.0297849,-5.03402,-3.4594e-09,0,0,True,PGDM1400|4168,1313884
1,130_bNAb_Combinations|1313884|sample|6|nan|4168,0,4.61731e-09,-0.0677219,-5.29813,5.54291e-08,0,0,True,PGDM1400|4168,1313884
1,130_bNAb_Combinations|1313884|sample|7|nan|4168,0,4.74702e-08,-0.33112,-3.54302,1.05348e-08,0,0,True,PGT121|4168,1313884
1,130_bNAb_Combinations|1313884|sample|8|nan|4168,0,1.18309e-07,-0.186469,-2.46884,-2.00107e-08,0,0,True,PGT121|4168,1313884
1,130_bNAb_Combinations|1313884|sample|9|nan|4168,0,3.88918e-08,-0.30101,-2.88665,-5.9634e-09,0,0,True,PGT121|4168,1313884
1,130_bNAb_Combinations|1313884|vc|1|2|nan|4168,0,5.59596e-08,0.207716,-2.66749,-4.3803e-08,0,0,False,nan|4168,1313884
1,130_bNAb_Combinations|1313884|vc|2|2|nan|4168,0,-3.50272e-09,0.0540836,3.61697,-1.55953e-08,0,0,False,nan|4168,1313884
1,130_bNAb_Combinations|1313884|vc|3|2|nan|4168,0,-3.45491e-09,-0.0544578,0.990433,2.14064e-08,0,0,False,nan|4168,1313884
1,130_bNAb_Combinations|1313884|vc|4|2|nan|4168,0,4.53127e-08,-0.188628,-0.199412,-3.41098e-09,0,0,False,nan|4168,1313884
1,130_bNAb_Combinations|1313884|vc|5|2|nan|4168,0,4.41514e-09,0.173475,-0.714988,-1.0558e-08,0,0,False,nan|4168,1313884
1,130_bNAb_Combinations|1313884|vc|6|2|nan|4168,0,-6.21608e-08,0.126172,1.77067,-1.69501e-08,0,0,False,nan|4168,1313884
1,130_bNAb_Combinations|1313884|vc|7|2|nan|4168,0,1.12972e-07,-0.250625,-1.49439,1.89544e-08,0,0,False,nan|4168,1313884
1,130_bNAb_Combinations|1313884|vc|8|2|nan|4168,0,-4.95492e-08,-0.237182,-3.01032,-3.56439e-08,0,0,False,nan|4168,1313884
1,130_bNAb_Combinations|1313920|cc|1|1|nan|1798,0,1.27561e-08,0.101898,-2.31481,-8.53897e-08,0,0,False,nan|1798,1313920
1,130_bNAb_Combinations|1313920|cc|2|1|nan|1798,0,-9.64905e-08,-0.0940697,2.28774,-1.16862e-09,0,0,False,nan|1798,1313920
1,130_bNAb_Combinations|1313920|cc|3|1|nan|1798,0,1.08794e-07,-0.247739,-1.54309,-1.6191e-08,0,0,False,nan|1798,1313920
1,130_bNAb_Combinations|1313920|cc|4|1|nan|1798,0,-2.51774e-08,0.109398,0.967821,-8.1769e-09,0,0,False,nan|1798,1313920
1,130_bNAb_Combinations|1313920|cc|5|1|nan|1798,0,7.1076e-08,-0.258886,0.295168,-6.2904e-09,0,0,False,nan|1798,1313920
1,130_bNAb_Combinations|1313920|cc|6|1|nan|1798,0,1.36422e-08,0.0583708,-1.08147,-5.4059e-08,0,0,False,nan|1798,1313920
1,130_bNAb_Combinations|1313920|cc|7|1|nan|1798,0,6.61221e-08,-0.0179617,1.04311,1.32551e-07,0,0,False,nan|1798,1313920
1,130_bNAb_Combinations|1313920|cc|8|1|nan|1798,0,5.39715e-09,0.130371,-2.79149,3.10735e-08,0,0,False,nan|1798,1313920
1,130_bNAb_Combinations|1313920|sample|10|nan|1798,0,1.19659e-07,-0.0304571,-0.772235,2.70697e-08,0,0,True,PGT121|1798,1313920
1,130_bNAb_Combinations|1313920|sample|11|nan|1798,0,4.89757e-09,0.109197,-1.69751,-4.27282e-08,0,0,True,VRC07-523LS|1798,1313920
1,130_bNAb_Combinations|1313920|sample|12|nan|1798,0,-1.21721e-07,-0.0604439,-2.18385,-2.66309e-08,0,0,True,VRC07-523LS|1798,1313920
1,130_bNAb_Combinations|1313920|sample|3|nan|1798,0,-6.68279e-08,0.012163,-2.09312,-2.02253e-08,0,0,True,PGDM1400|1798,1313920
1,130_bNAb_Combinations|1313920|sample|4|nan|1798,0,2.33985e-08,0.0858266,-2.15833,-3.28505e-08,0,0,True,PGDM1400|1798,1313920
1,130_bNAb_Combinations|1313920|sample|5|nan|1798,0,-6.72128e-08,-0.0197037,-2.16181,-3.30451e-09,0,0,True,PGDM1400|1798,1313920
1,130_bNAb_Combinations|1313920|sample|6|nan|1798,0,3.55606e-08,-0.112548,-2.64654,-5.31339e-08,0,0,True,PGDM1400|1798,1313920
1,130_bNAb_Combinations|1313920|sample|7|nan|1798,0,-7.35833e-09,0.0267569,-0.969152,-9.06508e-08,0,0,True,PGT121|1798,1313920
1,130_bNAb_Combinations|1313920|sample|8|nan|1798,0,-7.96185e-08,0.0490926,-0.911088,-2.47637e-08,0,0,True,PGT121|1798,1313920
1,130_bNAb_Combinations|1313920|sample|9|nan|1798,0,6.12449e-08,-0.0118474,-0.929682,-4.14249e-08,0,0,True,PGT121|1798,1313920
1,130_bNAb_Combinations|1313920|vc|1|2|nan|1798,0,-7.24859e-08,-0.0212653,2.07084,1.71717e-08,0,0,False,nan|1798,1313920
1,130_bNAb_Combinations|1313920|vc|2|2|nan|1798,0,-4.84895e-08,-0.0761864,1.4003,2.32354e-08,0,0,False,nan|1798,1313920
1,130_bNAb_Combinations|1313920|vc|3|2|nan|1798,0,-1.37932e-08,-0.0020994,3.58606,-1.92078e-08,0,0,False,nan|1798,1313920
1,130_bNAb_Combinations|1313920|vc|4|2|nan|1798,0,-4.83789e-09,-0.101023,1.73157,1.48955e-08,0,0,False,nan|1798,1313920
1,130_bNAb_Combinations|1313920|vc|5|2|nan|1798,0,-4.55218e-08,-0.184485,0.248762,-5.12213e-08,0,0,False,nan|1798,1313920
1,130_bNAb_Combinations|1313920|vc|6|2|nan|1798,0,-1.5132e-07,0.00940768,0.894366,-3.55441e-08,0,0,False,nan|1798,1313920
1,130_bNAb_Combinations|1313920|vc|7|2|nan|1798,0,-5.25619e-08,-0.0186815,3.41194,9.35642e-08,0,0,False,nan|1798,1313920
1,130_bNAb_Combinations|1313920|vc|8|2|nan|1798,0,1.16667e-07,0.191347,-5.17319,-3.27878e-08,0,0,False,nan|1798,1313920
1,130_bNAb_Combinations|1313938|cc|1|1|TRO.11|8301,0,-1.65715e-07,0.0321121,-2.51824,3.40789e-08,0,0,False,nan|TRO.11,1313938
1,130_bNAb_Combinations|1313938|cc|2|1|TRO.11|8301,0,-1.11337e-07,-0.125865,0.40848,-3.17139e-08,0,0,False,nan|TRO.11,1313938
1,130_bNAb_Combinations|1313938|cc|3|1|TRO.11|8301,0,-8.61118e-08,-0.147075,0.747424,8.0609e-09,0,0,False,nan|TRO.11,1313938
1,130_bNAb_Combinations|1313938|cc|4|1|TRO.11|8301,0,2.82712e-08,-0.0997563,-0.627578,5.75985e-08,0,0,False,nan|TRO.11,1313938
1,130_bNAb_Combinations|1313938|cc|5|1|TRO.11|8301,0,5.96657e-08,-0.0126165,0.977076,7.12831e-08,0,0,False,nan|TRO.11,1313938
1,130_bNAb_Combinations|1313938|cc|6|1|TRO.11|8301,0,-7.76591e-08,0.110163,-0.804114,4.42705e-08,0,0,False,nan|TRO.11,1313938
1,130_bNAb_Combinations|1313938|cc|7|1|TRO.11|8301,0,6.38031e-09,0.0279576,-4.00145,-7.96623e-08,0,0,False,nan|TRO.11,1313938
1,130_bNAb_Combinations|1313938|cc|8|1|TRO.11|8301,0,6.65844e-09,0.120169,-5.30821,2.58637e-08,0,0,False,nan|TRO.11,1313938
1,130_bNAb_Combinations|1313938|sample|10|TRO.11|8301,0,1.51964e-09,0.0977457,0.364715,5.94106e-09,0,0,True,PGT121|TRO.11,1313938
1,130_bNAb_Combinations|1313938|sample|11|TRO.11|8301,0,-4.52462e-08,0.134635,-1.02538,-5.07879e-08,0,0,True,VRC07-523LS|TRO.11,1313938
1,130_bNAb_Combinations|1313938|sample|12|TRO.11|8301,0,5.55188e-08,0.0525092,-1.06141,-9.82812e-09,0,0,True,VRC07-523LS|TRO.11,1313938
1,130_bNAb_Combinations|1313938|sample|3|TRO.11|8301,0,1.17297e-07,0.095404,-2.54744,-3.78067e-08,0,0,True,PGDM1400|TRO.11,1313938
1,130_bNAb_Combinations|1313938|sample|4|TRO.11|8301,0,1.08934e-07,-0.0194786,-2.70223,-3.0368e-08,0,0,True,PGDM1400|TRO.11,1313938
1,130_bNAb_Combinations|1313938|sample|5|TRO.11|8301,0,-1.63051e-08,-0.00939585,-2.62169,7.28966e-08,0,0,True,PGDM1400|TRO.11,1313938
1,130_bNAb_Combinations|1313938|sample|6|TRO.11|8301,0,3.07188e-08,-0.0673411,-2.95799,-6.03667e-08,0,0,True,PGDM1400|TRO.11,1313938
1,130_bNAb_Combinations|1313938|sample|7|TRO.11|8301,0,1.59762e-08,0.0915043,0.30579,5.41118e-08,0,0,True,PGT121|TRO.11,1313938
1,130_bNAb_Combinations|1313938|sample|8|TRO.11|8301,0,8.07038e-08,0.0267391,-0.0970343,-2.87033e-08,0,0,True,PGT121|TRO.11,1313938
1,130_bNAb_Combinations|1313938|sample|9|TRO.11|8301,0,1.2981e-07,-0.00401195,0.0884999,-1.91985e-08,0,0,True,PGT121|TRO.11,1313938
1,130_bNAb_Combinations|1313938|vc|1|2|TRO.11|8301,0,3.46074e-08,-0.0763122,-0.035057,-3.80362e-08,0,0,False,nan|TRO.11,1313938
1,130_bNAb_Combinations|1313938|vc|2|2|TRO.11|8301,0,7.15533e-08,-0.0206695,3.0859,1.84682e-08,0,0,False,nan|TRO.11,1313938
1,130_bNAb_Combinations|1313938|vc|3|2|TRO.11|8301,0,7.69197e-08,-0.0208382,2.62196,-7.79809e-09,0,0,False,nan|TRO.11,1313938
1,130_bNAb_Combinations|1313938|vc|4|2|TRO.11|8301,0,-8.92787e-08,-0.145049,1.86237,-2.10544e-08,0,0,False,nan|TRO.11,1313938
1,130_bNAb_Combinations|1313938|vc|5|2|TRO.11|8301,0,1.17809e-07,-0.0702155,-3.01498,2.3537e-08,0,0,False,nan|TRO.11,1313938
1,130_bNAb_Combinations|1313938|vc|6|2|TRO.11|8301,0,4.4625e-08,0.180978,-0.997518,-4.24988e-09,0,0,False,nan|TRO.11,1313938
1,130_bNAb_Combinations|1313938|vc|7|2|TRO.11|8301,0,-1.18178e-07,0.120528,-1.91761,-4.51643e-08,0,0,False,nan|TRO.11,1313938
1,130_bNAb_Combinations|1313938|vc|8|2|TRO.11|8301,0,-5.35217e-09,0.121295,-1.8951,-5.70664e-08,0,0,False,nan|TRO.11,1313938
1,130_bNAb_Combinations|1313956|cc|1|1|Ce1176_A3|7023,0,-8.61497e-09,0.355738,-3.88186,4.2176e-08,0,0,False,nan|Ce1176_A3,1313956
1,130_bNAb_Combinations|1313956|cc|2|1|Ce1176_A3|7023,0,-6.74988e-08,-0.063917,-0.288739,1.89283e-08,0,0,False,nan|Ce1176_A3,1313956
1,130_bNAb_Combinations|1313956|cc|3|1|Ce1176_A3|7023,0,9.875e-09,0.204574,-2.47533,6.39413e-08,0,0,False,nan|Ce1176_A3,1313956
1,130_bNAb_Combinations|1313956|cc|4|1|Ce1176_A3|7023,0,6.02994e-08,0.15501,-2.8741,3.28097e-08,0,0,False,nan|Ce1176_A3,1313956
1,130_bNAb_Combinations|1313956|cc|5|1|Ce1176_A3|7023,0,-5.16094e-08,0.0588139,-0.682487,4.48782e-08,0,0,False,nan|Ce1176_A3,1313956
1,130_bNAb_Combinations|1313956|cc|6|1|Ce1176_A3|7023,0,-9.93446e-09,-0.0170947,0.743117,-3.68458e-08,0,0,False,nan|Ce1176_A3,1313956
1,130_bNAb_Combinations|1313956|cc|7|1|Ce1176_A3|7023,0,7.76127e-09,-0.150804,-1.33239,-6.54259e-08,0,0,False,nan|Ce1176_A3,1313956
1,130_bNAb_Combinations|1313956|cc|8|1|Ce1176_A3|7023,0,-5.11434e-08,0.0434511,-1.81809,1.00794e-08,0,0,False,nan|Ce1176_A3,1313956
1,130_bNAb_Combinations|1313956|sample|10|Ce1176_A3|7023,0,-6.42478e-08,0.0879198,0.386061,-3.69451e-08,0,0,True,PGT121|Ce1176_A3,1313956
1,130_bNAb_Combinations|1313956|sample|11|Ce1176_A3|7023,0,-1.19235e-07,0.1077,-1.60856,2.02848e-08,0,0,True,VRC07-523LS|Ce1176_A3,1313956
1,130_bNAb_Combinations|1313956|sample|12|Ce1176_A3|7023,0,8.9407e-09,-0.162927,-2.36513,-3.21735e-08,0,0,True,VRC07-523LS|Ce1176_A3,1313956
1,130_bNAb_Combinations|1313956|sample|3|Ce1176_A3|7023,0,5.2752e-11,-0.174888,-3.89687,1.72451e-08,0,0,True,PGDM1400|Ce1176_A3,1313956
1,130_bNAb_Combinations|1313956|sample|4|Ce1176_A3|7023,0,-2.34379e-08,-0.0469768,-3.33193,2.26862e-08,0,0,True,PGDM1400|Ce1176_A3,1313956
1,130_bNAb_Combinations|1313956|sample|5|Ce1176_A3|7023,0,-2.59586e-08,0.0087994,-3.64224,-6.08517e-08,0,0,True,PGDM1400|Ce1176_A3,1313956
1,130_bNAb_Combinations|1313956|sample|6|Ce1176_A3|7023,0,-1.89302e-08,-0.118477,-4.07624,-2.70825e-08,0,0,True,PGDM1400|Ce1176_A3,1313956
1,130_bNAb_Combinations|1313956|sample|7|Ce1176_A3|7023,0,8.50811e-08,0.127205,0.212093,-3.85294e-09,0,0,True,PGT121|Ce1176_A3,1313956
1,130_bNAb_Combinations|1313956|sample|8|Ce1176_A3|7023,0,8.12273e-08,0.0925009,0.064799,-6.17149e-08,0,0,True,PGT121|Ce1176_A3,1313956
1,130_bNAb_Combinations|1313956|sample|9|Ce1176_A3|7023,0,4.18569e-08,0.113958,0.456167,6.18002e-09,0,0,True,PGT121|Ce1176_A3,1313956
1,130_bNAb_Combinations|1313956|vc|1|2|Ce1176_A3|7023,0,-1.11626e-08,-0.245114,1.7649,-1.31127e-08,0,0,False,nan|Ce1176_A3,1313956
1,130_bNAb_Combinations|1313956|vc|2|2|Ce1176_A3|7023,0,-1.06608e-07,0.138529,-2.88599,-2.21298e-08,0,0,False,nan|Ce1176_A3,1313956
1,130_bNAb_Combinations|1313956|vc|3|2|Ce1176_A3|7023,0,-4.9667e-08,-0.0699651,1.40621,-5.8603e-08,0,0,False,nan|Ce1176_A3,1313956
1,130_bNAb_Combinations|1313956|vc|4|2|Ce1176_A3|7023,0,-7.86009e-08,0.0287343,-1.16645,-2.63655e-08,0,0,False,nan|Ce1176_A3,1313956
1,130_bNAb_Combinations|1313956|vc|5|2|Ce1176_A3|7023,0,6.55529e-08,0.00883259,-2.76938,1.77217e-07,0,0,False,nan|Ce1176_A3,1313956
1,130_bNAb_Combinations|1313956|vc|6|2|Ce1176_A3|7023,0,6.49637e-08,0.0876071,0.703754,4.49139e-10,0,0,False,nan|Ce1176_A3,1313956
1,130_bNAb_Combinations|1313956|vc|7|2|Ce1176_A3|7023,0,7.10651e-09,-0.066236,-4.03811,-1.29586e-08,0,0,False,nan|Ce1176_A3,1313956
1,130_bNAb_Combinations|1313956|vc|8|2|Ce1176_A3|7023,0,2.15112e-08,0.156994,-1.00082,-4.80807e-09,0,0,False,nan|Ce1176_A3,1313956
1,130_bNAb_Combinations|1313974|cc|1|1|nan|1176,0,1.12933e-07,0.373696,-0.316523,-3.50635e-08,0,0,False,nan|1176,1313974
1,130_bNAb_Combinations|1313974|cc|2|1|nan|1176,0,-4.83552e-09,0.352805,-1.13661,-1.66859e-08,0,0,False,nan|1176,1313974
1,130_bNAb_Combinations|1313974|cc|3|1|nan|1176,0,6.74357e-08,-0.0471041,0.0984827,3.28794e-08,0,0,False,nan|1176,1313974
1,130_bNAb_Combinations|1313974|cc|4|1|nan|1176,0,8.40845e-08,0.290071,-1.97854,6.76469e-08,0,0,False,nan|1176,1313974
1,130_bNAb_Combinations|1313974|cc|5|1|nan|1176,0,4.68662e-08,-0.105435,4.60718,2.31027e-08,0,0,False,nan|1176,1313974
1,130_bNAb_Combinations|1313974|cc|6|1|nan|1176,0,5.28012e-08,0.362935,1.45875,9.30899e-08,0,0,False,nan|1176,1313974
1,130_bNAb_Combinations|1313974|cc|7|1|nan|1176,0,-2.08911e-08,-0.039506,-0.730977,-3.883e-08,0,0,False,nan|1176,1313974
1,130_bNAb_Combinations|1313974|cc|8|1|nan|1176,0,1.82672e-08,-0.133966,-2.64,5.18564e-08,0,0,False,nan|1176,1313974
1,130_bNAb_Combinations|1313974|sample|10|nan|1176,0,-7.34782e-08,-0.0867604,-3.07141,-4.51595e-09,0,0,True,PGT121|1176,1313974
1,130_bNAb_Combinations|1313974|sample|11|nan|1176,0,6.56974e-08,-0.0637434,-1.28592,-2.50641e-08,0,0,True,VRC07-523LS|1176,1313974
1,130_bNAb_Combinations|1313974|sample|12|nan|1176,0,-3.70009e-08,-0.133422,-1.06372,-3.24453e-08,0,0,True,VRC07-523LS|1176,1313974
1,130_bNAb_Combinations|1313974|sample|3|nan|1176,0,1.70823e-07,-0.0162791,0.179001,-1.17611e-08,0,0,True,PGDM1400|1176,1313974
1,130_bNAb_Combinations|1313974|sample|4|nan|1176,0,1.2252e-08,-0.107677,-0.745816,5.78864e-08,0,0,True,PGDM1400|1176,1313974
1,130_bNAb_Combinations|1313974|sample|5|nan|1176,0,-3.90734e-08,-0.326265,-1.87567,2.97406e-08,0,0,True,PGDM1400|1176,1313974
1,130_bNAb_Combinations|1313974|sample|6|nan|1176,0,-1.62833e-07,-0.365558,-2.80773,-4.64536e-08,0,0,True,PGDM1400|1176,1313974
1,130_bNAb_Combinations|1313974|sample|7|nan|1176,0,4.62029e-08,0.046866,-2.31746,-2.00915e-08,0,0,True,PGT121|1176,1313974
1,130_bNAb_Combinations|1313974|sample|8|nan|1176,0,-4.20134e-09,0.0788463,-2.22841,-9.44073e-08,0,0,True,PGT121|1176,1313974
1,130_bNAb_Combinations|1313974|sample|9|nan|1176,0,-1.0814e-08,-0.0223481,-3.00368,1.5609e-08,0,0,True,PGT121|1176,1313974
1,130_bNAb_Combinations|1313974|vc|1|2|nan|1176,0,2.23535e-08,0.172031,-1.00868,-2.71401e-08,0,0,False,nan|1176,1313974
1,130_bNAb_Combinations|1313974|vc|2|2|nan|1176,0,1.12712e-07,-0.198508,1.50167,4.56274e-08,0,0,False,nan|1176,1313974
1,130_bNAb_Combinations|1313974|vc|3|2|nan|1176,0,4.73973e-08,0.227488,-2.06278,5.256e-08,0,0,False,nan|1176,1313974
1,130_bNAb_Combinations|1313974|vc|4|2|nan|1176,0,-7.91256e-08,-0.183387,-0.494021,1.34031e-07,0,0,False,nan|1176,1313974
1,130_bNAb_Combinations|1313974|vc|5|2|nan|1176,0,-1.15252e-08,-0.226752,-1.12905,1.80717e-08,0,0,False,nan|1176,1313974
1,130_bNAb_Combinations|1313974|vc|6|2|nan|1176,0,-3.15e-08,-0.0725427,1.68373,1.60311e-08,0,0,False,nan|1176,1313974
1,130_bNAb_Combinations|1313974|vc|7|2|nan|1176,0,-1.46583e-08,-0.0940344,-0.975058,-3.34408e-09,0,0,False,nan|1176,1313974
1,130_bNAb_Combinations|1313974|vc|8|2|nan|1176,0,-3.62293e-08,-0.115544,0.144565,-1.64443e-08,0,0,False,nan|1176,1313974
1,130_bNAb_Combinations|1313992|cc|1|1|RHPA4259.7|5371,0,5.21748e-09,0.131758,2.1622,5.81404e-08,0,0,False,nan|RHPA4259.7,1313992
1,130_bNAb_Combinations|1313992|cc|2|1|RHPA4259.7|5371,0,4.35747e-08,-0.169208,-0.696114,5.41738e-08,0,0,False,nan|RHPA4259.7,1313992
1,130_bNAb_Combinations|1313992|cc|3|1|RHPA4259.7|5371,0,8.16986e-10,0.135867,-0.809371,1.21218e-07,0,0,False,nan|RHPA4259.7,1313992
1,130_bNAb_Combinations|1313992|cc|4|1|RHPA4259.7|5371,0,-5.69191e-08,-0.0714016,2.78415,3.45385e-09,0,0,False,nan|RHPA4259.7,1313992
1,130_bNAb_Combinations|1313992|cc|5|1|RHPA4259.7|5371,0,3.98162e-08,0.203965,-2.22593,6.77648e-08,0,0,False,nan|RHPA4259.7,1313992
1,130_bNAb_Combinations|1313992|cc|6|1|RHPA4259.7|5371,0,1.28835e-07,0.152536,3.47519,2.29156e-08,0,0,False,nan|RHPA4259.7,1313992
1,130_bNAb_Combinations|1313992|cc|7|1|RHPA4259.7|5371,0,1.1125e-08,0.128393,-0.769618,-2.75918e-08,0,0,False,nan|RHPA4259.7,1313992
1,130_bNAb_Combinations|1313992|cc|8|1|RHPA4259.7|5371,0,1.17749e-07,-0.136019,-1.70858,4.9838e-08,0,0,False,nan|RHPA4259.7,1313992
1,130_bNAb_Combinations|1313992|sample|10|RHPA4259.7|5371,0,-7.32109e-08,-9.21136e-05,0.278369,7.33491e-08,0,0,True,PGT121|RHPA4259.7,1313992
1,130_bNAb_Combinations|1313992|sample|11|RHPA4259.7|5371,0,6.25866e-08,-0.125037,-0.0866038,-7.96479e-08,0,0,True,VRC07-523LS|RHPA4259.7,1313992
1,130_bNAb_Combinations|1313992|sample|12|RHPA4259.7|5371,0,-5.87152e-08,-0.134981,-0.348588,-2.8265e-08,0,0,True,VRC07-523LS|RHPA4259.7,1313992
1,130_bNAb_Combinations|1313992|sample|3|RHPA4259.7|5371,0,-8.40147e-08,0.172671,-2.17065,3.37274e-09,0,0,True,PGDM1400|RHPA4259.7,1313992
1,130_bNAb_Combinations|1313992|sample|4|RHPA4259.7|5371,0,1.35806e-08,0.0113742,-2.48067,1.6337e-08,0,0,True,PGDM1400|RHPA4259.7,1313992
1,130_bNAb_Combinations|1313992|sample|5|RHPA4259.7|5371,0,3.32715e-08,0.0849246,-2.18765,-4.31625e-08,0,0,True,PGDM1400|RHPA4259.7,1313992
1,130_bNAb_Combinations|1313992|sample|6|RHPA4259.7|5371,0,1.00008e-07,0.0934246,-2.28355,-1.73212e-08,0,0,True,PGDM1400|RHPA4259.7,1313992
1,130_bNAb_Combinations|1313992|sample|7|RHPA4259.7|5371,0,6.87619e-08,0.0360287,0.294896,5.73816e-09,0,0,True,PGT121|RHPA4259.7,1313992
1,130_bNAb_Combinations|1313992|sample|8|RHPA4259.7|5371,0,-5.3818e-08,0.0603882,0.109865,-5.80828e-09,0,0,True,PGT121|RHPA4259.7,1313992
1,130_bNAb_Combinations|1313992|sample|9|RHPA4259.7|5371,0,-4.30497e-08,0.0661977,0.365874,2.90077e-08,0,0,True,PGT121|RHPA4259.7,1313992
1,130_bNAb_Combinations|1313992|vc|1|2|RHPA4259.7|5371,0,-1.93391e-08,0.0130518,1.38416,-3.30499e-09,0,0,False,nan|RHPA4259.7,1313992
1,130_bNAb_Combinations|1313992|vc|2|2|RHPA4259.7|5371,0,3.72513e-08,0.12786,2.19787,7.58394e-08,0,0,False,nan|RHPA4259.7,1313992
1,130_bNAb_Combinations|1313992|vc|3|2|RHPA4259.7|5371,0,-4.02335e-08,-0.173837,-0.582868,-7.97427e-09,0,0,False,nan|RHPA4259.7,1313992
1,130_bNAb_Combinations|1313992|vc|4|2|RHPA4259.7|5371,0,4.54944e-08,-0.153112,1.97288,6.22786e-08,0,0,False,nan|RHPA4259.7,1313992
1,130_bNAb_Combinations|1313992|vc|5|2|RHPA4259.7|5371,0,1.62709e-08,-0.249685,1.21851,4.66958e-08,0,0,False,nan|RHPA4259.7,1313992
1,130_bNAb_Combinations|1313992|vc|6|2|RHPA4259.7|5371,0,-2.56396e-08,-0.0332758,-1.85848,8.80439e-08,0,0,False,nan|RHPA4259.7,1313992
1,130_bNAb_Combinations|1313992|vc|7|2|RHPA4259.7|5371,0,-8.2416e-08,-0.110219,-1.28395,-1.26737e-07,0,0,False,nan|RHPA4259.7,1313992
1,130_bNAb_Combinations|1313992|vc|8|2|RHPA4259.7|5371,0,2.01372e-08,-0.0520809,-0.653685,-8.26774e-09,0,0,False,nan|RHPA4259.7,1313992
1,130_bNAb_Combinations|1314016|cc|1|1|nan|3430,0,8.21172e-08,0.0184424,-3.29416,1.78672e-08,0,0,False,nan|3430,1314016
1,130_bNAb_Combinations|1314016|cc|2|1|nan|3430,0,6.61664e-08,0.0791593,-0.921533,4.41853e-08,0,0,False,nan|3430,1314016
1,130_bNAb_Combinations|1314016|cc|3|1|nan|3430,0,4.73511e-09,-0.187194,2.83644,1.68826e-08,0,0,False,nan|3430,1314016
1,130_bNAb_Combinations|1314016|cc|4|1|nan|3430,0,-9.7728e-08,-0.176945,-3.66501,5.18934e-10,0,0,False,nan|3430,1314016
1,130_bNAb_Combinations|1314016|cc|5|1|nan|3430,0,-2.74678e-08,-0.0695197,0.682677,-4.72402e-08,0,0,False,nan|3430,1314016
1,130_bNAb_Combinations|1314016|cc|6|1|nan|3430,0,-1.53983e-07,0.00170615,-0.953275,-1.19695e-08,0,0,False,nan|3430,1314016
1,130_bNAb_Combinations|1314016|cc|7|1|nan|3430,0,1.00574e-08,-0.0337103,3.98075,6.53466e-09,0,0,False,nan|3430,1314016
1,130_bNAb_Combinations|1314016|cc|8|1|nan|3430,0,8.54251e-08,0.0798867,0.461618,-3.77397e-08,0,0,False,nan|3430,1314016
1,130_bNAb_Combinations|1314016|sample|10|nan|3430,0,2.27723e-08,-0.13522,-1.58027,-2.97429e-08,0,0,True,PGT121|3430,1314016
1,130_bNAb_Combinations|1314016|sample|11|nan|3430,0,-1.02157e-08,0.0047652,-0.266873,-1.86561e-08,0,0,True,VRC07-523LS|3430,1314016
1,130_bNAb_Combinations|1314016|sample|12|nan|3430,0,3.80278e-08,0.0571505,-0.0754042,-3.44593e-08,0,0,True,VRC07-523LS|3430,1314016
1,130_bNAb_Combinations|1314016|sample|3|nan|3430,0,1.80851e-09,-0.0949483,1.24807,4.61755e-09,0,0,True,PGDM1400|3430,1314016
1,130_bNAb_Combinations|1314016|sample|4|nan|3430,0,-4.08461e-08,0.00466633,1.52636,2.16755e-08,0,0,True,PGDM1400|3430,1314016
1,130_bNAb_Combinations|1314016|sample|5|nan|3430,0,-8.56002e-08,-0.0440751,1.56434,2.34461e-08,0,0,True,PGDM1400|3430,1314016
1,130_bNAb_Combinations|1314016|sample|6|nan|3430,0,-1.31906e-07,-0.14163,1.25901,5.58327e-08,0,0,True,PGDM1400|3430,1314016
1,130_bNAb_Combinations|1314016|sample|7|nan|3430,0,-4.68148e-08,-0.14068,-1.98173,-9.73908e-08,0,0,True,PGT121|3430,1314016
1,130_bNAb_Combinations|1314016|sample|8|nan|3430,0,2.31855e-08,-0.163593,-2.17623,-2.3566e-08,0,0,True,PGT121|3430,1314016
1,130_bNAb_Combinations|1314016|sample|9|nan|3430,0,5.25499e-08,-0.251453,-2.47513,9.28722e-08,0,0,True,PGT121|3430,1314016
1,130_bNAb_Combinations|1314016|vc|1|2|nan|3430,0,-1.12016e-07,-0.0506889,0.586369,-1.30494e-07,0,0,False,nan|3430,1314016
1,130_bNAb_Combinations|1314016|vc|2|2|nan|3430,0,7.46674e-08,-0.131838,1.97547,-6.63985e-08,0,0,False,nan|3430,1314016
1,130_bNAb_Combinations|1314016|vc|3|2|nan|3430,0,2.68214e-08,-0.279578,-2.94299,1.08533e-07,0,0,False,nan|3430,1314016
1,130_bNAb_Combinations|1314016|vc|4|2|nan|3430,0,-7.37358e-09,-0.156443,-0.530976,2.06651e-08,0,0,False,nan|3430,1314016
1,130_bNAb_Combinations|1314016|vc|5|2|nan|3430,0,1.14173e-07,-0.0115882,0.622277,1.52791e-08,0,0,False,nan|3430,1314016
1,130_bNAb_Combinations|1314016|vc|6|2|nan|3430,0,6.14468e-08,0.0174669,1.70311,4.81544e-09,0,0,False,nan|3430,1314016
1,130_bNAb_Combinations|1314016|vc|7|2|nan|3430,0,4.4674e-08,-0.00931002,0.0101082,6.29025e-08,0,0,False,nan|3430,1314016
1,130_bNAb_Combinations|1314016|vc|8|2|nan|3430,0,-8.94433e-08,-0.130562,0.998364,4.50567e-08,0,0,False,nan|3430,1314016
1,130_bNAb_Combinations|1314040|cc|1|1|nan|4166,0,-6.39938e-08,0.0842436,4.44038,-9.16762e-10,0,0,False,nan|4166,1314040
1,130_bNAb_Combinations|1314040|cc|2|1|nan|4166,0,-1.51165e-07,0.104227,-2.63251,-7.53657e-08,0,0,False,nan|4166,1314040
1,130_bNAb_Combinations|1314040|cc|3|1|nan|4166,0,-9.85713e-08,-0.0857809,-0.874677,-2.59301e-08,0,0,False,nan|4166,1314040
1,130_bNAb_Combinations|1314040|cc|4|1|nan|4166,0,8.24699e-08,0.0561881,1.03565,-6.56654e-08,0,0,False,nan|4166,1314040
1,130_bNAb_Combinations|1314040|cc|5|1|nan|4166,0,7.9521e-08,0.0692195,-1.76241,-3.46735e-08,0,0,False,nan|4166,1314040
1,130_bNAb_Combinations|1314040|cc|6|1|nan|4166,0,-4.41813e-08,0.293611,1.94016,4.04003e-08,0,0,False,nan|4166,1314040
1,130_bNAb_Combinations|1314040|cc|7|1|nan|4166,0,3.09141e-08,0.149833,-1.74469,-1.97304e-09,0,0,False,nan|4166,1314040
1,130_bNAb_Combinations|1314040|cc|8|1|nan|4166,0,-5.47256e-08,0.00765789,-1.63848,-1.5382e-07,0,0,False,nan|4166,1314040
1,130_bNAb_Combinations|1314040|sample|10|nan|4166,0,5.07027e-09,-0.0245908,0.999281,-1.20332e-08,0,0,True,PGT121|4166,1314040
1,130_bNAb_Combinations|1314040|sample|11|nan|4166,0,-7.59063e-08,0.138169,0.59543,7.82295e-09,0,0,True,VRC07-523LS|4166,1314040
1,130_bNAb_Combinations|1314040|sample|12|nan|4166,0,6.59702e-08,-0.145988,0.106188,5.80163e-08,0,0,True,VRC07-523LS|4166,1314040
1,130_bNAb_Combinations|1314040|sample|3|nan|4166,0,9.68e-09,0.0330957,1.07382,-7.15478e-08,0,0,True,PGDM1400|4166,1314040
1,130_bNAb_Combinations|1314040|sample|4|nan|4166,0,7.26849e-08,-0.111916,0.132468,-6.22582e-08,0,0,True,PGDM1400|4166,1314040
1,130_bNAb_Combinations|1314040|sample|5|nan|4166,0,-5.49768e-08,-0.0982348,0.479825,4.0222e-08,0,0,True,PGDM1400|4166,1314040
1,130_bNAb_Combinations|1314040|sample|6|nan|4166,0,3.0463e-08,-0.123833,0.358896,-1.94257e-08,0,0,True,PGDM1400|4166,1314040
1,130_bNAb_Combinations|1314040|sample|7|nan|4166,0,-4.73062e-08,0.07492,0.840812,7.00719e-08,0,0,True,PGT121|4166,1314040
1,130_bNAb_Combinations|1314040|sample|8|nan|4166,0,2.1371e-10,0.0938252,0.900019,3.22344e-08,0,0,True,PGT121|4166,1314040
1,130_bNAb_Combinations|1314040|sample|9|nan|4166,0,-2.77099e-09,0.0985236,1.03317,-1.31389e-08,0,0,True,PGT121|4166,1314040
1,130_bNAb_Combinations|1314040|vc|1|2|nan|4166,0,-2.80693e-09,-0.236264,-0.951009,2.92439e-08,0,0,False,nan|4166,1314040
1,130_bNAb_Combinations|1314040|vc|2|2|nan|4166,0,-5.35156e-08,-0.152677,1.5721,7.83814e-08,0,0,False,nan|4166,1314040
1,130_bNAb_Combinations|1314040|vc|3|2|nan|4166,0,-8.68056e-08,0.0748954,2.14942,6.17512e-08,0,0,False,nan|4166,1314040
1,130_bNAb_Combinations|1314040|vc|4|2|nan|4166,0,-2.37301e-08,-0.132212,-1.61987,3.30187e-08,0,0,False,nan|4166,1314040
1,130_bNAb_Combinations|1314040|vc|5|2|nan|4166,0,-5.97051e-08,0.302338,4.17255,-1.69646e-08,0,0,False,nan|4166,1314040
1,130_bNAb_Combinations|1314040|vc|6|2|nan|4166,0,-1.10848e-07,-0.0852789,-1.74896,-3.94299e-08,0,0,False,nan|4166,1314040
1,130_bNAb_Combinations|1314040|vc|7|2|nan|4166,0,-8.58907e-09,0.00151287,-1.6926,5.71538e-08,0,0,False,nan|4166,1314040
1,130_bNAb_Combinations|1314040|vc|8|2|nan|4166,0,-8.38418e-08,-0.185343,3.20307,8.03891e-08,0,0,False,nan|4166,1314040
1,130_bNAb_Combinations|1314058|cc|1|1|nan|2944,0,1.51208e-08,-0.105193,-2.44756,5.54985e-08,0,0,False,nan|2944,1314058
1,130_bNAb_Combinations|1314058|cc|2|1|nan|2944,0,-3.19587e-08,-0.254402,-0.198025,5.62836e-08,0,0,False,nan|2944,1314058
1,130_bNAb_Combinations|1314058|cc|3|1|nan|2944,0,-1.82151e-08,-0.0750267,1.12444,2.96386e-08,0,0,False,nan|2944,1314058
1,130_bNAb_Combinations|1314058|cc|4|1|nan|2944,0,1.24271e-07,0.0892758,0.167385,9.42154e-08,0,0,False,nan|2944,1314058
1,130_bNAb_Combinations|1314058|cc|5|1|nan|2944,0,-9.62234e-08,-0.124079,-0.433397,2.95371e-08,0,0,False,nan|2944,1314058
1,130_bNAb_Combinations|1314058|cc|6|1|nan|2944,0,5.97922e-08,0.183141,-3.03975,2.71546e-08,0,0,False,nan|2944,1314058
1,130_bNAb_Combinations|1314058|cc|7|1|nan|2944,0,3.9481e-08,-0.307768,-2.03686,7.76246e-09,0,0,False,nan|2944,1314058
1,130_bNAb_Combinations|1314058|cc|8|1|nan|2944,0,-1.01274e-07,0.259687,0.660476,1.19164e-07,0,0,False,nan|2944,1314058
1,130_bNAb_Combinations|1314058|sample|10|nan|2944,0,6.28641e-08,0.0640425,0.721718,-6.62843e-08,0,0,True,PGT121|2944,1314058
1,130_bNAb_Combinations|1314058|sample|11|nan|2944,0,-1.43901e-08,0.0028565,-1.57433,-3.12036e-08,0,0,True,VRC07-523LS|2944,1314058
1,130_bNAb_Combinations|1314058|sample|12|nan|2944,0,9.16261e-09,-0.0247925,-1.71705,-7.85718e-08,0,0,True,VRC07-523LS|2944,1314058
1,130_bNAb_Combinations|1314058|sample|3|nan|2944,0,5.11005e-08,-0.0814172,2.16967,-1.08227e-07,0,0,True,PGDM1400|2944,1314058
1,130_bNAb_Combinations|1314058|sample|4|nan|2944,0,2.31634e-08,-0.192483,1.43318,1.31136e-08,0,0,True,PGDM1400|2944,1314058
1,130_bNAb_Combinations|1314058|sample|5|nan|2944,0,9.35028e-09,-0.296138,1.10086,1.36452e-07,0,0,True,PGDM1400|2944,1314058
1,130_bNAb_Combinations|1314058|sample|6|nan|2944,0,8.21449e-08,-0.281098,1.52811,3.13439e-08,0,0,True,PGDM1400|2944,1314058
1,130_bNAb_Combinations|1314058|sample|7|nan|2944,0,5.14822e-08,0.076907,0.837297,5.50491e-08,0,0,True,PGT121|2944,1314058
1,130_bNAb_Combinations|1314058|sample|8|nan|2944,0,1.93708e-07,0.00364439,0.190404,2.25789e-09,0,0,True,PGT121|2944,1314058
1,130_bNAb_Combinations|1314058|sample|9|nan|2944,0,-5.87329e-08,0.147018,0.866834,2.14007e-08,0,0,True,PGT121|2944,1314058
1,130_bNAb_Combinations|1314058|vc|1|2|nan|2944,0,-5.5892e-08,-0.129555,-1.2611,-4.23462e-08,0,0,False,nan|2944,1314058
1,130_bNAb_Combinations|1314058|vc|2|2|nan|2944,0,-1.13706e-07,-0.126798,1.34073,-7.22915e-08,0,0,False,nan|2944,1314058
1,130_bNAb_Combinations|1314058|vc|3|2|nan|2944,0,-1.0679e-07,-0.121751,-0.494432,-2.8104e-08,0,0,False,nan|2944,1314058
1,130_bNAb_Combinations|1314058|vc|4|2|nan|2944,0,7.83521e-08,0.0897688,-3.84176,-6.84118e-09,0,0,False,nan|2944,1314058
1,130_bNAb_Combinations|1314058|vc|5|2|nan|2944,0,3.0003e-08,-0.327722,-4.81936,4.81802e-08,0,0,False,nan|2944,1314058
1,130_bNAb_Combinations|1314058|vc|6|2|nan|2944,0,-9.43512e-08,-0.246918,0.509113,2.19503e-09,0,0,False,nan|2944,1314058
1,130_bNAb_Combinations|1314058|vc|7|2|nan|2944,0,1.04241e-07,-0.200924,0.412043,4.36812e-08,0,0,False,nan|2944,1314058
1,130_bNAb_Combinations|1314058|vc|8|2|nan|2944,0,6.08114e-08,-0.260546,-2.41618,5.40753e-08,0,0,False,nan|2944,1314058
1,130_bNAb_Combinations|1342240|cc|1|1|nan|1798,0,-7.47345e-08,0.0119921,-1.43032,-6.64772e-08,0,0,False,nan|1798,1342240
1,130_bNAb_Combinations|1342240|cc|2|1|nan|1798,0,9.3721e-08,0.216425,2.90744,-3.81749e-08,0,0,False,nan|1798,1342240
1,130_bNAb_Combinations|1342240|cc|3|1|nan|1798,0,-5.84954e-08,0.00182512,-2.29265,5.79042e-08,0,0,False,nan|1798,1342240
1,130_bNAb_Combinations|1342240|cc|4|1|nan|1798,0,4.40876e-08,-0.154257,1.40277,5.72578e-08,0,0,False,nan|1798,1342240
1,130_bNAb_Combinations|1342240|cc|5|1|nan|1798,0,-1.17597e-08,0.207758,-0.971791,1.19173e-07,0,0,False,nan|1798,1342240
1,130_bNAb_Combinations|1342240|cc|6|1|nan|1798,0,7.46195e-09,0.0430011,-3.35026,-1.26735e-08,0,0,False,nan|1798,1342240
1,130_bNAb_Combinations|1342240|cc|7|1|nan|1798,0,3.87862e-08,-0.00115017,0.0495028,-2.83498e-09,0,0,False,nan|1798,1342240
1,130_bNAb_Combinations|1342240|cc|8|1|nan|1798,0,2.14521e-08,0.016931,0.647915,3.7512e-08,0,0,False,nan|1798,1342240
1,130_bNAb_Combinations|1342240|sample|3|nan|1798,0,1.04137e-07,0.116486,-2.20955,-2.57592e-08,0,0,True,VRC07-523LS|1798,1342240
1,130_bNAb_Combinations|1342240|sample|4|nan|1798,0,-1.39329e-08,0.419068,-1.74278,9.61717e-08,0,0,True,VRC07-523LS|1798,1342240
1,130_bNAb_Combinations|1342240|sample|8|nan|1798,0,2.97055e-08,-0.0627835,-2.34202,-7.5241e-08,0,0,True,VRC07-523LS|1798,1342240
1,130_bNAb_Combinations|1342240|vc|1|2|nan|1798,0,9.98328e-09,-0.0867934,-0.56298,-6.91501e-08,0,0,False,nan|1798,1342240
1,130_bNAb_Combinations|1342240|vc|2|2|nan|1798,0,6.69422e-10,0.177853,-0.389055,5.77107e-08,0,0,False,nan|1798,1342240
1,130_bNAb_Combinations|1342240|vc|3|2|nan|1798,0,-9.09616e-08,0.107724,-2.11553,2.96636e-08,0,0,False,nan|1798,1342240
1,130_bNAb_Combinations|1342240|vc|4|2|nan|1798,0,-2.57143e-08,0.0126426,1.9745,-5.52554e-08,0,0,False,nan|1798,1342240
1,130_bNAb_Combinations|1342240|vc|5|2|nan|1798,0,2.18545e-08,-0.0654763,-0.769725,-4.47428e-08,0,0,False,nan|1798,1342240
1,130_bNAb_Combinations|1342240|vc|6|2|nan|1798,0,1.50309e-07,-0.144183,0.869774,6.29935e-09,0,0,False,nan|1798,1342240
1,130_bNAb_Combinations|1342240|vc|7|2|nan|1798,0,7.25818e-08,0.250658,-0.382922,-5.18355e-09,0,0,False,nan|1798,1342240
1,130_bNAb_Combinations|1342240|vc|8|2|nan|1798,0,-2.9923e-09,0.116779,-1.33248,-4.34693e-08,0,0,False,nan|1798,1342240
1,130_bNAb_Combinations|1342258|cc|1|1|TRO.11|8301,0,9.02238e-08,-0.012297,-1.82178,5.57126e-08,0,0,False,nan|TRO.11,1342258
1,130_bNAb_Combinations|1342258|cc|2|1|TRO.11|8301,0,9.7213e-09,0.0733453,3.12539,-3.12275e-08,0,0,False,nan|TRO.11,1342258
1,130_bNAb_Combinations|1342258|cc|3|1|TRO.11|8301,0,6.17677e-08,-0.266138,0.277652,1.95198e-08,0,0,False,nan|TRO.11,1342258
1,130_bNAb_Combinations|1342258|cc|4|1|TRO.11|8301,0,5.37288e-08,0.0198102,4.20083,-2.64839e-08,0,0,False,nan|TRO.11,1342258
1,130_bNAb_Combinations|1342258|cc|5|1|TRO.11|8301,0,8.11218e-08,-0.108142,-0.683008,-1.41767e-08,0,0,False,nan|TRO.11,1342258
1,130_bNAb_Combinations|1342258|cc|6|1|TRO.11|8301,0,-7.09321e-08,0.0813644,0.448194,-3.38294e-09,0,0,False,nan|TRO.11,1342258
1,130_bNAb_Combinations|1342258|cc|7|1|TRO.11|8301,0,5.16663e-08,0.121883,-2.07405,-6.22816e-08,0,0,False,nan|TRO.11,1342258
1,130_bNAb_Combinations|1342258|cc|8|1|TRO.11|8301,0,-5.24905e-08,-0.0935898,1.21913,6.21394e-09,0,0,False,nan|TRO.11,1342258
1,130_bNAb_Combinations|1342258|sample|3|TRO.11|8301,0,-5.78533e-08,0.214187,-0.912104,2.80303e-08,0,0,True,VRC07-523LS|TRO.11,1342258
1,130_bNAb_Combinations|1342258|sample|4|TRO.11|8301,0,1.12022e-08,0.246439,-0.946255,1.973e-08,0,0,True,VRC07-523LS|TRO.11,1342258
1,130_bNAb_Combinations|1342258|vc|1|2|TRO.11|8301,0,4.91037e-09,-0.0115134,0.720513,1.10726e-08,0,0,False,nan|TRO.11,1342258
1,130_bNAb_Combinations|1342258|vc|2|2|TRO.11|8301,0,-7.70258e-08,0.0709438,-3.37186,2.33047e-08,0,0,False,nan|TRO.11,1342258
1,130_bNAb_Combinations|1342258|vc|3|2|TRO.11|8301,0,-9.38064e-08,0.0609436,3.51485,2.63901e-08,0,0,False,nan|TRO.11,1342258
1,130_bNAb_Combinations|1342258|vc|4|2|TRO.11|8301,0,2.53886e-08,0.0828909,-1.89675,-7.04584e-08,0,0,False,nan|TRO.11,1342258
1,130_bNAb_Combinations|1342258|vc|5|2|TRO.11|8301,0,-2.41743e-08,0.305629,-4.3881,2.57224e-08,0,0,False,nan|TRO.11,1342258
1,130_bNAb_Combinations|1342258|vc|6|2|TRO.11|8301,0,5.43969e-08,-0.108821,3.33732,-1.89675e-08,0,0,False,nan|TRO.11,1342258
1,130_bNAb_Combinations|1342258|vc|7|2|TRO.11|8301,0,7.9876e-09,-0.117031,-0.268824,5.09626e-08,0,0,False,nan|TRO.11,1342258
1,130_bNAb_Combinations|1342258|vc|8|2|TRO.11|8301,0,6.82162e-08,0.0816679,-0.422364,-3.16242e-08,0,0,False,nan|TRO.11,1342258
1,130_bNAb_Combinations|1342276|cc|1|1|Ce1176_A3|7023,0,7.54179e-09,-0.120191,0.915216,5.15995e-09,0,0,False,nan|Ce1176_A3,1342276
1,130_bNAb_Combinations|1342276|cc|2|1|Ce1176_A3|7023,0,2.55192e-08,0.00512093,0.382039,6.34892e-08,0,0,False,nan|Ce1176_A3,1342276
1,130_bNAb_Combinations|1342276|cc|3|1|Ce1176_A3|7023,0,8.14673e-08,0.0443429,3.29385,-4.95196e-08,0,0,False,nan|Ce1176_A3,1342276
1,130_bNAb_Combinations|1342276|cc|4|1|Ce1176_A3|7023,0,2.0941e-08,0.0825161,6.55013,-7.41663e-09,0,0,False,nan|Ce1176_A3,1342276
1,130_bNAb_Combinations|1342276|cc|5|1|Ce1176_A3|7023,0,8.11074e-08,-0.00728685,1.89736,1.90453e-08,0,0,False,nan|Ce1176_A3,1342276
1,130_bNAb_Combinations|1342276|cc|6|1|Ce1176_A3|7023,0,5.35502e-08,-0.140575,1.25733,4.90379e-09,0,0,False,nan|Ce1176_A3,1342276
1,130_bNAb_Combinations|1342276|cc|7|1|Ce1176_A3|7023,0,1.20295e-07,-0.103047,-0.769224,-3.48112e-08,0,0,False,nan|Ce1176_A3,1342276
1,130_bNAb_Combinations|1342276|cc|8|1|Ce1176_A3|7023,0,-5.58476e-08,-0.0170543,1.24628,-1.1696e-08,0,0,False,nan|Ce1176_A3,1342276
1,130_bNAb_Combinations|1342276|sample|3|Ce1176_A3|7023,0,2.18645e-08,0.284814,-1.67664,-1.77042e-08,0,0,True,VRC07-523LS|Ce1176_A3,1342276
1,130_bNAb_Combinations|1342276|sample|4|Ce1176_A3|7023,0,-1.56913e-07,0.0662654,-1.98214,5.58574e-08,0,0,True,VRC07-523LS|Ce1176_A3,1342276
1,130_bNAb_Combinations|1342276|vc|1|2|Ce1176_A3|7023,0,-4.92174e-09,0.211577,-1.33161,9.60818e-08,0,0,False,nan|Ce1176_A3,1342276
1,130_bNAb_Combinations|1342276|vc|2|2|Ce1176_A3|7023,0,1.1094e-07,-0.144176,-0.768716,-7.47131e-08,0,0,False,nan|Ce1176_A3,1342276
1,130_bNAb_Combinations|1342276|vc|3|2|Ce1176_A3|7023,0,6.74967e-08,-0.0111618,-1.13884,8.85272e-09,0,0,False,nan|Ce1176_A3,1342276
1,130_bNAb_Combinations|1342276|vc|4|2|Ce1176_A3|7023,0,-6.08312e-08,0.16333,-1.57091,-1.7502e-08,0,0,False,nan|Ce1176_A3,1342276
1,130_bNAb_Combinations|1342276|vc|5|2|Ce1176_A3|7023,0,-1.43562e-07,0.0283729,-1.58893,-4.54555e-08,0,0,False,nan|Ce1176_A3,1342276
1,130_bNAb_Combinations|1342276|vc|6|2|Ce1176_A3|7023,0,-5.24091e-08,-0.0944774,2.65541,-7.79733e-09,0,0,False,nan|Ce1176_A3,1342276
1,130_bNAb_Combinations|1342276|vc|7|2|Ce1176_A3|7023,0,5.00777e-08,0.0808911,-0.59319,-1.79764e-08,0,0,False,nan|Ce1176_A3,1342276
1,130_bNAb_Combinations|1342276|vc|8|2|Ce1176_A3|7023,0,6.15369e-08,0.00201731,-2.04969,-2.78677e-08,0,0,False,nan|Ce1176_A3,1342276
1,130_bNAb_Combinations|1342294|cc|1|1|nan|1176,0,1.10924e-07,-0.340953,1.30211,4.72392e-08,0,0,False,nan|1176,1342294
1,130_bNAb_Combinations|1342294|cc|2|1|nan|1176,0,-3.81318e-08,-0.357834,2.0115,2.46323e-08,0,0,False,nan|1176,1342294
1,130_bNAb_Combinations|1342294|cc|3|1|nan|1176,0,1.86172e-08,0.171956,-3.14106,2.07107e-08,0,0,False,nan|1176,1342294
1,130_bNAb_Combinations|1342294|cc|4|1|nan|1176,0,8.61304e-08,-0.0627594,-0.229301,5.72151e-08,0,0,False,nan|1176,1342294
1,130_bNAb_Combinations|1342294|cc|5|1|nan|1176,0,-1.20895e-07,-0.167848,1.11254,6.57475e-08,0,0,False,nan|1176,1342294
1,130_bNAb_Combinations|1342294|cc|6|1|nan|1176,0,5.35472e-08,-0.159652,-3.95575,-9.84333e-08,0,0,False,nan|1176,1342294
1,130_bNAb_Combinations|1342294|cc|7|1|nan|1176,0,-8.94002e-08,0.0145039,2.30143,9.70487e-09,0,0,False,nan|1176,1342294
1,130_bNAb_Combinations|1342294|cc|8|1|nan|1176,0,-2.40141e-08,0.334103,-0.516068,-6.34303e-08,0,0,False,nan|1176,1342294
1,130_bNAb_Combinations|1342294|sample|3|nan|1176,0,9.7191e-08,-0.0419809,-1.15097,-6.06507e-08,0,0,True,VRC07-523LS|1176,1342294
1,130_bNAb_Combinations|1342294|sample|4|nan|1176,0,-3.77458e-08,0.100847,-0.938473,-8.58643e-08,0,0,True,VRC07-523LS|1176,1342294
1,130_bNAb_Combinations|1342294|sample|8|nan|1176,0,9.13566e-08,-0.0945038,-2.28951,-7.99742e-08,0,0,True,VRC07-523LS|1176,1342294
1,130_bNAb_Combinations|1342294|vc|1|2|nan|1176,0,-3.33544e-08,-0.0997757,-4.06084,-3.3841e-08,0,0,False,nan|1176,1342294
1,130_bNAb_Combinations|1342294|vc|2|2|nan|1176,0,-1.39084e-07,-0.00200894,-2.2716,4.18934e-08,0,0,False,nan|1176,1342294
1,130_bNAb_Combinations|1342294|vc|3|2|nan|1176,0,8.07568e-09,0.258403,-1.73444,1.87764e-08,0,0,False,nan|1176,1342294
1,130_bNAb_Combinations|1342294|vc|4|2|nan|1176,0,1.28803e-08,0.0293016,-1.08763,-3.09147e-08,0,0,False,nan|1176,1342294
1,130_bNAb_Combinations|1342294|vc|5|2|nan|1176,0,8.08032e-08,0.00136372,1.31789,-4.22039e-08,0,0,False,nan|1176,1342294
1,130_bNAb_Combinations|1342294|vc|6|2|nan|1176,0,-4.00773e-08,-0.204965,2.38669,3.60366e-08,0,0,False,nan|1176,1342294
1,130_bNAb_Combinations|1342294|vc|7|2|nan|1176,0,-1.31751e-07,-0.157048,5.4101,-2.02336e-08,0,0,False,nan|1176,1342294
1,130_bNAb_Combinations|1342294|vc|8|2|nan|1176,0,-4.53578e-08,0.00050267,-3.02905,7.65878e-09,0,0,False,nan|1176,1342294
1,130_bNAb_Combinations|1342312|cc|1|1|RHPA4259.7|5371,0,3.93221e-08,0.0443057,-2.46728,-3.77728e-08,0,0,False,nan|RHPA4259.7,1342312
1,130_bNAb_Combinations|1342312|cc|2|1|RHPA4259.7|5371,0,-1.08414e-08,0.254335,-1.1147,-2.59238e-08,0,0,False,nan|RHPA4259.7,1342312
1,130_bNAb_Combinations|1342312|cc|3|1|RHPA4259.7|5371,0,-9.18105e-08,-0.153176,-0.496856,-1.273e-07,0,0,False,nan|RHPA4259.7,1342312
1,130_bNAb_Combinations|1342312|cc|4|1|RHPA4259.7|5371,0,-6.0485e-09,0.0792745,0.675575,-3.4096e-08,0,0,False,nan|RHPA4259.7,1342312
1,130_bNAb_Combinations|1342312|cc|5|1|RHPA4259.7|5371,0,2.8998e-10,-0.0930445,-2.26638,-2.65372e-09,0,0,False,nan|RHPA4259.7,1342312
1,130_bNAb_Combinations|1342312|cc|6|1|RHPA4259.7|5371,0,1.2523e-07,0.175649,0.774148,5.99025e-08,0,0,False,nan|RHPA4259.7,1342312
1,130_bNAb_Combinations|1342312|cc|7|1|RHPA4259.7|5371,0,-1.04419e-07,0.0123401,3.25996,1.98632e-08,0,0,False,nan|RHPA4259.7,1342312
1,130_bNAb_Combinations|1342312|cc|8|1|RHPA4259.7|5371,0,-4.11468e-08,0.132444,2.25223,4.01668e-08,0,0,False,nan|RHPA4259.7,1342312
1,130_bNAb_Combinations|1342312|sample|3|RHPA4259.7|5371,0,-5.08963e-08,0.219047,0.381518,2.54151e-08,0,0,True,VRC07-523LS|RHPA4259.7,1342312
1,130_bNAb_Combinations|1342312|sample|4|RHPA4259.7|5371,0,-1.98305e-08,0.107141,0.065372,-5.01515e-08,0,0,True,VRC07-523LS|RHPA4259.7,1342312
1,130_bNAb_Combinations|1342312|vc|1|2|RHPA4259.7|5371,0,-1.02576e-08,0.0409604,3.21408,9.20453e-08,0,0,False,nan|RHPA4259.7,1342312
1,130_bNAb_Combinations|1342312|vc|2|2|RHPA4259.7|5371,0,-3.62007e-08,-0.195207,2.39444,-9.50767e-08,0,0,False,nan|RHPA4259.7,1342312
1,130_bNAb_Combinations|1342312|vc|3|2|RHPA4259.7|5371,0,1.34533e-07,-0.0231117,0.762948,1.21364e-07,0,0,False,nan|RHPA4259.7,1342312
1,130_bNAb_Combinations|1342312|vc|4|2|RHPA4259.7|5371,0,-1.58254e-08,0.0440814,-0.993459,-1.08172e-08,0,0,False,nan|RHPA4259.7,1342312
1,130_bNAb_Combinations|1342312|vc|5|2|RHPA4259.7|5371,0,4.62327e-08,-0.137572,1.14652,8.90992e-08,0,0,False,nan|RHPA4259.7,1342312
1,130_bNAb_Combinations|1342312|vc|6|2|RHPA4259.7|5371,0,1.45938e-07,0.0540489,-0.0254946,-1.72133e-08,0,0,False,nan|RHPA4259.7,1342312
1,130_bNAb_Combinations|1342312|vc|7|2|RHPA4259.7|5371,0,-3.20036e-08,-0.118773,4.32606,-4.05501e-08,0,0,False,nan|RHPA4259.7,1342312
1,130_bNAb_Combinations|1342312|vc|8|2|RHPA4259.7|5371,0,-5.05266e-08,0.224494,-0.636156,3.93643e-08,0,0,False,nan|RHPA4259.7,1342312
1,130_bNAb_Combinations|1342336|cc|1|1|nan|3430,0,5.09076e-08,-0.28461,1.346,-1.54802e-10,0,0,False,nan|3430,1342336
1,130_bNAb_Combinations|1342336|cc|2|1|nan|3430,0,-4.48157e-08,-0.119257,2.51604,1.14321e-07,0,0,False,nan|3430,1342336
1,130_bNAb_Combinations|1342336|cc|3|1|nan|3430,0,1.10275e-09,-0.0478738,-2.28519,-5.99197e-08,0,0,False,nan|3430,1342336
1,130_bNAb_Combinations|1342336|cc|4|1|nan|3430,0,4.11457e-08,-0.281916,-1.83902,-5.83105e-09,0,0,False,nan|3430,1342336
1,130_bNAb_Combinations|1342336|cc|5|1|nan|3430,0,8.55073e-08,-0.028953,-0.527315,-6.06838e-08,0,0,False,nan|3430,1342336
1,130_bNAb_Combinations|1342336|cc|6|1|nan|3430,0,9.61168e-08,0.199391,1.65701,2.5837e-08,0,0,False,nan|3430,1342336
1,130_bNAb_Combinations|1342336|cc|7|1|nan|3430,0,6.32325e-08,-0.135165,1.1167,-2.54447e-08,0,0,False,nan|3430,1342336
1,130_bNAb_Combinations|1342336|cc|8|1|nan|3430,0,-7.11449e-09,-0.0164913,2.57166,4.07954e-08,0,0,False,nan|3430,1342336
1,130_bNAb_Combinations|1342336|sample|3|nan|3430,0,4.58369e-08,0.140288,-0.0984576,-1.06219e-07,0,0,True,VRC07-523LS|3430,1342336
1,130_bNAb_Combinations|1342336|sample|4|nan|3430,0,-9.35981e-08,0.351361,0.225829,-4.74743e-08,0,0,True,VRC07-523LS|3430,1342336
1,130_bNAb_Combinations|1342336|sample|5|nan|3430,0,-2.24845e-08,0.0935635,-0.767256,4.40568e-08,0,0,True,VRC07-523LS|3430,1342336
1,130_bNAb_Combinations|1342336|vc|1|2|nan|3430,0,-5.72092e-08,0.0185733,-1.85218,5.23791e-08,0,0,False,nan|3430,1342336
1,130_bNAb_Combinations|1342336|vc|2|2|nan|3430,0,-1.16349e-07,0.000469973,0.152394,-5.43954e-08,0,0,False,nan|3430,1342336
1,130_bNAb_Combinations|1342336|vc|3|2|nan|3430,0,8.42076e-08,-0.0748495,-0.566273,-6.86326e-08,0,0,False,nan|3430,1342336
1,130_bNAb_Combinations|1342336|vc|4|2|nan|3430,0,-9.04512e-08,0.121119,-2.07565,-4.7581e-08,0,0,False,nan|3430,1342336
1,130_bNAb_Combinations|1342336|vc|5|2|nan|3430,0,6.60545e-08,0.2588,-1.82376,-4.75359e-08,0,0,False,nan|3430,1342336
1,130_bNAb_Combinations|1342336|vc|6|2|nan|3430,0,6.89409e-08,-0.223106,-1.03436,-2.56516e-08,0,0,False,nan|3430,1342336
1,130_bNAb_Combinations|1342336|vc|7|2|nan|3430,0,3.93829e-08,-0.226263,0.168382,8.36242e-08,0,0,False,nan|3430,1342336
1,130_bNAb_Combinations|1342336|vc|8|2|nan|3430,0,7.2135e-09,-0.0793328,-1.57474,2.40588e-08,0,0,False,nan|3430,1342336
1,130_bNAb_Combinations|1342348|cc|1|1|nan|4166,0,-9.72665e-08,0.0155023,0.953741,8.08276e-08,0,0,False,nan|4166,1342348
1,130_bNAb_Combinations|1342348|cc|2|1|nan|4166,0,-4.85041e-08,0.0857882,-0.430606,4.28727e-08,0,0,False,nan|4166,1342348
1,130_bNAb_Combinations|1342348|cc|3|1|nan|4166,0,1.01897e-07,-0.254717,1.14893,3.82242e-08,0,0,False,nan|4166,1342348
1,130_bNAb_Combinations|1342348|cc|4|1|nan|4166,0,-7.15116e-08,0.0821012,-3.11182,-1.92859e-08,0,0,False,nan|4166,1342348
1,130_bNAb_Combinations|1342348|cc|5|1|nan|4166,0,-5.31083e-08,0.00773965,-0.346007,-1.86951e-08,0,0,False,nan|4166,1342348
1,130_bNAb_Combinations|1342348|cc|6|1|nan|4166,0,6.88966e-08,0.347685,2.50387,-3.27032e-08,0,0,False,nan|4166,1342348
1,130_bNAb_Combinations|1342348|cc|7|1|nan|4166,0,3.49529e-08,-0.0814078,0.727542,5.91393e-08,0,0,False,nan|4166,1342348
1,130_bNAb_Combinations|1342348|cc|8|1|nan|4166,0,-1.50469e-08,0.177435,-3.36827,3.83575e-09,0,0,False,nan|4166,1342348
1,130_bNAb_Combinations|1342348|sample|3|nan|4166,0,5.64135e-08,0.0569132,0.174123,-2.61301e-08,0,0,True,VRC07-523LS|4166,1342348
1,130_bNAb_Combinations|1342348|sample|4|nan|4166,0,1.5675e-08,0.142184,0.483914,4.73303e-08,0,0,True,VRC07-523LS|4166,1342348
1,130_bNAb_Combinations|1342348|vc|1|2|nan|4166,0,5.77673e-08,-0.0918726,-0.931979,6.32947e-08,0,0,False,nan|4166,1342348
1,130_bNAb_Combinations|1342348|vc|2|2|nan|4166,0,-5.77136e-08,0.0822876,1.47633,-2.64534e-08,0,0,False,nan|4166,1342348
1,130_bNAb_Combinations|1342348|vc|3|2|nan|4166,0,-3.35395e-08,-0.136588,0.208247,3.79046e-08,0,0,False,nan|4166,1342348
1,130_bNAb_Combinations|1342348|vc|4|2|nan|4166,0,8.72364e-08,-0.0261811,3.31811,1.51496e-09,0,0,False,nan|4166,1342348
1,130_bNAb_Combinations|1342348|vc|5|2|nan|4166,0,-4.33195e-08,0.138585,0.268674,-2.72294e-08,0,0,False,nan|4166,1342348
1,130_bNAb_Combinations|1342348|vc|6|2|nan|4166,0,-1.02658e-08,-0.0408558,2.0894,1.86461e-08,0,0,False,nan|4166,1342348
1,130_bNAb_Combinations|1342348|vc|7|2|nan|4166,0,-3.15679e-08,0.230367,0.445574,1.88631e-08,0,0,False,nan|4166,1342348
1,130_bNAb_Combinations|1342348|vc|8|2|nan|4166,0,2.97125e-08,0.098435,0.177016,7.45094e-09,0,0,False,nan|4166,1342348
1,130_bNAb_Combinations|1342372|cc|1|1|nan|2944,0,1.88877e-07,-0.1791,1.78466,7.57471e-08,0,0,False,nan|2944,1342372
1,130_bNAb_Combinations|1342372|cc|2|1|nan|2944,0,4.95901e-08,-0.00806794,1.11188,-1.0875e-07,0,0,False,nan|2944,1342372
1,130_bNAb_Combinations|1342372|cc|3|1|nan|2944,0,1.21117e-07,-0.0844255,-1.1971,-3.4935e-08,0,0,False,nan|2944,1342372
1,130_bNAb_Combinations|1342372|cc|4|1|nan|2944,0,-3.82583e-08,-0.155795,-2.9453,-3.26531e-09,0,0,False,nan|2944,1342372
1,130_bNAb_Combinations|1342372|cc|5|1|nan|2944,0,3.62651e-08,-0.118151,-2.29692,9.55055e-09,0,0,False,nan|2944,1342372
1,130_bNAb_Combinations|1342372|cc|6|1|nan|2944,0,1.15548e-08,-0.143408,-2.17015,8.34786e-08,0,0,False,nan|2944,1342372
1,130_bNAb_Combinations|1342372|cc|7|1|nan|2944,0,6.17151e-09,0.172762,-2.02918,3.7868e-08,0,0,False,nan|2944,1342372
1,130_bNAb_Combinations|1342372|cc|8|1|nan|2944,0,-7.82074e-08,-0.116392,2.47908,-3.07898e-10,0,0,False,nan|2944,1342372
1,130_bNAb_Combinations|1342372|sample|3|nan|2944,0,-5.5194e-08,0.0236121,-1.65932,-9.12105e-08,0,0,True,VRC07-523LS|2944,1342372
1,130_bNAb_Combinations|1342372|sample|4|nan|2944,0,-1.10427e-07,0.0464847,-1.36571,-1.06704e-07,0,0,True,VRC07-523LS|2944,1342372
1,130_bNAb_Combinations|1342372|vc|1|2|nan|2944,0,5.80425e-08,-0.287696,-1.95932,4.61598e-08,0,0,False,nan|2944,1342372
1,130_bNAb_Combinations|1342372|vc|2|2|nan|2944,0,-1.80255e-08,0.127832,-0.176157,4.22997e-08,0,0,False,nan|2944,1342372
1,130_bNAb_Combinations|1342372|vc|3|2|nan|2944,0,3.02755e-08,0.00890946,2.90187,-2.90257e-08,0,0,False,nan|2944,1342372
1,130_bNAb_Combinations|1342372|vc|4|2|nan|2944,0,1.4519e-07,0.0252244,-1.15497,7.59415e-08,0,0,False,nan|2944,1342372
1,130_bNAb_Combinations|1342372|vc|5|2|nan|2944,0,7.85675e-08,-0.357331,1.29631,1.47912e-08,0,0,False,nan|2944,1342372
1,130_bNAb_Combinations|1342372|vc|6|2|nan|2944,0,-6.39323e-08,-0.17311,0.279311,6.72883e-08,0,0,False,nan|2944,1342372
1,130_bNAb_Combinations|1342372|vc|7|2|nan|2944,0,-7.15388e-08,0.109547,2.16052,1.4316e-08,0,0,False,nan|2944,1342372
1,130_bNAb_Combinations|1342372|vc|8|2|nan|2944,0,5.9566e-08,-0.294343,-0.5399,9.97834e-09,0,0,False,nan|2944,1342372
1,130_bNAb_Combinations|1342384|cc|1|1|nan|2946,0,9.0895e-09,0.0927179,-1.92579,-1.38316e-07,0,0,False,nan|2946,1342384
1,130_bNAb_Combinations|1342384|cc|2|1|nan|2946,0,4.94443e-08,0.0882427,-3.41527,2.38667e-08,0,0,False,nan|2946,1342384
1,130_bNAb_Combinations|1342384|cc|3|1|nan|2946,0,1.69919e-07,0.275918,-2.99623,5.24402e-10,0,0,False,nan|2946,1342384
1,130_bNAb_Combinations|1342384|cc|4|1|nan|2946,0,8.52072e-08,-0.0737209,-3.63311,-2.77441e-08,0,0,False,nan|2946,1342384
1,130_bNAb_Combinations|1342384|cc|5|1|nan|2946,0,-5.04903e-08,0.114309,-1.05088,-5.98127e-08,0,0,False,nan|2946,1342384
1,130_bNAb_Combinations|1342384|cc|6|1|nan|2946,0,-1.91111e-10,0.0634796,0.617743,-3.98847e-09,0,0,False,nan|2946,1342384
1,130_bNAb_Combinations|1342384|cc|7|1|nan|2946,0,-2.21978e-08,-0.103361,0.138474,2.73434e-08,0,0,False,nan|2946,1342384
1,130_bNAb_Combinations|1342384|cc|8|1|nan|2946,0,5.44821e-08,0.0555575,0.144196,-6.12e-08,0,0,False,nan|2946,1342384
1,130_bNAb_Combinations|1342384|sample|3|nan|2946,0,-5.97966e-08,0.0166113,-2.87645,-1.99997e-08,0,0,True,VRC07-523LS|2946,1342384
1,130_bNAb_Combinations|1342384|sample|4|nan|2946,0,-3.28702e-08,0.0256979,-2.92479,-6.05274e-08,0,0,True,VRC07-523LS|2946,1342384
1,130_bNAb_Combinations|1342384|vc|1|2|nan|2946,0,-5.23074e-08,0.130219,-0.825518,-5.561e-09,0,0,False,nan|2946,1342384
1,130_bNAb_Combinations|1342384|vc|2|2|nan|2946,0,2.33989e-09,0.00851449,-1.69105,-4.17204e-08,0,0,False,nan|2946,1342384
1,130_bNAb_Combinations|1342384|vc|3|2|nan|2946,0,4.71239e-08,-0.0155959,2.56113,1.29689e-07,0,0,False,nan|2946,1342384
1,130_bNAb_Combinations|1342384|vc|4|2|nan|2946,0,-7.10556e-08,-0.107887,-3.56624,6.06096e-08,0,0,False,nan|2946,1342384
1,130_bNAb_Combinations|1342384|vc|5|2|nan|2946,0,1.09992e-08,0.0101142,-4.08598,9.66774e-08,0,0,False,nan|2946,1342384
1,130_bNAb_Combinations|1342384|vc|6|2|nan|2946,0,-9.08171e-08,0.161843,-0.618407,-1.58906e-07,0,0,False,nan|2946,1342384
1,130_bNAb_Combinations|1342384|vc|7|2|nan|2946,0,1.20664e-07,-0.140702,0.0881941,-2.24475e-08,0,0,False,nan|2946,1342384
1,130_bNAb_Combinations|1342384|vc|8|2|nan|2946,0,7.69118e-08,-0.456627,2.58125,4.85428e-08,0,0,False,nan|2946,1342384
1,130_bNAb_Combinations|1342396|cc|1|1|PVO.4|5024,0,3.36497e-09,0.0611443,-2.01557,3.36313e-08,0,0,False,nan|PVO.4,1342396
1,130_bNAb_Combinations|1342396|cc|2|1|PVO.4|5024,0,2.49952e-08,-0.187931,2.35795,-3.2843e-08,0,0,False,nan|PVO.4,1342396
1,130_bNAb_Combinations|1342396|cc|3|1|PVO.4|5024,0,-1.81605e-08,-0.158649,-1.56168,5.41815e-08,0,0,False,nan|PVO.4,1342396
1,130_bNAb_Combinations|1342396|cc|4|1|PVO.4|5024,0,-6.37849e-08,-0.025473,-3.2394,3.33811e-08,0,0,False,nan|PVO.4,1342396
1,130_bNAb_Combinations|1342396|cc|5|1|PVO.4|5024,0,-1.1632e-07,0.112138,0.0650826,1.20034e-09,0,0,False,nan|PVO.4,1342396
1,130_bNAb_Combinations|1342396|cc|6|1|PVO.4|5024,0,-2.52569e-09,-0.260145,-5.84552,5.22943e-08,0,0,False,nan|PVO.4,1342396
1,130_bNAb_Combinations|1342396|cc|7|1|PVO.4|5024,0,-2.47677e-08,0.203076,0.549132,5.12414e-08,0,0,False,nan|PVO.4,1342396
1,130_bNAb_Combinations|1342396|cc|8|1|PVO.4|5024,0,-2.90817e-08,0.0775143,-1.76113,-1.2113e-08,0,0,False,nan|PVO.4,1342396
1,130_bNAb_Combinations|1342396|sample|3|PVO.4|5024,0,6.31084e-08,0.0803072,-1.35769,-4.77287e-08,0,0,True,VRC07-523LS|PVO.4,1342396
1,130_bNAb_Combinations|1342396|sample|4|PVO.4|5024,0,2.61376e-08,0.214278,-1.18749,2.43253e-08,0,0,True,VRC07-523LS|PVO.4,1342396
1,130_bNAb_Combinations|1342396|vc|1|2|PVO.4|5024,0,-3.20966e-08,0.0834311,-1.71416,-9.83658e-09,0,0,False,nan|PVO.4,1342396
1,130_bNAb_Combinations|1342396|vc|2|2|PVO.4|5024,0,1.01432e-07,-0.10711,-0.983575,-8.44792e-08,0,0,False,nan|PVO.4,1342396
1,130_bNAb_Combinations|1342396|vc|3|2|PVO.4|5024,0,9.69415e-08,0.0620501,-1.06477,7.30819e-08,0,0,False,nan|PVO.4,1342396
1,130_bNAb_Combinations|1342396|vc|4|2|PVO.4|5024,0,6.92632e-09,0.0599772,-1.70734,4.81042e-08,0,0,False,nan|PVO.4,1342396
1,130_bNAb_Combinations|1342396|vc|5|2|PVO.4|5024,0,-6.11995e-08,0.426272,1.97701,8.37468e-08,0,0,False,nan|PVO.4,1342396
1,130_bNAb_Combinations|1342396|vc|6|2|PVO.4|5024,0,-8.08253e-08,-0.22156,0.126249,-6.13541e-09,0,0,False,nan|PVO.4,1342396
1,130_bNAb_Combinations|1342396|vc|7|2|PVO.4|5024,0,-1.2596e-07,0.0261244,0.817041,8.54936e-08,0,0,False,nan|PVO.4,1342396
1,130_bNAb_Combinations|1342396|vc|8|2|PVO.4|5024,0,-1.19712e-07,-0.178693,-2.7967,-6.38345e-08,0,0,False,nan|PVO.4,1342396
1,130_bNAb_Combinations|1342408|cc|1|1|nan|4168,0,6.732e-08,0.13529,1.99354,-4.76273e-08,0,0,False,nan|4168,1342408
1,130_bNAb_Combinations|1342408|cc|2|1|nan|4168,0,-7.37149e-08,-0.105983,2.05879,-2.22345e-08,0,0,False,nan|4168,1342408
1,130_bNAb_Combinations|1342408|cc|3|1|nan|4168,0,-7.57531e-09,0.0544973,-1.67485,-2.86939e-08,0,0,False,nan|4168,1342408
1,130_bNAb_Combinations|1342408|cc|4|1|nan|4168,0,-6.31363e-08,-0.221766,1.08528,-5.64415e-08,0,0,False,nan|4168,1342408
1,130_bNAb_Combinations|1342408|cc|5|1|nan|4168,0,9.63124e-08,-0.15046,1.62163,-3.28682e-08,0,0,False,nan|4168,1342408
1,130_bNAb_Combinations|1342408|cc|6|1|nan|4168,0,-4.12718e-08,0.292266,2.3315,-1.42876e-08,0,0,False,nan|4168,1342408
1,130_bNAb_Combinations|1342408|cc|7|1|nan|4168,0,8.65319e-08,0.256183,0.191908,-3.76782e-09,0,0,False,nan|4168,1342408
1,130_bNAb_Combinations|1342408|cc|8|1|nan|4168,0,-1.30062e-08,0.0195788,-1.3814,-6.21192e-08,0,0,False,nan|4168,1342408
1,130_bNAb_Combinations|1342408|sample|3|nan|4168,0,1.11515e-08,-0.202917,-3.18802,-5.38724e-08,0,0,True,VRC07-523LS|4168,1342408
1,130_bNAb_Combinations|1342408|sample|4|nan|4168,0,-1.00617e-08,-0.138977,-2.94697,3.04941e-08,0,0,True,VRC07-523LS|4168,1342408
1,130_bNAb_Combinations|1342408|vc|1|2|nan|4168,0,-1.02383e-07,0.0981481,-0.824593,-2.48604e-08,0,0,False,nan|4168,1342408
1,130_bNAb_Combinations|1342408|vc|2|2|nan|4168,0,4.0042e-08,-0.505628,0.930359,-2.12454e-08,0,0,False,nan|4168,1342408
1,130_bNAb_Combinations|1342408|vc|3|2|nan|4168,0,5.68389e-09,-0.31709,0.628927,-7.34174e-08,0,0,False,nan|4168,1342408
1,130_bNAb_Combinations|1342408|vc|4|2|nan|4168,0,-6.72825e-08,0.356578,-3.93991,-4.47386e-09,0,0,False,nan|4168,1342408
1,130_bNAb_Combinations|1342408|vc|5|2|nan|4168,0,4.50467e-08,0.255011,-2.45696,-3.86577e-08,0,0,False,nan|4168,1342408
1,130_bNAb_Combinations|1342408|vc|6|2|nan|4168,0,-1.08313e-07,-0.0394489,-1.54824,2.71959e-08,0,0,False,nan|4168,1342408
1,130_bNAb_Combinations|1342408|vc|7|2|nan|4168,0,-5.26125e-08,0.178759,-1.32123,2.21635e-08,0,0,False,nan|4168,1342408
1,130_bNAb_Combinations|1342408|vc|8|2|nan|4168,0,1.24516e-07,0.183143,0.00410337,-4.19831e-08,0,0,False,nan|4168,1342408
1,704_VRC01_Concordance|1200432|cc|1|1|PVO.4|5024,0,-3.34923e-08,0.104902,-0.439848,-1.08035e-08,0,0,False,nan|PVO.4,1200432
1,704_VRC01_Concordance|1200432|cc|2|1|PVO.4|5024,0,1.01377e-07,0.0375542,1.85411,2.77356e-08,0,0,False,nan|PVO.4,1200432
1,704_VRC01_Concordance|1200432|cc|3|1|PVO.4|5024,0,6.31751e-09,-0.394174,1.64585,-5.05772e-08,0,0,False,nan|PVO.4,1200432
1,704_VRC01_Concordance|1200432|cc|4|1|PVO.4|5024,0,5.15425e-08,-0.011904,2.50654,4.67951e-08,0,0,False,nan|PVO.4,1200432
1,704_VRC01_Concordance|1200432|cc|5|1|PVO.4|5024,0,1.10381e-07,-0.137769,3.08498,-1.49449e-08,0,0,False,nan|PVO.4,1200432
1,704_VRC01_Concordance|1200432|cc|6|1|PVO.4|5024,0,-5.14219e-09,-0.0245873,1.99897,-5.20953e-09,0,0,False,nan|PVO.4,1200432
1,704_VRC01_Concordance|1200432|cc|7|1|PVO.4|5024,0,-3.1191e-08,0.0131512,-1.62191,5.61619e-08,0,0,False,nan|PVO.4,1200432
1,704_VRC01_Concordance|1200432|cc|8|1|PVO.4|5024,0,-7.11932e-08,0.0199779,-1.95263,5.50444e-08,0,0,False,nan|PVO.4,1200432
1,704_VRC01_Concordance|1200432|sample|10|PVO.4|5024,0,-1.22301e-07,0.0224258,-2.90079,-3.7832e-08,0,0,True,Clinical VRC01|PVO.4,1200432
1,704_VRC01_Concordance|1200432|sample|11|PVO.4|5024,0,3.29661e-08,0.0528521,-2.65528,5.31804e-08,0,0,True,Clinical VRC01|PVO.4,1200432
1,704_VRC01_Concordance|1200432|sample|12|PVO.4|5024,0,2.66365e-08,-0.0622914,-2.71806,7.02411e-09,0,0,True,Clinical VRC01|PVO.4,1200432
1,704_VRC01_Concordance|1200432|sample|3|PVO.4|5024,0,5.84036e-08,0.0807974,-2.23761,-6.29868e-08,0,0,True,Clinical VRC01|PVO.4,1200432
1,704_VRC01_Concordance|1200432|sample|4|PVO.4|5024,0,3.19911e-08,0.091726,-2.91632,-3.60835e-08,0,0,True,Clinical VRC01|PVO.4,1200432
1,704_VRC01_Concordance|1200432|sample|5|PVO.4|5024,0,2.06136e-08,0.0583131,-2.89988,3.39148e-08,0,0,True,Clinical VRC01|PVO.4,1200432
1,704_VRC01_Concordance|1200432|sample|6|PVO.4|5024,0,1.0327e-07,0.045929,-3.06917,3.16589e-08,0,0,True,Clinical VRC01|PVO.4,1200432
1,704_VRC01_Concordance|1200432|sample|7|PVO.4|5024,0,-7.89978e-08,-0.00219474,-2.6759,2.68125e-08,0,0,True,Clinical VRC01|PVO.4,1200432
1,704_VRC01_Concordance|1200432|sample|8|PVO.4|5024,0,7.065e-09,0.0457979,-2.56792,-1.40811e-08,0,0,True,Clinical VRC01|PVO.4,1200432
1,704_VRC01_Concordance|1200432|sample|9|PVO.4|5024,0,7.34807e-08,-0.0268639,-3.12094,2.66281e-08,0,0,True,Clinical VRC01|PVO.4,1200432
1,704_VRC01_Concordance|1200432|vc|1|2|PVO.4|5024,0,6.48289e-08,-0.0290883,1.84687,1.43012e-08,0,0,False,nan|PVO.4,1200432
1,704_VRC01_Concordance|1200432|vc|2|2|PVO.4|5024,0,-5.86193e-08,-0.123207,-1.04569,1.7809e-08,0,0,False,nan|PVO.4,1200432
1,704_VRC01_Concordance|1200432|vc|3|2|PVO.4|5024,0,-1.0897e-08,0.0539791,-2.18932,-7.45128e-09,0,0,False,nan|PVO.4,1200432
1,704_VRC01_Concordance|1200432|vc|4|2|PVO.4|5024,0,5.84728e-08,-0.0798293,-1.37737,5.29503e-08,0,0,False,nan|PVO.4,1200432
1,704_VRC01_Concordance|1200432|vc|5|2|PVO.4|5024,0,4.65071e-08,-0.0184509,-0.961124,7.91404e-08,0,0,False,nan|PVO.4,1200432
1,704_VRC01_Concordance|1200432|vc|6|2|PVO.4|5024,0,-6.0639e-08,0.0280274,0.813096,2.43771e-08,0,0,False,nan|PVO.4,1200432
1,704_VRC01_Concordance|1200432|vc|7|2|PVO.4|5024,0,-4.15122e-08,-0.178112,-2.44057,5.83917e-08,0,0,False,nan|PVO.4,1200432
1,704_VRC01_Concordance|1200432|vc|8|2|PVO.4|5024,0,-5.99971e-08,0.0903036,-5.97584,-7.34524e-09,0,0,False,nan|PVO.4,1200432
