rep,id,eta_U,eta_L,eta_m,eta_e,eta_s,eta_alpha,eta_k,goes_down,mab_virus,run_id
1,130_bNAb_Combinations|1313842|cc|1|1|nan|2946,0,-1.48664e-08,0.354992,1.16639e-07,0,0,0,False,nan|2946,1313842
1,130_bNAb_Combinations|1313842|cc|2|1|nan|2946,0,1.79214e-09,-0.277388,2.39724e-08,0,0,0,False,nan|2946,1313842
1,130_bNAb_Combinations|1313842|cc|3|1|nan|2946,0,-7.20044e-09,1.90515,2.19929e-08,0,0,0,False,nan|2946,1313842
1,130_bNAb_Combinations|1313842|cc|4|1|nan|2946,0,-9.23822e-09,-0.432743,4.23509e-08,0,0,0,False,nan|2946,1313842
1,130_bNAb_Combinations|1313842|cc|5|1|nan|2946,0,-1.40291e-09,-0.646326,7.68005e-08,0,0,0,False,nan|2946,1313842
1,130_bNAb_Combinations|1313842|cc|6|1|nan|2946,0,4.70629e-08,0.281677,-1.02225e-07,0,0,0,False,nan|2946,1313842
1,130_bNAb_Combinations|1313842|cc|7|1|nan|2946,0,-2.31316e-08,0.463538,-6.43269e-08,0,0,0,False,nan|2946,1313842
1,130_bNAb_Combinations|1313842|cc|8|1|nan|2946,0,-3.28527e-08,0.693516,-2.60443e-08,0,0,0,False,nan|2946,1313842
1,130_bNAb_Combinations|1313842|sample|10|nan|2946,0,2.33326e-08,0.805279,1.30599e-08,0,0,0,True,PGT121|2946,1313842
1,130_bNAb_Combinations|1313842|sample|11|nan|2946,0,-4.81124e-09,0.741677,7.65792e-08,0,0,0,True,VRC07-523LS|2946,1313842
1,130_bNAb_Combinations|1313842|sample|12|nan|2946,0,7.74052e-09,0.708085,1.06805e-08,0,0,0,True,VRC07-523LS|2946,1313842
1,130_bNAb_Combinations|1313842|sample|3|nan|2946,0,-9.00814e-09,0.796845,-4.78413e-08,0,0,0,True,PGDM1400|2946,1313842
1,130_bNAb_Combinations|1313842|sample|4|nan|2946,0,-4.96507e-08,0.857727,5.52136e-08,0,0,0,True,PGDM1400|2946,1313842
1,130_bNAb_Combinations|1313842|sample|5|nan|2946,0,-4.65405e-09,0.795095,-5.39688e-08,0,0,0,True,PGDM1400|2946,1313842
1,130_bNAb_Combinations|1313842|sample|6|nan|2946,0,-1.52891e-08,0.840919,-2.04935e-08,0,0,0,True,PGDM1400|2946,1313842
1,130_bNAb_Combinations|1313842|sample|7|nan|2946,0,4.21741e-08,0.851833,8.19582e-08,0,0,0,True,PGT121|2946,1313842
1,130_bNAb_Combinations|1313842|sample|8|nan|2946,0,4.96936e-09,0.828945,-8.83823e-08,0,0,0,True,PGT121|2946,1313842
1,130_bNAb_Combinations|1313842|sample|9|nan|2946,0,2.8294e-08,0.850711,9.61475e-09,0,0,0,True,PGT121|2946,1313842
1,130_bNAb_Combinations|1313842|vc|1|2|nan|2946,0,-4.51457e-08,0.628239,-1.61204e-07,0,0,0,False,nan|2946,1313842
1,130_bNAb_Combinations|1313842|vc|2|2|nan|2946,0,7.11216e-08,3.11185,-8.47429e-08,0,0,0,False,nan|2946,1313842
1,130_bNAb_Combinations|1313842|vc|3|2|nan|2946,0,1.39304e-08,1.0336,8.90724e-08,0,0,0,False,nan|2946,1313842
1,130_bNAb_Combinations|1313842|vc|4|2|nan|2946,0,1.49462e-08,0.133541,-4.75729e-08,0,0,0,False,nan|2946,1313842
1,130_bNAb_Combinations|1313842|vc|5|2|nan|2946,0,1.17415e-08,0.666234,7.58699e-08,0,0,0,False,nan|2946,1313842
1,130_bNAb_Combinations|1313842|vc|6|2|nan|2946,0,2.12572e-08,0.0296717,1.05752e-08,0,0,0,False,nan|2946,1313842
1,130_bNAb_Combinations|1313842|vc|7|2|nan|2946,0,-2.0338e-08,0.465772,4.95299e-08,0,0,0,False,nan|2946,1313842
1,130_bNAb_Combinations|1313842|vc|8|2|nan|2946,0,-3.91158e-08,1.16547,-2.47461e-08,0,0,0,False,nan|2946,1313842
1,130_bNAb_Combinations|1313860|cc|1|1|PVO.4|5024,0,4.21198e-08,-0.766995,1.50831e-08,0,0,0,False,nan|PVO.4,1313860
1,130_bNAb_Combinations|1313860|cc|2|1|PVO.4|5024,0,-1.62467e-09,0.358431,-1.63703e-08,0,0,0,False,nan|PVO.4,1313860
1,130_bNAb_Combinations|1313860|cc|3|1|PVO.4|5024,0,-2.35987e-09,-0.52335,-5.71926e-08,0,0,0,False,nan|PVO.4,1313860
1,130_bNAb_Combinations|1313860|cc|4|1|PVO.4|5024,0,-1.0179e-08,-0.814924,-1.06409e-07,0,0,0,False,nan|PVO.4,1313860
1,130_bNAb_Combinations|1313860|cc|5|1|PVO.4|5024,0,-1.18327e-08,0.430287,-6.25326e-10,0,0,0,False,nan|PVO.4,1313860
1,130_bNAb_Combinations|1313860|cc|6|1|PVO.4|5024,0,1.01021e-08,-0.150576,7.76032e-08,0,0,0,False,nan|PVO.4,1313860
1,130_bNAb_Combinations|1313860|cc|7|1|PVO.4|5024,0,2.5561e-08,1.14009,1.89377e-08,0,0,0,False,nan|PVO.4,1313860
1,130_bNAb_Combinations|1313860|cc|8|1|PVO.4|5024,0,-6.10365e-09,-1.5903,-2.22279e-08,0,0,0,False,nan|PVO.4,1313860
1,130_bNAb_Combinations|1313860|sample|10|PVO.4|5024,0,4.38773e-09,0.682432,5.57192e-08,0,0,0,True,PGT121|PVO.4,1313860
1,130_bNAb_Combinations|1313860|sample|11|PVO.4|5024,0,7.27673e-09,0.764794,-1.27728e-08,0,0,0,True,VRC07-523LS|PVO.4,1313860
1,130_bNAb_Combinations|1313860|sample|12|PVO.4|5024,0,-2.65038e-08,0.722511,-1.59633e-08,0,0,0,True,VRC07-523LS|PVO.4,1313860
1,130_bNAb_Combinations|1313860|sample|3|PVO.4|5024,0,5.98409e-09,0.833489,-2.22268e-08,0,0,0,True,PGDM1400|PVO.4,1313860
1,130_bNAb_Combinations|1313860|sample|4|PVO.4|5024,0,1.08761e-08,0.790817,8.26839e-08,0,0,0,True,PGDM1400|PVO.4,1313860
1,130_bNAb_Combinations|1313860|sample|5|PVO.4|5024,0,1.25371e-08,0.824813,4.69848e-08,0,0,0,True,PGDM1400|PVO.4,1313860
1,130_bNAb_Combinations|1313860|sample|6|PVO.4|5024,0,-3.49297e-08,0.790948,4.96607e-08,0,0,0,True,PGDM1400|PVO.4,1313860
1,130_bNAb_Combinations|1313860|sample|7|PVO.4|5024,0,-2.97324e-08,0.694308,2.96338e-08,0,0,0,True,PGT121|PVO.4,1313860
1,130_bNAb_Combinations|1313860|sample|8|PVO.4|5024,0,8.9692e-09,0.693948,9.2933e-09,0,0,0,True,PGT121|PVO.4,1313860
1,130_bNAb_Combinations|1313860|sample|9|PVO.4|5024,0,8.96862e-09,0.679494,-2.9428e-08,0,0,0,True,PGT121|PVO.4,1313860
1,130_bNAb_Combinations|1313860|vc|1|2|PVO.4|5024,0,-6.48258e-09,0.694932,-7.6372e-09,0,0,0,False,nan|PVO.4,1313860
1,130_bNAb_Combinations|1313860|vc|2|2|PVO.4|5024,0,-1.45001e-08,0.272255,-4.10123e-08,0,0,0,False,nan|PVO.4,1313860
1,130_bNAb_Combinations|1313860|vc|3|2|PVO.4|5024,0,-3.12243e-08,0.678571,2.17864e-08,0,0,0,False,nan|PVO.4,1313860
1,130_bNAb_Combinations|1313860|vc|4|2|PVO.4|5024,0,1.58254e-08,0.39792,-1.47243e-09,0,0,0,False,nan|PVO.4,1313860
1,130_bNAb_Combinations|1313860|vc|5|2|PVO.4|5024,0,2.54247e-08,0.186221,5.00275e-08,0,0,0,False,nan|PVO.4,1313860
1,130_bNAb_Combinations|1313860|vc|6|2|PVO.4|5024,0,8.80585e-09,0.896837,-1.67338e-08,0,0,0,False,nan|PVO.4,1313860
1,130_bNAb_Combinations|1313860|vc|7|2|PVO.4|5024,0,3.90158e-08,0.542289,8.16116e-08,0,0,0,False,nan|PVO.4,1313860
1,130_bNAb_Combinations|1313860|vc|8|2|PVO.4|5024,0,-5.56466e-09,2.01857,-2.27565e-08,0,0,0,False,nan|PVO.4,1313860
1,130_bNAb_Combinations|1313884|cc|1|1|nan|4168,0,3.14296e-09,0.938834,1.00822e-07,0,0,0,False,nan|4168,1313884
1,130_bNAb_Combinations|1313884|cc|2|1|nan|4168,0,-2.59802e-08,-0.301688,7.68612e-08,0,0,0,False,nan|4168,1313884
1,130_bNAb_Combinations|1313884|cc|3|1|nan|4168,0,-4.27233e-08,0.0449744,-7.87717e-08,0,0,0,False,nan|4168,1313884
1,130_bNAb_Combinations|1313884|cc|4|1|nan|4168,0,1.83139e-08,-0.637191,2.71399e-08,0,0,0,False,nan|4168,1313884
1,130_bNAb_Combinations|1313884|cc|5|1|nan|4168,0,-1.53703e-08,-0.791123,-4.26492e-08,0,0,0,False,nan|4168,1313884
1,130_bNAb_Combinations|1313884|cc|6|1|nan|4168,0,-1.23571e-08,-0.811681,-1.03597e-07,0,0,0,False,nan|4168,1313884
1,130_bNAb_Combinations|1313884|cc|7|1|nan|4168,0,1.68441e-09,-0.193075,-3.50567e-08,0,0,0,False,nan|4168,1313884
1,130_bNAb_Combinations|1313884|cc|8|1|nan|4168,0,-1.06253e-08,-0.0856054,4.93135e-08,0,0,0,False,nan|4168,1313884
1,130_bNAb_Combinations|1313884|sample|10|nan|4168,0,-9.61851e-09,0.72334,-5.22868e-08,0,0,0,True,PGT121|4168,1313884
1,130_bNAb_Combinations|1313884|sample|11|nan|4168,0,-1.89344e-08,0.710669,3.52175e-08,0,0,0,True,VRC07-523LS|4168,1313884
1,130_bNAb_Combinations|1313884|sample|12|nan|4168,0,3.58475e-08,0.701081,2.27867e-09,0,0,0,True,VRC07-523LS|4168,1313884
1,130_bNAb_Combinations|1313884|sample|3|nan|4168,0,-1.87252e-08,0.695566,-2.52194e-08,0,0,0,True,PGDM1400|4168,1313884
1,130_bNAb_Combinations|1313884|sample|4|nan|4168,0,4.4526e-08,0.760345,-8.16418e-09,0,0,0,True,PGDM1400|4168,1313884
1,130_bNAb_Combinations|1313884|sample|5|nan|4168,0,-2.15147e-08,0.766262,-2.2793e-08,0,0,0,True,PGDM1400|4168,1313884
1,130_bNAb_Combinations|1313884|sample|6|nan|4168,0,-2.86774e-08,0.722417,1.07419e-07,0,0,0,True,PGDM1400|4168,1313884
1,130_bNAb_Combinations|1313884|sample|7|nan|4168,0,-2.55553e-08,0.763186,-7.58131e-08,0,0,0,True,PGT121|4168,1313884
1,130_bNAb_Combinations|1313884|sample|8|nan|4168,0,4.10317e-08,0.79786,1.41051e-07,0,0,0,True,PGT121|4168,1313884
1,130_bNAb_Combinations|1313884|sample|9|nan|4168,0,1.43343e-08,0.783426,-4.22497e-08,0,0,0,True,PGT121|4168,1313884
1,130_bNAb_Combinations|1313884|vc|1|2|nan|4168,0,1.85743e-08,0.160682,1.01161e-07,0,0,0,False,nan|4168,1313884
1,130_bNAb_Combinations|1313884|vc|2|2|nan|4168,0,-2.05009e-09,0.195675,-4.98248e-09,0,0,0,False,nan|4168,1313884
1,130_bNAb_Combinations|1313884|vc|3|2|nan|4168,0,2.10158e-09,1.97268,-6.92195e-08,0,0,0,False,nan|4168,1313884
1,130_bNAb_Combinations|1313884|vc|4|2|nan|4168,0,2.86671e-09,1.5848,8.77832e-08,0,0,0,False,nan|4168,1313884
1,130_bNAb_Combinations|1313884|vc|5|2|nan|4168,0,-2.52026e-08,0.238035,-1.38516e-08,0,0,0,False,nan|4168,1313884
1,130_bNAb_Combinations|1313884|vc|6|2|nan|4168,0,-3.66507e-08,0.466079,-5.87166e-08,0,0,0,False,nan|4168,1313884
1,130_bNAb_Combinations|1313884|vc|7|2|nan|4168,0,1.36301e-08,0.329229,6.57889e-08,0,0,0,False,nan|4168,1313884
1,130_bNAb_Combinations|1313884|vc|8|2|nan|4168,0,-4.05914e-08,0.788676,-1.49868e-08,0,0,0,False,nan|4168,1313884
1,130_bNAb_Combinations|1313920|cc|1|1|nan|1798,0,-3.1572e-09,1.69299,2.86207e-08,0,0,0,False,nan|1798,1313920
1,130_bNAb_Combinations|1313920|cc|2|1|nan|1798,0,6.88924e-09,-1.00155,-3.19066e-08,0,0,0,False,nan|1798,1313920
1,130_bNAb_Combinations|1313920|cc|3|1|nan|1798,0,2.39332e-08,0.0764312,-1.07441e-08,0,0,0,False,nan|1798,1313920
1,130_bNAb_Combinations|1313920|cc|4|1|nan|1798,0,-1.12415e-08,0.401674,-1.08606e-08,0,0,0,False,nan|1798,1313920
1,130_bNAb_Combinations|1313920|cc|5|1|nan|1798,0,-1.60126e-08,-0.908893,1.46678e-08,0,0,0,False,nan|1798,1313920
1,130_bNAb_Combinations|1313920|cc|6|1|nan|1798,0,1.31203e-08,-1.40878,2.97508e-08,0,0,0,False,nan|1798,1313920
1,130_bNAb_Combinations|1313920|cc|7|1|nan|1798,0,2.96812e-08,-1.08961,5.67295e-08,0,0,0,False,nan|1798,1313920
1,130_bNAb_Combinations|1313920|cc|8|1|nan|1798,0,-1.30661e-08,-0.331042,8.54742e-08,0,0,0,False,nan|1798,1313920
1,130_bNAb_Combinations|1313920|sample|10|nan|1798,0,1.81463e-08,0.753669,6.2023e-08,0,0,0,True,PGT121|1798,1313920
1,130_bNAb_Combinations|1313920|sample|11|nan|1798,0,6.86695e-10,0.711542,-3.64418e-09,0,0,0,True,VRC07-523LS|1798,1313920
1,130_bNAb_Combinations|1313920|sample|12|nan|1798,0,1.72742e-08,0.685375,4.63916e-08,0,0,0,True,VRC07-523LS|1798,1313920
1,130_bNAb_Combinations|1313920|sample|3|nan|1798,0,1.88853e-08,0.788475,-4.14963e-08,0,0,0,True,PGDM1400|1798,1313920
1,130_bNAb_Combinations|1313920|sample|4|nan|1798,0,-1.8281e-08,0.739264,4.7119e-08,0,0,0,True,PGDM1400|1798,1313920
1,130_bNAb_Combinations|1313920|sample|5|nan|1798,0,1.87776e-08,0.859502,-1.23992e-08,0,0,0,True,PGDM1400|1798,1313920
1,130_bNAb_Combinations|1313920|sample|6|nan|1798,0,1.9446e-08,0.697214,-1.48514e-08,0,0,0,True,PGDM1400|1798,1313920
1,130_bNAb_Combinations|1313920|sample|7|nan|1798,0,-3.05383e-09,0.79458,3.14645e-08,0,0,0,True,PGT121|1798,1313920
1,130_bNAb_Combinations|1313920|sample|8|nan|1798,0,1.58001e-08,0.761242,-8.92943e-08,0,0,0,True,PGT121|1798,1313920
1,130_bNAb_Combinations|1313920|sample|9|nan|1798,0,2.87601e-08,0.74843,1.22666e-08,0,0,0,True,PGT121|1798,1313920
1,130_bNAb_Combinations|1313920|vc|1|2|nan|1798,0,-2.66601e-08,0.371401,-1.33268e-08,0,0,0,False,nan|1798,1313920
1,130_bNAb_Combinations|1313920|vc|2|2|nan|1798,0,-3.63879e-08,0.0292909,-6.0031e-08,0,0,0,False,nan|1798,1313920
1,130_bNAb_Combinations|1313920|vc|3|2|nan|1798,0,1.15452e-08,0.355071,-4.79145e-08,0,0,0,False,nan|1798,1313920
1,130_bNAb_Combinations|1313920|vc|4|2|nan|1798,0,2.02227e-08,0.696605,-3.2549e-09,0,0,0,False,nan|1798,1313920
1,130_bNAb_Combinations|1313920|vc|5|2|nan|1798,0,3.48326e-09,0.221603,7.23654e-08,0,0,0,False,nan|1798,1313920
1,130_bNAb_Combinations|1313920|vc|6|2|nan|1798,0,5.3129e-09,0.273823,-4.2977e-08,0,0,0,False,nan|1798,1313920
1,130_bNAb_Combinations|1313920|vc|7|2|nan|1798,0,-2.33919e-08,1.56532,4.24007e-08,0,0,0,False,nan|1798,1313920
1,130_bNAb_Combinations|1313920|vc|8|2|nan|1798,0,-4.87739e-08,0.631159,-5.44828e-08,0,0,0,False,nan|1798,1313920
1,130_bNAb_Combinations|1313938|cc|1|1|TRO.11|8301,0,1.87375e-08,-0.319203,9.37184e-08,0,0,0,False,nan|TRO.11,1313938
1,130_bNAb_Combinations|1313938|cc|2|1|TRO.11|8301,0,2.33446e-08,-0.641103,-9.5251e-09,0,0,0,False,nan|TRO.11,1313938
1,130_bNAb_Combinations|1313938|cc|3|1|TRO.11|8301,0,9.52687e-11,-0.128899,4.14199e-08,0,0,0,False,nan|TRO.11,1313938
1,130_bNAb_Combinations|1313938|cc|4|1|TRO.11|8301,0,2.00178e-08,-0.623556,-2.91309e-08,0,0,0,False,nan|TRO.11,1313938
1,130_bNAb_Combinations|1313938|cc|5|1|TRO.11|8301,0,2.48325e-08,-0.386792,-2.03493e-08,0,0,0,False,nan|TRO.11,1313938
1,130_bNAb_Combinations|1313938|cc|6|1|TRO.11|8301,0,3.0811e-09,0.274587,-2.70737e-08,0,0,0,False,nan|TRO.11,1313938
1,130_bNAb_Combinations|1313938|cc|7|1|TRO.11|8301,0,-9.74832e-10,-0.309831,3.23042e-08,0,0,0,False,nan|TRO.11,1313938
1,130_bNAb_Combinations|1313938|cc|8|1|TRO.11|8301,0,9.69588e-09,-0.0595783,-6.22216e-08,0,0,0,False,nan|TRO.11,1313938
1,130_bNAb_Combinations|1313938|sample|10|TRO.11|8301,0,4.84661e-08,0.821663,-3.50843e-08,0,0,0,True,PGT121|TRO.11,1313938
1,130_bNAb_Combinations|1313938|sample|11|TRO.11|8301,0,6.9262e-08,0.723929,-9.26939e-08,0,0,0,True,VRC07-523LS|TRO.11,1313938
1,130_bNAb_Combinations|1313938|sample|12|TRO.11|8301,0,6.36716e-10,0.710457,2.90143e-08,0,0,0,True,VRC07-523LS|TRO.11,1313938
1,130_bNAb_Combinations|1313938|sample|3|TRO.11|8301,0,-2.59143e-08,0.841811,-2.77832e-08,0,0,0,True,PGDM1400|TRO.11,1313938
1,130_bNAb_Combinations|1313938|sample|4|TRO.11|8301,0,9.67663e-09,0.840345,3.41191e-08,0,0,0,True,PGDM1400|TRO.11,1313938
1,130_bNAb_Combinations|1313938|sample|5|TRO.11|8301,0,1.0091e-09,0.777943,-7.61792e-08,0,0,0,True,PGDM1400|TRO.11,1313938
1,130_bNAb_Combinations|1313938|sample|6|TRO.11|8301,0,-4.53961e-09,0.825132,-9.42082e-08,0,0,0,True,PGDM1400|TRO.11,1313938
1,130_bNAb_Combinations|1313938|sample|7|TRO.11|8301,0,-6.07943e-09,0.820202,5.91565e-08,0,0,0,True,PGT121|TRO.11,1313938
1,130_bNAb_Combinations|1313938|sample|8|TRO.11|8301,0,1.55173e-08,0.814334,7.85793e-08,0,0,0,True,PGT121|TRO.11,1313938
1,130_bNAb_Combinations|1313938|sample|9|TRO.11|8301,0,-9.2943e-10,0.847839,-1.58536e-08,0,0,0,True,PGT121|TRO.11,1313938
1,130_bNAb_Combinations|1313938|vc|1|2|TRO.11|8301,0,-4.42799e-09,0.507435,3.16191e-08,0,0,0,False,nan|TRO.11,1313938
1,130_bNAb_Combinations|1313938|vc|2|2|TRO.11|8301,0,-2.7468e-08,0.0907599,4.44068e-08,0,0,0,False,nan|TRO.11,1313938
1,130_bNAb_Combinations|1313938|vc|3|2|TRO.11|8301,0,3.1759e-08,0.244349,1.46942e-08,0,0,0,False,nan|TRO.11,1313938
1,130_bNAb_Combinations|1313938|vc|4|2|TRO.11|8301,0,1.85388e-08,0.796737,-3.53155e-08,0,0,0,False,nan|TRO.11,1313938
1,130_bNAb_Combinations|1313938|vc|5|2|TRO.11|8301,0,-9.42008e-09,0.425233,1.13644e-08,0,0,0,False,nan|TRO.11,1313938
1,130_bNAb_Combinations|1313938|vc|6|2|TRO.11|8301,0,-1.92818e-08,1.30466,6.9202e-08,0,0,0,False,nan|TRO.11,1313938
1,130_bNAb_Combinations|1313938|vc|7|2|TRO.11|8301,0,6.61798e-09,1.98533,2.05821e-08,0,0,0,False,nan|TRO.11,1313938
1,130_bNAb_Combinations|1313938|vc|8|2|TRO.11|8301,0,1.93791e-08,0.136111,-4.27175e-08,0,0,0,False,nan|TRO.11,1313938
1,130_bNAb_Combinations|1313956|cc|1|1|Ce1176_A3|7023,0,2.17581e-08,1.71912,7.70656e-09,0,0,0,False,nan|Ce1176_A3,1313956
1,130_bNAb_Combinations|1313956|cc|2|1|Ce1176_A3|7023,0,9.39423e-10,-0.807602,3.00544e-08,0,0,0,False,nan|Ce1176_A3,1313956
1,130_bNAb_Combinations|1313956|cc|3|1|Ce1176_A3|7023,0,1.19014e-08,0.530213,-6.07656e-08,0,0,0,False,nan|Ce1176_A3,1313956
1,130_bNAb_Combinations|1313956|cc|4|1|Ce1176_A3|7023,0,9.1421e-09,0.298116,-4.58912e-08,0,0,0,False,nan|Ce1176_A3,1313956
1,130_bNAb_Combinations|1313956|cc|5|1|Ce1176_A3|7023,0,2.00921e-09,0.0965839,3.01859e-08,0,0,0,False,nan|Ce1176_A3,1313956
1,130_bNAb_Combinations|1313956|cc|6|1|Ce1176_A3|7023,0,-1.2513e-08,-0.556167,-8.51949e-08,0,0,0,False,nan|Ce1176_A3,1313956
1,130_bNAb_Combinations|1313956|cc|7|1|Ce1176_A3|7023,0,-1.71572e-08,0.826773,-2.56632e-08,0,0,0,False,nan|Ce1176_A3,1313956
1,130_bNAb_Combinations|1313956|cc|8|1|Ce1176_A3|7023,0,-2.68423e-08,-0.296162,-6.63372e-08,0,0,0,False,nan|Ce1176_A3,1313956
1,130_bNAb_Combinations|1313956|sample|10|Ce1176_A3|7023,0,3.34458e-08,0.815111,-1.16527e-08,0,0,0,True,PGT121|Ce1176_A3,1313956
1,130_bNAb_Combinations|1313956|sample|11|Ce1176_A3|7023,0,2.55071e-08,0.778728,5.13883e-08,0,0,0,True,VRC07-523LS|Ce1176_A3,1313956
1,130_bNAb_Combinations|1313956|sample|12|Ce1176_A3|7023,0,6.4628e-09,0.716565,-3.74707e-08,0,0,0,True,VRC07-523LS|Ce1176_A3,1313956
1,130_bNAb_Combinations|1313956|sample|3|Ce1176_A3|7023,0,1.2351e-08,0.666954,-7.53726e-09,0,0,0,True,PGDM1400|Ce1176_A3,1313956
1,130_bNAb_Combinations|1313956|sample|4|Ce1176_A3|7023,0,-2.63116e-08,0.664856,-1.32228e-07,0,0,0,True,PGDM1400|Ce1176_A3,1313956
1,130_bNAb_Combinations|1313956|sample|5|Ce1176_A3|7023,0,-5.84263e-09,0.801731,-1.87782e-08,0,0,0,True,PGDM1400|Ce1176_A3,1313956
1,130_bNAb_Combinations|1313956|sample|6|Ce1176_A3|7023,0,1.05186e-09,0.761935,5.83417e-08,0,0,0,True,PGDM1400|Ce1176_A3,1313956
1,130_bNAb_Combinations|1313956|sample|7|Ce1176_A3|7023,0,1.4364e-08,0.896518,7.72181e-10,0,0,0,True,PGT121|Ce1176_A3,1313956
1,130_bNAb_Combinations|1313956|sample|8|Ce1176_A3|7023,0,-1.57789e-08,0.869024,-1.62791e-09,0,0,0,True,PGT121|Ce1176_A3,1313956
1,130_bNAb_Combinations|1313956|sample|9|Ce1176_A3|7023,0,-2.61172e-08,0.86776,-8.61218e-08,0,0,0,True,PGT121|Ce1176_A3,1313956
1,130_bNAb_Combinations|1313956|vc|1|2|Ce1176_A3|7023,0,-2.3365e-08,0.134137,-6.95964e-08,0,0,0,False,nan|Ce1176_A3,1313956
1,130_bNAb_Combinations|1313956|vc|2|2|Ce1176_A3|7023,0,-1.58227e-08,0.268318,2.79005e-08,0,0,0,False,nan|Ce1176_A3,1313956
1,130_bNAb_Combinations|1313956|vc|3|2|Ce1176_A3|7023,0,3.58911e-08,0.167284,-3.91864e-09,0,0,0,False,nan|Ce1176_A3,1313956
1,130_bNAb_Combinations|1313956|vc|4|2|Ce1176_A3|7023,0,-7.0718e-09,0.156314,1.99292e-08,0,0,0,False,nan|Ce1176_A3,1313956
1,130_bNAb_Combinations|1313956|vc|5|2|Ce1176_A3|7023,0,4.24476e-09,0.8556,2.49707e-08,0,0,0,False,nan|Ce1176_A3,1313956
1,130_bNAb_Combinations|1313956|vc|6|2|Ce1176_A3|7023,0,2.26373e-08,0.283437,2.34025e-08,0,0,0,False,nan|Ce1176_A3,1313956
1,130_bNAb_Combinations|1313956|vc|7|2|Ce1176_A3|7023,0,-9.86794e-09,0.756487,-4.86814e-08,0,0,0,False,nan|Ce1176_A3,1313956
1,130_bNAb_Combinations|1313956|vc|8|2|Ce1176_A3|7023,0,-7.43832e-09,0.00696847,-6.97001e-08,0,0,0,False,nan|Ce1176_A3,1313956
1,130_bNAb_Combinations|1313974|cc|1|1|nan|1176,0,-4.19499e-08,-0.820647,-5.65854e-08,0,0,0,False,nan|1176,1313974
1,130_bNAb_Combinations|1313974|cc|2|1|nan|1176,0,-4.09174e-09,0.285841,5.5413e-08,0,0,0,False,nan|1176,1313974
1,130_bNAb_Combinations|1313974|cc|3|1|nan|1176,0,1.59509e-08,-0.0326617,-5.23331e-09,0,0,0,False,nan|1176,1313974
1,130_bNAb_Combinations|1313974|cc|4|1|nan|1176,0,3.26482e-08,-0.0237528,-5.45404e-08,0,0,0,False,nan|1176,1313974
1,130_bNAb_Combinations|1313974|cc|5|1|nan|1176,0,4.42219e-08,-0.968459,-1.00431e-08,0,0,0,False,nan|1176,1313974
1,130_bNAb_Combinations|1313974|cc|6|1|nan|1176,0,5.17191e-08,0.422164,1.64407e-08,0,0,0,False,nan|1176,1313974
1,130_bNAb_Combinations|1313974|cc|7|1|nan|1176,0,-6.09579e-08,1.97714,-2.03609e-08,0,0,0,False,nan|1176,1313974
1,130_bNAb_Combinations|1313974|cc|8|1|nan|1176,0,1.18067e-08,0.446144,3.35238e-08,0,0,0,False,nan|1176,1313974
1,130_bNAb_Combinations|1313974|sample|10|nan|1176,0,-8.52173e-09,0.849624,-8.45937e-08,0,0,0,True,PGT121|1176,1313974
1,130_bNAb_Combinations|1313974|sample|11|nan|1176,0,-3.13118e-08,0.849776,-8.12408e-08,0,0,0,True,VRC07-523LS|1176,1313974
1,130_bNAb_Combinations|1313974|sample|12|nan|1176,0,2.7396e-08,0.68428,4.59937e-08,0,0,0,True,VRC07-523LS|1176,1313974
1,130_bNAb_Combinations|1313974|sample|3|nan|1176,0,1.47185e-08,0.699588,-2.48749e-08,0,0,0,True,PGDM1400|1176,1313974
1,130_bNAb_Combinations|1313974|sample|4|nan|1176,0,3.88132e-08,0.789257,-8.4861e-09,0,0,0,True,PGDM1400|1176,1313974
1,130_bNAb_Combinations|1313974|sample|5|nan|1176,0,1.28318e-08,0.845179,-3.56348e-09,0,0,0,True,PGDM1400|1176,1313974
1,130_bNAb_Combinations|1313974|sample|6|nan|1176,0,9.4969e-09,0.843419,7.89933e-08,0,0,0,True,PGDM1400|1176,1313974
1,130_bNAb_Combinations|1313974|sample|7|nan|1176,0,-4.71647e-08,0.716313,8.10725e-08,0,0,0,True,PGT121|1176,1313974
1,130_bNAb_Combinations|1313974|sample|8|nan|1176,0,-1.02445e-08,0.731247,3.00266e-09,0,0,0,True,PGT121|1176,1313974
1,130_bNAb_Combinations|1313974|sample|9|nan|1176,0,3.79093e-08,0.84711,-1.14207e-08,0,0,0,True,PGT121|1176,1313974
1,130_bNAb_Combinations|1313974|vc|1|2|nan|1176,0,1.22205e-08,0.013365,5.6845e-08,0,0,0,False,nan|1176,1313974
1,130_bNAb_Combinations|1313974|vc|2|2|nan|1176,0,2.5159e-08,1.40188,4.63286e-08,0,0,0,False,nan|1176,1313974
1,130_bNAb_Combinations|1313974|vc|3|2|nan|1176,0,3.45794e-09,1.07583,3.74839e-08,0,0,0,False,nan|1176,1313974
1,130_bNAb_Combinations|1313974|vc|4|2|nan|1176,0,1.59205e-08,0.348942,-4.9315e-08,0,0,0,False,nan|1176,1313974
1,130_bNAb_Combinations|1313974|vc|5|2|nan|1176,0,-2.39934e-08,0.334074,-1.82055e-08,0,0,0,False,nan|1176,1313974
1,130_bNAb_Combinations|1313974|vc|6|2|nan|1176,0,1.42108e-10,0.288566,9.22314e-08,0,0,0,False,nan|1176,1313974
1,130_bNAb_Combinations|1313974|vc|7|2|nan|1176,0,-2.92675e-09,0.31249,-5.01908e-08,0,0,0,False,nan|1176,1313974
1,130_bNAb_Combinations|1313974|vc|8|2|nan|1176,0,-2.26692e-08,0.857637,3.81355e-08,0,0,0,False,nan|1176,1313974
1,130_bNAb_Combinations|1313992|cc|1|1|RHPA4259.7|5371,0,-3.35052e-09,1.4174,4.22415e-08,0,0,0,False,nan|RHPA4259.7,1313992
1,130_bNAb_Combinations|1313992|cc|2|1|RHPA4259.7|5371,0,3.92734e-08,0.457657,8.18206e-09,0,0,0,False,nan|RHPA4259.7,1313992
1,130_bNAb_Combinations|1313992|cc|3|1|RHPA4259.7|5371,0,5.18962e-10,0.245969,6.4172e-08,0,0,0,False,nan|RHPA4259.7,1313992
1,130_bNAb_Combinations|1313992|cc|4|1|RHPA4259.7|5371,0,-4.21619e-09,0.743816,-3.40585e-09,0,0,0,False,nan|RHPA4259.7,1313992
1,130_bNAb_Combinations|1313992|cc|5|1|RHPA4259.7|5371,0,-2.04764e-08,0.00783909,2.01702e-08,0,0,0,False,nan|RHPA4259.7,1313992
1,130_bNAb_Combinations|1313992|cc|6|1|RHPA4259.7|5371,0,-1.32971e-08,-0.135918,-1.35532e-08,0,0,0,False,nan|RHPA4259.7,1313992
1,130_bNAb_Combinations|1313992|cc|7|1|RHPA4259.7|5371,0,1.82135e-08,-0.997184,-2.36706e-08,0,0,0,False,nan|RHPA4259.7,1313992
1,130_bNAb_Combinations|1313992|cc|8|1|RHPA4259.7|5371,0,8.7082e-09,0.0606537,-1.5109e-07,0,0,0,False,nan|RHPA4259.7,1313992
1,130_bNAb_Combinations|1313992|sample|10|RHPA4259.7|5371,0,-1.68946e-09,0.807385,-7.43827e-08,0,0,0,True,PGT121|RHPA4259.7,1313992
1,130_bNAb_Combinations|1313992|sample|11|RHPA4259.7|5371,0,1.74497e-08,0.750203,-9.96047e-08,0,0,0,True,VRC07-523LS|RHPA4259.7,1313992
1,130_bNAb_Combinations|1313992|sample|12|RHPA4259.7|5371,0,9.66511e-10,0.765207,-3.30276e-08,0,0,0,True,VRC07-523LS|RHPA4259.7,1313992
1,130_bNAb_Combinations|1313992|sample|3|RHPA4259.7|5371,0,9.42507e-09,0.827734,9.40421e-09,0,0,0,True,PGDM1400|RHPA4259.7,1313992
1,130_bNAb_Combinations|1313992|sample|4|RHPA4259.7|5371,0,3.11436e-08,0.867778,9.41337e-08,0,0,0,True,PGDM1400|RHPA4259.7,1313992
1,130_bNAb_Combinations|1313992|sample|5|RHPA4259.7|5371,0,2.32811e-08,0.797738,2.99603e-08,0,0,0,True,PGDM1400|RHPA4259.7,1313992
1,130_bNAb_Combinations|1313992|sample|6|RHPA4259.7|5371,0,-9.96863e-09,0.770234,6.4958e-08,0,0,0,True,PGDM1400|RHPA4259.7,1313992
1,130_bNAb_Combinations|1313992|sample|7|RHPA4259.7|5371,0,-1.59558e-08,0.813966,-4.69917e-08,0,0,0,True,PGT121|RHPA4259.7,1313992
1,130_bNAb_Combinations|1313992|sample|8|RHPA4259.7|5371,0,-2.83038e-09,0.826504,7.25627e-09,0,0,0,True,PGT121|RHPA4259.7,1313992
1,130_bNAb_Combinations|1313992|sample|9|RHPA4259.7|5371,0,-4.24638e-08,0.804779,3.04076e-09,0,0,0,True,PGT121|RHPA4259.7,1313992
1,130_bNAb_Combinations|1313992|vc|1|2|RHPA4259.7|5371,0,3.58856e-09,0.491,1.3838e-08,0,0,0,False,nan|RHPA4259.7,1313992
1,130_bNAb_Combinations|1313992|vc|2|2|RHPA4259.7|5371,0,2.41978e-08,0.185067,5.77554e-08,0,0,0,False,nan|RHPA4259.7,1313992
1,130_bNAb_Combinations|1313992|vc|3|2|RHPA4259.7|5371,0,-7.95794e-09,0.927136,-8.59545e-09,0,0,0,False,nan|RHPA4259.7,1313992
1,130_bNAb_Combinations|1313992|vc|4|2|RHPA4259.7|5371,0,-1.76446e-08,0.171007,3.43809e-08,0,0,0,False,nan|RHPA4259.7,1313992
1,130_bNAb_Combinations|1313992|vc|5|2|RHPA4259.7|5371,0,4.95759e-08,0.346912,-4.39676e-09,0,0,0,False,nan|RHPA4259.7,1313992
1,130_bNAb_Combinations|1313992|vc|6|2|RHPA4259.7|5371,0,1.72578e-08,1.03215,1.04129e-08,0,0,0,False,nan|RHPA4259.7,1313992
1,130_bNAb_Combinations|1313992|vc|7|2|RHPA4259.7|5371,0,1.64582e-08,0.903557,1.05711e-08,0,0,0,False,nan|RHPA4259.7,1313992
1,130_bNAb_Combinations|1313992|vc|8|2|RHPA4259.7|5371,0,-4.83047e-08,0.202391,-9.11025e-08,0,0,0,False,nan|RHPA4259.7,1313992
1,130_bNAb_Combinations|1314016|cc|1|1|nan|3430,0,1.68044e-09,-1.29684,1.17512e-08,0,0,0,False,nan|3430,1314016
1,130_bNAb_Combinations|1314016|cc|2|1|nan|3430,0,2.35155e-08,-1.18935,3.99969e-08,0,0,0,False,nan|3430,1314016
1,130_bNAb_Combinations|1314016|cc|3|1|nan|3430,0,-2.16355e-08,-0.0799081,-1.87323e-08,0,0,0,False,nan|3430,1314016
1,130_bNAb_Combinations|1314016|cc|4|1|nan|3430,0,-2.35149e-09,-0.461181,-7.66888e-08,0,0,0,False,nan|3430,1314016
1,130_bNAb_Combinations|1314016|cc|5|1|nan|3430,0,1.61777e-09,0.209519,-4.26832e-08,0,0,0,False,nan|3430,1314016
1,130_bNAb_Combinations|1314016|cc|6|1|nan|3430,0,-7.41281e-10,0.216848,4.73235e-08,0,0,0,False,nan|3430,1314016
1,130_bNAb_Combinations|1314016|cc|7|1|nan|3430,0,1.188e-08,0.145862,-7.2001e-08,0,0,0,False,nan|3430,1314016
1,130_bNAb_Combinations|1314016|cc|8|1|nan|3430,0,4.36211e-08,-0.398578,-4.35166e-10,0,0,0,False,nan|3430,1314016
1,130_bNAb_Combinations|1314016|sample|10|nan|3430,0,-3.91622e-08,0.772871,4.16927e-09,0,0,0,True,PGT121|3430,1314016
1,130_bNAb_Combinations|1314016|sample|11|nan|3430,0,2.37847e-08,0.744299,-6.63989e-08,0,0,0,True,VRC07-523LS|3430,1314016
1,130_bNAb_Combinations|1314016|sample|12|nan|3430,0,-9.25429e-09,0.755694,1.11004e-08,0,0,0,True,VRC07-523LS|3430,1314016
1,130_bNAb_Combinations|1314016|sample|3|nan|3430,0,-1.0491e-09,0.759457,8.43773e-09,0,0,0,True,PGDM1400|3430,1314016
1,130_bNAb_Combinations|1314016|sample|4|nan|3430,0,-1.79877e-08,0.736896,3.17195e-08,0,0,0,True,PGDM1400|3430,1314016
1,130_bNAb_Combinations|1314016|sample|5|nan|3430,0,-3.99405e-08,0.686965,-6.68384e-08,0,0,0,True,PGDM1400|3430,1314016
1,130_bNAb_Combinations|1314016|sample|6|nan|3430,0,-3.90576e-09,0.748835,1.18711e-08,0,0,0,True,PGDM1400|3430,1314016
1,130_bNAb_Combinations|1314016|sample|7|nan|3430,0,-5.25881e-09,0.855472,4.25121e-08,0,0,0,True,PGT121|3430,1314016
1,130_bNAb_Combinations|1314016|sample|8|nan|3430,0,-4.08726e-09,0.825793,3.2301e-08,0,0,0,True,PGT121|3430,1314016
1,130_bNAb_Combinations|1314016|sample|9|nan|3430,0,2.14734e-08,0.763979,-7.57145e-08,0,0,0,True,PGT121|3430,1314016
1,130_bNAb_Combinations|1314016|vc|1|2|nan|3430,0,5.25034e-08,0.65496,-1.23668e-07,0,0,0,False,nan|3430,1314016
1,130_bNAb_Combinations|1314016|vc|2|2|nan|3430,0,-3.51224e-08,1.75244,-8.3666e-08,0,0,0,False,nan|3430,1314016
1,130_bNAb_Combinations|1314016|vc|3|2|nan|3430,0,-7.56332e-09,0.0215563,-6.40642e-10,0,0,0,False,nan|3430,1314016
1,130_bNAb_Combinations|1314016|vc|4|2|nan|3430,0,2.4886e-09,0.748843,-5.60054e-08,0,0,0,False,nan|3430,1314016
1,130_bNAb_Combinations|1314016|vc|5|2|nan|3430,0,1.58087e-08,0.38846,2.69015e-08,0,0,0,False,nan|3430,1314016
1,130_bNAb_Combinations|1314016|vc|6|2|nan|3430,0,-5.2861e-09,0.242981,3.07699e-08,0,0,0,False,nan|3430,1314016
1,130_bNAb_Combinations|1314016|vc|7|2|nan|3430,0,7.96197e-09,0.665801,4.49244e-08,0,0,0,False,nan|3430,1314016
1,130_bNAb_Combinations|1314016|vc|8|2|nan|3430,0,-2.75359e-08,0.0370843,-2.51305e-08,0,0,0,False,nan|3430,1314016
1,130_bNAb_Combinations|1314040|cc|1|1|nan|4166,0,8.52457e-09,-0.693104,1.02603e-07,0,0,0,False,nan|4166,1314040
1,130_bNAb_Combinations|1314040|cc|2|1|nan|4166,0,-2.57914e-08,0.504713,1.59579e-08,0,0,0,False,nan|4166,1314040
1,130_bNAb_Combinations|1314040|cc|3|1|nan|4166,0,1.15534e-08,0.492334,-7.41664e-09,0,0,0,False,nan|4166,1314040
1,130_bNAb_Combinations|1314040|cc|4|1|nan|4166,0,-2.34675e-09,0.999561,1.42915e-08,0,0,0,False,nan|4166,1314040
1,130_bNAb_Combinations|1314040|cc|5|1|nan|4166,0,1.70675e-08,1.2471,-1.38834e-08,0,0,0,False,nan|4166,1314040
1,130_bNAb_Combinations|1314040|cc|6|1|nan|4166,0,-1.53594e-09,0.136469,-3.78373e-08,0,0,0,False,nan|4166,1314040
1,130_bNAb_Combinations|1314040|cc|7|1|nan|4166,0,-1.66037e-09,-0.26535,6.47454e-08,0,0,0,False,nan|4166,1314040
1,130_bNAb_Combinations|1314040|cc|8|1|nan|4166,0,-1.46295e-08,0.49217,-1.85411e-08,0,0,0,False,nan|4166,1314040
1,130_bNAb_Combinations|1314040|sample|10|nan|4166,0,1.00214e-08,0.777277,-2.68818e-09,0,0,0,True,PGT121|4166,1314040
1,130_bNAb_Combinations|1314040|sample|11|nan|4166,0,-6.29394e-09,0.77704,5.88272e-10,0,0,0,True,VRC07-523LS|4166,1314040
1,130_bNAb_Combinations|1314040|sample|12|nan|4166,0,5.68445e-09,0.72307,-7.29819e-08,0,0,0,True,VRC07-523LS|4166,1314040
1,130_bNAb_Combinations|1314040|sample|3|nan|4166,0,-9.01715e-09,0.801315,-1.98187e-08,0,0,0,True,PGDM1400|4166,1314040
1,130_bNAb_Combinations|1314040|sample|4|nan|4166,0,4.99978e-08,0.85268,-6.72608e-08,0,0,0,True,PGDM1400|4166,1314040
1,130_bNAb_Combinations|1314040|sample|5|nan|4166,0,1.9389e-08,0.793337,-1.46506e-08,0,0,0,True,PGDM1400|4166,1314040
1,130_bNAb_Combinations|1314040|sample|6|nan|4166,0,-4.14972e-08,0.845314,5.92005e-08,0,0,0,True,PGDM1400|4166,1314040
1,130_bNAb_Combinations|1314040|sample|7|nan|4166,0,9.16858e-10,0.81428,-5.00411e-08,0,0,0,True,PGT121|4166,1314040
1,130_bNAb_Combinations|1314040|sample|8|nan|4166,0,-6.49757e-10,0.812432,-7.23977e-08,0,0,0,True,PGT121|4166,1314040
1,130_bNAb_Combinations|1314040|sample|9|nan|4166,0,2.06564e-08,0.817468,-2.999e-08,0,0,0,True,PGT121|4166,1314040
1,130_bNAb_Combinations|1314040|vc|1|2|nan|4166,0,1.95328e-08,0.899209,-4.75511e-08,0,0,0,False,nan|4166,1314040
1,130_bNAb_Combinations|1314040|vc|2|2|nan|4166,0,2.62359e-08,0.892274,-6.67088e-08,0,0,0,False,nan|4166,1314040
1,130_bNAb_Combinations|1314040|vc|3|2|nan|4166,0,-1.01317e-08,0.587066,-2.69368e-08,0,0,0,False,nan|4166,1314040
1,130_bNAb_Combinations|1314040|vc|4|2|nan|4166,0,-2.12035e-08,0.166423,1.03888e-07,0,0,0,False,nan|4166,1314040
1,130_bNAb_Combinations|1314040|vc|5|2|nan|4166,0,-3.22825e-08,0.138814,5.98522e-09,0,0,0,False,nan|4166,1314040
1,130_bNAb_Combinations|1314040|vc|6|2|nan|4166,0,-1.65741e-08,0.167765,-1.10072e-07,0,0,0,False,nan|4166,1314040
1,130_bNAb_Combinations|1314040|vc|7|2|nan|4166,0,-4.55478e-08,0.893108,-2.84003e-08,0,0,0,False,nan|4166,1314040
1,130_bNAb_Combinations|1314040|vc|8|2|nan|4166,0,1.52202e-08,0.527879,2.20867e-08,0,0,0,False,nan|4166,1314040
1,130_bNAb_Combinations|1314058|cc|1|1|nan|2944,0,-1.20756e-08,-0.518659,-3.73696e-08,0,0,0,False,nan|2944,1314058
1,130_bNAb_Combinations|1314058|cc|2|1|nan|2944,0,-2.00734e-08,-0.013658,-2.76213e-08,0,0,0,False,nan|2944,1314058
1,130_bNAb_Combinations|1314058|cc|3|1|nan|2944,0,5.46795e-10,-0.0587775,5.06392e-08,0,0,0,False,nan|2944,1314058
1,130_bNAb_Combinations|1314058|cc|4|1|nan|2944,0,1.16408e-08,0.206333,-1.19801e-07,0,0,0,False,nan|2944,1314058
1,130_bNAb_Combinations|1314058|cc|5|1|nan|2944,0,1.6373e-08,-0.676768,-3.29464e-09,0,0,0,False,nan|2944,1314058
1,130_bNAb_Combinations|1314058|cc|6|1|nan|2944,0,1.76544e-09,1.43203,-1.76439e-08,0,0,0,False,nan|2944,1314058
1,130_bNAb_Combinations|1314058|cc|7|1|nan|2944,0,-2.66348e-08,-0.0438695,9.87928e-08,0,0,0,False,nan|2944,1314058
1,130_bNAb_Combinations|1314058|cc|8|1|nan|2944,0,1.29806e-08,-0.174628,-2.71929e-08,0,0,0,False,nan|2944,1314058
1,130_bNAb_Combinations|1314058|sample|10|nan|2944,0,2.18808e-09,0.810975,-1.22997e-08,0,0,0,True,PGT121|2944,1314058
1,130_bNAb_Combinations|1314058|sample|11|nan|2944,0,2.08206e-08,0.777221,4.37129e-09,0,0,0,True,VRC07-523LS|2944,1314058
1,130_bNAb_Combinations|1314058|sample|12|nan|2944,0,2.63074e-08,0.764667,-5.08585e-08,0,0,0,True,VRC07-523LS|2944,1314058
1,130_bNAb_Combinations|1314058|sample|3|nan|2944,0,-4.09745e-08,0.617598,1.13658e-08,0,0,0,True,PGDM1400|2944,1314058
1,130_bNAb_Combinations|1314058|sample|4|nan|2944,0,-1.10586e-08,0.602698,-1.09391e-07,0,0,0,True,PGDM1400|2944,1314058
1,130_bNAb_Combinations|1314058|sample|5|nan|2944,0,2.83115e-08,0.554365,-1.87548e-08,0,0,0,True,PGDM1400|2944,1314058
1,130_bNAb_Combinations|1314058|sample|6|nan|2944,0,3.20684e-08,0.535672,-1.1728e-08,0,0,0,True,PGDM1400|2944,1314058
1,130_bNAb_Combinations|1314058|sample|7|nan|2944,0,3.93162e-08,0.81386,1.33676e-08,0,0,0,True,PGT121|2944,1314058
1,130_bNAb_Combinations|1314058|sample|8|nan|2944,0,-3.7859e-09,0.86039,2.13106e-08,0,0,0,True,PGT121|2944,1314058
1,130_bNAb_Combinations|1314058|sample|9|nan|2944,0,3.5745e-08,0.814281,6.65344e-08,0,0,0,True,PGT121|2944,1314058
1,130_bNAb_Combinations|1314058|vc|1|2|nan|2944,0,-1.94747e-08,0.0665137,-4.09585e-08,0,0,0,False,nan|2944,1314058
1,130_bNAb_Combinations|1314058|vc|2|2|nan|2944,0,4.46666e-09,0.661117,-7.41553e-08,0,0,0,False,nan|2944,1314058
1,130_bNAb_Combinations|1314058|vc|3|2|nan|2944,0,-1.6675e-08,0.746358,6.80924e-08,0,0,0,False,nan|2944,1314058
1,130_bNAb_Combinations|1314058|vc|4|2|nan|2944,0,-8.69705e-09,1.05264,-6.58889e-08,0,0,0,False,nan|2944,1314058
1,130_bNAb_Combinations|1314058|vc|5|2|nan|2944,0,-7.4432e-11,1.37328,2.39607e-08,0,0,0,False,nan|2944,1314058
1,130_bNAb_Combinations|1314058|vc|6|2|nan|2944,0,1.17901e-08,0.153638,-4.21651e-09,0,0,0,False,nan|2944,1314058
1,130_bNAb_Combinations|1314058|vc|7|2|nan|2944,0,1.48629e-09,0.589988,3.31583e-08,0,0,0,False,nan|2944,1314058
1,130_bNAb_Combinations|1314058|vc|8|2|nan|2944,0,-2.70254e-08,0.397265,-1.00736e-07,0,0,0,False,nan|2944,1314058
1,130_bNAb_Combinations|1342240|cc|1|1|nan|1798,0,-3.51725e-08,0.478146,-1.33132e-08,0,0,0,False,nan|1798,1342240
1,130_bNAb_Combinations|1342240|cc|2|1|nan|1798,0,-1.59935e-10,1.082,-6.71353e-09,0,0,0,False,nan|1798,1342240
1,130_bNAb_Combinations|1342240|cc|3|1|nan|1798,0,-3.02794e-09,-0.421619,1.3955e-08,0,0,0,False,nan|1798,1342240
1,130_bNAb_Combinations|1342240|cc|4|1|nan|1798,0,-2.38327e-08,-0.852276,1.58093e-08,0,0,0,False,nan|1798,1342240
1,130_bNAb_Combinations|1342240|cc|5|1|nan|1798,0,-8.35815e-09,0.20927,-1.22429e-08,0,0,0,False,nan|1798,1342240
1,130_bNAb_Combinations|1342240|cc|6|1|nan|1798,0,1.16437e-09,0.160573,3.81727e-08,0,0,0,False,nan|1798,1342240
1,130_bNAb_Combinations|1342240|cc|7|1|nan|1798,0,8.51573e-09,0.337253,-3.84392e-08,0,0,0,False,nan|1798,1342240
1,130_bNAb_Combinations|1342240|cc|8|1|nan|1798,0,-4.09298e-08,0.593529,-2.64707e-08,0,0,0,False,nan|1798,1342240
1,130_bNAb_Combinations|1342240|sample|3|nan|1798,0,2.54492e-08,0.753128,1.53742e-08,0,0,0,True,VRC07-523LS|1798,1342240
1,130_bNAb_Combinations|1342240|sample|4|nan|1798,0,-1.36028e-09,0.800856,-1.5468e-08,0,0,0,True,VRC07-523LS|1798,1342240
1,130_bNAb_Combinations|1342240|sample|8|nan|1798,0,2.4613e-09,-0.0158206,9.85059e-09,0,0,0,True,VRC07-523LS|1798,1342240
1,130_bNAb_Combinations|1342240|vc|1|2|nan|1798,0,-3.9516e-09,2.12009,3.20269e-08,0,0,0,False,nan|1798,1342240
1,130_bNAb_Combinations|1342240|vc|2|2|nan|1798,0,1.41419e-08,0.473673,9.04264e-08,0,0,0,False,nan|1798,1342240
1,130_bNAb_Combinations|1342240|vc|3|2|nan|1798,0,2.9667e-08,0.267182,2.24118e-08,0,0,0,False,nan|1798,1342240
1,130_bNAb_Combinations|1342240|vc|4|2|nan|1798,0,-1.09037e-08,0.437838,-9.00253e-09,0,0,0,False,nan|1798,1342240
1,130_bNAb_Combinations|1342240|vc|5|2|nan|1798,0,1.04018e-08,0.338052,-1.01135e-09,0,0,0,False,nan|1798,1342240
1,130_bNAb_Combinations|1342240|vc|6|2|nan|1798,0,-7.36834e-09,0.121767,-5.16282e-08,0,0,0,False,nan|1798,1342240
1,130_bNAb_Combinations|1342240|vc|7|2|nan|1798,0,6.6227e-10,0.555688,-3.75891e-08,0,0,0,False,nan|1798,1342240
1,130_bNAb_Combinations|1342240|vc|8|2|nan|1798,0,-1.24695e-08,0.0175415,-1.53419e-08,0,0,0,False,nan|1798,1342240
1,130_bNAb_Combinations|1342258|cc|1|1|TRO.11|8301,0,-2.10819e-08,-0.777132,5.40209e-08,0,0,0,False,nan|TRO.11,1342258
1,130_bNAb_Combinations|1342258|cc|2|1|TRO.11|8301,0,-2.8373e-08,-0.92018,-4.64723e-08,0,0,0,False,nan|TRO.11,1342258
1,130_bNAb_Combinations|1342258|cc|3|1|TRO.11|8301,0,-1.46179e-08,0.528063,-3.26264e-08,0,0,0,False,nan|TRO.11,1342258
1,130_bNAb_Combinations|1342258|cc|4|1|TRO.11|8301,0,-3.03852e-08,0.0912606,-5.42494e-08,0,0,0,False,nan|TRO.11,1342258
1,130_bNAb_Combinations|1342258|cc|5|1|TRO.11|8301,0,-1.94751e-08,-0.96739,1.0612e-07,0,0,0,False,nan|TRO.11,1342258
1,130_bNAb_Combinations|1342258|cc|6|1|TRO.11|8301,0,-2.93015e-08,-0.354431,-6.0378e-08,0,0,0,False,nan|TRO.11,1342258
1,130_bNAb_Combinations|1342258|cc|7|1|TRO.11|8301,0,1.96024e-08,1.00121,7.96321e-09,0,0,0,False,nan|TRO.11,1342258
1,130_bNAb_Combinations|1342258|cc|8|1|TRO.11|8301,0,-9.82156e-09,0.00118691,-6.91898e-09,0,0,0,False,nan|TRO.11,1342258
1,130_bNAb_Combinations|1342258|sample|3|TRO.11|8301,0,-9.34481e-09,0.744338,-2.0213e-07,0,0,0,True,VRC07-523LS|TRO.11,1342258
1,130_bNAb_Combinations|1342258|sample|4|TRO.11|8301,0,1.80787e-08,0.783146,-6.23827e-08,0,0,0,True,VRC07-523LS|TRO.11,1342258
1,130_bNAb_Combinations|1342258|vc|1|2|TRO.11|8301,0,-3.46692e-09,0.794552,4.20273e-08,0,0,0,False,nan|TRO.11,1342258
1,130_bNAb_Combinations|1342258|vc|2|2|TRO.11|8301,0,-1.4312e-08,0.0878433,-8.49914e-08,0,0,0,False,nan|TRO.11,1342258
1,130_bNAb_Combinations|1342258|vc|3|2|TRO.11|8301,0,-2.49285e-08,0.437498,6.27175e-08,0,0,0,False,nan|TRO.11,1342258
1,130_bNAb_Combinations|1342258|vc|4|2|TRO.11|8301,0,4.54025e-09,0.32737,6.86454e-08,0,0,0,False,nan|TRO.11,1342258
1,130_bNAb_Combinations|1342258|vc|5|2|TRO.11|8301,0,-1.70291e-08,0.963244,1.77437e-08,0,0,0,False,nan|TRO.11,1342258
1,130_bNAb_Combinations|1342258|vc|6|2|TRO.11|8301,0,-5.94448e-09,1.10814,1.05224e-08,0,0,0,False,nan|TRO.11,1342258
1,130_bNAb_Combinations|1342258|vc|7|2|TRO.11|8301,0,-3.62365e-10,0.294592,-5.19271e-08,0,0,0,False,nan|TRO.11,1342258
1,130_bNAb_Combinations|1342258|vc|8|2|TRO.11|8301,0,3.28198e-08,2.21215,1.1275e-08,0,0,0,False,nan|TRO.11,1342258
1,130_bNAb_Combinations|1342276|cc|1|1|Ce1176_A3|7023,0,-4.24277e-09,0.718966,5.71853e-08,0,0,0,False,nan|Ce1176_A3,1342276
1,130_bNAb_Combinations|1342276|cc|2|1|Ce1176_A3|7023,0,-3.84641e-08,-0.58624,7.91089e-08,0,0,0,False,nan|Ce1176_A3,1342276
1,130_bNAb_Combinations|1342276|cc|3|1|Ce1176_A3|7023,0,-2.4941e-08,0.336226,8.10102e-08,0,0,0,False,nan|Ce1176_A3,1342276
1,130_bNAb_Combinations|1342276|cc|4|1|Ce1176_A3|7023,0,-2.51282e-08,-0.602362,-1.7393e-08,0,0,0,False,nan|Ce1176_A3,1342276
1,130_bNAb_Combinations|1342276|cc|5|1|Ce1176_A3|7023,0,-1.75022e-08,-0.436473,1.5892e-08,0,0,0,False,nan|Ce1176_A3,1342276
1,130_bNAb_Combinations|1342276|cc|6|1|Ce1176_A3|7023,0,2.69944e-08,-0.317602,-6.27909e-08,0,0,0,False,nan|Ce1176_A3,1342276
1,130_bNAb_Combinations|1342276|cc|7|1|Ce1176_A3|7023,0,1.02489e-09,0.902083,7.018e-08,0,0,0,False,nan|Ce1176_A3,1342276
1,130_bNAb_Combinations|1342276|cc|8|1|Ce1176_A3|7023,0,6.28237e-09,0.275272,1.13712e-08,0,0,0,False,nan|Ce1176_A3,1342276
1,130_bNAb_Combinations|1342276|sample|3|Ce1176_A3|7023,0,2.64825e-08,0.820507,5.25045e-10,0,0,0,True,VRC07-523LS|Ce1176_A3,1342276
1,130_bNAb_Combinations|1342276|sample|4|Ce1176_A3|7023,0,1.27228e-08,0.880473,-7.92556e-08,0,0,0,True,VRC07-523LS|Ce1176_A3,1342276
1,130_bNAb_Combinations|1342276|vc|1|2|Ce1176_A3|7023,0,-1.12625e-09,1.23153,2.6685e-08,0,0,0,False,nan|Ce1176_A3,1342276
1,130_bNAb_Combinations|1342276|vc|2|2|Ce1176_A3|7023,0,1.17621e-08,0.19466,8.32483e-09,0,0,0,False,nan|Ce1176_A3,1342276
1,130_bNAb_Combinations|1342276|vc|3|2|Ce1176_A3|7023,0,4.00612e-09,0.333818,-2.88038e-08,0,0,0,False,nan|Ce1176_A3,1342276
1,130_bNAb_Combinations|1342276|vc|4|2|Ce1176_A3|7023,0,1.01372e-08,0.0121463,-7.14083e-08,0,0,0,False,nan|Ce1176_A3,1342276
1,130_bNAb_Combinations|1342276|vc|5|2|Ce1176_A3|7023,0,-2.12091e-08,0.229687,1.84939e-08,0,0,0,False,nan|Ce1176_A3,1342276
1,130_bNAb_Combinations|1342276|vc|6|2|Ce1176_A3|7023,0,1.17442e-08,0.0364458,-4.72058e-08,0,0,0,False,nan|Ce1176_A3,1342276
1,130_bNAb_Combinations|1342276|vc|7|2|Ce1176_A3|7023,0,2.27194e-08,0.332731,1.05627e-07,0,0,0,False,nan|Ce1176_A3,1342276
1,130_bNAb_Combinations|1342276|vc|8|2|Ce1176_A3|7023,0,1.8959e-08,0.526582,7.603e-08,0,0,0,False,nan|Ce1176_A3,1342276
1,130_bNAb_Combinations|1342294|cc|1|1|nan|1176,0,-1.91159e-08,0.433479,-1.16935e-08,0,0,0,False,nan|1176,1342294
1,130_bNAb_Combinations|1342294|cc|2|1|nan|1176,0,1.82574e-08,-0.830444,1.25235e-08,0,0,0,False,nan|1176,1342294
1,130_bNAb_Combinations|1342294|cc|3|1|nan|1176,0,1.87428e-08,1.73257,8.24824e-08,0,0,0,False,nan|1176,1342294
1,130_bNAb_Combinations|1342294|cc|4|1|nan|1176,0,-2.73968e-08,0.615001,1.90321e-08,0,0,0,False,nan|1176,1342294
1,130_bNAb_Combinations|1342294|cc|5|1|nan|1176,0,2.84899e-08,-0.598874,2.24789e-08,0,0,0,False,nan|1176,1342294
1,130_bNAb_Combinations|1342294|cc|6|1|nan|1176,0,-1.40335e-08,0.306875,1.09824e-07,0,0,0,False,nan|1176,1342294
1,130_bNAb_Combinations|1342294|cc|7|1|nan|1176,0,4.69689e-09,-0.999043,-5.83382e-08,0,0,0,False,nan|1176,1342294
1,130_bNAb_Combinations|1342294|cc|8|1|nan|1176,0,-1.24326e-08,1.58733,2.92495e-08,0,0,0,False,nan|1176,1342294
1,130_bNAb_Combinations|1342294|sample|3|nan|1176,0,1.91414e-08,0.723659,-8.56037e-08,0,0,0,True,VRC07-523LS|1176,1342294
1,130_bNAb_Combinations|1342294|sample|4|nan|1176,0,1.09846e-08,0.781749,7.50712e-08,0,0,0,True,VRC07-523LS|1176,1342294
1,130_bNAb_Combinations|1342294|sample|8|nan|1176,0,-3.01031e-08,0.314738,-2.78341e-08,0,0,0,True,VRC07-523LS|1176,1342294
1,130_bNAb_Combinations|1342294|vc|1|2|nan|1176,0,-1.07729e-08,0.371069,-1.4997e-07,0,0,0,False,nan|1176,1342294
1,130_bNAb_Combinations|1342294|vc|2|2|nan|1176,0,-4.3846e-08,0.498702,1.1654e-07,0,0,0,False,nan|1176,1342294
1,130_bNAb_Combinations|1342294|vc|3|2|nan|1176,0,-1.01247e-08,0.581151,3.08709e-08,0,0,0,False,nan|1176,1342294
1,130_bNAb_Combinations|1342294|vc|4|2|nan|1176,0,-2.40948e-08,0.589199,4.10679e-08,0,0,0,False,nan|1176,1342294
1,130_bNAb_Combinations|1342294|vc|5|2|nan|1176,0,3.47746e-08,0.466057,-1.08137e-07,0,0,0,False,nan|1176,1342294
1,130_bNAb_Combinations|1342294|vc|6|2|nan|1176,0,9.86782e-09,1.18209,-1.04958e-08,0,0,0,False,nan|1176,1342294
1,130_bNAb_Combinations|1342294|vc|7|2|nan|1176,0,2.49473e-08,1.27287,1.07224e-07,0,0,0,False,nan|1176,1342294
1,130_bNAb_Combinations|1342294|vc|8|2|nan|1176,0,-6.43791e-08,0.0934301,-4.99338e-08,0,0,0,False,nan|1176,1342294
1,130_bNAb_Combinations|1342312|cc|1|1|RHPA4259.7|5371,0,-5.39313e-09,-1.44218,5.93523e-08,0,0,0,False,nan|RHPA4259.7,1342312
1,130_bNAb_Combinations|1342312|cc|2|1|RHPA4259.7|5371,0,-2.96206e-08,0.376671,7.69731e-08,0,0,0,False,nan|RHPA4259.7,1342312
1,130_bNAb_Combinations|1342312|cc|3|1|RHPA4259.7|5371,0,3.37392e-08,0.0961428,-9.23046e-09,0,0,0,False,nan|RHPA4259.7,1342312
1,130_bNAb_Combinations|1342312|cc|4|1|RHPA4259.7|5371,0,1.05322e-08,-0.025299,1.0924e-08,0,0,0,False,nan|RHPA4259.7,1342312
1,130_bNAb_Combinations|1342312|cc|5|1|RHPA4259.7|5371,0,-2.40918e-08,0.876815,1.32002e-07,0,0,0,False,nan|RHPA4259.7,1342312
1,130_bNAb_Combinations|1342312|cc|6|1|RHPA4259.7|5371,0,3.42916e-08,-0.447158,-1.36916e-07,0,0,0,False,nan|RHPA4259.7,1342312
1,130_bNAb_Combinations|1342312|cc|7|1|RHPA4259.7|5371,0,1.43088e-08,0.53364,2.73873e-09,0,0,0,False,nan|RHPA4259.7,1342312
1,130_bNAb_Combinations|1342312|cc|8|1|RHPA4259.7|5371,0,1.81679e-08,-0.521421,9.74702e-08,0,0,0,False,nan|RHPA4259.7,1342312
1,130_bNAb_Combinations|1342312|sample|3|RHPA4259.7|5371,0,-8.93245e-09,0.83294,2.90274e-08,0,0,0,True,VRC07-523LS|RHPA4259.7,1342312
1,130_bNAb_Combinations|1342312|sample|4|RHPA4259.7|5371,0,-3.37864e-10,0.813795,-2.14618e-09,0,0,0,True,VRC07-523LS|RHPA4259.7,1342312
1,130_bNAb_Combinations|1342312|vc|1|2|RHPA4259.7|5371,0,-4.01928e-08,0.228058,3.58355e-08,0,0,0,False,nan|RHPA4259.7,1342312
1,130_bNAb_Combinations|1342312|vc|2|2|RHPA4259.7|5371,0,-4.33142e-08,0.710598,3.73439e-08,0,0,0,False,nan|RHPA4259.7,1342312
1,130_bNAb_Combinations|1342312|vc|3|2|RHPA4259.7|5371,0,-1.23194e-08,0.0596245,3.75534e-08,0,0,0,False,nan|RHPA4259.7,1342312
1,130_bNAb_Combinations|1342312|vc|4|2|RHPA4259.7|5371,0,-5.44273e-08,0.315875,-7.35801e-09,0,0,0,False,nan|RHPA4259.7,1342312
1,130_bNAb_Combinations|1342312|vc|5|2|RHPA4259.7|5371,0,-1.83771e-08,0.449245,3.88564e-08,0,0,0,False,nan|RHPA4259.7,1342312
1,130_bNAb_Combinations|1342312|vc|6|2|RHPA4259.7|5371,0,-2.34227e-08,0.666884,-1.00611e-07,0,0,0,False,nan|RHPA4259.7,1342312
1,130_bNAb_Combinations|1342312|vc|7|2|RHPA4259.7|5371,0,-3.23732e-08,0.701071,-6.81477e-09,0,0,0,False,nan|RHPA4259.7,1342312
1,130_bNAb_Combinations|1342312|vc|8|2|RHPA4259.7|5371,0,2.73024e-09,0.0983523,-1.70097e-08,0,0,0,False,nan|RHPA4259.7,1342312
1,130_bNAb_Combinations|1342336|cc|1|1|nan|3430,0,3.75762e-08,-1.02106,-1.73436e-08,0,0,0,False,nan|3430,1342336
1,130_bNAb_Combinations|1342336|cc|2|1|nan|3430,0,4.93561e-11,0.773429,-1.98659e-08,0,0,0,False,nan|3430,1342336
1,130_bNAb_Combinations|1342336|cc|3|1|nan|3430,0,1.29694e-08,0.235316,6.694e-09,0,0,0,False,nan|3430,1342336
1,130_bNAb_Combinations|1342336|cc|4|1|nan|3430,0,4.31519e-09,-0.373493,3.43045e-08,0,0,0,False,nan|3430,1342336
1,130_bNAb_Combinations|1342336|cc|5|1|nan|3430,0,-5.26236e-08,0.599018,3.29878e-08,0,0,0,False,nan|3430,1342336
1,130_bNAb_Combinations|1342336|cc|6|1|nan|3430,0,1.88699e-08,-0.262298,-1.41175e-08,0,0,0,False,nan|3430,1342336
1,130_bNAb_Combinations|1342336|cc|7|1|nan|3430,0,7.82442e-09,0.304344,-3.13577e-08,0,0,0,False,nan|3430,1342336
1,130_bNAb_Combinations|1342336|cc|8|1|nan|3430,0,-9.4482e-09,-1.98518,2.72847e-08,0,0,0,False,nan|3430,1342336
1,130_bNAb_Combinations|1342336|sample|3|nan|3430,0,-1.76988e-08,0.797693,3.97077e-08,0,0,0,True,VRC07-523LS|3430,1342336
1,130_bNAb_Combinations|1342336|sample|4|nan|3430,0,1.25219e-08,0.786358,1.40971e-08,0,0,0,True,VRC07-523LS|3430,1342336
1,130_bNAb_Combinations|1342336|sample|5|nan|3430,0,1.9363e-08,-0.479738,1.8821e-09,0,0,0,True,VRC07-523LS|3430,1342336
1,130_bNAb_Combinations|1342336|vc|1|2|nan|3430,0,2.20606e-08,0.545357,1.0729e-08,0,0,0,False,nan|3430,1342336
1,130_bNAb_Combinations|1342336|vc|2|2|nan|3430,0,4.17796e-08,0.138,-1.36472e-07,0,0,0,False,nan|3430,1342336
1,130_bNAb_Combinations|1342336|vc|3|2|nan|3430,0,1.15552e-08,0.424289,-1.93281e-09,0,0,0,False,nan|3430,1342336
1,130_bNAb_Combinations|1342336|vc|4|2|nan|3430,0,1.86872e-08,1.38275,6.26671e-08,0,0,0,False,nan|3430,1342336
1,130_bNAb_Combinations|1342336|vc|5|2|nan|3430,0,1.4169e-08,0.169202,-1.97758e-08,0,0,0,False,nan|3430,1342336
1,130_bNAb_Combinations|1342336|vc|6|2|nan|3430,0,4.3422e-08,1.16675,-5.17717e-08,0,0,0,False,nan|3430,1342336
1,130_bNAb_Combinations|1342336|vc|7|2|nan|3430,0,-3.68933e-08,0.0543693,4.04064e-08,0,0,0,False,nan|3430,1342336
1,130_bNAb_Combinations|1342336|vc|8|2|nan|3430,0,-3.60616e-09,0.0394499,3.29836e-09,0,0,0,False,nan|3430,1342336
1,130_bNAb_Combinations|1342348|cc|1|1|nan|4166,0,1.10986e-09,0.772197,3.61971e-08,0,0,0,False,nan|4166,1342348
1,130_bNAb_Combinations|1342348|cc|2|1|nan|4166,0,-8.15686e-09,-0.0518756,1.68528e-08,0,0,0,False,nan|4166,1342348
1,130_bNAb_Combinations|1342348|cc|3|1|nan|4166,0,-1.88963e-08,-0.651921,-5.05619e-08,0,0,0,False,nan|4166,1342348
1,130_bNAb_Combinations|1342348|cc|4|1|nan|4166,0,2.30379e-08,-0.305149,-3.22279e-08,0,0,0,False,nan|4166,1342348
1,130_bNAb_Combinations|1342348|cc|5|1|nan|4166,0,1.80262e-08,1.28877,3.0224e-08,0,0,0,False,nan|4166,1342348
1,130_bNAb_Combinations|1342348|cc|6|1|nan|4166,0,1.59887e-08,0.0773059,-5.32258e-08,0,0,0,False,nan|4166,1342348
1,130_bNAb_Combinations|1342348|cc|7|1|nan|4166,0,4.4415e-08,-1.27385,4.7739e-08,0,0,0,False,nan|4166,1342348
1,130_bNAb_Combinations|1342348|cc|8|1|nan|4166,0,3.08557e-08,0.183318,8.24568e-08,0,0,0,False,nan|4166,1342348
1,130_bNAb_Combinations|1342348|sample|3|nan|4166,0,-9.82419e-09,0.79211,4.03585e-08,0,0,0,True,VRC07-523LS|4166,1342348
1,130_bNAb_Combinations|1342348|sample|4|nan|4166,0,2.36572e-08,0.779871,1.23398e-07,0,0,0,True,VRC07-523LS|4166,1342348
1,130_bNAb_Combinations|1342348|vc|1|2|nan|4166,0,4.50105e-08,0.80163,7.89227e-08,0,0,0,False,nan|4166,1342348
1,130_bNAb_Combinations|1342348|vc|2|2|nan|4166,0,2.08201e-08,0.408929,-2.84013e-08,0,0,0,False,nan|4166,1342348
1,130_bNAb_Combinations|1342348|vc|3|2|nan|4166,0,1.24133e-10,1.32522,2.57422e-08,0,0,0,False,nan|4166,1342348
1,130_bNAb_Combinations|1342348|vc|4|2|nan|4166,0,2.01791e-08,0.234517,-1.38721e-07,0,0,0,False,nan|4166,1342348
1,130_bNAb_Combinations|1342348|vc|5|2|nan|4166,0,1.66029e-08,0.53984,3.98286e-09,0,0,0,False,nan|4166,1342348
1,130_bNAb_Combinations|1342348|vc|6|2|nan|4166,0,-1.06636e-08,0.52328,5.41636e-08,0,0,0,False,nan|4166,1342348
1,130_bNAb_Combinations|1342348|vc|7|2|nan|4166,0,-5.66903e-08,0.137454,2.41382e-08,0,0,0,False,nan|4166,1342348
1,130_bNAb_Combinations|1342348|vc|8|2|nan|4166,0,2.21082e-08,0.561753,-8.47147e-08,0,0,0,False,nan|4166,1342348
1,130_bNAb_Combinations|1342372|cc|1|1|nan|2944,0,4.24233e-08,0.430167,-7.32472e-09,0,0,0,False,nan|2944,1342372
1,130_bNAb_Combinations|1342372|cc|2|1|nan|2944,0,-4.98797e-09,-0.383979,4.19033e-08,0,0,0,False,nan|2944,1342372
1,130_bNAb_Combinations|1342372|cc|3|1|nan|2944,0,6.78849e-09,0.0325744,5.42913e-09,0,0,0,False,nan|2944,1342372
1,130_bNAb_Combinations|1342372|cc|4|1|nan|2944,0,1.11569e-08,0.663043,2.96908e-08,0,0,0,False,nan|2944,1342372
1,130_bNAb_Combinations|1342372|cc|5|1|nan|2944,0,-2.15813e-08,0.160253,-7.77365e-08,0,0,0,False,nan|2944,1342372
1,130_bNAb_Combinations|1342372|cc|6|1|nan|2944,0,-6.26375e-09,0.367095,-1.67406e-09,0,0,0,False,nan|2944,1342372
1,130_bNAb_Combinations|1342372|cc|7|1|nan|2944,0,2.64107e-09,0.116831,1.09221e-08,0,0,0,False,nan|2944,1342372
1,130_bNAb_Combinations|1342372|cc|8|1|nan|2944,0,4.83087e-09,-0.326609,3.48622e-08,0,0,0,False,nan|2944,1342372
1,130_bNAb_Combinations|1342372|sample|3|nan|2944,0,2.35471e-08,0.813783,3.13291e-09,0,0,0,True,VRC07-523LS|2944,1342372
1,130_bNAb_Combinations|1342372|sample|4|nan|2944,0,2.565e-09,0.798259,1.3391e-07,0,0,0,True,VRC07-523LS|2944,1342372
1,130_bNAb_Combinations|1342372|vc|1|2|nan|2944,0,2.18497e-08,1.32885,1.30729e-08,0,0,0,False,nan|2944,1342372
1,130_bNAb_Combinations|1342372|vc|2|2|nan|2944,0,-2.80502e-08,0.358681,-6.46423e-09,0,0,0,False,nan|2944,1342372
1,130_bNAb_Combinations|1342372|vc|3|2|nan|2944,0,-1.50157e-08,0.690424,-6.84863e-08,0,0,0,False,nan|2944,1342372
1,130_bNAb_Combinations|1342372|vc|4|2|nan|2944,0,3.32278e-08,0.417706,-9.53007e-09,0,0,0,False,nan|2944,1342372
1,130_bNAb_Combinations|1342372|vc|5|2|nan|2944,0,3.23961e-08,0.329636,-1.95394e-09,0,0,0,False,nan|2944,1342372
1,130_bNAb_Combinations|1342372|vc|6|2|nan|2944,0,-7.09841e-09,1.01605,1.76259e-10,0,0,0,False,nan|2944,1342372
1,130_bNAb_Combinations|1342372|vc|7|2|nan|2944,0,1.99817e-08,0.0453748,1.92969e-08,0,0,0,False,nan|2944,1342372
1,130_bNAb_Combinations|1342372|vc|8|2|nan|2944,0,1.17238e-08,0.342224,5.13275e-08,0,0,0,False,nan|2944,1342372
1,130_bNAb_Combinations|1342384|cc|1|1|nan|2946,0,1.87913e-08,-0.33513,8.32082e-08,0,0,0,False,nan|2946,1342384
1,130_bNAb_Combinations|1342384|cc|2|1|nan|2946,0,3.21758e-09,0.604916,2.77573e-08,0,0,0,False,nan|2946,1342384
1,130_bNAb_Combinations|1342384|cc|3|1|nan|2946,0,-1.9133e-08,0.0278847,2.65451e-08,0,0,0,False,nan|2946,1342384
1,130_bNAb_Combinations|1342384|cc|4|1|nan|2946,0,2.45361e-09,-1.40217,-5.65519e-08,0,0,0,False,nan|2946,1342384
1,130_bNAb_Combinations|1342384|cc|5|1|nan|2946,0,-2.37221e-08,1.36434,-6.219e-09,0,0,0,False,nan|2946,1342384
1,130_bNAb_Combinations|1342384|cc|6|1|nan|2946,0,2.6304e-09,0.966354,-1.63054e-08,0,0,0,False,nan|2946,1342384
1,130_bNAb_Combinations|1342384|cc|7|1|nan|2946,0,2.19401e-08,-0.80095,1.72252e-08,0,0,0,False,nan|2946,1342384
1,130_bNAb_Combinations|1342384|cc|8|1|nan|2946,0,-1.87395e-08,1.32295,-2.9875e-09,0,0,0,False,nan|2946,1342384
1,130_bNAb_Combinations|1342384|sample|3|nan|2946,0,1.28471e-08,0.761789,-5.47035e-08,0,0,0,True,VRC07-523LS|2946,1342384
1,130_bNAb_Combinations|1342384|sample|4|nan|2946,0,1.01088e-08,0.804413,-6.12283e-08,0,0,0,True,VRC07-523LS|2946,1342384
1,130_bNAb_Combinations|1342384|vc|1|2|nan|2946,0,4.10974e-08,1.45874,2.21334e-08,0,0,0,False,nan|2946,1342384
1,130_bNAb_Combinations|1342384|vc|2|2|nan|2946,0,-4.61787e-09,0.248875,-4.26575e-08,0,0,0,False,nan|2946,1342384
1,130_bNAb_Combinations|1342384|vc|3|2|nan|2946,0,1.57221e-09,1.20019,1.7543e-08,0,0,0,False,nan|2946,1342384
1,130_bNAb_Combinations|1342384|vc|4|2|nan|2946,0,5.28482e-08,0.121535,-5.8628e-08,0,0,0,False,nan|2946,1342384
1,130_bNAb_Combinations|1342384|vc|5|2|nan|2946,0,-2.94835e-09,0.693805,9.7246e-08,0,0,0,False,nan|2946,1342384
1,130_bNAb_Combinations|1342384|vc|6|2|nan|2946,0,-3.19504e-08,0.0987094,1.03933e-07,0,0,0,False,nan|2946,1342384
1,130_bNAb_Combinations|1342384|vc|7|2|nan|2946,0,-2.05604e-10,0.0393969,7.91041e-08,0,0,0,False,nan|2946,1342384
1,130_bNAb_Combinations|1342384|vc|8|2|nan|2946,0,7.86444e-09,0.410291,-6.92503e-10,0,0,0,False,nan|2946,1342384
1,130_bNAb_Combinations|1342396|cc|1|1|PVO.4|5024,0,6.57281e-09,-0.712148,-7.51537e-08,0,0,0,False,nan|PVO.4,1342396
1,130_bNAb_Combinations|1342396|cc|2|1|PVO.4|5024,0,3.41689e-08,0.319677,-4.33798e-08,0,0,0,False,nan|PVO.4,1342396
1,130_bNAb_Combinations|1342396|cc|3|1|PVO.4|5024,0,3.24657e-08,-0.470806,1.23817e-08,0,0,0,False,nan|PVO.4,1342396
1,130_bNAb_Combinations|1342396|cc|4|1|PVO.4|5024,0,1.98831e-08,-0.15779,3.5742e-08,0,0,0,False,nan|PVO.4,1342396
1,130_bNAb_Combinations|1342396|cc|5|1|PVO.4|5024,0,-1.14354e-08,0.669826,-2.63383e-08,0,0,0,False,nan|PVO.4,1342396
1,130_bNAb_Combinations|1342396|cc|6|1|PVO.4|5024,0,-1.39093e-08,0.352285,-6.33811e-08,0,0,0,False,nan|PVO.4,1342396
1,130_bNAb_Combinations|1342396|cc|7|1|PVO.4|5024,0,2.34998e-09,-0.636843,-9.32037e-09,0,0,0,False,nan|PVO.4,1342396
1,130_bNAb_Combinations|1342396|cc|8|1|PVO.4|5024,0,-2.18469e-08,-0.612894,-1.00931e-07,0,0,0,False,nan|PVO.4,1342396
1,130_bNAb_Combinations|1342396|sample|3|PVO.4|5024,0,-1.40671e-09,0.780062,-2.59543e-08,0,0,0,True,VRC07-523LS|PVO.4,1342396
1,130_bNAb_Combinations|1342396|sample|4|PVO.4|5024,0,-4.90027e-09,0.758798,4.75471e-08,0,0,0,True,VRC07-523LS|PVO.4,1342396
1,130_bNAb_Combinations|1342396|vc|1|2|PVO.4|5024,0,-1.48428e-08,0.427808,-1.45886e-08,0,0,0,False,nan|PVO.4,1342396
1,130_bNAb_Combinations|1342396|vc|2|2|PVO.4|5024,0,-1.37408e-08,1.36231,6.09183e-08,0,0,0,False,nan|PVO.4,1342396
1,130_bNAb_Combinations|1342396|vc|3|2|PVO.4|5024,0,-5.34927e-09,0.446267,-7.94958e-08,0,0,0,False,nan|PVO.4,1342396
1,130_bNAb_Combinations|1342396|vc|4|2|PVO.4|5024,0,-1.11133e-08,0.865301,7.78522e-09,0,0,0,False,nan|PVO.4,1342396
1,130_bNAb_Combinations|1342396|vc|5|2|PVO.4|5024,0,-1.69623e-10,0.129746,1.02943e-09,0,0,0,False,nan|PVO.4,1342396
1,130_bNAb_Combinations|1342396|vc|6|2|PVO.4|5024,0,3.58141e-08,1.17554,-4.978e-08,0,0,0,False,nan|PVO.4,1342396
1,130_bNAb_Combinations|1342396|vc|7|2|PVO.4|5024,0,-3.80068e-08,0.160027,-1.09735e-07,0,0,0,False,nan|PVO.4,1342396
1,130_bNAb_Combinations|1342396|vc|8|2|PVO.4|5024,0,4.79723e-08,0.940598,1.49915e-08,0,0,0,False,nan|PVO.4,1342396
1,130_bNAb_Combinations|1342408|cc|1|1|nan|4168,0,-2.79541e-08,-0.484326,3.13845e-08,0,0,0,False,nan|4168,1342408
1,130_bNAb_Combinations|1342408|cc|2|1|nan|4168,0,-2.2825e-08,-0.301698,6.15629e-08,0,0,0,False,nan|4168,1342408
1,130_bNAb_Combinations|1342408|cc|3|1|nan|4168,0,-1.2717e-08,-0.15262,-1.41357e-08,0,0,0,False,nan|4168,1342408
1,130_bNAb_Combinations|1342408|cc|4|1|nan|4168,0,2.37164e-08,-0.216139,2.89449e-08,0,0,0,False,nan|4168,1342408
1,130_bNAb_Combinations|1342408|cc|5|1|nan|4168,0,7.95856e-09,-0.0644886,9.16363e-08,0,0,0,False,nan|4168,1342408
1,130_bNAb_Combinations|1342408|cc|6|1|nan|4168,0,-1.13747e-08,-0.703664,6.26484e-08,0,0,0,False,nan|4168,1342408
1,130_bNAb_Combinations|1342408|cc|7|1|nan|4168,0,1.23115e-08,-0.276559,6.50754e-08,0,0,0,False,nan|4168,1342408
1,130_bNAb_Combinations|1342408|cc|8|1|nan|4168,0,1.61594e-08,-1.22157,-3.64707e-08,0,0,0,False,nan|4168,1342408
1,130_bNAb_Combinations|1342408|sample|3|nan|4168,0,-3.71263e-08,0.76933,9.85469e-08,0,0,0,True,VRC07-523LS|4168,1342408
1,130_bNAb_Combinations|1342408|sample|4|nan|4168,0,-1.46595e-08,0.818567,2.00596e-08,0,0,0,True,VRC07-523LS|4168,1342408
1,130_bNAb_Combinations|1342408|vc|1|2|nan|4168,0,2.22099e-09,0.835434,3.0881e-08,0,0,0,False,nan|4168,1342408
1,130_bNAb_Combinations|1342408|vc|2|2|nan|4168,0,5.20574e-09,0.601159,6.18967e-08,0,0,0,False,nan|4168,1342408
1,130_bNAb_Combinations|1342408|vc|3|2|nan|4168,0,4.87045e-09,0.699247,-2.0498e-08,0,0,0,False,nan|4168,1342408
1,130_bNAb_Combinations|1342408|vc|4|2|nan|4168,0,-4.42865e-09,1.09228,5.62013e-08,0,0,0,False,nan|4168,1342408
1,130_bNAb_Combinations|1342408|vc|5|2|nan|4168,0,-2.915e-09,0.764937,-2.95993e-08,0,0,0,False,nan|4168,1342408
1,130_bNAb_Combinations|1342408|vc|6|2|nan|4168,0,-3.12723e-08,0.40251,-1.91762e-08,0,0,0,False,nan|4168,1342408
1,130_bNAb_Combinations|1342408|vc|7|2|nan|4168,0,-1.32555e-08,0.343516,-2.3012e-08,0,0,0,False,nan|4168,1342408
1,130_bNAb_Combinations|1342408|vc|8|2|nan|4168,0,-1.71144e-08,0.0893526,-3.40946e-08,0,0,0,False,nan|4168,1342408
1,704_VRC01_Concordance|1200432|cc|1|1|PVO.4|5024,0,1.95831e-08,-0.303603,6.54163e-08,0,0,0,False,nan|PVO.4,1200432
1,704_VRC01_Concordance|1200432|cc|2|1|PVO.4|5024,0,1.34708e-08,-0.47258,4.5294e-08,0,0,0,False,nan|PVO.4,1200432
1,704_VRC01_Concordance|1200432|cc|3|1|PVO.4|5024,0,-1.34853e-09,-1.5948,-4.43428e-08,0,0,0,False,nan|PVO.4,1200432
1,704_VRC01_Concordance|1200432|cc|4|1|PVO.4|5024,0,1.15081e-08,-0.262997,-8.17412e-09,0,0,0,False,nan|PVO.4,1200432
1,704_VRC01_Concordance|1200432|cc|5|1|PVO.4|5024,0,-1.00398e-08,1.36256,-1.34689e-07,0,0,0,False,nan|PVO.4,1200432
1,704_VRC01_Concordance|1200432|cc|6|1|PVO.4|5024,0,-8.04107e-09,-0.875173,-7.65455e-09,0,0,0,False,nan|PVO.4,1200432
1,704_VRC01_Concordance|1200432|cc|7|1|PVO.4|5024,0,1.16158e-08,-0.644954,1.27534e-08,0,0,0,False,nan|PVO.4,1200432
1,704_VRC01_Concordance|1200432|cc|8|1|PVO.4|5024,0,1.98012e-08,0.317021,-5.89031e-10,0,0,0,False,nan|PVO.4,1200432
1,704_VRC01_Concordance|1200432|sample|10|PVO.4|5024,0,1.49953e-08,0.758627,1.13543e-08,0,0,0,True,Clinical VRC01|PVO.4,1200432
1,704_VRC01_Concordance|1200432|sample|11|PVO.4|5024,0,3.07441e-08,0.708748,-6.30131e-08,0,0,0,True,Clinical VRC01|PVO.4,1200432
1,704_VRC01_Concordance|1200432|sample|12|PVO.4|5024,0,-2.53903e-08,0.647894,-9.41255e-08,0,0,0,True,Clinical VRC01|PVO.4,1200432
1,704_VRC01_Concordance|1200432|sample|3|PVO.4|5024,0,3.07775e-08,0.650484,1.53543e-07,0,0,0,True,Clinical VRC01|PVO.4,1200432
1,704_VRC01_Concordance|1200432|sample|4|PVO.4|5024,0,7.8173e-10,0.74346,1.2656e-07,0,0,0,True,Clinical VRC01|PVO.4,1200432
1,704_VRC01_Concordance|1200432|sample|5|PVO.4|5024,0,-4.46577e-09,0.758884,2.83269e-08,0,0,0,True,Clinical VRC01|PVO.4,1200432
1,704_VRC01_Concordance|1200432|sample|6|PVO.4|5024,0,1.97228e-08,0.750682,-4.85775e-08,0,0,0,True,Clinical VRC01|PVO.4,1200432
1,704_VRC01_Concordance|1200432|sample|7|PVO.4|5024,0,2.87439e-08,0.695448,1.20066e-07,0,0,0,True,Clinical VRC01|PVO.4,1200432
1,704_VRC01_Concordance|1200432|sample|8|PVO.4|5024,0,2.75124e-08,0.691688,-4.09329e-08,0,0,0,True,Clinical VRC01|PVO.4,1200432
1,704_VRC01_Concordance|1200432|sample|9|PVO.4|5024,0,3.24978e-08,0.740742,9.10124e-08,0,0,0,True,Clinical VRC01|PVO.4,1200432
1,704_VRC01_Concordance|1200432|vc|1|2|PVO.4|5024,0,-2.33813e-08,1.57446,-4.08087e-08,0,0,0,False,nan|PVO.4,1200432
1,704_VRC01_Concordance|1200432|vc|2|2|PVO.4|5024,0,-2.25845e-08,0.840737,-2.99056e-08,0,0,0,False,nan|PVO.4,1200432
1,704_VRC01_Concordance|1200432|vc|3|2|PVO.4|5024,0,-4.016e-08,0.952108,5.53463e-08,0,0,0,False,nan|PVO.4,1200432
1,704_VRC01_Concordance|1200432|vc|4|2|PVO.4|5024,0,4.78099e-09,0.294118,-1.24745e-08,0,0,0,False,nan|PVO.4,1200432
1,704_VRC01_Concordance|1200432|vc|5|2|PVO.4|5024,0,-3.7948e-08,0.22187,-6.32159e-08,0,0,0,False,nan|PVO.4,1200432
1,704_VRC01_Concordance|1200432|vc|6|2|PVO.4|5024,0,1.02449e-08,0.141302,-7.03604e-08,0,0,0,False,nan|PVO.4,1200432
1,704_VRC01_Concordance|1200432|vc|7|2|PVO.4|5024,0,1.44861e-08,0.337695,-6.54759e-08,0,0,0,False,nan|PVO.4,1200432
1,704_VRC01_Concordance|1200432|vc|8|2|PVO.4|5024,0,-4.267e-09,0.117306,5.72023e-10,0,0,0,False,nan|PVO.4,1200432
