rep,id,U,L,m,e,s,alpha,k,goes_down,mab_virus,run_id
1,130_bNAb_Combinations|1313842|cc|1|1|nan|2946,1,0.038363,0.775825,0.248812,-16.3314,0.493742,0.978443,False,nan|2946,1313842
1,130_bNAb_Combinations|1313842|cc|2|1|nan|2946,1,0.038363,0.524879,0.248812,1.82452,0.493742,0.978443,False,nan|2946,1313842
1,130_bNAb_Combinations|1313842|cc|3|1|nan|2946,1,0.038363,0.374178,0.248812,-23.2502,0.493742,0.978443,False,nan|2946,1313842
1,130_bNAb_Combinations|1313842|cc|4|1|nan|2946,1,0.038363,0.749453,0.248812,31.1507,0.493742,0.978443,False,nan|2946,1313842
1,130_bNAb_Combinations|1313842|cc|5|1|nan|2946,1,0.038363,0.70746,0.248812,8.10806,0.493742,0.978443,False,nan|2946,1313842
1,130_bNAb_Combinations|1313842|cc|6|1|nan|2946,1,0.038363,0.593629,0.248812,-1.8966,0.493742,0.978443,False,nan|2946,1313842
1,130_bNAb_Combinations|1313842|cc|7|1|nan|2946,1,0.038363,0.717711,0.248812,12.7463,0.493742,0.978443,False,nan|2946,1313842
1,130_bNAb_Combinations|1313842|cc|8|1|nan|2946,1,0.038363,0.618656,0.248812,-6.73511,0.493742,0.978443,False,nan|2946,1313842
1,130_bNAb_Combinations|1313842|sample|10|nan|2946,1,0.00926689,0.644852,0.0338167,15.7415,0.493742,0.978443,True,PGT121|2946,1313842
1,130_bNAb_Combinations|1313842|sample|11|nan|2946,1,0.00216373,0.877775,0.248984,4.83955,0.493742,0.978443,True,VRC07-523LS|2946,1313842
1,130_bNAb_Combinations|1313842|sample|12|nan|2946,1,0.00216373,0.713025,0.248984,5.16608,0.493742,0.978443,True,VRC07-523LS|2946,1313842
1,130_bNAb_Combinations|1313842|sample|3|nan|2946,1,0.0791473,0.72079,0.2293,3.06267,0.493742,0.978443,True,PGDM1400|2946,1313842
1,130_bNAb_Combinations|1313842|sample|4|nan|2946,1,0.0791474,0.649932,0.2293,3.20085,0.493742,0.978443,True,PGDM1400|2946,1313842
1,130_bNAb_Combinations|1313842|sample|5|nan|2946,1,0.0791474,0.705983,0.2293,3.19296,0.493742,0.978443,True,PGDM1400|2946,1313842
1,130_bNAb_Combinations|1313842|sample|6|nan|2946,1,0.0791473,0.753593,0.2293,2.97089,0.493742,0.978443,True,PGDM1400|2946,1313842
1,130_bNAb_Combinations|1313842|sample|7|nan|2946,1,0.00926689,0.733726,0.0338167,18.0623,0.493742,0.978443,True,PGT121|2946,1313842
1,130_bNAb_Combinations|1313842|sample|8|nan|2946,1,0.00926689,0.678525,0.0338167,18.219,0.493742,0.978443,True,PGT121|2946,1313842
1,130_bNAb_Combinations|1313842|sample|9|nan|2946,1,0.00926689,0.731837,0.0338167,21.8922,0.493742,0.978443,True,PGT121|2946,1313842
1,130_bNAb_Combinations|1313842|vc|1|2|nan|2946,1,0.038363,0.770323,0.248812,68.2687,0.493742,0.978443,False,nan|2946,1313842
1,130_bNAb_Combinations|1313842|vc|2|2|nan|2946,1,0.038363,0.738,0.248812,-23.0152,0.493742,0.978443,False,nan|2946,1313842
1,130_bNAb_Combinations|1313842|vc|3|2|nan|2946,1,0.038363,0.612927,0.248812,1.34251,0.493742,0.978443,False,nan|2946,1313842
1,130_bNAb_Combinations|1313842|vc|4|2|nan|2946,1,0.038363,0.784854,0.248812,-6.37778,0.493742,0.978443,False,nan|2946,1313842
1,130_bNAb_Combinations|1313842|vc|5|2|nan|2946,1,0.0383631,0.87436,0.248812,-24.0305,0.493742,0.978443,False,nan|2946,1313842
1,130_bNAb_Combinations|1313842|vc|6|2|nan|2946,1,0.038363,0.204331,0.248812,26.158,0.493742,0.978443,False,nan|2946,1313842
1,130_bNAb_Combinations|1313842|vc|7|2|nan|2946,1,0.038363,0.843846,0.248812,-18.2286,0.493742,0.978443,False,nan|2946,1313842
1,130_bNAb_Combinations|1313842|vc|8|2|nan|2946,1,0.038363,0.773126,0.248812,2.2954,0.493742,0.978443,False,nan|2946,1313842
1,130_bNAb_Combinations|1313860|cc|1|1|PVO.4|5024,1,0.00208514,0.739175,0.248817,-1.60581,0.307352,0.978171,False,nan|PVO.4,1313860
1,130_bNAb_Combinations|1313860|cc|2|1|PVO.4|5024,1,0.00208514,0.738188,0.248817,20.4564,0.307352,0.978171,False,nan|PVO.4,1313860
1,130_bNAb_Combinations|1313860|cc|3|1|PVO.4|5024,1,0.00208514,0.510114,0.248817,-14.1633,0.307352,0.978171,False,nan|PVO.4,1313860
1,130_bNAb_Combinations|1313860|cc|4|1|PVO.4|5024,1,0.00208514,0.907907,0.248817,-30.6061,0.307352,0.978171,False,nan|PVO.4,1313860
1,130_bNAb_Combinations|1313860|cc|5|1|PVO.4|5024,1,0.00208514,0.656867,0.248817,5.93704,0.307352,0.978171,False,nan|PVO.4,1313860
1,130_bNAb_Combinations|1313860|cc|6|1|PVO.4|5024,1,0.00208514,0.473416,0.248817,4.79698,0.307352,0.978171,False,nan|PVO.4,1313860
1,130_bNAb_Combinations|1313860|cc|7|1|PVO.4|5024,1,0.00208514,0.523132,0.248817,-9.85092,0.307352,0.978171,False,nan|PVO.4,1313860
1,130_bNAb_Combinations|1313860|cc|8|1|PVO.4|5024,1,0.00208514,0.638017,0.248817,-76.4034,0.307352,0.978171,False,nan|PVO.4,1313860
1,130_bNAb_Combinations|1313860|sample|10|PVO.4|5024,1,0.00133489,0.718784,0.248891,10.348,0.307352,0.978171,True,PGT121|PVO.4,1313860
1,130_bNAb_Combinations|1313860|sample|11|PVO.4|5024,1,0.000387394,0.82814,0.248897,14.3515,0.307352,0.978171,True,VRC07-523LS|PVO.4,1313860
1,130_bNAb_Combinations|1313860|sample|12|PVO.4|5024,1,0.000387394,0.763951,0.248897,13.5173,0.307352,0.978171,True,VRC07-523LS|PVO.4,1313860
1,130_bNAb_Combinations|1313860|sample|3|PVO.4|5024,1,0.0131353,0.815197,0.248916,3.27958,0.307352,0.978171,True,PGDM1400|PVO.4,1313860
1,130_bNAb_Combinations|1313860|sample|4|PVO.4|5024,1,0.0131353,0.739689,0.248916,2.63425,0.307352,0.978171,True,PGDM1400|PVO.4,1313860
1,130_bNAb_Combinations|1313860|sample|5|PVO.4|5024,1,0.0131353,0.901889,0.248916,2.9634,0.307352,0.978171,True,PGDM1400|PVO.4,1313860
1,130_bNAb_Combinations|1313860|sample|6|PVO.4|5024,1,0.0131353,0.948644,0.248916,3.3969,0.307352,0.978171,True,PGDM1400|PVO.4,1313860
1,130_bNAb_Combinations|1313860|sample|7|PVO.4|5024,1,0.00133489,0.660492,0.248891,9.77657,0.307352,0.978171,True,PGT121|PVO.4,1313860
1,130_bNAb_Combinations|1313860|sample|8|PVO.4|5024,1,0.00133489,0.716855,0.248891,9.22534,0.307352,0.978171,True,PGT121|PVO.4,1313860
1,130_bNAb_Combinations|1313860|sample|9|PVO.4|5024,1,0.00133489,0.728415,0.248891,10.1468,0.307352,0.978171,True,PGT121|PVO.4,1313860
1,130_bNAb_Combinations|1313860|vc|1|2|PVO.4|5024,1,0.00208514,0.854853,0.248817,-17.3307,0.307352,0.978171,False,nan|PVO.4,1313860
1,130_bNAb_Combinations|1313860|vc|2|2|PVO.4|5024,1,0.00208514,0.605371,0.248817,10.0605,0.307352,0.978171,False,nan|PVO.4,1313860
1,130_bNAb_Combinations|1313860|vc|3|2|PVO.4|5024,1,0.00208514,0.676852,0.248817,6.11607,0.307352,0.978171,False,nan|PVO.4,1313860
1,130_bNAb_Combinations|1313860|vc|4|2|PVO.4|5024,1,0.00208514,1.00947,0.248817,0.965448,0.307352,0.978171,False,nan|PVO.4,1313860
1,130_bNAb_Combinations|1313860|vc|5|2|PVO.4|5024,1,0.00208514,0.547551,0.248817,-5.46436,0.307352,0.978171,False,nan|PVO.4,1313860
1,130_bNAb_Combinations|1313860|vc|6|2|PVO.4|5024,1,0.00208514,0.752644,0.248817,3.56327,0.307352,0.978171,False,nan|PVO.4,1313860
1,130_bNAb_Combinations|1313860|vc|7|2|PVO.4|5024,1,0.00208514,0.731237,0.248817,-8.5479,0.307352,0.978171,False,nan|PVO.4,1313860
1,130_bNAb_Combinations|1313860|vc|8|2|PVO.4|5024,1,0.00208514,0.661367,0.248817,-10.5694,0.307352,0.978171,False,nan|PVO.4,1313860
1,130_bNAb_Combinations|1313884|cc|1|1|nan|4168,1,0.0142474,0.631296,0.24882,6.1064,0.493332,0.978191,False,nan|4168,1313884
1,130_bNAb_Combinations|1313884|cc|2|1|nan|4168,1,0.0142474,0.72334,0.24882,16.1312,0.493332,0.978191,False,nan|4168,1313884
1,130_bNAb_Combinations|1313884|cc|3|1|nan|4168,1,0.0142474,0.746252,0.24882,27.6387,0.493332,0.978191,False,nan|4168,1313884
1,130_bNAb_Combinations|1313884|cc|4|1|nan|4168,1,0.0142474,0.742421,0.24882,-30.0892,0.493332,0.978191,False,nan|4168,1313884
1,130_bNAb_Combinations|1313884|cc|5|1|nan|4168,1,0.0142474,0.695399,0.24882,-1.8734,0.493332,0.978191,False,nan|4168,1313884
1,130_bNAb_Combinations|1313884|cc|6|1|nan|4168,1,0.0142474,0.80282,0.24882,-1.84421,0.493332,0.978191,False,nan|4168,1313884
1,130_bNAb_Combinations|1313884|cc|7|1|nan|4168,1,0.0142474,0.803036,0.24882,11.2535,0.493332,0.978191,False,nan|4168,1313884
1,130_bNAb_Combinations|1313884|cc|8|1|nan|4168,1,0.0142474,0.755295,0.24882,25.6448,0.493332,0.978191,False,nan|4168,1313884
1,130_bNAb_Combinations|1313884|sample|10|nan|4168,1,0.0827458,0.447954,0.248857,6.73857,0.493332,0.978191,True,PGT121|4168,1313884
1,130_bNAb_Combinations|1313884|sample|11|nan|4168,1,0.00575353,0.515171,0.248928,5.86804,0.493332,0.978191,True,VRC07-523LS|4168,1313884
1,130_bNAb_Combinations|1313884|sample|12|nan|4168,1,0.00575353,0.670075,0.248928,7.78814,0.493332,0.978191,True,VRC07-523LS|4168,1313884
1,130_bNAb_Combinations|1313884|sample|3|nan|4168,1,0.0444539,0.881313,0.248918,1.19693,0.493332,0.978191,True,PGDM1400|4168,1313884
1,130_bNAb_Combinations|1313884|sample|4|nan|4168,1,0.0444539,0.657123,0.248918,1.32979,0.493332,0.978191,True,PGDM1400|4168,1313884
1,130_bNAb_Combinations|1313884|sample|5|nan|4168,1,0.0444539,1.03849,0.248918,1.48102,0.493332,0.978191,True,PGDM1400|4168,1313884
1,130_bNAb_Combinations|1313884|sample|6|nan|4168,1,0.0444539,0.878331,0.248918,1.6659,0.493332,0.978191,True,PGDM1400|4168,1313884
1,130_bNAb_Combinations|1313884|sample|7|nan|4168,1,0.0827458,0.473602,0.248857,5.08789,0.493332,0.978191,True,PGT121|4168,1313884
1,130_bNAb_Combinations|1313884|sample|8|nan|4168,1,0.0827458,0.496161,0.248857,6.36353,0.493332,0.978191,True,PGT121|4168,1313884
1,130_bNAb_Combinations|1313884|sample|9|nan|4168,1,0.0827459,0.503276,0.248857,7.14434,0.493332,0.978191,True,PGT121|4168,1313884
1,130_bNAb_Combinations|1313884|vc|1|2|nan|4168,1,0.0142474,0.709282,0.24882,11.5839,0.493332,0.978191,False,nan|4168,1313884
1,130_bNAb_Combinations|1313884|vc|2|2|nan|4168,1,0.0142474,0.74596,0.24882,24.7127,0.493332,0.978191,False,nan|4168,1313884
1,130_bNAb_Combinations|1313884|vc|3|2|nan|4168,1,0.0142474,0.819838,0.24882,16.1906,0.493332,0.978191,False,nan|4168,1313884
1,130_bNAb_Combinations|1313884|vc|4|2|nan|4168,1,0.0142474,0.950382,0.24882,14.9082,0.493332,0.978191,False,nan|4168,1313884
1,130_bNAb_Combinations|1313884|vc|5|2|nan|4168,1,0.0142474,0.542327,0.24882,16.5174,0.493332,0.978191,False,nan|4168,1313884
1,130_bNAb_Combinations|1313884|vc|6|2|nan|4168,1,0.0142474,0.752009,0.24882,17.9734,0.493332,0.978191,False,nan|4168,1313884
1,130_bNAb_Combinations|1313884|vc|7|2|nan|4168,1,0.0142474,0.91508,0.24882,-9.22,0.493332,0.978191,False,nan|4168,1313884
1,130_bNAb_Combinations|1313884|vc|8|2|nan|4168,1,0.0142474,0.717474,0.24882,16.4544,0.493332,0.978191,False,nan|4168,1313884
1,130_bNAb_Combinations|1313920|cc|1|1|nan|1798,1,0.00591219,0.665659,0.248812,39.8205,0.493708,0.978283,False,nan|1798,1313920
1,130_bNAb_Combinations|1313920|cc|2|1|nan|1798,1,0.00591219,0.663356,0.248812,-14.5158,0.493708,0.978283,False,nan|1798,1313920
1,130_bNAb_Combinations|1313920|cc|3|1|nan|1798,1,0.00591219,0.748892,0.248812,-31.5327,0.493708,0.978283,False,nan|1798,1313920
1,130_bNAb_Combinations|1313920|cc|4|1|nan|1798,1,0.00591219,0.794747,0.248812,6.08204,0.493708,0.978283,False,nan|1798,1313920
1,130_bNAb_Combinations|1313920|cc|5|1|nan|1798,1,0.00591219,0.87067,0.248812,30.1385,0.493708,0.978283,False,nan|1798,1313920
1,130_bNAb_Combinations|1313920|cc|6|1|nan|1798,1,0.00591219,0.541475,0.248812,-23.8415,0.493708,0.978283,False,nan|1798,1313920
1,130_bNAb_Combinations|1313920|cc|7|1|nan|1798,1,0.00591219,0.560863,0.248812,3.58213,0.493708,0.978283,False,nan|1798,1313920
1,130_bNAb_Combinations|1313920|cc|8|1|nan|1798,1,0.00591219,0.776177,0.248812,-20.6774,0.493708,0.978283,False,nan|1798,1313920
1,130_bNAb_Combinations|1313920|sample|10|nan|1798,1,0.000814363,0.683594,0.248905,18.6446,0.493708,0.978283,True,PGT121|1798,1313920
1,130_bNAb_Combinations|1313920|sample|11|nan|1798,1,0.00166289,0.719609,0.248986,6.28659,0.493708,0.978283,True,VRC07-523LS|1798,1313920
1,130_bNAb_Combinations|1313920|sample|12|nan|1798,1,0.00166289,0.972092,0.248986,8.54732,0.493708,0.978283,True,VRC07-523LS|1798,1313920
1,130_bNAb_Combinations|1313920|sample|3|nan|1798,1,0.13623,0.738005,0.24891,7.93619,0.493708,0.978283,True,PGDM1400|1798,1313920
1,130_bNAb_Combinations|1313920|sample|4|nan|1798,1,0.13623,0.695569,0.24891,7.04427,0.493708,0.978283,True,PGDM1400|1798,1313920
1,130_bNAb_Combinations|1313920|sample|5|nan|1798,1,0.13623,0.601511,0.24891,6.69592,0.493708,0.978283,True,PGDM1400|1798,1313920
1,130_bNAb_Combinations|1313920|sample|6|nan|1798,1,0.13623,0.650285,0.24891,6.83315,0.493708,0.978283,True,PGDM1400|1798,1313920
1,130_bNAb_Combinations|1313920|sample|7|nan|1798,1,0.000814363,0.934526,0.248905,30.2407,0.493708,0.978283,True,PGT121|1798,1313920
1,130_bNAb_Combinations|1313920|sample|8|nan|1798,1,0.000814363,0.65364,0.248905,14.0432,0.493708,0.978283,True,PGT121|1798,1313920
1,130_bNAb_Combinations|1313920|sample|9|nan|1798,1,0.000814363,0.673905,0.248905,16.2251,0.493708,0.978283,True,PGT121|1798,1313920
1,130_bNAb_Combinations|1313920|vc|1|2|nan|1798,1,0.00591219,0.957498,0.248812,-7.03045,0.493708,0.978283,False,nan|1798,1313920
1,130_bNAb_Combinations|1313920|vc|2|2|nan|1798,1,0.00591219,0.881093,0.248812,7.8793,0.493708,0.978283,False,nan|1798,1313920
1,130_bNAb_Combinations|1313920|vc|3|2|nan|1798,1,0.00591219,0.618222,0.248812,1.21978,0.493708,0.978283,False,nan|1798,1313920
1,130_bNAb_Combinations|1313920|vc|4|2|nan|1798,1,0.00591219,1.07601,0.248812,30.038,0.493708,0.978283,False,nan|1798,1313920
1,130_bNAb_Combinations|1313920|vc|5|2|nan|1798,1,0.00591219,0.774304,0.248812,13.9126,0.493708,0.978283,False,nan|1798,1313920
1,130_bNAb_Combinations|1313920|vc|6|2|nan|1798,1,0.00591219,0.762891,0.248812,-19.7697,0.493708,0.978283,False,nan|1798,1313920
1,130_bNAb_Combinations|1313920|vc|7|2|nan|1798,1,0.00591219,0.644801,0.248812,46.9025,0.493708,0.978283,False,nan|1798,1313920
1,130_bNAb_Combinations|1313920|vc|8|2|nan|1798,1,0.00591219,0.671783,0.248812,9.51995,0.493708,0.978283,False,nan|1798,1313920
1,130_bNAb_Combinations|1313938|cc|1|1|TRO.11|8301,1,0.0187082,0.549241,0.248815,47.348,0.493734,0.978257,False,nan|TRO.11,1313938
1,130_bNAb_Combinations|1313938|cc|2|1|TRO.11|8301,1,0.0187082,0.718803,0.248815,-2.47696,0.493734,0.978257,False,nan|TRO.11,1313938
1,130_bNAb_Combinations|1313938|cc|3|1|TRO.11|8301,1,0.0187082,0.84067,0.248815,-26.6283,0.493734,0.978257,False,nan|TRO.11,1313938
1,130_bNAb_Combinations|1313938|cc|4|1|TRO.11|8301,1,0.0187082,0.871414,0.248815,36.1307,0.493734,0.978257,False,nan|TRO.11,1313938
1,130_bNAb_Combinations|1313938|cc|5|1|TRO.11|8301,1,0.0187082,0.847262,0.248815,7.1094,0.493734,0.978257,False,nan|TRO.11,1313938
1,130_bNAb_Combinations|1313938|cc|6|1|TRO.11|8301,1,0.0187082,0.608901,0.248815,24.0366,0.493734,0.978257,False,nan|TRO.11,1313938
1,130_bNAb_Combinations|1313938|cc|7|1|TRO.11|8301,1,0.0187082,0.700254,0.248815,27.6308,0.493734,0.978257,False,nan|TRO.11,1313938
1,130_bNAb_Combinations|1313938|cc|8|1|TRO.11|8301,1,0.0187082,0.665543,0.248815,-6.13263,0.493734,0.978257,False,nan|TRO.11,1313938
1,130_bNAb_Combinations|1313938|sample|10|TRO.11|8301,1,0.0010358,0.757043,0.248888,48.3846,0.493734,0.978257,True,PGT121|TRO.11,1313938
1,130_bNAb_Combinations|1313938|sample|11|TRO.11|8301,1,0.00173932,0.874223,0.248959,16.6767,0.493734,0.978257,True,VRC07-523LS|TRO.11,1313938
1,130_bNAb_Combinations|1313938|sample|12|TRO.11|8301,1,0.00173932,0.792863,0.248959,14.4848,0.493734,0.978257,True,VRC07-523LS|TRO.11,1313938
1,130_bNAb_Combinations|1313938|sample|3|TRO.11|8301,1,0.0114311,0.671794,0.248894,4.21112,0.493734,0.978257,True,PGDM1400|TRO.11,1313938
1,130_bNAb_Combinations|1313938|sample|4|TRO.11|8301,1,0.0114311,0.880139,0.248894,4.17721,0.493734,0.978257,True,PGDM1400|TRO.11,1313938
1,130_bNAb_Combinations|1313938|sample|5|TRO.11|8301,1,0.0114311,0.79785,0.248894,4.07669,0.493734,0.978257,True,PGDM1400|TRO.11,1313938
1,130_bNAb_Combinations|1313938|sample|6|TRO.11|8301,1,0.0114311,0.685391,0.248894,4.38517,0.493734,0.978257,True,PGDM1400|TRO.11,1313938
1,130_bNAb_Combinations|1313938|sample|7|TRO.11|8301,1,0.0010358,0.708833,0.248888,36.645,0.493734,0.978257,True,PGT121|TRO.11,1313938
1,130_bNAb_Combinations|1313938|sample|8|TRO.11|8301,1,0.0010358,0.672327,0.248888,32.1267,0.493734,0.978257,True,PGT121|TRO.11,1313938
1,130_bNAb_Combinations|1313938|sample|9|TRO.11|8301,1,0.0010358,0.727167,0.248888,43.2794,0.493734,0.978257,True,PGT121|TRO.11,1313938
1,130_bNAb_Combinations|1313938|vc|1|2|TRO.11|8301,1,0.0187082,0.690222,0.248815,-1.59125,0.493734,0.978257,False,nan|TRO.11,1313938
1,130_bNAb_Combinations|1313938|vc|2|2|TRO.11|8301,1,0.0187082,0.776637,0.248815,-11.9985,0.493734,0.978257,False,nan|TRO.11,1313938
1,130_bNAb_Combinations|1313938|vc|3|2|TRO.11|8301,1,0.0187082,0.449421,0.248815,3.45214,0.493734,0.978257,False,nan|TRO.11,1313938
1,130_bNAb_Combinations|1313938|vc|4|2|TRO.11|8301,1,0.0187082,0.595273,0.248815,35.0907,0.493734,0.978257,False,nan|TRO.11,1313938
1,130_bNAb_Combinations|1313938|vc|5|2|TRO.11|8301,1,0.0187082,0.626458,0.248815,35.3265,0.493734,0.978257,False,nan|TRO.11,1313938
1,130_bNAb_Combinations|1313938|vc|6|2|TRO.11|8301,1,0.0187082,0.355199,0.248815,4.52512,0.493734,0.978257,False,nan|TRO.11,1313938
1,130_bNAb_Combinations|1313938|vc|7|2|TRO.11|8301,1,0.0187082,0.874862,0.248815,12.9637,0.493734,0.978257,False,nan|TRO.11,1313938
1,130_bNAb_Combinations|1313938|vc|8|2|TRO.11|8301,1,0.0187082,0.659157,0.248815,4.31272,0.493734,0.978257,False,nan|TRO.11,1313938
1,130_bNAb_Combinations|1313956|cc|1|1|Ce1176_A3|7023,1,0.00886529,0.543604,0.248813,-4.48692,0.493743,0.587778,False,nan|Ce1176_A3,1313956
1,130_bNAb_Combinations|1313956|cc|2|1|Ce1176_A3|7023,1,0.00886529,0.796764,0.248813,-2.14082,0.493743,0.587778,False,nan|Ce1176_A3,1313956
1,130_bNAb_Combinations|1313956|cc|3|1|Ce1176_A3|7023,1,0.00886529,0.727695,0.248813,-0.0730202,0.493743,0.587778,False,nan|Ce1176_A3,1313956
1,130_bNAb_Combinations|1313956|cc|4|1|Ce1176_A3|7023,1,0.00886529,0.739014,0.248813,22.3859,0.493743,0.587778,False,nan|Ce1176_A3,1313956
1,130_bNAb_Combinations|1313956|cc|5|1|Ce1176_A3|7023,1,0.00886529,0.889166,0.248813,12.0524,0.493743,0.587778,False,nan|Ce1176_A3,1313956
1,130_bNAb_Combinations|1313956|cc|6|1|Ce1176_A3|7023,1,0.00886529,0.781461,0.248813,46.909,0.493743,0.587778,False,nan|Ce1176_A3,1313956
1,130_bNAb_Combinations|1313956|cc|7|1|Ce1176_A3|7023,1,0.00886529,0.731719,0.248813,33.4715,0.493743,0.587778,False,nan|Ce1176_A3,1313956
1,130_bNAb_Combinations|1313956|cc|8|1|Ce1176_A3|7023,1,0.00886529,0.677027,0.248813,30.1151,0.493743,0.587778,False,nan|Ce1176_A3,1313956
1,130_bNAb_Combinations|1313956|sample|10|Ce1176_A3|7023,1,0.000684042,0.685627,0.24888,32.9349,0.493743,0.587778,True,PGT121|Ce1176_A3,1313956
1,130_bNAb_Combinations|1313956|sample|11|Ce1176_A3|7023,1,0.00214374,0.849766,0.248902,7.46834,0.493743,0.587778,True,VRC07-523LS|Ce1176_A3,1313956
1,130_bNAb_Combinations|1313956|sample|12|Ce1176_A3|7023,1,0.00214374,0.755182,0.248902,7.46125,0.493743,0.587778,True,VRC07-523LS|Ce1176_A3,1313956
1,130_bNAb_Combinations|1313956|sample|3|Ce1176_A3|7023,1,0.167479,0.614469,0.248898,3.2125,0.493743,0.587778,True,PGDM1400|Ce1176_A3,1313956
1,130_bNAb_Combinations|1313956|sample|4|Ce1176_A3|7023,1,0.167479,0.550686,0.248898,2.94806,0.493743,0.587778,True,PGDM1400|Ce1176_A3,1313956
1,130_bNAb_Combinations|1313956|sample|5|Ce1176_A3|7023,1,0.167479,0.675926,0.248898,2.49546,0.493743,0.587778,True,PGDM1400|Ce1176_A3,1313956
1,130_bNAb_Combinations|1313956|sample|6|Ce1176_A3|7023,1,0.167479,0.711362,0.248898,3.77171,0.493743,0.587778,True,PGDM1400|Ce1176_A3,1313956
1,130_bNAb_Combinations|1313956|sample|7|Ce1176_A3|7023,1,0.000684042,0.750434,0.24888,37.4102,0.493743,0.587778,True,PGT121|Ce1176_A3,1313956
1,130_bNAb_Combinations|1313956|sample|8|Ce1176_A3|7023,1,0.000684042,0.822229,0.24888,51.7672,0.493743,0.587778,True,PGT121|Ce1176_A3,1313956
1,130_bNAb_Combinations|1313956|sample|9|Ce1176_A3|7023,1,0.000684042,0.750336,0.24888,45.3385,0.493743,0.587778,True,PGT121|Ce1176_A3,1313956
1,130_bNAb_Combinations|1313956|vc|1|2|Ce1176_A3|7023,1,0.00886529,0.61521,0.248813,-56.0287,0.493743,0.587778,False,nan|Ce1176_A3,1313956
1,130_bNAb_Combinations|1313956|vc|2|2|Ce1176_A3|7023,1,0.00886529,0.41919,0.248813,10.6546,0.493743,0.587778,False,nan|Ce1176_A3,1313956
1,130_bNAb_Combinations|1313956|vc|3|2|Ce1176_A3|7023,1,0.00886529,1.01781,0.248813,33.9891,0.493743,0.587778,False,nan|Ce1176_A3,1313956
1,130_bNAb_Combinations|1313956|vc|4|2|Ce1176_A3|7023,1,0.00886529,0.664439,0.248813,-11.5831,0.493743,0.587778,False,nan|Ce1176_A3,1313956
1,130_bNAb_Combinations|1313956|vc|5|2|Ce1176_A3|7023,1,0.00886529,0.72267,0.248813,-10.1466,0.493743,0.587778,False,nan|Ce1176_A3,1313956
1,130_bNAb_Combinations|1313956|vc|6|2|Ce1176_A3|7023,1,0.00886529,0.586378,0.248813,40.347,0.493743,0.587778,False,nan|Ce1176_A3,1313956
1,130_bNAb_Combinations|1313956|vc|7|2|Ce1176_A3|7023,1,0.00886529,0.527375,0.248813,3.24825,0.493743,0.587778,False,nan|Ce1176_A3,1313956
1,130_bNAb_Combinations|1313956|vc|8|2|Ce1176_A3|7023,1,0.00886529,0.97533,0.248813,-4.9194,0.493743,0.587778,False,nan|Ce1176_A3,1313956
1,130_bNAb_Combinations|1313974|cc|1|1|nan|1176,1,0.0160979,0.745572,0.248815,9.41525,0.493745,0.978281,False,nan|1176,1313974
1,130_bNAb_Combinations|1313974|cc|2|1|nan|1176,1,0.0160979,0.659021,0.248815,-6.7731,0.493745,0.978281,False,nan|1176,1313974
1,130_bNAb_Combinations|1313974|cc|3|1|nan|1176,1,0.0160979,0.668156,0.248815,28.7897,0.493745,0.978281,False,nan|1176,1313974
1,130_bNAb_Combinations|1313974|cc|4|1|nan|1176,1,0.0160979,0.654463,0.248815,27.6196,0.493745,0.978281,False,nan|1176,1313974
1,130_bNAb_Combinations|1313974|cc|5|1|nan|1176,1,0.0160979,0.708444,0.248815,0.626231,0.493745,0.978281,False,nan|1176,1313974
1,130_bNAb_Combinations|1313974|cc|6|1|nan|1176,1,0.0160979,0.416735,0.248815,3.09507,0.493745,0.978281,False,nan|1176,1313974
1,130_bNAb_Combinations|1313974|cc|7|1|nan|1176,1,0.0160979,0.768422,0.248815,-0.73332,0.493745,0.978281,False,nan|1176,1313974
1,130_bNAb_Combinations|1313974|cc|8|1|nan|1176,1,0.0160979,0.747303,0.248815,-32.9728,0.493745,0.978281,False,nan|1176,1313974
1,130_bNAb_Combinations|1313974|sample|10|nan|1176,1,0.0941366,0.705302,0.248897,2.37412,0.493745,0.978281,True,PGT121|1176,1313974
1,130_bNAb_Combinations|1313974|sample|11|nan|1176,1,0.00696209,0.741915,0.248888,18.966,0.493745,0.978281,True,VRC07-523LS|1176,1313974
1,130_bNAb_Combinations|1313974|sample|12|nan|1176,1,0.00696209,0.55467,0.248888,14.8004,0.493745,0.978281,True,VRC07-523LS|1176,1313974
1,130_bNAb_Combinations|1313974|sample|3|nan|1176,1,0.000354204,0.345383,0.248897,5.30464,0.493745,0.978281,True,PGDM1400|1176,1313974
1,130_bNAb_Combinations|1313974|sample|4|nan|1176,1,0.000354204,0.402718,0.248897,7.26515,0.493745,0.978281,True,PGDM1400|1176,1313974
1,130_bNAb_Combinations|1313974|sample|5|nan|1176,1,0.000354204,0.281704,0.248897,4.70871,0.493745,0.978281,True,PGDM1400|1176,1313974
1,130_bNAb_Combinations|1313974|sample|6|nan|1176,1,0.000354204,0.305085,0.248897,4.52114,0.493745,0.978281,True,PGDM1400|1176,1313974
1,130_bNAb_Combinations|1313974|sample|7|nan|1176,1,0.0941366,0.76651,0.248897,3.06842,0.493745,0.978281,True,PGT121|1176,1313974
1,130_bNAb_Combinations|1313974|sample|8|nan|1176,1,0.0941366,0.646473,0.248897,2.74006,0.493745,0.978281,True,PGT121|1176,1313974
1,130_bNAb_Combinations|1313974|sample|9|nan|1176,1,0.0941366,0.730249,0.248897,2.90901,0.493745,0.978281,True,PGT121|1176,1313974
1,130_bNAb_Combinations|1313974|vc|1|2|nan|1176,1,0.0160979,0.869808,0.248815,20.878,0.493745,0.978281,False,nan|1176,1313974
1,130_bNAb_Combinations|1313974|vc|2|2|nan|1176,1,0.0160979,0.885937,0.248815,-15.129,0.493745,0.978281,False,nan|1176,1313974
1,130_bNAb_Combinations|1313974|vc|3|2|nan|1176,1,0.0160979,0.569015,0.248815,30.3594,0.493745,0.978281,False,nan|1176,1313974
1,130_bNAb_Combinations|1313974|vc|4|2|nan|1176,1,0.0160979,0.947969,0.248815,-10.735,0.493745,0.978281,False,nan|1176,1313974
1,130_bNAb_Combinations|1313974|vc|5|2|nan|1176,1,0.0160979,0.648293,0.248815,-38.7377,0.493745,0.978281,False,nan|1176,1313974
1,130_bNAb_Combinations|1313974|vc|6|2|nan|1176,1,0.0160979,0.636431,0.248815,3.08946,0.493745,0.978281,False,nan|1176,1313974
1,130_bNAb_Combinations|1313974|vc|7|2|nan|1176,1,0.0160979,0.550449,0.248815,-15.2504,0.493745,0.978281,False,nan|1176,1313974
1,130_bNAb_Combinations|1313974|vc|8|2|nan|1176,1,0.0160979,0.706371,0.248815,-2.46367,0.493745,0.978281,False,nan|1176,1313974
1,130_bNAb_Combinations|1313992|cc|1|1|RHPA4259.7|5371,1,0.00313929,0.745043,0.24865,-5.20828,0.493735,0.978283,False,nan|RHPA4259.7,1313992
1,130_bNAb_Combinations|1313992|cc|2|1|RHPA4259.7|5371,1,0.00313929,0.365154,0.24865,18.9353,0.493735,0.978283,False,nan|RHPA4259.7,1313992
1,130_bNAb_Combinations|1313992|cc|3|1|RHPA4259.7|5371,1,0.00313929,0.790262,0.24865,-36.2787,0.493735,0.978283,False,nan|RHPA4259.7,1313992
1,130_bNAb_Combinations|1313992|cc|4|1|RHPA4259.7|5371,1,0.00313929,0.969546,0.24865,-37.7787,0.493735,0.978283,False,nan|RHPA4259.7,1313992
1,130_bNAb_Combinations|1313992|cc|5|1|RHPA4259.7|5371,1,0.00313929,0.711663,0.24865,16.719,0.493735,0.978283,False,nan|RHPA4259.7,1313992
1,130_bNAb_Combinations|1313992|cc|6|1|RHPA4259.7|5371,1,0.00313929,0.735295,0.24865,36.5605,0.493735,0.978283,False,nan|RHPA4259.7,1313992
1,130_bNAb_Combinations|1313992|cc|7|1|RHPA4259.7|5371,1,0.00313929,0.58903,0.24865,-71.5678,0.493735,0.978283,False,nan|RHPA4259.7,1313992
1,130_bNAb_Combinations|1313992|cc|8|1|RHPA4259.7|5371,1,0.00313929,0.660704,0.24865,30.9473,0.493735,0.978283,False,nan|RHPA4259.7,1313992
1,130_bNAb_Combinations|1313992|sample|10|RHPA4259.7|5371,1,0.00175487,0.648591,0.248918,27.6996,0.493735,0.978283,True,PGT121|RHPA4259.7,1313992
1,130_bNAb_Combinations|1313992|sample|11|RHPA4259.7|5371,1,0.00132693,0.60492,0.248889,28.2153,0.493735,0.978283,True,VRC07-523LS|RHPA4259.7,1313992
1,130_bNAb_Combinations|1313992|sample|12|RHPA4259.7|5371,1,0.00132693,0.6791,0.248889,30.1918,0.493735,0.978283,True,VRC07-523LS|RHPA4259.7,1313992
1,130_bNAb_Combinations|1313992|sample|3|RHPA4259.7|5371,1,0.00209805,0.760079,0.248872,4.85291,0.493735,0.978283,True,PGDM1400|RHPA4259.7,1313992
1,130_bNAb_Combinations|1313992|sample|4|RHPA4259.7|5371,1,0.00209805,0.864082,0.248872,5.21382,0.493735,0.978283,True,PGDM1400|RHPA4259.7,1313992
1,130_bNAb_Combinations|1313992|sample|5|RHPA4259.7|5371,1,0.00209805,0.869966,0.248872,6.03165,0.493735,0.978283,True,PGDM1400|RHPA4259.7,1313992
1,130_bNAb_Combinations|1313992|sample|6|RHPA4259.7|5371,1,0.00209805,0.707707,0.248872,5.65689,0.493735,0.978283,True,PGDM1400|RHPA4259.7,1313992
1,130_bNAb_Combinations|1313992|sample|7|RHPA4259.7|5371,1,0.00175487,0.695246,0.248918,33.569,0.493735,0.978283,True,PGT121|RHPA4259.7,1313992
1,130_bNAb_Combinations|1313992|sample|8|RHPA4259.7|5371,1,0.00175487,0.73864,0.248918,29.6421,0.493735,0.978283,True,PGT121|RHPA4259.7,1313992
1,130_bNAb_Combinations|1313992|sample|9|RHPA4259.7|5371,1,0.00175487,0.686075,0.248918,32.5257,0.493735,0.978283,True,PGT121|RHPA4259.7,1313992
1,130_bNAb_Combinations|1313992|vc|1|2|RHPA4259.7|5371,1,0.00313929,0.674982,0.24865,23.117,0.493735,0.978283,False,nan|RHPA4259.7,1313992
1,130_bNAb_Combinations|1313992|vc|2|2|RHPA4259.7|5371,1,0.00313929,0.915514,0.24865,-13.9191,0.493735,0.978283,False,nan|RHPA4259.7,1313992
1,130_bNAb_Combinations|1313992|vc|3|2|RHPA4259.7|5371,1,0.00313929,0.683084,0.24865,11.7072,0.493735,0.978283,False,nan|RHPA4259.7,1313992
1,130_bNAb_Combinations|1313992|vc|4|2|RHPA4259.7|5371,1,0.00313929,0.492159,0.24865,23.9226,0.493735,0.978283,False,nan|RHPA4259.7,1313992
1,130_bNAb_Combinations|1313992|vc|5|2|RHPA4259.7|5371,1,0.00313929,0.51814,0.24865,4.03882,0.493735,0.978283,False,nan|RHPA4259.7,1313992
1,130_bNAb_Combinations|1313992|vc|6|2|RHPA4259.7|5371,1,0.00313929,0.837602,0.24865,-25.4612,0.493735,0.978283,False,nan|RHPA4259.7,1313992
1,130_bNAb_Combinations|1313992|vc|7|2|RHPA4259.7|5371,1,0.00313929,0.543785,0.24865,-9.22371,0.493735,0.978283,False,nan|RHPA4259.7,1313992
1,130_bNAb_Combinations|1313992|vc|8|2|RHPA4259.7|5371,1,0.00313929,0.819482,0.24865,17.0721,0.493735,0.978283,False,nan|RHPA4259.7,1313992
1,130_bNAb_Combinations|1314016|cc|1|1|nan|3430,1,0.0138328,0.464768,0.248833,-6.21941,0.223723,0.97828,False,nan|3430,1314016
1,130_bNAb_Combinations|1314016|cc|2|1|nan|3430,1,0.0138328,0.577875,0.248833,5.88457,0.223723,0.97828,False,nan|3430,1314016
1,130_bNAb_Combinations|1314016|cc|3|1|nan|3430,1,0.0138328,0.68423,0.248833,-30.5199,0.223723,0.97828,False,nan|3430,1314016
1,130_bNAb_Combinations|1314016|cc|4|1|nan|3430,1,0.0138328,0.786295,0.248833,-2.82912,0.223723,0.97828,False,nan|3430,1314016
1,130_bNAb_Combinations|1314016|cc|5|1|nan|3430,1,0.0138328,0.723576,0.248833,-3.00897,0.223723,0.97828,False,nan|3430,1314016
1,130_bNAb_Combinations|1314016|cc|6|1|nan|3430,1,0.0138328,0.550622,0.248833,-42.1283,0.223723,0.97828,False,nan|3430,1314016
1,130_bNAb_Combinations|1314016|cc|7|1|nan|3430,1,0.0138328,0.827959,0.248833,-42.9168,0.223723,0.97828,False,nan|3430,1314016
1,130_bNAb_Combinations|1314016|cc|8|1|nan|3430,1,0.0138328,0.682239,0.248833,35.6878,0.223723,0.97828,False,nan|3430,1314016
1,130_bNAb_Combinations|1314016|sample|10|nan|3430,1,0.00870732,0.476907,0.247025,8.61768,0.223723,0.97828,True,PGT121|3430,1314016
1,130_bNAb_Combinations|1314016|sample|11|nan|3430,1,0.00206828,0.695563,0.248899,20.9687,0.223723,0.97828,True,VRC07-523LS|3430,1314016
1,130_bNAb_Combinations|1314016|sample|12|nan|3430,1,0.00206828,0.704649,0.248899,22.3763,0.223723,0.97828,True,VRC07-523LS|3430,1314016
1,130_bNAb_Combinations|1314016|sample|3|nan|3430,1,0.00989278,0.65161,0.248901,82.2242,0.223723,0.97828,True,PGDM1400|3430,1314016
1,130_bNAb_Combinations|1314016|sample|4|nan|3430,1,0.00989278,0.650019,0.248901,70.0115,0.223723,0.97828,True,PGDM1400|3430,1314016
1,130_bNAb_Combinations|1314016|sample|5|nan|3430,1,0.00989278,0.522724,0.248901,35.9525,0.223723,0.97828,True,PGDM1400|3430,1314016
1,130_bNAb_Combinations|1314016|sample|6|nan|3430,1,0.00989278,0.562411,0.248901,47.7325,0.223723,0.97828,True,PGDM1400|3430,1314016
1,130_bNAb_Combinations|1314016|sample|7|nan|3430,1,0.00870732,0.632488,0.247025,12.2354,0.223723,0.97828,True,PGT121|3430,1314016
1,130_bNAb_Combinations|1314016|sample|8|nan|3430,1,0.00870732,0.518076,0.247025,9.31888,0.223723,0.97828,True,PGT121|3430,1314016
1,130_bNAb_Combinations|1314016|sample|9|nan|3430,1,0.00870732,0.530144,0.247025,10.6355,0.223723,0.97828,True,PGT121|3430,1314016
1,130_bNAb_Combinations|1314016|vc|1|2|nan|3430,1,0.0138328,0.612302,0.248833,-22.5562,0.223723,0.97828,False,nan|3430,1314016
1,130_bNAb_Combinations|1314016|vc|2|2|nan|3430,1,0.0138328,0.933932,0.248833,0.428135,0.223723,0.97828,False,nan|3430,1314016
1,130_bNAb_Combinations|1314016|vc|3|2|nan|3430,1,0.0138328,0.917669,0.248833,-33.5319,0.223723,0.97828,False,nan|3430,1314016
1,130_bNAb_Combinations|1314016|vc|4|2|nan|3430,1,0.0138328,0.849051,0.248833,-14.8861,0.223723,0.97828,False,nan|3430,1314016
1,130_bNAb_Combinations|1314016|vc|5|2|nan|3430,1,0.0138328,0.664162,0.248833,23.7959,0.223723,0.97828,False,nan|3430,1314016
1,130_bNAb_Combinations|1314016|vc|6|2|nan|3430,1,0.0138328,0.774863,0.248833,10.9311,0.223723,0.97828,False,nan|3430,1314016
1,130_bNAb_Combinations|1314016|vc|7|2|nan|3430,1,0.0138328,0.653346,0.248833,-25.7842,0.223723,0.97828,False,nan|3430,1314016
1,130_bNAb_Combinations|1314016|vc|8|2|nan|3430,1,0.0138328,0.864197,0.248833,11.6497,0.223723,0.97828,False,nan|3430,1314016
1,130_bNAb_Combinations|1314040|cc|1|1|nan|4166,1,0.00570248,0.660241,0.248825,28.5044,0.493739,0.9781,False,nan|4166,1314040
1,130_bNAb_Combinations|1314040|cc|2|1|nan|4166,1,0.00570249,0.865024,0.248825,-32.3601,0.493739,0.9781,False,nan|4166,1314040
1,130_bNAb_Combinations|1314040|cc|3|1|nan|4166,1,0.00570249,0.579825,0.248825,20.0938,0.493739,0.9781,False,nan|4166,1314040
1,130_bNAb_Combinations|1314040|cc|4|1|nan|4166,1,0.00570248,0.519035,0.248825,-14.1151,0.493739,0.9781,False,nan|4166,1314040
1,130_bNAb_Combinations|1314040|cc|5|1|nan|4166,1,0.00570249,0.608199,0.248825,33.9573,0.493739,0.9781,False,nan|4166,1314040
1,130_bNAb_Combinations|1314040|cc|6|1|nan|4166,1,0.00570249,0.473688,0.248825,-21.3849,0.493739,0.9781,False,nan|4166,1314040
1,130_bNAb_Combinations|1314040|cc|7|1|nan|4166,1,0.00570248,0.629461,0.248825,-31.9068,0.493739,0.9781,False,nan|4166,1314040
1,130_bNAb_Combinations|1314040|cc|8|1|nan|4166,1,0.00570249,0.72475,0.248825,-51.2376,0.493739,0.9781,False,nan|4166,1314040
1,130_bNAb_Combinations|1314040|sample|10|nan|4166,1,0.00137335,0.714379,0.24889,55.4804,0.493739,0.9781,True,PGT121|4166,1314040
1,130_bNAb_Combinations|1314040|sample|11|nan|4166,1,0.000961494,0.641602,0.248789,28.7854,0.493739,0.9781,True,VRC07-523LS|4166,1314040
1,130_bNAb_Combinations|1314040|sample|12|nan|4166,1,0.000961494,0.623328,0.248789,29.6159,0.493739,0.9781,True,VRC07-523LS|4166,1314040
1,130_bNAb_Combinations|1314040|sample|3|nan|4166,1,0.0103811,0.689877,1.95921,15.6642,0.493739,0.9781,True,PGDM1400|4166,1314040
1,130_bNAb_Combinations|1314040|sample|4|nan|4166,1,0.0103811,0.5641,1.95921,9.38823,0.493739,0.9781,True,PGDM1400|4166,1314040
1,130_bNAb_Combinations|1314040|sample|5|nan|4166,1,0.0103811,0.65732,1.95921,16.974,0.493739,0.9781,True,PGDM1400|4166,1314040
1,130_bNAb_Combinations|1314040|sample|6|nan|4166,1,0.0103811,0.682659,1.95921,15.372,0.493739,0.9781,True,PGDM1400|4166,1314040
1,130_bNAb_Combinations|1314040|sample|7|nan|4166,1,0.00137335,0.723504,0.24889,53.0353,0.493739,0.9781,True,PGT121|4166,1314040
1,130_bNAb_Combinations|1314040|sample|8|nan|4166,1,0.00137335,0.726947,0.24889,45.2438,0.493739,0.9781,True,PGT121|4166,1314040
1,130_bNAb_Combinations|1314040|sample|9|nan|4166,1,0.00137335,0.745037,0.24889,53.7558,0.493739,0.9781,True,PGT121|4166,1314040
1,130_bNAb_Combinations|1314040|vc|1|2|nan|4166,1,0.00570248,0.911363,0.248825,34.8901,0.493739,0.9781,False,nan|4166,1314040
1,130_bNAb_Combinations|1314040|vc|2|2|nan|4166,1,0.00570248,0.694863,0.248825,41.729,0.493739,0.9781,False,nan|4166,1314040
1,130_bNAb_Combinations|1314040|vc|3|2|nan|4166,1,0.00570249,0.58189,0.248825,18.4784,0.493739,0.9781,False,nan|4166,1314040
1,130_bNAb_Combinations|1314040|vc|4|2|nan|4166,1,0.00570249,0.786235,0.248825,32.8908,0.493739,0.9781,False,nan|4166,1314040
1,130_bNAb_Combinations|1314040|vc|5|2|nan|4166,1,0.00570249,0.936699,0.248825,6.85904,0.493739,0.9781,False,nan|4166,1314040
1,130_bNAb_Combinations|1314040|vc|6|2|nan|4166,1,0.00570249,0.730233,0.248825,11.1591,0.493739,0.9781,False,nan|4166,1314040
1,130_bNAb_Combinations|1314040|vc|7|2|nan|4166,1,0.00570248,0.694901,0.248825,-4.30183,0.493739,0.9781,False,nan|4166,1314040
1,130_bNAb_Combinations|1314040|vc|8|2|nan|4166,1,0.00570249,0.613492,0.248825,-20.3996,0.493739,0.9781,False,nan|4166,1314040
1,130_bNAb_Combinations|1314058|cc|1|1|nan|2944,1,0.00416061,0.748352,0.24881,6.14266,0.493739,0.978284,False,nan|2944,1314058
1,130_bNAb_Combinations|1314058|cc|2|1|nan|2944,1,0.00416061,0.630575,0.24881,35.2905,0.493739,0.978284,False,nan|2944,1314058
1,130_bNAb_Combinations|1314058|cc|3|1|nan|2944,1,0.00416061,0.799873,0.24881,0.0624678,0.493739,0.978284,False,nan|2944,1314058
1,130_bNAb_Combinations|1314058|cc|4|1|nan|2944,1,0.00416061,0.587869,0.24881,31.846,0.493739,0.978284,False,nan|2944,1314058
1,130_bNAb_Combinations|1314058|cc|5|1|nan|2944,1,0.00416061,0.872547,0.24881,18.9477,0.493739,0.978284,False,nan|2944,1314058
1,130_bNAb_Combinations|1314058|cc|6|1|nan|2944,1,0.00416061,0.518457,0.24881,23.1485,0.493739,0.978284,False,nan|2944,1314058
1,130_bNAb_Combinations|1314058|cc|7|1|nan|2944,1,0.00416061,0.57601,0.24881,0.303619,0.493739,0.978284,False,nan|2944,1314058
1,130_bNAb_Combinations|1314058|cc|8|1|nan|2944,1,0.00416061,0.688704,0.24881,14.2122,0.493739,0.978284,False,nan|2944,1314058
1,130_bNAb_Combinations|1314058|sample|10|nan|2944,1,0.00223515,0.700175,0.248785,50.7867,0.493739,0.978284,True,PGT121|2944,1314058
1,130_bNAb_Combinations|1314058|sample|11|nan|2944,1,0.00271542,0.754423,0.248905,17.379,0.493739,0.978284,True,VRC07-523LS|2944,1314058
1,130_bNAb_Combinations|1314058|sample|12|nan|2944,1,0.00271542,0.721226,0.248905,14.6121,0.493739,0.978284,True,VRC07-523LS|2944,1314058
1,130_bNAb_Combinations|1314058|sample|3|nan|2944,1,0.00396672,0.599294,0.248895,82.5003,0.493739,0.978284,True,PGDM1400|2944,1314058
1,130_bNAb_Combinations|1314058|sample|4|nan|2944,1,0.00396672,0.582357,0.248895,70.8477,0.493739,0.978284,True,PGDM1400|2944,1314058
1,130_bNAb_Combinations|1314058|sample|5|nan|2944,1,0.00396672,0.477448,0.248895,45.8165,0.493739,0.978284,True,PGDM1400|2944,1314058
1,130_bNAb_Combinations|1314058|sample|6|nan|2944,1,0.00396672,0.515558,0.248895,70.5326,0.493739,0.978284,True,PGDM1400|2944,1314058
1,130_bNAb_Combinations|1314058|sample|7|nan|2944,1,0.00223515,0.574252,0.248785,28.1407,0.493739,0.978284,True,PGT121|2944,1314058
1,130_bNAb_Combinations|1314058|sample|8|nan|2944,1,0.00223515,0.746881,0.248785,53.1919,0.493739,0.978284,True,PGT121|2944,1314058
1,130_bNAb_Combinations|1314058|sample|9|nan|2944,1,0.00223515,0.71031,0.248785,58.3419,0.493739,0.978284,True,PGT121|2944,1314058
1,130_bNAb_Combinations|1314058|vc|1|2|nan|2944,1,0.00416061,0.649751,0.24881,14.6412,0.493739,0.978284,False,nan|2944,1314058
1,130_bNAb_Combinations|1314058|vc|2|2|nan|2944,1,0.00416061,0.479605,0.24881,-33.8328,0.493739,0.978284,False,nan|2944,1314058
1,130_bNAb_Combinations|1314058|vc|3|2|nan|2944,1,0.00416061,0.612518,0.24881,-19.6953,0.493739,0.978284,False,nan|2944,1314058
1,130_bNAb_Combinations|1314058|vc|4|2|nan|2944,1,0.00416061,0.783435,0.24881,-13.2944,0.493739,0.978284,False,nan|2944,1314058
1,130_bNAb_Combinations|1314058|vc|5|2|nan|2944,1,0.00416061,0.747496,0.24881,-18.834,0.493739,0.978284,False,nan|2944,1314058
1,130_bNAb_Combinations|1314058|vc|6|2|nan|2944,1,0.00416061,0.788328,0.24881,32.9062,0.493739,0.978284,False,nan|2944,1314058
1,130_bNAb_Combinations|1314058|vc|7|2|nan|2944,1,0.00416061,0.655439,0.24881,-49.0665,0.493739,0.978284,False,nan|2944,1314058
1,130_bNAb_Combinations|1314058|vc|8|2|nan|2944,1,0.00416061,0.782374,0.24881,35.1917,0.493739,0.978284,False,nan|2944,1314058
1,130_bNAb_Combinations|1342240|cc|1|1|nan|1798,1,0.00591219,0.735945,0.248812,-1.67405,0.493836,0.978669,False,nan|1798,1342240
1,130_bNAb_Combinations|1342240|cc|2|1|nan|1798,1,0.00591219,0.717551,0.248812,-13.5119,0.493836,0.978669,False,nan|1798,1342240
1,130_bNAb_Combinations|1342240|cc|3|1|nan|1798,1,0.00591219,1.00759,0.248812,2.71266,0.493836,0.978669,False,nan|1798,1342240
1,130_bNAb_Combinations|1342240|cc|4|1|nan|1798,1,0.00591219,0.65513,0.248812,10.3439,0.493836,0.978669,False,nan|1798,1342240
1,130_bNAb_Combinations|1342240|cc|5|1|nan|1798,1,0.00591219,0.616888,0.248812,-1.60535,0.493836,0.978669,False,nan|1798,1342240
1,130_bNAb_Combinations|1342240|cc|6|1|nan|1798,1,0.00591219,0.625578,0.248812,42.4389,0.493836,0.978669,False,nan|1798,1342240
1,130_bNAb_Combinations|1342240|cc|7|1|nan|1798,1,0.00591219,0.583046,0.248812,-20.1158,0.493836,0.978669,False,nan|1798,1342240
1,130_bNAb_Combinations|1342240|cc|8|1|nan|1798,1,0.00591219,0.833202,0.248812,6.47656,0.493836,0.978669,False,nan|1798,1342240
1,130_bNAb_Combinations|1342240|sample|3|nan|1798,1,0.00166289,0.870693,0.248986,6.2945,0.493836,0.978669,True,VRC07-523LS|1798,1342240
1,130_bNAb_Combinations|1342240|sample|4|nan|1798,1,0.00166289,0.895305,0.248986,5.97972,0.493836,0.978669,True,VRC07-523LS|1798,1342240
1,130_bNAb_Combinations|1342240|sample|8|nan|1798,1,0.00166289,0.520914,0.248986,9.08933,0.493836,0.978669,True,VRC07-523LS|1798,1342240
1,130_bNAb_Combinations|1342240|vc|1|2|nan|1798,1,0.00591219,0.928616,0.248812,13.8567,0.493836,0.978669,False,nan|1798,1342240
1,130_bNAb_Combinations|1342240|vc|2|2|nan|1798,1,0.00591219,0.538556,0.248812,15.1818,0.493836,0.978669,False,nan|1798,1342240
1,130_bNAb_Combinations|1342240|vc|3|2|nan|1798,1,0.00591219,0.483865,0.248812,44.3436,0.493836,0.978669,False,nan|1798,1342240
1,130_bNAb_Combinations|1342240|vc|4|2|nan|1798,1,0.00591219,0.732668,0.248812,4.05778,0.493836,0.978669,False,nan|1798,1342240
1,130_bNAb_Combinations|1342240|vc|5|2|nan|1798,1,0.00591219,0.587689,0.248812,-36.0599,0.493836,0.978669,False,nan|1798,1342240
1,130_bNAb_Combinations|1342240|vc|6|2|nan|1798,1,0.00591219,0.97014,0.248812,3.38811,0.493836,0.978669,False,nan|1798,1342240
1,130_bNAb_Combinations|1342240|vc|7|2|nan|1798,1,0.00591219,0.804805,0.248812,-12.544,0.493836,0.978669,False,nan|1798,1342240
1,130_bNAb_Combinations|1342240|vc|8|2|nan|1798,1,0.00591219,0.65658,0.248812,4.0872,0.493836,0.978669,False,nan|1798,1342240
1,130_bNAb_Combinations|1342258|cc|1|1|TRO.11|8301,1,0.0187082,1.00033,0.248815,22.8,0.493737,0.978155,False,nan|TRO.11,1342258
1,130_bNAb_Combinations|1342258|cc|2|1|TRO.11|8301,1,0.0187082,0.6272,0.248815,-31.6783,0.493737,0.978155,False,nan|TRO.11,1342258
1,130_bNAb_Combinations|1342258|cc|3|1|TRO.11|8301,1,0.0187082,0.67467,0.248815,8.67164,0.493737,0.978155,False,nan|TRO.11,1342258
1,130_bNAb_Combinations|1342258|cc|4|1|TRO.11|8301,1,0.0187082,0.846363,0.248815,38.2301,0.493737,0.978155,False,nan|TRO.11,1342258
1,130_bNAb_Combinations|1342258|cc|5|1|TRO.11|8301,1,0.0187082,0.644642,0.248815,-21.7065,0.493737,0.978155,False,nan|TRO.11,1342258
1,130_bNAb_Combinations|1342258|cc|6|1|TRO.11|8301,1,0.0187082,0.648308,0.248815,-30.8902,0.493737,0.978155,False,nan|TRO.11,1342258
1,130_bNAb_Combinations|1342258|cc|7|1|TRO.11|8301,1,0.0187082,0.699694,0.248815,-12.4706,0.493737,0.978155,False,nan|TRO.11,1342258
1,130_bNAb_Combinations|1342258|cc|8|1|TRO.11|8301,1,0.0187082,0.776414,0.248815,-14.2566,0.493737,0.978155,False,nan|TRO.11,1342258
1,130_bNAb_Combinations|1342258|sample|3|TRO.11|8301,1,0.00173932,0.872366,0.248959,16.9689,0.493737,0.978155,True,VRC07-523LS|TRO.11,1342258
1,130_bNAb_Combinations|1342258|sample|4|TRO.11|8301,1,0.00173932,0.781641,0.248959,14.9255,0.493737,0.978155,True,VRC07-523LS|TRO.11,1342258
1,130_bNAb_Combinations|1342258|vc|1|2|TRO.11|8301,1,0.0187082,0.667904,0.248815,34.1678,0.493737,0.978155,False,nan|TRO.11,1342258
1,130_bNAb_Combinations|1342258|vc|2|2|TRO.11|8301,1,0.0187082,0.666122,0.248815,44.9956,0.493737,0.978155,False,nan|TRO.11,1342258
1,130_bNAb_Combinations|1342258|vc|3|2|TRO.11|8301,1,0.0187082,0.861666,0.248815,24.573,0.493737,0.978155,False,nan|TRO.11,1342258
1,130_bNAb_Combinations|1342258|vc|4|2|TRO.11|8301,1,0.0187082,0.655481,0.248815,-25.2881,0.493737,0.978155,False,nan|TRO.11,1342258
1,130_bNAb_Combinations|1342258|vc|5|2|TRO.11|8301,1,0.0187082,0.450371,0.248815,-1.57037,0.493737,0.978155,False,nan|TRO.11,1342258
1,130_bNAb_Combinations|1342258|vc|6|2|TRO.11|8301,1,0.0187082,0.730977,0.248815,-20.1152,0.493737,0.978155,False,nan|TRO.11,1342258
1,130_bNAb_Combinations|1342258|vc|7|2|TRO.11|8301,1,0.0187082,0.728771,0.248815,8.85692,0.493737,0.978155,False,nan|TRO.11,1342258
1,130_bNAb_Combinations|1342258|vc|8|2|TRO.11|8301,1,0.0187082,0.62245,0.248815,16.706,0.493737,0.978155,False,nan|TRO.11,1342258
1,130_bNAb_Combinations|1342276|cc|1|1|Ce1176_A3|7023,1,0.00886529,0.639455,0.248813,21.4062,0.493736,0.978491,False,nan|Ce1176_A3,1342276
1,130_bNAb_Combinations|1342276|cc|2|1|Ce1176_A3|7023,1,0.00886529,0.558591,0.248813,-30.9816,0.493736,0.978491,False,nan|Ce1176_A3,1342276
1,130_bNAb_Combinations|1342276|cc|3|1|Ce1176_A3|7023,1,0.00886529,0.692924,0.248813,-27.8132,0.493736,0.978491,False,nan|Ce1176_A3,1342276
1,130_bNAb_Combinations|1342276|cc|4|1|Ce1176_A3|7023,1,0.00886529,0.592224,0.248813,-12.7712,0.493736,0.978491,False,nan|Ce1176_A3,1342276
1,130_bNAb_Combinations|1342276|cc|5|1|Ce1176_A3|7023,1,0.00886529,0.555314,0.248813,-15.9481,0.493736,0.978491,False,nan|Ce1176_A3,1342276
1,130_bNAb_Combinations|1342276|cc|6|1|Ce1176_A3|7023,1,0.00886529,0.676171,0.248813,-17.7877,0.493736,0.978491,False,nan|Ce1176_A3,1342276
1,130_bNAb_Combinations|1342276|cc|7|1|Ce1176_A3|7023,1,0.00886529,0.654998,0.248813,32.8314,0.493736,0.978491,False,nan|Ce1176_A3,1342276
1,130_bNAb_Combinations|1342276|cc|8|1|Ce1176_A3|7023,1,0.00886529,0.844433,0.248813,-8.655,0.493736,0.978491,False,nan|Ce1176_A3,1342276
1,130_bNAb_Combinations|1342276|sample|3|Ce1176_A3|7023,1,0.00214374,0.892758,0.248902,7.72339,0.493736,0.978491,True,VRC07-523LS|Ce1176_A3,1342276
1,130_bNAb_Combinations|1342276|sample|4|Ce1176_A3|7023,1,0.00214374,0.854327,0.248902,7.20482,0.493736,0.978491,True,VRC07-523LS|Ce1176_A3,1342276
1,130_bNAb_Combinations|1342276|vc|1|2|Ce1176_A3|7023,1,0.00886529,0.554034,0.248813,3.82951,0.493736,0.978491,False,nan|Ce1176_A3,1342276
1,130_bNAb_Combinations|1342276|vc|2|2|Ce1176_A3|7023,1,0.00886529,0.591608,0.248813,40.9066,0.493736,0.978491,False,nan|Ce1176_A3,1342276
1,130_bNAb_Combinations|1342276|vc|3|2|Ce1176_A3|7023,1,0.00886529,0.69804,0.248813,-14.2943,0.493736,0.978491,False,nan|Ce1176_A3,1342276
1,130_bNAb_Combinations|1342276|vc|4|2|Ce1176_A3|7023,1,0.00886529,0.311956,0.248813,-13.1382,0.493736,0.978491,False,nan|Ce1176_A3,1342276
1,130_bNAb_Combinations|1342276|vc|5|2|Ce1176_A3|7023,1,0.00886529,0.575503,0.248813,4.89452,0.493736,0.978491,False,nan|Ce1176_A3,1342276
1,130_bNAb_Combinations|1342276|vc|6|2|Ce1176_A3|7023,1,0.00886529,0.743705,0.248813,-41.2903,0.493736,0.978491,False,nan|Ce1176_A3,1342276
1,130_bNAb_Combinations|1342276|vc|7|2|Ce1176_A3|7023,1,0.00886529,0.805039,0.248813,-26.5166,0.493736,0.978491,False,nan|Ce1176_A3,1342276
1,130_bNAb_Combinations|1342276|vc|8|2|Ce1176_A3|7023,1,0.00886529,0.81415,0.248813,-40.6543,0.493736,0.978491,False,nan|Ce1176_A3,1342276
1,130_bNAb_Combinations|1342294|cc|1|1|nan|1176,1,0.0160979,0.723603,0.248815,4.60813,0.493749,0.978287,False,nan|1176,1342294
1,130_bNAb_Combinations|1342294|cc|2|1|nan|1176,1,0.0160979,0.718436,0.248815,-22.1548,0.493749,0.978287,False,nan|1176,1342294
1,130_bNAb_Combinations|1342294|cc|3|1|nan|1176,1,0.0160979,0.757,0.248815,29.123,0.493749,0.978287,False,nan|1176,1342294
1,130_bNAb_Combinations|1342294|cc|4|1|nan|1176,1,0.0160979,0.681566,0.248815,-3.57011,0.493749,0.978287,False,nan|1176,1342294
1,130_bNAb_Combinations|1342294|cc|5|1|nan|1176,1,0.0160979,0.857654,0.248815,1.04767,0.493749,0.978287,False,nan|1176,1342294
1,130_bNAb_Combinations|1342294|cc|6|1|nan|1176,1,0.0160979,0.900466,0.248815,-13.6922,0.493749,0.978287,False,nan|1176,1342294
1,130_bNAb_Combinations|1342294|cc|7|1|nan|1176,1,0.0160979,0.678141,0.248815,46.1707,0.493749,0.978287,False,nan|1176,1342294
1,130_bNAb_Combinations|1342294|cc|8|1|nan|1176,1,0.0160979,0.850528,0.248815,-2.52238,0.493749,0.978287,False,nan|1176,1342294
1,130_bNAb_Combinations|1342294|sample|3|nan|1176,1,0.00696209,0.713674,0.248888,20.0258,0.493749,0.978287,True,VRC07-523LS|1176,1342294
1,130_bNAb_Combinations|1342294|sample|4|nan|1176,1,0.00696209,0.705203,0.248888,17.4005,0.493749,0.978287,True,VRC07-523LS|1176,1342294
1,130_bNAb_Combinations|1342294|sample|8|nan|1176,1,0.00696209,0.650886,0.248888,41.6575,0.493749,0.978287,True,VRC07-523LS|1176,1342294
1,130_bNAb_Combinations|1342294|vc|1|2|nan|1176,1,0.0160979,0.549087,0.248815,1.2835,0.493749,0.978287,False,nan|1176,1342294
1,130_bNAb_Combinations|1342294|vc|2|2|nan|1176,1,0.0160979,0.746861,0.248815,6.33508,0.493749,0.978287,False,nan|1176,1342294
1,130_bNAb_Combinations|1342294|vc|3|2|nan|1176,1,0.0160979,0.802872,0.248815,-6.3322,0.493749,0.978287,False,nan|1176,1342294
1,130_bNAb_Combinations|1342294|vc|4|2|nan|1176,1,0.0160979,0.565547,0.248815,12.3925,0.493749,0.978287,False,nan|1176,1342294
1,130_bNAb_Combinations|1342294|vc|5|2|nan|1176,1,0.0160979,0.741266,0.248815,-14.7915,0.493749,0.978287,False,nan|1176,1342294
1,130_bNAb_Combinations|1342294|vc|6|2|nan|1176,1,0.0160979,0.869977,0.248815,17.0992,0.493749,0.978287,False,nan|1176,1342294
1,130_bNAb_Combinations|1342294|vc|7|2|nan|1176,1,0.0160979,0.657063,0.248815,1.28945,0.493749,0.978287,False,nan|1176,1342294
1,130_bNAb_Combinations|1342294|vc|8|2|nan|1176,1,0.0160979,0.558585,0.248815,-5.26638,0.493749,0.978287,False,nan|1176,1342294
1,130_bNAb_Combinations|1342312|cc|1|1|RHPA4259.7|5371,1,0.00313929,0.709899,0.24865,15.2905,0.493756,0.978268,False,nan|RHPA4259.7,1342312
1,130_bNAb_Combinations|1342312|cc|2|1|RHPA4259.7|5371,1,0.00313929,0.728128,0.24865,-13.7523,0.493756,0.978268,False,nan|RHPA4259.7,1342312
1,130_bNAb_Combinations|1342312|cc|3|1|RHPA4259.7|5371,1,0.00313929,0.735511,0.24865,7.77731,0.493756,0.978268,False,nan|RHPA4259.7,1342312
1,130_bNAb_Combinations|1342312|cc|4|1|RHPA4259.7|5371,1,0.00313929,0.837135,0.24865,-27.6133,0.493756,0.978268,False,nan|RHPA4259.7,1342312
1,130_bNAb_Combinations|1342312|cc|5|1|RHPA4259.7|5371,1,0.00313929,0.932962,0.24865,-20.9582,0.493756,0.978268,False,nan|RHPA4259.7,1342312
1,130_bNAb_Combinations|1342312|cc|6|1|RHPA4259.7|5371,1,0.00313929,0.829105,0.24865,51.1986,0.493756,0.978268,False,nan|RHPA4259.7,1342312
1,130_bNAb_Combinations|1342312|cc|7|1|RHPA4259.7|5371,1,0.00313929,0.637481,0.24865,11.6176,0.493756,0.978268,False,nan|RHPA4259.7,1342312
1,130_bNAb_Combinations|1342312|cc|8|1|RHPA4259.7|5371,1,0.00313929,0.640447,0.24865,9.53778,0.493756,0.978268,False,nan|RHPA4259.7,1342312
1,130_bNAb_Combinations|1342312|sample|3|RHPA4259.7|5371,1,0.00132693,0.867094,0.248889,50.0915,0.493756,0.978268,True,VRC07-523LS|RHPA4259.7,1342312
1,130_bNAb_Combinations|1342312|sample|4|RHPA4259.7|5371,1,0.00132693,0.774898,0.248889,36.1474,0.493756,0.978268,True,VRC07-523LS|RHPA4259.7,1342312
1,130_bNAb_Combinations|1342312|vc|1|2|RHPA4259.7|5371,1,0.00313929,0.389816,0.24865,14.3715,0.493756,0.978268,False,nan|RHPA4259.7,1342312
1,130_bNAb_Combinations|1342312|vc|2|2|RHPA4259.7|5371,1,0.00313929,0.497156,0.24865,-36.091,0.493756,0.978268,False,nan|RHPA4259.7,1342312
1,130_bNAb_Combinations|1342312|vc|3|2|RHPA4259.7|5371,1,0.00313929,0.892259,0.24865,35.2286,0.493756,0.978268,False,nan|RHPA4259.7,1342312
1,130_bNAb_Combinations|1342312|vc|4|2|RHPA4259.7|5371,1,0.00313929,0.826354,0.24865,8.86082,0.493756,0.978268,False,nan|RHPA4259.7,1342312
1,130_bNAb_Combinations|1342312|vc|5|2|RHPA4259.7|5371,1,0.00313929,0.975205,0.24865,-3.61415,0.493756,0.978268,False,nan|RHPA4259.7,1342312
1,130_bNAb_Combinations|1342312|vc|6|2|RHPA4259.7|5371,1,0.00313929,0.799293,0.24865,-28.7942,0.493756,0.978268,False,nan|RHPA4259.7,1342312
1,130_bNAb_Combinations|1342312|vc|7|2|RHPA4259.7|5371,1,0.00313929,0.590396,0.24865,-48.5991,0.493756,0.978268,False,nan|RHPA4259.7,1342312
1,130_bNAb_Combinations|1342312|vc|8|2|RHPA4259.7|5371,1,0.00313929,0.515973,0.24865,-2.87315,0.493756,0.978268,False,nan|RHPA4259.7,1342312
1,130_bNAb_Combinations|1342336|cc|1|1|nan|3430,1,0.0138328,0.807423,0.248833,-3.65545,0.493833,0.978237,False,nan|3430,1342336
1,130_bNAb_Combinations|1342336|cc|2|1|nan|3430,1,0.0138328,0.549304,0.248833,11.1635,0.493833,0.978237,False,nan|3430,1342336
1,130_bNAb_Combinations|1342336|cc|3|1|nan|3430,1,0.0138328,0.954215,0.248833,-16.0129,0.493833,0.978237,False,nan|3430,1342336
1,130_bNAb_Combinations|1342336|cc|4|1|nan|3430,1,0.0138328,0.841423,0.248833,-25.9924,0.493833,0.978237,False,nan|3430,1342336
1,130_bNAb_Combinations|1342336|cc|5|1|nan|3430,1,0.0138328,0.613635,0.248833,34.6685,0.493833,0.978237,False,nan|3430,1342336
1,130_bNAb_Combinations|1342336|cc|6|1|nan|3430,1,0.0138328,0.787719,0.248833,40.3997,0.493833,0.978237,False,nan|3430,1342336
1,130_bNAb_Combinations|1342336|cc|7|1|nan|3430,1,0.0138328,0.637321,0.248833,-2.55227,0.493833,0.978237,False,nan|3430,1342336
1,130_bNAb_Combinations|1342336|cc|8|1|nan|3430,1,0.0138328,1.08419,0.248833,34.9468,0.493833,0.978237,False,nan|3430,1342336
1,130_bNAb_Combinations|1342336|sample|3|nan|3430,1,0.00206828,0.839812,0.248899,31.4746,0.493833,0.978237,True,VRC07-523LS|3430,1342336
1,130_bNAb_Combinations|1342336|sample|4|nan|3430,1,0.00206828,0.799869,0.248899,26.639,0.493833,0.978237,True,VRC07-523LS|3430,1342336
1,130_bNAb_Combinations|1342336|sample|5|nan|3430,1,0.00206828,0.556163,0.248899,13.4389,0.493833,0.978237,True,VRC07-523LS|3430,1342336
1,130_bNAb_Combinations|1342336|vc|1|2|nan|3430,1,0.0138328,0.782623,0.248833,11.4541,0.493833,0.978237,False,nan|3430,1342336
1,130_bNAb_Combinations|1342336|vc|2|2|nan|3430,1,0.0138328,0.876714,0.248833,13.9359,0.493833,0.978237,False,nan|3430,1342336
1,130_bNAb_Combinations|1342336|vc|3|2|nan|3430,1,0.0138328,0.443367,0.248833,6.63193,0.493833,0.978237,False,nan|3430,1342336
1,130_bNAb_Combinations|1342336|vc|4|2|nan|3430,1,0.0138328,0.878606,0.248833,-34.8415,0.493833,0.978237,False,nan|3430,1342336
1,130_bNAb_Combinations|1342336|vc|5|2|nan|3430,1,0.0138328,0.54021,0.248833,-28.7211,0.493833,0.978237,False,nan|3430,1342336
1,130_bNAb_Combinations|1342336|vc|6|2|nan|3430,1,0.0138328,0.650018,0.248833,10.713,0.493833,0.978237,False,nan|3430,1342336
1,130_bNAb_Combinations|1342336|vc|7|2|nan|3430,1,0.0138328,0.66313,0.248833,9.89559,0.493833,0.978237,False,nan|3430,1342336
1,130_bNAb_Combinations|1342336|vc|8|2|nan|3430,1,0.0138328,0.666341,0.248833,7.33181,0.493833,0.978237,False,nan|3430,1342336
1,130_bNAb_Combinations|1342348|cc|1|1|nan|4166,1,0.00570248,0.682233,0.248825,-2.52346,0.493777,0.978288,False,nan|4166,1342348
1,130_bNAb_Combinations|1342348|cc|2|1|nan|4166,1,0.00570249,0.853198,0.248825,-0.956244,0.493777,0.978288,False,nan|4166,1342348
1,130_bNAb_Combinations|1342348|cc|3|1|nan|4166,1,0.00570248,0.559506,0.248825,-18.7196,0.493777,0.978288,False,nan|4166,1342348
1,130_bNAb_Combinations|1342348|cc|4|1|nan|4166,1,0.00570249,0.522864,0.248825,-39.603,0.493777,0.978288,False,nan|4166,1342348
1,130_bNAb_Combinations|1342348|cc|5|1|nan|4166,1,0.00570249,0.636875,0.248825,11.4476,0.493777,0.978288,False,nan|4166,1342348
1,130_bNAb_Combinations|1342348|cc|6|1|nan|4166,1,0.00570248,0.882139,0.248825,-27.0956,0.493777,0.978288,False,nan|4166,1342348
1,130_bNAb_Combinations|1342348|cc|7|1|nan|4166,1,0.00570248,0.761297,0.248825,-22.0903,0.493777,0.978288,False,nan|4166,1342348
1,130_bNAb_Combinations|1342348|cc|8|1|nan|4166,1,0.00570248,0.781519,0.248825,32.4824,0.493777,0.978288,False,nan|4166,1342348
1,130_bNAb_Combinations|1342348|sample|3|nan|4166,1,0.000961494,0.716702,0.248789,33.154,0.493777,0.978288,True,VRC07-523LS|4166,1342348
1,130_bNAb_Combinations|1342348|sample|4|nan|4166,1,0.000961494,0.810582,0.248789,54.4338,0.493777,0.978288,True,VRC07-523LS|4166,1342348
1,130_bNAb_Combinations|1342348|vc|1|2|nan|4166,1,0.00570248,0.648886,0.248825,37.1157,0.493777,0.978288,False,nan|4166,1342348
1,130_bNAb_Combinations|1342348|vc|2|2|nan|4166,1,0.00570249,0.931808,0.248825,-26.3791,0.493777,0.978288,False,nan|4166,1342348
1,130_bNAb_Combinations|1342348|vc|3|2|nan|4166,1,0.00570249,0.414865,0.248825,-15.4143,0.493777,0.978288,False,nan|4166,1342348
1,130_bNAb_Combinations|1342348|vc|4|2|nan|4166,1,0.00570248,0.867156,0.248825,1.15144,0.493777,0.978288,False,nan|4166,1342348
1,130_bNAb_Combinations|1342348|vc|5|2|nan|4166,1,0.00570249,0.636655,0.248825,22.9588,0.493777,0.978288,False,nan|4166,1342348
1,130_bNAb_Combinations|1342348|vc|6|2|nan|4166,1,0.00570249,0.554908,0.248825,20.028,0.493777,0.978288,False,nan|4166,1342348
1,130_bNAb_Combinations|1342348|vc|7|2|nan|4166,1,0.00570249,0.612576,0.248825,13.2857,0.493777,0.978288,False,nan|4166,1342348
1,130_bNAb_Combinations|1342348|vc|8|2|nan|4166,1,0.00570249,0.672227,0.248825,5.00043,0.493777,0.978288,False,nan|4166,1342348
1,130_bNAb_Combinations|1342372|cc|1|1|nan|2944,1,0.00416061,0.589581,0.24881,-65.5905,0.493771,0.978876,False,nan|2944,1342372
1,130_bNAb_Combinations|1342372|cc|2|1|nan|2944,1,0.00416061,1.0668,0.24881,-14.8753,0.493771,0.978876,False,nan|2944,1342372
1,130_bNAb_Combinations|1342372|cc|3|1|nan|2944,1,0.00416061,0.731038,0.24881,-57.3504,0.493771,0.978876,False,nan|2944,1342372
1,130_bNAb_Combinations|1342372|cc|4|1|nan|2944,1,0.00416061,0.738076,0.24881,-3.82051,0.493771,0.978876,False,nan|2944,1342372
1,130_bNAb_Combinations|1342372|cc|5|1|nan|2944,1,0.00416061,0.820047,0.24881,0.580142,0.493771,0.978876,False,nan|2944,1342372
1,130_bNAb_Combinations|1342372|cc|6|1|nan|2944,1,0.00416061,0.710947,0.24881,24.2327,0.493771,0.978876,False,nan|2944,1342372
1,130_bNAb_Combinations|1342372|cc|7|1|nan|2944,1,0.00416061,0.864281,0.24881,28.8122,0.493771,0.978876,False,nan|2944,1342372
1,130_bNAb_Combinations|1342372|cc|8|1|nan|2944,1,0.00416061,0.65346,0.24881,31.9524,0.493771,0.978876,False,nan|2944,1342372
1,130_bNAb_Combinations|1342372|sample|3|nan|2944,1,0.00271542,0.755693,0.248905,15.6014,0.493771,0.978876,True,VRC07-523LS|2944,1342372
1,130_bNAb_Combinations|1342372|sample|4|nan|2944,1,0.00271542,0.632881,0.248905,12.68,0.493771,0.978876,True,VRC07-523LS|2944,1342372
1,130_bNAb_Combinations|1342372|vc|1|2|nan|2944,1,0.00416061,0.711163,0.24881,-26.2794,0.493771,0.978876,False,nan|2944,1342372
1,130_bNAb_Combinations|1342372|vc|2|2|nan|2944,1,0.00416061,0.487635,0.24881,-6.52275,0.493771,0.978876,False,nan|2944,1342372
1,130_bNAb_Combinations|1342372|vc|3|2|nan|2944,1,0.00416061,0.730025,0.24881,-20.858,0.493771,0.978876,False,nan|2944,1342372
1,130_bNAb_Combinations|1342372|vc|4|2|nan|2944,1,0.00416061,0.672802,0.24881,3.68919,0.493771,0.978876,False,nan|2944,1342372
1,130_bNAb_Combinations|1342372|vc|5|2|nan|2944,1,0.00416061,0.381173,0.24881,-69.7212,0.493771,0.978876,False,nan|2944,1342372
1,130_bNAb_Combinations|1342372|vc|6|2|nan|2944,1,0.00416061,0.635814,0.24881,34.0807,0.493771,0.978876,False,nan|2944,1342372
1,130_bNAb_Combinations|1342372|vc|7|2|nan|2944,1,0.00416061,0.68892,0.24881,11.3694,0.493771,0.978876,False,nan|2944,1342372
1,130_bNAb_Combinations|1342372|vc|8|2|nan|2944,1,0.00416061,0.662157,0.24881,-23.7826,0.493771,0.978876,False,nan|2944,1342372
1,130_bNAb_Combinations|1342384|cc|1|1|nan|2946,1,0.038363,0.791554,0.248812,-25.5096,0.493728,0.978283,False,nan|2946,1342384
1,130_bNAb_Combinations|1342384|cc|2|1|nan|2946,1,0.038363,0.366843,0.248812,-5.5673,0.493728,0.978283,False,nan|2946,1342384
1,130_bNAb_Combinations|1342384|cc|3|1|nan|2946,1,0.038363,0.358467,0.248812,-25.1888,0.493728,0.978283,False,nan|2946,1342384
1,130_bNAb_Combinations|1342384|cc|4|1|nan|2946,1,0.038363,0.577922,0.248812,29.5574,0.493728,0.978283,False,nan|2946,1342384
1,130_bNAb_Combinations|1342384|cc|5|1|nan|2946,1,0.038363,0.556682,0.248812,17.6094,0.493728,0.978283,False,nan|2946,1342384
1,130_bNAb_Combinations|1342384|cc|6|1|nan|2946,1,0.038363,0.61799,0.248812,30.7504,0.493728,0.978283,False,nan|2946,1342384
1,130_bNAb_Combinations|1342384|cc|7|1|nan|2946,1,0.038363,0.514114,0.248812,-23.3285,0.493728,0.978283,False,nan|2946,1342384
1,130_bNAb_Combinations|1342384|cc|8|1|nan|2946,1,0.038363,0.753232,0.248812,-36.3768,0.493728,0.978283,False,nan|2946,1342384
1,130_bNAb_Combinations|1342384|sample|3|nan|2946,1,0.00216373,0.873783,0.248984,4.59342,0.493728,0.978283,True,VRC07-523LS|2946,1342384
1,130_bNAb_Combinations|1342384|sample|4|nan|2946,1,0.00216373,0.771401,0.248984,4.1861,0.493728,0.978283,True,VRC07-523LS|2946,1342384
1,130_bNAb_Combinations|1342384|vc|1|2|nan|2946,1,0.038363,0.605385,0.248812,22.0077,0.493728,0.978283,False,nan|2946,1342384
1,130_bNAb_Combinations|1342384|vc|2|2|nan|2946,1,0.038363,0.730498,0.248812,26.3787,0.493728,0.978283,False,nan|2946,1342384
1,130_bNAb_Combinations|1342384|vc|3|2|nan|2946,1,0.0383631,0.56615,0.248812,-12.1355,0.493728,0.978283,False,nan|2946,1342384
1,130_bNAb_Combinations|1342384|vc|4|2|nan|2946,1,0.038363,0.523868,0.248812,11.8972,0.493728,0.978283,False,nan|2946,1342384
1,130_bNAb_Combinations|1342384|vc|5|2|nan|2946,1,0.038363,0.661563,0.248812,27.871,0.493728,0.978283,False,nan|2946,1342384
1,130_bNAb_Combinations|1342384|vc|6|2|nan|2946,1,0.038363,0.682509,0.248812,-27.402,0.493728,0.978283,False,nan|2946,1342384
1,130_bNAb_Combinations|1342384|vc|7|2|nan|2946,1,0.038363,0.784571,0.248812,22.1179,0.493728,0.978283,False,nan|2946,1342384
1,130_bNAb_Combinations|1342384|vc|8|2|nan|2946,1,0.038363,0.75,0.248812,26.2598,0.493728,0.978283,False,nan|2946,1342384
1,130_bNAb_Combinations|1342396|cc|1|1|PVO.4|5024,1,0.00208514,0.825297,0.248817,-29.0137,0.493759,0.978239,False,nan|PVO.4,1342396
1,130_bNAb_Combinations|1342396|cc|2|1|PVO.4|5024,1,0.00208514,0.816935,0.248817,10.0145,0.493759,0.978239,False,nan|PVO.4,1342396
1,130_bNAb_Combinations|1342396|cc|3|1|PVO.4|5024,1,0.00208514,0.657794,0.248817,-21.167,0.493759,0.978239,False,nan|PVO.4,1342396
1,130_bNAb_Combinations|1342396|cc|4|1|PVO.4|5024,1,0.00208514,0.756733,0.248817,23.7052,0.493759,0.978239,False,nan|PVO.4,1342396
1,130_bNAb_Combinations|1342396|cc|5|1|PVO.4|5024,1,0.00208514,0.920866,0.248817,3.42783,0.493759,0.978239,False,nan|PVO.4,1342396
1,130_bNAb_Combinations|1342396|cc|6|1|PVO.4|5024,1,0.00208514,0.524113,0.248817,11.7732,0.493759,0.978239,False,nan|PVO.4,1342396
1,130_bNAb_Combinations|1342396|cc|7|1|PVO.4|5024,1,0.00208514,0.506155,0.248817,16.4506,0.493759,0.978239,False,nan|PVO.4,1342396
1,130_bNAb_Combinations|1342396|cc|8|1|PVO.4|5024,1,0.00208514,0.72963,0.248817,-2.95641,0.493759,0.978239,False,nan|PVO.4,1342396
1,130_bNAb_Combinations|1342396|sample|3|PVO.4|5024,1,0.000387394,0.814623,0.248897,14.2667,0.493759,0.978239,True,VRC07-523LS|PVO.4,1342396
1,130_bNAb_Combinations|1342396|sample|4|PVO.4|5024,1,0.000387394,0.878393,0.248897,13.9039,0.493759,0.978239,True,VRC07-523LS|PVO.4,1342396
1,130_bNAb_Combinations|1342396|vc|1|2|PVO.4|5024,1,0.00208514,0.543956,0.248817,3.32497,0.493759,0.978239,False,nan|PVO.4,1342396
1,130_bNAb_Combinations|1342396|vc|2|2|PVO.4|5024,1,0.00208514,0.783894,0.248817,9.17938,0.493759,0.978239,False,nan|PVO.4,1342396
1,130_bNAb_Combinations|1342396|vc|3|2|PVO.4|5024,1,0.00208514,0.846308,0.248817,34.4242,0.493759,0.978239,False,nan|PVO.4,1342396
1,130_bNAb_Combinations|1342396|vc|4|2|PVO.4|5024,1,0.00208514,0.794045,0.248817,-12.0132,0.493759,0.978239,False,nan|PVO.4,1342396
1,130_bNAb_Combinations|1342396|vc|5|2|PVO.4|5024,1,0.00208514,0.627,0.248817,13.0943,0.493759,0.978239,False,nan|PVO.4,1342396
1,130_bNAb_Combinations|1342396|vc|6|2|PVO.4|5024,1,0.00208514,0.848216,0.248817,2.49376,0.493759,0.978239,False,nan|PVO.4,1342396
1,130_bNAb_Combinations|1342396|vc|7|2|PVO.4|5024,1,0.00208514,0.330135,0.248817,-0.680332,0.493759,0.978239,False,nan|PVO.4,1342396
1,130_bNAb_Combinations|1342396|vc|8|2|PVO.4|5024,1,0.00208514,0.742688,0.248817,-17.3043,0.493759,0.978239,False,nan|PVO.4,1342396
1,130_bNAb_Combinations|1342408|cc|1|1|nan|4168,1,0.0142474,0.742838,0.24882,-11.1769,0.493792,0.978221,False,nan|4168,1342408
1,130_bNAb_Combinations|1342408|cc|2|1|nan|4168,1,0.0142474,0.717041,0.24882,-25.0734,0.493792,0.978221,False,nan|4168,1342408
1,130_bNAb_Combinations|1342408|cc|3|1|nan|4168,1,0.0142474,0.601525,0.24882,-57.2541,0.493792,0.978221,False,nan|4168,1342408
1,130_bNAb_Combinations|1342408|cc|4|1|nan|4168,1,0.0142474,0.739482,0.24882,15.0412,0.493792,0.978221,False,nan|4168,1342408
1,130_bNAb_Combinations|1342408|cc|5|1|nan|4168,1,0.0142474,0.248167,0.24882,18.2493,0.493792,0.978221,False,nan|4168,1342408
1,130_bNAb_Combinations|1342408|cc|6|1|nan|4168,1,0.0142474,0.729534,0.24882,-18.5355,0.493792,0.978221,False,nan|4168,1342408
1,130_bNAb_Combinations|1342408|cc|7|1|nan|4168,1,0.0142474,0.774751,0.24882,-22.1629,0.493792,0.978221,False,nan|4168,1342408
1,130_bNAb_Combinations|1342408|cc|8|1|nan|4168,1,0.0142474,1.0052,0.24882,39.0461,0.493792,0.978221,False,nan|4168,1342408
1,130_bNAb_Combinations|1342408|sample|3|nan|4168,1,0.00575353,0.629679,0.248928,5.73395,0.493792,0.978221,True,VRC07-523LS|4168,1342408
1,130_bNAb_Combinations|1342408|sample|4|nan|4168,1,0.00575353,0.615704,0.248928,6.0783,0.493792,0.978221,True,VRC07-523LS|4168,1342408
1,130_bNAb_Combinations|1342408|vc|1|2|nan|4168,1,0.0142474,0.613894,0.24882,-29.8318,0.493792,0.978221,False,nan|4168,1342408
1,130_bNAb_Combinations|1342408|vc|2|2|nan|4168,1,0.0142474,0.771487,0.24882,-30.4116,0.493792,0.978221,False,nan|4168,1342408
1,130_bNAb_Combinations|1342408|vc|3|2|nan|4168,1,0.0142474,0.87688,0.24882,-28.6318,0.493792,0.978221,False,nan|4168,1342408
1,130_bNAb_Combinations|1342408|vc|4|2|nan|4168,1,0.0142474,0.723814,0.24882,-39.706,0.493792,0.978221,False,nan|4168,1342408
1,130_bNAb_Combinations|1342408|vc|5|2|nan|4168,1,0.0142474,0.896408,0.24882,-3.48905,0.493792,0.978221,False,nan|4168,1342408
1,130_bNAb_Combinations|1342408|vc|6|2|nan|4168,1,0.0142474,0.724337,0.24882,-13.4972,0.493792,0.978221,False,nan|4168,1342408
1,130_bNAb_Combinations|1342408|vc|7|2|nan|4168,1,0.0142474,1.00441,0.24882,-31.7836,0.493792,0.978221,False,nan|4168,1342408
1,130_bNAb_Combinations|1342408|vc|8|2|nan|4168,1,0.0142474,0.846672,0.24882,18.2846,0.493792,0.978221,False,nan|4168,1342408
1,704_VRC01_Concordance|1200432|cc|1|1|PVO.4|5024,1,0.00208514,0.800039,0.248817,4.68803,0.493739,0.978284,False,nan|PVO.4,1200432
1,704_VRC01_Concordance|1200432|cc|2|1|PVO.4|5024,1,0.00208514,0.53602,0.248817,43.0224,0.493739,0.978284,False,nan|PVO.4,1200432
1,704_VRC01_Concordance|1200432|cc|3|1|PVO.4|5024,1,0.00208514,0.787051,0.248817,17.3081,0.493739,0.978284,False,nan|PVO.4,1200432
1,704_VRC01_Concordance|1200432|cc|4|1|PVO.4|5024,1,0.00208514,0.763126,0.248817,15.9501,0.493739,0.978284,False,nan|PVO.4,1200432
1,704_VRC01_Concordance|1200432|cc|5|1|PVO.4|5024,1,0.00208514,0.693717,0.248817,-14.0147,0.493739,0.978284,False,nan|PVO.4,1200432
1,704_VRC01_Concordance|1200432|cc|6|1|PVO.4|5024,1,0.00208514,0.738979,0.248817,-11.9667,0.493739,0.978284,False,nan|PVO.4,1200432
1,704_VRC01_Concordance|1200432|cc|7|1|PVO.4|5024,1,0.00208514,0.662295,0.248817,-18.2274,0.493739,0.978284,False,nan|PVO.4,1200432
1,704_VRC01_Concordance|1200432|cc|8|1|PVO.4|5024,1,0.00208514,0.859569,0.248817,11.4586,0.493739,0.978284,False,nan|PVO.4,1200432
1,704_VRC01_Concordance|1200432|sample|10|PVO.4|5024,1,0.00436277,0.805741,0.248897,3.87989,0.493739,0.978284,True,Clinical VRC01|PVO.4,1200432
1,704_VRC01_Concordance|1200432|sample|11|PVO.4|5024,1,0.00436277,0.759803,0.248897,4.97732,0.493739,0.978284,True,Clinical VRC01|PVO.4,1200432
1,704_VRC01_Concordance|1200432|sample|12|PVO.4|5024,1,0.00436277,0.876402,0.248897,5.58267,0.493739,0.978284,True,Clinical VRC01|PVO.4,1200432
1,704_VRC01_Concordance|1200432|sample|3|PVO.4|5024,1,0.00436277,0.82339,0.248897,5.99777,0.493739,0.978284,True,Clinical VRC01|PVO.4,1200432
1,704_VRC01_Concordance|1200432|sample|4|PVO.4|5024,1,0.00436277,0.782586,0.248897,4.07351,0.493739,0.978284,True,Clinical VRC01|PVO.4,1200432
1,704_VRC01_Concordance|1200432|sample|5|PVO.4|5024,1,0.00436277,0.734328,0.248897,4.14556,0.493739,0.978284,True,Clinical VRC01|PVO.4,1200432
1,704_VRC01_Concordance|1200432|sample|6|PVO.4|5024,1,0.00436277,0.799144,0.248897,3.77187,0.493739,0.978284,True,Clinical VRC01|PVO.4,1200432
1,704_VRC01_Concordance|1200432|sample|7|PVO.4|5024,1,0.00436277,0.814496,0.248897,5.42127,0.493739,0.978284,True,Clinical VRC01|PVO.4,1200432
1,704_VRC01_Concordance|1200432|sample|8|PVO.4|5024,1,0.00436277,0.877868,0.248897,5.60894,0.493739,0.978284,True,Clinical VRC01|PVO.4,1200432
1,704_VRC01_Concordance|1200432|sample|9|PVO.4|5024,1,0.00436277,0.769125,0.248897,4.06815,0.493739,0.978284,True,Clinical VRC01|PVO.4,1200432
1,704_VRC01_Concordance|1200432|vc|1|2|PVO.4|5024,1,0.00208514,0.438479,0.248817,4.52123,0.493739,0.978284,False,nan|PVO.4,1200432
1,704_VRC01_Concordance|1200432|vc|2|2|PVO.4|5024,1,0.00208514,0.891417,0.248817,-0.555846,0.493739,0.978284,False,nan|PVO.4,1200432
1,704_VRC01_Concordance|1200432|vc|3|2|PVO.4|5024,1,0.00208514,0.659307,0.248817,18.1349,0.493739,0.978284,False,nan|PVO.4,1200432
1,704_VRC01_Concordance|1200432|vc|4|2|PVO.4|5024,1,0.00208514,0.525504,0.248817,-2.99524,0.493739,0.978284,False,nan|PVO.4,1200432
1,704_VRC01_Concordance|1200432|vc|5|2|PVO.4|5024,1,0.00208514,0.548134,0.248817,-16.8578,0.493739,0.978284,False,nan|PVO.4,1200432
1,704_VRC01_Concordance|1200432|vc|6|2|PVO.4|5024,1,0.00208514,0.67022,0.248817,-3.71366,0.493739,0.978284,False,nan|PVO.4,1200432
1,704_VRC01_Concordance|1200432|vc|7|2|PVO.4|5024,1,0.00208514,0.800449,0.248817,35.1498,0.493739,0.978284,False,nan|PVO.4,1200432
1,704_VRC01_Concordance|1200432|vc|8|2|PVO.4|5024,1,0.00208514,0.524998,0.248817,13.8036,0.493739,0.978284,False,nan|PVO.4,1200432
