id,eta_U_SAEM,eta_L_SAEM,eta_m_SAEM,eta_e_SAEM,eta_s_SAEM,eta_alpha_SAEM,eta_k_SAEM,eta_U_mode,eta_L_mode,eta_m_mode,eta_e_mode,eta_s_mode,eta_alpha_mode,eta_k_mode,goes_down,mab_virus,run_id
130_bNAb_Combinations|1313842|cc|1|1|nan|2946,0,0,9.91159e-10,0.0662996,0,0,0,0,0,5.32907e-15,2.78797e-07,0,0,0,False,nan|2946,1313842
130_bNAb_Combinations|1313842|cc|2|1|nan|2946,0,0,-1.08267e-09,0.0470114,0,0,0,0,0,1.9984e-15,3.89158e-07,0,0,0,False,nan|2946,1313842
130_bNAb_Combinations|1313842|cc|3|1|nan|2946,0,0,3.06207e-09,-0.0476689,0,0,0,0,0,0,2.49996e-07,0,0,0,False,nan|2946,1313842
130_bNAb_Combinations|1313842|cc|4|1|nan|2946,0,0,-5.81355e-10,-0.11517,0,0,0,0,0,2.66454e-15,2.88755e-07,0,0,0,False,nan|2946,1313842
130_bNAb_Combinations|1313842|cc|5|1|nan|2946,0,0,-2.73745e-10,-0.0481536,0,0,0,0,0,5.77316e-15,-6.20404e-09,0,0,0,False,nan|2946,1313842
130_bNAb_Combinations|1313842|cc|6|1|nan|2946,0,0,1.59261e-09,-0.0762831,0,0,0,0,0,7.77156e-15,-1.84994e-07,0,0,0,False,nan|2946,1313842
130_bNAb_Combinations|1313842|cc|7|1|nan|2946,0,0,1.20215e-09,0.0129229,0,0,0,0,0,-2.88658e-15,1.23129e-07,0,0,0,False,nan|2946,1313842
130_bNAb_Combinations|1313842|cc|8|1|nan|2946,0,0,-7.76882e-10,-0.0966241,0,0,0,0,0,1.33227e-15,-2.15721e-07,0,0,0,False,nan|2946,1313842
130_bNAb_Combinations|1313842|sample|10|nan|2946,0,0,1.10182e-10,-1.17124,0,0,0,0,0,-3.33067e-14,-0.957761,0,0,0,True,PGT121|2946,1313842
130_bNAb_Combinations|1313842|sample|11|nan|2946,0,0,-4.08673e-10,-1.28812,0,0,0,0,0,-5.9508e-14,-0.957349,0,0,0,True,VRC07-523LS|2946,1313842
130_bNAb_Combinations|1313842|sample|12|nan|2946,0,0,1.06579e-09,-0.89462,0,0,0,0,0,-2.39808e-14,-0.737451,0,0,0,True,VRC07-523LS|2946,1313842
130_bNAb_Combinations|1313842|sample|3|nan|2946,0,0,-5.8931e-10,-1.63686,0,0,0,0,0,-1.16795e-13,-1.54744,0,0,0,True,PGDM1400|2946,1313842
130_bNAb_Combinations|1313842|sample|4|nan|2946,0,0,-4.58933e-09,-1.52197,0,0,0,0,0,-3.01981e-14,-1.51016,0,0,0,True,PGDM1400|2946,1313842
130_bNAb_Combinations|1313842|sample|5|nan|2946,0,0,4.69619e-10,-1.11831,0,0,0,0,0,-1.24345e-14,-0.785273,0,0,0,True,PGDM1400|2946,1313842
130_bNAb_Combinations|1313842|sample|6|nan|2946,0,0,5.6344e-09,-1.11507,0,0,0,0,0,2.4869e-14,-0.779474,0,0,0,True,PGDM1400|2946,1313842
130_bNAb_Combinations|1313842|sample|7|nan|2946,0,0,1.69387e-09,-1.09674,0,0,0,0,0,-9.32587e-15,-0.994897,0,0,0,True,PGT121|2946,1313842
130_bNAb_Combinations|1313842|sample|8|nan|2946,0,0,-4.74573e-09,-1.24,0,0,0,0,0,3.5083e-14,-1.04245,0,0,0,True,PGT121|2946,1313842
130_bNAb_Combinations|1313842|sample|9|nan|2946,0,0,1.24251e-09,-1.12251,0,0,0,0,0,-7.30527e-14,-0.953235,0,0,0,True,PGT121|2946,1313842
130_bNAb_Combinations|1313842|vc|1|2|nan|2946,0,0,-9.08383e-10,0.135701,0,0,0,0,0,-3.55271e-15,2.84162e-07,0,0,0,False,nan|2946,1313842
130_bNAb_Combinations|1313842|vc|2|2|nan|2946,0,0,-1.27679e-09,0.0770735,0,0,0,0,0,5.32907e-15,-8.70036e-08,0,0,0,False,nan|2946,1313842
130_bNAb_Combinations|1313842|vc|3|2|nan|2946,0,0,-2.85141e-09,0.0274188,0,0,0,0,0,-1.33227e-15,-3.30266e-07,0,0,0,False,nan|2946,1313842
130_bNAb_Combinations|1313842|vc|4|2|nan|2946,0,0,8.73833e-11,0.0750959,0,0,0,0,0,-4.44089e-16,-2.9075e-07,0,0,0,False,nan|2946,1313842
130_bNAb_Combinations|1313842|vc|5|2|nan|2946,0,0,1.6051e-09,0.0674439,0,0,0,0,0,-5.32907e-15,-2.01361e-07,0,0,0,False,nan|2946,1313842
130_bNAb_Combinations|1313842|vc|6|2|nan|2946,0,0,-1.51748e-09,-0.220134,0,0,0,0,0,7.54952e-15,1.87566e-07,0,0,0,False,nan|2946,1313842
130_bNAb_Combinations|1313842|vc|7|2|nan|2946,0,0,-9.63439e-10,0.113901,0,0,0,0,0,-6.21725e-15,-2.20503e-07,0,0,0,False,nan|2946,1313842
130_bNAb_Combinations|1313842|vc|8|2|nan|2946,0,0,-2.21486e-09,-0.0249005,0,0,0,0,0,1.13243e-14,-6.7782e-07,0,0,0,False,nan|2946,1313842
130_bNAb_Combinations|1313860|cc|1|1|PVO.4|5024,0,0,-1.04716e-10,0.000445966,0,0,0,0,0,-2.88658e-15,-3.56708e-07,0,0,0,False,nan|PVO.4,1313860
130_bNAb_Combinations|1313860|cc|2|1|PVO.4|5024,0,0,1.20252e-09,0.0595431,0,0,0,0,0,-3.10862e-15,3.02805e-07,0,0,0,False,nan|PVO.4,1313860
130_bNAb_Combinations|1313860|cc|3|1|PVO.4|5024,0,0,2.67818e-09,0.0907155,0,0,0,0,0,-1.55431e-15,-3.48237e-07,0,0,0,False,nan|PVO.4,1313860
130_bNAb_Combinations|1313860|cc|4|1|PVO.4|5024,0,0,-8.72584e-11,0.0566192,0,0,0,0,0,-7.54952e-15,4.16316e-08,0,0,0,False,nan|PVO.4,1313860
130_bNAb_Combinations|1313860|cc|5|1|PVO.4|5024,0,0,-1.6678e-09,0.0577912,0,0,0,0,0,-1.33227e-15,2.5839e-07,0,0,0,False,nan|PVO.4,1313860
130_bNAb_Combinations|1313860|cc|6|1|PVO.4|5024,0,0,1.95808e-09,0.0962877,0,0,0,0,0,2.44249e-15,2.98849e-07,0,0,0,False,nan|PVO.4,1313860
130_bNAb_Combinations|1313860|cc|7|1|PVO.4|5024,0,0,2.48142e-10,-0.120512,0,0,0,0,0,-1.39888e-14,8.77696e-08,0,0,0,False,nan|PVO.4,1313860
130_bNAb_Combinations|1313860|cc|8|1|PVO.4|5024,0,0,1.50071e-09,0.0157877,0,0,0,0,0,-2.66454e-15,3.2722e-07,0,0,0,False,nan|PVO.4,1313860
130_bNAb_Combinations|1313860|sample|10|PVO.4|5024,0,0,1.9342e-09,-0.799657,0,0,0,0,0,-2.53131e-14,-0.903022,0,0,0,True,PGT121|PVO.4,1313860
130_bNAb_Combinations|1313860|sample|11|PVO.4|5024,0,0,1.52229e-09,-0.922485,0,0,0,0,0,-1.06581e-14,-0.870538,0,0,0,True,VRC07-523LS|PVO.4,1313860
130_bNAb_Combinations|1313860|sample|12|PVO.4|5024,0,0,5.72441e-10,-0.829141,0,0,0,0,0,9.10383e-15,-0.842017,0,0,0,True,VRC07-523LS|PVO.4,1313860
130_bNAb_Combinations|1313860|sample|3|PVO.4|5024,0,0,-1.97627e-09,-1.60393,0,0,0,0,0,-2.35367e-14,-1.60056,0,0,0,True,PGDM1400|PVO.4,1313860
130_bNAb_Combinations|1313860|sample|4|PVO.4|5024,0,0,3.84042e-09,-1.78951,0,0,0,0,0,3.24185e-14,-1.60963,0,0,0,True,PGDM1400|PVO.4,1313860
130_bNAb_Combinations|1313860|sample|5|PVO.4|5024,0,0,-4.40373e-09,-1.11979,0,0,0,0,0,3.68594e-14,-0.858908,0,0,0,True,PGDM1400|PVO.4,1313860
130_bNAb_Combinations|1313860|sample|6|PVO.4|5024,0,0,-7.5796e-10,-1.16551,0,0,0,0,0,-1.64313e-14,-0.852961,0,0,0,True,PGDM1400|PVO.4,1313860
130_bNAb_Combinations|1313860|sample|7|PVO.4|5024,0,0,1.13992e-09,-0.638024,0,0,0,0,0,-2.02061e-14,-0.83689,0,0,0,True,PGT121|PVO.4,1313860
130_bNAb_Combinations|1313860|sample|8|PVO.4|5024,0,0,-5.40224e-11,-0.580499,0,0,0,0,0,-1.33227e-15,-0.801132,0,0,0,True,PGT121|PVO.4,1313860
130_bNAb_Combinations|1313860|sample|9|PVO.4|5024,0,0,3.05532e-09,-0.789897,0,0,0,0,0,3.4639e-14,-0.857038,0,0,0,True,PGT121|PVO.4,1313860
130_bNAb_Combinations|1313860|vc|1|2|PVO.4|5024,0,0,-1.93109e-09,0.0158308,0,0,0,0,0,-2.22045e-15,1.62651e-07,0,0,0,False,nan|PVO.4,1313860
130_bNAb_Combinations|1313860|vc|2|2|PVO.4|5024,0,0,-1.63771e-10,-0.0953559,0,0,0,0,0,-3.33067e-15,-1.49571e-07,0,0,0,False,nan|PVO.4,1313860
130_bNAb_Combinations|1313860|vc|3|2|PVO.4|5024,0,0,5.06592e-10,-0.0202368,0,0,0,0,0,-3.9968e-15,4.97667e-07,0,0,0,False,nan|PVO.4,1313860
130_bNAb_Combinations|1313860|vc|4|2|PVO.4|5024,0,0,1.24258e-09,-0.0696617,0,0,0,0,0,-8.43769e-15,3.00919e-07,0,0,0,False,nan|PVO.4,1313860
130_bNAb_Combinations|1313860|vc|5|2|PVO.4|5024,0,0,-1.19799e-10,-0.221164,0,0,0,0,0,3.9968e-15,-1.60087e-07,0,0,0,False,nan|PVO.4,1313860
130_bNAb_Combinations|1313860|vc|6|2|PVO.4|5024,0,0,1.67013e-09,0.0533652,0,0,0,0,0,7.54952e-15,-9.50151e-08,0,0,0,False,nan|PVO.4,1313860
130_bNAb_Combinations|1313860|vc|7|2|PVO.4|5024,0,0,-3.84544e-10,0.0705568,0,0,0,0,0,-6.21725e-15,1.40964e-07,0,0,0,False,nan|PVO.4,1313860
130_bNAb_Combinations|1313860|vc|8|2|PVO.4|5024,0,0,-1.22605e-10,0.0188089,0,0,0,0,0,3.10862e-15,-2.42737e-07,0,0,0,False,nan|PVO.4,1313860
130_bNAb_Combinations|1313884|cc|1|1|nan|4168,0,0,-8.81661e-10,0.00546229,0,0,0,0,0,-1.77636e-15,4.71556e-07,0,0,0,False,nan|4168,1313884
130_bNAb_Combinations|1313884|cc|2|1|nan|4168,0,0,1.44542e-09,-0.146337,0,0,0,0,0,3.77476e-15,-1.45657e-08,0,0,0,False,nan|4168,1313884
130_bNAb_Combinations|1313884|cc|3|1|nan|4168,0,0,-7.03317e-10,0.124542,0,0,0,0,0,-2.66454e-15,-3.97531e-07,0,0,0,False,nan|4168,1313884
130_bNAb_Combinations|1313884|cc|4|1|nan|4168,0,0,-7.15211e-10,-0.0568993,0,0,0,0,0,5.10703e-15,2.75652e-07,0,0,0,False,nan|4168,1313884
130_bNAb_Combinations|1313884|cc|5|1|nan|4168,0,0,2.55667e-10,0.00972488,0,0,0,0,0,1.4877e-14,1.57154e-07,0,0,0,False,nan|4168,1313884
130_bNAb_Combinations|1313884|cc|6|1|nan|4168,0,0,2.25584e-09,-0.0639545,0,0,0,0,0,3.33067e-15,4.83163e-07,0,0,0,False,nan|4168,1313884
130_bNAb_Combinations|1313884|cc|7|1|nan|4168,0,0,-1.55973e-09,0.00163049,0,0,0,0,0,-6.66134e-16,-3.90051e-07,0,0,0,False,nan|4168,1313884
130_bNAb_Combinations|1313884|cc|8|1|nan|4168,0,0,2.55086e-09,-0.306889,0,0,0,0,0,2.22045e-16,2.64439e-07,0,0,0,False,nan|4168,1313884
130_bNAb_Combinations|1313884|sample|10|nan|4168,0,0,3.66707e-10,-0.447081,0,0,0,0,0,1.57652e-14,-0.338013,0,0,0,True,PGT121|4168,1313884
130_bNAb_Combinations|1313884|sample|11|nan|4168,0,0,2.59476e-09,-0.624466,0,0,0,0,0,-7.99361e-15,-0.218291,0,0,0,True,VRC07-523LS|4168,1313884
130_bNAb_Combinations|1313884|sample|12|nan|4168,0,0,-3.23667e-10,-0.470209,0,0,0,0,0,-6.66134e-16,-0.203831,0,0,0,True,VRC07-523LS|4168,1313884
130_bNAb_Combinations|1313884|sample|3|nan|4168,0,0,2.58888e-09,-1.71943,0,0,0,0,0,9.23706e-14,-1.33286,0,0,0,True,PGDM1400|4168,1313884
130_bNAb_Combinations|1313884|sample|4|nan|4168,0,0,6.60309e-09,-2.18893,0,0,0,0,0,-7.28306e-14,-2.56681,0,0,0,True,PGDM1400|4168,1313884
130_bNAb_Combinations|1313884|sample|5|nan|4168,0,0,-3.31668e-09,-1.9686,0,0,0,0,0,7.63833e-14,-1.8209,0,0,0,True,PGDM1400|4168,1313884
130_bNAb_Combinations|1313884|sample|6|nan|4168,0,0,-1.66093e-09,-1.92228,0,0,0,0,0,-1.30562e-13,-1.82008,0,0,0,True,PGDM1400|4168,1313884
130_bNAb_Combinations|1313884|sample|7|nan|4168,0,0,3.2261e-09,-0.760214,0,0,0,0,0,2.28706e-14,-0.58255,0,0,0,True,PGT121|4168,1313884
130_bNAb_Combinations|1313884|sample|8|nan|4168,0,0,1.34167e-09,-0.884196,0,0,0,0,0,2.08722e-14,-0.656965,0,0,0,True,PGT121|4168,1313884
130_bNAb_Combinations|1313884|sample|9|nan|4168,0,0,-2.63031e-09,-0.517143,0,0,0,0,0,9.10383e-15,-0.362628,0,0,0,True,PGT121|4168,1313884
130_bNAb_Combinations|1313884|vc|1|2|nan|4168,0,0,-5.43943e-10,-0.0527377,0,0,0,0,0,-7.99361e-15,-1.6004e-07,0,0,0,False,nan|4168,1313884
130_bNAb_Combinations|1313884|vc|2|2|nan|4168,0,0,-1.09552e-10,-0.0778059,0,0,0,0,0,4.21885e-15,-1.33125e-07,0,0,0,False,nan|4168,1313884
130_bNAb_Combinations|1313884|vc|3|2|nan|4168,0,0,-7.98229e-10,-0.0989886,0,0,0,0,0,1.11022e-15,-3.23418e-07,0,0,0,False,nan|4168,1313884
130_bNAb_Combinations|1313884|vc|4|2|nan|4168,0,0,5.46285e-10,0.047794,0,0,0,0,0,9.10383e-15,-8.06998e-08,0,0,0,False,nan|4168,1313884
130_bNAb_Combinations|1313884|vc|5|2|nan|4168,0,0,-1.64725e-09,0.193042,0,0,0,0,0,-7.10543e-15,1.91172e-07,0,0,0,False,nan|4168,1313884
130_bNAb_Combinations|1313884|vc|6|2|nan|4168,0,0,6.73947e-10,-0.156115,0,0,0,0,0,4.66294e-15,-1.53661e-07,0,0,0,False,nan|4168,1313884
130_bNAb_Combinations|1313884|vc|7|2|nan|4168,0,0,5.89002e-10,-0.172428,0,0,0,0,0,-4.88498e-15,2.38251e-07,0,0,0,False,nan|4168,1313884
130_bNAb_Combinations|1313884|vc|8|2|nan|4168,0,0,-2.04879e-09,0.102685,0,0,0,0,0,-2.22045e-15,-1.89658e-07,0,0,0,False,nan|4168,1313884
130_bNAb_Combinations|1313920|cc|1|1|nan|1798,0,0,-3.51739e-10,0.0469966,0,0,0,0,0,-5.9952e-15,1.18241e-07,0,0,0,False,nan|1798,1313920
130_bNAb_Combinations|1313920|cc|2|1|nan|1798,0,0,3.74851e-09,-0.0254928,0,0,0,0,0,1.77636e-15,-6.89183e-07,0,0,0,False,nan|1798,1313920
130_bNAb_Combinations|1313920|cc|3|1|nan|1798,0,0,-1.48389e-09,-0.204531,0,0,0,0,0,-5.9952e-15,-3.32343e-07,0,0,0,False,nan|1798,1313920
130_bNAb_Combinations|1313920|cc|4|1|nan|1798,0,0,-7.0794e-10,-0.0999914,0,0,0,0,0,3.33067e-15,1.76752e-08,0,0,0,False,nan|1798,1313920
130_bNAb_Combinations|1313920|cc|5|1|nan|1798,0,0,2.33716e-09,0.10826,0,0,0,0,0,1.55431e-15,2.88478e-07,0,0,0,False,nan|1798,1313920
130_bNAb_Combinations|1313920|cc|6|1|nan|1798,0,0,-7.7839e-10,-0.218302,0,0,0,0,0,-5.10703e-15,2.34923e-07,0,0,0,False,nan|1798,1313920
130_bNAb_Combinations|1313920|cc|7|1|nan|1798,0,0,2.68699e-09,-0.10313,0,0,0,0,0,-3.55271e-15,-5.2685e-07,0,0,0,False,nan|1798,1313920
130_bNAb_Combinations|1313920|cc|8|1|nan|1798,0,0,-2.10647e-09,-0.105718,0,0,0,0,0,-1.55431e-15,-2.76293e-07,0,0,0,False,nan|1798,1313920
130_bNAb_Combinations|1313920|sample|10|nan|1798,0,0,-2.65307e-09,-0.369548,0,0,0,0,0,-6.43929e-15,-0.254176,0,0,0,True,PGT121|1798,1313920
130_bNAb_Combinations|1313920|sample|11|nan|1798,0,0,-1.19131e-09,-0.728952,0,0,0,0,0,-3.06422e-14,-0.662363,0,0,0,True,VRC07-523LS|1798,1313920
130_bNAb_Combinations|1313920|sample|12|nan|1798,0,0,-1.72505e-09,-0.854237,0,0,0,0,0,-3.9968e-14,-0.743465,0,0,0,True,VRC07-523LS|1798,1313920
130_bNAb_Combinations|1313920|sample|3|nan|1798,0,0,1.24235e-09,-1.0188,0,0,0,0,0,-4.17444e-14,-0.886105,0,0,0,True,PGDM1400|1798,1313920
130_bNAb_Combinations|1313920|sample|4|nan|1798,0,0,-3.25586e-09,-1.02199,0,0,0,0,0,-2.19824e-14,-0.83575,0,0,0,True,PGDM1400|1798,1313920
130_bNAb_Combinations|1313920|sample|5|nan|1798,0,0,-4.55496e-09,-1.14442,0,0,0,0,0,1.35447e-14,-1.26654,0,0,0,True,PGDM1400|1798,1313920
130_bNAb_Combinations|1313920|sample|6|nan|1798,0,0,6.29688e-10,-0.767986,0,0,0,0,0,-1.9984e-14,-1.0457,0,0,0,True,PGDM1400|1798,1313920
130_bNAb_Combinations|1313920|sample|7|nan|1798,0,0,-3.86585e-09,-0.774575,0,0,0,0,0,1.42109e-14,-0.574088,0,0,0,True,PGT121|1798,1313920
130_bNAb_Combinations|1313920|sample|8|nan|1798,0,0,1.91695e-09,-0.625769,0,0,0,0,0,2.39808e-14,-0.495353,0,0,0,True,PGT121|1798,1313920
130_bNAb_Combinations|1313920|sample|9|nan|1798,0,0,-1.86191e-10,-0.441213,0,0,0,0,0,-3.5083e-14,-0.319466,0,0,0,True,PGT121|1798,1313920
130_bNAb_Combinations|1313920|vc|1|2|nan|1798,0,0,-4.13378e-09,-0.0512826,0,0,0,0,0,-1.17684e-14,-3.86833e-07,0,0,0,False,nan|1798,1313920
130_bNAb_Combinations|1313920|vc|2|2|nan|1798,0,0,-4.15266e-10,0.10122,0,0,0,0,0,5.32907e-15,4.95818e-08,0,0,0,False,nan|1798,1313920
130_bNAb_Combinations|1313920|vc|3|2|nan|1798,0,0,7.50379e-10,0.0340266,0,0,0,0,0,-1.11022e-15,5.34855e-07,0,0,0,False,nan|1798,1313920
130_bNAb_Combinations|1313920|vc|4|2|nan|1798,0,0,-1.04747e-09,-0.185376,0,0,0,0,0,8.21565e-15,1.94382e-08,0,0,0,False,nan|1798,1313920
130_bNAb_Combinations|1313920|vc|5|2|nan|1798,0,0,-4.29731e-10,0.130416,0,0,0,0,0,-1.55431e-15,3.21402e-07,0,0,0,False,nan|1798,1313920
130_bNAb_Combinations|1313920|vc|6|2|nan|1798,0,0,-1.25733e-09,-0.0369993,0,0,0,0,0,5.77316e-15,1.47188e-07,0,0,0,False,nan|1798,1313920
130_bNAb_Combinations|1313920|vc|7|2|nan|1798,0,0,2.73932e-09,0.114956,0,0,0,0,0,4.44089e-15,1.90945e-07,0,0,0,False,nan|1798,1313920
130_bNAb_Combinations|1313920|vc|8|2|nan|1798,0,0,-1.34377e-10,-0.076039,0,0,0,0,0,-5.10703e-15,2.83708e-07,0,0,0,False,nan|1798,1313920
130_bNAb_Combinations|1313938|cc|1|1|TRO.11|8301,0,0,5.64487e-10,-0.168519,0,0,0,0,0,1.55431e-15,2.7663e-07,0,0,0,False,nan|TRO.11,1313938
130_bNAb_Combinations|1313938|cc|2|1|TRO.11|8301,0,0,-1.22712e-09,0.00918347,0,0,0,0,0,-6.21725e-15,4.51816e-07,0,0,0,False,nan|TRO.11,1313938
130_bNAb_Combinations|1313938|cc|3|1|TRO.11|8301,0,0,2.31536e-09,0.0274189,0,0,0,0,0,6.88338e-15,-2.50494e-07,0,0,0,False,nan|TRO.11,1313938
130_bNAb_Combinations|1313938|cc|4|1|TRO.11|8301,0,0,-1.10153e-09,0.0280264,0,0,0,0,0,5.77316e-15,2.22881e-07,0,0,0,False,nan|TRO.11,1313938
130_bNAb_Combinations|1313938|cc|5|1|TRO.11|8301,0,0,8.5605e-10,0.0524841,0,0,0,0,0,6.66134e-15,2.23395e-07,0,0,0,False,nan|TRO.11,1313938
130_bNAb_Combinations|1313938|cc|6|1|TRO.11|8301,0,0,1.88869e-10,0.107775,0,0,0,0,0,-7.99361e-15,1.4065e-07,0,0,0,False,nan|TRO.11,1313938
130_bNAb_Combinations|1313938|cc|7|1|TRO.11|8301,0,0,-3.2085e-10,0.0764161,0,0,0,0,0,8.43769e-15,1.54618e-07,0,0,0,False,nan|TRO.11,1313938
130_bNAb_Combinations|1313938|cc|8|1|TRO.11|8301,0,0,-4.97002e-10,-0.00942201,0,0,0,0,0,-5.10703e-15,1.14622e-07,0,0,0,False,nan|TRO.11,1313938
130_bNAb_Combinations|1313938|sample|10|TRO.11|8301,0,0,2.93698e-09,-0.229726,0,0,0,0,0,-1.11022e-14,-0.131941,0,0,0,True,PGT121|TRO.11,1313938
130_bNAb_Combinations|1313938|sample|11|TRO.11|8301,0,0,-2.19505e-10,-0.595905,0,0,0,0,0,-2.62013e-14,-0.711782,0,0,0,True,VRC07-523LS|TRO.11,1313938
130_bNAb_Combinations|1313938|sample|12|TRO.11|8301,0,0,2.60893e-09,-0.628635,0,0,0,0,0,-1.55431e-14,-0.585945,0,0,0,True,VRC07-523LS|TRO.11,1313938
130_bNAb_Combinations|1313938|sample|3|TRO.11|8301,0,0,-1.08937e-09,-1.33395,0,0,0,0,0,-5.32907e-15,-1.76247,0,0,0,True,PGDM1400|TRO.11,1313938
130_bNAb_Combinations|1313938|sample|4|TRO.11|8301,0,0,-4.568e-09,-1.48672,0,0,0,0,0,1.90958e-14,-1.67687,0,0,0,True,PGDM1400|TRO.11,1313938
130_bNAb_Combinations|1313938|sample|5|TRO.11|8301,0,0,-9.62976e-10,-1.3316,0,0,0,0,0,-1.95399e-14,-1.13657,0,0,0,True,PGDM1400|TRO.11,1313938
130_bNAb_Combinations|1313938|sample|6|TRO.11|8301,0,0,3.44271e-09,-1.28999,0,0,0,0,0,6.21725e-15,-1.15458,0,0,0,True,PGDM1400|TRO.11,1313938
130_bNAb_Combinations|1313938|sample|7|TRO.11|8301,0,0,-4.52272e-10,-0.144872,0,0,0,0,0,-1.37668e-14,-0.0653729,0,0,0,True,PGT121|TRO.11,1313938
130_bNAb_Combinations|1313938|sample|8|TRO.11|8301,0,0,4.6365e-09,-0.203375,0,0,0,0,0,3.10862e-15,-0.179208,0,0,0,True,PGT121|TRO.11,1313938
130_bNAb_Combinations|1313938|sample|9|TRO.11|8301,0,0,-4.44021e-09,-0.253301,0,0,0,0,0,1.9984e-14,-0.153759,0,0,0,True,PGT121|TRO.11,1313938
130_bNAb_Combinations|1313938|vc|1|2|TRO.11|8301,0,0,-1.37834e-09,-0.0421417,0,0,0,0,0,2.66454e-15,-2.43534e-07,0,0,0,False,nan|TRO.11,1313938
130_bNAb_Combinations|1313938|vc|2|2|TRO.11|8301,0,0,-6.14231e-10,-0.247192,0,0,0,0,0,-3.10862e-15,1.38266e-07,0,0,0,False,nan|TRO.11,1313938
130_bNAb_Combinations|1313938|vc|3|2|TRO.11|8301,0,0,-1.95183e-10,0.0442637,0,0,0,0,0,-3.10862e-15,-3.5819e-07,0,0,0,False,nan|TRO.11,1313938
130_bNAb_Combinations|1313938|vc|4|2|TRO.11|8301,0,0,-6.80929e-10,0.265326,0,0,0,0,0,0,-3.90593e-07,0,0,0,False,nan|TRO.11,1313938
130_bNAb_Combinations|1313938|vc|5|2|TRO.11|8301,0,0,-1.77077e-09,0.178434,0,0,0,0,0,-4.44089e-15,-3.7222e-07,0,0,0,False,nan|TRO.11,1313938
130_bNAb_Combinations|1313938|vc|6|2|TRO.11|8301,0,0,-4.37043e-10,-0.0833097,0,0,0,0,0,-3.33067e-15,4.34021e-07,0,0,0,False,nan|TRO.11,1313938
130_bNAb_Combinations|1313938|vc|7|2|TRO.11|8301,0,0,-6.09594e-11,-0.0328645,0,0,0,0,0,0,3.5087e-07,0,0,0,False,nan|TRO.11,1313938
130_bNAb_Combinations|1313938|vc|8|2|TRO.11|8301,0,0,-1.53217e-09,-0.00146051,0,0,0,0,0,-4.44089e-15,-9.15018e-08,0,0,0,False,nan|TRO.11,1313938
130_bNAb_Combinations|1313956|cc|1|1|Ce1176_A3|7023,0,0,2.11939e-11,0.156668,0,0,0,0,0,-8.10463e-15,5.06791e-07,0,0,0,False,nan|Ce1176_A3,1313956
130_bNAb_Combinations|1313956|cc|2|1|Ce1176_A3|7023,0,0,9.01375e-10,-0.00340434,0,0,0,0,0,1.9984e-15,1.81328e-07,0,0,0,False,nan|Ce1176_A3,1313956
130_bNAb_Combinations|1313956|cc|3|1|Ce1176_A3|7023,0,0,3.23626e-09,-0.0440856,0,0,0,0,0,-4.32987e-15,6.34823e-08,0,0,0,False,nan|Ce1176_A3,1313956
130_bNAb_Combinations|1313956|cc|4|1|Ce1176_A3|7023,0,0,-2.00339e-09,-0.0180692,0,0,0,0,0,3.66374e-15,6.01798e-08,0,0,0,False,nan|Ce1176_A3,1313956
130_bNAb_Combinations|1313956|cc|5|1|Ce1176_A3|7023,0,0,5.9093e-10,0.103083,0,0,0,0,0,7.32747e-15,1.58292e-07,0,0,0,False,nan|Ce1176_A3,1313956
130_bNAb_Combinations|1313956|cc|6|1|Ce1176_A3|7023,0,0,-1.73974e-10,0.00263729,0,0,0,0,0,-8.21565e-15,3.83177e-07,0,0,0,False,nan|Ce1176_A3,1313956
130_bNAb_Combinations|1313956|cc|7|1|Ce1176_A3|7023,0,0,-1.89222e-10,-0.237601,0,0,0,0,0,-4.71845e-15,-2.461e-08,0,0,0,False,nan|Ce1176_A3,1313956
130_bNAb_Combinations|1313956|cc|8|1|Ce1176_A3|7023,0,0,9.24095e-11,0.0435735,0,0,0,0,0,-1.83187e-15,3.09394e-07,0,0,0,False,nan|Ce1176_A3,1313956
130_bNAb_Combinations|1313956|sample|10|Ce1176_A3|7023,0,0,1.8025e-09,-3.07591,0,0,0,0,0,-8.88178e-16,-2.71315,0,0,0,True,PGT121|Ce1176_A3,1313956
130_bNAb_Combinations|1313956|sample|11|Ce1176_A3|7023,0,0,1.04416e-09,-0.984707,0,0,0,0,0,1.73195e-14,-0.944993,0,0,0,True,VRC07-523LS|Ce1176_A3,1313956
130_bNAb_Combinations|1313956|sample|12|Ce1176_A3|7023,0,0,1.33524e-09,-0.0984322,0,0,0,0,0,2.13163e-14,0.376351,0,0,0,True,VRC07-523LS|Ce1176_A3,1313956
130_bNAb_Combinations|1313956|sample|3|Ce1176_A3|7023,0,0,-9.13353e-11,-0.74613,0,0,0,0,0,-2.35367e-14,-0.378182,0,0,0,True,PGDM1400|Ce1176_A3,1313956
130_bNAb_Combinations|1313956|sample|4|Ce1176_A3|7023,0,0,-1.35762e-10,-0.755975,0,0,0,0,0,-4.44089e-16,-0.430348,0,0,0,True,PGDM1400|Ce1176_A3,1313956
130_bNAb_Combinations|1313956|sample|5|Ce1176_A3|7023,0,0,3.7854e-09,-0.965262,0,0,0,0,0,-2.04281e-14,-0.883673,0,0,0,True,PGDM1400|Ce1176_A3,1313956
130_bNAb_Combinations|1313956|sample|6|Ce1176_A3|7023,0,0,-2.1438e-10,-0.993907,0,0,0,0,0,-3.9968e-15,-0.927664,0,0,0,True,PGDM1400|Ce1176_A3,1313956
130_bNAb_Combinations|1313956|sample|7|Ce1176_A3|7023,0,0,3.75505e-09,-1.86274,0,0,0,0,0,2.13163e-14,-1.20501,0,0,0,True,PGT121|Ce1176_A3,1313956
130_bNAb_Combinations|1313956|sample|8|Ce1176_A3|7023,0,0,-4.09832e-09,-1.82294,0,0,0,0,0,-1.77636e-14,-1.20516,0,0,0,True,PGT121|Ce1176_A3,1313956
130_bNAb_Combinations|1313956|sample|9|Ce1176_A3|7023,0,0,-1.08151e-09,-3.15601,0,0,0,0,0,-1.77636e-14,-2.71344,0,0,0,True,PGT121|Ce1176_A3,1313956
130_bNAb_Combinations|1313956|vc|1|2|Ce1176_A3|7023,0,0,2.66169e-09,-0.0932118,0,0,0,0,0,-1.33227e-15,3.95549e-07,0,0,0,False,nan|Ce1176_A3,1313956
130_bNAb_Combinations|1313956|vc|2|2|Ce1176_A3|7023,0,0,1.82417e-09,0.0467664,0,0,0,0,0,-2.66454e-15,-1.39226e-07,0,0,0,False,nan|Ce1176_A3,1313956
130_bNAb_Combinations|1313956|vc|3|2|Ce1176_A3|7023,0,0,-1.07065e-10,0.0767696,0,0,0,0,0,-6.32827e-15,-1.03861e-07,0,0,0,False,nan|Ce1176_A3,1313956
130_bNAb_Combinations|1313956|vc|4|2|Ce1176_A3|7023,0,0,3.00447e-11,0.0828676,0,0,0,0,0,-3.38618e-15,1.65086e-07,0,0,0,False,nan|Ce1176_A3,1313956
130_bNAb_Combinations|1313956|vc|5|2|Ce1176_A3|7023,0,0,-7.95462e-10,0.164353,0,0,0,0,0,5.77316e-15,4.05327e-07,0,0,0,False,nan|Ce1176_A3,1313956
130_bNAb_Combinations|1313956|vc|6|2|Ce1176_A3|7023,0,0,1.51447e-09,0.140067,0,0,0,0,0,-1.12133e-14,1.5825e-07,0,0,0,False,nan|Ce1176_A3,1313956
130_bNAb_Combinations|1313956|vc|7|2|Ce1176_A3|7023,0,0,3.44101e-09,-0.0987542,0,0,0,0,0,-3.10862e-15,7.36532e-08,0,0,0,False,nan|Ce1176_A3,1313956
130_bNAb_Combinations|1313956|vc|8|2|Ce1176_A3|7023,0,0,3.63091e-09,-0.101175,0,0,0,0,0,3.9968e-15,-1.9877e-07,0,0,0,False,nan|Ce1176_A3,1313956
130_bNAb_Combinations|1313974|cc|1|1|nan|1176,0,0,-4.49016e-10,0.0375446,0,0,0,0,0,9.99201e-15,1.64589e-07,0,0,0,False,nan|1176,1313974
130_bNAb_Combinations|1313974|cc|2|1|nan|1176,0,0,-2.02175e-10,-0.152869,0,0,0,0,0,3.33067e-15,2.02861e-07,0,0,0,False,nan|1176,1313974
130_bNAb_Combinations|1313974|cc|3|1|nan|1176,0,0,-3.29451e-09,0.26107,0,0,0,0,0,-6.88338e-15,-2.60497e-07,0,0,0,False,nan|1176,1313974
130_bNAb_Combinations|1313974|cc|4|1|nan|1176,0,0,1.15235e-09,-0.0445058,0,0,0,0,0,-6.99441e-15,-3.15286e-07,0,0,0,False,nan|1176,1313974
130_bNAb_Combinations|1313974|cc|5|1|nan|1176,0,0,3.71122e-10,0.0159673,0,0,0,0,0,1.22125e-15,-6.81451e-07,0,0,0,False,nan|1176,1313974
130_bNAb_Combinations|1313974|cc|6|1|nan|1176,0,0,-6.73532e-10,-0.0203932,0,0,0,0,0,-5.9952e-15,3.22996e-07,0,0,0,False,nan|1176,1313974
130_bNAb_Combinations|1313974|cc|7|1|nan|1176,0,0,3.38567e-09,-0.287991,0,0,0,0,0,-9.99201e-16,-2.55351e-07,0,0,0,False,nan|1176,1313974
130_bNAb_Combinations|1313974|cc|8|1|nan|1176,0,0,1.71951e-09,0.0240173,0,0,0,0,0,7.66054e-15,5.81134e-07,0,0,0,False,nan|1176,1313974
130_bNAb_Combinations|1313974|sample|10|nan|1176,0,0,-2.66668e-09,-0.815401,0,0,0,0,0,3.90799e-14,-0.377603,0,0,0,True,PGT121|1176,1313974
130_bNAb_Combinations|1313974|sample|11|nan|1176,0,0,-2.11041e-09,-0.546315,0,0,0,0,0,-2.55351e-14,-0.473187,0,0,0,True,VRC07-523LS|1176,1313974
130_bNAb_Combinations|1313974|sample|12|nan|1176,0,0,-1.82426e-09,0.177418,0,0,0,0,0,6.66134e-16,0.126784,0,0,0,True,VRC07-523LS|1176,1313974
130_bNAb_Combinations|1313974|sample|3|nan|1176,0,0,2.17792e-09,-0.383366,0,0,0,0,0,9.76996e-15,-0.391451,0,0,0,True,PGDM1400|1176,1313974
130_bNAb_Combinations|1313974|sample|4|nan|1176,0,0,-1.73406e-09,-0.418698,0,0,0,0,0,-2.64233e-14,-0.318061,0,0,0,True,PGDM1400|1176,1313974
130_bNAb_Combinations|1313974|sample|5|nan|1176,0,0,-1.21193e-09,-0.130682,0,0,0,0,0,-1.08802e-14,0.0624335,0,0,0,True,PGDM1400|1176,1313974
130_bNAb_Combinations|1313974|sample|6|nan|1176,0,0,1.48828e-09,-0.121895,0,0,0,0,0,1.9984e-15,0.0545119,0,0,0,True,PGDM1400|1176,1313974
130_bNAb_Combinations|1313974|sample|7|nan|1176,0,0,-3.66767e-09,-0.804454,0,0,0,0,0,-2.84217e-14,-0.565508,0,0,0,True,PGT121|1176,1313974
130_bNAb_Combinations|1313974|sample|8|nan|1176,0,0,1.01087e-09,-0.798647,0,0,0,0,0,6.21725e-15,-0.352829,0,0,0,True,PGT121|1176,1313974
130_bNAb_Combinations|1313974|sample|9|nan|1176,0,0,2.26028e-09,-0.828656,0,0,0,0,0,-2.44249e-14,-0.458413,0,0,0,True,PGT121|1176,1313974
130_bNAb_Combinations|1313974|vc|1|2|nan|1176,0,0,3.91202e-09,-0.161124,0,0,0,0,0,-3.21965e-15,2.53934e-07,0,0,0,False,nan|1176,1313974
130_bNAb_Combinations|1313974|vc|2|2|nan|1176,0,0,-2.64983e-09,0.308473,0,0,0,0,0,-4.44089e-16,-4.05696e-07,0,0,0,False,nan|1176,1313974
130_bNAb_Combinations|1313974|vc|3|2|nan|1176,0,0,-4.87702e-10,-0.0133484,0,0,0,0,0,-1.9984e-15,-3.10869e-07,0,0,0,False,nan|1176,1313974
130_bNAb_Combinations|1313974|vc|4|2|nan|1176,0,0,-7.32102e-10,0.0237565,0,0,0,0,0,-1.06581e-14,-3.49671e-07,0,0,0,False,nan|1176,1313974
130_bNAb_Combinations|1313974|vc|5|2|nan|1176,0,0,-5.06661e-10,0.0687121,0,0,0,0,0,-5.32907e-15,-1.22097e-07,0,0,0,False,nan|1176,1313974
130_bNAb_Combinations|1313974|vc|6|2|nan|1176,0,0,4.00617e-09,0.053528,0,0,0,0,0,-9.76996e-15,-2.58412e-07,0,0,0,False,nan|1176,1313974
130_bNAb_Combinations|1313974|vc|7|2|nan|1176,0,0,-4.94419e-10,0.00768576,0,0,0,0,0,-1.77636e-15,-4.64621e-07,0,0,0,False,nan|1176,1313974
130_bNAb_Combinations|1313974|vc|8|2|nan|1176,0,0,-9.34923e-10,-0.0520782,0,0,0,0,0,-4.21885e-15,-6.82032e-08,0,0,0,False,nan|1176,1313974
130_bNAb_Combinations|1313992|cc|1|1|RHPA4259.7|5371,0,0,-5.0056e-10,-0.0675105,0,0,0,0,0,3.33067e-15,-2.54959e-07,0,0,0,False,nan|RHPA4259.7,1313992
130_bNAb_Combinations|1313992|cc|2|1|RHPA4259.7|5371,0,0,3.10996e-09,0.330963,0,0,0,0,0,1.55431e-15,4.77369e-07,0,0,0,False,nan|RHPA4259.7,1313992
130_bNAb_Combinations|1313992|cc|3|1|RHPA4259.7|5371,0,0,-6.85096e-10,0.0802248,0,0,0,0,0,4.88498e-15,1.84455e-07,0,0,0,False,nan|RHPA4259.7,1313992
130_bNAb_Combinations|1313992|cc|4|1|RHPA4259.7|5371,0,0,1.81293e-09,0.00113013,0,0,0,0,0,0,4.05966e-07,0,0,0,False,nan|RHPA4259.7,1313992
130_bNAb_Combinations|1313992|cc|5|1|RHPA4259.7|5371,0,0,4.08037e-10,-0.14964,0,0,0,0,0,5.32907e-15,-4.13717e-07,0,0,0,False,nan|RHPA4259.7,1313992
130_bNAb_Combinations|1313992|cc|6|1|RHPA4259.7|5371,0,0,-3.5397e-09,0.0155458,0,0,0,0,0,-1.33227e-15,-7.86996e-07,0,0,0,False,nan|RHPA4259.7,1313992
130_bNAb_Combinations|1313992|cc|7|1|RHPA4259.7|5371,0,0,-3.76617e-09,-0.182498,0,0,0,0,0,1.08802e-14,1.26761e-07,0,0,0,False,nan|RHPA4259.7,1313992
130_bNAb_Combinations|1313992|cc|8|1|RHPA4259.7|5371,0,0,1.12581e-09,0.067016,0,0,0,0,0,0,8.12433e-07,0,0,0,False,nan|RHPA4259.7,1313992
130_bNAb_Combinations|1313992|sample|10|RHPA4259.7|5371,0,0,1.89502e-09,-2.84951,0,0,0,0,0,-1.37668e-14,-2.52341,0,0,0,True,PGT121|RHPA4259.7,1313992
130_bNAb_Combinations|1313992|sample|11|RHPA4259.7|5371,0,0,-5.76625e-10,0.346158,0,0,0,0,0,4.44089e-15,0.51704,0,0,0,True,VRC07-523LS|RHPA4259.7,1313992
130_bNAb_Combinations|1313992|sample|12|RHPA4259.7|5371,0,0,1.32505e-09,0.181096,0,0,0,0,0,1.46549e-14,0.352333,0,0,0,True,VRC07-523LS|RHPA4259.7,1313992
130_bNAb_Combinations|1313992|sample|3|RHPA4259.7|5371,0,0,2.89631e-09,-1.14563,0,0,0,0,0,2.08722e-14,-0.943838,0,0,0,True,PGDM1400|RHPA4259.7,1313992
130_bNAb_Combinations|1313992|sample|4|RHPA4259.7|5371,0,0,-1.56205e-09,-1.15134,0,0,0,0,0,1.42109e-14,-0.856541,0,0,0,True,PGDM1400|RHPA4259.7,1313992
130_bNAb_Combinations|1313992|sample|5|RHPA4259.7|5371,0,0,4.21469e-09,-1.26778,0,0,0,0,0,-3.68594e-14,-1.20893,0,0,0,True,PGDM1400|RHPA4259.7,1313992
130_bNAb_Combinations|1313992|sample|6|RHPA4259.7|5371,0,0,-2.45089e-09,-1.10467,0,0,0,0,0,3.15303e-14,-1.15101,0,0,0,True,PGDM1400|RHPA4259.7,1313992
130_bNAb_Combinations|1313992|sample|7|RHPA4259.7|5371,0,0,-6.47384e-10,-1.44568,0,0,0,0,0,-3.68594e-14,-1.03568,0,0,0,True,PGT121|RHPA4259.7,1313992
130_bNAb_Combinations|1313992|sample|8|RHPA4259.7|5371,0,0,-1.85039e-10,-1.456,0,0,0,0,0,-3.55271e-14,-1.03593,0,0,0,True,PGT121|RHPA4259.7,1313992
130_bNAb_Combinations|1313992|sample|9|RHPA4259.7|5371,0,0,1.24296e-10,-2.80711,0,0,0,0,0,1.77636e-14,-2.52343,0,0,0,True,PGT121|RHPA4259.7,1313992
130_bNAb_Combinations|1313992|vc|1|2|RHPA4259.7|5371,0,0,-2.57807e-10,-0.201134,0,0,0,0,0,1.77636e-15,2.37204e-07,0,0,0,False,nan|RHPA4259.7,1313992
130_bNAb_Combinations|1313992|vc|2|2|RHPA4259.7|5371,0,0,-3.27e-10,0.252643,0,0,0,0,0,-8.88178e-16,2.79848e-07,0,0,0,False,nan|RHPA4259.7,1313992
130_bNAb_Combinations|1313992|vc|3|2|RHPA4259.7|5371,0,0,7.14642e-10,-0.032275,0,0,0,0,0,-1.33227e-15,5.84147e-07,0,0,0,False,nan|RHPA4259.7,1313992
130_bNAb_Combinations|1313992|vc|4|2|RHPA4259.7|5371,0,0,1.62194e-09,0.0347894,0,0,0,0,0,-3.9968e-15,-1.47107e-07,0,0,0,False,nan|RHPA4259.7,1313992
130_bNAb_Combinations|1313992|vc|5|2|RHPA4259.7|5371,0,0,2.09467e-09,-0.244219,0,0,0,0,0,-4.88498e-15,1.24393e-07,0,0,0,False,nan|RHPA4259.7,1313992
130_bNAb_Combinations|1313992|vc|6|2|RHPA4259.7|5371,0,0,-1.7548e-09,0.12797,0,0,0,0,0,-7.54952e-15,1.28254e-07,0,0,0,False,nan|RHPA4259.7,1313992
130_bNAb_Combinations|1313992|vc|7|2|RHPA4259.7|5371,0,0,1.54668e-09,0.0573497,0,0,0,0,0,-4.21885e-15,-4.64585e-08,0,0,0,False,nan|RHPA4259.7,1313992
130_bNAb_Combinations|1313992|vc|8|2|RHPA4259.7|5371,0,0,2.36338e-09,-0.0756418,0,0,0,0,0,-1.77636e-14,-2.98876e-07,0,0,0,False,nan|RHPA4259.7,1313992
130_bNAb_Combinations|1314016|cc|1|1|nan|3430,0,0,-1.43096e-09,-0.180474,0,0,0,0,0,-8.43769e-15,1.36667e-07,0,0,0,False,nan|3430,1314016
130_bNAb_Combinations|1314016|cc|2|1|nan|3430,0,0,6.01519e-11,0.185933,0,0,0,0,0,2.66454e-15,-3.50814e-07,0,0,0,False,nan|3430,1314016
130_bNAb_Combinations|1314016|cc|3|1|nan|3430,0,0,2.40281e-09,-0.00388858,0,0,0,0,0,-8.88178e-16,1.5227e-07,0,0,0,False,nan|3430,1314016
130_bNAb_Combinations|1314016|cc|4|1|nan|3430,0,0,2.22269e-09,-0.0977966,0,0,0,0,0,-2.88658e-15,-1.67029e-07,0,0,0,False,nan|3430,1314016
130_bNAb_Combinations|1314016|cc|5|1|nan|3430,0,0,4.55903e-10,0.135022,0,0,0,0,0,-7.77156e-15,-4.29643e-08,0,0,0,False,nan|3430,1314016
130_bNAb_Combinations|1314016|cc|6|1|nan|3430,0,0,-2.27001e-09,0.10762,0,0,0,0,0,3.10862e-15,3.58405e-07,0,0,0,False,nan|3430,1314016
130_bNAb_Combinations|1314016|cc|7|1|nan|3430,0,0,-2.11949e-09,0.0511327,0,0,0,0,0,-1.55431e-15,-3.93405e-07,0,0,0,False,nan|3430,1314016
130_bNAb_Combinations|1314016|cc|8|1|nan|3430,0,0,5.64982e-10,-0.0791961,0,0,0,0,0,6.21725e-15,-2.33209e-07,0,0,0,False,nan|3430,1314016
130_bNAb_Combinations|1314016|sample|10|nan|3430,0,0,-2.50586e-09,-0.305223,0,0,0,0,0,2.59792e-14,-0.227313,0,0,0,True,PGT121|3430,1314016
130_bNAb_Combinations|1314016|sample|11|nan|3430,0,0,-1.13696e-10,-0.314609,0,0,0,0,0,1.11022e-14,-0.288381,0,0,0,True,VRC07-523LS|3430,1314016
130_bNAb_Combinations|1314016|sample|12|nan|3430,0,0,2.66197e-10,-0.49554,0,0,0,0,0,-1.42109e-14,-0.365608,0,0,0,True,VRC07-523LS|3430,1314016
130_bNAb_Combinations|1314016|sample|3|nan|3430,0,0,-6.00566e-09,0.471052,0,0,0,0,0,-2.06501e-14,0.557133,0,0,0,True,PGDM1400|3430,1314016
130_bNAb_Combinations|1314016|sample|4|nan|3430,0,0,-2.13802e-09,0.287067,0,0,0,0,0,-1.46549e-14,0.419088,0,0,0,True,PGDM1400|3430,1314016
130_bNAb_Combinations|1314016|sample|5|nan|3430,0,0,1.80156e-09,0.615379,0,0,0,0,0,2.28706e-14,0.780775,0,0,0,True,PGDM1400|3430,1314016
130_bNAb_Combinations|1314016|sample|6|nan|3430,0,0,-9.46453e-10,0.776694,0,0,0,0,0,-2.52021e-14,0.94618,0,0,0,True,PGDM1400|3430,1314016
130_bNAb_Combinations|1314016|sample|7|nan|3430,0,0,5.10971e-10,-0.763662,0,0,0,0,0,1.9984e-15,-0.591331,0,0,0,True,PGT121|3430,1314016
130_bNAb_Combinations|1314016|sample|8|nan|3430,0,0,4.37502e-09,-0.771248,0,0,0,0,0,3.26406e-14,-0.600402,0,0,0,True,PGT121|3430,1314016
130_bNAb_Combinations|1314016|sample|9|nan|3430,0,0,1.68497e-09,-0.178215,0,0,0,0,0,-1.08802e-14,-0.151936,0,0,0,True,PGT121|3430,1314016
130_bNAb_Combinations|1314016|vc|1|2|nan|3430,0,0,-1.28187e-09,0.100642,0,0,0,0,0,4.66294e-15,5.79187e-08,0,0,0,False,nan|3430,1314016
130_bNAb_Combinations|1314016|vc|2|2|nan|3430,0,0,1.91526e-09,0.1607,0,0,0,0,0,-8.21565e-15,6.75935e-07,0,0,0,False,nan|3430,1314016
130_bNAb_Combinations|1314016|vc|3|2|nan|3430,0,0,2.0743e-09,-0.124132,0,0,0,0,0,-6.21725e-15,-2.54187e-07,0,0,0,False,nan|3430,1314016
130_bNAb_Combinations|1314016|vc|4|2|nan|3430,0,0,1.56138e-09,-0.0632246,0,0,0,0,0,2.44249e-15,1.8463e-07,0,0,0,False,nan|3430,1314016
130_bNAb_Combinations|1314016|vc|5|2|nan|3430,0,0,-2.00865e-09,0.0918225,0,0,0,0,0,-1.11022e-15,2.49804e-07,0,0,0,False,nan|3430,1314016
130_bNAb_Combinations|1314016|vc|6|2|nan|3430,0,0,-3.76076e-09,-0.0676435,0,0,0,0,0,6.43929e-15,-3.50819e-08,0,0,0,False,nan|3430,1314016
130_bNAb_Combinations|1314016|vc|7|2|nan|3430,0,0,-1.88394e-09,-0.038119,0,0,0,0,0,-2.44249e-15,3.51847e-07,0,0,0,False,nan|3430,1314016
130_bNAb_Combinations|1314016|vc|8|2|nan|3430,0,0,-8.25818e-10,-0.211763,0,0,0,0,0,8.65974e-15,-2.8534e-07,0,0,0,False,nan|3430,1314016
130_bNAb_Combinations|1314040|cc|1|1|nan|4166,0,0,2.12766e-09,-0.049066,0,0,0,0,0,1.33227e-15,2.44467e-07,0,0,0,False,nan|4166,1314040
130_bNAb_Combinations|1314040|cc|2|1|nan|4166,0,0,-3.12014e-09,0.0620279,0,0,0,0,0,7.10543e-15,2.97749e-07,0,0,0,False,nan|4166,1314040
130_bNAb_Combinations|1314040|cc|3|1|nan|4166,0,0,-4.16352e-09,-0.061826,0,0,0,0,0,3.55271e-15,-3.14047e-07,0,0,0,False,nan|4166,1314040
130_bNAb_Combinations|1314040|cc|4|1|nan|4166,0,0,-1.03156e-09,-0.101702,0,0,0,0,0,3.9968e-15,-3.96752e-07,0,0,0,False,nan|4166,1314040
130_bNAb_Combinations|1314040|cc|5|1|nan|4166,0,0,-1.99464e-09,-0.0409484,0,0,0,0,0,2.66454e-15,-4.33538e-07,0,0,0,False,nan|4166,1314040
130_bNAb_Combinations|1314040|cc|6|1|nan|4166,0,0,-1.42963e-09,-0.0422192,0,0,0,0,0,5.32907e-15,-1.35757e-07,0,0,0,False,nan|4166,1314040
130_bNAb_Combinations|1314040|cc|7|1|nan|4166,0,0,-1.30429e-09,-0.0775993,0,0,0,0,0,2.22045e-15,-1.71639e-07,0,0,0,False,nan|4166,1314040
130_bNAb_Combinations|1314040|cc|8|1|nan|4166,0,0,-1.63245e-09,-0.220033,0,0,0,0,0,-4.88498e-15,7.69969e-08,0,0,0,False,nan|4166,1314040
130_bNAb_Combinations|1314040|sample|10|nan|4166,0,0,2.1552e-09,0.24138,0,0,0,0,0,2.88658e-15,0.342974,0,0,0,True,PGT121|4166,1314040
130_bNAb_Combinations|1314040|sample|11|nan|4166,0,0,5.24842e-10,-0.125998,0,0,0,0,0,1.37668e-14,-0.0524122,0,0,0,True,VRC07-523LS|4166,1314040
130_bNAb_Combinations|1314040|sample|12|nan|4166,0,0,2.06199e-09,0.626268,0,0,0,0,0,2.44249e-15,0.717514,0,0,0,True,VRC07-523LS|4166,1314040
130_bNAb_Combinations|1314040|sample|3|nan|4166,0,0,-7.1734e-10,-0.0594274,0,0,0,0,0,-2.4869e-14,0.0864262,0,0,0,True,PGDM1400|4166,1314040
130_bNAb_Combinations|1314040|sample|4|nan|4166,0,0,-1.03136e-09,-0.359611,0,0,0,0,0,-1.42109e-14,-0.280251,0,0,0,True,PGDM1400|4166,1314040
130_bNAb_Combinations|1314040|sample|5|nan|4166,0,0,-2.11584e-09,-0.116283,0,0,0,0,0,1.28786e-14,-0.00121597,0,0,0,True,PGDM1400|4166,1314040
130_bNAb_Combinations|1314040|sample|6|nan|4166,0,0,2.12221e-09,-0.182817,0,0,0,0,0,1.59872e-14,-0.0711294,0,0,0,True,PGDM1400|4166,1314040
130_bNAb_Combinations|1314040|sample|7|nan|4166,0,0,-1.64188e-09,-0.116116,0,0,0,0,0,1.9984e-14,-0.00392043,0,0,0,True,PGT121|4166,1314040
130_bNAb_Combinations|1314040|sample|8|nan|4166,0,0,1.66479e-09,-0.19965,0,0,0,0,0,-1.39888e-14,-0.0659656,0,0,0,True,PGT121|4166,1314040
130_bNAb_Combinations|1314040|sample|9|nan|4166,0,0,-6.58535e-10,-0.0714306,0,0,0,0,0,-1.17684e-14,0.0777766,0,0,0,True,PGT121|4166,1314040
130_bNAb_Combinations|1314040|vc|1|2|nan|4166,0,0,1.73394e-09,0.244959,0,0,0,0,0,-3.55271e-15,2.07982e-07,0,0,0,False,nan|4166,1314040
130_bNAb_Combinations|1314040|vc|2|2|nan|4166,0,0,2.15158e-09,0.0431041,0,0,0,0,0,-1.77636e-15,1.24383e-07,0,0,0,False,nan|4166,1314040
130_bNAb_Combinations|1314040|vc|3|2|nan|4166,0,0,8.66004e-10,-0.124384,0,0,0,0,0,-2.66454e-15,5.64622e-08,0,0,0,False,nan|4166,1314040
130_bNAb_Combinations|1314040|vc|4|2|nan|4166,0,0,-2.73779e-10,0.0121014,0,0,0,0,0,-1.77636e-15,3.00429e-07,0,0,0,False,nan|4166,1314040
130_bNAb_Combinations|1314040|vc|5|2|nan|4166,0,0,1.40607e-10,0.287968,0,0,0,0,0,-4.88498e-15,-2.20599e-07,0,0,0,False,nan|4166,1314040
130_bNAb_Combinations|1314040|vc|6|2|nan|4166,0,0,-1.61061e-09,-0.0154436,0,0,0,0,0,-2.26485e-14,-1.34019e-06,0,0,0,False,nan|4166,1314040
130_bNAb_Combinations|1314040|vc|7|2|nan|4166,0,0,-5.88352e-09,-0.00310071,0,0,0,0,0,2.66454e-15,-2.75188e-07,0,0,0,False,nan|4166,1314040
130_bNAb_Combinations|1314040|vc|8|2|nan|4166,0,0,-7.98703e-10,-0.0691563,0,0,0,0,0,0,-1.58932e-07,0,0,0,False,nan|4166,1314040
130_bNAb_Combinations|1314058|cc|1|1|nan|2944,0,0,-1.31514e-09,-0.0121613,0,0,0,0,0,3.55271e-15,2.67575e-07,0,0,0,False,nan|2944,1314058
130_bNAb_Combinations|1314058|cc|2|1|nan|2944,0,0,1.20863e-09,-0.185014,0,0,0,0,0,7.77156e-15,-1.16617e-07,0,0,0,False,nan|2944,1314058
130_bNAb_Combinations|1314058|cc|3|1|nan|2944,0,0,1.4113e-09,-0.0161567,0,0,0,0,0,-4.21885e-15,-1.49749e-07,0,0,0,False,nan|2944,1314058
130_bNAb_Combinations|1314058|cc|4|1|nan|2944,0,0,4.18908e-10,-0.073613,0,0,0,0,0,4.44089e-15,1.03878e-08,0,0,0,False,nan|2944,1314058
130_bNAb_Combinations|1314058|cc|5|1|nan|2944,0,0,5.8647e-10,0.0663693,0,0,0,0,0,-8.88178e-16,-4.44663e-07,0,0,0,False,nan|2944,1314058
130_bNAb_Combinations|1314058|cc|6|1|nan|2944,0,0,-1.09986e-09,-0.0359852,0,0,0,0,0,-3.10862e-15,3.70489e-07,0,0,0,False,nan|2944,1314058
130_bNAb_Combinations|1314058|cc|7|1|nan|2944,0,0,-1.43628e-09,0.175668,0,0,0,0,0,3.55271e-15,7.37035e-08,0,0,0,False,nan|2944,1314058
130_bNAb_Combinations|1314058|cc|8|1|nan|2944,0,0,-1.75415e-09,-0.033643,0,0,0,0,0,8.88178e-16,-2.95199e-07,0,0,0,False,nan|2944,1314058
130_bNAb_Combinations|1314058|sample|10|nan|2944,0,0,-1.58878e-09,-0.296289,0,0,0,0,0,1.62093e-14,-0.138853,0,0,0,True,PGT121|2944,1314058
130_bNAb_Combinations|1314058|sample|11|nan|2944,0,0,-1.97561e-09,-0.814148,0,0,0,0,0,1.35447e-14,-0.6797,0,0,0,True,VRC07-523LS|2944,1314058
130_bNAb_Combinations|1314058|sample|12|nan|2944,0,0,-2.78788e-09,-0.503692,0,0,0,0,0,2.33147e-14,-0.383867,0,0,0,True,VRC07-523LS|2944,1314058
130_bNAb_Combinations|1314058|sample|3|nan|2944,0,0,2.52265e-09,-0.00660824,0,0,0,0,0,-1.17684e-14,0.198656,0,0,0,True,PGDM1400|2944,1314058
130_bNAb_Combinations|1314058|sample|4|nan|2944,0,0,1.08769e-09,0.0640715,0,0,0,0,0,-1.67644e-14,0.291871,0,0,0,True,PGDM1400|2944,1314058
130_bNAb_Combinations|1314058|sample|5|nan|2944,0,0,-3.49151e-10,0.862162,0,0,0,0,0,0,0.949992,0,0,0,True,PGDM1400|2944,1314058
130_bNAb_Combinations|1314058|sample|6|nan|2944,0,0,2.30177e-09,0.882397,0,0,0,0,0,-8.21565e-15,1.00345,0,0,0,True,PGDM1400|2944,1314058
130_bNAb_Combinations|1314058|sample|7|nan|2944,0,0,-1.97746e-09,0.0872364,0,0,0,0,0,7.10543e-15,0.312465,0,0,0,True,PGT121|2944,1314058
130_bNAb_Combinations|1314058|sample|8|nan|2944,0,0,5.75323e-09,-0.358397,0,0,0,0,0,-1.35447e-14,-0.23418,0,0,0,True,PGT121|2944,1314058
130_bNAb_Combinations|1314058|sample|9|nan|2944,0,0,-2.85763e-09,-0.0843234,0,0,0,0,0,2.88658e-14,-0.0133146,0,0,0,True,PGT121|2944,1314058
130_bNAb_Combinations|1314058|vc|1|2|nan|2944,0,0,-1.48967e-09,0.0587559,0,0,0,0,0,-4.88498e-15,3.72975e-07,0,0,0,False,nan|2944,1314058
130_bNAb_Combinations|1314058|vc|2|2|nan|2944,0,0,1.23864e-09,-0.0176357,0,0,0,0,0,-2.66454e-15,-1.12961e-07,0,0,0,False,nan|2944,1314058
130_bNAb_Combinations|1314058|vc|3|2|nan|2944,0,0,4.71204e-11,0.053936,0,0,0,0,0,-1.77636e-15,-3.33902e-07,0,0,0,False,nan|2944,1314058
130_bNAb_Combinations|1314058|vc|4|2|nan|2944,0,0,-8.65116e-11,0.0354655,0,0,0,0,0,-3.77476e-15,3.58005e-07,0,0,0,False,nan|2944,1314058
130_bNAb_Combinations|1314058|vc|5|2|nan|2944,0,0,3.0774e-10,-0.162018,0,0,0,0,0,4.21885e-15,2.66037e-07,0,0,0,False,nan|2944,1314058
130_bNAb_Combinations|1314058|vc|6|2|nan|2944,0,0,-2.07187e-09,0.205139,0,0,0,0,0,-2.66454e-15,-4.25441e-07,0,0,0,False,nan|2944,1314058
130_bNAb_Combinations|1314058|vc|7|2|nan|2944,0,0,3.71449e-09,0.028473,0,0,0,0,0,-5.77316e-15,3.676e-07,0,0,0,False,nan|2944,1314058
130_bNAb_Combinations|1314058|vc|8|2|nan|2944,0,0,-2.61933e-09,0.1381,0,0,0,0,0,-4.44089e-16,2.54437e-07,0,0,0,False,nan|2944,1314058
130_bNAb_Combinations|1342240|cc|1|1|nan|1798,0,0,2.58133e-09,0.0801297,0,0,0,0,0,3.33067e-15,-1.73777e-07,0,0,0,False,nan|1798,1342240
130_bNAb_Combinations|1342240|cc|2|1|nan|1798,0,0,-7.96345e-10,-0.0275454,0,0,0,0,0,3.10862e-15,-1.99918e-07,0,0,0,False,nan|1798,1342240
130_bNAb_Combinations|1342240|cc|3|1|nan|1798,0,0,1.97945e-09,0.0313312,0,0,0,0,0,-1.9984e-15,-1.6499e-07,0,0,0,False,nan|1798,1342240
130_bNAb_Combinations|1342240|cc|4|1|nan|1798,0,0,-2.16759e-09,-0.109728,0,0,0,0,0,6.66134e-16,-3.51604e-07,0,0,0,False,nan|1798,1342240
130_bNAb_Combinations|1342240|cc|5|1|nan|1798,0,0,2.8913e-09,-0.124769,0,0,0,0,0,-3.10862e-15,-2.92155e-07,0,0,0,False,nan|1798,1342240
130_bNAb_Combinations|1342240|cc|6|1|nan|1798,0,0,4.05997e-10,-0.0846553,0,0,0,0,0,6.66134e-16,-7.27428e-08,0,0,0,False,nan|1798,1342240
130_bNAb_Combinations|1342240|cc|7|1|nan|1798,0,0,1.36167e-09,-0.0411701,0,0,0,0,0,-1.15463e-14,7.56079e-08,0,0,0,False,nan|1798,1342240
130_bNAb_Combinations|1342240|cc|8|1|nan|1798,0,0,-3.58389e-10,-0.154156,0,0,0,0,0,-4.66294e-15,-2.06654e-07,0,0,0,False,nan|1798,1342240
130_bNAb_Combinations|1342240|sample|3|nan|1798,0,0,3.10412e-09,-1.53455,0,0,0,0,0,-5.50671e-14,-1.53054,0,0,0,True,VRC07-523LS|1798,1342240
130_bNAb_Combinations|1342240|sample|4|nan|1798,0,0,3.01329e-09,-1.56859,0,0,0,0,0,2.57572e-14,-1.52745,0,0,0,True,VRC07-523LS|1798,1342240
130_bNAb_Combinations|1342240|sample|8|nan|1798,0,0,1.13645e-09,0.0215993,0,0,0,0,0,-4.88498e-15,-3.7025e-07,0,0,0,True,VRC07-523LS|1798,1342240
130_bNAb_Combinations|1342240|vc|1|2|nan|1798,0,0,1.19842e-10,0.0943291,0,0,0,0,0,-2.88658e-15,-2.52627e-07,0,0,0,False,nan|1798,1342240
130_bNAb_Combinations|1342240|vc|2|2|nan|1798,0,0,-7.09724e-10,0.00293492,0,0,0,0,0,1.9984e-15,4.50696e-07,0,0,0,False,nan|1798,1342240
130_bNAb_Combinations|1342240|vc|3|2|nan|1798,0,0,-3.24212e-09,0.182106,0,0,0,0,0,-7.77156e-15,-2.10577e-07,0,0,0,False,nan|1798,1342240
130_bNAb_Combinations|1342240|vc|4|2|nan|1798,0,0,9.2364e-10,-0.0840422,0,0,0,0,0,1.44329e-14,-2.83513e-07,0,0,0,False,nan|1798,1342240
130_bNAb_Combinations|1342240|vc|5|2|nan|1798,0,0,-2.07639e-09,-0.00443464,0,0,0,0,0,1.55431e-15,-2.92814e-07,0,0,0,False,nan|1798,1342240
130_bNAb_Combinations|1342240|vc|6|2|nan|1798,0,0,3.33247e-09,0.126239,0,0,0,0,0,-4.66294e-15,-2.40456e-07,0,0,0,False,nan|1798,1342240
130_bNAb_Combinations|1342240|vc|7|2|nan|1798,0,0,3.9163e-09,0.076209,0,0,0,0,0,0,-3.63277e-07,0,0,0,False,nan|1798,1342240
130_bNAb_Combinations|1342240|vc|8|2|nan|1798,0,0,-5.81674e-10,0.140457,0,0,0,0,0,-7.32747e-15,-1.86924e-07,0,0,0,False,nan|1798,1342240
130_bNAb_Combinations|1342258|cc|1|1|TRO.11|8301,0,0,-9.31096e-10,0.0335939,0,0,0,0,0,0,-3.11619e-07,0,0,0,False,nan|TRO.11,1342258
130_bNAb_Combinations|1342258|cc|2|1|TRO.11|8301,0,0,1.97127e-09,-0.0518352,0,0,0,0,0,-4.88498e-15,-2.30841e-07,0,0,0,False,nan|TRO.11,1342258
130_bNAb_Combinations|1342258|cc|3|1|TRO.11|8301,0,0,2.55381e-09,0.00741698,0,0,0,0,0,4.44089e-15,-1.9634e-07,0,0,0,False,nan|TRO.11,1342258
130_bNAb_Combinations|1342258|cc|4|1|TRO.11|8301,0,0,2.68511e-09,0.182929,0,0,0,0,0,-7.10543e-15,-1.63585e-07,0,0,0,False,nan|TRO.11,1342258
130_bNAb_Combinations|1342258|cc|5|1|TRO.11|8301,0,0,1.77802e-09,-0.154699,0,0,0,0,0,-2.44249e-15,3.65122e-07,0,0,0,False,nan|TRO.11,1342258
130_bNAb_Combinations|1342258|cc|6|1|TRO.11|8301,0,0,-1.54665e-09,0.0435361,0,0,0,0,0,0,2.89111e-07,0,0,0,False,nan|TRO.11,1342258
130_bNAb_Combinations|1342258|cc|7|1|TRO.11|8301,0,0,2.196e-09,0.0601365,0,0,0,0,0,3.55271e-15,2.53976e-07,0,0,0,False,nan|TRO.11,1342258
130_bNAb_Combinations|1342258|cc|8|1|TRO.11|8301,0,0,1.69214e-09,0.0431639,0,0,0,0,0,2.22045e-15,3.29333e-07,0,0,0,False,nan|TRO.11,1342258
130_bNAb_Combinations|1342258|sample|3|TRO.11|8301,0,0,-2.19201e-09,-0.726622,0,0,0,0,0,4.21885e-14,-0.666577,0,0,0,True,VRC07-523LS|TRO.11,1342258
130_bNAb_Combinations|1342258|sample|4|TRO.11|8301,0,0,7.38978e-10,-0.630108,0,0,0,0,0,-5.55112e-15,-0.672822,0,0,0,True,VRC07-523LS|TRO.11,1342258
130_bNAb_Combinations|1342258|vc|1|2|TRO.11|8301,0,0,-3.80415e-09,0.0274804,0,0,0,0,0,9.54792e-15,4.60802e-08,0,0,0,False,nan|TRO.11,1342258
130_bNAb_Combinations|1342258|vc|2|2|TRO.11|8301,0,0,3.30231e-10,0.0164629,0,0,0,0,0,2.44249e-15,9.16983e-08,0,0,0,False,nan|TRO.11,1342258
130_bNAb_Combinations|1342258|vc|3|2|TRO.11|8301,0,0,4.60772e-10,0.200899,0,0,0,0,0,7.10543e-15,7.76552e-08,0,0,0,False,nan|TRO.11,1342258
130_bNAb_Combinations|1342258|vc|4|2|TRO.11|8301,0,0,2.63806e-10,0.236646,0,0,0,0,0,-3.77476e-15,1.46177e-07,0,0,0,False,nan|TRO.11,1342258
130_bNAb_Combinations|1342258|vc|5|2|TRO.11|8301,0,0,-1.82203e-09,0.224392,0,0,0,0,0,1.33227e-15,-1.83762e-07,0,0,0,False,nan|TRO.11,1342258
130_bNAb_Combinations|1342258|vc|6|2|TRO.11|8301,0,0,-2.29232e-09,-0.0113959,0,0,0,0,0,-7.54952e-15,-5.11883e-08,0,0,0,False,nan|TRO.11,1342258
130_bNAb_Combinations|1342258|vc|7|2|TRO.11|8301,0,0,-1.37062e-09,-0.00386,0,0,0,0,0,4.44089e-15,1.86082e-07,0,0,0,False,nan|TRO.11,1342258
130_bNAb_Combinations|1342258|vc|8|2|TRO.11|8301,0,0,-1.64492e-09,0.0088657,0,0,0,0,0,4.44089e-15,-3.88287e-07,0,0,0,False,nan|TRO.11,1342258
130_bNAb_Combinations|1342276|cc|1|1|Ce1176_A3|7023,0,0,-8.8122e-10,-0.093283,0,0,0,0,0,-6.55032e-15,-2.43253e-07,0,0,0,False,nan|Ce1176_A3,1342276
130_bNAb_Combinations|1342276|cc|2|1|Ce1176_A3|7023,0,0,2.05038e-09,0.170065,0,0,0,0,0,0,3.54674e-07,0,0,0,False,nan|Ce1176_A3,1342276
130_bNAb_Combinations|1342276|cc|3|1|Ce1176_A3|7023,0,0,-1.81589e-09,-0.0414444,0,0,0,0,0,-2.22045e-15,4.92826e-07,0,0,0,False,nan|Ce1176_A3,1342276
130_bNAb_Combinations|1342276|cc|4|1|Ce1176_A3|7023,0,0,9.22071e-10,0.0334292,0,0,0,0,0,1.31561e-14,-2.82914e-08,0,0,0,False,nan|Ce1176_A3,1342276
130_bNAb_Combinations|1342276|cc|5|1|Ce1176_A3|7023,0,0,-1.75475e-09,-0.0678731,0,0,0,0,0,-6.71685e-15,3.20903e-07,0,0,0,False,nan|Ce1176_A3,1342276
130_bNAb_Combinations|1342276|cc|6|1|Ce1176_A3|7023,0,0,-3.28459e-10,0.0163548,0,0,0,0,0,2.9976e-15,-3.18194e-07,0,0,0,False,nan|Ce1176_A3,1342276
130_bNAb_Combinations|1342276|cc|7|1|Ce1176_A3|7023,0,0,-1.63016e-10,-0.0159998,0,0,0,0,0,-6.32827e-15,-3.53988e-07,0,0,0,False,nan|Ce1176_A3,1342276
130_bNAb_Combinations|1342276|cc|8|1|Ce1176_A3|7023,0,0,-3.12272e-09,0.193569,0,0,0,0,0,4.32987e-15,2.20713e-07,0,0,0,False,nan|Ce1176_A3,1342276
130_bNAb_Combinations|1342276|sample|3|Ce1176_A3|7023,0,0,-3.09138e-09,-1.30834,0,0,0,0,0,1.31006e-14,-1.46741,0,0,0,True,VRC07-523LS|Ce1176_A3,1342276
130_bNAb_Combinations|1342276|sample|4|Ce1176_A3|7023,0,0,-1.21574e-09,-1.51829,0,0,0,0,0,2.9754e-14,-1.56188,0,0,0,True,VRC07-523LS|Ce1176_A3,1342276
130_bNAb_Combinations|1342276|vc|1|2|Ce1176_A3|7023,0,0,-4.47716e-09,-0.151063,0,0,0,0,0,-7.54952e-15,1.15188e-07,0,0,0,False,nan|Ce1176_A3,1342276
130_bNAb_Combinations|1342276|vc|2|2|Ce1176_A3|7023,0,0,2.91036e-09,-0.0228047,0,0,0,0,0,-1.44329e-15,-3.3742e-07,0,0,0,False,nan|Ce1176_A3,1342276
130_bNAb_Combinations|1342276|vc|3|2|Ce1176_A3|7023,0,0,-1.86832e-09,0.0967598,0,0,0,0,0,8.88178e-16,-4.56705e-07,0,0,0,False,nan|Ce1176_A3,1342276
130_bNAb_Combinations|1342276|vc|4|2|Ce1176_A3|7023,0,0,-7.97221e-10,0.0813522,0,0,0,0,0,8.54872e-15,1.64428e-07,0,0,0,False,nan|Ce1176_A3,1342276
130_bNAb_Combinations|1342276|vc|5|2|Ce1176_A3|7023,0,0,-1.03935e-09,0.115046,0,0,0,0,0,-3.21965e-15,3.31262e-07,0,0,0,False,nan|Ce1176_A3,1342276
130_bNAb_Combinations|1342276|vc|6|2|Ce1176_A3|7023,0,0,-5.62799e-10,0.0269815,0,0,0,0,0,5.88418e-15,-2.9691e-07,0,0,0,False,nan|Ce1176_A3,1342276
130_bNAb_Combinations|1342276|vc|7|2|Ce1176_A3|7023,0,0,3.41819e-09,0.296589,0,0,0,0,0,3.77476e-15,-6.92929e-08,0,0,0,False,nan|Ce1176_A3,1342276
130_bNAb_Combinations|1342276|vc|8|2|Ce1176_A3|7023,0,0,1.61068e-10,-0.00423824,0,0,0,0,0,1.4988e-15,1.87587e-07,0,0,0,False,nan|Ce1176_A3,1342276
130_bNAb_Combinations|1342294|cc|1|1|nan|1176,0,0,1.22735e-09,-0.26252,0,0,0,0,0,-3.33067e-16,3.38341e-07,0,0,0,False,nan|1176,1342294
130_bNAb_Combinations|1342294|cc|2|1|nan|1176,0,0,5.12434e-12,-0.00510886,0,0,0,0,0,1.33227e-15,5.41564e-07,0,0,0,False,nan|1176,1342294
130_bNAb_Combinations|1342294|cc|3|1|nan|1176,0,0,1.81258e-09,0.0447243,0,0,0,0,0,2.22045e-16,-4.12341e-07,0,0,0,False,nan|1176,1342294
130_bNAb_Combinations|1342294|cc|4|1|nan|1176,0,0,-1.49641e-10,0.0331758,0,0,0,0,0,-5.77316e-15,1.61407e-07,0,0,0,False,nan|1176,1342294
130_bNAb_Combinations|1342294|cc|5|1|nan|1176,0,0,1.05169e-09,-0.219516,0,0,0,0,0,-8.10463e-15,-5.81612e-08,0,0,0,False,nan|1176,1342294
130_bNAb_Combinations|1342294|cc|6|1|nan|1176,0,0,-6.47141e-10,-0.124763,0,0,0,0,0,2.22045e-15,-1.051e-07,0,0,0,False,nan|1176,1342294
130_bNAb_Combinations|1342294|cc|7|1|nan|1176,0,0,1.86719e-09,0.0990555,0,0,0,0,0,2.44249e-15,-2.43401e-07,0,0,0,False,nan|1176,1342294
130_bNAb_Combinations|1342294|cc|8|1|nan|1176,0,0,1.20583e-09,0.0362821,0,0,0,0,0,-2.66454e-15,-3.24571e-07,0,0,0,False,nan|1176,1342294
130_bNAb_Combinations|1342294|sample|3|nan|1176,0,0,-1.92122e-09,-0.51252,0,0,0,0,0,-2.28706e-14,-0.307205,0,0,0,True,VRC07-523LS|1176,1342294
130_bNAb_Combinations|1342294|sample|4|nan|1176,0,0,1.61976e-09,-0.897907,0,0,0,0,0,-1.9984e-15,-0.872278,0,0,0,True,VRC07-523LS|1176,1342294
130_bNAb_Combinations|1342294|sample|8|nan|1176,0,0,-1.0162e-09,0.0685685,0,0,0,0,0,-1.77636e-15,-2.337e-07,0,0,0,True,VRC07-523LS|1176,1342294
130_bNAb_Combinations|1342294|vc|1|2|nan|1176,0,0,-4.28441e-09,-0.0169049,0,0,0,0,0,2.44249e-15,-4.51846e-07,0,0,0,False,nan|1176,1342294
130_bNAb_Combinations|1342294|vc|2|2|nan|1176,0,0,4.39262e-09,-0.107687,0,0,0,0,0,-3.10862e-15,4.97568e-07,0,0,0,False,nan|1176,1342294
130_bNAb_Combinations|1342294|vc|3|2|nan|1176,0,0,1.45491e-09,0.0432128,0,0,0,0,0,-3.10862e-15,5.79527e-07,0,0,0,False,nan|1176,1342294
130_bNAb_Combinations|1342294|vc|4|2|nan|1176,0,0,8.05603e-11,0.0451155,0,0,0,0,0,-2.33147e-15,3.49105e-07,0,0,0,False,nan|1176,1342294
130_bNAb_Combinations|1342294|vc|5|2|nan|1176,0,0,-2.61271e-10,-0.21312,0,0,0,0,0,-2.22045e-16,3.30195e-07,0,0,0,False,nan|1176,1342294
130_bNAb_Combinations|1342294|vc|6|2|nan|1176,0,0,-1.15228e-09,-0.00454132,0,0,0,0,0,-7.77156e-16,4.17385e-07,0,0,0,False,nan|1176,1342294
130_bNAb_Combinations|1342294|vc|7|2|nan|1176,0,0,1.68818e-09,0.228818,0,0,0,0,0,-1.66533e-15,-3.72177e-07,0,0,0,False,nan|1176,1342294
130_bNAb_Combinations|1342294|vc|8|2|nan|1176,0,0,1.47319e-09,0.0496841,0,0,0,0,0,-3.9968e-15,1.53784e-07,0,0,0,False,nan|1176,1342294
130_bNAb_Combinations|1342312|cc|1|1|RHPA4259.7|5371,0,0,-2.29776e-09,-0.00709139,0,0,0,0,0,-2.66454e-15,-4.77527e-07,0,0,0,False,nan|RHPA4259.7,1342312
130_bNAb_Combinations|1342312|cc|2|1|RHPA4259.7|5371,0,0,-1.69542e-09,-0.058673,0,0,0,0,0,1.55431e-15,1.75041e-07,0,0,0,False,nan|RHPA4259.7,1342312
130_bNAb_Combinations|1342312|cc|3|1|RHPA4259.7|5371,0,0,-9.12662e-10,-0.151582,0,0,0,0,0,-6.66134e-15,-9.7782e-08,0,0,0,False,nan|RHPA4259.7,1342312
130_bNAb_Combinations|1342312|cc|4|1|RHPA4259.7|5371,0,0,-1.40274e-09,0.0401755,0,0,0,0,0,-1.22125e-14,2.89791e-07,0,0,0,False,nan|RHPA4259.7,1342312
130_bNAb_Combinations|1342312|cc|5|1|RHPA4259.7|5371,0,0,3.37029e-09,0.0459661,0,0,0,0,0,-2.66454e-15,6.38809e-08,0,0,0,False,nan|RHPA4259.7,1342312
130_bNAb_Combinations|1342312|cc|6|1|RHPA4259.7|5371,0,0,1.95396e-09,0.000762316,0,0,0,0,0,-4.21885e-15,-5.85053e-08,0,0,0,False,nan|RHPA4259.7,1342312
130_bNAb_Combinations|1342312|cc|7|1|RHPA4259.7|5371,0,0,1.25644e-09,0.227436,0,0,0,0,0,5.32907e-15,-1.56432e-07,0,0,0,False,nan|RHPA4259.7,1342312
130_bNAb_Combinations|1342312|cc|8|1|RHPA4259.7|5371,0,0,2.89021e-09,-0.113602,0,0,0,0,0,4.44089e-16,-1.22948e-07,0,0,0,False,nan|RHPA4259.7,1342312
130_bNAb_Combinations|1342312|sample|3|RHPA4259.7|5371,0,0,-1.60544e-09,-0.923247,0,0,0,0,0,-2.30926e-14,-0.795156,0,0,0,True,VRC07-523LS|RHPA4259.7,1342312
130_bNAb_Combinations|1342312|sample|4|RHPA4259.7|5371,0,0,1.89657e-09,-0.902122,0,0,0,0,0,-2.22045e-14,-0.777109,0,0,0,True,VRC07-523LS|RHPA4259.7,1342312
130_bNAb_Combinations|1342312|vc|1|2|RHPA4259.7|5371,0,0,-1.70514e-09,-0.101115,0,0,0,0,0,3.55271e-15,1.85416e-07,0,0,0,False,nan|RHPA4259.7,1342312
130_bNAb_Combinations|1342312|vc|2|2|RHPA4259.7|5371,0,0,-1.10884e-09,0.071707,0,0,0,0,0,-7.54952e-15,7.24551e-07,0,0,0,False,nan|RHPA4259.7,1342312
130_bNAb_Combinations|1342312|vc|3|2|RHPA4259.7|5371,0,0,-2.76218e-10,0.180017,0,0,0,0,0,-1.77636e-15,4.70654e-08,0,0,0,False,nan|RHPA4259.7,1342312
130_bNAb_Combinations|1342312|vc|4|2|RHPA4259.7|5371,0,0,-5.80964e-10,-0.0622365,0,0,0,0,0,-1.55431e-15,3.642e-07,0,0,0,False,nan|RHPA4259.7,1342312
130_bNAb_Combinations|1342312|vc|5|2|RHPA4259.7|5371,0,0,3.91145e-09,-0.177262,0,0,0,0,0,-1.77636e-15,-3.11642e-07,0,0,0,False,nan|RHPA4259.7,1342312
130_bNAb_Combinations|1342312|vc|6|2|RHPA4259.7|5371,0,0,4.2386e-10,-0.0122095,0,0,0,0,0,-8.88178e-16,3.03902e-07,0,0,0,False,nan|RHPA4259.7,1342312
130_bNAb_Combinations|1342312|vc|7|2|RHPA4259.7|5371,0,0,2.86022e-10,0.126084,0,0,0,0,0,2.88658e-15,-4.66036e-07,0,0,0,False,nan|RHPA4259.7,1342312
130_bNAb_Combinations|1342312|vc|8|2|RHPA4259.7|5371,0,0,1.12727e-09,-0.00424508,0,0,0,0,0,-2.22045e-16,1.61026e-07,0,0,0,False,nan|RHPA4259.7,1342312
130_bNAb_Combinations|1342336|cc|1|1|nan|3430,0,0,-8.45942e-10,-0.122667,0,0,0,0,0,2.22045e-16,-2.58927e-07,0,0,0,False,nan|3430,1342336
130_bNAb_Combinations|1342336|cc|2|1|nan|3430,0,0,1.08228e-09,0.0078594,0,0,0,0,0,-4.66294e-15,3.09048e-07,0,0,0,False,nan|3430,1342336
130_bNAb_Combinations|1342336|cc|3|1|nan|3430,0,0,1.92036e-09,0.020134,0,0,0,0,0,-4.21885e-15,-6.34049e-08,0,0,0,False,nan|3430,1342336
130_bNAb_Combinations|1342336|cc|4|1|nan|3430,0,0,1.1206e-09,0.098817,0,0,0,0,0,4.44089e-16,7.40271e-07,0,0,0,False,nan|3430,1342336
130_bNAb_Combinations|1342336|cc|5|1|nan|3430,0,0,2.35173e-09,-0.164724,0,0,0,0,0,1.9984e-15,-3.79214e-07,0,0,0,False,nan|3430,1342336
130_bNAb_Combinations|1342336|cc|6|1|nan|3430,0,0,-2.46075e-09,0.0623351,0,0,0,0,0,2.88658e-15,-4.36247e-07,0,0,0,False,nan|3430,1342336
130_bNAb_Combinations|1342336|cc|7|1|nan|3430,0,0,-1.40684e-09,-0.304433,0,0,0,0,0,2.88658e-15,4.02516e-07,0,0,0,False,nan|3430,1342336
130_bNAb_Combinations|1342336|cc|8|1|nan|3430,0,0,-3.83923e-10,0.107979,0,0,0,0,0,-1.55431e-15,2.97624e-07,0,0,0,False,nan|3430,1342336
130_bNAb_Combinations|1342336|sample|3|nan|3430,0,0,-2.87027e-09,-0.665349,0,0,0,0,0,2.22045e-16,-0.566781,0,0,0,True,VRC07-523LS|3430,1342336
130_bNAb_Combinations|1342336|sample|4|nan|3430,0,0,-2.58031e-09,-0.670937,0,0,0,0,0,-1.84297e-14,-0.561919,0,0,0,True,VRC07-523LS|3430,1342336
130_bNAb_Combinations|1342336|sample|5|nan|3430,0,0,-1.7031e-11,0.127731,0,0,0,0,0,-1.11022e-14,-5.60157e-07,0,0,0,True,VRC07-523LS|3430,1342336
130_bNAb_Combinations|1342336|vc|1|2|nan|3430,0,0,3.56076e-10,0.0343943,0,0,0,0,0,1.13243e-14,-7.66074e-10,0,0,0,False,nan|3430,1342336
130_bNAb_Combinations|1342336|vc|2|2|nan|3430,0,0,-9.99981e-11,0.0985458,0,0,0,0,0,5.9952e-15,1.6475e-08,0,0,0,False,nan|3430,1342336
130_bNAb_Combinations|1342336|vc|3|2|nan|3430,0,0,3.25795e-10,-0.132948,0,0,0,0,0,3.10862e-15,2.62918e-07,0,0,0,False,nan|3430,1342336
130_bNAb_Combinations|1342336|vc|4|2|nan|3430,0,0,-8.10991e-10,0.109456,0,0,0,0,0,5.10703e-15,-1.07409e-07,0,0,0,False,nan|3430,1342336
130_bNAb_Combinations|1342336|vc|5|2|nan|3430,0,0,6.02021e-10,0.0264006,0,0,0,0,0,1.55431e-15,-4.7292e-07,0,0,0,False,nan|3430,1342336
130_bNAb_Combinations|1342336|vc|6|2|nan|3430,0,0,-2.59075e-09,0.0713597,0,0,0,0,0,-1.55431e-15,-3.93935e-07,0,0,0,False,nan|3430,1342336
130_bNAb_Combinations|1342336|vc|7|2|nan|3430,0,0,-1.75543e-09,0.122854,0,0,0,0,0,3.33067e-15,4.66765e-07,0,0,0,False,nan|3430,1342336
130_bNAb_Combinations|1342336|vc|8|2|nan|3430,0,0,-9.90359e-11,-0.100448,0,0,0,0,0,2.22045e-16,2.54171e-07,0,0,0,False,nan|3430,1342336
130_bNAb_Combinations|1342348|cc|1|1|nan|4166,0,0,1.73503e-09,0.0736401,0,0,0,0,0,-8.88178e-15,-3.36148e-07,0,0,0,False,nan|4166,1342348
130_bNAb_Combinations|1342348|cc|2|1|nan|4166,0,0,-1.72124e-09,-0.1159,0,0,0,0,0,2.66454e-15,2.17592e-07,0,0,0,False,nan|4166,1342348
130_bNAb_Combinations|1342348|cc|3|1|nan|4166,0,0,3.68623e-09,-0.0859039,0,0,0,0,0,3.9968e-15,2.63504e-07,0,0,0,False,nan|4166,1342348
130_bNAb_Combinations|1342348|cc|4|1|nan|4166,0,0,-1.96332e-09,0.14447,0,0,0,0,0,5.32907e-15,-2.28537e-08,0,0,0,False,nan|4166,1342348
130_bNAb_Combinations|1342348|cc|5|1|nan|4166,0,0,2.70912e-10,0.109977,0,0,0,0,0,1.02141e-14,3.05988e-07,0,0,0,False,nan|4166,1342348
130_bNAb_Combinations|1342348|cc|6|1|nan|4166,0,0,1.55339e-09,0.0923629,0,0,0,0,0,-8.88178e-16,-3.6759e-07,0,0,0,False,nan|4166,1342348
130_bNAb_Combinations|1342348|cc|7|1|nan|4166,0,0,-1.86632e-09,-0.0616792,0,0,0,0,0,-2.66454e-15,-6.72723e-08,0,0,0,False,nan|4166,1342348
130_bNAb_Combinations|1342348|cc|8|1|nan|4166,0,0,-3.46772e-10,-0.0239255,0,0,0,0,0,-1.77636e-15,-3.40535e-07,0,0,0,False,nan|4166,1342348
130_bNAb_Combinations|1342348|sample|3|nan|4166,0,0,-1.42047e-09,-0.454095,0,0,0,0,0,-1.90958e-14,-0.257645,0,0,0,True,VRC07-523LS|4166,1342348
130_bNAb_Combinations|1342348|sample|4|nan|4166,0,0,4.40022e-09,-0.286927,0,0,0,0,0,1.59872e-14,-0.208035,0,0,0,True,VRC07-523LS|4166,1342348
130_bNAb_Combinations|1342348|vc|1|2|nan|4166,0,0,1.73656e-09,0.134013,0,0,0,0,0,-1.77636e-15,-2.05713e-07,0,0,0,False,nan|4166,1342348
130_bNAb_Combinations|1342348|vc|2|2|nan|4166,0,0,-7.77506e-10,-0.0358751,0,0,0,0,0,6.66134e-15,3.98351e-07,0,0,0,False,nan|4166,1342348
130_bNAb_Combinations|1342348|vc|3|2|nan|4166,0,0,-8.88503e-10,-0.0416393,0,0,0,0,0,2.66454e-15,2.07724e-07,0,0,0,False,nan|4166,1342348
130_bNAb_Combinations|1342348|vc|4|2|nan|4166,0,0,1.41091e-09,-0.051285,0,0,0,0,0,-8.88178e-15,-3.31584e-07,0,0,0,False,nan|4166,1342348
130_bNAb_Combinations|1342348|vc|5|2|nan|4166,0,0,2.98192e-09,-0.260421,0,0,0,0,0,5.32907e-15,-5.13297e-08,0,0,0,False,nan|4166,1342348
130_bNAb_Combinations|1342348|vc|6|2|nan|4166,0,0,1.17756e-09,-0.00718348,0,0,0,0,0,3.10862e-15,1.71781e-07,0,0,0,False,nan|4166,1342348
130_bNAb_Combinations|1342348|vc|7|2|nan|4166,0,0,1.95036e-09,0.0153708,0,0,0,0,0,0,-1.04575e-07,0,0,0,False,nan|4166,1342348
130_bNAb_Combinations|1342348|vc|8|2|nan|4166,0,0,1.34493e-09,-0.144812,0,0,0,0,0,3.9968e-15,-3.19815e-07,0,0,0,False,nan|4166,1342348
130_bNAb_Combinations|1342372|cc|1|1|nan|2944,0,0,1.99596e-09,0.0562186,0,0,0,0,0,0,1.25771e-07,0,0,0,False,nan|2944,1342372
130_bNAb_Combinations|1342372|cc|2|1|nan|2944,0,0,2.32119e-09,-0.0347124,0,0,0,0,0,-2.66454e-15,-1.67529e-07,0,0,0,False,nan|2944,1342372
130_bNAb_Combinations|1342372|cc|3|1|nan|2944,0,0,9.22215e-10,-0.209978,0,0,0,0,0,-2.22045e-16,3.66152e-07,0,0,0,False,nan|2944,1342372
130_bNAb_Combinations|1342372|cc|4|1|nan|2944,0,0,1.81761e-09,0.0539728,0,0,0,0,0,-2.66454e-15,1.70351e-07,0,0,0,False,nan|2944,1342372
130_bNAb_Combinations|1342372|cc|5|1|nan|2944,0,0,-1.8188e-09,0.0771032,0,0,0,0,0,3.33067e-15,4.10267e-07,0,0,0,False,nan|2944,1342372
130_bNAb_Combinations|1342372|cc|6|1|nan|2944,0,0,1.84234e-09,0.0269694,0,0,0,0,0,1.33227e-15,-3.85652e-07,0,0,0,False,nan|2944,1342372
130_bNAb_Combinations|1342372|cc|7|1|nan|2944,0,0,3.66813e-10,-0.0302986,0,0,0,0,0,3.9968e-15,-3.70723e-08,0,0,0,False,nan|2944,1342372
130_bNAb_Combinations|1342372|cc|8|1|nan|2944,0,0,-3.33075e-09,-0.0813917,0,0,0,0,0,8.88178e-16,-1.76779e-07,0,0,0,False,nan|2944,1342372
130_bNAb_Combinations|1342372|sample|3|nan|2944,0,0,4.84132e-09,-0.928898,0,0,0,0,0,-6.21725e-15,-0.844512,0,0,0,True,VRC07-523LS|2944,1342372
130_bNAb_Combinations|1342372|sample|4|nan|2944,0,0,1.86174e-09,-0.829634,0,0,0,0,0,-2.66454e-15,-0.775512,0,0,0,True,VRC07-523LS|2944,1342372
130_bNAb_Combinations|1342372|vc|1|2|nan|2944,0,0,-1.0502e-09,-0.103647,0,0,0,0,0,1.33227e-15,-2.84935e-07,0,0,0,False,nan|2944,1342372
130_bNAb_Combinations|1342372|vc|2|2|nan|2944,0,0,-3.4058e-09,-0.00334885,0,0,0,0,0,4.88498e-15,-2.71049e-07,0,0,0,False,nan|2944,1342372
130_bNAb_Combinations|1342372|vc|3|2|nan|2944,0,0,-9.95209e-10,0.215517,0,0,0,0,0,-3.9968e-15,2.82365e-07,0,0,0,False,nan|2944,1342372
130_bNAb_Combinations|1342372|vc|4|2|nan|2944,0,0,-4.49492e-10,0.0930323,0,0,0,0,0,-2.22045e-15,1.89734e-07,0,0,0,False,nan|2944,1342372
130_bNAb_Combinations|1342372|vc|5|2|nan|2944,0,0,6.96042e-10,0.0982394,0,0,0,0,0,4.44089e-16,-4.73756e-07,0,0,0,False,nan|2944,1342372
130_bNAb_Combinations|1342372|vc|6|2|nan|2944,0,0,5.74787e-10,-0.0733486,0,0,0,0,0,-1.33227e-15,1.96296e-07,0,0,0,False,nan|2944,1342372
130_bNAb_Combinations|1342372|vc|7|2|nan|2944,0,0,-2.61182e-09,0.029827,0,0,0,0,0,6.21725e-15,1.83326e-08,0,0,0,False,nan|2944,1342372
130_bNAb_Combinations|1342372|vc|8|2|nan|2944,0,0,-8.3937e-10,-0.190906,0,0,0,0,0,1.33227e-15,2.87496e-07,0,0,0,False,nan|2944,1342372
130_bNAb_Combinations|1342384|cc|1|1|nan|2946,0,0,-3.65512e-09,-0.115917,0,0,0,0,0,2.44249e-15,-3.97194e-07,0,0,0,False,nan|2946,1342384
130_bNAb_Combinations|1342384|cc|2|1|nan|2946,0,0,-3.44242e-09,-0.0828641,0,0,0,0,0,-1.06581e-14,-2.48812e-07,0,0,0,False,nan|2946,1342384
130_bNAb_Combinations|1342384|cc|3|1|nan|2946,0,0,-4.18483e-10,0.0336042,0,0,0,0,0,-6.66134e-16,3.89973e-07,0,0,0,False,nan|2946,1342384
130_bNAb_Combinations|1342384|cc|4|1|nan|2946,0,0,-9.88542e-10,-0.27171,0,0,0,0,0,1.77636e-15,1.24404e-07,0,0,0,False,nan|2946,1342384
130_bNAb_Combinations|1342384|cc|5|1|nan|2946,0,0,-3.18101e-09,-0.0638566,0,0,0,0,0,-4.88498e-15,2.81435e-07,0,0,0,False,nan|2946,1342384
130_bNAb_Combinations|1342384|cc|6|1|nan|2946,0,0,-3.29937e-09,0.0266803,0,0,0,0,0,1.9984e-15,2.40152e-07,0,0,0,False,nan|2946,1342384
130_bNAb_Combinations|1342384|cc|7|1|nan|2946,0,0,5.90441e-10,-0.123753,0,0,0,0,0,8.88178e-16,-3.53569e-07,0,0,0,False,nan|2946,1342384
130_bNAb_Combinations|1342384|cc|8|1|nan|2946,0,0,-1.11261e-09,0.225656,0,0,0,0,0,2.44249e-15,-2.79742e-07,0,0,0,False,nan|2946,1342384
130_bNAb_Combinations|1342384|sample|3|nan|2946,0,0,-3.10033e-09,-1.5087,0,0,0,0,0,-3.10862e-14,-1.60525,0,0,0,True,VRC07-523LS|2946,1342384
130_bNAb_Combinations|1342384|sample|4|nan|2946,0,0,1.31028e-09,-1.69133,0,0,0,0,0,1.02141e-14,-1.62721,0,0,0,True,VRC07-523LS|2946,1342384
130_bNAb_Combinations|1342384|vc|1|2|nan|2946,0,0,3.74528e-09,0.131277,0,0,0,0,0,1.33227e-14,-3.17188e-07,0,0,0,False,nan|2946,1342384
130_bNAb_Combinations|1342384|vc|2|2|nan|2946,0,0,1.02288e-09,0.0408428,0,0,0,0,0,8.88178e-16,2.72313e-07,0,0,0,False,nan|2946,1342384
130_bNAb_Combinations|1342384|vc|3|2|nan|2946,0,0,1.47478e-09,0.181003,0,0,0,0,0,-4.44089e-15,-6.1038e-08,0,0,0,False,nan|2946,1342384
130_bNAb_Combinations|1342384|vc|4|2|nan|2946,0,0,2.12609e-09,-0.129933,0,0,0,0,0,7.10543e-15,8.99239e-08,0,0,0,False,nan|2946,1342384
130_bNAb_Combinations|1342384|vc|5|2|nan|2946,0,0,3.1098e-09,0.00836561,0,0,0,0,0,-3.9968e-15,-3.13093e-07,0,0,0,False,nan|2946,1342384
130_bNAb_Combinations|1342384|vc|6|2|nan|2946,0,0,1.47396e-09,-0.00156245,0,0,0,0,0,-9.32587e-15,-9.31324e-09,0,0,0,False,nan|2946,1342384
130_bNAb_Combinations|1342384|vc|7|2|nan|2946,0,0,2.66775e-09,-0.139418,0,0,0,0,0,1.06581e-14,1.2522e-07,0,0,0,False,nan|2946,1342384
130_bNAb_Combinations|1342384|vc|8|2|nan|2946,0,0,7.21812e-10,-0.0722658,0,0,0,0,0,-1.33227e-15,-4.13517e-07,0,0,0,False,nan|2946,1342384
130_bNAb_Combinations|1342396|cc|1|1|PVO.4|5024,0,0,-1.88299e-09,-0.289065,0,0,0,0,0,6.88338e-15,-6.18403e-08,0,0,0,False,nan|PVO.4,1342396
130_bNAb_Combinations|1342396|cc|2|1|PVO.4|5024,0,0,3.58781e-10,0.0628707,0,0,0,0,0,-4.21885e-15,-1.3521e-07,0,0,0,False,nan|PVO.4,1342396
130_bNAb_Combinations|1342396|cc|3|1|PVO.4|5024,0,0,-1.64979e-10,0.0289639,0,0,0,0,0,-4.88498e-15,3.81468e-07,0,0,0,False,nan|PVO.4,1342396
130_bNAb_Combinations|1342396|cc|4|1|PVO.4|5024,0,0,-1.0717e-10,0.0917196,0,0,0,0,0,1.11022e-14,-5.15189e-07,0,0,0,False,nan|PVO.4,1342396
130_bNAb_Combinations|1342396|cc|5|1|PVO.4|5024,0,0,-1.44525e-09,0.0354852,0,0,0,0,0,5.77316e-15,-7.37067e-08,0,0,0,False,nan|PVO.4,1342396
130_bNAb_Combinations|1342396|cc|6|1|PVO.4|5024,0,0,-5.33443e-11,0.135775,0,0,0,0,0,3.55271e-15,-2.32385e-07,0,0,0,False,nan|PVO.4,1342396
130_bNAb_Combinations|1342396|cc|7|1|PVO.4|5024,0,0,-5.97564e-10,-0.0108239,0,0,0,0,0,3.55271e-15,2.28094e-07,0,0,0,False,nan|PVO.4,1342396
130_bNAb_Combinations|1342396|cc|8|1|PVO.4|5024,0,0,-7.72188e-10,0.0161622,0,0,0,0,0,-5.32907e-15,-5.09095e-08,0,0,0,False,nan|PVO.4,1342396
130_bNAb_Combinations|1342396|sample|3|PVO.4|5024,0,0,7.55951e-10,-0.814031,0,0,0,0,0,-8.43769e-15,-0.691086,0,0,0,True,VRC07-523LS|PVO.4,1342396
130_bNAb_Combinations|1342396|sample|4|PVO.4|5024,0,0,3.22281e-09,-0.861878,0,0,0,0,0,5.32907e-15,-0.7524,0,0,0,True,VRC07-523LS|PVO.4,1342396
130_bNAb_Combinations|1342396|vc|1|2|PVO.4|5024,0,0,9.85682e-10,-0.0834953,0,0,0,0,0,3.55271e-15,-2.23292e-07,0,0,0,False,nan|PVO.4,1342396
130_bNAb_Combinations|1342396|vc|2|2|PVO.4|5024,0,0,-8.8704e-11,0.139805,0,0,0,0,0,6.66134e-16,-4.19647e-07,0,0,0,False,nan|PVO.4,1342396
130_bNAb_Combinations|1342396|vc|3|2|PVO.4|5024,0,0,-2.60284e-09,-0.0907273,0,0,0,0,0,-9.10383e-15,2.52256e-07,0,0,0,False,nan|PVO.4,1342396
130_bNAb_Combinations|1342396|vc|4|2|PVO.4|5024,0,0,-2.40619e-09,0.201437,0,0,0,0,0,0,8.28059e-08,0,0,0,False,nan|PVO.4,1342396
130_bNAb_Combinations|1342396|vc|5|2|PVO.4|5024,0,0,-2.26465e-09,0.0188459,0,0,0,0,0,-2.66454e-15,-9.3064e-08,0,0,0,False,nan|PVO.4,1342396
130_bNAb_Combinations|1342396|vc|6|2|PVO.4|5024,0,0,5.28165e-10,0.0932395,0,0,0,0,0,8.88178e-16,4.02587e-07,0,0,0,False,nan|PVO.4,1342396
130_bNAb_Combinations|1342396|vc|7|2|PVO.4|5024,0,0,2.05348e-09,0.156407,0,0,0,0,0,-5.32907e-15,-9.15402e-08,0,0,0,False,nan|PVO.4,1342396
130_bNAb_Combinations|1342396|vc|8|2|PVO.4|5024,0,0,-1.33625e-09,0.238109,0,0,0,0,0,4.44089e-16,2.50571e-07,0,0,0,False,nan|PVO.4,1342396
130_bNAb_Combinations|1342408|cc|1|1|nan|4168,0,0,-7.03477e-10,0.0554007,0,0,0,0,0,-3.33067e-15,-3.63556e-07,0,0,0,False,nan|4168,1342408
130_bNAb_Combinations|1342408|cc|2|1|nan|4168,0,0,2.1011e-09,0.0285578,0,0,0,0,0,-5.55112e-15,-2.13437e-07,0,0,0,False,nan|4168,1342408
130_bNAb_Combinations|1342408|cc|3|1|nan|4168,0,0,2.97803e-09,0.0781315,0,0,0,0,0,5.9952e-15,-2.09289e-07,0,0,0,False,nan|4168,1342408
130_bNAb_Combinations|1342408|cc|4|1|nan|4168,0,0,1.30646e-09,0.0321257,0,0,0,0,0,1.11022e-15,-3.98165e-07,0,0,0,False,nan|4168,1342408
130_bNAb_Combinations|1342408|cc|5|1|nan|4168,0,0,-6.54482e-10,-0.219732,0,0,0,0,0,-7.32747e-15,-2.28133e-08,0,0,0,False,nan|4168,1342408
130_bNAb_Combinations|1342408|cc|6|1|nan|4168,0,0,-2.67293e-09,0.0417823,0,0,0,0,0,-2.66454e-15,5.85166e-07,0,0,0,False,nan|4168,1342408
130_bNAb_Combinations|1342408|cc|7|1|nan|4168,0,0,4.8641e-10,0.00443818,0,0,0,0,0,-9.10383e-15,1.17025e-07,0,0,0,False,nan|4168,1342408
130_bNAb_Combinations|1342408|cc|8|1|nan|4168,0,0,-1.78106e-09,-0.0492425,0,0,0,0,0,1.9984e-15,5.20718e-07,0,0,0,False,nan|4168,1342408
130_bNAb_Combinations|1342408|sample|3|nan|4168,0,0,-1.79402e-09,-1.01715,0,0,0,0,0,-1.77636e-14,-0.909209,0,0,0,True,VRC07-523LS|4168,1342408
130_bNAb_Combinations|1342408|sample|4|nan|4168,0,0,-4.62677e-12,-1.15876,0,0,0,0,0,-1.15463e-14,-0.977346,0,0,0,True,VRC07-523LS|4168,1342408
130_bNAb_Combinations|1342408|vc|1|2|nan|4168,0,0,4.12226e-10,-0.0362654,0,0,0,0,0,-3.55271e-15,-5.43083e-08,0,0,0,False,nan|4168,1342408
130_bNAb_Combinations|1342408|vc|2|2|nan|4168,0,0,-9.63852e-10,-0.0303162,0,0,0,0,0,-5.10703e-15,1.02631e-07,0,0,0,False,nan|4168,1342408
130_bNAb_Combinations|1342408|vc|3|2|nan|4168,0,0,-8.86791e-10,0.151695,0,0,0,0,0,-4.44089e-15,-8.56556e-08,0,0,0,False,nan|4168,1342408
130_bNAb_Combinations|1342408|vc|4|2|nan|4168,0,0,1.02802e-09,0.0565392,0,0,0,0,0,2.22045e-16,3.53751e-07,0,0,0,False,nan|4168,1342408
130_bNAb_Combinations|1342408|vc|5|2|nan|4168,0,0,-2.12022e-09,-0.138132,0,0,0,0,0,-3.9968e-15,1.37541e-07,0,0,0,False,nan|4168,1342408
130_bNAb_Combinations|1342408|vc|6|2|nan|4168,0,0,9.67795e-10,0.0418275,0,0,0,0,0,-8.21565e-15,4.88018e-07,0,0,0,False,nan|4168,1342408
130_bNAb_Combinations|1342408|vc|7|2|nan|4168,0,0,-5.08654e-10,-0.0690554,0,0,0,0,0,9.10383e-15,1.07462e-08,0,0,0,False,nan|4168,1342408
130_bNAb_Combinations|1342408|vc|8|2|nan|4168,0,0,-2.50648e-09,-0.220104,0,0,0,0,0,1.9984e-15,-3.3244e-07,0,0,0,False,nan|4168,1342408
704_VRC01_Concordance|1200432|cc|1|1|PVO.4|5024,0,0,1.37334e-09,0.0928118,0,0,0,0,0,2.66454e-15,3.2525e-07,0,0,0,False,nan|PVO.4,1200432
704_VRC01_Concordance|1200432|cc|2|1|PVO.4|5024,0,0,-3.53409e-09,0.166354,0,0,0,0,0,4.88498e-15,4.28252e-07,0,0,0,False,nan|PVO.4,1200432
704_VRC01_Concordance|1200432|cc|3|1|PVO.4|5024,0,0,-2.3983e-09,-0.112952,0,0,0,0,0,4.88498e-15,7.2713e-08,0,0,0,False,nan|PVO.4,1200432
704_VRC01_Concordance|1200432|cc|4|1|PVO.4|5024,0,0,9.79237e-10,-0.0723702,0,0,0,0,0,-1.19904e-14,-3.85078e-07,0,0,0,False,nan|PVO.4,1200432
704_VRC01_Concordance|1200432|cc|5|1|PVO.4|5024,0,0,1.88658e-10,0.137522,0,0,0,0,0,6.66134e-15,-4.65037e-07,0,0,0,False,nan|PVO.4,1200432
704_VRC01_Concordance|1200432|cc|6|1|PVO.4|5024,0,0,-1.94946e-10,0.0328384,0,0,0,0,0,5.32907e-15,1.64824e-07,0,0,0,False,nan|PVO.4,1200432
704_VRC01_Concordance|1200432|cc|7|1|PVO.4|5024,0,0,3.70743e-09,-0.255188,0,0,0,0,0,2.22045e-15,3.15518e-07,0,0,0,False,nan|PVO.4,1200432
704_VRC01_Concordance|1200432|cc|8|1|PVO.4|5024,0,0,1.31603e-09,0.0165876,0,0,0,0,0,-6.66134e-16,-3.10985e-07,0,0,0,False,nan|PVO.4,1200432
704_VRC01_Concordance|1200432|sample|10|PVO.4|5024,0,0,4.0978e-09,-1.63032,0,0,0,0,0,3.9968e-15,-1.4786,0,0,0,True,Clinical VRC01|PVO.4,1200432
704_VRC01_Concordance|1200432|sample|11|PVO.4|5024,0,0,5.50961e-10,-1.21465,0,0,0,0,0,4.79616e-14,-1.11152,0,0,0,True,Clinical VRC01|PVO.4,1200432
704_VRC01_Concordance|1200432|sample|12|PVO.4|5024,0,0,2.42583e-09,-1.22986,0,0,0,0,0,3.01981e-14,-1.09178,0,0,0,True,Clinical VRC01|PVO.4,1200432
704_VRC01_Concordance|1200432|sample|3|PVO.4|5024,0,0,5.60498e-09,-1.09346,0,0,0,0,0,-5.10703e-14,-1.03755,0,0,0,True,Clinical VRC01|PVO.4,1200432
704_VRC01_Concordance|1200432|sample|4|PVO.4|5024,0,0,1.26477e-10,-1.53684,0,0,0,0,0,1.59872e-14,-1.35086,0,0,0,True,Clinical VRC01|PVO.4,1200432
704_VRC01_Concordance|1200432|sample|5|PVO.4|5024,0,0,-6.12819e-09,-1.60683,0,0,0,0,0,7.99361e-15,-1.458,0,0,0,True,Clinical VRC01|PVO.4,1200432
704_VRC01_Concordance|1200432|sample|6|PVO.4|5024,0,0,-4.31542e-10,-1.56329,0,0,0,0,0,-1.32339e-13,-1.45501,0,0,0,True,Clinical VRC01|PVO.4,1200432
704_VRC01_Concordance|1200432|sample|7|PVO.4|5024,0,0,3.98924e-09,-1.3881,0,0,0,0,0,8.88178e-15,-1.13566,0,0,0,True,Clinical VRC01|PVO.4,1200432
704_VRC01_Concordance|1200432|sample|8|PVO.4|5024,0,0,-3.68818e-09,-1.2611,0,0,0,0,0,3.55271e-14,-1.15993,0,0,0,True,Clinical VRC01|PVO.4,1200432
704_VRC01_Concordance|1200432|sample|9|PVO.4|5024,0,0,-8.10652e-10,-1.50001,0,0,0,0,0,-4.35207e-14,-1.42786,0,0,0,True,Clinical VRC01|PVO.4,1200432
704_VRC01_Concordance|1200432|vc|1|2|PVO.4|5024,0,0,2.0524e-09,-0.0904025,0,0,0,0,0,-5.9952e-15,2.23039e-07,0,0,0,False,nan|PVO.4,1200432
704_VRC01_Concordance|1200432|vc|2|2|PVO.4|5024,0,0,6.04135e-10,-0.182,0,0,0,0,0,-3.9968e-15,2.85258e-08,0,0,0,False,nan|PVO.4,1200432
704_VRC01_Concordance|1200432|vc|3|2|PVO.4|5024,0,0,-7.62892e-10,-0.0230234,0,0,0,0,0,2.22045e-15,-3.93602e-07,0,0,0,False,nan|PVO.4,1200432
704_VRC01_Concordance|1200432|vc|4|2|PVO.4|5024,0,0,-3.62864e-09,0.133718,0,0,0,0,0,5.10703e-15,2.24136e-07,0,0,0,False,nan|PVO.4,1200432
704_VRC01_Concordance|1200432|vc|5|2|PVO.4|5024,0,0,2.92121e-09,-0.288855,0,0,0,0,0,2.88658e-15,1.93926e-08,0,0,0,False,nan|PVO.4,1200432
704_VRC01_Concordance|1200432|vc|6|2|PVO.4|5024,0,0,2.00994e-09,0.13108,0,0,0,0,0,6.66134e-15,3.37929e-08,0,0,0,False,nan|PVO.4,1200432
704_VRC01_Concordance|1200432|vc|7|2|PVO.4|5024,0,0,-2.52712e-09,0.0986547,0,0,0,0,0,-6.21725e-15,1.70267e-07,0,0,0,False,nan|PVO.4,1200432
704_VRC01_Concordance|1200432|vc|8|2|PVO.4|5024,0,0,-1.08551e-09,-0.232931,0,0,0,0,0,-7.99361e-15,-2.24431e-07,0,0,0,False,nan|PVO.4,1200432
