rep,id,eta_U,eta_L,eta_m,eta_e,eta_s,eta_alpha,eta_k,goes_down,mab_virus,run_id
1,130_bNAb_Combinations|1313842|cc|1|1|nan|2946,0,0,0.160552,0,-13.2808,0,0,False,nan|2946,1313842
1,130_bNAb_Combinations|1313842|cc|2|1|nan|2946,0,0,-0.0150377,0,21.1158,0,0,False,nan|2946,1313842
1,130_bNAb_Combinations|1313842|cc|3|1|nan|2946,0,0,0.0882299,0,-45.8557,0,0,False,nan|2946,1313842
1,130_bNAb_Combinations|1313842|cc|4|1|nan|2946,0,0,-0.00520657,0,-4.24032,0,0,False,nan|2946,1313842
1,130_bNAb_Combinations|1313842|cc|5|1|nan|2946,0,0,-0.0364664,0,8.7123,0,0,False,nan|2946,1313842
1,130_bNAb_Combinations|1313842|cc|6|1|nan|2946,0,0,-0.174085,0,12.0702,0,0,False,nan|2946,1313842
1,130_bNAb_Combinations|1313842|cc|7|1|nan|2946,0,0,-0.0399473,0,-6.33105,0,0,False,nan|2946,1313842
1,130_bNAb_Combinations|1313842|cc|8|1|nan|2946,0,0,0.115079,0,-22.6689,0,0,False,nan|2946,1313842
1,130_bNAb_Combinations|1313842|sample|10|nan|2946,0,0,0.0280495,0,-14.9851,0,0,True,PGT121|2946,1313842
1,130_bNAb_Combinations|1313842|sample|11|nan|2946,0,0,0.242102,0,-14.6629,0,0,True,VRC07-523LS|2946,1313842
1,130_bNAb_Combinations|1313842|sample|12|nan|2946,0,0,0.12131,0,-15.302,0,0,True,VRC07-523LS|2946,1313842
1,130_bNAb_Combinations|1313842|sample|3|nan|2946,0,0,-0.0212956,0,-18.6818,0,0,True,PGDM1400|2946,1313842
1,130_bNAb_Combinations|1313842|sample|4|nan|2946,0,0,-0.114286,0,-18.8523,0,0,True,PGDM1400|2946,1313842
1,130_bNAb_Combinations|1313842|sample|5|nan|2946,0,0,-0.247193,0,-18.9431,0,0,True,PGDM1400|2946,1313842
1,130_bNAb_Combinations|1313842|sample|6|nan|2946,0,0,-0.171919,0,-19.1941,0,0,True,PGDM1400|2946,1313842
1,130_bNAb_Combinations|1313842|sample|7|nan|2946,0,0,0.0962358,0,-14.3327,0,0,True,PGT121|2946,1313842
1,130_bNAb_Combinations|1313842|sample|8|nan|2946,0,0,-0.00105446,0,-15.3731,0,0,True,PGT121|2946,1313842
1,130_bNAb_Combinations|1313842|sample|9|nan|2946,0,0,0.0856391,0,-14.094,0,0,True,PGT121|2946,1313842
1,130_bNAb_Combinations|1313842|vc|1|2|nan|2946,0,0,0.0498246,0,-11.0174,0,0,False,nan|2946,1313842
1,130_bNAb_Combinations|1313842|vc|2|2|nan|2946,0,0,-0.00170804,0,27.9577,0,0,False,nan|2946,1313842
1,130_bNAb_Combinations|1313842|vc|3|2|nan|2946,0,0,0.100932,0,40.1875,0,0,False,nan|2946,1313842
1,130_bNAb_Combinations|1313842|vc|4|2|nan|2946,0,0,0.353058,0,-1.41737,0,0,False,nan|2946,1313842
1,130_bNAb_Combinations|1313842|vc|5|2|nan|2946,0,0,-0.0273797,0,19.1833,0,0,False,nan|2946,1313842
1,130_bNAb_Combinations|1313842|vc|6|2|nan|2946,0,0,0.0495454,0,3.98925,0,0,False,nan|2946,1313842
1,130_bNAb_Combinations|1313842|vc|7|2|nan|2946,0,0,0.0139461,0,-8.1422,0,0,False,nan|2946,1313842
1,130_bNAb_Combinations|1313842|vc|8|2|nan|2946,0,0,-0.12745,0,-37.7297,0,0,False,nan|2946,1313842
1,130_bNAb_Combinations|1313860|cc|1|1|PVO.4|5024,0,0,0.194768,0,22.989,0,0,False,nan|PVO.4,1313860
1,130_bNAb_Combinations|1313860|cc|2|1|PVO.4|5024,0,0,0.0479189,0,3.91692,0,0,False,nan|PVO.4,1313860
1,130_bNAb_Combinations|1313860|cc|3|1|PVO.4|5024,0,0,-0.184658,0,-5.77263,0,0,False,nan|PVO.4,1313860
1,130_bNAb_Combinations|1313860|cc|4|1|PVO.4|5024,0,0,0.0204082,0,10.7973,0,0,False,nan|PVO.4,1313860
1,130_bNAb_Combinations|1313860|cc|5|1|PVO.4|5024,0,0,0.109805,0,25.9152,0,0,False,nan|PVO.4,1313860
1,130_bNAb_Combinations|1313860|cc|6|1|PVO.4|5024,0,0,-0.0354222,0,19.4182,0,0,False,nan|PVO.4,1313860
1,130_bNAb_Combinations|1313860|cc|7|1|PVO.4|5024,0,0,-0.0463522,0,-21.747,0,0,False,nan|PVO.4,1313860
1,130_bNAb_Combinations|1313860|cc|8|1|PVO.4|5024,0,0,0.224559,0,28.6121,0,0,False,nan|PVO.4,1313860
1,130_bNAb_Combinations|1313860|sample|10|PVO.4|5024,0,0,0.127607,0,-5.98487,0,0,True,PGT121|PVO.4,1313860
1,130_bNAb_Combinations|1313860|sample|11|PVO.4|5024,0,0,0.133011,0,-5.20558,0,0,True,VRC07-523LS|PVO.4,1313860
1,130_bNAb_Combinations|1313860|sample|12|PVO.4|5024,0,0,0.292937,0,5.72053,0,0,True,VRC07-523LS|PVO.4,1313860
1,130_bNAb_Combinations|1313860|sample|3|PVO.4|5024,0,0,0.132977,0,-17.8861,0,0,True,PGDM1400|PVO.4,1313860
1,130_bNAb_Combinations|1313860|sample|4|PVO.4|5024,0,0,0.178233,0,-18.2498,0,0,True,PGDM1400|PVO.4,1313860
1,130_bNAb_Combinations|1313860|sample|5|PVO.4|5024,0,0,0.0317212,0,-17.9979,0,0,True,PGDM1400|PVO.4,1313860
1,130_bNAb_Combinations|1313860|sample|6|PVO.4|5024,0,0,0.0999418,0,-17.5162,0,0,True,PGDM1400|PVO.4,1313860
1,130_bNAb_Combinations|1313860|sample|7|PVO.4|5024,0,0,0.0511409,0,-9.5279,0,0,True,PGT121|PVO.4,1313860
1,130_bNAb_Combinations|1313860|sample|8|PVO.4|5024,0,0,0.0322449,0,-10.0833,0,0,True,PGT121|PVO.4,1313860
1,130_bNAb_Combinations|1313860|sample|9|PVO.4|5024,0,0,0.0406892,0,-8.96223,0,0,True,PGT121|PVO.4,1313860
1,130_bNAb_Combinations|1313860|vc|1|2|PVO.4|5024,0,0,0.248745,0,-22.1383,0,0,False,nan|PVO.4,1313860
1,130_bNAb_Combinations|1313860|vc|2|2|PVO.4|5024,0,0,-0.0432696,0,30.4994,0,0,False,nan|PVO.4,1313860
1,130_bNAb_Combinations|1313860|vc|3|2|PVO.4|5024,0,0,0.0645008,0,-24.7091,0,0,False,nan|PVO.4,1313860
1,130_bNAb_Combinations|1313860|vc|4|2|PVO.4|5024,0,0,-0.239531,0,10.7729,0,0,False,nan|PVO.4,1313860
1,130_bNAb_Combinations|1313860|vc|5|2|PVO.4|5024,0,0,0.000194475,0,-9.3036,0,0,False,nan|PVO.4,1313860
1,130_bNAb_Combinations|1313860|vc|6|2|PVO.4|5024,0,0,-0.15954,0,-12.0502,0,0,False,nan|PVO.4,1313860
1,130_bNAb_Combinations|1313860|vc|7|2|PVO.4|5024,0,0,0.0706352,0,-0.965331,0,0,False,nan|PVO.4,1313860
1,130_bNAb_Combinations|1313860|vc|8|2|PVO.4|5024,0,0,-0.0945155,0,11.4679,0,0,False,nan|PVO.4,1313860
1,130_bNAb_Combinations|1313884|cc|1|1|nan|4168,0,0,-0.135867,0,23.483,0,0,False,nan|4168,1313884
1,130_bNAb_Combinations|1313884|cc|2|1|nan|4168,0,0,-0.144864,0,10.6617,0,0,False,nan|4168,1313884
1,130_bNAb_Combinations|1313884|cc|3|1|nan|4168,0,0,-0.273861,0,12.43,0,0,False,nan|4168,1313884
1,130_bNAb_Combinations|1313884|cc|4|1|nan|4168,0,0,0.182792,0,0.345325,0,0,False,nan|4168,1313884
1,130_bNAb_Combinations|1313884|cc|5|1|nan|4168,0,0,0.330742,0,-2.27995,0,0,False,nan|4168,1313884
1,130_bNAb_Combinations|1313884|cc|6|1|nan|4168,0,0,0.0219989,0,29.7914,0,0,False,nan|4168,1313884
1,130_bNAb_Combinations|1313884|cc|7|1|nan|4168,0,0,-0.0986363,0,-3.53956,0,0,False,nan|4168,1313884
1,130_bNAb_Combinations|1313884|cc|8|1|nan|4168,0,0,0.219214,0,-2.6843,0,0,False,nan|4168,1313884
1,130_bNAb_Combinations|1313884|sample|10|nan|4168,0,0,-0.4107,0,-18.2354,0,0,True,PGT121|4168,1313884
1,130_bNAb_Combinations|1313884|sample|11|nan|4168,0,0,-0.20709,0,-14.9481,0,0,True,VRC07-523LS|4168,1313884
1,130_bNAb_Combinations|1313884|sample|12|nan|4168,0,0,-0.168665,0,-13.9867,0,0,True,VRC07-523LS|4168,1313884
1,130_bNAb_Combinations|1313884|sample|3|nan|4168,0,0,0.383823,0,-19.6099,0,0,True,PGDM1400|4168,1313884
1,130_bNAb_Combinations|1313884|sample|4|nan|4168,0,0,0.0650637,0,-19.8262,0,0,True,PGDM1400|4168,1313884
1,130_bNAb_Combinations|1313884|sample|5|nan|4168,0,0,0.236027,0,-19.8696,0,0,True,PGDM1400|4168,1313884
1,130_bNAb_Combinations|1313884|sample|6|nan|4168,0,0,0.10203,0,-19.6945,0,0,True,PGDM1400|4168,1313884
1,130_bNAb_Combinations|1313884|sample|7|nan|4168,0,0,-0.344627,0,-17.7161,0,0,True,PGT121|4168,1313884
1,130_bNAb_Combinations|1313884|sample|8|nan|4168,0,0,-0.331418,0,-17.9038,0,0,True,PGT121|4168,1313884
1,130_bNAb_Combinations|1313884|sample|9|nan|4168,0,0,-0.376596,0,-17.9891,0,0,True,PGT121|4168,1313884
1,130_bNAb_Combinations|1313884|vc|1|2|nan|4168,0,0,-0.0158487,0,-33.9688,0,0,False,nan|4168,1313884
1,130_bNAb_Combinations|1313884|vc|2|2|nan|4168,0,0,0.0931011,0,-12.6339,0,0,False,nan|4168,1313884
1,130_bNAb_Combinations|1313884|vc|3|2|nan|4168,0,0,-0.0513822,0,2.77273,0,0,False,nan|4168,1313884
1,130_bNAb_Combinations|1313884|vc|4|2|nan|4168,0,0,0.205404,0,19.6372,0,0,False,nan|4168,1313884
1,130_bNAb_Combinations|1313884|vc|5|2|nan|4168,0,0,-0.0587126,0,-9.97175,0,0,False,nan|4168,1313884
1,130_bNAb_Combinations|1313884|vc|6|2|nan|4168,0,0,-0.0581099,0,-13.9463,0,0,False,nan|4168,1313884
1,130_bNAb_Combinations|1313884|vc|7|2|nan|4168,0,0,0.10652,0,-50.2548,0,0,False,nan|4168,1313884
1,130_bNAb_Combinations|1313884|vc|8|2|nan|4168,0,0,-0.212353,0,9.59112,0,0,False,nan|4168,1313884
1,130_bNAb_Combinations|1313920|cc|1|1|nan|1798,0,0,0.156982,0,-13.6728,0,0,False,nan|1798,1313920
1,130_bNAb_Combinations|1313920|cc|2|1|nan|1798,0,0,0.2109,0,18.4433,0,0,False,nan|1798,1313920
1,130_bNAb_Combinations|1313920|cc|3|1|nan|1798,0,0,0.0989434,0,34.9794,0,0,False,nan|1798,1313920
1,130_bNAb_Combinations|1313920|cc|4|1|nan|1798,0,0,0.13698,0,14.7303,0,0,False,nan|1798,1313920
1,130_bNAb_Combinations|1313920|cc|5|1|nan|1798,0,0,-0.13387,0,26.3538,0,0,False,nan|1798,1313920
1,130_bNAb_Combinations|1313920|cc|6|1|nan|1798,0,0,-0.340248,0,-10.4766,0,0,False,nan|1798,1313920
1,130_bNAb_Combinations|1313920|cc|7|1|nan|1798,0,0,0.260512,0,4.72837,0,0,False,nan|1798,1313920
1,130_bNAb_Combinations|1313920|cc|8|1|nan|1798,0,0,-0.0267432,0,-8.39542,0,0,False,nan|1798,1313920
1,130_bNAb_Combinations|1313920|sample|10|nan|1798,0,0,0.0352872,0,4.16346,0,0,True,PGT121|1798,1313920
1,130_bNAb_Combinations|1313920|sample|11|nan|1798,0,0,-0.0276102,0,-13.6054,0,0,True,VRC07-523LS|1798,1313920
1,130_bNAb_Combinations|1313920|sample|12|nan|1798,0,0,0.187287,0,-12.7678,0,0,True,VRC07-523LS|1798,1313920
1,130_bNAb_Combinations|1313920|sample|3|nan|1798,0,0,-0.186485,0,-18.0875,0,0,True,PGDM1400|1798,1313920
1,130_bNAb_Combinations|1313920|sample|4|nan|1798,0,0,-0.272549,0,-18.2272,0,0,True,PGDM1400|1798,1313920
1,130_bNAb_Combinations|1313920|sample|5|nan|1798,0,0,-0.30956,0,-18.9644,0,0,True,PGDM1400|1798,1313920
1,130_bNAb_Combinations|1313920|sample|6|nan|1798,0,0,-0.344134,0,-18.6773,0,0,True,PGDM1400|1798,1313920
1,130_bNAb_Combinations|1313920|sample|7|nan|1798,0,0,0.202473,0,14.5557,0,0,True,PGT121|1798,1313920
1,130_bNAb_Combinations|1313920|sample|8|nan|1798,0,0,0.0641521,0,2.93866,0,0,True,PGT121|1798,1313920
1,130_bNAb_Combinations|1313920|sample|9|nan|1798,0,0,0.138956,0,12.6001,0,0,True,PGT121|1798,1313920
1,130_bNAb_Combinations|1313920|vc|1|2|nan|1798,0,0,-0.167128,0,-23.2346,0,0,False,nan|1798,1313920
1,130_bNAb_Combinations|1313920|vc|2|2|nan|1798,0,0,0.214864,0,23.2132,0,0,False,nan|1798,1313920
1,130_bNAb_Combinations|1313920|vc|3|2|nan|1798,0,0,-0.148871,0,-4.89109,0,0,False,nan|1798,1313920
1,130_bNAb_Combinations|1313920|vc|4|2|nan|1798,0,0,0.00790344,0,-11.2885,0,0,False,nan|1798,1313920
1,130_bNAb_Combinations|1313920|vc|5|2|nan|1798,0,0,-0.0584738,0,16.795,0,0,False,nan|1798,1313920
1,130_bNAb_Combinations|1313920|vc|6|2|nan|1798,0,0,0.0710667,0,4.09268,0,0,False,nan|1798,1313920
1,130_bNAb_Combinations|1313920|vc|7|2|nan|1798,0,0,-0.298241,0,15.2535,0,0,False,nan|1798,1313920
1,130_bNAb_Combinations|1313920|vc|8|2|nan|1798,0,0,0.0220018,0,20.9569,0,0,False,nan|1798,1313920
1,130_bNAb_Combinations|1313938|cc|1|1|TRO.11|8301,0,0,0.174766,0,-0.155626,0,0,False,nan|TRO.11,1313938
1,130_bNAb_Combinations|1313938|cc|2|1|TRO.11|8301,0,0,-0.0612121,0,29.5115,0,0,False,nan|TRO.11,1313938
1,130_bNAb_Combinations|1313938|cc|3|1|TRO.11|8301,0,0,-0.141516,0,2.29048,0,0,False,nan|TRO.11,1313938
1,130_bNAb_Combinations|1313938|cc|4|1|TRO.11|8301,0,0,-0.1984,0,15.7215,0,0,False,nan|TRO.11,1313938
1,130_bNAb_Combinations|1313938|cc|5|1|TRO.11|8301,0,0,-0.0582949,0,-40.0139,0,0,False,nan|TRO.11,1313938
1,130_bNAb_Combinations|1313938|cc|6|1|TRO.11|8301,0,0,-0.221962,0,-0.110796,0,0,False,nan|TRO.11,1313938
1,130_bNAb_Combinations|1313938|cc|7|1|TRO.11|8301,0,0,-0.124046,0,-1.47072,0,0,False,nan|TRO.11,1313938
1,130_bNAb_Combinations|1313938|cc|8|1|TRO.11|8301,0,0,-0.205748,0,5.07618,0,0,False,nan|TRO.11,1313938
1,130_bNAb_Combinations|1313938|sample|10|TRO.11|8301,0,0,0.0693555,0,34.6603,0,0,True,PGT121|TRO.11,1313938
1,130_bNAb_Combinations|1313938|sample|11|TRO.11|8301,0,0,0.232397,0,0.476416,0,0,True,VRC07-523LS|TRO.11,1313938
1,130_bNAb_Combinations|1313938|sample|12|TRO.11|8301,0,0,0.0437371,0,-6.28118,0,0,True,VRC07-523LS|TRO.11,1313938
1,130_bNAb_Combinations|1313938|sample|3|TRO.11|8301,0,0,0.0758568,0,-16.6614,0,0,True,PGDM1400|TRO.11,1313938
1,130_bNAb_Combinations|1313938|sample|4|TRO.11|8301,0,0,0.120501,0,-16.9086,0,0,True,PGDM1400|TRO.11,1313938
1,130_bNAb_Combinations|1313938|sample|5|TRO.11|8301,0,0,0.0540743,0,-16.7332,0,0,True,PGDM1400|TRO.11,1313938
1,130_bNAb_Combinations|1313938|sample|6|TRO.11|8301,0,0,-0.0617249,0,-16.5456,0,0,True,PGDM1400|TRO.11,1313938
1,130_bNAb_Combinations|1313938|sample|7|TRO.11|8301,0,0,-0.0219943,0,13.6939,0,0,True,PGT121|TRO.11,1313938
1,130_bNAb_Combinations|1313938|sample|8|TRO.11|8301,0,0,0.0858676,0,37.6446,0,0,True,PGT121|TRO.11,1313938
1,130_bNAb_Combinations|1313938|sample|9|TRO.11|8301,0,0,0.0705025,0,30.8539,0,0,True,PGT121|TRO.11,1313938
1,130_bNAb_Combinations|1313938|vc|1|2|TRO.11|8301,0,0,0.0905892,0,8.72411,0,0,False,nan|TRO.11,1313938
1,130_bNAb_Combinations|1313938|vc|2|2|TRO.11|8301,0,0,-0.0654582,0,5.13151,0,0,False,nan|TRO.11,1313938
1,130_bNAb_Combinations|1313938|vc|3|2|TRO.11|8301,0,0,0.00282361,0,16.9884,0,0,False,nan|TRO.11,1313938
1,130_bNAb_Combinations|1313938|vc|4|2|TRO.11|8301,0,0,0.0515979,0,-19.8736,0,0,False,nan|TRO.11,1313938
1,130_bNAb_Combinations|1313938|vc|5|2|TRO.11|8301,0,0,-0.0816602,0,-11.9134,0,0,False,nan|TRO.11,1313938
1,130_bNAb_Combinations|1313938|vc|6|2|TRO.11|8301,0,0,0.128605,0,-57.2688,0,0,False,nan|TRO.11,1313938
1,130_bNAb_Combinations|1313938|vc|7|2|TRO.11|8301,0,0,0.0513428,0,-50.8427,0,0,False,nan|TRO.11,1313938
1,130_bNAb_Combinations|1313938|vc|8|2|TRO.11|8301,0,0,-0.103435,0,-9.83535,0,0,False,nan|TRO.11,1313938
1,130_bNAb_Combinations|1313956|cc|1|1|Ce1176_A3|7023,0,0,0.192927,0,23.8737,0,0,False,nan|Ce1176_A3,1313956
1,130_bNAb_Combinations|1313956|cc|2|1|Ce1176_A3|7023,0,0,-0.218352,0,-21.6782,0,0,False,nan|Ce1176_A3,1313956
1,130_bNAb_Combinations|1313956|cc|3|1|Ce1176_A3|7023,0,0,0.00453656,0,-15.0843,0,0,False,nan|Ce1176_A3,1313956
1,130_bNAb_Combinations|1313956|cc|4|1|Ce1176_A3|7023,0,0,0.097947,0,46.3171,0,0,False,nan|Ce1176_A3,1313956
1,130_bNAb_Combinations|1313956|cc|5|1|Ce1176_A3|7023,0,0,-0.284964,0,4.84298,0,0,False,nan|Ce1176_A3,1313956
1,130_bNAb_Combinations|1313956|cc|6|1|Ce1176_A3|7023,0,0,0.0232832,0,-20.0186,0,0,False,nan|Ce1176_A3,1313956
1,130_bNAb_Combinations|1313956|cc|7|1|Ce1176_A3|7023,0,0,0.423577,0,-9.8414,0,0,False,nan|Ce1176_A3,1313956
1,130_bNAb_Combinations|1313956|cc|8|1|Ce1176_A3|7023,0,0,0.0784073,0,-2.7877,0,0,False,nan|Ce1176_A3,1313956
1,130_bNAb_Combinations|1313956|sample|10|Ce1176_A3|7023,0,0,-0.0412494,0,15.5196,0,0,True,PGT121|Ce1176_A3,1313956
1,130_bNAb_Combinations|1313956|sample|11|Ce1176_A3|7023,0,0,0.1582,0,-10.7099,0,0,True,VRC07-523LS|Ce1176_A3,1313956
1,130_bNAb_Combinations|1313956|sample|12|Ce1176_A3|7023,0,0,0.0546367,0,-12.1829,0,0,True,VRC07-523LS|Ce1176_A3,1313956
1,130_bNAb_Combinations|1313956|sample|3|Ce1176_A3|7023,0,0,-0.20209,0,-19.4032,0,0,True,PGDM1400|Ce1176_A3,1313956
1,130_bNAb_Combinations|1313956|sample|4|Ce1176_A3|7023,0,0,-0.256319,0,-19.2729,0,0,True,PGDM1400|Ce1176_A3,1313956
1,130_bNAb_Combinations|1313956|sample|5|Ce1176_A3|7023,0,0,-0.280362,0,-19.7269,0,0,True,PGDM1400|Ce1176_A3,1313956
1,130_bNAb_Combinations|1313956|sample|6|Ce1176_A3|7023,0,0,-0.335367,0,-19.4638,0,0,True,PGDM1400|Ce1176_A3,1313956
1,130_bNAb_Combinations|1313956|sample|7|Ce1176_A3|7023,0,0,0.166093,0,46.6788,0,0,True,PGT121|Ce1176_A3,1313956
1,130_bNAb_Combinations|1313956|sample|8|Ce1176_A3|7023,0,0,0.109634,0,35.91,0,0,True,PGT121|Ce1176_A3,1313956
1,130_bNAb_Combinations|1313956|sample|9|Ce1176_A3|7023,0,0,-0.033775,0,14.9544,0,0,True,PGT121|Ce1176_A3,1313956
1,130_bNAb_Combinations|1313956|vc|1|2|Ce1176_A3|7023,0,0,-0.296246,0,-22.0507,0,0,False,nan|Ce1176_A3,1313956
1,130_bNAb_Combinations|1313956|vc|2|2|Ce1176_A3|7023,0,0,0.276006,0,-30.07,0,0,False,nan|Ce1176_A3,1313956
1,130_bNAb_Combinations|1313956|vc|3|2|Ce1176_A3|7023,0,0,0.207167,0,2.16884,0,0,False,nan|Ce1176_A3,1313956
1,130_bNAb_Combinations|1313956|vc|4|2|Ce1176_A3|7023,0,0,-0.0208108,0,-8.39433,0,0,False,nan|Ce1176_A3,1313956
1,130_bNAb_Combinations|1313956|vc|5|2|Ce1176_A3|7023,0,0,-0.0762489,0,-16.5285,0,0,False,nan|Ce1176_A3,1313956
1,130_bNAb_Combinations|1313956|vc|6|2|Ce1176_A3|7023,0,0,0.0177311,0,-2.06732,0,0,False,nan|Ce1176_A3,1313956
1,130_bNAb_Combinations|1313956|vc|7|2|Ce1176_A3|7023,0,0,0.267575,0,21.8451,0,0,False,nan|Ce1176_A3,1313956
1,130_bNAb_Combinations|1313956|vc|8|2|Ce1176_A3|7023,0,0,-0.135304,0,-37.0582,0,0,False,nan|Ce1176_A3,1313956
1,130_bNAb_Combinations|1313974|cc|1|1|nan|1176,0,0,0.00504005,0,-8.0876,0,0,False,nan|1176,1313974
1,130_bNAb_Combinations|1313974|cc|2|1|nan|1176,0,0,-0.0462529,0,-15.6539,0,0,False,nan|1176,1313974
1,130_bNAb_Combinations|1313974|cc|3|1|nan|1176,0,0,0.114712,0,-4.29054,0,0,False,nan|1176,1313974
1,130_bNAb_Combinations|1313974|cc|4|1|nan|1176,0,0,-0.103676,0,-1.74734,0,0,False,nan|1176,1313974
1,130_bNAb_Combinations|1313974|cc|5|1|nan|1176,0,0,0.0576015,0,-5.53383,0,0,False,nan|1176,1313974
1,130_bNAb_Combinations|1313974|cc|6|1|nan|1176,0,0,0.1198,0,-27.9157,0,0,False,nan|1176,1313974
1,130_bNAb_Combinations|1313974|cc|7|1|nan|1176,0,0,0.194444,0,-45.6191,0,0,False,nan|1176,1313974
1,130_bNAb_Combinations|1313974|cc|8|1|nan|1176,0,0,-0.0106905,0,23.7799,0,0,False,nan|1176,1313974
1,130_bNAb_Combinations|1313974|sample|10|nan|1176,0,0,-0.205301,0,-19.4139,0,0,True,PGT121|1176,1313974
1,130_bNAb_Combinations|1313974|sample|11|nan|1176,0,0,0.078296,0,1.28062,0,0,True,VRC07-523LS|1176,1313974
1,130_bNAb_Combinations|1313974|sample|12|nan|1176,0,0,-0.097298,0,-3.56112,0,0,True,VRC07-523LS|1176,1313974
1,130_bNAb_Combinations|1313974|sample|3|nan|1176,0,0,-0.258449,0,-12.8616,0,0,True,PGDM1400|1176,1313974
1,130_bNAb_Combinations|1313974|sample|4|nan|1176,0,0,-0.23124,0,-11.4338,0,0,True,PGDM1400|1176,1313974
1,130_bNAb_Combinations|1313974|sample|5|nan|1176,0,0,-0.38216,0,-15.7805,0,0,True,PGDM1400|1176,1313974
1,130_bNAb_Combinations|1313974|sample|6|nan|1176,0,0,-0.346734,0,-16.1438,0,0,True,PGDM1400|1176,1313974
1,130_bNAb_Combinations|1313974|sample|7|nan|1176,0,0,-0.0745151,0,-18.5803,0,0,True,PGT121|1176,1313974
1,130_bNAb_Combinations|1313974|sample|8|nan|1176,0,0,-0.0501097,0,-18.6446,0,0,True,PGT121|1176,1313974
1,130_bNAb_Combinations|1313974|sample|9|nan|1176,0,0,-0.148764,0,-19.3846,0,0,True,PGT121|1176,1313974
1,130_bNAb_Combinations|1313974|vc|1|2|nan|1176,0,0,0.196753,0,-1.22692,0,0,False,nan|1176,1313974
1,130_bNAb_Combinations|1313974|vc|2|2|nan|1176,0,0,-0.18935,0,14.8343,0,0,False,nan|1176,1313974
1,130_bNAb_Combinations|1313974|vc|3|2|nan|1176,0,0,-0.103603,0,-22.7311,0,0,False,nan|1176,1313974
1,130_bNAb_Combinations|1313974|vc|4|2|nan|1176,0,0,0.126775,0,-41.9551,0,0,False,nan|1176,1313974
1,130_bNAb_Combinations|1313974|vc|5|2|nan|1176,0,0,-0.0921878,0,25.7348,0,0,False,nan|1176,1313974
1,130_bNAb_Combinations|1313974|vc|6|2|nan|1176,0,0,0.0406495,0,-38.7376,0,0,False,nan|1176,1313974
1,130_bNAb_Combinations|1313974|vc|7|2|nan|1176,0,0,0.0116833,0,-8.43926,0,0,False,nan|1176,1313974
1,130_bNAb_Combinations|1313974|vc|8|2|nan|1176,0,0,0.126482,0,-18.8008,0,0,False,nan|1176,1313974
1,130_bNAb_Combinations|1313992|cc|1|1|RHPA4259.7|5371,0,0,-0.36766,0,7.00091,0,0,False,nan|RHPA4259.7,1313992
1,130_bNAb_Combinations|1313992|cc|2|1|RHPA4259.7|5371,0,0,-0.15282,0,0.178573,0,0,False,nan|RHPA4259.7,1313992
1,130_bNAb_Combinations|1313992|cc|3|1|RHPA4259.7|5371,0,0,0.185441,0,29.0571,0,0,False,nan|RHPA4259.7,1313992
1,130_bNAb_Combinations|1313992|cc|4|1|RHPA4259.7|5371,0,0,-0.155261,0,4.91105,0,0,False,nan|RHPA4259.7,1313992
1,130_bNAb_Combinations|1313992|cc|5|1|RHPA4259.7|5371,0,0,-0.312391,0,34.704,0,0,False,nan|RHPA4259.7,1313992
1,130_bNAb_Combinations|1313992|cc|6|1|RHPA4259.7|5371,0,0,-0.371237,0,-6.39935,0,0,False,nan|RHPA4259.7,1313992
1,130_bNAb_Combinations|1313992|cc|7|1|RHPA4259.7|5371,0,0,0.0769098,0,6.84484,0,0,False,nan|RHPA4259.7,1313992
1,130_bNAb_Combinations|1313992|cc|8|1|RHPA4259.7|5371,0,0,0.0653676,0,-7.63682,0,0,False,nan|RHPA4259.7,1313992
1,130_bNAb_Combinations|1313992|sample|10|RHPA4259.7|5371,0,0,-0.0043633,0,11.463,0,0,True,PGT121|RHPA4259.7,1313992
1,130_bNAb_Combinations|1313992|sample|11|RHPA4259.7|5371,0,0,-0.0279976,0,19.8161,0,0,True,VRC07-523LS|RHPA4259.7,1313992
1,130_bNAb_Combinations|1313992|sample|12|RHPA4259.7|5371,0,0,-0.00814115,0,10.6251,0,0,True,VRC07-523LS|RHPA4259.7,1313992
1,130_bNAb_Combinations|1313992|sample|3|RHPA4259.7|5371,0,0,0.192451,0,-15.3577,0,0,True,PGDM1400|RHPA4259.7,1313992
1,130_bNAb_Combinations|1313992|sample|4|RHPA4259.7|5371,0,0,0.163076,0,-14.7681,0,0,True,PGDM1400|RHPA4259.7,1313992
1,130_bNAb_Combinations|1313992|sample|5|RHPA4259.7|5371,0,0,0.202715,0,-13.7126,0,0,True,PGDM1400|RHPA4259.7,1313992
1,130_bNAb_Combinations|1313992|sample|6|RHPA4259.7|5371,0,0,0.0120675,0,-15.0268,0,0,True,PGDM1400|RHPA4259.7,1313992
1,130_bNAb_Combinations|1313992|sample|7|RHPA4259.7|5371,0,0,0.0181077,0,17.8637,0,0,True,PGT121|RHPA4259.7,1313992
1,130_bNAb_Combinations|1313992|sample|8|RHPA4259.7|5371,0,0,0.0720617,0,23.6631,0,0,True,PGT121|RHPA4259.7,1313992
1,130_bNAb_Combinations|1313992|sample|9|RHPA4259.7|5371,0,0,0.0440285,0,22.4114,0,0,True,PGT121|RHPA4259.7,1313992
1,130_bNAb_Combinations|1313992|vc|1|2|RHPA4259.7|5371,0,0,-0.14026,0,7.0757,0,0,False,nan|RHPA4259.7,1313992
1,130_bNAb_Combinations|1313992|vc|2|2|RHPA4259.7|5371,0,0,-0.201853,0,-1.21553,0,0,False,nan|RHPA4259.7,1313992
1,130_bNAb_Combinations|1313992|vc|3|2|RHPA4259.7|5371,0,0,0.177873,0,-3.69241,0,0,False,nan|RHPA4259.7,1313992
1,130_bNAb_Combinations|1313992|vc|4|2|RHPA4259.7|5371,0,0,-0.0321004,0,-15.6974,0,0,False,nan|RHPA4259.7,1313992
1,130_bNAb_Combinations|1313992|vc|5|2|RHPA4259.7|5371,0,0,0.0595554,0,-10.3778,0,0,False,nan|RHPA4259.7,1313992
1,130_bNAb_Combinations|1313992|vc|6|2|RHPA4259.7|5371,0,0,0.158089,0,-14.3224,0,0,False,nan|RHPA4259.7,1313992
1,130_bNAb_Combinations|1313992|vc|7|2|RHPA4259.7|5371,0,0,0.161051,0,12.7724,0,0,False,nan|RHPA4259.7,1313992
1,130_bNAb_Combinations|1313992|vc|8|2|RHPA4259.7|5371,0,0,0.0265348,0,14.5363,0,0,False,nan|RHPA4259.7,1313992
1,130_bNAb_Combinations|1314016|cc|1|1|nan|3430,0,0,-0.131879,0,27.3206,0,0,False,nan|3430,1314016
1,130_bNAb_Combinations|1314016|cc|2|1|nan|3430,0,0,-0.252882,0,-12.6585,0,0,False,nan|3430,1314016
1,130_bNAb_Combinations|1314016|cc|3|1|nan|3430,0,0,-0.409524,0,-0.976937,0,0,False,nan|3430,1314016
1,130_bNAb_Combinations|1314016|cc|4|1|nan|3430,0,0,0.108914,0,10.8564,0,0,False,nan|3430,1314016
1,130_bNAb_Combinations|1314016|cc|5|1|nan|3430,0,0,0.0222565,0,18.9254,0,0,False,nan|3430,1314016
1,130_bNAb_Combinations|1314016|cc|6|1|nan|3430,0,0,-0.0684711,0,-5.51598,0,0,False,nan|3430,1314016
1,130_bNAb_Combinations|1314016|cc|7|1|nan|3430,0,0,-0.18302,0,-2.92,0,0,False,nan|3430,1314016
1,130_bNAb_Combinations|1314016|cc|8|1|nan|3430,0,0,0.0506437,0,28.592,0,0,False,nan|3430,1314016
1,130_bNAb_Combinations|1314016|sample|10|nan|3430,0,0,-0.202261,0,-11.5835,0,0,True,PGT121|3430,1314016
1,130_bNAb_Combinations|1314016|sample|11|nan|3430,0,0,0.0219494,0,6.73012,0,0,True,VRC07-523LS|3430,1314016
1,130_bNAb_Combinations|1314016|sample|12|nan|3430,0,0,-0.0457003,0,0.876991,0,0,True,VRC07-523LS|3430,1314016
1,130_bNAb_Combinations|1314016|sample|3|nan|3430,0,0,-0.123342,0,32.9341,0,0,True,PGDM1400|3430,1314016
1,130_bNAb_Combinations|1314016|sample|4|nan|3430,0,0,-0.0530837,0,59.0128,0,0,True,PGDM1400|3430,1314016
1,130_bNAb_Combinations|1314016|sample|5|nan|3430,0,0,-0.206998,0,12.9274,0,0,True,PGDM1400|3430,1314016
1,130_bNAb_Combinations|1314016|sample|6|nan|3430,0,0,-0.233259,0,6.85004,0,0,True,PGDM1400|3430,1314016
1,130_bNAb_Combinations|1314016|sample|7|nan|3430,0,0,-0.140966,0,-11.2734,0,0,True,PGT121|3430,1314016
1,130_bNAb_Combinations|1314016|sample|8|nan|3430,0,0,-0.175871,0,-12.9885,0,0,True,PGT121|3430,1314016
1,130_bNAb_Combinations|1314016|sample|9|nan|3430,0,0,-0.205759,0,-11.6132,0,0,True,PGT121|3430,1314016
1,130_bNAb_Combinations|1314016|vc|1|2|nan|3430,0,0,0.0822251,0,40.0142,0,0,False,nan|3430,1314016
1,130_bNAb_Combinations|1314016|vc|2|2|nan|3430,0,0,-0.299918,0,-15.0631,0,0,False,nan|3430,1314016
1,130_bNAb_Combinations|1314016|vc|3|2|nan|3430,0,0,0.156036,0,-5.33407,0,0,False,nan|3430,1314016
1,130_bNAb_Combinations|1314016|vc|4|2|nan|3430,0,0,-0.0994324,0,-2.94264,0,0,False,nan|3430,1314016
1,130_bNAb_Combinations|1314016|vc|5|2|nan|3430,0,0,0.297553,0,-0.411015,0,0,False,nan|3430,1314016
1,130_bNAb_Combinations|1314016|vc|6|2|nan|3430,0,0,0.105375,0,-28.6282,0,0,False,nan|3430,1314016
1,130_bNAb_Combinations|1314016|vc|7|2|nan|3430,0,0,0.02664,0,-57.3143,0,0,False,nan|3430,1314016
1,130_bNAb_Combinations|1314016|vc|8|2|nan|3430,0,0,-0.104826,0,37.0475,0,0,False,nan|3430,1314016
1,130_bNAb_Combinations|1314040|cc|1|1|nan|4166,0,0,0.0815835,0,0.0403312,0,0,False,nan|4166,1314040
1,130_bNAb_Combinations|1314040|cc|2|1|nan|4166,0,0,0.0547545,0,6.7478,0,0,False,nan|4166,1314040
1,130_bNAb_Combinations|1314040|cc|3|1|nan|4166,0,0,0.061401,0,-23.0282,0,0,False,nan|4166,1314040
1,130_bNAb_Combinations|1314040|cc|4|1|nan|4166,0,0,-0.11671,0,12.0026,0,0,False,nan|4166,1314040
1,130_bNAb_Combinations|1314040|cc|5|1|nan|4166,0,0,-0.142014,0,13.5311,0,0,False,nan|4166,1314040
1,130_bNAb_Combinations|1314040|cc|6|1|nan|4166,0,0,-0.174308,0,29.1077,0,0,False,nan|4166,1314040
1,130_bNAb_Combinations|1314040|cc|7|1|nan|4166,0,0,-0.0980704,0,-32.173,0,0,False,nan|4166,1314040
1,130_bNAb_Combinations|1314040|cc|8|1|nan|4166,0,0,0.0629259,0,29.3518,0,0,False,nan|4166,1314040
1,130_bNAb_Combinations|1314040|sample|10|nan|4166,0,0,-0.0258008,0,37.8507,0,0,True,PGT121|4166,1314040
1,130_bNAb_Combinations|1314040|sample|11|nan|4166,0,0,0.00743435,0,24.5865,0,0,True,VRC07-523LS|4166,1314040
1,130_bNAb_Combinations|1314040|sample|12|nan|4166,0,0,-0.0803045,0,13.3915,0,0,True,VRC07-523LS|4166,1314040
1,130_bNAb_Combinations|1314040|sample|3|nan|4166,0,0,-0.140493,0,9.29203,0,0,True,PGDM1400|4166,1314040
1,130_bNAb_Combinations|1314040|sample|4|nan|4166,0,0,-0.0870065,0,9.18043,0,0,True,PGDM1400|4166,1314040
1,130_bNAb_Combinations|1314040|sample|5|nan|4166,0,0,-0.0996842,0,14.5056,0,0,True,PGDM1400|4166,1314040
1,130_bNAb_Combinations|1314040|sample|6|nan|4166,0,0,-0.0928564,0,22.9523,0,0,True,PGDM1400|4166,1314040
1,130_bNAb_Combinations|1314040|sample|7|nan|4166,0,0,0.0718671,0,58.7527,0,0,True,PGT121|4166,1314040
1,130_bNAb_Combinations|1314040|sample|8|nan|4166,0,0,0.0366399,0,35.6016,0,0,True,PGT121|4166,1314040
1,130_bNAb_Combinations|1314040|sample|9|nan|4166,0,0,-0.0404211,0,18.5239,0,0,True,PGT121|4166,1314040
1,130_bNAb_Combinations|1314040|vc|1|2|nan|4166,0,0,-0.040492,0,-6.19903,0,0,False,nan|4166,1314040
1,130_bNAb_Combinations|1314040|vc|2|2|nan|4166,0,0,-0.127013,0,-19.9272,0,0,False,nan|4166,1314040
1,130_bNAb_Combinations|1314040|vc|3|2|nan|4166,0,0,0.0297098,0,-31.9364,0,0,False,nan|4166,1314040
1,130_bNAb_Combinations|1314040|vc|4|2|nan|4166,0,0,0.216803,0,16.4928,0,0,False,nan|4166,1314040
1,130_bNAb_Combinations|1314040|vc|5|2|nan|4166,0,0,-0.138391,0,-22.5454,0,0,False,nan|4166,1314040
1,130_bNAb_Combinations|1314040|vc|6|2|nan|4166,0,0,0.0268859,0,17.302,0,0,False,nan|4166,1314040
1,130_bNAb_Combinations|1314040|vc|7|2|nan|4166,0,0,0.0531525,0,25.0266,0,0,False,nan|4166,1314040
1,130_bNAb_Combinations|1314040|vc|8|2|nan|4166,0,0,0.0781882,0,-20.6046,0,0,False,nan|4166,1314040
1,130_bNAb_Combinations|1314058|cc|1|1|nan|2944,0,0,-0.204303,0,-17.462,0,0,False,nan|2944,1314058
1,130_bNAb_Combinations|1314058|cc|2|1|nan|2944,0,0,0.161981,0,0.582904,0,0,False,nan|2944,1314058
1,130_bNAb_Combinations|1314058|cc|3|1|nan|2944,0,0,-0.254671,0,-3.21522,0,0,False,nan|2944,1314058
1,130_bNAb_Combinations|1314058|cc|4|1|nan|2944,0,0,0.0803092,0,-14.1805,0,0,False,nan|2944,1314058
1,130_bNAb_Combinations|1314058|cc|5|1|nan|2944,0,0,0.205865,0,-1.90089,0,0,False,nan|2944,1314058
1,130_bNAb_Combinations|1314058|cc|6|1|nan|2944,0,0,0.220725,0,-55.0019,0,0,False,nan|2944,1314058
1,130_bNAb_Combinations|1314058|cc|7|1|nan|2944,0,0,0.112355,0,29.1208,0,0,False,nan|2944,1314058
1,130_bNAb_Combinations|1314058|cc|8|1|nan|2944,0,0,0.108184,0,29.1181,0,0,False,nan|2944,1314058
1,130_bNAb_Combinations|1314058|sample|10|nan|2944,0,0,0.020455,0,41.314,0,0,True,PGT121|2944,1314058
1,130_bNAb_Combinations|1314058|sample|11|nan|2944,0,0,0.0693777,0,-0.409505,0,0,True,VRC07-523LS|2944,1314058
1,130_bNAb_Combinations|1314058|sample|12|nan|2944,0,0,0.132893,0,0.987151,0,0,True,VRC07-523LS|2944,1314058
1,130_bNAb_Combinations|1314058|sample|3|nan|2944,0,0,-0.10282,0,59.5797,0,0,True,PGDM1400|2944,1314058
1,130_bNAb_Combinations|1314058|sample|4|nan|2944,0,0,-0.129726,0,43.03,0,0,True,PGDM1400|2944,1314058
1,130_bNAb_Combinations|1314058|sample|5|nan|2944,0,0,-0.238518,0,13.3311,0,0,True,PGDM1400|2944,1314058
1,130_bNAb_Combinations|1314058|sample|6|nan|2944,0,0,-0.205701,0,32.1749,0,0,True,PGDM1400|2944,1314058
1,130_bNAb_Combinations|1314058|sample|7|nan|2944,0,0,-0.0746094,0,18.8595,0,0,True,PGT121|2944,1314058
1,130_bNAb_Combinations|1314058|sample|8|nan|2944,0,0,0.0766143,0,54.167,0,0,True,PGT121|2944,1314058
1,130_bNAb_Combinations|1314058|sample|9|nan|2944,0,0,-0.026485,0,29.7354,0,0,True,PGT121|2944,1314058
1,130_bNAb_Combinations|1314058|vc|1|2|nan|2944,0,0,0.182568,0,7.62414,0,0,False,nan|2944,1314058
1,130_bNAb_Combinations|1314058|vc|2|2|nan|2944,0,0,-0.15,0,3.47327,0,0,False,nan|2944,1314058
1,130_bNAb_Combinations|1314058|vc|3|2|nan|2944,0,0,-0.255389,0,10.8157,0,0,False,nan|2944,1314058
1,130_bNAb_Combinations|1314058|vc|4|2|nan|2944,0,0,0.17453,0,12.2744,0,0,False,nan|2944,1314058
1,130_bNAb_Combinations|1314058|vc|5|2|nan|2944,0,0,-0.174728,0,-19.5995,0,0,False,nan|2944,1314058
1,130_bNAb_Combinations|1314058|vc|6|2|nan|2944,0,0,0.065656,0,14.7799,0,0,False,nan|2944,1314058
1,130_bNAb_Combinations|1314058|vc|7|2|nan|2944,0,0,0.0802516,0,13.8128,0,0,False,nan|2944,1314058
1,130_bNAb_Combinations|1314058|vc|8|2|nan|2944,0,0,-0.116477,0,-37.1054,0,0,False,nan|2944,1314058
1,130_bNAb_Combinations|1342240|cc|1|1|nan|1798,0,0,0.10435,0,30.4965,0,0,False,nan|1798,1342240
1,130_bNAb_Combinations|1342240|cc|2|1|nan|1798,0,0,0.152115,0,-7.87714,0,0,False,nan|1798,1342240
1,130_bNAb_Combinations|1342240|cc|3|1|nan|1798,0,0,0.178197,0,-14.8241,0,0,False,nan|1798,1342240
1,130_bNAb_Combinations|1342240|cc|4|1|nan|1798,0,0,-0.118809,0,-18.5535,0,0,False,nan|1798,1342240
1,130_bNAb_Combinations|1342240|cc|5|1|nan|1798,0,0,-0.148676,0,22.0515,0,0,False,nan|1798,1342240
1,130_bNAb_Combinations|1342240|cc|6|1|nan|1798,0,0,0.0753709,0,-29.4321,0,0,False,nan|1798,1342240
1,130_bNAb_Combinations|1342240|cc|7|1|nan|1798,0,0,-0.114847,0,6.54127,0,0,False,nan|1798,1342240
1,130_bNAb_Combinations|1342240|cc|8|1|nan|1798,0,0,-0.0459987,0,-25.6819,0,0,False,nan|1798,1342240
1,130_bNAb_Combinations|1342240|sample|3|nan|1798,0,0,0.263364,0,-12.5525,0,0,True,VRC07-523LS|1798,1342240
1,130_bNAb_Combinations|1342240|sample|4|nan|1798,0,0,0.294534,0,-13.6422,0,0,True,VRC07-523LS|1798,1342240
1,130_bNAb_Combinations|1342240|sample|8|nan|1798,0,0,0.0100868,0,-4.41773,0,0,True,VRC07-523LS|1798,1342240
1,130_bNAb_Combinations|1342240|vc|1|2|nan|1798,0,0,-0.156507,0,-26.6544,0,0,False,nan|1798,1342240
1,130_bNAb_Combinations|1342240|vc|2|2|nan|1798,0,0,-0.103272,0,-2.09317,0,0,False,nan|1798,1342240
1,130_bNAb_Combinations|1342240|vc|3|2|nan|1798,0,0,0.221141,0,-21.0566,0,0,False,nan|1798,1342240
1,130_bNAb_Combinations|1342240|vc|4|2|nan|1798,0,0,-0.0616476,0,0.0579218,0,0,False,nan|1798,1342240
1,130_bNAb_Combinations|1342240|vc|5|2|nan|1798,0,0,0.0472335,0,1.9682,0,0,False,nan|1798,1342240
1,130_bNAb_Combinations|1342240|vc|6|2|nan|1798,0,0,-0.0956623,0,-2.69542,0,0,False,nan|1798,1342240
1,130_bNAb_Combinations|1342240|vc|7|2|nan|1798,0,0,0.103175,0,19.0913,0,0,False,nan|1798,1342240
1,130_bNAb_Combinations|1342240|vc|8|2|nan|1798,0,0,-0.070915,0,-44.2825,0,0,False,nan|1798,1342240
1,130_bNAb_Combinations|1342258|cc|1|1|TRO.11|8301,0,0,0.00702882,0,-20.6263,0,0,False,nan|TRO.11,1342258
1,130_bNAb_Combinations|1342258|cc|2|1|TRO.11|8301,0,0,-0.146195,0,-39.9353,0,0,False,nan|TRO.11,1342258
1,130_bNAb_Combinations|1342258|cc|3|1|TRO.11|8301,0,0,-0.0271102,0,-15.224,0,0,False,nan|TRO.11,1342258
1,130_bNAb_Combinations|1342258|cc|4|1|TRO.11|8301,0,0,-0.0652655,0,-15.0849,0,0,False,nan|TRO.11,1342258
1,130_bNAb_Combinations|1342258|cc|5|1|TRO.11|8301,0,0,0.019499,0,9.91652,0,0,False,nan|TRO.11,1342258
1,130_bNAb_Combinations|1342258|cc|6|1|TRO.11|8301,0,0,-0.15322,0,9.0953,0,0,False,nan|TRO.11,1342258
1,130_bNAb_Combinations|1342258|cc|7|1|TRO.11|8301,0,0,0.0609366,0,-39.6084,0,0,False,nan|TRO.11,1342258
1,130_bNAb_Combinations|1342258|cc|8|1|TRO.11|8301,0,0,-0.232294,0,-35.2917,0,0,False,nan|TRO.11,1342258
1,130_bNAb_Combinations|1342258|sample|3|TRO.11|8301,0,0,0.111019,0,-3.8244,0,0,True,VRC07-523LS|TRO.11,1342258
1,130_bNAb_Combinations|1342258|sample|4|TRO.11|8301,0,0,0.28123,0,4.15034,0,0,True,VRC07-523LS|TRO.11,1342258
1,130_bNAb_Combinations|1342258|vc|1|2|TRO.11|8301,0,0,0.26788,0,11.8432,0,0,False,nan|TRO.11,1342258
1,130_bNAb_Combinations|1342258|vc|2|2|TRO.11|8301,0,0,0.185049,0,12.006,0,0,False,nan|TRO.11,1342258
1,130_bNAb_Combinations|1342258|vc|3|2|TRO.11|8301,0,0,0.0112051,0,-20.7394,0,0,False,nan|TRO.11,1342258
1,130_bNAb_Combinations|1342258|vc|4|2|TRO.11|8301,0,0,-0.216243,0,19.1173,0,0,False,nan|TRO.11,1342258
1,130_bNAb_Combinations|1342258|vc|5|2|TRO.11|8301,0,0,0.125617,0,8.7791,0,0,False,nan|TRO.11,1342258
1,130_bNAb_Combinations|1342258|vc|6|2|TRO.11|8301,0,0,0.090124,0,12.8424,0,0,False,nan|TRO.11,1342258
1,130_bNAb_Combinations|1342258|vc|7|2|TRO.11|8301,0,0,0.0640865,0,-45.5428,0,0,False,nan|TRO.11,1342258
1,130_bNAb_Combinations|1342258|vc|8|2|TRO.11|8301,0,0,-0.150736,0,-42.5081,0,0,False,nan|TRO.11,1342258
1,130_bNAb_Combinations|1342276|cc|1|1|Ce1176_A3|7023,0,0,-0.0174388,0,-2.7329,0,0,False,nan|Ce1176_A3,1342276
1,130_bNAb_Combinations|1342276|cc|2|1|Ce1176_A3|7023,0,0,0.157214,0,-22.2842,0,0,False,nan|Ce1176_A3,1342276
1,130_bNAb_Combinations|1342276|cc|3|1|Ce1176_A3|7023,0,0,-0.0680471,0,18.4461,0,0,False,nan|Ce1176_A3,1342276
1,130_bNAb_Combinations|1342276|cc|4|1|Ce1176_A3|7023,0,0,-0.160199,0,4.19758,0,0,False,nan|Ce1176_A3,1342276
1,130_bNAb_Combinations|1342276|cc|5|1|Ce1176_A3|7023,0,0,0.0658763,0,7.31615,0,0,False,nan|Ce1176_A3,1342276
1,130_bNAb_Combinations|1342276|cc|6|1|Ce1176_A3|7023,0,0,0.011226,0,-25.5066,0,0,False,nan|Ce1176_A3,1342276
1,130_bNAb_Combinations|1342276|cc|7|1|Ce1176_A3|7023,0,0,-0.237417,0,-24.4763,0,0,False,nan|Ce1176_A3,1342276
1,130_bNAb_Combinations|1342276|cc|8|1|Ce1176_A3|7023,0,0,0.0725235,0,-6.954,0,0,False,nan|Ce1176_A3,1342276
1,130_bNAb_Combinations|1342276|sample|3|Ce1176_A3|7023,0,0,0.18307,0,-12.1901,0,0,True,VRC07-523LS|Ce1176_A3,1342276
1,130_bNAb_Combinations|1342276|sample|4|Ce1176_A3|7023,0,0,0.162955,0,-11.8284,0,0,True,VRC07-523LS|Ce1176_A3,1342276
1,130_bNAb_Combinations|1342276|vc|1|2|Ce1176_A3|7023,0,0,0.011868,0,12.1648,0,0,False,nan|Ce1176_A3,1342276
1,130_bNAb_Combinations|1342276|vc|2|2|Ce1176_A3|7023,0,0,-0.00205129,0,-0.410762,0,0,False,nan|Ce1176_A3,1342276
1,130_bNAb_Combinations|1342276|vc|3|2|Ce1176_A3|7023,0,0,-0.192711,0,-17.9074,0,0,False,nan|Ce1176_A3,1342276
1,130_bNAb_Combinations|1342276|vc|4|2|Ce1176_A3|7023,0,0,0.0142407,0,-11.2781,0,0,False,nan|Ce1176_A3,1342276
1,130_bNAb_Combinations|1342276|vc|5|2|Ce1176_A3|7023,0,0,0.0638182,0,-30.6784,0,0,False,nan|Ce1176_A3,1342276
1,130_bNAb_Combinations|1342276|vc|6|2|Ce1176_A3|7023,0,0,-0.019308,0,-8.96148,0,0,False,nan|Ce1176_A3,1342276
1,130_bNAb_Combinations|1342276|vc|7|2|Ce1176_A3|7023,0,0,-0.102314,0,-23.7666,0,0,False,nan|Ce1176_A3,1342276
1,130_bNAb_Combinations|1342276|vc|8|2|Ce1176_A3|7023,0,0,-0.239789,0,-28.4825,0,0,False,nan|Ce1176_A3,1342276
1,130_bNAb_Combinations|1342294|cc|1|1|nan|1176,0,0,0.0352481,0,51.5773,0,0,False,nan|1176,1342294
1,130_bNAb_Combinations|1342294|cc|2|1|nan|1176,0,0,0.147642,0,-4.11507,0,0,False,nan|1176,1342294
1,130_bNAb_Combinations|1342294|cc|3|1|nan|1176,0,0,0.128363,0,-2.99638,0,0,False,nan|1176,1342294
1,130_bNAb_Combinations|1342294|cc|4|1|nan|1176,0,0,-0.065921,0,-13.3888,0,0,False,nan|1176,1342294
1,130_bNAb_Combinations|1342294|cc|5|1|nan|1176,0,0,-0.168211,0,-6.58039,0,0,False,nan|1176,1342294
1,130_bNAb_Combinations|1342294|cc|6|1|nan|1176,0,0,0.0306538,0,-18.6631,0,0,False,nan|1176,1342294
1,130_bNAb_Combinations|1342294|cc|7|1|nan|1176,0,0,0.011203,0,-32.6316,0,0,False,nan|1176,1342294
1,130_bNAb_Combinations|1342294|cc|8|1|nan|1176,0,0,0.124398,0,-22.1956,0,0,False,nan|1176,1342294
1,130_bNAb_Combinations|1342294|sample|3|nan|1176,0,0,-0.127201,0,-7.27179,0,0,True,VRC07-523LS|1176,1342294
1,130_bNAb_Combinations|1342294|sample|4|nan|1176,0,0,0.103524,0,4.46322,0,0,True,VRC07-523LS|1176,1342294
1,130_bNAb_Combinations|1342294|sample|8|nan|1176,0,0,0.200419,0,16.4172,0,0,True,VRC07-523LS|1176,1342294
1,130_bNAb_Combinations|1342294|vc|1|2|nan|1176,0,0,-0.0615246,0,23.9295,0,0,False,nan|1176,1342294
1,130_bNAb_Combinations|1342294|vc|2|2|nan|1176,0,0,-0.151363,0,38.6788,0,0,False,nan|1176,1342294
1,130_bNAb_Combinations|1342294|vc|3|2|nan|1176,0,0,0.115523,0,0.431173,0,0,False,nan|1176,1342294
1,130_bNAb_Combinations|1342294|vc|4|2|nan|1176,0,0,-0.121576,0,-2.0761,0,0,False,nan|1176,1342294
1,130_bNAb_Combinations|1342294|vc|5|2|nan|1176,0,0,0.0044436,0,5.2705,0,0,False,nan|1176,1342294
1,130_bNAb_Combinations|1342294|vc|6|2|nan|1176,0,0,0.199058,0,7.21551,0,0,False,nan|1176,1342294
1,130_bNAb_Combinations|1342294|vc|7|2|nan|1176,0,0,-0.128671,0,10.6963,0,0,False,nan|1176,1342294
1,130_bNAb_Combinations|1342294|vc|8|2|nan|1176,0,0,0.0466107,0,2.54212,0,0,False,nan|1176,1342294
1,130_bNAb_Combinations|1342312|cc|1|1|RHPA4259.7|5371,0,0,0.132336,0,2.74523,0,0,False,nan|RHPA4259.7,1342312
1,130_bNAb_Combinations|1342312|cc|2|1|RHPA4259.7|5371,0,0,0.134067,0,-16.1944,0,0,False,nan|RHPA4259.7,1342312
1,130_bNAb_Combinations|1342312|cc|3|1|RHPA4259.7|5371,0,0,0.0133191,0,-14.543,0,0,False,nan|RHPA4259.7,1342312
1,130_bNAb_Combinations|1342312|cc|4|1|RHPA4259.7|5371,0,0,0.393565,0,-5.60801,0,0,False,nan|RHPA4259.7,1342312
1,130_bNAb_Combinations|1342312|cc|5|1|RHPA4259.7|5371,0,0,-0.112744,0,23.6239,0,0,False,nan|RHPA4259.7,1342312
1,130_bNAb_Combinations|1342312|cc|6|1|RHPA4259.7|5371,0,0,-0.175578,0,30.0543,0,0,False,nan|RHPA4259.7,1342312
1,130_bNAb_Combinations|1342312|cc|7|1|RHPA4259.7|5371,0,0,-0.0308752,0,33.9095,0,0,False,nan|RHPA4259.7,1342312
1,130_bNAb_Combinations|1342312|cc|8|1|RHPA4259.7|5371,0,0,0.129462,0,8.84472,0,0,False,nan|RHPA4259.7,1342312
1,130_bNAb_Combinations|1342312|sample|3|RHPA4259.7|5371,0,0,0.183207,0,42.3159,0,0,True,VRC07-523LS|RHPA4259.7,1342312
1,130_bNAb_Combinations|1342312|sample|4|RHPA4259.7|5371,0,0,0.086027,0,22.3959,0,0,True,VRC07-523LS|RHPA4259.7,1342312
1,130_bNAb_Combinations|1342312|vc|1|2|RHPA4259.7|5371,0,0,0.020209,0,43.1254,0,0,False,nan|RHPA4259.7,1342312
1,130_bNAb_Combinations|1342312|vc|2|2|RHPA4259.7|5371,0,0,-0.226267,0,-0.77486,0,0,False,nan|RHPA4259.7,1342312
1,130_bNAb_Combinations|1342312|vc|3|2|RHPA4259.7|5371,0,0,-0.307187,0,-14.8749,0,0,False,nan|RHPA4259.7,1342312
1,130_bNAb_Combinations|1342312|vc|4|2|RHPA4259.7|5371,0,0,-0.113013,0,-26.9287,0,0,False,nan|RHPA4259.7,1342312
1,130_bNAb_Combinations|1342312|vc|5|2|RHPA4259.7|5371,0,0,-0.224925,0,-7.85015,0,0,False,nan|RHPA4259.7,1342312
1,130_bNAb_Combinations|1342312|vc|6|2|RHPA4259.7|5371,0,0,0.137388,0,-40.1208,0,0,False,nan|RHPA4259.7,1342312
1,130_bNAb_Combinations|1342312|vc|7|2|RHPA4259.7|5371,0,0,-0.0142006,0,21.275,0,0,False,nan|RHPA4259.7,1342312
1,130_bNAb_Combinations|1342312|vc|8|2|RHPA4259.7|5371,0,0,-0.0268079,0,-3.58628,0,0,False,nan|RHPA4259.7,1342312
1,130_bNAb_Combinations|1342336|cc|1|1|nan|3430,0,0,0.052697,0,4.02728,0,0,False,nan|3430,1342336
1,130_bNAb_Combinations|1342336|cc|2|1|nan|3430,0,0,-0.0449243,0,-20.8633,0,0,False,nan|3430,1342336
1,130_bNAb_Combinations|1342336|cc|3|1|nan|3430,0,0,0.238113,0,3.38401,0,0,False,nan|3430,1342336
1,130_bNAb_Combinations|1342336|cc|4|1|nan|3430,0,0,0.0678747,0,60.8964,0,0,False,nan|3430,1342336
1,130_bNAb_Combinations|1342336|cc|5|1|nan|3430,0,0,-0.302751,0,-1.10083,0,0,False,nan|3430,1342336
1,130_bNAb_Combinations|1342336|cc|6|1|nan|3430,0,0,-0.0116838,0,-21.8367,0,0,False,nan|3430,1342336
1,130_bNAb_Combinations|1342336|cc|7|1|nan|3430,0,0,-0.146064,0,47.0872,0,0,False,nan|3430,1342336
1,130_bNAb_Combinations|1342336|cc|8|1|nan|3430,0,0,-0.0445332,0,45.4855,0,0,False,nan|3430,1342336
1,130_bNAb_Combinations|1342336|sample|3|nan|3430,0,0,0.128145,0,18.7921,0,0,True,VRC07-523LS|3430,1342336
1,130_bNAb_Combinations|1342336|sample|4|nan|3430,0,0,0.202731,0,29.6157,0,0,True,VRC07-523LS|3430,1342336
1,130_bNAb_Combinations|1342336|sample|5|nan|3430,0,0,-0.568184,0,6.14786,0,0,True,VRC07-523LS|3430,1342336
1,130_bNAb_Combinations|1342336|vc|1|2|nan|3430,0,0,0.0871109,0,9.49747,0,0,False,nan|3430,1342336
1,130_bNAb_Combinations|1342336|vc|2|2|nan|3430,0,0,-0.0998305,0,39.0888,0,0,False,nan|3430,1342336
1,130_bNAb_Combinations|1342336|vc|3|2|nan|3430,0,0,-0.231344,0,9.48642,0,0,False,nan|3430,1342336
1,130_bNAb_Combinations|1342336|vc|4|2|nan|3430,0,0,-0.144654,0,13.287,0,0,False,nan|3430,1342336
1,130_bNAb_Combinations|1342336|vc|5|2|nan|3430,0,0,0.259841,0,-6.76396,0,0,False,nan|3430,1342336
1,130_bNAb_Combinations|1342336|vc|6|2|nan|3430,0,0,-0.146122,0,-10.4856,0,0,False,nan|3430,1342336
1,130_bNAb_Combinations|1342336|vc|7|2|nan|3430,0,0,-0.10715,0,18.512,0,0,False,nan|3430,1342336
1,130_bNAb_Combinations|1342336|vc|8|2|nan|3430,0,0,-0.0505868,0,-26.1515,0,0,False,nan|3430,1342336
1,130_bNAb_Combinations|1342348|cc|1|1|nan|4166,0,0,-0.215375,0,4.97331,0,0,False,nan|4166,1342348
1,130_bNAb_Combinations|1342348|cc|2|1|nan|4166,0,0,-0.125877,0,10.8925,0,0,False,nan|4166,1342348
1,130_bNAb_Combinations|1342348|cc|3|1|nan|4166,0,0,0.218071,0,6.02976,0,0,False,nan|4166,1342348
1,130_bNAb_Combinations|1342348|cc|4|1|nan|4166,0,0,-0.212412,0,38.1009,0,0,False,nan|4166,1342348
1,130_bNAb_Combinations|1342348|cc|5|1|nan|4166,0,0,-0.133043,0,-18.1095,0,0,False,nan|4166,1342348
1,130_bNAb_Combinations|1342348|cc|6|1|nan|4166,0,0,0.0106407,0,15.9998,0,0,False,nan|4166,1342348
1,130_bNAb_Combinations|1342348|cc|7|1|nan|4166,0,0,-0.299518,0,12.0807,0,0,False,nan|4166,1342348
1,130_bNAb_Combinations|1342348|cc|8|1|nan|4166,0,0,0.0297113,0,-1.71083,0,0,False,nan|4166,1342348
1,130_bNAb_Combinations|1342348|sample|3|nan|4166,0,0,0.131916,0,42.4034,0,0,True,VRC07-523LS|4166,1342348
1,130_bNAb_Combinations|1342348|sample|4|nan|4166,0,0,0.0478554,0,28.6149,0,0,True,VRC07-523LS|4166,1342348
1,130_bNAb_Combinations|1342348|vc|1|2|nan|4166,0,0,-0.0387887,0,1.13923,0,0,False,nan|4166,1342348
1,130_bNAb_Combinations|1342348|vc|2|2|nan|4166,0,0,0.00290785,0,1.22055,0,0,False,nan|4166,1342348
1,130_bNAb_Combinations|1342348|vc|3|2|nan|4166,0,0,0.154856,0,-15.6249,0,0,False,nan|4166,1342348
1,130_bNAb_Combinations|1342348|vc|4|2|nan|4166,0,0,0.202169,0,17.0348,0,0,False,nan|4166,1342348
1,130_bNAb_Combinations|1342348|vc|5|2|nan|4166,0,0,0.00409984,0,-13.2223,0,0,False,nan|4166,1342348
1,130_bNAb_Combinations|1342348|vc|6|2|nan|4166,0,0,-0.110442,0,21.7791,0,0,False,nan|4166,1342348
1,130_bNAb_Combinations|1342348|vc|7|2|nan|4166,0,0,0.167384,0,23.5492,0,0,False,nan|4166,1342348
1,130_bNAb_Combinations|1342348|vc|8|2|nan|4166,0,0,0.176688,0,2.99443,0,0,False,nan|4166,1342348
1,130_bNAb_Combinations|1342372|cc|1|1|nan|2944,0,0,-0.00599101,0,6.78126,0,0,False,nan|2944,1342372
1,130_bNAb_Combinations|1342372|cc|2|1|nan|2944,0,0,-0.152759,0,23.3461,0,0,False,nan|2944,1342372
1,130_bNAb_Combinations|1342372|cc|3|1|nan|2944,0,0,0.0791996,0,-10.7318,0,0,False,nan|2944,1342372
1,130_bNAb_Combinations|1342372|cc|4|1|nan|2944,0,0,0.214865,0,1.83584,0,0,False,nan|2944,1342372
1,130_bNAb_Combinations|1342372|cc|5|1|nan|2944,0,0,0.0552739,0,22.5827,0,0,False,nan|2944,1342372
1,130_bNAb_Combinations|1342372|cc|6|1|nan|2944,0,0,0.0269861,0,-21.2039,0,0,False,nan|2944,1342372
1,130_bNAb_Combinations|1342372|cc|7|1|nan|2944,0,0,0.0848004,0,3.24717,0,0,False,nan|2944,1342372
1,130_bNAb_Combinations|1342372|cc|8|1|nan|2944,0,0,0.00494542,0,-15.5369,0,0,False,nan|2944,1342372
1,130_bNAb_Combinations|1342372|sample|3|nan|2944,0,0,0.0839015,0,-2.53091,0,0,True,VRC07-523LS|2944,1342372
1,130_bNAb_Combinations|1342372|sample|4|nan|2944,0,0,0.0308985,0,-1.48851,0,0,True,VRC07-523LS|2944,1342372
1,130_bNAb_Combinations|1342372|vc|1|2|nan|2944,0,0,-0.0299623,0,19.5201,0,0,False,nan|2944,1342372
1,130_bNAb_Combinations|1342372|vc|2|2|nan|2944,0,0,0.284868,0,-37.6408,0,0,False,nan|2944,1342372
1,130_bNAb_Combinations|1342372|vc|3|2|nan|2944,0,0,0.259548,0,4.37014,0,0,False,nan|2944,1342372
1,130_bNAb_Combinations|1342372|vc|4|2|nan|2944,0,0,0.0236989,0,27.8499,0,0,False,nan|2944,1342372
1,130_bNAb_Combinations|1342372|vc|5|2|nan|2944,0,0,0.232799,0,-23.7733,0,0,False,nan|2944,1342372
1,130_bNAb_Combinations|1342372|vc|6|2|nan|2944,0,0,0.0560304,0,3.04681,0,0,False,nan|2944,1342372
1,130_bNAb_Combinations|1342372|vc|7|2|nan|2944,0,0,0.463978,0,32.9703,0,0,False,nan|2944,1342372
1,130_bNAb_Combinations|1342372|vc|8|2|nan|2944,0,0,0.129606,0,7.57739,0,0,False,nan|2944,1342372
1,130_bNAb_Combinations|1342384|cc|1|1|nan|2946,0,0,0.2278,0,-26.248,0,0,False,nan|2946,1342384
1,130_bNAb_Combinations|1342384|cc|2|1|nan|2946,0,0,-0.0216488,0,1.21666,0,0,False,nan|2946,1342384
1,130_bNAb_Combinations|1342384|cc|3|1|nan|2946,0,0,-0.0283117,0,-8.50405,0,0,False,nan|2946,1342384
1,130_bNAb_Combinations|1342384|cc|4|1|nan|2946,0,0,0.113819,0,-39.4468,0,0,False,nan|2946,1342384
1,130_bNAb_Combinations|1342384|cc|5|1|nan|2946,0,0,-0.223024,0,-13.6484,0,0,False,nan|2946,1342384
1,130_bNAb_Combinations|1342384|cc|6|1|nan|2946,0,0,-0.0738941,0,-0.175229,0,0,False,nan|2946,1342384
1,130_bNAb_Combinations|1342384|cc|7|1|nan|2946,0,0,-0.0982587,0,-1.6752,0,0,False,nan|2946,1342384
1,130_bNAb_Combinations|1342384|cc|8|1|nan|2946,0,0,0.193781,0,30.8338,0,0,False,nan|2946,1342384
1,130_bNAb_Combinations|1342384|sample|3|nan|2946,0,0,0.179016,0,-15.6834,0,0,True,VRC07-523LS|2946,1342384
1,130_bNAb_Combinations|1342384|sample|4|nan|2946,0,0,0.227347,0,-15.1627,0,0,True,VRC07-523LS|2946,1342384
1,130_bNAb_Combinations|1342384|vc|1|2|nan|2946,0,0,-0.0387558,0,5.26208,0,0,False,nan|2946,1342384
1,130_bNAb_Combinations|1342384|vc|2|2|nan|2946,0,0,0.131073,0,-26.2774,0,0,False,nan|2946,1342384
1,130_bNAb_Combinations|1342384|vc|3|2|nan|2946,0,0,-0.061067,0,16.4656,0,0,False,nan|2946,1342384
1,130_bNAb_Combinations|1342384|vc|4|2|nan|2946,0,0,0.120173,0,-18.0589,0,0,False,nan|2946,1342384
1,130_bNAb_Combinations|1342384|vc|5|2|nan|2946,0,0,-0.0127234,0,-16.9621,0,0,False,nan|2946,1342384
1,130_bNAb_Combinations|1342384|vc|6|2|nan|2946,0,0,-0.00935384,0,-23.3832,0,0,False,nan|2946,1342384
1,130_bNAb_Combinations|1342384|vc|7|2|nan|2946,0,0,-0.330075,0,41.5601,0,0,False,nan|2946,1342384
1,130_bNAb_Combinations|1342384|vc|8|2|nan|2946,0,0,-0.156649,0,12.9157,0,0,False,nan|2946,1342384
1,130_bNAb_Combinations|1342396|cc|1|1|PVO.4|5024,0,0,-0.372066,0,23.1639,0,0,False,nan|PVO.4,1342396
1,130_bNAb_Combinations|1342396|cc|2|1|PVO.4|5024,0,0,-0.0572638,0,-3.49705,0,0,False,nan|PVO.4,1342396
1,130_bNAb_Combinations|1342396|cc|3|1|PVO.4|5024,0,0,-0.030276,0,-36.8519,0,0,False,nan|PVO.4,1342396
1,130_bNAb_Combinations|1342396|cc|4|1|PVO.4|5024,0,0,-0.186041,0,-0.866538,0,0,False,nan|PVO.4,1342396
1,130_bNAb_Combinations|1342396|cc|5|1|PVO.4|5024,0,0,0.0446621,0,-16.185,0,0,False,nan|PVO.4,1342396
1,130_bNAb_Combinations|1342396|cc|6|1|PVO.4|5024,0,0,0.0841419,0,-5.68165,0,0,False,nan|PVO.4,1342396
1,130_bNAb_Combinations|1342396|cc|7|1|PVO.4|5024,0,0,-0.0712814,0,-11.8945,0,0,False,nan|PVO.4,1342396
1,130_bNAb_Combinations|1342396|cc|8|1|PVO.4|5024,0,0,0.0642551,0,-26.7707,0,0,False,nan|PVO.4,1342396
1,130_bNAb_Combinations|1342396|sample|3|PVO.4|5024,0,0,0.129861,0,-3.24017,0,0,True,VRC07-523LS|PVO.4,1342396
1,130_bNAb_Combinations|1342396|sample|4|PVO.4|5024,0,0,0.126856,0,-5.23227,0,0,True,VRC07-523LS|PVO.4,1342396
1,130_bNAb_Combinations|1342396|vc|1|2|PVO.4|5024,0,0,0.00823896,0,-50.501,0,0,False,nan|PVO.4,1342396
1,130_bNAb_Combinations|1342396|vc|2|2|PVO.4|5024,0,0,0.29859,0,6.42507,0,0,False,nan|PVO.4,1342396
1,130_bNAb_Combinations|1342396|vc|3|2|PVO.4|5024,0,0,0.130882,0,1.90945,0,0,False,nan|PVO.4,1342396
1,130_bNAb_Combinations|1342396|vc|4|2|PVO.4|5024,0,0,0.302131,0,-32.7234,0,0,False,nan|PVO.4,1342396
1,130_bNAb_Combinations|1342396|vc|5|2|PVO.4|5024,0,0,0.10649,0,20.5651,0,0,False,nan|PVO.4,1342396
1,130_bNAb_Combinations|1342396|vc|6|2|PVO.4|5024,0,0,0.148834,0,26.165,0,0,False,nan|PVO.4,1342396
1,130_bNAb_Combinations|1342396|vc|7|2|PVO.4|5024,0,0,0.0705467,0,-15.0461,0,0,False,nan|PVO.4,1342396
1,130_bNAb_Combinations|1342396|vc|8|2|PVO.4|5024,0,0,-0.101416,0,-9.01047,0,0,False,nan|PVO.4,1342396
1,130_bNAb_Combinations|1342408|cc|1|1|nan|4168,0,0,0.098467,0,24.9118,0,0,False,nan|4168,1342408
1,130_bNAb_Combinations|1342408|cc|2|1|nan|4168,0,0,-0.239459,0,-28.7952,0,0,False,nan|4168,1342408
1,130_bNAb_Combinations|1342408|cc|3|1|nan|4168,0,0,-0.308324,0,8.68167,0,0,False,nan|4168,1342408
1,130_bNAb_Combinations|1342408|cc|4|1|nan|4168,0,0,-0.232844,0,-10.3772,0,0,False,nan|4168,1342408
1,130_bNAb_Combinations|1342408|cc|5|1|nan|4168,0,0,-0.209811,0,6.80393,0,0,False,nan|4168,1342408
1,130_bNAb_Combinations|1342408|cc|6|1|nan|4168,0,0,-0.00747577,0,-13.6639,0,0,False,nan|4168,1342408
1,130_bNAb_Combinations|1342408|cc|7|1|nan|4168,0,0,-0.156766,0,-8.15174,0,0,False,nan|4168,1342408
1,130_bNAb_Combinations|1342408|cc|8|1|nan|4168,0,0,0.00483077,0,38.3842,0,0,False,nan|4168,1342408
1,130_bNAb_Combinations|1342408|sample|3|nan|4168,0,0,-0.127391,0,-15.0747,0,0,True,VRC07-523LS|4168,1342408
1,130_bNAb_Combinations|1342408|sample|4|nan|4168,0,0,0.0293149,0,-14.7129,0,0,True,VRC07-523LS|4168,1342408
1,130_bNAb_Combinations|1342408|vc|1|2|nan|4168,0,0,0.0227371,0,-22.9828,0,0,False,nan|4168,1342408
1,130_bNAb_Combinations|1342408|vc|2|2|nan|4168,0,0,0.0724652,0,10.8649,0,0,False,nan|4168,1342408
1,130_bNAb_Combinations|1342408|vc|3|2|nan|4168,0,0,-0.15581,0,-4.51625,0,0,False,nan|4168,1342408
1,130_bNAb_Combinations|1342408|vc|4|2|nan|4168,0,0,0.313286,0,-23.6478,0,0,False,nan|4168,1342408
1,130_bNAb_Combinations|1342408|vc|5|2|nan|4168,0,0,-0.031524,0,35.5234,0,0,False,nan|4168,1342408
1,130_bNAb_Combinations|1342408|vc|6|2|nan|4168,0,0,-0.058831,0,-4.27349,0,0,False,nan|4168,1342408
1,130_bNAb_Combinations|1342408|vc|7|2|nan|4168,0,0,-0.127032,0,44.989,0,0,False,nan|4168,1342408
1,130_bNAb_Combinations|1342408|vc|8|2|nan|4168,0,0,0.0406882,0,7.24625,0,0,False,nan|4168,1342408
1,704_VRC01_Concordance|1200432|cc|1|1|PVO.4|5024,0,0,-0.0366797,0,6.33884,0,0,False,nan|PVO.4,1200432
1,704_VRC01_Concordance|1200432|cc|2|1|PVO.4|5024,0,0,-0.126011,0,2.04913,0,0,False,nan|PVO.4,1200432
1,704_VRC01_Concordance|1200432|cc|3|1|PVO.4|5024,0,0,0.260592,0,-41.4391,0,0,False,nan|PVO.4,1200432
1,704_VRC01_Concordance|1200432|cc|4|1|PVO.4|5024,0,0,0.241203,0,12.891,0,0,False,nan|PVO.4,1200432
1,704_VRC01_Concordance|1200432|cc|5|1|PVO.4|5024,0,0,0.110065,0,14.9736,0,0,False,nan|PVO.4,1200432
1,704_VRC01_Concordance|1200432|cc|6|1|PVO.4|5024,0,0,0.179628,0,28.0436,0,0,False,nan|PVO.4,1200432
1,704_VRC01_Concordance|1200432|cc|7|1|PVO.4|5024,0,0,-0.023214,0,-33.986,0,0,False,nan|PVO.4,1200432
1,704_VRC01_Concordance|1200432|cc|8|1|PVO.4|5024,0,0,0.166199,0,7.39977,0,0,False,nan|PVO.4,1200432
1,704_VRC01_Concordance|1200432|sample|10|PVO.4|5024,0,0,0.107193,0,-16.8843,0,0,True,Clinical VRC01|PVO.4,1200432
1,704_VRC01_Concordance|1200432|sample|11|PVO.4|5024,0,0,0.049777,0,-15.4041,0,0,True,Clinical VRC01|PVO.4,1200432
1,704_VRC01_Concordance|1200432|sample|12|PVO.4|5024,0,0,0.0891594,0,-15.1635,0,0,True,Clinical VRC01|PVO.4,1200432
1,704_VRC01_Concordance|1200432|sample|3|PVO.4|5024,0,0,0.137346,0,-13.8836,0,0,True,Clinical VRC01|PVO.4,1200432
1,704_VRC01_Concordance|1200432|sample|4|PVO.4|5024,0,0,0.219041,0,-15.5825,0,0,True,Clinical VRC01|PVO.4,1200432
1,704_VRC01_Concordance|1200432|sample|5|PVO.4|5024,0,0,-0.00696038,0,-16.8622,0,0,True,Clinical VRC01|PVO.4,1200432
1,704_VRC01_Concordance|1200432|sample|6|PVO.4|5024,0,0,0.106357,0,-16.8085,0,0,True,Clinical VRC01|PVO.4,1200432
1,704_VRC01_Concordance|1200432|sample|7|PVO.4|5024,0,0,0.239862,0,-14.163,0,0,True,Clinical VRC01|PVO.4,1200432
1,704_VRC01_Concordance|1200432|sample|8|PVO.4|5024,0,0,0.0584651,0,-15.2031,0,0,True,Clinical VRC01|PVO.4,1200432
1,704_VRC01_Concordance|1200432|sample|9|PVO.4|5024,0,0,0.173146,0,-16.0638,0,0,True,Clinical VRC01|PVO.4,1200432
1,704_VRC01_Concordance|1200432|vc|1|2|PVO.4|5024,0,0,-0.268557,0,9.60382,0,0,False,nan|PVO.4,1200432
1,704_VRC01_Concordance|1200432|vc|2|2|PVO.4|5024,0,0,-0.103775,0,9.16043,0,0,False,nan|PVO.4,1200432
1,704_VRC01_Concordance|1200432|vc|3|2|PVO.4|5024,0,0,-0.0237699,0,8.07939,0,0,False,nan|PVO.4,1200432
1,704_VRC01_Concordance|1200432|vc|4|2|PVO.4|5024,0,0,-0.170802,0,-22.7546,0,0,False,nan|PVO.4,1200432
1,704_VRC01_Concordance|1200432|vc|5|2|PVO.4|5024,0,0,0.171292,0,-0.509533,0,0,False,nan|PVO.4,1200432
1,704_VRC01_Concordance|1200432|vc|6|2|PVO.4|5024,0,0,0.0181031,0,-16.2387,0,0,False,nan|PVO.4,1200432
1,704_VRC01_Concordance|1200432|vc|7|2|PVO.4|5024,0,0,-0.0620491,0,2.05695,0,0,False,nan|PVO.4,1200432
1,704_VRC01_Concordance|1200432|vc|8|2|PVO.4|5024,0,0,-0.075881,0,3.05372,0,0,False,nan|PVO.4,1200432
