id,eta_U_SAEM,eta_L_SAEM,eta_m_SAEM,eta_e_SAEM,eta_s_SAEM,eta_alpha_SAEM,eta_k_SAEM,eta_U_mode,eta_L_mode,eta_m_mode,eta_e_mode,eta_s_mode,eta_alpha_mode,eta_k_mode,goes_down,mab_virus,run_id
130_bNAb_Combinations|1313842|cc|1|1|nan|2946,0,-0.489128,5.23757e-10,1.64688e-09,0,0,0,0,-5.67543e-08,-1.55431e-15,-8.88178e-16,0,0,0,False,nan|2946,1313842
130_bNAb_Combinations|1313842|cc|2|1|nan|2946,0,0.168675,-6.80884e-09,-1.79302e-09,0,0,0,0,-6.38638e-07,4.44089e-15,1.77636e-15,0,0,0,False,nan|2946,1313842
130_bNAb_Combinations|1313842|cc|3|1|nan|2946,0,0.066718,-4.31588e-09,-1.48023e-09,0,0,0,0,-2.57635e-07,1.9984e-15,-1.77636e-15,0,0,0,False,nan|2946,1313842
130_bNAb_Combinations|1313842|cc|4|1|nan|2946,0,-0.009096,-4.62266e-09,-4.70642e-10,0,0,0,0,-4.67776e-08,2.22045e-16,8.88178e-16,0,0,0,False,nan|2946,1313842
130_bNAb_Combinations|1313842|cc|5|1|nan|2946,0,-0.22188,8.14311e-10,-1.24305e-10,0,0,0,0,-3.90445e-07,-4.44089e-15,1.77636e-15,0,0,0,False,nan|2946,1313842
130_bNAb_Combinations|1313842|cc|6|1|nan|2946,0,0.0564884,-4.38421e-09,-7.70039e-10,0,0,0,0,-1.55943e-07,1.9984e-15,0,0,0,0,False,nan|2946,1313842
130_bNAb_Combinations|1313842|cc|7|1|nan|2946,0,0.128015,-3.08107e-09,1.33566e-09,0,0,0,0,-1.51754e-07,4.21885e-15,-1.77636e-15,0,0,0,False,nan|2946,1313842
130_bNAb_Combinations|1313842|cc|8|1|nan|2946,0,-1.20325,2.54944e-11,-1.78203e-10,0,0,0,0,-3.34611e-07,-1.9984e-15,8.88178e-16,0,0,0,False,nan|2946,1313842
130_bNAb_Combinations|1313842|sample|10|nan|2946,0,-4.31387,-1.29019e-08,3.15275e-09,0,0,0,0,-4.39422,-4.10783e-14,-1.06581e-14,0,0,0,True,PGT121|2946,1313842
130_bNAb_Combinations|1313842|sample|11|nan|2946,0,-4.3156,-4.34507e-09,-3.02936e-10,0,0,0,0,-4.31197,9.19265e-14,-2.35367e-14,0,0,0,True,VRC07-523LS|2946,1313842
130_bNAb_Combinations|1313842|sample|12|nan|2946,0,-4.83173,6.59644e-09,-8.46589e-10,0,0,0,0,-4.78695,4.30767e-14,4.21885e-14,0,0,0,True,VRC07-523LS|2946,1313842
130_bNAb_Combinations|1313842|sample|3|nan|2946,0,-7.33292,-5.29919e-09,3.00024e-09,0,0,0,0,-4.19801,-1.86517e-14,1.33227e-15,0,0,0,True,PGDM1400|2946,1313842
130_bNAb_Combinations|1313842|sample|4|nan|2946,0,-5.97043,-3.00295e-09,-8.01031e-10,0,0,0,0,-4.27119,-1.77636e-14,2.22045e-15,0,0,0,True,PGDM1400|2946,1313842
130_bNAb_Combinations|1313842|sample|5|nan|2946,0,-2.30219,1.84768e-09,6.61891e-10,0,0,0,0,-2.28284,-1.77636e-15,2.88658e-14,0,0,0,True,PGDM1400|2946,1313842
130_bNAb_Combinations|1313842|sample|6|nan|2946,0,-1.98182,3.34267e-09,-3.4881e-09,0,0,0,0,-1.95353,-8.88178e-14,6.66134e-15,0,0,0,True,PGDM1400|2946,1313842
130_bNAb_Combinations|1313842|sample|7|nan|2946,0,-4.37758,-3.0273e-09,5.15847e-09,0,0,0,0,-4.2432,-6.03961e-14,-1.42109e-14,0,0,0,True,PGT121|2946,1313842
130_bNAb_Combinations|1313842|sample|8|nan|2946,0,-3.98727,6.8625e-09,3.86161e-09,0,0,0,0,-4.07525,-1.1191e-13,-5.32907e-15,0,0,0,True,PGT121|2946,1313842
130_bNAb_Combinations|1313842|sample|9|nan|2946,0,-4.72411,6.71237e-09,-3.96731e-09,0,0,0,0,-4.71073,-5.9508e-14,-1.24345e-14,0,0,0,True,PGT121|2946,1313842
130_bNAb_Combinations|1313842|vc|1|2|nan|2946,0,-0.737424,-4.36427e-09,5.67873e-10,0,0,0,0,-3.90901e-07,-8.88178e-16,8.88178e-16,0,0,0,False,nan|2946,1313842
130_bNAb_Combinations|1313842|vc|2|2|nan|2946,0,0.579941,-6.4539e-09,-6.64771e-10,0,0,0,0,4.75049e-08,2.22045e-16,-1.77636e-15,0,0,0,False,nan|2946,1313842
130_bNAb_Combinations|1313842|vc|3|2|nan|2946,0,-0.0907774,-9.57177e-09,-1.3904e-09,0,0,0,0,-2.61275e-07,1.11022e-15,0,0,0,0,False,nan|2946,1313842
130_bNAb_Combinations|1313842|vc|4|2|nan|2946,0,-0.128481,2.2002e-09,2.05011e-09,0,0,0,0,1.69386e-07,3.77476e-15,1.77636e-15,0,0,0,False,nan|2946,1313842
130_bNAb_Combinations|1313842|vc|5|2|nan|2946,0,0.0187835,-2.35464e-09,-1.8996e-09,0,0,0,0,1.6347e-07,-1.77636e-15,-1.77636e-15,0,0,0,False,nan|2946,1313842
130_bNAb_Combinations|1313842|vc|6|2|nan|2946,0,0.71433,-1.4465e-09,-2.02071e-09,0,0,0,0,-2.43787e-08,4.21885e-15,-1.77636e-15,0,0,0,False,nan|2946,1313842
130_bNAb_Combinations|1313842|vc|7|2|nan|2946,0,-0.411827,7.90439e-10,4.86054e-10,0,0,0,0,-3.34421e-07,3.33067e-15,1.77636e-15,0,0,0,False,nan|2946,1313842
130_bNAb_Combinations|1313842|vc|8|2|nan|2946,0,-0.0339792,-1.0741e-09,-5.72469e-10,0,0,0,0,-5.57433e-07,5.9952e-15,-8.88178e-16,0,0,0,False,nan|2946,1313842
130_bNAb_Combinations|1313860|cc|1|1|PVO.4|5024,0,0.515287,2.07514e-09,-2.33279e-09,0,0,0,0,9.6279e-08,2.10942e-15,-8.88178e-16,0,0,0,False,nan|PVO.4,1313860
130_bNAb_Combinations|1313860|cc|2|1|PVO.4|5024,0,-0.206528,-6.46376e-09,2.60476e-10,0,0,0,0,1.39885e-07,-4.44089e-16,-8.88178e-16,0,0,0,False,nan|PVO.4,1313860
130_bNAb_Combinations|1313860|cc|3|1|PVO.4|5024,0,-0.211485,-1.72404e-09,2.99012e-10,0,0,0,0,4.55892e-08,-2.66454e-15,-8.88178e-16,0,0,0,False,nan|PVO.4,1313860
130_bNAb_Combinations|1313860|cc|4|1|PVO.4|5024,0,0.949208,-5.73072e-10,2.56579e-09,0,0,0,0,-3.62245e-07,9.99201e-16,0,0,0,0,False,nan|PVO.4,1313860
130_bNAb_Combinations|1313860|cc|5|1|PVO.4|5024,0,-0.163084,-2.105e-09,-2.04103e-09,0,0,0,0,-8.21483e-07,-9.99201e-16,2.66454e-15,0,0,0,False,nan|PVO.4,1313860
130_bNAb_Combinations|1313860|cc|6|1|PVO.4|5024,0,0.0886093,-2.09073e-09,-4.13773e-10,0,0,0,0,3.99641e-07,9.99201e-16,-8.88178e-16,0,0,0,False,nan|PVO.4,1313860
130_bNAb_Combinations|1313860|cc|7|1|PVO.4|5024,0,-0.657267,4.01109e-09,-6.02741e-10,0,0,0,0,-3.97517e-07,7.77156e-16,-8.88178e-16,0,0,0,False,nan|PVO.4,1313860
130_bNAb_Combinations|1313860|cc|8|1|PVO.4|5024,0,0.0730998,-8.69014e-09,-3.02595e-09,0,0,0,0,9.81755e-07,3.33067e-16,1.77636e-15,0,0,0,False,nan|PVO.4,1313860
130_bNAb_Combinations|1313860|sample|10|PVO.4|5024,0,-9.11679,1.07102e-09,2.0346e-09,0,0,0,0,-7.26768,-1.33227e-14,3.55271e-15,0,0,0,True,PGT121|PVO.4,1313860
130_bNAb_Combinations|1313860|sample|11|PVO.4|5024,0,-8.24057,4.01953e-09,1.45987e-10,0,0,0,0,-6.842,8.83738e-14,2.66454e-15,0,0,0,True,VRC07-523LS|PVO.4,1313860
130_bNAb_Combinations|1313860|sample|12|PVO.4|5024,0,-9.96413,3.98891e-09,-8.28936e-10,0,0,0,0,-7.49469,-3.9968e-14,4.44089e-15,0,0,0,True,VRC07-523LS|PVO.4,1313860
130_bNAb_Combinations|1313860|sample|3|PVO.4|5024,0,-2.02519,2.6211e-09,-6.45038e-09,0,0,0,0,-2.1643,6.61693e-14,2.04281e-14,0,0,0,True,PGDM1400|PVO.4,1313860
130_bNAb_Combinations|1313860|sample|4|PVO.4|5024,0,-1.95058,-2.10434e-09,1.74812e-09,0,0,0,0,-2.1177,1.09246e-13,-8.43769e-15,0,0,0,True,PGDM1400|PVO.4,1313860
130_bNAb_Combinations|1313860|sample|5|PVO.4|5024,0,-3.10351,-5.35528e-10,1.57083e-09,0,0,0,0,-3.13544,7.81597e-14,1.06581e-14,0,0,0,True,PGDM1400|PVO.4,1313860
130_bNAb_Combinations|1313860|sample|6|PVO.4|5024,0,-3.46745,-5.35097e-09,-1.60848e-09,0,0,0,0,-3.56572,4.13003e-14,1.86517e-14,0,0,0,True,PGDM1400|PVO.4,1313860
130_bNAb_Combinations|1313860|sample|7|PVO.4|5024,0,-8.11269,2.46907e-09,-6.24002e-10,0,0,0,0,-6.40276,8.88178e-15,8.43769e-15,0,0,0,True,PGT121|PVO.4,1313860
130_bNAb_Combinations|1313860|sample|8|PVO.4|5024,0,-9.2576,-3.90712e-09,-1.86629e-09,0,0,0,0,-6.40351,-6.66134e-15,-2.22045e-15,0,0,0,True,PGT121|PVO.4,1313860
130_bNAb_Combinations|1313860|sample|9|PVO.4|5024,0,-9.10556,6.80274e-09,1.22712e-09,0,0,0,0,-6.98187,-4.88498e-15,4.88498e-15,0,0,0,True,PGT121|PVO.4,1313860
130_bNAb_Combinations|1313860|vc|1|2|PVO.4|5024,0,-0.20084,-6.58168e-09,-1.60029e-09,0,0,0,0,4.83599e-07,0,8.88178e-16,0,0,0,False,nan|PVO.4,1313860
130_bNAb_Combinations|1313860|vc|2|2|PVO.4|5024,0,1.18581,6.41304e-09,1.2833e-10,0,0,0,0,-9.01691e-08,2.10942e-15,-8.88178e-16,0,0,0,False,nan|PVO.4,1313860
130_bNAb_Combinations|1313860|vc|3|2|PVO.4|5024,0,0.315145,2.29566e-09,3.53857e-09,0,0,0,0,-1.98029e-07,0,-8.88178e-16,0,0,0,False,nan|PVO.4,1313860
130_bNAb_Combinations|1313860|vc|4|2|PVO.4|5024,0,0.121127,-5.04286e-09,2.60718e-09,0,0,0,0,-6.85966e-07,7.77156e-16,1.77636e-15,0,0,0,False,nan|PVO.4,1313860
130_bNAb_Combinations|1313860|vc|5|2|PVO.4|5024,0,0.640731,2.09918e-09,1.78347e-09,0,0,0,0,3.13988e-08,1.9984e-15,-8.88178e-16,0,0,0,False,nan|PVO.4,1313860
130_bNAb_Combinations|1313860|vc|6|2|PVO.4|5024,0,0.355452,6.51869e-09,-1.70076e-09,0,0,0,0,2.67835e-07,-5.44009e-15,8.88178e-16,0,0,0,False,nan|PVO.4,1313860
130_bNAb_Combinations|1313860|vc|7|2|PVO.4|5024,0,-0.411592,-9.24317e-10,-1.39379e-09,0,0,0,0,-6.09504e-07,-3.77476e-15,0,0,0,0,False,nan|PVO.4,1313860
130_bNAb_Combinations|1313860|vc|8|2|PVO.4|5024,0,0.308478,7.23624e-10,6.14314e-11,0,0,0,0,4.43109e-07,7.77156e-16,8.88178e-16,0,0,0,False,nan|PVO.4,1313860
130_bNAb_Combinations|1313884|cc|1|1|nan|4168,0,-0.518352,5.33676e-09,1.47925e-09,0,0,0,0,-1.67768e-07,-1.77636e-15,8.88178e-16,0,0,0,False,nan|4168,1313884
130_bNAb_Combinations|1313884|cc|2|1|nan|4168,0,-0.209429,-3.14183e-09,-2.21106e-10,0,0,0,0,-1.29218e-07,3.88578e-16,0,0,0,0,False,nan|4168,1313884
130_bNAb_Combinations|1313884|cc|3|1|nan|4168,0,0.523829,3.63693e-09,-8.85935e-10,0,0,0,0,3.76319e-07,1.05471e-15,8.88178e-16,0,0,0,False,nan|4168,1313884
130_bNAb_Combinations|1313884|cc|4|1|nan|4168,0,-0.593929,-2.25285e-09,-3.69368e-10,0,0,0,0,-2.14329e-07,3.16414e-15,8.88178e-16,0,0,0,False,nan|4168,1313884
130_bNAb_Combinations|1313884|cc|5|1|nan|4168,0,-0.474742,-7.11573e-10,-9.33862e-10,0,0,0,0,6.9359e-07,-4.16334e-15,8.88178e-16,0,0,0,False,nan|4168,1313884
130_bNAb_Combinations|1313884|cc|6|1|nan|4168,0,0.319476,8.71181e-09,-1.74982e-09,0,0,0,0,-1.18147e-07,-5.60663e-15,-8.88178e-16,0,0,0,False,nan|4168,1313884
130_bNAb_Combinations|1313884|cc|7|1|nan|4168,0,-0.248322,3.56625e-09,-1.76227e-09,0,0,0,0,2.36552e-07,-2.22045e-16,-8.88178e-16,0,0,0,False,nan|4168,1313884
130_bNAb_Combinations|1313884|cc|8|1|nan|4168,0,0.666001,-1.69302e-09,-1.78096e-09,0,0,0,0,-8.98622e-08,-3.44169e-15,-8.88178e-16,0,0,0,False,nan|4168,1313884
130_bNAb_Combinations|1313884|sample|10|nan|4168,0,-2.1465,7.21244e-09,2.92711e-09,0,0,0,0,-2.08917,-1.86517e-14,4.84057e-14,0,0,0,True,PGT121|4168,1313884
130_bNAb_Combinations|1313884|sample|11|nan|4168,0,-0.263924,-1.13319e-08,-2.46749e-10,0,0,0,0,-0.262351,-2.29594e-13,1.27898e-13,0,0,0,True,VRC07-523LS|4168,1313884
130_bNAb_Combinations|1313884|sample|12|nan|4168,0,-0.245222,4.77528e-10,2.36614e-09,0,0,0,0,-0.261403,3.77476e-14,-8.88178e-15,0,0,0,True,VRC07-523LS|4168,1313884
130_bNAb_Combinations|1313884|sample|3|nan|4168,0,-5.43079,4.50954e-10,-3.06618e-10,0,0,0,0,-3.08078,-1.33227e-15,1.77636e-15,0,0,0,True,PGDM1400|4168,1313884
130_bNAb_Combinations|1313884|sample|4|nan|4168,0,-5.41096,5.19584e-09,-1.16514e-09,0,0,0,0,-3.03437,4.44089e-16,1.77636e-15,0,0,0,True,PGDM1400|4168,1313884
130_bNAb_Combinations|1313884|sample|5|nan|4168,0,-2.92005,1.83927e-09,-3.33243e-09,0,0,0,0,-3.03191,7.23865e-14,-3.73035e-14,0,0,0,True,PGDM1400|4168,1313884
130_bNAb_Combinations|1313884|sample|6|nan|4168,0,-2.79049,5.8671e-09,4.17587e-09,0,0,0,0,-2.96205,7.19425e-14,-1.33227e-14,0,0,0,True,PGDM1400|4168,1313884
130_bNAb_Combinations|1313884|sample|7|nan|4168,0,-1.69621,-2.84777e-09,-3.607e-09,0,0,0,0,-1.75247,5.59552e-14,-1.24345e-14,0,0,0,True,PGT121|4168,1313884
130_bNAb_Combinations|1313884|sample|8|nan|4168,0,-1.76926,-7.01262e-10,-4.13471e-10,0,0,0,0,-1.84959,8.61533e-14,-6.66134e-16,0,0,0,True,PGT121|4168,1313884
130_bNAb_Combinations|1313884|sample|9|nan|4168,0,-1.86463,5.45144e-10,-4.23464e-09,0,0,0,0,-1.96432,-1.02585e-13,-4.57412e-14,0,0,0,True,PGT121|4168,1313884
130_bNAb_Combinations|1313884|vc|1|2|nan|4168,0,-0.950822,2.71452e-10,1.57812e-09,0,0,0,0,8.5222e-07,-4.66294e-15,-8.88178e-16,0,0,0,False,nan|4168,1313884
130_bNAb_Combinations|1313884|vc|2|2|nan|4168,0,-0.494302,-1.91031e-09,7.23892e-10,0,0,0,0,1.13842e-08,2.60902e-15,8.88178e-16,0,0,0,False,nan|4168,1313884
130_bNAb_Combinations|1313884|vc|3|2|nan|4168,0,-0.241898,-3.54294e-09,-1.33754e-11,0,0,0,0,-5.98802e-07,5.55112e-16,0,0,0,0,False,nan|4168,1313884
130_bNAb_Combinations|1313884|vc|4|2|nan|4168,0,0.457985,4.61013e-09,-2.86158e-09,0,0,0,0,3.78534e-07,6.66134e-16,-8.88178e-16,0,0,0,False,nan|4168,1313884
130_bNAb_Combinations|1313884|vc|5|2|nan|4168,0,-0.248436,-1.79728e-09,2.13402e-09,0,0,0,0,1.12405e-07,0,-8.88178e-16,0,0,0,False,nan|4168,1313884
130_bNAb_Combinations|1313884|vc|6|2|nan|4168,0,-0.144631,6.22558e-09,-5.14684e-10,0,0,0,0,-1.11508e-07,-3.33067e-15,2.66454e-15,0,0,0,False,nan|4168,1313884
130_bNAb_Combinations|1313884|vc|7|2|nan|4168,0,0.217665,-6.06312e-09,2.34973e-10,0,0,0,0,4.93678e-07,1.44329e-15,0,0,0,0,False,nan|4168,1313884
130_bNAb_Combinations|1313884|vc|8|2|nan|4168,0,0.322761,-7.05689e-10,-1.47918e-09,0,0,0,0,-2.53372e-07,-1.27676e-15,0,0,0,0,False,nan|4168,1313884
130_bNAb_Combinations|1313920|cc|1|1|nan|1798,0,0.456988,-4.55396e-09,4.74876e-10,0,0,0,0,-2.49125e-08,-3.33067e-15,-8.88178e-16,0,0,0,False,nan|1798,1313920
130_bNAb_Combinations|1313920|cc|2|1|nan|1798,0,0.402585,3.94923e-09,2.35088e-09,0,0,0,0,2.23362e-07,1.11022e-15,-1.77636e-15,0,0,0,False,nan|1798,1313920
130_bNAb_Combinations|1313920|cc|3|1|nan|1798,0,0.641395,-1.19202e-09,-2.26278e-09,0,0,0,0,3.46358e-07,2.22045e-16,8.88178e-16,0,0,0,False,nan|1798,1313920
130_bNAb_Combinations|1313920|cc|4|1|nan|1798,0,-0.286891,-5.87865e-10,-1.79028e-09,0,0,0,0,-8.06041e-08,-6.66134e-16,-8.88178e-16,0,0,0,False,nan|1798,1313920
130_bNAb_Combinations|1313920|cc|5|1|nan|1798,0,0.197804,1.99894e-09,-1.05842e-09,0,0,0,0,-2.75002e-07,-4.44089e-16,-8.88178e-16,0,0,0,False,nan|1798,1313920
130_bNAb_Combinations|1313920|cc|6|1|nan|1798,0,0.963289,-3.53464e-09,-4.52133e-10,0,0,0,0,-6.34543e-07,-2.88658e-15,8.88178e-16,0,0,0,False,nan|1798,1313920
130_bNAb_Combinations|1313920|cc|7|1|nan|1798,0,-0.0847558,-4.32695e-09,-1.26363e-09,0,0,0,0,2.3761e-07,-3.33067e-15,-8.88178e-16,0,0,0,False,nan|1798,1313920
130_bNAb_Combinations|1313920|cc|8|1|nan|1798,0,0.00426023,-4.46278e-09,-3.50025e-09,0,0,0,0,0.00440284,-3.10618e-12,-1.39888e-12,0,0,0,False,nan|1798,1313920
130_bNAb_Combinations|1313920|sample|10|nan|1798,0,-8.85279,1.86727e-09,-4.73053e-10,0,0,0,0,-6.74681,-5.9508e-14,3.55271e-15,0,0,0,True,PGT121|1798,1313920
130_bNAb_Combinations|1313920|sample|11|nan|1798,0,-7.70942,-2.48042e-09,-1.14828e-09,0,0,0,0,-6.10144,1.90958e-14,2.17604e-14,0,0,0,True,VRC07-523LS|1798,1313920
130_bNAb_Combinations|1313920|sample|12|nan|1798,0,-9.15315,5.4182e-09,2.782e-09,0,0,0,0,-6.32157,1.77636e-14,-2.17604e-14,0,0,0,True,VRC07-523LS|1798,1313920
130_bNAb_Combinations|1313920|sample|3|nan|1798,0,-1.83656,1.20976e-08,4.58406e-09,0,0,0,0,-1.86806,3.21965e-14,-1.59872e-14,0,0,0,True,PGDM1400|1798,1313920
130_bNAb_Combinations|1313920|sample|4|nan|1798,0,-1.83148,1.30929e-08,-8.5809e-10,0,0,0,0,-1.87847,1.20348e-13,-3.55271e-15,0,0,0,True,PGDM1400|1798,1313920
130_bNAb_Combinations|1313920|sample|5|nan|1798,0,-1.88091,-9.58964e-09,-4.64523e-09,0,0,0,0,-1.83317,-1.52545e-13,-2.66454e-14,0,0,0,True,PGDM1400|1798,1313920
130_bNAb_Combinations|1313920|sample|6|nan|1798,0,-1.96357,-1.42967e-08,2.68682e-09,0,0,0,0,-1.92255,-5.66214e-14,-3.90799e-14,0,0,0,True,PGDM1400|1798,1313920
130_bNAb_Combinations|1313920|sample|7|nan|1798,0,-8.06465,5.92258e-09,2.35699e-09,0,0,0,0,-6.05523,1.23457e-13,-3.55271e-15,0,0,0,True,PGT121|1798,1313920
130_bNAb_Combinations|1313920|sample|8|nan|1798,0,-7.14014,7.5641e-09,1.13588e-09,0,0,0,0,-6.08641,1.42109e-14,-8.88178e-15,0,0,0,True,PGT121|1798,1313920
130_bNAb_Combinations|1313920|sample|9|nan|1798,0,-8.61562,-1.09956e-08,-1.42385e-09,0,0,0,0,-6.48849,4.44089e-16,7.10543e-15,0,0,0,True,PGT121|1798,1313920
130_bNAb_Combinations|1313920|vc|1|2|nan|1798,0,-1.24889,-4.04128e-10,3.16152e-10,0,0,0,0,-6.20852e-07,6.66134e-16,8.88178e-16,0,0,0,False,nan|1798,1313920
130_bNAb_Combinations|1313920|vc|2|2|nan|1798,0,-0.335885,2.07414e-09,-8.22889e-10,0,0,0,0,-1.40727e-07,8.88178e-16,8.88178e-16,0,0,0,False,nan|1798,1313920
130_bNAb_Combinations|1313920|vc|3|2|nan|1798,0,-0.0909922,-5.33222e-09,-2.91092e-09,0,0,0,0,-2.8382e-07,-2.88658e-15,-8.88178e-16,0,0,0,False,nan|1798,1313920
130_bNAb_Combinations|1313920|vc|4|2|nan|1798,0,-0.301939,2.23428e-09,1.10219e-09,0,0,0,0,3.31951e-07,6.66134e-16,0,0,0,0,False,nan|1798,1313920
130_bNAb_Combinations|1313920|vc|5|2|nan|1798,0,-0.551163,4.03547e-09,1.68344e-09,0,0,0,0,1.80695e-07,4.66294e-15,0,0,0,0,False,nan|1798,1313920
130_bNAb_Combinations|1313920|vc|6|2|nan|1798,0,0.633074,5.27712e-09,3.52811e-09,0,0,0,0,-3.54079e-07,-3.33067e-15,1.77636e-15,0,0,0,False,nan|1798,1313920
130_bNAb_Combinations|1313920|vc|7|2|nan|1798,0,-0.396562,1.32218e-09,5.9863e-10,0,0,0,0,1.19853e-07,-2.22045e-16,-1.77636e-15,0,0,0,False,nan|1798,1313920
130_bNAb_Combinations|1313920|vc|8|2|nan|1798,0,0.287324,-7.41915e-09,-9.77737e-10,0,0,0,0,7.0251e-08,-6.66134e-16,-8.88178e-16,0,0,0,False,nan|1798,1313920
130_bNAb_Combinations|1313938|cc|1|1|TRO.11|8301,0,0.782118,-4.67104e-09,-1.2917e-09,0,0,0,0,-5.49084e-07,-4.66294e-15,8.88178e-16,0,0,0,False,nan|TRO.11,1313938
130_bNAb_Combinations|1313938|cc|2|1|TRO.11|8301,0,0.152612,1.38864e-09,-3.91238e-10,0,0,0,0,-1.54415e-07,1.55431e-15,0,0,0,0,False,nan|TRO.11,1313938
130_bNAb_Combinations|1313938|cc|3|1|TRO.11|8301,0,-0.0280299,-1.97531e-09,-4.40803e-09,0,0,0,0,-1.77363e-07,-3.33067e-15,2.66454e-15,0,0,0,False,nan|TRO.11,1313938
130_bNAb_Combinations|1313938|cc|4|1|TRO.11|8301,0,-0.463728,-1.0395e-08,-1.81792e-10,0,0,0,0,7.17756e-08,-1.77636e-15,0,0,0,0,False,nan|TRO.11,1313938
130_bNAb_Combinations|1313938|cc|5|1|TRO.11|8301,0,0.267298,1.82589e-09,7.15211e-10,0,0,0,0,-1.34346e-07,-8.21565e-15,-4.44089e-16,0,0,0,False,nan|TRO.11,1313938
130_bNAb_Combinations|1313938|cc|6|1|TRO.11|8301,0,-0.721903,9.17601e-09,2.09608e-09,0,0,0,0,2.62086e-07,3.33067e-15,0,0,0,0,False,nan|TRO.11,1313938
130_bNAb_Combinations|1313938|cc|7|1|TRO.11|8301,0,0.594754,-1.95412e-10,1.15555e-09,0,0,0,0,-1.04441e-06,1.33227e-15,-2.66454e-15,0,0,0,False,nan|TRO.11,1313938
130_bNAb_Combinations|1313938|cc|8|1|TRO.11|8301,0,-0.992876,5.71302e-09,8.90425e-10,0,0,0,0,-6.99374e-07,4.66294e-15,-8.88178e-16,0,0,0,False,nan|TRO.11,1313938
130_bNAb_Combinations|1313938|sample|10|TRO.11|8301,0,-10.0257,4.42846e-10,-7.11907e-10,0,0,0,0,-7.44899,-5.10703e-15,4.44089e-16,0,0,0,True,PGT121|TRO.11,1313938
130_bNAb_Combinations|1313938|sample|11|TRO.11|8301,0,-5.82902,-6.71895e-11,1.87007e-09,0,0,0,0,-5.43246,-2.26485e-14,2.62013e-14,0,0,0,True,VRC07-523LS|TRO.11,1313938
130_bNAb_Combinations|1313938|sample|12|TRO.11|8301,0,-5.37137,-5.23116e-09,7.57662e-10,0,0,0,0,-5.31347,2.93099e-14,1.55431e-14,0,0,0,True,VRC07-523LS|TRO.11,1313938
130_bNAb_Combinations|1313938|sample|3|TRO.11|8301,0,-2.86226,3.95892e-09,-2.57314e-09,0,0,0,0,-3.05744,7.28306e-14,-2.30926e-14,0,0,0,True,PGDM1400|TRO.11,1313938
130_bNAb_Combinations|1313938|sample|4|TRO.11|8301,0,-2.86661,4.22001e-09,4.79731e-11,0,0,0,0,-2.96679,-8.26006e-14,-3.10862e-15,0,0,0,True,PGDM1400|TRO.11,1313938
130_bNAb_Combinations|1313938|sample|5|TRO.11|8301,0,-4.00039,7.33687e-09,8.32434e-10,0,0,0,0,-3.96018,5.72875e-14,2.17604e-14,0,0,0,True,PGDM1400|TRO.11,1313938
130_bNAb_Combinations|1313938|sample|6|TRO.11|8301,0,-3.95049,5.456e-09,3.32073e-09,0,0,0,0,-3.97056,2.66454e-14,-4.4853e-14,0,0,0,True,PGDM1400|TRO.11,1313938
130_bNAb_Combinations|1313938|sample|7|TRO.11|8301,0,-8.97971,5.87867e-09,3.97866e-09,0,0,0,0,-6.65638,5.973e-14,1.33227e-15,0,0,0,True,PGT121|TRO.11,1313938
130_bNAb_Combinations|1313938|sample|8|TRO.11|8301,0,-8.51924,-4.1484e-09,-7.633e-10,0,0,0,0,-6.18923,4.64073e-14,-7.99361e-15,0,0,0,True,PGT121|TRO.11,1313938
130_bNAb_Combinations|1313938|sample|9|TRO.11|8301,0,-9.89712,-9.99343e-09,-4.87186e-10,0,0,0,0,-7.3996,-1.35447e-14,-1.33227e-15,0,0,0,True,PGT121|TRO.11,1313938
130_bNAb_Combinations|1313938|vc|1|2|TRO.11|8301,0,-0.284795,-3.75166e-09,-1.79747e-09,0,0,0,0,3.8885e-07,6.43929e-15,-8.88178e-16,0,0,0,False,nan|TRO.11,1313938
130_bNAb_Combinations|1313938|vc|2|2|TRO.11|8301,0,0.459651,-5.31387e-09,-5.72555e-10,0,0,0,0,4.16468e-07,-1.55431e-15,8.88178e-16,0,0,0,False,nan|TRO.11,1313938
130_bNAb_Combinations|1313938|vc|3|2|TRO.11|8301,0,-0.912462,-1.18167e-09,1.63438e-09,0,0,0,0,-6.05596e-07,0,1.77636e-15,0,0,0,False,nan|TRO.11,1313938
130_bNAb_Combinations|1313938|vc|4|2|TRO.11|8301,0,-0.361715,6.02962e-09,2.57472e-09,0,0,0,0,-1.77258e-07,-2.44249e-15,8.88178e-16,0,0,0,False,nan|TRO.11,1313938
130_bNAb_Combinations|1313938|vc|5|2|TRO.11|8301,0,0.627979,-2.61962e-09,2.62129e-09,0,0,0,0,-3.51396e-07,-1.55431e-15,-8.88178e-16,0,0,0,False,nan|TRO.11,1313938
130_bNAb_Combinations|1313938|vc|6|2|TRO.11|8301,0,-0.321971,1.42343e-09,-4.90311e-10,0,0,0,0,-7.85442e-08,8.88178e-16,8.88178e-16,0,0,0,False,nan|TRO.11,1313938
130_bNAb_Combinations|1313938|vc|7|2|TRO.11|8301,0,0.0964589,-1.29625e-11,-1.63989e-09,0,0,0,0,4.43728e-07,2.22045e-16,4.44089e-16,0,0,0,False,nan|TRO.11,1313938
130_bNAb_Combinations|1313938|vc|8|2|TRO.11|8301,0,-1.29467,-3.06466e-10,2.69608e-09,0,0,0,0,-5.01435e-07,-3.77476e-15,8.88178e-16,0,0,0,False,nan|TRO.11,1313938
130_bNAb_Combinations|1313956|cc|1|1|Ce1176_A3|7023,0,0.242591,2.24934e-09,-8.79823e-10,0,0,0,0,-1.44541e-07,1.9984e-15,1.77636e-15,0,0,0,False,nan|Ce1176_A3,1313956
130_bNAb_Combinations|1313956|cc|2|1|Ce1176_A3|7023,0,-0.0618483,-4.98806e-09,-1.75062e-09,0,0,0,0,-3.43935e-07,-2.44249e-15,0,0,0,0,False,nan|Ce1176_A3,1313956
130_bNAb_Combinations|1313956|cc|3|1|Ce1176_A3|7023,0,-0.420672,3.49473e-09,-9.96598e-10,0,0,0,0,4.38549e-07,-5.9952e-15,2.66454e-15,0,0,0,False,nan|Ce1176_A3,1313956
130_bNAb_Combinations|1313956|cc|4|1|Ce1176_A3|7023,0,-0.281132,-1.66303e-10,1.82281e-09,0,0,0,0,-2.16579e-07,2.22045e-15,-8.88178e-16,0,0,0,False,nan|Ce1176_A3,1313956
130_bNAb_Combinations|1313956|cc|5|1|Ce1176_A3|7023,0,-0.429167,-2.28898e-09,1.05797e-09,0,0,0,0,6.09526e-07,-6.66134e-16,0,0,0,0,False,nan|Ce1176_A3,1313956
130_bNAb_Combinations|1313956|cc|6|1|Ce1176_A3|7023,0,-0.680513,6.71389e-09,-7.74403e-10,0,0,0,0,9.84126e-08,-5.77316e-15,-1.77636e-15,0,0,0,False,nan|Ce1176_A3,1313956
130_bNAb_Combinations|1313956|cc|7|1|Ce1176_A3|7023,0,0.339391,-2.45398e-09,1.41886e-09,0,0,0,0,1.93106e-07,-3.55271e-15,0,0,0,0,False,nan|Ce1176_A3,1313956
130_bNAb_Combinations|1313956|cc|8|1|Ce1176_A3|7023,0,-0.361644,3.69227e-09,-3.32422e-09,0,0,0,0,-7.865e-08,-3.33067e-15,-1.77636e-15,0,0,0,False,nan|Ce1176_A3,1313956
130_bNAb_Combinations|1313956|sample|10|Ce1176_A3|7023,0,-9.90228,-4.16692e-09,-4.3129e-09,0,0,0,0,-7.67452,-4.4853e-14,-1.77636e-15,0,0,0,True,PGT121|Ce1176_A3,1313956
130_bNAb_Combinations|1313956|sample|11|Ce1176_A3|7023,0,-9.60627,4.01376e-09,1.68542e-09,0,0,0,0,-6.89195,6.88338e-15,-1.77636e-15,0,0,0,True,VRC07-523LS|Ce1176_A3,1313956
130_bNAb_Combinations|1313956|sample|12|Ce1176_A3|7023,0,-8.84707,5.05697e-10,-2.2598e-09,0,0,0,0,-6.41579,-4.59632e-14,-4.44089e-15,0,0,0,True,VRC07-523LS|Ce1176_A3,1313956
130_bNAb_Combinations|1313956|sample|3|Ce1176_A3|7023,0,-1.19157,8.78844e-10,8.96836e-10,0,0,0,0,-1.3744,-6.12843e-14,3.9968e-14,0,0,0,True,PGDM1400|Ce1176_A3,1313956
130_bNAb_Combinations|1313956|sample|4|Ce1176_A3|7023,0,-1.28474,-6.11295e-09,-2.13049e-10,0,0,0,0,-1.40496,-5.41789e-14,2.26485e-14,0,0,0,True,PGDM1400|Ce1176_A3,1313956
130_bNAb_Combinations|1313956|sample|5|Ce1176_A3|7023,0,-1.02353,4.94894e-09,2.04338e-09,0,0,0,0,-1.04231,1.42109e-14,-5.59552e-14,0,0,0,True,PGDM1400|Ce1176_A3,1313956
130_bNAb_Combinations|1313956|sample|6|Ce1176_A3|7023,0,-1.08577,6.47875e-09,-4.28821e-09,0,0,0,0,-1.15032,8.34888e-14,-5.9508e-14,0,0,0,True,PGDM1400|Ce1176_A3,1313956
130_bNAb_Combinations|1313956|sample|7|Ce1176_A3|7023,0,-9.40801,2.22418e-09,2.30924e-10,0,0,0,0,-6.72656,5.4623e-14,-1.77636e-14,0,0,0,True,PGT121|Ce1176_A3,1313956
130_bNAb_Combinations|1313956|sample|8|Ce1176_A3|7023,0,-8.7778,-3.57442e-09,1.15921e-09,0,0,0,0,-6.90646,5.72875e-14,1.11022e-14,0,0,0,True,PGT121|Ce1176_A3,1313956
130_bNAb_Combinations|1313956|sample|9|Ce1176_A3|7023,0,-9.58255,2.5643e-09,1.66647e-09,0,0,0,0,-7.58474,-3.77476e-15,-2.66454e-15,0,0,0,True,PGT121|Ce1176_A3,1313956
130_bNAb_Combinations|1313956|vc|1|2|Ce1176_A3|7023,0,-1.14595,2.28086e-09,4.40742e-10,0,0,0,0,6.04183e-07,-6.66134e-16,1.77636e-15,0,0,0,False,nan|Ce1176_A3,1313956
130_bNAb_Combinations|1313956|vc|2|2|Ce1176_A3|7023,0,0.381003,9.49086e-09,-1.39545e-09,0,0,0,0,-1.08914e-07,-3.33067e-15,0,0,0,0,False,nan|Ce1176_A3,1313956
130_bNAb_Combinations|1313956|vc|3|2|Ce1176_A3|7023,0,0.297835,-7.83553e-09,2.40961e-09,0,0,0,0,-2.39e-08,4.44089e-16,-8.88178e-16,0,0,0,False,nan|Ce1176_A3,1313956
130_bNAb_Combinations|1313956|vc|4|2|Ce1176_A3|7023,0,-0.514007,3.53045e-10,9.1545e-10,0,0,0,0,4.47818e-07,-1.11022e-15,8.88178e-16,0,0,0,False,nan|Ce1176_A3,1313956
130_bNAb_Combinations|1313956|vc|5|2|Ce1176_A3|7023,0,0.931717,-6.65349e-09,5.90651e-10,0,0,0,0,2.92338e-07,-2.88658e-15,0,0,0,0,False,nan|Ce1176_A3,1313956
130_bNAb_Combinations|1313956|vc|6|2|Ce1176_A3|7023,0,-0.531377,-2.82197e-09,8.9018e-10,0,0,0,0,1.48753e-07,3.77476e-15,0,0,0,0,False,nan|Ce1176_A3,1313956
130_bNAb_Combinations|1313956|vc|7|2|Ce1176_A3|7023,0,0.305748,1.95318e-09,-8.90927e-10,0,0,0,0,1.21585e-07,-1.9984e-15,0,0,0,0,False,nan|Ce1176_A3,1313956
130_bNAb_Combinations|1313956|vc|8|2|Ce1176_A3|7023,0,-0.391937,-4.79518e-09,3.06688e-09,0,0,0,0,-1.13521e-08,5.10703e-15,1.77636e-15,0,0,0,False,nan|Ce1176_A3,1313956
130_bNAb_Combinations|1313974|cc|1|1|nan|1176,0,0.26239,3.75955e-09,3.28523e-09,0,0,0,0,3.7306e-08,-8.88178e-16,-4.44089e-16,0,0,0,False,nan|1176,1313974
130_bNAb_Combinations|1313974|cc|2|1|nan|1176,0,-0.0975465,9.30336e-10,-1.16728e-09,0,0,0,0,5.02177e-07,-1.33227e-15,-1.33227e-15,0,0,0,False,nan|1176,1313974
130_bNAb_Combinations|1313974|cc|3|1|nan|1176,0,-0.2179,-6.80964e-10,8.43859e-10,0,0,0,0,-1.47483e-07,-3.77476e-15,4.44089e-16,0,0,0,False,nan|1176,1313974
130_bNAb_Combinations|1313974|cc|4|1|nan|1176,0,0.322395,1.03311e-08,-1.11124e-09,0,0,0,0,-2.84612e-07,3.9968e-15,-8.88178e-16,0,0,0,False,nan|1176,1313974
130_bNAb_Combinations|1313974|cc|5|1|nan|1176,0,-0.00165414,4.18562e-09,-1.10853e-09,0,0,0,0,-0.001675,1.69686e-12,-7.96252e-13,0,0,0,False,nan|1176,1313974
130_bNAb_Combinations|1313974|cc|6|1|nan|1176,0,-0.275158,-5.83478e-10,-2.29166e-10,0,0,0,0,5.50711e-07,-1.77636e-15,4.44089e-16,0,0,0,False,nan|1176,1313974
130_bNAb_Combinations|1313974|cc|7|1|nan|1176,0,1.24102,2.17287e-09,7.76715e-10,0,0,0,0,1.48702e-07,-4.44089e-16,2.22045e-15,0,0,0,False,nan|1176,1313974
130_bNAb_Combinations|1313974|cc|8|1|nan|1176,0,-0.190016,6.58474e-09,2.91909e-09,0,0,0,0,-6.82697e-07,8.88178e-16,-8.88178e-16,0,0,0,False,nan|1176,1313974
130_bNAb_Combinations|1313974|sample|10|nan|1176,0,-1.4074,5.67623e-09,3.0673e-09,0,0,0,0,-1.52991,1.10134e-13,-8.88178e-16,0,0,0,True,PGT121|1176,1313974
130_bNAb_Combinations|1313974|sample|11|nan|1176,0,-4.56519,6.35216e-10,9.67546e-10,0,0,0,0,-4.62986,4.9738e-14,-2.93099e-14,0,0,0,True,VRC07-523LS|1176,1313974
130_bNAb_Combinations|1313974|sample|12|nan|1176,0,-5.4101,-4.28215e-09,3.10937e-09,0,0,0,0,-5.1532,1.90958e-14,-1.06581e-14,0,0,0,True,VRC07-523LS|1176,1313974
130_bNAb_Combinations|1313974|sample|3|nan|1176,0,-0.252541,7.65289e-11,-3.81823e-09,0,0,0,0,-0.236182,1.22569e-13,-2.66454e-15,0,0,0,True,PGDM1400|1176,1313974
130_bNAb_Combinations|1313974|sample|4|nan|1176,0,-0.273164,5.94614e-09,-1.73012e-11,0,0,0,0,-0.246667,4.08562e-14,1.33227e-14,0,0,0,True,PGDM1400|1176,1313974
130_bNAb_Combinations|1313974|sample|5|nan|1176,0,-0.589421,-1.52718e-09,-9.55334e-11,0,0,0,0,-0.560841,1.2701e-13,-3.9968e-14,0,0,0,True,PGDM1400|1176,1313974
130_bNAb_Combinations|1313974|sample|6|nan|1176,0,-0.509337,-7.05598e-09,3.81159e-11,0,0,0,0,-0.470936,-1.5099e-14,-7.37188e-14,0,0,0,True,PGDM1400|1176,1313974
130_bNAb_Combinations|1313974|sample|7|nan|1176,0,-1.67141,-1.92924e-09,-5.45248e-10,0,0,0,0,-1.84191,-2.93099e-14,-2.24265e-14,0,0,0,True,PGT121|1176,1313974
130_bNAb_Combinations|1313974|sample|8|nan|1176,0,-1.85927,5.27645e-09,8.36941e-10,0,0,0,0,-2.00797,1.95399e-14,-2.84217e-14,0,0,0,True,PGT121|1176,1313974
130_bNAb_Combinations|1313974|sample|9|nan|1176,0,-1.48623,4.55014e-09,-2.8133e-09,0,0,0,0,-1.62402,-1.77636e-14,-2.44249e-14,0,0,0,True,PGT121|1176,1313974
130_bNAb_Combinations|1313974|vc|1|2|nan|1176,0,-0.569375,-6.23769e-11,-5.73674e-10,0,0,0,0,9.66982e-08,-2.44249e-15,1.33227e-15,0,0,0,False,nan|1176,1313974
130_bNAb_Combinations|1313974|vc|2|2|nan|1176,0,-0.38867,-7.73766e-09,1.35864e-09,0,0,0,0,1.18887e-07,-4.44089e-16,2.22045e-15,0,0,0,False,nan|1176,1313974
130_bNAb_Combinations|1313974|vc|3|2|nan|1176,0,-1.20691,3.36598e-10,-4.07356e-11,0,0,0,0,-1.03399e-07,0,1.33227e-15,0,0,0,False,nan|1176,1313974
130_bNAb_Combinations|1313974|vc|4|2|nan|1176,0,0.837809,-1.02837e-08,2.22213e-09,0,0,0,0,1.77343e-07,2.66454e-15,-4.44089e-16,0,0,0,False,nan|1176,1313974
130_bNAb_Combinations|1313974|vc|5|2|nan|1176,0,-0.705926,4.47833e-09,-1.16394e-09,0,0,0,0,8.11239e-08,2.22045e-15,-1.33227e-15,0,0,0,False,nan|1176,1313974
130_bNAb_Combinations|1313974|vc|6|2|nan|1176,0,0.371465,-6.22273e-10,4.45744e-10,0,0,0,0,-2.0239e-07,-6.21725e-15,-4.44089e-16,0,0,0,False,nan|1176,1313974
130_bNAb_Combinations|1313974|vc|7|2|nan|1176,0,-0.0888456,1.76084e-10,8.28809e-10,0,0,0,0,4.3709e-07,1.55431e-15,-4.44089e-16,0,0,0,False,nan|1176,1313974
130_bNAb_Combinations|1313974|vc|8|2|nan|1176,0,0.655498,-3.48684e-09,1.71429e-09,0,0,0,0,3.98175e-07,-6.21725e-15,-1.33227e-15,0,0,0,False,nan|1176,1313974
130_bNAb_Combinations|1313992|cc|1|1|RHPA4259.7|5371,0,0.642467,-1.45443e-09,-1.6781e-09,0,0,0,0,-2.53928e-07,2.22045e-16,-8.88178e-16,0,0,0,False,nan|RHPA4259.7,1313992
130_bNAb_Combinations|1313992|cc|2|1|RHPA4259.7|5371,0,-0.77936,-3.75201e-09,1.27323e-10,0,0,0,0,-8.61658e-08,-6.66134e-16,-8.88178e-16,0,0,0,False,nan|RHPA4259.7,1313992
130_bNAb_Combinations|1313992|cc|3|1|RHPA4259.7|5371,0,0.282474,7.23212e-10,2.02279e-10,0,0,0,0,-3.22922e-07,4.21885e-15,8.88178e-16,0,0,0,False,nan|RHPA4259.7,1313992
130_bNAb_Combinations|1313992|cc|4|1|RHPA4259.7|5371,0,0.33986,-1.44436e-10,2.65961e-09,0,0,0,0,1.19615e-07,-2.22045e-16,0,0,0,0,False,nan|RHPA4259.7,1313992
130_bNAb_Combinations|1313992|cc|5|1|RHPA4259.7|5371,0,0.140476,-2.72137e-09,3.02433e-10,0,0,0,0,1.63814e-07,-1.9984e-15,-8.88178e-16,0,0,0,False,nan|RHPA4259.7,1313992
130_bNAb_Combinations|1313992|cc|6|1|RHPA4259.7|5371,0,0.808118,1.50579e-09,-1.02778e-09,0,0,0,0,1.33567e-07,1.9984e-15,-8.88178e-16,0,0,0,False,nan|RHPA4259.7,1313992
130_bNAb_Combinations|1313992|cc|7|1|RHPA4259.7|5371,0,-0.15214,-1.52882e-09,-4.41125e-10,0,0,0,0,-3.57346e-07,-3.77476e-15,-8.88178e-16,0,0,0,False,nan|RHPA4259.7,1313992
130_bNAb_Combinations|1313992|cc|8|1|RHPA4259.7|5371,0,0.0263822,-4.74145e-09,-1.01749e-09,0,0,0,0,-1.62453e-07,-4.44089e-15,-1.77636e-15,0,0,0,False,nan|RHPA4259.7,1313992
130_bNAb_Combinations|1313992|sample|10|RHPA4259.7|5371,0,-0.409105,2.21754e-09,-5.68787e-09,0,0,0,0,-0.408581,2.20268e-13,-3.33067e-14,0,0,0,True,PGT121|RHPA4259.7,1313992
130_bNAb_Combinations|1313992|sample|11|RHPA4259.7|5371,0,-10.0158,-1.42573e-08,1.66208e-09,0,0,0,0,-7.62667,-1.9984e-14,8.16014e-15,0,0,0,True,VRC07-523LS|RHPA4259.7,1313992
130_bNAb_Combinations|1313992|sample|12|RHPA4259.7|5371,0,-9.11844,-3.34211e-09,-6.34936e-10,0,0,0,0,-7.66453,-1.55431e-14,6.63358e-15,0,0,0,True,VRC07-523LS|RHPA4259.7,1313992
130_bNAb_Combinations|1313992|sample|3|RHPA4259.7|5371,0,-3.85145,-4.10849e-09,-3.06283e-09,0,0,0,0,-3.97383,-6.70575e-14,2.22045e-14,0,0,0,True,PGDM1400|RHPA4259.7,1313992
130_bNAb_Combinations|1313992|sample|4|RHPA4259.7|5371,0,-3.77949,-2.67004e-09,-3.17548e-10,0,0,0,0,-3.87631,1.26565e-14,1.24345e-14,0,0,0,True,PGDM1400|RHPA4259.7,1313992
130_bNAb_Combinations|1313992|sample|5|RHPA4259.7|5371,0,-5.47462,1.13868e-08,-1.88455e-09,0,0,0,0,-5.25162,-1.19904e-14,-3.55271e-15,0,0,0,True,PGDM1400|RHPA4259.7,1313992
130_bNAb_Combinations|1313992|sample|6|RHPA4259.7|5371,0,-5.42111,-4.44651e-09,-6.49615e-10,0,0,0,0,-5.18087,3.81917e-14,1.77636e-15,0,0,0,True,PGDM1400|RHPA4259.7,1313992
130_bNAb_Combinations|1313992|sample|7|RHPA4259.7|5371,0,-0.25071,1.24208e-08,3.4216e-09,0,0,0,0,-0.217857,1.06581e-14,-6.30607e-14,0,0,0,True,PGT121|RHPA4259.7,1313992
130_bNAb_Combinations|1313992|sample|8|RHPA4259.7|5371,0,-0.137829,6.52561e-09,-1.56249e-09,0,0,0,0,-0.184152,3.77476e-14,-1.50546e-13,0,0,0,True,PGT121|RHPA4259.7,1313992
130_bNAb_Combinations|1313992|sample|9|RHPA4259.7|5371,0,-0.368114,-1.23878e-08,-1.42751e-09,0,0,0,0,-0.393513,-1.24345e-13,-5.06262e-14,0,0,0,True,PGT121|RHPA4259.7,1313992
130_bNAb_Combinations|1313992|vc|1|2|RHPA4259.7|5371,0,-0.858588,3.753e-09,-3.00559e-09,0,0,0,0,4.10872e-07,2.22045e-16,8.88178e-16,0,0,0,False,nan|RHPA4259.7,1313992
130_bNAb_Combinations|1313992|vc|2|2|RHPA4259.7|5371,0,-0.694506,2.04899e-09,2.11137e-09,0,0,0,0,-9.03323e-07,-4.44089e-15,-8.88178e-16,0,0,0,False,nan|RHPA4259.7,1313992
130_bNAb_Combinations|1313992|vc|3|2|RHPA4259.7|5371,0,-0.0661005,-4.45565e-09,3.19739e-10,0,0,0,0,-3.6682e-07,2.22045e-16,8.88178e-16,0,0,0,False,nan|RHPA4259.7,1313992
130_bNAb_Combinations|1313992|vc|4|2|RHPA4259.7|5371,0,-0.908065,3.54792e-11,1.10125e-09,0,0,0,0,-2.23461e-07,-1.77636e-15,0,0,0,0,False,nan|RHPA4259.7,1313992
130_bNAb_Combinations|1313992|vc|5|2|RHPA4259.7|5371,0,-0.275097,2.06084e-10,1.39202e-09,0,0,0,0,-1.7047e-07,1.55431e-15,8.88178e-16,0,0,0,False,nan|RHPA4259.7,1313992
130_bNAb_Combinations|1313992|vc|6|2|RHPA4259.7|5371,0,0.660764,7.79046e-09,-1.19477e-10,0,0,0,0,3.41315e-07,-6.66134e-16,0,0,0,0,False,nan|RHPA4259.7,1313992
130_bNAb_Combinations|1313992|vc|7|2|RHPA4259.7|5371,0,0.0186881,-2.5901e-09,2.9211e-09,0,0,0,0,0.0190938,3.66596e-13,-1.35891e-13,0,0,0,False,nan|RHPA4259.7,1313992
130_bNAb_Combinations|1313992|vc|8|2|RHPA4259.7|5371,0,-0.249762,6.35752e-09,-3.45151e-10,0,0,0,0,-1.49084e-07,1.9984e-15,-2.66454e-15,0,0,0,False,nan|RHPA4259.7,1313992
130_bNAb_Combinations|1314016|cc|1|1|nan|3430,0,1.23395,2.6497e-09,1.87904e-09,0,0,0,0,-2.19322e-07,-3.33067e-15,0,0,0,0,False,nan|3430,1314016
130_bNAb_Combinations|1314016|cc|2|1|nan|3430,0,0.228506,6.67051e-10,2.77708e-09,0,0,0,0,-2.77573e-07,1.11022e-15,2.22045e-15,0,0,0,False,nan|3430,1314016
130_bNAb_Combinations|1314016|cc|3|1|nan|3430,0,0.665409,3.67196e-09,-8.33969e-10,0,0,0,0,-4.54258e-07,-1.33227e-15,-8.88178e-16,0,0,0,False,nan|3430,1314016
130_bNAb_Combinations|1314016|cc|4|1|nan|3430,0,-0.0651612,4.19725e-09,-2.32214e-09,0,0,0,0,2.15988e-08,-1.9984e-15,4.44089e-16,0,0,0,False,nan|3430,1314016
130_bNAb_Combinations|1314016|cc|5|1|nan|3430,0,-0.055398,-6.8807e-10,1.89642e-09,0,0,0,0,9.31731e-08,1.11022e-15,-2.22045e-15,0,0,0,False,nan|3430,1314016
130_bNAb_Combinations|1314016|cc|6|1|nan|3430,0,0.702834,-5.52612e-09,-6.74193e-10,0,0,0,0,1.6734e-07,3.77476e-15,1.77636e-15,0,0,0,False,nan|3430,1314016
130_bNAb_Combinations|1314016|cc|7|1|nan|3430,0,-0.192211,-1.13565e-08,1.7972e-09,0,0,0,0,5.07191e-07,-3.77476e-15,-4.44089e-16,0,0,0,False,nan|3430,1314016
130_bNAb_Combinations|1314016|cc|8|1|nan|3430,0,0.8086,2.94201e-09,-2.01447e-09,0,0,0,0,1.43802e-07,1.55431e-15,1.33227e-15,0,0,0,False,nan|3430,1314016
130_bNAb_Combinations|1314016|sample|10|nan|3430,0,-4.08699,-8.36156e-09,-2.9372e-09,0,0,0,0,-3.99389,-4.17444e-14,-4.62963e-14,0,0,0,True,PGT121|3430,1314016
130_bNAb_Combinations|1314016|sample|11|nan|3430,0,-7.788,-5.30392e-09,2.1236e-09,0,0,0,0,-6.15113,2.22045e-14,-2.66454e-15,0,0,0,True,VRC07-523LS|3430,1314016
130_bNAb_Combinations|1314016|sample|12|nan|3430,0,-9.15771,6.60342e-09,-3.75521e-09,0,0,0,0,-6.94673,-8.88178e-15,4.44089e-15,0,0,0,True,VRC07-523LS|3430,1314016
130_bNAb_Combinations|1314016|sample|3|nan|3430,0,-3.88779,-2.04337e-08,2.72133e-09,0,0,0,0,-3.98229,-6.61693e-14,-2.93099e-14,0,0,0,True,PGDM1400|3430,1314016
130_bNAb_Combinations|1314016|sample|4|nan|3430,0,-4.04464,-1.02089e-08,-2.1775e-09,0,0,0,0,-4.07246,1.15241e-13,-9.76996e-15,0,0,0,True,PGDM1400|3430,1314016
130_bNAb_Combinations|1314016|sample|5|nan|3430,0,-4.20086,-5.71229e-09,2.2994e-09,0,0,0,0,-4.13913,-7.30527e-14,3.9968e-14,0,0,0,True,PGDM1400|3430,1314016
130_bNAb_Combinations|1314016|sample|6|nan|3430,0,-4.18578,1.8479e-09,-5.00891e-10,0,0,0,0,-4.27041,-7.83817e-14,4.92939e-14,0,0,0,True,PGDM1400|3430,1314016
130_bNAb_Combinations|1314016|sample|7|nan|3430,0,-3.82325,2.94519e-09,9.79964e-10,0,0,0,0,-3.8913,4.61853e-14,-2.87548e-14,0,0,0,True,PGT121|3430,1314016
130_bNAb_Combinations|1314016|sample|8|nan|3430,0,-3.4133,2.48778e-09,1.86133e-10,0,0,0,0,-3.49367,3.4639e-14,-4.88498e-15,0,0,0,True,PGT121|3430,1314016
130_bNAb_Combinations|1314016|sample|9|nan|3430,0,-3.7429,-4.29058e-09,-9.87642e-10,0,0,0,0,-3.8352,-8.26006e-14,-2.84217e-14,0,0,0,True,PGT121|3430,1314016
130_bNAb_Combinations|1314016|vc|1|2|nan|3430,0,1.07174,1.25036e-10,1.84267e-09,0,0,0,0,-2.29094e-06,1.44329e-14,2.22045e-15,0,0,0,False,nan|3430,1314016
130_bNAb_Combinations|1314016|vc|2|2|nan|3430,0,-0.30723,1.05488e-09,1.20317e-10,0,0,0,0,-1.8365e-07,4.88498e-15,-3.55271e-15,0,0,0,False,nan|3430,1314016
130_bNAb_Combinations|1314016|vc|3|2|nan|3430,0,-0.843785,5.58353e-09,-1.93941e-09,0,0,0,0,5.28487e-08,-5.10703e-15,1.33227e-15,0,0,0,False,nan|3430,1314016
130_bNAb_Combinations|1314016|vc|4|2|nan|3430,0,-0.6228,1.00697e-09,9.1714e-10,0,0,0,0,5.53164e-08,4.21885e-15,1.33227e-15,0,0,0,False,nan|3430,1314016
130_bNAb_Combinations|1314016|vc|5|2|nan|3430,0,-0.576365,1.95853e-09,1.58012e-09,0,0,0,0,2.78303e-07,6.66134e-16,4.44089e-16,0,0,0,False,nan|3430,1314016
130_bNAb_Combinations|1314016|vc|6|2|nan|3430,0,-0.025413,-1.88523e-09,-2.32351e-09,0,0,0,0,-2.4782e-07,2.44249e-15,1.33227e-15,0,0,0,False,nan|3430,1314016
130_bNAb_Combinations|1314016|vc|7|2|nan|3430,0,-0.671339,9.64703e-09,-3.69415e-09,0,0,0,0,-4.74041e-08,2.22045e-16,2.22045e-15,0,0,0,False,nan|3430,1314016
130_bNAb_Combinations|1314016|vc|8|2|nan|3430,0,-1.19615,-2.03354e-11,3.12754e-09,0,0,0,0,-5.90545e-08,0,-1.33227e-15,0,0,0,False,nan|3430,1314016
130_bNAb_Combinations|1314040|cc|1|1|nan|4166,0,-0.113638,-8.99329e-09,-2.10036e-10,0,0,0,0,-1.06719e-07,4.66294e-15,-4.44089e-16,0,0,0,False,nan|4166,1314040
130_bNAb_Combinations|1314040|cc|2|1|nan|4166,0,-0.439118,2.70912e-09,7.76796e-10,0,0,0,0,-2.28072e-07,-1.55431e-15,-1.33227e-15,0,0,0,False,nan|4166,1314040
130_bNAb_Combinations|1314040|cc|3|1|nan|4166,0,-0.135193,-4.27805e-10,-5.13863e-12,0,0,0,0,4.15248e-07,-2.66454e-15,2.22045e-15,0,0,0,False,nan|4166,1314040
130_bNAb_Combinations|1314040|cc|4|1|nan|4166,0,-0.0498348,-1.31627e-09,1.3112e-09,0,0,0,0,-3.49158e-07,2.22045e-16,2.22045e-15,0,0,0,False,nan|4166,1314040
130_bNAb_Combinations|1314040|cc|5|1|nan|4166,0,-0.267128,6.93581e-09,-8.67554e-10,0,0,0,0,-2.59038e-07,-1.9984e-15,-2.22045e-15,0,0,0,False,nan|4166,1314040
130_bNAb_Combinations|1314040|cc|6|1|nan|4166,0,0.100852,-3.38054e-09,-2.25453e-09,0,0,0,0,-1.58457e-08,3.10862e-15,-4.44089e-16,0,0,0,False,nan|4166,1314040
130_bNAb_Combinations|1314040|cc|7|1|nan|4166,0,0.225232,3.8637e-09,5.85298e-10,0,0,0,0,1.81987e-07,-6.43929e-15,-4.44089e-16,0,0,0,False,nan|4166,1314040
130_bNAb_Combinations|1314040|cc|8|1|nan|4166,0,1.00228,-3.34976e-09,1.84639e-09,0,0,0,0,-2.19653e-07,-2.22045e-15,-4.44089e-16,0,0,0,False,nan|4166,1314040
130_bNAb_Combinations|1314040|sample|10|nan|4166,0,-9.083,4.22235e-09,-3.32792e-09,0,0,0,0,-6.68379,-1.28786e-14,-2.22045e-16,0,0,0,True,PGT121|4166,1314040
130_bNAb_Combinations|1314040|sample|11|nan|4166,0,-8.47527,5.20692e-09,5.31131e-10,0,0,0,0,-6.65764,4.88498e-15,9.76996e-15,0,0,0,True,VRC07-523LS|4166,1314040
130_bNAb_Combinations|1314040|sample|12|nan|4166,0,-9.35282,-5.65486e-09,-3.0951e-09,0,0,0,0,-6.86863,-2.42029e-14,-8.88178e-16,0,0,0,True,VRC07-523LS|4166,1314040
130_bNAb_Combinations|1314040|sample|3|nan|4166,0,-4.21543,-8.93424e-09,1.46777e-09,0,0,0,0,-4.40142,-2.25375e-13,1.77636e-15,0,0,0,True,PGDM1400|4166,1314040
130_bNAb_Combinations|1314040|sample|4|nan|4166,0,-3.84384,-3.67177e-09,-6.68708e-09,0,0,0,0,-3.89257,6.81677e-14,-3.68594e-14,0,0,0,True,PGDM1400|4166,1314040
130_bNAb_Combinations|1314040|sample|5|nan|4166,0,-4.19195,6.29852e-09,4.03687e-09,0,0,0,0,-4.22774,-7.43849e-14,2.22045e-15,0,0,0,True,PGDM1400|4166,1314040
130_bNAb_Combinations|1314040|sample|6|nan|4166,0,-4.29278,8.26357e-09,7.65093e-10,0,0,0,0,-4.28823,1.20348e-13,-6.66134e-15,0,0,0,True,PGDM1400|4166,1314040
130_bNAb_Combinations|1314040|sample|7|nan|4166,0,-7.05361,-3.19639e-10,-1.90717e-09,0,0,0,0,-6.02685,-1.46549e-14,-1.35447e-14,0,0,0,True,PGT121|4166,1314040
130_bNAb_Combinations|1314040|sample|8|nan|4166,0,-6.54468,-6.16363e-09,4.39737e-09,0,0,0,0,-5.63696,5.41789e-14,-1.55431e-15,0,0,0,True,PGT121|4166,1314040
130_bNAb_Combinations|1314040|sample|9|nan|4166,0,-7.44491,2.3355e-09,-2.19352e-09,0,0,0,0,-6.1534,-3.28626e-14,-7.77156e-15,0,0,0,True,PGT121|4166,1314040
130_bNAb_Combinations|1314040|vc|1|2|nan|4166,0,0.402508,4.13442e-10,3.82694e-09,0,0,0,0,9.84035e-07,-5.10703e-15,2.22045e-15,0,0,0,False,nan|4166,1314040
130_bNAb_Combinations|1314040|vc|2|2|nan|4166,0,0.56133,5.85472e-09,2.30705e-10,0,0,0,0,-3.27376e-07,3.77476e-15,-8.88178e-16,0,0,0,False,nan|4166,1314040
130_bNAb_Combinations|1314040|vc|3|2|nan|4166,0,-0.211776,7.3891e-10,1.1057e-09,0,0,0,0,3.12224e-07,2.22045e-16,4.44089e-16,0,0,0,False,nan|4166,1314040
130_bNAb_Combinations|1314040|vc|4|2|nan|4166,0,-0.0544239,4.97154e-09,-9.18251e-10,0,0,0,0,7.95237e-10,1.55431e-15,2.22045e-15,0,0,0,False,nan|4166,1314040
130_bNAb_Combinations|1314040|vc|5|2|nan|4166,0,-0.87279,6.16726e-09,1.33587e-09,0,0,0,0,-4.49288e-07,-1.9984e-15,4.44089e-16,0,0,0,False,nan|4166,1314040
130_bNAb_Combinations|1314040|vc|6|2|nan|4166,0,0.33407,-6.6637e-10,-1.99181e-09,0,0,0,0,9.90322e-07,-5.55112e-15,3.10862e-15,0,0,0,False,nan|4166,1314040
130_bNAb_Combinations|1314040|vc|7|2|nan|4166,0,-0.670389,-1.38516e-09,9.1295e-10,0,0,0,0,-1.33947e-07,1.9984e-15,1.33227e-15,0,0,0,False,nan|4166,1314040
130_bNAb_Combinations|1314040|vc|8|2|nan|4166,0,0.910316,3.8487e-09,-6.9402e-11,0,0,0,0,3.5739e-08,-5.10703e-15,-1.33227e-15,0,0,0,False,nan|4166,1314040
130_bNAb_Combinations|1314058|cc|1|1|nan|2944,0,0.884586,6.83312e-10,1.45579e-10,0,0,0,0,-4.08019e-07,-2.22045e-16,-8.88178e-16,0,0,0,False,nan|2944,1314058
130_bNAb_Combinations|1314058|cc|2|1|nan|2944,0,-0.0208422,-9.47314e-10,-1.9442e-09,0,0,0,0,-2.72437e-07,6.66134e-16,-8.88178e-16,0,0,0,False,nan|2944,1314058
130_bNAb_Combinations|1314058|cc|3|1|nan|2944,0,0.094645,9.30844e-10,7.83473e-10,0,0,0,0,1.55061e-07,-2.66454e-15,8.88178e-16,0,0,0,False,nan|2944,1314058
130_bNAb_Combinations|1314058|cc|4|1|nan|2944,0,-0.45836,1.03093e-09,-3.10036e-09,0,0,0,0,1.24878e-07,1.11022e-15,-8.88178e-16,0,0,0,False,nan|2944,1314058
130_bNAb_Combinations|1314058|cc|5|1|nan|2944,0,-0.168852,-6.91925e-09,1.207e-09,0,0,0,0,-2.31316e-07,1.44329e-15,1.77636e-15,0,0,0,False,nan|2944,1314058
130_bNAb_Combinations|1314058|cc|6|1|nan|2944,0,-0.161184,6.52993e-10,1.41037e-09,0,0,0,0,7.29984e-07,-8.88178e-16,-8.88178e-16,0,0,0,False,nan|2944,1314058
130_bNAb_Combinations|1314058|cc|7|1|nan|2944,0,-0.859472,-5.4701e-09,-2.50971e-09,0,0,0,0,5.7786e-07,-1.11022e-15,-1.77636e-15,0,0,0,False,nan|2944,1314058
130_bNAb_Combinations|1314058|cc|8|1|nan|2944,0,0.0472837,-7.57896e-09,2.62724e-09,0,0,0,0,-2.50036e-08,6.66134e-16,0,0,0,0,False,nan|2944,1314058
130_bNAb_Combinations|1314058|sample|10|nan|2944,0,-6.72545,-1.09976e-08,2.96451e-09,0,0,0,0,-5.86517,-3.68594e-14,-1.55431e-14,0,0,0,True,PGT121|2944,1314058
130_bNAb_Combinations|1314058|sample|11|nan|2944,0,-5.77675,-1.65911e-09,-9.27744e-10,0,0,0,0,-5.44618,8.43769e-15,8.43769e-15,0,0,0,True,VRC07-523LS|2944,1314058
130_bNAb_Combinations|1314058|sample|12|nan|2944,0,-5.06115,1.51635e-09,2.09026e-09,0,0,0,0,-4.98542,-5.28466e-14,-1.13243e-14,0,0,0,True,VRC07-523LS|2944,1314058
130_bNAb_Combinations|1314058|sample|3|nan|2944,0,-4.94406,9.63761e-09,-2.01396e-09,0,0,0,0,-4.97977,1.50102e-13,-3.90799e-14,0,0,0,True,PGDM1400|2944,1314058
130_bNAb_Combinations|1314058|sample|4|nan|2944,0,-4.54807,-2.30046e-09,2.66494e-09,0,0,0,0,-4.61513,1.53877e-13,7.10543e-15,0,0,0,True,PGDM1400|2944,1314058
130_bNAb_Combinations|1314058|sample|5|nan|2944,0,-4.92157,-1.14676e-08,-3.36232e-09,0,0,0,0,-4.96099,1.04361e-14,7.10543e-15,0,0,0,True,PGDM1400|2944,1314058
130_bNAb_Combinations|1314058|sample|6|nan|2944,0,-5.14784,6.15998e-09,6.57561e-10,0,0,0,0,-5.20921,-1.0969e-13,5.32907e-14,0,0,0,True,PGDM1400|2944,1314058
130_bNAb_Combinations|1314058|sample|7|nan|2944,0,-4.996,-6.02672e-09,4.58228e-10,0,0,0,0,-5.04317,-1.11022e-13,3.10862e-14,0,0,0,True,PGT121|2944,1314058
130_bNAb_Combinations|1314058|sample|8|nan|2944,0,-6.46083,9.94022e-09,2.12072e-09,0,0,0,0,-5.65009,5.10703e-14,-1.28786e-14,0,0,0,True,PGT121|2944,1314058
130_bNAb_Combinations|1314058|sample|9|nan|2944,0,-6.14778,-4.14932e-09,-4.34096e-09,0,0,0,0,-5.68884,-4.32987e-14,-4.44089e-16,0,0,0,True,PGT121|2944,1314058
130_bNAb_Combinations|1314058|vc|1|2|nan|2944,0,-0.441671,-3.66379e-09,-1.76093e-09,0,0,0,0,-5.10099e-08,5.55112e-15,8.88178e-16,0,0,0,False,nan|2944,1314058
130_bNAb_Combinations|1314058|vc|2|2|nan|2944,0,-0.460814,5.24931e-09,1.7118e-09,0,0,0,0,5.15717e-07,-5.55112e-16,8.88178e-16,0,0,0,False,nan|2944,1314058
130_bNAb_Combinations|1314058|vc|3|2|nan|2944,0,-0.184974,3.37392e-09,-2.42718e-10,0,0,0,0,-9.36587e-07,-9.99201e-15,-8.88178e-16,0,0,0,False,nan|2944,1314058
130_bNAb_Combinations|1314058|vc|4|2|nan|2944,0,0.405669,-4.10911e-09,-1.55304e-09,0,0,0,0,-2.00241e-07,-4.88498e-15,8.88178e-16,0,0,0,False,nan|2944,1314058
130_bNAb_Combinations|1314058|vc|5|2|nan|2944,0,1.22976,2.96934e-09,-3.12583e-09,0,0,0,0,3.88777e-07,1.9984e-15,8.88178e-16,0,0,0,False,nan|2944,1314058
130_bNAb_Combinations|1314058|vc|6|2|nan|2944,0,0.114083,-2.30743e-09,2.19173e-09,0,0,0,0,-5.94909e-07,-1.66533e-15,8.88178e-16,0,0,0,False,nan|2944,1314058
130_bNAb_Combinations|1314058|vc|7|2|nan|2944,0,0.693164,-8.32359e-11,1.67624e-09,0,0,0,0,-3.55221e-07,-6.66134e-16,-8.88178e-16,0,0,0,False,nan|2944,1314058
130_bNAb_Combinations|1314058|vc|8|2|nan|2944,0,-0.591112,-8.23438e-10,4.92624e-10,0,0,0,0,3.52149e-07,-1.9984e-15,8.88178e-16,0,0,0,False,nan|2944,1314058
130_bNAb_Combinations|1342240|cc|1|1|nan|1798,0,-0.341054,2.72206e-09,2.23373e-09,0,0,0,0,7.56619e-07,4.44089e-16,-8.88178e-16,0,0,0,False,nan|1798,1342240
130_bNAb_Combinations|1342240|cc|2|1|nan|1798,0,-0.750165,3.40993e-09,1.30013e-09,0,0,0,0,4.4764e-07,6.66134e-16,-5.32907e-15,0,0,0,False,nan|1798,1342240
130_bNAb_Combinations|1342240|cc|3|1|nan|1798,0,-0.326962,-1.45135e-09,8.2435e-10,0,0,0,0,4.68918e-07,-3.33067e-15,8.88178e-16,0,0,0,False,nan|1798,1342240
130_bNAb_Combinations|1342240|cc|4|1|nan|1798,0,-1.07042,-1.29313e-09,1.82787e-09,0,0,0,0,-7.11198e-08,-2.22045e-16,1.77636e-15,0,0,0,False,nan|1798,1342240
130_bNAb_Combinations|1342240|cc|5|1|nan|1798,0,0.780528,6.68537e-09,-2.1809e-09,0,0,0,0,5.35919e-07,-3.33067e-15,0,0,0,0,False,nan|1798,1342240
130_bNAb_Combinations|1342240|cc|6|1|nan|1798,0,0.310278,-9.43181e-09,-6.34568e-10,0,0,0,0,1.85136e-07,-2.88658e-15,-8.88178e-16,0,0,0,False,nan|1798,1342240
130_bNAb_Combinations|1342240|cc|7|1|nan|1798,0,-0.0990691,-5.40365e-09,-3.70882e-10,0,0,0,0,-8.42446e-08,-5.9952e-15,-8.88178e-16,0,0,0,False,nan|1798,1342240
130_bNAb_Combinations|1342240|cc|8|1|nan|1798,0,0.0150516,1.03209e-08,-1.00824e-09,0,0,0,0,0.0154116,7.62279e-13,-6.79456e-13,0,0,0,False,nan|1798,1342240
130_bNAb_Combinations|1342240|sample|3|nan|1798,0,-3.69632,-6.83239e-09,-1.02041e-09,0,0,0,0,-3.80922,1.36779e-13,1.15463e-14,0,0,0,True,VRC07-523LS|1798,1342240
130_bNAb_Combinations|1342240|sample|4|nan|1798,0,-4.10949,-2.41478e-09,1.6862e-09,0,0,0,0,-4.15708,-8.17124e-14,-5.77316e-15,0,0,0,True,VRC07-523LS|1798,1342240
130_bNAb_Combinations|1342240|sample|8|nan|1798,0,-8.52892,-2.38122e-09,-1.84727e-09,0,0,0,0,-6.72108,0,-3.10862e-15,0,0,0,True,VRC07-523LS|1798,1342240
130_bNAb_Combinations|1342240|vc|1|2|nan|1798,0,0.82057,-5.64227e-09,9.59105e-10,0,0,0,0,3.80558e-07,-2.66454e-15,-8.88178e-16,0,0,0,False,nan|1798,1342240
130_bNAb_Combinations|1342240|vc|2|2|nan|1798,0,0.0614436,-4.12891e-09,1.43408e-10,0,0,0,0,-2.31802e-07,-2.44249e-15,8.88178e-16,0,0,0,False,nan|1798,1342240
130_bNAb_Combinations|1342240|vc|3|2|nan|1798,0,-0.0756309,-7.50021e-10,5.52517e-10,0,0,0,0,-3.5991e-08,-4.66294e-15,0,0,0,0,False,nan|1798,1342240
130_bNAb_Combinations|1342240|vc|4|2|nan|1798,0,0.448401,4.40158e-09,-1.57877e-09,0,0,0,0,3.34457e-07,1.9984e-15,-8.88178e-16,0,0,0,False,nan|1798,1342240
130_bNAb_Combinations|1342240|vc|5|2|nan|1798,0,-0.176722,5.70966e-10,-3.43876e-10,0,0,0,0,-1.56714e-07,-3.33067e-15,-2.66454e-15,0,0,0,False,nan|1798,1342240
130_bNAb_Combinations|1342240|vc|6|2|nan|1798,0,-0.633087,4.21162e-09,-1.31018e-10,0,0,0,0,-1.3367e-07,1.11022e-15,-8.88178e-16,0,0,0,False,nan|1798,1342240
130_bNAb_Combinations|1342240|vc|7|2|nan|1798,0,-0.553553,-6.78114e-10,1.98679e-09,0,0,0,0,3.01779e-07,-2.22045e-16,0,0,0,0,False,nan|1798,1342240
130_bNAb_Combinations|1342240|vc|8|2|nan|1798,0,-0.501098,-6.21234e-09,-1.17965e-09,0,0,0,0,-4.88039e-07,-1.55431e-15,-8.88178e-16,0,0,0,False,nan|1798,1342240
130_bNAb_Combinations|1342258|cc|1|1|TRO.11|8301,0,0.123212,-1.11302e-09,-1.2381e-10,0,0,0,0,2.03693e-07,-1.9984e-15,8.88178e-16,0,0,0,False,nan|TRO.11,1342258
130_bNAb_Combinations|1342258|cc|2|1|TRO.11|8301,0,0.0961187,3.73141e-09,-4.56384e-10,0,0,0,0,-7.96269e-08,1.55431e-15,0,0,0,0,False,nan|TRO.11,1342258
130_bNAb_Combinations|1342258|cc|3|1|TRO.11|8301,0,0.653691,8.06678e-09,2.6986e-10,0,0,0,0,1.02075e-07,1.33227e-15,8.88178e-16,0,0,0,False,nan|TRO.11,1342258
130_bNAb_Combinations|1342258|cc|4|1|TRO.11|8301,0,0.326675,7.76633e-09,4.00849e-10,0,0,0,0,-4.15552e-07,3.33067e-15,-2.22045e-15,0,0,0,False,nan|TRO.11,1342258
130_bNAb_Combinations|1342258|cc|5|1|TRO.11|8301,0,0.967742,-6.91208e-09,-1.97281e-09,0,0,0,0,1.31561e-07,-8.88178e-16,-1.77636e-15,0,0,0,False,nan|TRO.11,1342258
130_bNAb_Combinations|1342258|cc|6|1|TRO.11|8301,0,-0.111744,3.0117e-09,1.06844e-09,0,0,0,0,3.61582e-07,2.44249e-15,0,0,0,0,False,nan|TRO.11,1342258
130_bNAb_Combinations|1342258|cc|7|1|TRO.11|8301,0,0.990582,6.96443e-09,2.41417e-09,0,0,0,0,-3.0776e-07,4.66294e-15,8.88178e-16,0,0,0,False,nan|TRO.11,1342258
130_bNAb_Combinations|1342258|cc|8|1|TRO.11|8301,0,-1.83728,-3.79984e-09,2.06519e-09,0,0,0,0,-2.15932e-07,-5.10703e-15,-1.77636e-15,0,0,0,False,nan|TRO.11,1342258
130_bNAb_Combinations|1342258|sample|3|TRO.11|8301,0,-9.70469,2.7711e-09,1.85151e-09,0,0,0,0,-6.83708,-2.35367e-14,-2.22045e-15,0,0,0,True,VRC07-523LS|TRO.11,1342258
130_bNAb_Combinations|1342258|sample|4|TRO.11|8301,0,-9.11689,-1.24095e-08,-4.05128e-09,0,0,0,0,-6.64654,1.73195e-14,-6.66134e-16,0,0,0,True,VRC07-523LS|TRO.11,1342258
130_bNAb_Combinations|1342258|vc|1|2|TRO.11|8301,0,0.477011,4.88709e-10,2.67435e-09,0,0,0,0,2.84727e-07,-2.88658e-15,8.88178e-16,0,0,0,False,nan|TRO.11,1342258
130_bNAb_Combinations|1342258|vc|2|2|TRO.11|8301,0,0.201478,-2.40343e-09,8.43804e-10,0,0,0,0,-9.02518e-08,2.44249e-15,1.77636e-15,0,0,0,False,nan|TRO.11,1342258
130_bNAb_Combinations|1342258|vc|3|2|TRO.11|8301,0,0.298446,5.11549e-10,2.43884e-09,0,0,0,0,7.84047e-07,5.10703e-15,-2.22045e-15,0,0,0,False,nan|TRO.11,1342258
130_bNAb_Combinations|1342258|vc|4|2|TRO.11|8301,0,-0.0706687,6.11355e-10,1.73843e-09,0,0,0,0,1.28797e-07,1.55431e-15,-1.33227e-15,0,0,0,False,nan|TRO.11,1342258
130_bNAb_Combinations|1342258|vc|5|2|TRO.11|8301,0,1.25743,-2.5869e-09,9.82839e-10,0,0,0,0,8.59867e-08,0,-1.77636e-15,0,0,0,False,nan|TRO.11,1342258
130_bNAb_Combinations|1342258|vc|6|2|TRO.11|8301,0,0.153624,-2.50238e-10,-1.55603e-09,0,0,0,0,-2.30889e-07,-3.77476e-15,8.88178e-16,0,0,0,False,nan|TRO.11,1342258
130_bNAb_Combinations|1342258|vc|7|2|TRO.11|8301,0,-0.165322,-3.26012e-09,3.50324e-09,0,0,0,0,3.7056e-07,2.22045e-16,-4.44089e-16,0,0,0,False,nan|TRO.11,1342258
130_bNAb_Combinations|1342258|vc|8|2|TRO.11|8301,0,0.256195,-3.60467e-09,-1.44108e-09,0,0,0,0,-3.32874e-07,-5.9952e-15,0,0,0,0,False,nan|TRO.11,1342258
130_bNAb_Combinations|1342276|cc|1|1|Ce1176_A3|7023,0,-0.476883,-6.45214e-09,-1.27974e-09,0,0,0,0,1.80483e-07,5.77316e-15,-1.77636e-15,0,0,0,False,nan|Ce1176_A3,1342276
130_bNAb_Combinations|1342276|cc|2|1|Ce1176_A3|7023,0,-0.273668,1.49767e-09,2.32811e-09,0,0,0,0,-1.44666e-07,3.10862e-15,1.77636e-15,0,0,0,False,nan|Ce1176_A3,1342276
130_bNAb_Combinations|1342276|cc|3|1|Ce1176_A3|7023,0,0.278655,3.70266e-10,-3.07098e-12,0,0,0,0,-1.10735e-07,-3.10862e-15,0,0,0,0,False,nan|Ce1176_A3,1342276
130_bNAb_Combinations|1342276|cc|4|1|Ce1176_A3|7023,0,0.345819,1.00859e-09,6.67357e-10,0,0,0,0,-4.07739e-08,-2.22045e-16,1.77636e-15,0,0,0,False,nan|Ce1176_A3,1342276
130_bNAb_Combinations|1342276|cc|5|1|Ce1176_A3|7023,0,0.577883,-1.54169e-09,-5.50817e-10,0,0,0,0,3.61131e-08,1.33227e-15,1.77636e-15,0,0,0,False,nan|Ce1176_A3,1342276
130_bNAb_Combinations|1342276|cc|6|1|Ce1176_A3|7023,0,0.555774,8.23414e-09,8.12644e-10,0,0,0,0,-7.28422e-07,-2.88658e-15,0,0,0,0,False,nan|Ce1176_A3,1342276
130_bNAb_Combinations|1342276|cc|7|1|Ce1176_A3|7023,0,1.66872,-8.2307e-09,-1.12131e-09,0,0,0,0,-6.17533e-07,1.55431e-15,-1.77636e-15,0,0,0,False,nan|Ce1176_A3,1342276
130_bNAb_Combinations|1342276|cc|8|1|Ce1176_A3|7023,0,-0.377329,-4.14953e-09,-5.62316e-11,0,0,0,0,-5.34161e-07,-2.44249e-15,0,0,0,0,False,nan|Ce1176_A3,1342276
130_bNAb_Combinations|1342276|sample|3|Ce1176_A3|7023,0,-4.81284,-9.20892e-10,2.61292e-09,0,0,0,0,-4.80532,-6.86118e-14,-2.39808e-14,0,0,0,True,VRC07-523LS|Ce1176_A3,1342276
130_bNAb_Combinations|1342276|sample|4|Ce1176_A3|7023,0,-4.44681,6.93069e-09,-2.4103e-10,0,0,0,0,-4.43814,1.35447e-14,-2.66454e-15,0,0,0,True,VRC07-523LS|Ce1176_A3,1342276
130_bNAb_Combinations|1342276|vc|1|2|Ce1176_A3|7023,0,-0.821339,-4.64664e-10,3.39995e-10,0,0,0,0,7.14166e-08,6.66134e-16,-8.88178e-16,0,0,0,False,nan|Ce1176_A3,1342276
130_bNAb_Combinations|1342276|vc|2|2|Ce1176_A3|7023,0,-0.110169,-1.87228e-09,-1.25316e-09,0,0,0,0,1.92399e-07,1.9984e-15,-1.77636e-15,0,0,0,False,nan|Ce1176_A3,1342276
130_bNAb_Combinations|1342276|vc|3|2|Ce1176_A3|7023,0,-0.304096,-5.14741e-09,1.87725e-09,0,0,0,0,-3.98196e-07,2.22045e-15,8.88178e-16,0,0,0,False,nan|Ce1176_A3,1342276
130_bNAb_Combinations|1342276|vc|4|2|Ce1176_A3|7023,0,1.39785,-1.60329e-09,-1.70652e-09,0,0,0,0,-4.07986e-07,1.28786e-14,0,0,0,0,False,nan|Ce1176_A3,1342276
130_bNAb_Combinations|1342276|vc|5|2|Ce1176_A3|7023,0,0.217469,-4.18522e-09,-1.63254e-09,0,0,0,0,5.3933e-07,6.66134e-16,0,0,0,0,False,nan|Ce1176_A3,1342276
130_bNAb_Combinations|1342276|vc|6|2|Ce1176_A3|7023,0,-0.623209,3.15225e-09,4.36745e-09,0,0,0,0,-2.04603e-07,-8.65974e-15,0,0,0,0,False,nan|Ce1176_A3,1342276
130_bNAb_Combinations|1342276|vc|7|2|Ce1176_A3|7023,0,-0.49281,4.8851e-09,3.86464e-10,0,0,0,0,-1.44837e-07,-1.55431e-15,1.77636e-15,0,0,0,False,nan|Ce1176_A3,1342276
130_bNAb_Combinations|1342276|vc|8|2|Ce1176_A3|7023,0,1.14332,-7.44428e-10,1.65486e-09,0,0,0,0,6.8399e-07,1.11022e-15,0,0,0,0,False,nan|Ce1176_A3,1342276
130_bNAb_Combinations|1342294|cc|1|1|nan|1176,0,0.547645,-2.30725e-11,-9.81732e-11,0,0,0,0,-3.20865e-07,-3.55271e-15,-3.10862e-15,0,0,0,False,nan|1176,1342294
130_bNAb_Combinations|1342294|cc|2|1|nan|1176,0,0.925641,4.96194e-09,-2.13411e-09,0,0,0,0,-1.6099e-07,3.9968e-15,0,0,0,0,False,nan|1176,1342294
130_bNAb_Combinations|1342294|cc|3|1|nan|1176,0,0.346852,-9.89535e-10,-9.39721e-10,0,0,0,0,-1.78579e-07,-5.10703e-15,4.44089e-16,0,0,0,False,nan|1176,1342294
130_bNAb_Combinations|1342294|cc|4|1|nan|1176,0,-0.204206,4.36311e-09,6.94519e-10,0,0,0,0,2.20452e-07,8.88178e-16,4.44089e-16,0,0,0,False,nan|1176,1342294
130_bNAb_Combinations|1342294|cc|5|1|nan|1176,0,0.126163,4.33247e-09,8.04839e-10,0,0,0,0,-3.23769e-07,-2.66454e-15,-4.44089e-16,0,0,0,False,nan|1176,1342294
130_bNAb_Combinations|1342294|cc|6|1|nan|1176,0,0.0253188,3.73177e-09,3.95241e-09,0,0,0,0,-4.05404e-07,4.44089e-16,-1.77636e-15,0,0,0,False,nan|1176,1342294
130_bNAb_Combinations|1342294|cc|7|1|nan|1176,0,-0.0721265,4.70459e-09,-8.77875e-10,0,0,0,0,-3.82211e-07,-3.10862e-15,-1.33227e-15,0,0,0,False,nan|1176,1342294
130_bNAb_Combinations|1342294|cc|8|1|nan|1176,0,-0.410303,1.42158e-11,5.0429e-10,0,0,0,0,-2.81025e-07,-1.77636e-15,1.33227e-15,0,0,0,False,nan|1176,1342294
130_bNAb_Combinations|1342294|sample|3|nan|1176,0,-4.11938,-2.20419e-09,1.25316e-09,0,0,0,0,-4.22805,-3.06422e-14,-2.93099e-14,0,0,0,True,VRC07-523LS|1176,1342294
130_bNAb_Combinations|1342294|sample|4|nan|1176,0,-4.27194,-4.44293e-09,4.06153e-10,0,0,0,0,-4.38883,-2.53131e-14,1.42109e-14,0,0,0,True,VRC07-523LS|1176,1342294
130_bNAb_Combinations|1342294|sample|8|nan|1176,0,-4.53872,2.00792e-09,-1.80234e-09,0,0,0,0,-4.56055,8.61533e-14,-1.24345e-14,0,0,0,True,VRC07-523LS|1176,1342294
130_bNAb_Combinations|1342294|vc|1|2|nan|1176,0,0.172286,-1.65271e-10,9.64263e-10,0,0,0,0,-2.50163e-07,0,-4.44089e-16,0,0,0,False,nan|1176,1342294
130_bNAb_Combinations|1342294|vc|2|2|nan|1176,0,-0.66964,1.29242e-09,-3.13087e-09,0,0,0,0,-1.23322e-07,3.77476e-15,-4.44089e-16,0,0,0,False,nan|1176,1342294
130_bNAb_Combinations|1342294|vc|3|2|nan|1176,0,-0.622318,1.36361e-09,-1.27935e-09,0,0,0,0,-2.0057e-07,1.77636e-15,-2.66454e-15,0,0,0,False,nan|1176,1342294
130_bNAb_Combinations|1342294|vc|4|2|nan|1176,0,0.168133,-1.45166e-11,-1.55354e-09,0,0,0,0,-1.62663e-07,-3.55271e-15,4.44089e-16,0,0,0,False,nan|1176,1342294
130_bNAb_Combinations|1342294|vc|5|2|nan|1176,0,-0.532424,-5.27881e-10,-4.19137e-09,0,0,0,0,-7.47277e-08,4.44089e-16,2.22045e-15,0,0,0,False,nan|1176,1342294
130_bNAb_Combinations|1342294|vc|6|2|nan|1176,0,-0.104438,-4.47056e-09,-3.17679e-09,0,0,0,0,-3.24832e-07,-4.21885e-15,4.44089e-16,0,0,0,False,nan|1176,1342294
130_bNAb_Combinations|1342294|vc|7|2|nan|1176,0,-0.859726,2.41429e-09,3.11795e-09,0,0,0,0,-4.75015e-07,2.44249e-15,-4.44089e-16,0,0,0,False,nan|1176,1342294
130_bNAb_Combinations|1342294|vc|8|2|nan|1176,0,0.197653,-5.88065e-09,-1.2698e-09,0,0,0,0,1.78808e-08,2.66454e-15,1.33227e-15,0,0,0,False,nan|1176,1342294
130_bNAb_Combinations|1342312|cc|1|1|RHPA4259.7|5371,0,0.439093,6.65542e-10,1.32608e-09,0,0,0,0,-1.11918e-07,3.77476e-15,2.66454e-15,0,0,0,False,nan|RHPA4259.7,1342312
130_bNAb_Combinations|1342312|cc|2|1|RHPA4259.7|5371,0,0.666251,2.00563e-09,1.95785e-09,0,0,0,0,-3.00228e-07,-1.77636e-15,8.88178e-16,0,0,0,False,nan|RHPA4259.7,1342312
130_bNAb_Combinations|1342312|cc|3|1|RHPA4259.7|5371,0,-0.203542,5.00604e-10,-9.26702e-10,0,0,0,0,-2.27418e-07,-1.55431e-15,8.88178e-16,0,0,0,False,nan|RHPA4259.7,1342312
130_bNAb_Combinations|1342312|cc|4|1|RHPA4259.7|5371,0,0.0307752,-1.57112e-08,-9.01079e-10,0,0,0,0,-6.25751e-08,4.44089e-16,-2.66454e-15,0,0,0,False,nan|RHPA4259.7,1342312
130_bNAb_Combinations|1342312|cc|5|1|RHPA4259.7|5371,0,-0.0562652,-3.06761e-09,-4.20457e-09,0,0,0,0,1.51232e-07,3.77476e-15,-8.88178e-16,0,0,0,False,nan|RHPA4259.7,1342312
130_bNAb_Combinations|1342312|cc|6|1|RHPA4259.7|5371,0,-0.204002,-2.56625e-09,-1.34599e-09,0,0,0,0,-2.29391e-07,-2.88658e-15,2.66454e-15,0,0,0,False,nan|RHPA4259.7,1342312
130_bNAb_Combinations|1342312|cc|7|1|RHPA4259.7|5371,0,0.337712,1.40373e-10,2.55601e-09,0,0,0,0,-2.62065e-08,-2.22045e-16,8.88178e-16,0,0,0,False,nan|RHPA4259.7,1342312
130_bNAb_Combinations|1342312|cc|8|1|RHPA4259.7|5371,0,0.490963,5.4471e-09,-4.98548e-10,0,0,0,0,5.86349e-07,-1.33227e-15,-8.88178e-16,0,0,0,False,nan|RHPA4259.7,1342312
130_bNAb_Combinations|1342312|sample|3|RHPA4259.7|5371,0,-8.24248,1.53252e-08,-2.21007e-09,0,0,0,0,-6.12059,1.64313e-14,-1.2268e-14,0,0,0,True,VRC07-523LS|RHPA4259.7,1342312
130_bNAb_Combinations|1342312|sample|4|RHPA4259.7|5371,0,-7.66853,1.42043e-08,1.14875e-09,0,0,0,0,-6.27511,-1.55431e-14,9.10383e-15,0,0,0,True,VRC07-523LS|RHPA4259.7,1342312
130_bNAb_Combinations|1342312|vc|1|2|RHPA4259.7|5371,0,0.0899344,2.98826e-11,1.65554e-09,0,0,0,0,-2.28115e-07,5.55112e-15,3.55271e-15,0,0,0,False,nan|RHPA4259.7,1342312
130_bNAb_Combinations|1342312|vc|2|2|RHPA4259.7|5371,0,0.514262,-3.93979e-09,2.53661e-09,0,0,0,0,1.45054e-07,-4.66294e-15,8.88178e-16,0,0,0,False,nan|RHPA4259.7,1342312
130_bNAb_Combinations|1342312|vc|3|2|RHPA4259.7|5371,0,0.758459,8.85188e-09,3.00612e-09,0,0,0,0,2.22733e-07,5.10703e-15,1.77636e-15,0,0,0,False,nan|RHPA4259.7,1342312
130_bNAb_Combinations|1342312|vc|4|2|RHPA4259.7|5371,0,0.181531,5.20211e-09,-3.07708e-09,0,0,0,0,3.0445e-07,1.11022e-15,1.77636e-15,0,0,0,False,nan|RHPA4259.7,1342312
130_bNAb_Combinations|1342312|vc|5|2|RHPA4259.7|5371,0,-0.155862,-2.94124e-09,-1.08913e-09,0,0,0,0,1.26351e-07,-3.77476e-15,-8.88178e-16,0,0,0,False,nan|RHPA4259.7,1342312
130_bNAb_Combinations|1342312|vc|6|2|RHPA4259.7|5371,0,1.01452,-4.17442e-10,-4.45132e-10,0,0,0,0,-6.62492e-07,-4.66294e-15,-8.88178e-16,0,0,0,False,nan|RHPA4259.7,1342312
130_bNAb_Combinations|1342312|vc|7|2|RHPA4259.7|5371,0,-0.0556981,7.14651e-09,-6.11334e-10,0,0,0,0,2.15387e-07,-1.9984e-15,8.88178e-16,0,0,0,False,nan|RHPA4259.7,1342312
130_bNAb_Combinations|1342312|vc|8|2|RHPA4259.7|5371,0,-0.429539,-2.46995e-09,-1.892e-09,0,0,0,0,-3.28617e-07,-3.33067e-15,-8.88178e-16,0,0,0,False,nan|RHPA4259.7,1342312
130_bNAb_Combinations|1342336|cc|1|1|nan|3430,0,0.0851531,-1.59875e-09,-3.07318e-09,0,0,0,0,-1.46744e-07,4.88498e-15,-4.44089e-16,0,0,0,False,nan|3430,1342336
130_bNAb_Combinations|1342336|cc|2|1|nan|3430,0,-0.304687,4.60333e-09,2.10568e-09,0,0,0,0,1.02653e-07,1.55431e-15,-1.33227e-15,0,0,0,False,nan|3430,1342336
130_bNAb_Combinations|1342336|cc|3|1|nan|3430,0,-0.389415,8.12979e-09,7.07689e-10,0,0,0,0,2.09186e-07,-5.9952e-15,-2.22045e-15,0,0,0,False,nan|3430,1342336
130_bNAb_Combinations|1342336|cc|4|1|nan|3430,0,0.190772,4.21037e-09,1.71544e-09,0,0,0,0,4.30058e-07,-1.55431e-15,0,0,0,0,False,nan|3430,1342336
130_bNAb_Combinations|1342336|cc|5|1|nan|3430,0,0.813076,-1.70829e-09,-8.20836e-10,0,0,0,0,-2.75076e-07,-2.88658e-15,8.88178e-16,0,0,0,False,nan|3430,1342336
130_bNAb_Combinations|1342336|cc|6|1|nan|3430,0,0.490825,-1.58669e-09,1.24358e-10,0,0,0,0,2.17568e-07,6.66134e-16,4.44089e-16,0,0,0,False,nan|3430,1342336
130_bNAb_Combinations|1342336|cc|7|1|nan|3430,0,-0.456339,1.27376e-09,4.45831e-10,0,0,0,0,-3.42279e-07,3.55271e-15,0,0,0,0,False,nan|3430,1342336
130_bNAb_Combinations|1342336|cc|8|1|nan|3430,0,-0.0543203,-4.36074e-09,-2.22444e-09,0,0,0,0,2.3676e-07,-5.10703e-15,-8.88178e-16,0,0,0,False,nan|3430,1342336
130_bNAb_Combinations|1342336|sample|3|nan|3430,0,-5.26709,-4.39989e-09,-6.08188e-09,0,0,0,0,-5.29414,-5.15143e-14,-8.88178e-16,0,0,0,True,VRC07-523LS|3430,1342336
130_bNAb_Combinations|1342336|sample|4|nan|3430,0,-6.17316,6.74584e-09,6.40734e-10,0,0,0,0,-5.77424,-4.44089e-14,-1.5099e-14,0,0,0,True,VRC07-523LS|3430,1342336
130_bNAb_Combinations|1342336|sample|5|nan|3430,0,-8.42857,9.58707e-09,-3.63592e-09,0,0,0,0,-6.26993,4.88498e-15,8.88178e-16,0,0,0,True,VRC07-523LS|3430,1342336
130_bNAb_Combinations|1342336|vc|1|2|nan|3430,0,0.788723,-2.54192e-09,1.18008e-09,0,0,0,0,1.68487e-07,7.32747e-15,4.44089e-16,0,0,0,False,nan|3430,1342336
130_bNAb_Combinations|1342336|vc|2|2|nan|3430,0,0.591351,-3.08856e-09,1.67451e-09,0,0,0,0,-3.3765e-07,1.9984e-15,-2.22045e-15,0,0,0,False,nan|3430,1342336
130_bNAb_Combinations|1342336|vc|3|2|nan|3430,0,-0.0831795,2.6956e-09,-1.98486e-09,0,0,0,0,1.976e-07,-1.55431e-15,4.44089e-16,0,0,0,False,nan|3430,1342336
130_bNAb_Combinations|1342336|vc|4|2|nan|3430,0,1.34942,-1.00149e-09,1.65914e-09,0,0,0,0,-7.28876e-07,-6.66134e-16,4.44089e-16,0,0,0,False,nan|3430,1342336
130_bNAb_Combinations|1342336|vc|5|2|nan|3430,0,0.587867,3.87603e-09,1.97504e-09,0,0,0,0,1.63522e-07,1.9984e-15,4.44089e-16,0,0,0,False,nan|3430,1342336
130_bNAb_Combinations|1342336|vc|6|2|nan|3430,0,-0.0574965,-3.76884e-09,-2.49444e-09,0,0,0,0,5.43427e-08,-6.43929e-15,-4.44089e-16,0,0,0,False,nan|3430,1342336
130_bNAb_Combinations|1342336|vc|7|2|nan|3430,0,0.394579,2.46124e-09,2.86148e-09,0,0,0,0,-2.27796e-07,3.33067e-15,2.66454e-15,0,0,0,False,nan|3430,1342336
130_bNAb_Combinations|1342336|vc|8|2|nan|3430,0,-0.203247,-3.15273e-09,-1.30269e-09,0,0,0,0,5.20009e-07,9.10383e-15,8.88178e-16,0,0,0,False,nan|3430,1342336
130_bNAb_Combinations|1342348|cc|1|1|nan|4166,0,-0.0387746,-6.20394e-09,-1.12308e-09,0,0,0,0,-1.32733e-07,3.9968e-15,-2.22045e-15,0,0,0,False,nan|4166,1342348
130_bNAb_Combinations|1342348|cc|2|1|nan|4166,0,-0.0418588,3.14495e-09,1.17871e-09,0,0,0,0,9.63053e-07,-2.44249e-15,4.44089e-16,0,0,0,False,nan|4166,1342348
130_bNAb_Combinations|1342348|cc|3|1|nan|4166,0,0.846169,-8.73552e-10,-7.81367e-10,0,0,0,0,-5.95806e-07,-2.88658e-15,0,0,0,0,False,nan|4166,1342348
130_bNAb_Combinations|1342348|cc|4|1|nan|4166,0,-0.572669,4.4178e-09,3.36758e-09,0,0,0,0,-1.11957e-07,1.11022e-15,1.33227e-15,0,0,0,False,nan|4166,1342348
130_bNAb_Combinations|1342348|cc|5|1|nan|4166,0,0.173773,-3.74776e-09,9.597e-10,0,0,0,0,7.11413e-08,-6.66134e-16,1.33227e-15,0,0,0,False,nan|4166,1342348
130_bNAb_Combinations|1342348|cc|6|1|nan|4166,0,-0.584095,5.09742e-10,1.20219e-09,0,0,0,0,-2.31969e-08,-1.55431e-15,1.33227e-15,0,0,0,False,nan|4166,1342348
130_bNAb_Combinations|1342348|cc|7|1|nan|4166,0,1.02934,-5.62603e-09,1.45556e-10,0,0,0,0,-3.79938e-07,-2.66454e-15,4.44089e-16,0,0,0,False,nan|4166,1342348
130_bNAb_Combinations|1342348|cc|8|1|nan|4166,0,0.540152,3.45322e-09,-5.67247e-10,0,0,0,0,-1.12268e-07,-2.88658e-15,2.22045e-15,0,0,0,False,nan|4166,1342348
130_bNAb_Combinations|1342348|sample|3|nan|4166,0,-10.5517,1.17669e-08,3.07611e-09,0,0,0,0,-7.71463,-7.4829e-14,1.42109e-14,0,0,0,True,VRC07-523LS|4166,1342348
130_bNAb_Combinations|1342348|sample|4|nan|4166,0,-9.4951,-6.69031e-09,5.14935e-09,0,0,0,0,-6.65378,-4.9738e-14,1.42109e-14,0,0,0,True,VRC07-523LS|4166,1342348
130_bNAb_Combinations|1342348|vc|1|2|nan|4166,0,-0.080668,9.31462e-09,3.78627e-09,0,0,0,0,-2.71518e-07,-5.55112e-15,-4.44089e-16,0,0,0,False,nan|4166,1342348
130_bNAb_Combinations|1342348|vc|2|2|nan|4166,0,0.671961,3.2909e-09,-8.35058e-10,0,0,0,0,7.93786e-08,4.88498e-15,-1.33227e-15,0,0,0,False,nan|4166,1342348
130_bNAb_Combinations|1342348|vc|3|2|nan|4166,0,0.00810408,2.99078e-09,-1.25387e-10,0,0,0,0,0.00840667,9.30589e-13,2.28706e-13,0,0,0,False,nan|4166,1342348
130_bNAb_Combinations|1342348|vc|4|2|nan|4166,0,-0.456284,-2.60505e-09,-3.64394e-09,0,0,0,0,-2.02918e-07,4.44089e-16,-2.22045e-15,0,0,0,False,nan|4166,1342348
130_bNAb_Combinations|1342348|vc|5|2|nan|4166,0,-0.87678,-1.08421e-09,-1.51452e-09,0,0,0,0,1.69901e-07,2.22045e-16,1.33227e-15,0,0,0,False,nan|4166,1342348
130_bNAb_Combinations|1342348|vc|6|2|nan|4166,0,-0.608442,8.10327e-09,-1.85401e-09,0,0,0,0,-5.06194e-07,6.66134e-16,-4.44089e-16,0,0,0,False,nan|4166,1342348
130_bNAb_Combinations|1342348|vc|7|2|nan|4166,0,0.0378973,-3.62751e-09,1.6067e-09,0,0,0,0,1.75651e-07,-6.66134e-16,-1.33227e-15,0,0,0,False,nan|4166,1342348
130_bNAb_Combinations|1342348|vc|8|2|nan|4166,0,-0.0201448,5.76514e-10,-3.21462e-09,0,0,0,0,-0.0204927,-8.51985e-13,5.37348e-14,0,0,0,False,nan|4166,1342348
130_bNAb_Combinations|1342372|cc|1|1|nan|2944,0,0.0682404,4.32847e-09,-7.12451e-10,0,0,0,0,4.12896e-07,-1.55431e-15,-8.88178e-16,0,0,0,False,nan|2944,1342372
130_bNAb_Combinations|1342372|cc|2|1|nan|2944,0,-0.591634,-1.0692e-09,4.42596e-09,0,0,0,0,-1.51301e-07,3.10862e-15,8.88178e-16,0,0,0,False,nan|2944,1342372
130_bNAb_Combinations|1342372|cc|3|1|nan|2944,0,0.700124,5.70229e-09,1.27013e-09,0,0,0,0,6.1862e-07,-5.55112e-15,0,0,0,0,False,nan|2944,1342372
130_bNAb_Combinations|1342372|cc|4|1|nan|2944,0,0.238156,-1.66511e-09,2.87813e-09,0,0,0,0,-4.64558e-07,2.10942e-15,-8.88178e-16,0,0,0,False,nan|2944,1342372
130_bNAb_Combinations|1342372|cc|5|1|nan|2944,0,0.134334,3.10149e-10,-1.25639e-10,0,0,0,0,-2.04789e-07,-8.88178e-16,-2.66454e-15,0,0,0,False,nan|2944,1342372
130_bNAb_Combinations|1342372|cc|6|1|nan|2944,0,0.391567,1.63751e-09,2.12693e-09,0,0,0,0,1.01853e-07,-4.44089e-15,1.77636e-15,0,0,0,False,nan|2944,1342372
130_bNAb_Combinations|1342372|cc|7|1|nan|2944,0,-0.429011,-1.44047e-10,-8.58609e-10,0,0,0,0,2.39228e-07,0,-2.66454e-15,0,0,0,False,nan|2944,1342372
130_bNAb_Combinations|1342372|cc|8|1|nan|2944,0,-0.366619,6.86077e-09,3.11974e-10,0,0,0,0,-2.22495e-07,-2.77556e-15,-1.77636e-15,0,0,0,False,nan|2944,1342372
130_bNAb_Combinations|1342372|sample|3|nan|2944,0,-9.16174,9.35058e-10,1.11985e-09,0,0,0,0,-6.56613,4.57412e-14,0,0,0,0,True,VRC07-523LS|2944,1342372
130_bNAb_Combinations|1342372|sample|4|nan|2944,0,-7.54538,8.21138e-09,1.56095e-09,0,0,0,0,-6.03969,2.44249e-14,-3.55271e-15,0,0,0,True,VRC07-523LS|2944,1342372
130_bNAb_Combinations|1342372|vc|1|2|nan|2944,0,0.799163,-3.17439e-09,3.78706e-10,0,0,0,0,2.23582e-07,-4.55191e-15,-1.77636e-15,0,0,0,False,nan|2944,1342372
130_bNAb_Combinations|1342372|vc|2|2|nan|2944,0,0.754363,-1.23677e-08,9.91533e-10,0,0,0,0,9.37142e-08,5.55112e-15,-8.88178e-16,0,0,0,False,nan|2944,1342372
130_bNAb_Combinations|1342372|vc|3|2|nan|2944,0,-0.62224,5.67673e-09,3.77836e-09,0,0,0,0,-1.2515e-07,-4.66294e-15,8.88178e-16,0,0,0,False,nan|2944,1342372
130_bNAb_Combinations|1342372|vc|4|2|nan|2944,0,-0.480933,1.11309e-09,1.66777e-10,0,0,0,0,3.95616e-07,2.22045e-15,8.88178e-16,0,0,0,False,nan|2944,1342372
130_bNAb_Combinations|1342372|vc|5|2|nan|2944,0,-0.0448036,-2.1295e-09,3.5185e-10,0,0,0,0,3.1735e-07,-1.11022e-15,-8.88178e-16,0,0,0,False,nan|2944,1342372
130_bNAb_Combinations|1342372|vc|6|2|nan|2944,0,-0.227979,-1.75302e-09,-7.58874e-10,0,0,0,0,-7.44138e-08,-3.44169e-15,8.88178e-16,0,0,0,False,nan|2944,1342372
130_bNAb_Combinations|1342372|vc|7|2|nan|2944,0,-0.200946,-9.19276e-09,-2.51668e-09,0,0,0,0,-4.09013e-07,-1.22125e-15,8.88178e-16,0,0,0,False,nan|2944,1342372
130_bNAb_Combinations|1342372|vc|8|2|nan|2944,0,0.593319,4.13623e-09,2.21932e-10,0,0,0,0,2.53059e-07,1.33227e-15,0,0,0,0,False,nan|2944,1342372
130_bNAb_Combinations|1342384|cc|1|1|nan|2946,0,0.141679,5.32142e-10,5.40828e-09,0,0,0,0,-8.295e-08,3.33067e-15,-1.77636e-15,0,0,0,False,nan|2946,1342384
130_bNAb_Combinations|1342384|cc|2|1|nan|2946,0,0.201326,-1.53035e-09,-7.89371e-11,0,0,0,0,-5.79705e-07,-4.44089e-16,0,0,0,0,False,nan|2946,1342384
130_bNAb_Combinations|1342384|cc|3|1|nan|2946,0,0.165756,-2.4743e-09,2.85223e-09,0,0,0,0,-2.77e-07,3.33067e-15,0,0,0,0,False,nan|2946,1342384
130_bNAb_Combinations|1342384|cc|4|1|nan|2946,0,-0.771137,-9.03654e-09,-1.92844e-09,0,0,0,0,-2.26508e-07,-1.77636e-15,-8.88178e-16,0,0,0,False,nan|2946,1342384
130_bNAb_Combinations|1342384|cc|5|1|nan|2946,0,-0.36842,-1.01155e-09,-2.03279e-10,0,0,0,0,-6.27962e-07,1.11022e-15,1.77636e-15,0,0,0,False,nan|2946,1342384
130_bNAb_Combinations|1342384|cc|6|1|nan|2946,0,0.151542,-1.34348e-09,1.99077e-09,0,0,0,0,3.16696e-08,-1.9984e-15,1.77636e-15,0,0,0,False,nan|2946,1342384
130_bNAb_Combinations|1342384|cc|7|1|nan|2946,0,-0.113349,2.30384e-09,-3.06655e-10,0,0,0,0,-1.0598e-07,1.9984e-15,1.77636e-15,0,0,0,False,nan|2946,1342384
130_bNAb_Combinations|1342384|cc|8|1|nan|2946,0,0.793342,-1.1544e-09,1.7078e-09,0,0,0,0,2.05723e-07,-5.55112e-15,1.77636e-15,0,0,0,False,nan|2946,1342384
130_bNAb_Combinations|1342384|sample|3|nan|2946,0,-8.70385,2.25393e-09,-5.71802e-10,0,0,0,0,-6.60228,-7.54952e-15,1.33227e-15,0,0,0,True,VRC07-523LS|2946,1342384
130_bNAb_Combinations|1342384|sample|4|nan|2946,0,-9.45945,-4.01231e-09,-1.37804e-09,0,0,0,0,-6.82612,-2.66454e-15,-4.44089e-15,0,0,0,True,VRC07-523LS|2946,1342384
130_bNAb_Combinations|1342384|vc|1|2|nan|2946,0,0.0117921,-2.4513e-10,4.57345e-09,0,0,0,0,0.0118201,-6.97886e-13,-9.05942e-14,0,0,0,False,nan|2946,1342384
130_bNAb_Combinations|1342384|vc|2|2|nan|2946,0,0.015445,2.92864e-09,3.81268e-09,0,0,0,0,0.0159542,8.14238e-13,-1.56497e-12,0,0,0,False,nan|2946,1342384
130_bNAb_Combinations|1342384|vc|3|2|nan|2946,0,0.585314,4.79836e-09,1.38061e-09,0,0,0,0,1.45154e-07,-4.44089e-16,0,0,0,0,False,nan|2946,1342384
130_bNAb_Combinations|1342384|vc|4|2|nan|2946,0,-0.405121,1.20317e-09,1.05675e-10,0,0,0,0,2.05919e-07,3.33067e-15,0,0,0,0,False,nan|2946,1342384
130_bNAb_Combinations|1342384|vc|5|2|nan|2946,0,0.395823,-9.3084e-10,1.62616e-09,0,0,0,0,5.14653e-08,6.66134e-16,1.77636e-15,0,0,0,False,nan|2946,1342384
130_bNAb_Combinations|1342384|vc|6|2|nan|2946,0,-0.872702,8.10141e-09,1.21672e-09,0,0,0,0,5.36033e-07,-1.33227e-15,1.77636e-15,0,0,0,False,nan|2946,1342384
130_bNAb_Combinations|1342384|vc|7|2|nan|2946,0,0.753542,4.49783e-10,5.55232e-10,0,0,0,0,3.6179e-07,6.66134e-16,0,0,0,0,False,nan|2946,1342384
130_bNAb_Combinations|1342384|vc|8|2|nan|2946,0,0.159972,-6.31722e-09,-2.9293e-09,0,0,0,0,-1.65877e-07,4.88498e-15,0,0,0,0,False,nan|2946,1342384
130_bNAb_Combinations|1342396|cc|1|1|PVO.4|5024,0,0.394349,-2.79833e-09,5.64259e-10,0,0,0,0,1.5433e-07,-1.22125e-15,-8.88178e-16,0,0,0,False,nan|PVO.4,1342396
130_bNAb_Combinations|1342396|cc|2|1|PVO.4|5024,0,-0.631395,7.6476e-09,2.42225e-09,0,0,0,0,3.23937e-07,2.77556e-15,8.88178e-16,0,0,0,False,nan|PVO.4,1342396
130_bNAb_Combinations|1342396|cc|3|1|PVO.4|5024,0,1.16031,1.41517e-09,-2.0163e-09,0,0,0,0,2.78624e-07,-1.66533e-15,0,0,0,0,False,nan|PVO.4,1342396
130_bNAb_Combinations|1342396|cc|4|1|PVO.4|5024,0,-0.645828,-4.25086e-09,3.91648e-10,0,0,0,0,4.62111e-07,-1.55431e-15,-1.77636e-15,0,0,0,False,nan|PVO.4,1342396
130_bNAb_Combinations|1342396|cc|5|1|PVO.4|5024,0,-0.659897,6.05891e-09,5.76571e-10,0,0,0,0,1.21712e-07,-1.22125e-15,-8.88178e-16,0,0,0,False,nan|PVO.4,1342396
130_bNAb_Combinations|1342396|cc|6|1|PVO.4|5024,0,-0.299846,3.06465e-09,-1.55291e-09,0,0,0,0,-1.59413e-07,-5.44009e-15,-8.88178e-16,0,0,0,False,nan|PVO.4,1342396
130_bNAb_Combinations|1342396|cc|7|1|PVO.4|5024,0,0.583108,1.06947e-08,-3.05212e-10,0,0,0,0,-2.48501e-07,5.21805e-15,0,0,0,0,False,nan|PVO.4,1342396
130_bNAb_Combinations|1342396|cc|8|1|PVO.4|5024,0,-0.0224491,1.29767e-11,1.20281e-09,0,0,0,0,2.90852e-07,-1.66533e-15,8.88178e-16,0,0,0,False,nan|PVO.4,1342396
130_bNAb_Combinations|1342396|sample|3|PVO.4|5024,0,-9.09817,-6.28078e-09,-8.78603e-10,0,0,0,0,-7.12305,-3.81917e-14,1.68754e-14,0,0,0,True,VRC07-523LS|PVO.4,1342396
130_bNAb_Combinations|1342396|sample|4|PVO.4|5024,0,-8.40309,6.9705e-09,1.37184e-10,0,0,0,0,-7.2622,-4.17444e-14,1.06581e-14,0,0,0,True,VRC07-523LS|PVO.4,1342396
130_bNAb_Combinations|1342396|vc|1|2|PVO.4|5024,0,0.440204,6.73272e-09,1.21471e-09,0,0,0,0,-1.41e-08,3.33067e-16,-8.88178e-16,0,0,0,False,nan|PVO.4,1342396
130_bNAb_Combinations|1342396|vc|2|2|PVO.4|5024,0,0.0747788,1.06708e-09,1.31173e-09,0,0,0,0,-5.4404e-08,-3.88578e-15,0,0,0,0,False,nan|PVO.4,1342396
130_bNAb_Combinations|1342396|vc|3|2|PVO.4|5024,0,-0.420832,3.62489e-09,2.11193e-09,0,0,0,0,4.64935e-07,0,8.88178e-16,0,0,0,False,nan|PVO.4,1342396
130_bNAb_Combinations|1342396|vc|4|2|PVO.4|5024,0,-0.39218,-1.29711e-09,-1.37213e-09,0,0,0,0,2.92093e-07,2.66454e-15,-8.88178e-16,0,0,0,False,nan|PVO.4,1342396
130_bNAb_Combinations|1342396|vc|5|2|PVO.4|5024,0,-0.641485,1.55337e-09,5.36268e-10,0,0,0,0,2.42893e-09,-3.88578e-15,2.66454e-15,0,0,0,False,nan|PVO.4,1342396
130_bNAb_Combinations|1342396|vc|6|2|PVO.4|5024,0,-0.558297,5.14447e-09,1.80415e-09,0,0,0,0,8.95503e-07,1.88738e-15,8.88178e-16,0,0,0,False,nan|PVO.4,1342396
130_bNAb_Combinations|1342396|vc|7|2|PVO.4|5024,0,0.0535559,-1.22489e-09,3.36962e-09,0,0,0,0,0.054382,-2.36489e-12,-1.28964e-12,0,0,0,False,nan|PVO.4,1342396
130_bNAb_Combinations|1342396|vc|8|2|PVO.4|5024,0,0.024069,6.43688e-10,8.97703e-10,0,0,0,0,1.63919e-07,-5.9952e-15,8.88178e-16,0,0,0,False,nan|PVO.4,1342396
130_bNAb_Combinations|1342408|cc|1|1|nan|4168,0,-0.0330048,-2.42739e-09,-2.85789e-09,0,0,0,0,3.73842e-07,-3.55271e-15,-8.88178e-16,0,0,0,False,nan|4168,1342408
130_bNAb_Combinations|1342408|cc|2|1|nan|4168,0,-0.285291,8.51596e-10,1.53277e-09,0,0,0,0,2.71184e-07,-5.88418e-15,-8.88178e-16,0,0,0,False,nan|4168,1342408
130_bNAb_Combinations|1342408|cc|3|1|nan|4168,0,0.112879,4.90608e-09,1.6457e-09,0,0,0,0,1.51078e-07,-2.33147e-15,8.88178e-16,0,0,0,False,nan|4168,1342408
130_bNAb_Combinations|1342408|cc|4|1|nan|4168,0,-0.516933,-1.58171e-09,1.47992e-09,0,0,0,0,3.98528e-07,0,8.88178e-16,0,0,0,False,nan|4168,1342408
130_bNAb_Combinations|1342408|cc|5|1|nan|4168,0,-0.421797,-1.20597e-09,6.17131e-10,0,0,0,0,-4.54796e-07,-9.71445e-15,-8.88178e-16,0,0,0,False,nan|4168,1342408
130_bNAb_Combinations|1342408|cc|6|1|nan|4168,0,-0.825236,-2.86682e-09,8.59432e-10,0,0,0,0,-8.59438e-08,7.88258e-15,2.66454e-15,0,0,0,False,nan|4168,1342408
130_bNAb_Combinations|1342408|cc|7|1|nan|4168,0,-0.198894,3.23676e-09,2.56404e-09,0,0,0,0,-1.62169e-07,-3.21965e-15,8.88178e-16,0,0,0,False,nan|4168,1342408
130_bNAb_Combinations|1342408|cc|8|1|nan|4168,0,-0.351896,4.10294e-09,8.94384e-10,0,0,0,0,-6.92098e-08,-1.88738e-15,1.77636e-15,0,0,0,False,nan|4168,1342408
130_bNAb_Combinations|1342408|sample|3|nan|4168,0,-0.407898,1.51027e-08,8.57174e-10,0,0,0,0,-0.366257,1.44773e-13,-7.19425e-14,0,0,0,True,VRC07-523LS|4168,1342408
130_bNAb_Combinations|1342408|sample|4|nan|4168,0,-0.340976,-1.16365e-08,2.01398e-09,0,0,0,0,-0.340235,6.83897e-14,1.08358e-13,0,0,0,True,VRC07-523LS|4168,1342408
130_bNAb_Combinations|1342408|vc|1|2|nan|4168,0,-1.35979,-4.70064e-11,1.45755e-09,0,0,0,0,1.1802e-07,-9.99201e-16,8.88178e-16,0,0,0,False,nan|4168,1342408
130_bNAb_Combinations|1342408|vc|2|2|nan|4168,0,0.151299,5.27932e-09,-1.08067e-09,0,0,0,0,-2.46937e-07,-2.77556e-15,8.88178e-16,0,0,0,False,nan|4168,1342408
130_bNAb_Combinations|1342408|vc|3|2|nan|4168,0,-0.441898,7.4416e-09,2.17268e-09,0,0,0,0,1.47977e-07,4.996e-15,-8.88178e-16,0,0,0,False,nan|4168,1342408
130_bNAb_Combinations|1342408|vc|4|2|nan|4168,0,0.00681794,-1.09913e-10,1.56769e-09,0,0,0,0,0.00697099,1.70464e-12,6.63469e-13,0,0,0,False,nan|4168,1342408
130_bNAb_Combinations|1342408|vc|5|2|nan|4168,0,0.516278,-3.50683e-09,1.10199e-09,0,0,0,0,-1.83206e-07,2.22045e-16,-8.88178e-16,0,0,0,False,nan|4168,1342408
130_bNAb_Combinations|1342408|vc|6|2|nan|4168,0,-0.547915,-2.81056e-10,1.74643e-09,0,0,0,0,5.88677e-08,0,-8.88178e-16,0,0,0,False,nan|4168,1342408
130_bNAb_Combinations|1342408|vc|7|2|nan|4168,0,-0.408862,-5.68659e-10,-1.05263e-09,0,0,0,0,6.70083e-07,-9.99201e-16,8.88178e-16,0,0,0,False,nan|4168,1342408
130_bNAb_Combinations|1342408|vc|8|2|nan|4168,0,-0.137316,5.90047e-10,-2.43051e-09,0,0,0,0,-8.95863e-07,6.99441e-15,-8.88178e-16,0,0,0,False,nan|4168,1342408
704_VRC01_Concordance|1200432|cc|1|1|PVO.4|5024,0,-0.448076,3.0851e-09,1.2138e-09,0,0,0,0,-6.4388e-07,-9.99201e-16,-8.88178e-16,0,0,0,False,nan|PVO.4,1200432
704_VRC01_Concordance|1200432|cc|2|1|PVO.4|5024,0,-0.822743,-4.12733e-10,1.99948e-09,0,0,0,0,-6.75268e-07,-2.22045e-16,-8.88178e-16,0,0,0,False,nan|PVO.4,1200432
704_VRC01_Concordance|1200432|cc|3|1|PVO.4|5024,0,-0.176907,2.92686e-09,-6.6211e-11,0,0,0,0,-1.73884e-07,-9.99201e-16,-1.77636e-15,0,0,0,False,nan|PVO.4,1200432
704_VRC01_Concordance|1200432|cc|4|1|PVO.4|5024,0,-0.78721,3.05838e-11,8.18533e-11,0,0,0,0,3.68651e-07,6.66134e-16,-8.88178e-16,0,0,0,False,nan|PVO.4,1200432
704_VRC01_Concordance|1200432|cc|5|1|PVO.4|5024,0,-0.0569924,3.50677e-09,9.02935e-10,0,0,0,0,3.04139e-07,-2.10942e-15,-8.88178e-16,0,0,0,False,nan|PVO.4,1200432
704_VRC01_Concordance|1200432|cc|6|1|PVO.4|5024,0,-1.63798,-1.36393e-09,1.61164e-10,0,0,0,0,-2.98123e-07,4.77396e-15,-8.88178e-16,0,0,0,False,nan|PVO.4,1200432
704_VRC01_Concordance|1200432|cc|7|1|PVO.4|5024,0,1.14644,-5.77703e-09,-2.4297e-09,0,0,0,0,6.51648e-07,1.66533e-15,-8.88178e-16,0,0,0,False,nan|PVO.4,1200432
704_VRC01_Concordance|1200432|cc|8|1|PVO.4|5024,0,0.218586,7.99203e-09,-1.08698e-09,0,0,0,0,-8.28193e-08,3.88578e-15,-8.88178e-16,0,0,0,False,nan|PVO.4,1200432
704_VRC01_Concordance|1200432|sample|10|PVO.4|5024,0,-2.96861,-1.38684e-08,-4.41499e-10,0,0,0,0,-3.09085,-5.86198e-14,-4.35207e-14,0,0,0,True,Clinical VRC01|PVO.4,1200432
704_VRC01_Concordance|1200432|sample|11|PVO.4|5024,0,-5.79416,-2.10228e-09,1.39092e-09,0,0,0,0,-5.35934,3.55271e-14,-2.39808e-14,0,0,0,True,Clinical VRC01|PVO.4,1200432
704_VRC01_Concordance|1200432|sample|12|PVO.4|5024,0,-8.24455,2.79797e-09,-6.56326e-10,0,0,0,0,-6.61392,2.22045e-14,7.54952e-15,0,0,0,True,Clinical VRC01|PVO.4,1200432
704_VRC01_Concordance|1200432|sample|3|PVO.4|5024,0,-7.09812,-2.86496e-09,-2.28121e-09,0,0,0,0,-5.9283,-3.01981e-14,-2.04281e-14,0,0,0,True,Clinical VRC01|PVO.4,1200432
704_VRC01_Concordance|1200432|sample|4|PVO.4|5024,0,-5.30096,5.78382e-09,-3.63675e-09,0,0,0,0,-5.16753,1.06581e-13,-1.77636e-14,0,0,0,True,Clinical VRC01|PVO.4,1200432
704_VRC01_Concordance|1200432|sample|5|PVO.4|5024,0,-2.96632,6.335e-09,2.40133e-09,0,0,0,0,-3.18476,-1.5099e-14,6.66134e-15,0,0,0,True,Clinical VRC01|PVO.4,1200432
704_VRC01_Concordance|1200432|sample|6|PVO.4|5024,0,-2.59503,-4.75747e-09,-2.41639e-09,0,0,0,0,-2.81961,5.32907e-14,-1.42109e-14,0,0,0,True,Clinical VRC01|PVO.4,1200432
704_VRC01_Concordance|1200432|sample|7|PVO.4|5024,0,-7.19192,-6.10679e-09,8.91941e-10,0,0,0,0,-5.92327,-4.9738e-14,1.59872e-14,0,0,0,True,Clinical VRC01|PVO.4,1200432
704_VRC01_Concordance|1200432|sample|8|PVO.4|5024,0,-7.44254,1.5674e-08,3.07762e-09,0,0,0,0,-6.10958,1.15463e-14,1.77636e-15,0,0,0,True,Clinical VRC01|PVO.4,1200432
704_VRC01_Concordance|1200432|sample|9|PVO.4|5024,0,-2.86042,4.72543e-09,5.03833e-10,0,0,0,0,-3.13213,-6.03961e-14,0,0,0,0,True,Clinical VRC01|PVO.4,1200432
704_VRC01_Concordance|1200432|vc|1|2|PVO.4|5024,0,0.0852712,2.07447e-09,2.13387e-09,0,0,0,0,-6.4681e-07,7.21645e-15,2.66454e-15,0,0,0,False,nan|PVO.4,1200432
704_VRC01_Concordance|1200432|vc|2|2|PVO.4|5024,0,-0.68044,-7.14651e-09,-3.97339e-09,0,0,0,0,-4.25824e-07,4.55191e-15,8.88178e-16,0,0,0,False,nan|PVO.4,1200432
704_VRC01_Concordance|1200432|vc|3|2|PVO.4|5024,0,-0.631711,-2.0369e-10,3.72291e-09,0,0,0,0,-8.35037e-08,3.33067e-16,2.66454e-15,0,0,0,False,nan|PVO.4,1200432
704_VRC01_Concordance|1200432|vc|4|2|PVO.4|5024,0,0.824932,-8.75539e-10,2.67179e-10,0,0,0,0,-2.23392e-07,0,8.88178e-16,0,0,0,False,nan|PVO.4,1200432
704_VRC01_Concordance|1200432|vc|5|2|PVO.4|5024,0,0.496006,5.1935e-10,-1.78345e-09,0,0,0,0,1.11078e-06,-1.22125e-15,2.66454e-15,0,0,0,False,nan|PVO.4,1200432
704_VRC01_Concordance|1200432|vc|6|2|PVO.4|5024,0,0.39265,-6.48008e-09,-6.81675e-11,0,0,0,0,1.47065e-07,5.55112e-16,-2.66454e-15,0,0,0,False,nan|PVO.4,1200432
704_VRC01_Concordance|1200432|vc|7|2|PVO.4|5024,0,-0.101094,-8.43562e-10,1.25018e-11,0,0,0,0,2.35709e-07,-3.21965e-15,8.88178e-16,0,0,0,False,nan|PVO.4,1200432
704_VRC01_Concordance|1200432|vc|8|2|PVO.4|5024,0,-0.291061,-6.97801e-09,-2.00591e-09,0,0,0,0,-3.1705e-07,1.9984e-15,-8.88178e-16,0,0,0,False,nan|PVO.4,1200432
