rep,id,U,L,m,e,s,alpha,k,goes_down,mab_virus,run_id
1,130_bNAb_Combinations|1313842|cc|1|1|nan|2946,1,0.0107623,1.5646,0.00936207,10.8375,0.088276,2.50845e-09,False,nan|2946,1313842
1,130_bNAb_Combinations|1313842|cc|2|1|nan|2946,1,0.101627,1.56712,0.0290066,9.4888,0.088276,2.50845e-09,False,nan|2946,1313842
1,130_bNAb_Combinations|1313842|cc|3|1|nan|2946,1,0.00565649,1.67736,0.257564,11.9805,0.088276,2.50845e-09,False,nan|2946,1313842
1,130_bNAb_Combinations|1313842|cc|4|1|nan|2946,1,0.511981,1.5151,0.00465361,14.8636,0.088276,2.50845e-09,False,nan|2946,1313842
1,130_bNAb_Combinations|1313842|cc|5|1|nan|2946,1,0.0342699,1.4142,0.036082,9.96973,0.088276,2.50845e-09,False,nan|2946,1313842
1,130_bNAb_Combinations|1313842|cc|6|1|nan|2946,1,0.0119203,1.33914,0.00325985,12.8864,0.088276,2.50845e-09,False,nan|2946,1313842
1,130_bNAb_Combinations|1313842|cc|7|1|nan|2946,1,0.00325567,1.2693,0.779414,11.1105,0.088276,2.50845e-09,False,nan|2946,1313842
1,130_bNAb_Combinations|1313842|cc|8|1|nan|2946,1,1.10083,1.49281,0.00751552,9.331,0.088276,2.50845e-09,False,nan|2946,1313842
1,130_bNAb_Combinations|1313842|sample|10|nan|2946,1,0.00249574,0.75962,0.162253,6.90599,0.088276,2.50845e-09,True,PGT121|2946,1313842
1,130_bNAb_Combinations|1313842|sample|11|nan|2946,1,0.000251209,0.697302,0.0701942,9.07576,0.088276,2.50845e-09,True,VRC07-523LS|2946,1313842
1,130_bNAb_Combinations|1313842|sample|12|nan|2946,1,0.00169844,0.652148,0.0607706,10.2134,0.088276,2.50845e-09,True,VRC07-523LS|2946,1313842
1,130_bNAb_Combinations|1313842|sample|3|nan|2946,1,0.000615557,0.766141,0.0348794,7.65028,0.088276,2.50845e-09,True,PGDM1400|2946,1313842
1,130_bNAb_Combinations|1313842|sample|4|nan|2946,1,0.00380351,0.672013,0.0108492,14.096,0.088276,2.50845e-09,True,PGDM1400|2946,1313842
1,130_bNAb_Combinations|1313842|sample|5|nan|2946,1,0.07454,0.702893,0.0248304,11.4891,0.088276,2.50845e-09,True,PGDM1400|2946,1313842
1,130_bNAb_Combinations|1313842|sample|6|nan|2946,1,0.0290458,0.497293,0.00339162,12.1343,0.088276,2.50845e-09,True,PGDM1400|2946,1313842
1,130_bNAb_Combinations|1313842|sample|7|nan|2946,1,0.00127524,0.714525,0.0420739,14.7696,0.088276,2.50845e-09,True,PGT121|2946,1313842
1,130_bNAb_Combinations|1313842|sample|8|nan|2946,1,0.0024436,0.699369,0.0679781,10.839,0.088276,2.50845e-09,True,PGT121|2946,1313842
1,130_bNAb_Combinations|1313842|sample|9|nan|2946,1,0.00186835,0.818199,0.101294,10.2731,0.088276,2.50845e-09,True,PGT121|2946,1313842
1,130_bNAb_Combinations|1313842|vc|1|2|nan|2946,1,0.0050764,1.63758,0.0830835,11.9429,0.088276,2.50845e-09,False,nan|2946,1313842
1,130_bNAb_Combinations|1313842|vc|2|2|nan|2946,1,0.0553776,1.7799,0.00137088,12.0805,0.088276,2.50845e-09,False,nan|2946,1313842
1,130_bNAb_Combinations|1313842|vc|3|2|nan|2946,1,0.000450924,1.49376,0.00644781,9.54315,0.088276,2.50845e-09,False,nan|2946,1313842
1,130_bNAb_Combinations|1313842|vc|4|2|nan|2946,1,0.0223072,1.65641,0.00205557,10.4796,0.088276,2.50845e-09,False,nan|2946,1313842
1,130_bNAb_Combinations|1313842|vc|5|2|nan|2946,1,0.0115261,1.52404,0.113799,11.8639,0.088276,2.50845e-09,False,nan|2946,1313842
1,130_bNAb_Combinations|1313842|vc|6|2|nan|2946,1,0.924223,1.72056,0.215735,11.6499,0.088276,2.50845e-09,False,nan|2946,1313842
1,130_bNAb_Combinations|1313842|vc|7|2|nan|2946,1,4.39829,1.6134,0.653426,9.87433,0.088276,2.50845e-09,False,nan|2946,1313842
1,130_bNAb_Combinations|1313842|vc|8|2|nan|2946,1,0.00928166,1.35046,0.0123779,11.4713,0.088276,2.50845e-09,False,nan|2946,1313842
1,130_bNAb_Combinations|1313860|cc|1|1|PVO.4|5024,1,0.0100645,1.4288,0.00374995,10.7087,0.0882742,2.51484e-09,False,nan|PVO.4,1313860
1,130_bNAb_Combinations|1313860|cc|2|1|PVO.4|5024,1,0.000253405,1.5501,0.0379046,12.683,0.0882742,2.51484e-09,False,nan|PVO.4,1313860
1,130_bNAb_Combinations|1313860|cc|3|1|PVO.4|5024,1,1.43243,1.3824,0.153517,9.78249,0.0882742,2.51484e-09,False,nan|PVO.4,1313860
1,130_bNAb_Combinations|1313860|cc|4|1|PVO.4|5024,1,0.0101776,1.49034,0.00101863,10.0711,0.0882742,2.51484e-09,False,nan|PVO.4,1313860
1,130_bNAb_Combinations|1313860|cc|5|1|PVO.4|5024,1,0.0250952,1.52442,1.35234,12.0238,0.0882742,2.51484e-09,False,nan|PVO.4,1313860
1,130_bNAb_Combinations|1313860|cc|6|1|PVO.4|5024,1,0.0789596,1.6853,0.448839,14.9446,0.0882742,2.51484e-09,False,nan|PVO.4,1313860
1,130_bNAb_Combinations|1313860|cc|7|1|PVO.4|5024,1,0.00169734,1.67494,0.0904381,11.917,0.0882742,2.51484e-09,False,nan|PVO.4,1313860
1,130_bNAb_Combinations|1313860|cc|8|1|PVO.4|5024,1,0.0376896,1.5083,0.000722336,10.6891,0.0882742,2.51484e-09,False,nan|PVO.4,1313860
1,130_bNAb_Combinations|1313860|sample|10|PVO.4|5024,1,0.0019177,0.812662,0.174315,13.2208,0.0882742,2.51484e-09,True,PGT121|PVO.4,1313860
1,130_bNAb_Combinations|1313860|sample|11|PVO.4|5024,1,0.00181044,0.766303,0.398895,8.78598,0.0882742,2.51484e-09,True,VRC07-523LS|PVO.4,1313860
1,130_bNAb_Combinations|1313860|sample|12|PVO.4|5024,1,0.000555022,0.769739,0.310877,11.6427,0.0882742,2.51484e-09,True,VRC07-523LS|PVO.4,1313860
1,130_bNAb_Combinations|1313860|sample|3|PVO.4|5024,1,0.0310168,0.837095,0.0299699,13.8898,0.0882742,2.51484e-09,True,PGDM1400|PVO.4,1313860
1,130_bNAb_Combinations|1313860|sample|4|PVO.4|5024,1,0.000366523,0.768454,0.0227727,12.9634,0.0882742,2.51484e-09,True,PGDM1400|PVO.4,1313860
1,130_bNAb_Combinations|1313860|sample|5|PVO.4|5024,1,0.000740304,0.725139,0.0225841,11.1255,0.0882742,2.51484e-09,True,PGDM1400|PVO.4,1313860
1,130_bNAb_Combinations|1313860|sample|6|PVO.4|5024,1,0.000185996,0.759946,0.0266145,11.25,0.0882742,2.51484e-09,True,PGDM1400|PVO.4,1313860
1,130_bNAb_Combinations|1313860|sample|7|PVO.4|5024,1,0.0029494,0.742381,0.158417,14.3611,0.0882742,2.51484e-09,True,PGT121|PVO.4,1313860
1,130_bNAb_Combinations|1313860|sample|8|PVO.4|5024,1,0.00356751,0.786485,0.175986,13.0141,0.0882742,2.51484e-09,True,PGT121|PVO.4,1313860
1,130_bNAb_Combinations|1313860|sample|9|PVO.4|5024,1,0.00165265,0.842795,0.325281,9.65204,0.0882742,2.51484e-09,True,PGT121|PVO.4,1313860
1,130_bNAb_Combinations|1313860|vc|1|2|PVO.4|5024,1,0.00938512,1.60624,0.0660069,8.771,0.0882742,2.51484e-09,False,nan|PVO.4,1313860
1,130_bNAb_Combinations|1313860|vc|2|2|PVO.4|5024,1,0.00233876,1.43733,0.125078,11.3803,0.0882742,2.51484e-09,False,nan|PVO.4,1313860
1,130_bNAb_Combinations|1313860|vc|3|2|PVO.4|5024,1,0.00130531,1.55972,0.00893104,13.3233,0.0882742,2.51484e-09,False,nan|PVO.4,1313860
1,130_bNAb_Combinations|1313860|vc|4|2|PVO.4|5024,1,0.00241893,1.78676,0.0204479,14.6804,0.0882742,2.51484e-09,False,nan|PVO.4,1313860
1,130_bNAb_Combinations|1313860|vc|5|2|PVO.4|5024,1,0.532432,1.34769,0.0459269,13.5742,0.0882742,2.51484e-09,False,nan|PVO.4,1313860
1,130_bNAb_Combinations|1313860|vc|6|2|PVO.4|5024,1,2.3093,1.78213,0.000463848,15.6827,0.0882742,2.51484e-09,False,nan|PVO.4,1313860
1,130_bNAb_Combinations|1313860|vc|7|2|PVO.4|5024,1,0.0443213,1.61963,0.384272,12.4776,0.0882742,2.51484e-09,False,nan|PVO.4,1313860
1,130_bNAb_Combinations|1313860|vc|8|2|PVO.4|5024,1,0.0133386,1.47323,0.00258343,10.2889,0.0882742,2.51484e-09,False,nan|PVO.4,1313860
1,130_bNAb_Combinations|1313884|cc|1|1|nan|4168,1,0.00585644,1.49782,0.00521751,12.8233,0.0882755,2.50771e-09,False,nan|4168,1313884
1,130_bNAb_Combinations|1313884|cc|2|1|nan|4168,1,0.0225489,1.50161,0.109418,6.89365,0.0882755,2.50771e-09,False,nan|4168,1313884
1,130_bNAb_Combinations|1313884|cc|3|1|nan|4168,1,0.00214667,1.50445,0.0208455,13.3644,0.0882755,2.50771e-09,False,nan|4168,1313884
1,130_bNAb_Combinations|1313884|cc|4|1|nan|4168,1,0.936604,1.69052,0.0396946,12.7748,0.0882755,2.50771e-09,False,nan|4168,1313884
1,130_bNAb_Combinations|1313884|cc|5|1|nan|4168,1,0.00198603,1.5833,0.00257978,8.40423,0.0882755,2.50771e-09,False,nan|4168,1313884
1,130_bNAb_Combinations|1313884|cc|6|1|nan|4168,1,0.0123773,1.43289,0.14026,15.2626,0.0882755,2.50771e-09,False,nan|4168,1313884
1,130_bNAb_Combinations|1313884|cc|7|1|nan|4168,1,0.00445571,1.49937,0.012711,11.673,0.0882755,2.50771e-09,False,nan|4168,1313884
1,130_bNAb_Combinations|1313884|cc|8|1|nan|4168,1,0.0005752,1.70853,0.0670456,8.53487,0.0882755,2.50771e-09,False,nan|4168,1313884
1,130_bNAb_Combinations|1313884|sample|10|nan|4168,1,0.0925848,0.457174,0.0590025,11.8876,0.0882755,2.50771e-09,True,PGT121|4168,1313884
1,130_bNAb_Combinations|1313884|sample|11|nan|4168,1,0.00210484,0.514643,0.0300326,14.6985,0.0882755,2.50771e-09,True,VRC07-523LS|4168,1313884
1,130_bNAb_Combinations|1313884|sample|12|nan|4168,1,0.0059978,0.642082,0.12869,11.6477,0.0882755,2.50771e-09,True,VRC07-523LS|4168,1313884
1,130_bNAb_Combinations|1313884|sample|3|nan|4168,1,0.0078883,0.964063,0.0184237,12.6002,0.0882755,2.50771e-09,True,PGDM1400|4168,1313884
1,130_bNAb_Combinations|1313884|sample|4|nan|4168,1,0.0110633,0.967187,0.0160808,11.699,0.0882755,2.50771e-09,True,PGDM1400|4168,1313884
1,130_bNAb_Combinations|1313884|sample|5|nan|4168,1,0.02615,0.716241,0.00919161,10.8253,0.0882755,2.50771e-09,True,PGDM1400|4168,1313884
1,130_bNAb_Combinations|1313884|sample|6|nan|4168,1,0.0285719,0.680218,0.00471642,11.8911,0.0882755,2.50771e-09,True,PGDM1400|4168,1313884
1,130_bNAb_Combinations|1313884|sample|7|nan|4168,1,0.136668,0.648561,0.392608,7.33784,0.0882755,2.50771e-09,True,PGT121|4168,1313884
1,130_bNAb_Combinations|1313884|sample|8|nan|4168,1,0.0864283,0.520841,0.0632596,12.2203,0.0882755,2.50771e-09,True,PGT121|4168,1313884
1,130_bNAb_Combinations|1313884|sample|9|nan|4168,1,0.0426186,0.391598,0.0125088,11.949,0.0882755,2.50771e-09,True,PGT121|4168,1313884
1,130_bNAb_Combinations|1313884|vc|1|2|nan|4168,1,1.35453,1.65649,0.353444,9.52868,0.0882755,2.50771e-09,False,nan|4168,1313884
1,130_bNAb_Combinations|1313884|vc|2|2|nan|4168,1,0.00077161,1.53904,0.162734,12.3762,0.0882755,2.50771e-09,False,nan|4168,1313884
1,130_bNAb_Combinations|1313884|vc|3|2|nan|4168,1,0.37447,1.42188,0.0126852,13.0053,0.0882755,2.50771e-09,False,nan|4168,1313884
1,130_bNAb_Combinations|1313884|vc|4|2|nan|4168,1,0.00262489,1.46194,0.015038,10.3751,0.0882755,2.50771e-09,False,nan|4168,1313884
1,130_bNAb_Combinations|1313884|vc|5|2|nan|4168,1,0.00672647,1.459,0.0172475,12.9398,0.0882755,2.50771e-09,False,nan|4168,1313884
1,130_bNAb_Combinations|1313884|vc|6|2|nan|4168,1,0.00154084,1.43954,0.0579211,10.294,0.0882755,2.50771e-09,False,nan|4168,1313884
1,130_bNAb_Combinations|1313884|vc|7|2|nan|4168,1,0.0320473,1.77007,0.00231778,11.8203,0.0882755,2.50771e-09,False,nan|4168,1313884
1,130_bNAb_Combinations|1313884|vc|8|2|nan|4168,1,0.544921,1.64008,0.046127,10.3825,0.0882755,2.50771e-09,False,nan|4168,1313884
1,130_bNAb_Combinations|1313920|cc|1|1|nan|1798,1,1.08474,1.55868,0.00195282,11.7706,0.0882731,2.50834e-09,False,nan|1798,1313920
1,130_bNAb_Combinations|1313920|cc|2|1|nan|1798,1,0.00135655,1.4439,0.0195072,7.67126,0.0882731,2.50834e-09,False,nan|1798,1313920
1,130_bNAb_Combinations|1313920|cc|3|1|nan|1798,1,0.00395828,1.74597,0.162551,11.3568,0.0882731,2.50834e-09,False,nan|1798,1313920
1,130_bNAb_Combinations|1313920|cc|4|1|nan|1798,1,0.0508004,1.69704,0.0285106,10.825,0.0882731,2.50834e-09,False,nan|1798,1313920
1,130_bNAb_Combinations|1313920|cc|5|1|nan|1798,1,0.00268656,1.55902,0.0019241,11.5097,0.0882731,2.50834e-09,False,nan|1798,1313920
1,130_bNAb_Combinations|1313920|cc|6|1|nan|1798,1,0.0107936,1.33288,0.00096209,9.15738,0.0882731,2.50834e-09,False,nan|1798,1313920
1,130_bNAb_Combinations|1313920|cc|7|1|nan|1798,1,0.279136,1.5616,0.00595556,9.1362,0.0882731,2.50834e-09,False,nan|1798,1313920
1,130_bNAb_Combinations|1313920|cc|8|1|nan|1798,1,0.00750754,1.54591,0.133358,13.7063,0.0882731,2.50834e-09,False,nan|1798,1313920
1,130_bNAb_Combinations|1313920|sample|10|nan|1798,1,0.00106536,0.727478,0.451418,13.6986,0.0882731,2.50834e-09,True,PGT121|1798,1313920
1,130_bNAb_Combinations|1313920|sample|11|nan|1798,1,0.00031061,0.691792,0.1249,9.87777,0.0882731,2.50834e-09,True,VRC07-523LS|1798,1313920
1,130_bNAb_Combinations|1313920|sample|12|nan|1798,1,0.000500908,0.729247,0.0925814,11.3459,0.0882731,2.50834e-09,True,VRC07-523LS|1798,1313920
1,130_bNAb_Combinations|1313920|sample|3|nan|1798,1,0.119672,0.847676,0.150699,12.0057,0.0882731,2.50834e-09,True,PGDM1400|1798,1313920
1,130_bNAb_Combinations|1313920|sample|4|nan|1798,1,0.166444,0.698243,0.126645,11.124,0.0882731,2.50834e-09,True,PGDM1400|1798,1313920
1,130_bNAb_Combinations|1313920|sample|5|nan|1798,1,0.10401,0.586738,0.0277042,11.8802,0.0882731,2.50834e-09,True,PGDM1400|1798,1313920
1,130_bNAb_Combinations|1313920|sample|6|nan|1798,1,0.0985639,0.645615,0.0658779,11.376,0.0882731,2.50834e-09,True,PGDM1400|1798,1313920
1,130_bNAb_Combinations|1313920|sample|7|nan|1798,1,8.67145e-05,0.758006,0.311579,14.969,0.0882731,2.50834e-09,True,PGT121|1798,1313920
1,130_bNAb_Combinations|1313920|sample|8|nan|1798,1,0.00105362,0.807532,0.704292,9.2362,0.0882731,2.50834e-09,True,PGT121|1798,1313920
1,130_bNAb_Combinations|1313920|sample|9|nan|1798,1,0.000165449,0.667234,0.301541,14.5456,0.0882731,2.50834e-09,True,PGT121|1798,1313920
1,130_bNAb_Combinations|1313920|vc|1|2|nan|1798,1,0.00429413,1.73901,1.26214,11.4669,0.0882731,2.50834e-09,False,nan|1798,1313920
1,130_bNAb_Combinations|1313920|vc|2|2|nan|1798,1,0.00187065,1.40466,0.0942623,9.32125,0.0882731,2.50834e-09,False,nan|1798,1313920
1,130_bNAb_Combinations|1313920|vc|3|2|nan|1798,1,0.00996349,1.5923,0.011274,13.6228,0.0882731,2.50834e-09,False,nan|1798,1313920
1,130_bNAb_Combinations|1313920|vc|4|2|nan|1798,1,0.0773493,1.49014,0.0360746,13.5932,0.0882731,2.50834e-09,False,nan|1798,1313920
1,130_bNAb_Combinations|1313920|vc|5|2|nan|1798,1,0.016222,1.40635,0.0323841,16.2457,0.0882731,2.50834e-09,False,nan|1798,1313920
1,130_bNAb_Combinations|1313920|vc|6|2|nan|1798,1,0.338673,1.57321,0.0210866,14.3946,0.0882731,2.50834e-09,False,nan|1798,1313920
1,130_bNAb_Combinations|1313920|vc|7|2|nan|1798,1,0.000520321,1.70322,0.130678,14.2983,0.0882731,2.50834e-09,False,nan|1798,1313920
1,130_bNAb_Combinations|1313920|vc|8|2|nan|1798,1,0.0391252,1.54819,0.00622206,11.5155,0.0882731,2.50834e-09,False,nan|1798,1313920
1,130_bNAb_Combinations|1313938|cc|1|1|TRO.11|8301,1,0.0615265,1.65962,0.00183431,12.8726,0.0882772,2.51103e-09,False,nan|TRO.11,1313938
1,130_bNAb_Combinations|1313938|cc|2|1|TRO.11|8301,1,0.00125824,1.76111,0.042259,13.9018,0.0882772,2.51103e-09,False,nan|TRO.11,1313938
1,130_bNAb_Combinations|1313938|cc|3|1|TRO.11|8301,1,0.0769978,1.47687,0.00599161,11.6364,0.0882772,2.51103e-09,False,nan|TRO.11,1313938
1,130_bNAb_Combinations|1313938|cc|4|1|TRO.11|8301,1,0.0692251,1.54213,0.0844271,15.1482,0.0882772,2.51103e-09,False,nan|TRO.11,1313938
1,130_bNAb_Combinations|1313938|cc|5|1|TRO.11|8301,1,0.000672162,1.56425,0.0290105,11.9483,0.0882772,2.51103e-09,False,nan|TRO.11,1313938
1,130_bNAb_Combinations|1313938|cc|6|1|TRO.11|8301,1,0.0107078,1.51323,0.139349,9.55174,0.0882772,2.51103e-09,False,nan|TRO.11,1313938
1,130_bNAb_Combinations|1313938|cc|7|1|TRO.11|8301,1,0.00153835,1.65429,0.00189141,11.0155,0.0882772,2.51103e-09,False,nan|TRO.11,1313938
1,130_bNAb_Combinations|1313938|cc|8|1|TRO.11|8301,1,0.000993951,1.60255,0.0046477,12.0102,0.0882772,2.51103e-09,False,nan|TRO.11,1313938
1,130_bNAb_Combinations|1313938|sample|10|TRO.11|8301,1,0.000696469,0.829136,2.39827,10.3225,0.0882772,2.51103e-09,True,PGT121|TRO.11,1313938
1,130_bNAb_Combinations|1313938|sample|11|TRO.11|8301,1,0.000386455,0.855244,0.303447,13.0796,0.0882772,2.51103e-09,True,VRC07-523LS|TRO.11,1313938
1,130_bNAb_Combinations|1313938|sample|12|TRO.11|8301,1,0.00102545,0.831107,0.526953,10.1312,0.0882772,2.51103e-09,True,VRC07-523LS|TRO.11,1313938
1,130_bNAb_Combinations|1313938|sample|3|TRO.11|8301,1,0.00218186,0.817583,0.0466896,11.6993,0.0882772,2.51103e-09,True,PGDM1400|TRO.11,1313938
1,130_bNAb_Combinations|1313938|sample|4|TRO.11|8301,1,0.0209068,0.76883,0.0549551,11.2128,0.0882772,2.51103e-09,True,PGDM1400|TRO.11,1313938
1,130_bNAb_Combinations|1313938|sample|5|TRO.11|8301,1,0.0109406,0.73232,0.0629478,9.1236,0.0882772,2.51103e-09,True,PGDM1400|TRO.11,1313938
1,130_bNAb_Combinations|1313938|sample|6|TRO.11|8301,1,0.0173609,0.814721,0.0628886,11.3267,0.0882772,2.51103e-09,True,PGDM1400|TRO.11,1313938
1,130_bNAb_Combinations|1313938|sample|7|TRO.11|8301,1,0.000311006,0.762903,1.32409,12.8417,0.0882772,2.51103e-09,True,PGT121|TRO.11,1313938
1,130_bNAb_Combinations|1313938|sample|8|TRO.11|8301,1,0.000598929,0.778528,1.2779,13.6991,0.0882772,2.51103e-09,True,PGT121|TRO.11,1313938
1,130_bNAb_Combinations|1313938|sample|9|TRO.11|8301,1,0.000412668,0.79158,2.19496,10.4068,0.0882772,2.51103e-09,True,PGT121|TRO.11,1313938
1,130_bNAb_Combinations|1313938|vc|1|2|TRO.11|8301,1,0.397246,1.49008,0.0059706,10.896,0.0882772,2.51103e-09,False,nan|TRO.11,1313938
1,130_bNAb_Combinations|1313938|vc|2|2|TRO.11|8301,1,0.0559234,1.55551,0.180806,11.4882,0.0882772,2.51103e-09,False,nan|TRO.11,1313938
1,130_bNAb_Combinations|1313938|vc|3|2|TRO.11|8301,1,0.0371878,1.38759,0.0402587,6.23394,0.0882772,2.51103e-09,False,nan|TRO.11,1313938
1,130_bNAb_Combinations|1313938|vc|4|2|TRO.11|8301,1,0.020436,1.63938,0.0202356,13.7078,0.0882772,2.51103e-09,False,nan|TRO.11,1313938
1,130_bNAb_Combinations|1313938|vc|5|2|TRO.11|8301,1,0.0061656,1.57114,0.0348023,9.09337,0.0882772,2.51103e-09,False,nan|TRO.11,1313938
1,130_bNAb_Combinations|1313938|vc|6|2|TRO.11|8301,1,0.181026,1.49518,0.25671,10.3814,0.0882772,2.51103e-09,False,nan|TRO.11,1313938
1,130_bNAb_Combinations|1313938|vc|7|2|TRO.11|8301,1,0.0506259,1.58784,0.136759,13.4965,0.0882772,2.51103e-09,False,nan|TRO.11,1313938
1,130_bNAb_Combinations|1313938|vc|8|2|TRO.11|8301,1,0.0758955,1.58296,0.0449817,10.0879,0.0882772,2.51103e-09,False,nan|TRO.11,1313938
1,130_bNAb_Combinations|1313956|cc|1|1|Ce1176_A3|7023,1,0.118397,1.28581,0.00937739,10.9892,0.164236,2.50837e-09,False,nan|Ce1176_A3,1313956
1,130_bNAb_Combinations|1313956|cc|2|1|Ce1176_A3|7023,1,0.000864313,1.51879,0.0172451,10.8937,0.164236,2.50837e-09,False,nan|Ce1176_A3,1313956
1,130_bNAb_Combinations|1313956|cc|3|1|Ce1176_A3|7023,1,1.28671,1.42845,0.0874347,12.771,0.164236,2.50837e-09,False,nan|Ce1176_A3,1313956
1,130_bNAb_Combinations|1313956|cc|4|1|Ce1176_A3|7023,1,0.0647059,1.39496,0.00063374,12.0861,0.164236,2.50837e-09,False,nan|Ce1176_A3,1313956
1,130_bNAb_Combinations|1313956|cc|5|1|Ce1176_A3|7023,1,0.000914927,1.60012,0.0383548,11.8519,0.164236,2.50837e-09,False,nan|Ce1176_A3,1313956
1,130_bNAb_Combinations|1313956|cc|6|1|Ce1176_A3|7023,1,0.0400093,1.62557,0.0168437,13.8757,0.164236,2.50837e-09,False,nan|Ce1176_A3,1313956
1,130_bNAb_Combinations|1313956|cc|7|1|Ce1176_A3|7023,1,0.198462,1.40229,0.00143768,12.5368,0.164236,2.50837e-09,False,nan|Ce1176_A3,1313956
1,130_bNAb_Combinations|1313956|cc|8|1|Ce1176_A3|7023,1,0.0493552,1.62634,0.112873,11.6054,0.164236,2.50837e-09,False,nan|Ce1176_A3,1313956
1,130_bNAb_Combinations|1313956|sample|10|Ce1176_A3|7023,1,0.00031754,0.780555,1.40312,12.8459,0.164236,2.50837e-09,True,PGT121|Ce1176_A3,1313956
1,130_bNAb_Combinations|1313956|sample|11|Ce1176_A3|7023,1,0.000194128,0.916443,0.145012,12.7046,0.164236,2.50837e-09,True,VRC07-523LS|Ce1176_A3,1313956
1,130_bNAb_Combinations|1313956|sample|12|Ce1176_A3|7023,1,0.00376587,0.747713,0.1562,10.9362,0.164236,2.50837e-09,True,VRC07-523LS|Ce1176_A3,1313956
1,130_bNAb_Combinations|1313956|sample|3|Ce1176_A3|7023,1,0.0616325,0.554797,0.00537738,13.0524,0.164236,2.50837e-09,True,PGDM1400|Ce1176_A3,1313956
1,130_bNAb_Combinations|1313956|sample|4|Ce1176_A3|7023,1,0.275364,0.931477,0.208838,9.28305,0.164236,2.50837e-09,True,PGDM1400|Ce1176_A3,1313956
1,130_bNAb_Combinations|1313956|sample|5|Ce1176_A3|7023,1,0.146548,0.677705,0.0167218,9.83434,0.164236,2.50837e-09,True,PGDM1400|Ce1176_A3,1313956
1,130_bNAb_Combinations|1313956|sample|6|Ce1176_A3|7023,1,0.128543,0.65074,0.014511,10.7655,0.164236,2.50837e-09,True,PGDM1400|Ce1176_A3,1313956
1,130_bNAb_Combinations|1313956|sample|7|Ce1176_A3|7023,1,0.002718,0.906677,2.51787,8.70584,0.164236,2.50837e-09,True,PGT121|Ce1176_A3,1313956
1,130_bNAb_Combinations|1313956|sample|8|Ce1176_A3|7023,1,0.000406964,0.808352,2.17643,8.92722,0.164236,2.50837e-09,True,PGT121|Ce1176_A3,1313956
1,130_bNAb_Combinations|1313956|sample|9|Ce1176_A3|7023,1,0.00039891,0.861688,2.18573,11.184,0.164236,2.50837e-09,True,PGT121|Ce1176_A3,1313956
1,130_bNAb_Combinations|1313956|vc|1|2|Ce1176_A3|7023,1,0.05276,1.5715,0.0507559,10.1437,0.164236,2.50837e-09,False,nan|Ce1176_A3,1313956
1,130_bNAb_Combinations|1313956|vc|2|2|Ce1176_A3|7023,1,0.295514,1.57268,0.194219,10.5488,0.164236,2.50837e-09,False,nan|Ce1176_A3,1313956
1,130_bNAb_Combinations|1313956|vc|3|2|Ce1176_A3|7023,1,3.1382,1.4684,0.263193,10.2122,0.164236,2.50837e-09,False,nan|Ce1176_A3,1313956
1,130_bNAb_Combinations|1313956|vc|4|2|Ce1176_A3|7023,1,0.00373315,1.51864,0.0433885,14.4678,0.164236,2.50837e-09,False,nan|Ce1176_A3,1313956
1,130_bNAb_Combinations|1313956|vc|5|2|Ce1176_A3|7023,1,3.25083,1.46979,0.00265806,8.14124,0.164236,2.50837e-09,False,nan|Ce1176_A3,1313956
1,130_bNAb_Combinations|1313956|vc|6|2|Ce1176_A3|7023,1,0.0214014,1.57138,0.00820359,11.7764,0.164236,2.50837e-09,False,nan|Ce1176_A3,1313956
1,130_bNAb_Combinations|1313956|vc|7|2|Ce1176_A3|7023,1,0.0142164,1.58472,0.108709,12.2785,0.164236,2.50837e-09,False,nan|Ce1176_A3,1313956
1,130_bNAb_Combinations|1313956|vc|8|2|Ce1176_A3|7023,1,0.00977399,1.49754,0.0439195,11.4946,0.164236,2.50837e-09,False,nan|Ce1176_A3,1313956
1,130_bNAb_Combinations|1313974|cc|1|1|nan|1176,1,0.0318242,1.40368,0.0709898,14.4731,0.205725,2.50834e-09,False,nan|1176,1313974
1,130_bNAb_Combinations|1313974|cc|2|1|nan|1176,1,0.000278737,1.51746,0.0208534,13.7014,0.205725,2.50834e-09,False,nan|1176,1313974
1,130_bNAb_Combinations|1313974|cc|3|1|nan|1176,1,0.0103801,1.3184,0.048146,11.0891,0.205725,2.50834e-09,False,nan|1176,1313974
1,130_bNAb_Combinations|1313974|cc|4|1|nan|1176,1,0.00106269,1.78571,0.00177974,12.9888,0.205725,2.50834e-09,False,nan|1176,1313974
1,130_bNAb_Combinations|1313974|cc|5|1|nan|1176,1,1.27882,1.52562,0.186424,13.5177,0.205725,2.50834e-09,False,nan|1176,1313974
1,130_bNAb_Combinations|1313974|cc|6|1|nan|1176,1,0.00266929,1.76017,0.00262884,10.0698,0.205725,2.50834e-09,False,nan|1176,1313974
1,130_bNAb_Combinations|1313974|cc|7|1|nan|1176,1,0.0343706,1.75984,0.0653512,12.9991,0.205725,2.50834e-09,False,nan|1176,1313974
1,130_bNAb_Combinations|1313974|cc|8|1|nan|1176,1,0.0463943,1.18243,0.0438231,10.4472,0.205725,2.50834e-09,False,nan|1176,1313974
1,130_bNAb_Combinations|1313974|sample|10|nan|1176,1,0.0637925,0.743485,0.00869122,15.2984,0.205725,2.50834e-09,True,PGT121|1176,1313974
1,130_bNAb_Combinations|1313974|sample|11|nan|1176,1,0.00925504,0.871475,0.703008,10.3258,0.205725,2.50834e-09,True,VRC07-523LS|1176,1313974
1,130_bNAb_Combinations|1313974|sample|12|nan|1176,1,0.00580909,0.731599,0.551283,12.7093,0.205725,2.50834e-09,True,VRC07-523LS|1176,1313974
1,130_bNAb_Combinations|1313974|sample|3|nan|1176,1,0.0265507,0.769212,0.986338,11.2881,0.205725,2.50834e-09,True,PGDM1400|1176,1313974
1,130_bNAb_Combinations|1313974|sample|4|nan|1176,1,0.0256663,0.548781,0.187471,13.2984,0.205725,2.50834e-09,True,PGDM1400|1176,1313974
1,130_bNAb_Combinations|1313974|sample|5|nan|1176,1,0.0300943,0.514331,0.142884,12.1317,0.205725,2.50834e-09,True,PGDM1400|1176,1313974
1,130_bNAb_Combinations|1313974|sample|6|nan|1176,1,0.033035,0.475734,0.118159,12.9077,0.205725,2.50834e-09,True,PGDM1400|1176,1313974
1,130_bNAb_Combinations|1313974|sample|7|nan|1176,1,0.00602233,0.622212,0.00995841,11.8715,0.205725,2.50834e-09,True,PGT121|1176,1313974
1,130_bNAb_Combinations|1313974|sample|8|nan|1176,1,0.0490998,0.779114,0.0276745,10.8762,0.205725,2.50834e-09,True,PGT121|1176,1313974
1,130_bNAb_Combinations|1313974|sample|9|nan|1176,1,0.0946113,0.766503,0.0235862,9.56243,0.205725,2.50834e-09,True,PGT121|1176,1313974
1,130_bNAb_Combinations|1313974|vc|1|2|nan|1176,1,0.00144363,1.47106,0.00418294,15.5385,0.205725,2.50834e-09,False,nan|1176,1313974
1,130_bNAb_Combinations|1313974|vc|2|2|nan|1176,1,0.196057,1.61683,0.0991057,11.2962,0.205725,2.50834e-09,False,nan|1176,1313974
1,130_bNAb_Combinations|1313974|vc|3|2|nan|1176,1,0.0383469,1.79954,0.680062,9.65908,0.205725,2.50834e-09,False,nan|1176,1313974
1,130_bNAb_Combinations|1313974|vc|4|2|nan|1176,1,0.00386832,1.5326,0.0600167,6.24284,0.205725,2.50834e-09,False,nan|1176,1313974
1,130_bNAb_Combinations|1313974|vc|5|2|nan|1176,1,0.00514112,1.55626,0.0225836,13.2324,0.205725,2.50834e-09,False,nan|1176,1313974
1,130_bNAb_Combinations|1313974|vc|6|2|nan|1176,1,0.0239605,1.55358,0.0208325,10.4911,0.205725,2.50834e-09,False,nan|1176,1313974
1,130_bNAb_Combinations|1313974|vc|7|2|nan|1176,1,0.00832174,1.71984,0.0229069,14.9477,0.205725,2.50834e-09,False,nan|1176,1313974
1,130_bNAb_Combinations|1313974|vc|8|2|nan|1176,1,0.00409611,1.68097,0.072198,13.0742,0.205725,2.50834e-09,False,nan|1176,1313974
1,130_bNAb_Combinations|1313992|cc|1|1|RHPA4259.7|5371,1,0.00061362,1.51041,0.0665732,11.4842,0.14124,2.51107e-09,False,nan|RHPA4259.7,1313992
1,130_bNAb_Combinations|1313992|cc|2|1|RHPA4259.7|5371,1,0.0222221,1.5096,0.108013,10.9686,0.14124,2.51107e-09,False,nan|RHPA4259.7,1313992
1,130_bNAb_Combinations|1313992|cc|3|1|RHPA4259.7|5371,1,0.0529829,1.52696,0.0541474,10.9321,0.14124,2.51107e-09,False,nan|RHPA4259.7,1313992
1,130_bNAb_Combinations|1313992|cc|4|1|RHPA4259.7|5371,1,0.0350715,1.53718,1.7182,9.32715,0.14124,2.51107e-09,False,nan|RHPA4259.7,1313992
1,130_bNAb_Combinations|1313992|cc|5|1|RHPA4259.7|5371,1,0.0162463,1.4583,0.0635501,11.6531,0.14124,2.51107e-09,False,nan|RHPA4259.7,1313992
1,130_bNAb_Combinations|1313992|cc|6|1|RHPA4259.7|5371,1,0.0258621,1.75916,0.0292845,11.5949,0.14124,2.51107e-09,False,nan|RHPA4259.7,1313992
1,130_bNAb_Combinations|1313992|cc|7|1|RHPA4259.7|5371,1,0.00561635,1.61532,0.43235,14.5086,0.14124,2.51107e-09,False,nan|RHPA4259.7,1313992
1,130_bNAb_Combinations|1313992|cc|8|1|RHPA4259.7|5371,1,0.209624,1.6325,1.31629,11.1604,0.14124,2.51107e-09,False,nan|RHPA4259.7,1313992
1,130_bNAb_Combinations|1313992|sample|10|RHPA4259.7|5371,1,0.00324932,0.767974,1.38048,12.0709,0.14124,2.51107e-09,True,PGT121|RHPA4259.7,1313992
1,130_bNAb_Combinations|1313992|sample|11|RHPA4259.7|5371,1,0.000315227,0.640711,1.02837,13.5007,0.14124,2.51107e-09,True,VRC07-523LS|RHPA4259.7,1313992
1,130_bNAb_Combinations|1313992|sample|12|RHPA4259.7|5371,1,0.000837678,0.625501,1.06362,11.0644,0.14124,2.51107e-09,True,VRC07-523LS|RHPA4259.7,1313992
1,130_bNAb_Combinations|1313992|sample|3|RHPA4259.7|5371,1,0.000216729,0.792309,0.0369835,15.6812,0.14124,2.51107e-09,True,PGDM1400|RHPA4259.7,1313992
1,130_bNAb_Combinations|1313992|sample|4|RHPA4259.7|5371,1,0.00422635,0.697334,0.0592911,11.2383,0.14124,2.51107e-09,True,PGDM1400|RHPA4259.7,1313992
1,130_bNAb_Combinations|1313992|sample|5|RHPA4259.7|5371,1,0.00330171,0.933394,0.135001,8.34954,0.14124,2.51107e-09,True,PGDM1400|RHPA4259.7,1313992
1,130_bNAb_Combinations|1313992|sample|6|RHPA4259.7|5371,1,0.000512242,0.683928,0.0565214,12.399,0.14124,2.51107e-09,True,PGDM1400|RHPA4259.7,1313992
1,130_bNAb_Combinations|1313992|sample|7|RHPA4259.7|5371,1,0.00743098,0.797471,1.11834,14.527,0.14124,2.51107e-09,True,PGT121|RHPA4259.7,1313992
1,130_bNAb_Combinations|1313992|sample|8|RHPA4259.7|5371,1,0.00142208,0.825183,2.03946,8.85643,0.14124,2.51107e-09,True,PGT121|RHPA4259.7,1313992
1,130_bNAb_Combinations|1313992|sample|9|RHPA4259.7|5371,1,0.000460415,0.788859,1.51995,10.3799,0.14124,2.51107e-09,True,PGT121|RHPA4259.7,1313992
1,130_bNAb_Combinations|1313992|vc|1|2|RHPA4259.7|5371,1,0.0327398,1.49849,0.0260993,12.8933,0.14124,2.51107e-09,False,nan|RHPA4259.7,1313992
1,130_bNAb_Combinations|1313992|vc|2|2|RHPA4259.7|5371,1,0.422122,1.77267,0.168278,10.7113,0.14124,2.51107e-09,False,nan|RHPA4259.7,1313992
1,130_bNAb_Combinations|1313992|vc|3|2|RHPA4259.7|5371,1,0.0314476,1.59199,0.0143357,12.9792,0.14124,2.51107e-09,False,nan|RHPA4259.7,1313992
1,130_bNAb_Combinations|1313992|vc|4|2|RHPA4259.7|5371,1,0.117181,1.54484,0.00953296,11.2801,0.14124,2.51107e-09,False,nan|RHPA4259.7,1313992
1,130_bNAb_Combinations|1313992|vc|5|2|RHPA4259.7|5371,1,0.00849722,1.59992,0.115274,12.4064,0.14124,2.51107e-09,False,nan|RHPA4259.7,1313992
1,130_bNAb_Combinations|1313992|vc|6|2|RHPA4259.7|5371,1,0.000362932,1.68246,0.0477122,12.5737,0.14124,2.51107e-09,False,nan|RHPA4259.7,1313992
1,130_bNAb_Combinations|1313992|vc|7|2|RHPA4259.7|5371,1,0.0396393,1.53897,0.0218538,13.5148,0.14124,2.51107e-09,False,nan|RHPA4259.7,1313992
1,130_bNAb_Combinations|1313992|vc|8|2|RHPA4259.7|5371,1,0.0304074,1.67289,0.032772,12.1528,0.14124,2.51107e-09,False,nan|RHPA4259.7,1313992
1,130_bNAb_Combinations|1314016|cc|1|1|nan|3430,1,0.016917,1.73713,0.0025387,10.6485,0.0882802,2.50835e-09,False,nan|3430,1314016
1,130_bNAb_Combinations|1314016|cc|2|1|nan|3430,1,0.000994105,1.31321,0.162929,9.79929,0.0882802,2.50835e-09,False,nan|3430,1314016
1,130_bNAb_Combinations|1314016|cc|3|1|nan|3430,1,0.706253,1.42515,0.00480946,10.4143,0.0882802,2.50835e-09,False,nan|3430,1314016
1,130_bNAb_Combinations|1314016|cc|4|1|nan|3430,1,0.0294771,1.66119,0.122639,10.1665,0.0882802,2.50835e-09,False,nan|3430,1314016
1,130_bNAb_Combinations|1314016|cc|5|1|nan|3430,1,0.000545704,1.58701,0.0018165,13.2776,0.0882802,2.50835e-09,False,nan|3430,1314016
1,130_bNAb_Combinations|1314016|cc|6|1|nan|3430,1,0.00422629,1.36143,0.032739,12.9114,0.0882802,2.50835e-09,False,nan|3430,1314016
1,130_bNAb_Combinations|1314016|cc|7|1|nan|3430,1,0.0128737,1.45817,0.0065469,10.9737,0.0882802,2.50835e-09,False,nan|3430,1314016
1,130_bNAb_Combinations|1314016|cc|8|1|nan|3430,1,0.0151518,1.42401,0.0526151,12.6953,0.0882802,2.50835e-09,False,nan|3430,1314016
1,130_bNAb_Combinations|1314016|sample|10|nan|3430,1,0.00933624,0.517554,0.174781,11.0089,0.0882802,2.50835e-09,True,PGT121|3430,1314016
1,130_bNAb_Combinations|1314016|sample|11|nan|3430,1,0.000313137,0.631968,0.456207,11.1223,0.0882802,2.50835e-09,True,VRC07-523LS|3430,1314016
1,130_bNAb_Combinations|1314016|sample|12|nan|3430,1,0.00141359,0.819603,0.546541,17.0991,0.0882802,2.50835e-09,True,VRC07-523LS|3430,1314016
1,130_bNAb_Combinations|1314016|sample|3|nan|3430,1,0.0127961,0.784355,11.2459,8.96342,0.0882802,2.50835e-09,True,PGDM1400|3430,1314016
1,130_bNAb_Combinations|1314016|sample|4|nan|3430,1,0.00810741,0.742687,5.43651,14.2916,0.0882802,2.50835e-09,True,PGDM1400|3430,1314016
1,130_bNAb_Combinations|1314016|sample|5|nan|3430,1,0.00806497,0.590401,4.37703,12.4715,0.0882802,2.50835e-09,True,PGDM1400|3430,1314016
1,130_bNAb_Combinations|1314016|sample|6|nan|3430,1,0.00952112,0.590957,4.42012,13.0744,0.0882802,2.50835e-09,True,PGDM1400|3430,1314016
1,130_bNAb_Combinations|1314016|sample|7|nan|3430,1,0.00888628,0.733427,0.436644,9.6807,0.0882802,2.50835e-09,True,PGT121|3430,1314016
1,130_bNAb_Combinations|1314016|sample|8|nan|3430,1,0.0102565,0.641141,0.197541,12.0598,0.0882802,2.50835e-09,True,PGT121|3430,1314016
1,130_bNAb_Combinations|1314016|sample|9|nan|3430,1,0.00568243,0.455157,0.0613235,15.3773,0.0882802,2.50835e-09,True,PGT121|3430,1314016
1,130_bNAb_Combinations|1314016|vc|1|2|nan|3430,1,0.00199731,1.42913,0.403823,13.6077,0.0882802,2.50835e-09,False,nan|3430,1314016
1,130_bNAb_Combinations|1314016|vc|2|2|nan|3430,1,0.000493251,1.52825,0.0208197,12.8127,0.0882802,2.50835e-09,False,nan|3430,1314016
1,130_bNAb_Combinations|1314016|vc|3|2|nan|3430,1,0.00548826,1.35709,0.132688,9.28188,0.0882802,2.50835e-09,False,nan|3430,1314016
1,130_bNAb_Combinations|1314016|vc|4|2|nan|3430,1,0.0275479,1.68355,0.0397663,12.3739,0.0882802,2.50835e-09,False,nan|3430,1314016
1,130_bNAb_Combinations|1314016|vc|5|2|nan|3430,1,0.0133968,1.49176,0.00130877,10.5888,0.0882802,2.50835e-09,False,nan|3430,1314016
1,130_bNAb_Combinations|1314016|vc|6|2|nan|3430,1,0.00163942,1.59409,0.055453,10.4435,0.0882802,2.50835e-09,False,nan|3430,1314016
1,130_bNAb_Combinations|1314016|vc|7|2|nan|3430,1,0.0433438,1.47946,0.00940675,13.9779,0.0882802,2.50835e-09,False,nan|3430,1314016
1,130_bNAb_Combinations|1314016|vc|8|2|nan|3430,1,0.127429,1.60345,0.0847364,12.008,0.0882802,2.50835e-09,False,nan|3430,1314016
1,130_bNAb_Combinations|1314040|cc|1|1|nan|4166,1,0.000115431,1.44744,0.12228,14.3691,0.0882757,2.50838e-09,False,nan|4166,1314040
1,130_bNAb_Combinations|1314040|cc|2|1|nan|4166,1,0.00575088,1.36359,0.0553166,10.4045,0.0882757,2.50838e-09,False,nan|4166,1314040
1,130_bNAb_Combinations|1314040|cc|3|1|nan|4166,1,0.000318027,1.57244,0.0654164,9.99533,0.0882757,2.50838e-09,False,nan|4166,1314040
1,130_bNAb_Combinations|1314040|cc|4|1|nan|4166,1,0.00556896,1.43328,0.0318256,10.0165,0.0882757,2.50838e-09,False,nan|4166,1314040
1,130_bNAb_Combinations|1314040|cc|5|1|nan|4166,1,0.00665479,1.66647,0.0408326,10.6784,0.0882757,2.50838e-09,False,nan|4166,1314040
1,130_bNAb_Combinations|1314040|cc|6|1|nan|4166,1,0.000990384,1.62296,0.0094151,12.5238,0.0882757,2.50838e-09,False,nan|4166,1314040
1,130_bNAb_Combinations|1314040|cc|7|1|nan|4166,1,0.00350625,1.60126,0.0201121,15.3391,0.0882757,2.50838e-09,False,nan|4166,1314040
1,130_bNAb_Combinations|1314040|cc|8|1|nan|4166,1,0.00951946,1.54169,0.273297,9.36202,0.0882757,2.50838e-09,False,nan|4166,1314040
1,130_bNAb_Combinations|1314040|sample|10|nan|4166,1,0.000216375,0.760069,3.05067,11.9915,0.0882757,2.50838e-09,True,PGT121|4166,1314040
1,130_bNAb_Combinations|1314040|sample|11|nan|4166,1,0.000818851,0.809864,2.08623,11.3001,0.0882757,2.50838e-09,True,VRC07-523LS|4166,1314040
1,130_bNAb_Combinations|1314040|sample|12|nan|4166,1,5.97149e-05,0.594718,1.17941,12.1377,0.0882757,2.50838e-09,True,VRC07-523LS|4166,1314040
1,130_bNAb_Combinations|1314040|sample|3|nan|4166,1,0.00946637,0.67539,2.74012,11.7387,0.0882757,2.50838e-09,True,PGDM1400|4166,1314040
1,130_bNAb_Combinations|1314040|sample|4|nan|4166,1,0.00884277,0.667184,2.52064,10.0536,0.0882757,2.50838e-09,True,PGDM1400|4166,1314040
1,130_bNAb_Combinations|1314040|sample|5|nan|4166,1,0.0098125,0.609419,1.75132,12.3681,0.0882757,2.50838e-09,True,PGDM1400|4166,1314040
1,130_bNAb_Combinations|1314040|sample|6|nan|4166,1,0.00762042,0.687667,2.05809,16.1783,0.0882757,2.50838e-09,True,PGDM1400|4166,1314040
1,130_bNAb_Combinations|1314040|sample|7|nan|4166,1,0.000102054,0.862248,2.43182,14.0586,0.0882757,2.50838e-09,True,PGT121|4166,1314040
1,130_bNAb_Combinations|1314040|sample|8|nan|4166,1,0.000106091,0.759505,1.36994,14.2245,0.0882757,2.50838e-09,True,PGT121|4166,1314040
1,130_bNAb_Combinations|1314040|sample|9|nan|4166,1,0.000185425,0.693138,1.31371,14.7342,0.0882757,2.50838e-09,True,PGT121|4166,1314040
1,130_bNAb_Combinations|1314040|vc|1|2|nan|4166,1,0.0900652,1.51136,0.419503,11.5953,0.0882757,2.50838e-09,False,nan|4166,1314040
1,130_bNAb_Combinations|1314040|vc|2|2|nan|4166,1,0.0461463,1.62408,0.115742,12.5804,0.0882757,2.50838e-09,False,nan|4166,1314040
1,130_bNAb_Combinations|1314040|vc|3|2|nan|4166,1,0.00594557,1.49784,0.062992,11.9165,0.0882757,2.50838e-09,False,nan|4166,1314040
1,130_bNAb_Combinations|1314040|vc|4|2|nan|4166,1,0.00689977,1.73928,0.0215475,9.04121,0.0882757,2.50838e-09,False,nan|4166,1314040
1,130_bNAb_Combinations|1314040|vc|5|2|nan|4166,1,0.0169363,1.60173,0.0163288,13.3436,0.0882757,2.50838e-09,False,nan|4166,1314040
1,130_bNAb_Combinations|1314040|vc|6|2|nan|4166,1,0.000395277,1.75805,0.0125722,16.8502,0.0882757,2.50838e-09,False,nan|4166,1314040
1,130_bNAb_Combinations|1314040|vc|7|2|nan|4166,1,0.195068,1.59836,0.191588,10.372,0.0882757,2.50838e-09,False,nan|4166,1314040
1,130_bNAb_Combinations|1314040|vc|8|2|nan|4166,1,0.0127821,1.54985,0.060319,10.4476,0.0882757,2.50838e-09,False,nan|4166,1314040
1,130_bNAb_Combinations|1314058|cc|1|1|nan|2944,1,0.00268126,1.65365,0.159234,12.5763,0.0882727,2.50844e-09,False,nan|2944,1314058
1,130_bNAb_Combinations|1314058|cc|2|1|nan|2944,1,0.00252558,1.72381,0.291503,10.3186,0.0882727,2.50844e-09,False,nan|2944,1314058
1,130_bNAb_Combinations|1314058|cc|3|1|nan|2944,1,0.00216273,1.40789,0.271866,11.8277,0.0882727,2.50844e-09,False,nan|2944,1314058
1,130_bNAb_Combinations|1314058|cc|4|1|nan|2944,1,0.0361221,1.55444,0.019886,12.3743,0.0882727,2.50844e-09,False,nan|2944,1314058
1,130_bNAb_Combinations|1314058|cc|5|1|nan|2944,1,0.408355,1.62264,0.287432,10.3266,0.0882727,2.50844e-09,False,nan|2944,1314058
1,130_bNAb_Combinations|1314058|cc|6|1|nan|2944,1,0.281569,1.47587,0.00942634,11.6141,0.0882727,2.50844e-09,False,nan|2944,1314058
1,130_bNAb_Combinations|1314058|cc|7|1|nan|2944,1,0.0025755,1.55486,0.0109079,9.93728,0.0882727,2.50844e-09,False,nan|2944,1314058
1,130_bNAb_Combinations|1314058|cc|8|1|nan|2944,1,0.105015,1.33303,0.174077,12.5359,0.0882727,2.50844e-09,False,nan|2944,1314058
1,130_bNAb_Combinations|1314058|sample|10|nan|2944,1,0.00153493,0.764367,2.19728,11.829,0.0882727,2.50844e-09,True,PGT121|2944,1314058
1,130_bNAb_Combinations|1314058|sample|11|nan|2944,1,0.00181875,0.825412,0.473494,12.0149,0.0882727,2.50844e-09,True,VRC07-523LS|2944,1314058
1,130_bNAb_Combinations|1314058|sample|12|nan|2944,1,8.50095e-05,0.592763,0.289637,10.1564,0.0882727,2.50844e-09,True,VRC07-523LS|2944,1314058
1,130_bNAb_Combinations|1314058|sample|3|nan|2944,1,0.00752406,0.730561,12.4226,11.6966,0.0882727,2.50844e-09,True,PGDM1400|2944,1314058
1,130_bNAb_Combinations|1314058|sample|4|nan|2944,1,0.0051931,0.633559,6.2912,15.296,0.0882727,2.50844e-09,True,PGDM1400|2944,1314058
1,130_bNAb_Combinations|1314058|sample|5|nan|2944,1,0.00674869,0.575919,8.34334,12.0716,0.0882727,2.50844e-09,True,PGDM1400|2944,1314058
1,130_bNAb_Combinations|1314058|sample|6|nan|2944,1,0.00511109,0.591284,10.8693,13.4744,0.0882727,2.50844e-09,True,PGDM1400|2944,1314058
1,130_bNAb_Combinations|1314058|sample|7|nan|2944,1,0.00260147,0.620408,0.907357,15.5753,0.0882727,2.50844e-09,True,PGT121|2944,1314058
1,130_bNAb_Combinations|1314058|sample|8|nan|2944,1,0.0025329,0.760787,2.26767,10.5435,0.0882727,2.50844e-09,True,PGT121|2944,1314058
1,130_bNAb_Combinations|1314058|sample|9|nan|2944,1,0.00385853,0.732356,2.63191,12.254,0.0882727,2.50844e-09,True,PGT121|2944,1314058
1,130_bNAb_Combinations|1314058|vc|1|2|nan|2944,1,0.0530743,1.35485,0.0189641,13.1076,0.0882727,2.50844e-09,False,nan|2944,1314058
1,130_bNAb_Combinations|1314058|vc|2|2|nan|2944,1,0.00638619,1.76765,0.53584,10.2823,0.0882727,2.50844e-09,False,nan|2944,1314058
1,130_bNAb_Combinations|1314058|vc|3|2|nan|2944,1,0.0208171,1.72727,0.168897,12.3139,0.0882727,2.50844e-09,False,nan|2944,1314058
1,130_bNAb_Combinations|1314058|vc|4|2|nan|2944,1,0.0108551,1.6124,0.0251345,12.8046,0.0882727,2.50844e-09,False,nan|2944,1314058
1,130_bNAb_Combinations|1314058|vc|5|2|nan|2944,1,0.0298755,1.4184,0.069872,10.6047,0.0882727,2.50844e-09,False,nan|2944,1314058
1,130_bNAb_Combinations|1314058|vc|6|2|nan|2944,1,0.0268165,1.64419,0.134102,12.7089,0.0882727,2.50844e-09,False,nan|2944,1314058
1,130_bNAb_Combinations|1314058|vc|7|2|nan|2944,1,0.0167272,1.35749,0.000148955,9.30399,0.0882727,2.50844e-09,False,nan|2944,1314058
1,130_bNAb_Combinations|1314058|vc|8|2|nan|2944,1,0.298138,1.63892,0.0116355,8.00674,0.0882727,2.50844e-09,False,nan|2944,1314058
1,130_bNAb_Combinations|1342240|cc|1|1|nan|1798,1,0.00401428,1.4912,0.661525,12.6968,0.0882797,2.50834e-09,False,nan|1798,1342240
1,130_bNAb_Combinations|1342240|cc|2|1|nan|1798,1,27.4509,1.84162,0.0392644,12.9791,0.0882797,2.50834e-09,False,nan|1798,1342240
1,130_bNAb_Combinations|1342240|cc|3|1|nan|1798,1,0.0511172,1.49783,0.00817719,12.0331,0.0882797,2.50834e-09,False,nan|1798,1342240
1,130_bNAb_Combinations|1342240|cc|4|1|nan|1798,1,0.00232924,1.46326,0.0474725,11.631,0.0882797,2.50834e-09,False,nan|1798,1342240
1,130_bNAb_Combinations|1342240|cc|5|1|nan|1798,1,0.02042,1.39558,0.0518004,10.6847,0.0882797,2.50834e-09,False,nan|1798,1342240
1,130_bNAb_Combinations|1342240|cc|6|1|nan|1798,1,0.116082,1.50181,0.00720616,9.73221,0.0882797,2.50834e-09,False,nan|1798,1342240
1,130_bNAb_Combinations|1342240|cc|7|1|nan|1798,1,0.000438982,1.40097,0.00330288,13.0207,0.0882797,2.50834e-09,False,nan|1798,1342240
1,130_bNAb_Combinations|1342240|cc|8|1|nan|1798,1,0.0189768,1.66339,0.00279152,13.4364,0.0882797,2.50834e-09,False,nan|1798,1342240
1,130_bNAb_Combinations|1342240|sample|3|nan|1798,1,0.000142697,0.831353,0.0596924,14.5002,0.0882797,2.50834e-09,True,VRC07-523LS|1798,1342240
1,130_bNAb_Combinations|1342240|sample|4|nan|1798,1,0.00126247,1.01492,0.191633,8.08644,0.0882797,2.50834e-09,True,VRC07-523LS|1798,1342240
1,130_bNAb_Combinations|1342240|sample|8|nan|1798,1,0.000698452,0.786525,0.46208,9.726,0.0882797,2.50834e-09,True,VRC07-523LS|1798,1342240
1,130_bNAb_Combinations|1342240|vc|1|2|nan|1798,1,0.0534624,1.55709,0.0822245,12.9558,0.0882797,2.50834e-09,False,nan|1798,1342240
1,130_bNAb_Combinations|1342240|vc|2|2|nan|1798,1,0.0126008,1.51613,0.000489472,11.79,0.0882797,2.50834e-09,False,nan|1798,1342240
1,130_bNAb_Combinations|1342240|vc|3|2|nan|1798,1,0.0770758,1.46305,0.0502396,10.6142,0.0882797,2.50834e-09,False,nan|1798,1342240
1,130_bNAb_Combinations|1342240|vc|4|2|nan|1798,1,0.00141347,1.48886,0.148239,10.2646,0.0882797,2.50834e-09,False,nan|1798,1342240
1,130_bNAb_Combinations|1342240|vc|5|2|nan|1798,1,0.0944967,1.68604,0.120213,12.6555,0.0882797,2.50834e-09,False,nan|1798,1342240
1,130_bNAb_Combinations|1342240|vc|6|2|nan|1798,1,0.111876,1.42251,0.0610042,13.3774,0.0882797,2.50834e-09,False,nan|1798,1342240
1,130_bNAb_Combinations|1342240|vc|7|2|nan|1798,1,0.00273218,1.5382,0.110445,14.5539,0.0882797,2.50834e-09,False,nan|1798,1342240
1,130_bNAb_Combinations|1342240|vc|8|2|nan|1798,1,0.0056336,1.41473,0.259157,11.6842,0.0882797,2.50834e-09,False,nan|1798,1342240
1,130_bNAb_Combinations|1342258|cc|1|1|TRO.11|8301,1,0.00721628,1.56395,0.0317911,15.2809,0.0882773,2.50835e-09,False,nan|TRO.11,1342258
1,130_bNAb_Combinations|1342258|cc|2|1|TRO.11|8301,1,0.00194793,1.69876,0.0381895,10.7068,0.0882773,2.50835e-09,False,nan|TRO.11,1342258
1,130_bNAb_Combinations|1342258|cc|3|1|TRO.11|8301,1,0.056005,1.52988,0.0904093,10.7838,0.0882773,2.50835e-09,False,nan|TRO.11,1342258
1,130_bNAb_Combinations|1342258|cc|4|1|TRO.11|8301,1,0.0185829,1.63277,0.0201645,9.40183,0.0882773,2.50835e-09,False,nan|TRO.11,1342258
1,130_bNAb_Combinations|1342258|cc|5|1|TRO.11|8301,1,0.000277342,1.41672,0.0183014,11.677,0.0882773,2.50835e-09,False,nan|TRO.11,1342258
1,130_bNAb_Combinations|1342258|cc|6|1|TRO.11|8301,1,0.186715,1.80889,0.00224938,13.0915,0.0882773,2.50835e-09,False,nan|TRO.11,1342258
1,130_bNAb_Combinations|1342258|cc|7|1|TRO.11|8301,1,0.207562,1.63872,0.00394037,10.765,0.0882773,2.50835e-09,False,nan|TRO.11,1342258
1,130_bNAb_Combinations|1342258|cc|8|1|TRO.11|8301,1,0.263079,1.37214,0.0471214,13.177,0.0882773,2.50835e-09,False,nan|TRO.11,1342258
1,130_bNAb_Combinations|1342258|sample|3|TRO.11|8301,1,0.000767852,0.844752,0.489972,9.31287,0.0882773,2.50835e-09,True,VRC07-523LS|TRO.11,1342258
1,130_bNAb_Combinations|1342258|sample|4|TRO.11|8301,1,0.00133002,0.842416,0.277606,14.5764,0.0882773,2.50835e-09,True,VRC07-523LS|TRO.11,1342258
1,130_bNAb_Combinations|1342258|vc|1|2|TRO.11|8301,1,0.00165105,1.46007,0.113046,9.65883,0.0882773,2.50835e-09,False,nan|TRO.11,1342258
1,130_bNAb_Combinations|1342258|vc|2|2|TRO.11|8301,1,0.0572887,1.50226,0.0843946,11.1132,0.0882773,2.50835e-09,False,nan|TRO.11,1342258
1,130_bNAb_Combinations|1342258|vc|3|2|TRO.11|8301,1,0.0079694,1.46567,0.85323,12.0701,0.0882773,2.50835e-09,False,nan|TRO.11,1342258
1,130_bNAb_Combinations|1342258|vc|4|2|TRO.11|8301,1,0.254649,1.59976,0.0332186,12.4905,0.0882773,2.50835e-09,False,nan|TRO.11,1342258
1,130_bNAb_Combinations|1342258|vc|5|2|TRO.11|8301,1,0.00533748,1.54915,0.00975807,12.8455,0.0882773,2.50835e-09,False,nan|TRO.11,1342258
1,130_bNAb_Combinations|1342258|vc|6|2|TRO.11|8301,1,0.0131383,1.54794,0.263656,14.3117,0.0882773,2.50835e-09,False,nan|TRO.11,1342258
1,130_bNAb_Combinations|1342258|vc|7|2|TRO.11|8301,1,0.0322675,1.51666,0.349874,12.229,0.0882773,2.50835e-09,False,nan|TRO.11,1342258
1,130_bNAb_Combinations|1342258|vc|8|2|TRO.11|8301,1,0.127487,1.58319,0.00803754,10.5015,0.0882773,2.50835e-09,False,nan|TRO.11,1342258
1,130_bNAb_Combinations|1342276|cc|1|1|Ce1176_A3|7023,1,0.00713229,1.55261,0.0177246,8.9459,0.0882761,2.50834e-09,False,nan|Ce1176_A3,1342276
1,130_bNAb_Combinations|1342276|cc|2|1|Ce1176_A3|7023,1,0.0288034,1.60863,0.000786537,10.3117,0.0882761,2.50834e-09,False,nan|Ce1176_A3,1342276
1,130_bNAb_Combinations|1342276|cc|3|1|Ce1176_A3|7023,1,0.899263,1.56995,1.7538,9.62493,0.0882761,2.50834e-09,False,nan|Ce1176_A3,1342276
1,130_bNAb_Combinations|1342276|cc|4|1|Ce1176_A3|7023,1,0.00356602,1.82507,0.134677,10.8474,0.0882761,2.50834e-09,False,nan|Ce1176_A3,1342276
1,130_bNAb_Combinations|1342276|cc|5|1|Ce1176_A3|7023,1,0.00252967,1.52384,0.0115608,11.1998,0.0882761,2.50834e-09,False,nan|Ce1176_A3,1342276
1,130_bNAb_Combinations|1342276|cc|6|1|Ce1176_A3|7023,1,0.00152061,1.38061,0.329315,8.04832,0.0882761,2.50834e-09,False,nan|Ce1176_A3,1342276
1,130_bNAb_Combinations|1342276|cc|7|1|Ce1176_A3|7023,1,0.002035,1.66255,0.0524262,11.4429,0.0882761,2.50834e-09,False,nan|Ce1176_A3,1342276
1,130_bNAb_Combinations|1342276|cc|8|1|Ce1176_A3|7023,1,0.0782789,1.45685,0.0509599,11.9763,0.0882761,2.50834e-09,False,nan|Ce1176_A3,1342276
1,130_bNAb_Combinations|1342276|sample|3|Ce1176_A3|7023,1,0.000649076,0.896837,0.112892,12.6883,0.0882761,2.50834e-09,True,VRC07-523LS|Ce1176_A3,1342276
1,130_bNAb_Combinations|1342276|sample|4|Ce1176_A3|7023,1,9.8315e-05,0.771622,0.0840894,11.5403,0.0882761,2.50834e-09,True,VRC07-523LS|Ce1176_A3,1342276
1,130_bNAb_Combinations|1342276|vc|1|2|Ce1176_A3|7023,1,0.0323499,1.49664,0.0144523,13.6442,0.0882761,2.50834e-09,False,nan|Ce1176_A3,1342276
1,130_bNAb_Combinations|1342276|vc|2|2|Ce1176_A3|7023,1,0.0129517,1.50732,5.32035,12.9202,0.0882761,2.50834e-09,False,nan|Ce1176_A3,1342276
1,130_bNAb_Combinations|1342276|vc|3|2|Ce1176_A3|7023,1,0.0746648,1.70903,0.136829,10.2244,0.0882761,2.50834e-09,False,nan|Ce1176_A3,1342276
1,130_bNAb_Combinations|1342276|vc|4|2|Ce1176_A3|7023,1,0.0169057,1.50428,0.0129363,11.8845,0.0882761,2.50834e-09,False,nan|Ce1176_A3,1342276
1,130_bNAb_Combinations|1342276|vc|5|2|Ce1176_A3|7023,1,0.00366968,1.47705,0.000838516,11.1781,0.0882761,2.50834e-09,False,nan|Ce1176_A3,1342276
1,130_bNAb_Combinations|1342276|vc|6|2|Ce1176_A3|7023,1,0.00691166,1.27359,0.00466204,10.6844,0.0882761,2.50834e-09,False,nan|Ce1176_A3,1342276
1,130_bNAb_Combinations|1342276|vc|7|2|Ce1176_A3|7023,1,0.0680251,1.29973,0.10187,12.6665,0.0882761,2.50834e-09,False,nan|Ce1176_A3,1342276
1,130_bNAb_Combinations|1342276|vc|8|2|Ce1176_A3|7023,1,0.0169695,1.60209,19.6549,12.3948,0.0882761,2.50834e-09,False,nan|Ce1176_A3,1342276
1,130_bNAb_Combinations|1342294|cc|1|1|nan|1176,1,0.212175,1.39806,0.619703,9.21372,0.0882758,2.50834e-09,False,nan|1176,1342294
1,130_bNAb_Combinations|1342294|cc|2|1|nan|1176,1,0.29895,1.82805,0.118344,10.8463,0.0882758,2.50834e-09,False,nan|1176,1342294
1,130_bNAb_Combinations|1342294|cc|3|1|nan|1176,1,0.0365901,1.66403,0.514296,11.0646,0.0882758,2.50834e-09,False,nan|1176,1342294
1,130_bNAb_Combinations|1342294|cc|4|1|nan|1176,1,0.0710012,1.4052,0.0652982,11.7581,0.0882758,2.50834e-09,False,nan|1176,1342294
1,130_bNAb_Combinations|1342294|cc|5|1|nan|1176,1,0.00909462,1.5228,2.38821,13.0533,0.0882758,2.50834e-09,False,nan|1176,1342294
1,130_bNAb_Combinations|1342294|cc|6|1|nan|1176,1,0.00296075,1.81211,0.0523495,10.2774,0.0882758,2.50834e-09,False,nan|1176,1342294
1,130_bNAb_Combinations|1342294|cc|7|1|nan|1176,1,0.00434807,1.76462,0.00256934,11.7998,0.0882758,2.50834e-09,False,nan|1176,1342294
1,130_bNAb_Combinations|1342294|cc|8|1|nan|1176,1,0.00378449,1.63607,0.0220191,10.9068,0.0882758,2.50834e-09,False,nan|1176,1342294
1,130_bNAb_Combinations|1342294|sample|3|nan|1176,1,0.00658211,0.654934,0.360882,12.7569,0.0882758,2.50834e-09,True,VRC07-523LS|1176,1342294
1,130_bNAb_Combinations|1342294|sample|4|nan|1176,1,0.00219246,0.724848,0.413115,12.8863,0.0882758,2.50834e-09,True,VRC07-523LS|1176,1342294
1,130_bNAb_Combinations|1342294|sample|8|nan|1176,1,0.009286,0.519112,0.0177145,14.1577,0.0882758,2.50834e-09,True,VRC07-523LS|1176,1342294
1,130_bNAb_Combinations|1342294|vc|1|2|nan|1176,1,0.000899885,1.64911,0.00300599,11.278,0.0882758,2.50834e-09,False,nan|1176,1342294
1,130_bNAb_Combinations|1342294|vc|2|2|nan|1176,1,0.000463067,1.74156,0.783766,10.0092,0.0882758,2.50834e-09,False,nan|1176,1342294
1,130_bNAb_Combinations|1342294|vc|3|2|nan|1176,1,0.00488706,1.32344,2.70987,11.0334,0.0882758,2.50834e-09,False,nan|1176,1342294
1,130_bNAb_Combinations|1342294|vc|4|2|nan|1176,1,0.00748179,1.53348,0.09169,10.9754,0.0882758,2.50834e-09,False,nan|1176,1342294
1,130_bNAb_Combinations|1342294|vc|5|2|nan|1176,1,0.0218421,1.68409,0.038288,15.0561,0.0882758,2.50834e-09,False,nan|1176,1342294
1,130_bNAb_Combinations|1342294|vc|6|2|nan|1176,1,0.743202,1.42361,0.207171,13.7377,0.0882758,2.50834e-09,False,nan|1176,1342294
1,130_bNAb_Combinations|1342294|vc|7|2|nan|1176,1,2.8435,1.34039,0.0136248,12.374,0.0882758,2.50834e-09,False,nan|1176,1342294
1,130_bNAb_Combinations|1342294|vc|8|2|nan|1176,1,0.000840078,1.37713,0.00401272,12.0305,0.0882758,2.50834e-09,False,nan|1176,1342294
1,130_bNAb_Combinations|1342312|cc|1|1|RHPA4259.7|5371,1,0.00239675,1.4213,0.00186744,16.5355,0.088272,2.50834e-09,False,nan|RHPA4259.7,1342312
1,130_bNAb_Combinations|1342312|cc|2|1|RHPA4259.7|5371,1,0.01135,1.70957,0.00527932,8.71272,0.088272,2.50834e-09,False,nan|RHPA4259.7,1342312
1,130_bNAb_Combinations|1342312|cc|3|1|RHPA4259.7|5371,1,0.00302049,1.85674,0.227073,12.8108,0.088272,2.50834e-09,False,nan|RHPA4259.7,1342312
1,130_bNAb_Combinations|1342312|cc|4|1|RHPA4259.7|5371,1,0.000366429,1.76524,0.0975634,13.1303,0.088272,2.50834e-09,False,nan|RHPA4259.7,1342312
1,130_bNAb_Combinations|1342312|cc|5|1|RHPA4259.7|5371,1,0.00201305,1.34451,0.0119441,11.2308,0.088272,2.50834e-09,False,nan|RHPA4259.7,1342312
1,130_bNAb_Combinations|1342312|cc|6|1|RHPA4259.7|5371,1,0.0203085,1.4576,0.000897804,12.4479,0.088272,2.50834e-09,False,nan|RHPA4259.7,1342312
1,130_bNAb_Combinations|1342312|cc|7|1|RHPA4259.7|5371,1,0.00455235,1.64543,0.0185134,14.4058,0.088272,2.50834e-09,False,nan|RHPA4259.7,1342312
1,130_bNAb_Combinations|1342312|cc|8|1|RHPA4259.7|5371,1,0.0031583,1.97313,0.00356884,10.8721,0.088272,2.50834e-09,False,nan|RHPA4259.7,1342312
1,130_bNAb_Combinations|1342312|sample|3|RHPA4259.7|5371,1,0.00299437,0.873694,1.74586,10.2601,0.088272,2.50834e-09,True,VRC07-523LS|RHPA4259.7,1342312
1,130_bNAb_Combinations|1342312|sample|4|RHPA4259.7|5371,1,4.44371e-05,0.860704,1.35702,12.725,0.088272,2.50834e-09,True,VRC07-523LS|RHPA4259.7,1342312
1,130_bNAb_Combinations|1342312|vc|1|2|RHPA4259.7|5371,1,0.000660401,1.62024,0.00559053,12.9006,0.088272,2.50834e-09,False,nan|RHPA4259.7,1342312
1,130_bNAb_Combinations|1342312|vc|2|2|RHPA4259.7|5371,1,0.475858,1.57367,0.497856,10.7291,0.088272,2.50834e-09,False,nan|RHPA4259.7,1342312
1,130_bNAb_Combinations|1342312|vc|3|2|RHPA4259.7|5371,1,0.0174845,1.5931,0.0352745,10.9172,0.088272,2.50834e-09,False,nan|RHPA4259.7,1342312
1,130_bNAb_Combinations|1342312|vc|4|2|RHPA4259.7|5371,1,0.0578407,1.73471,0.0326235,12.0423,0.088272,2.50834e-09,False,nan|RHPA4259.7,1342312
1,130_bNAb_Combinations|1342312|vc|5|2|RHPA4259.7|5371,1,0.150825,1.64441,0.462969,10.633,0.088272,2.50834e-09,False,nan|RHPA4259.7,1342312
1,130_bNAb_Combinations|1342312|vc|6|2|RHPA4259.7|5371,1,0.0101059,1.52984,0.148612,13.1101,0.088272,2.50834e-09,False,nan|RHPA4259.7,1342312
1,130_bNAb_Combinations|1342312|vc|7|2|RHPA4259.7|5371,1,0.0343859,1.48098,0.00713077,10.5892,0.088272,2.50834e-09,False,nan|RHPA4259.7,1342312
1,130_bNAb_Combinations|1342312|vc|8|2|RHPA4259.7|5371,1,0.031865,1.50601,0.00586037,13.827,0.088272,2.50834e-09,False,nan|RHPA4259.7,1342312
1,130_bNAb_Combinations|1342336|cc|1|1|nan|3430,1,0.00789075,1.52692,0.00405715,12.2306,0.0882762,2.49424e-09,False,nan|3430,1342336
1,130_bNAb_Combinations|1342336|cc|2|1|nan|3430,1,0.00267212,1.42632,0.000918894,13.3207,0.0882762,2.49424e-09,False,nan|3430,1342336
1,130_bNAb_Combinations|1342336|cc|3|1|nan|3430,1,0.00424978,1.62186,0.0131976,8.75483,0.0882762,2.49424e-09,False,nan|3430,1342336
1,130_bNAb_Combinations|1342336|cc|4|1|nan|3430,1,1.04441,1.37759,0.00356729,10.9389,0.0882762,2.49424e-09,False,nan|3430,1342336
1,130_bNAb_Combinations|1342336|cc|5|1|nan|3430,1,0.00175258,1.32538,0.298268,11.0541,0.0882762,2.49424e-09,False,nan|3430,1342336
1,130_bNAb_Combinations|1342336|cc|6|1|nan|3430,1,0.00317756,1.60428,1.96469,13.5032,0.0882762,2.49424e-09,False,nan|3430,1342336
1,130_bNAb_Combinations|1342336|cc|7|1|nan|3430,1,0.041377,1.707,0.0136984,13.8076,0.0882762,2.49424e-09,False,nan|3430,1342336
1,130_bNAb_Combinations|1342336|cc|8|1|nan|3430,1,0.000481089,1.56776,0.000637598,12.97,0.0882762,2.49424e-09,False,nan|3430,1342336
1,130_bNAb_Combinations|1342336|sample|3|nan|3430,1,0.00511142,0.98459,1.24573,12.4073,0.0882762,2.49424e-09,True,VRC07-523LS|3430,1342336
1,130_bNAb_Combinations|1342336|sample|4|nan|3430,1,0.0020399,0.881881,1.19663,9.43211,0.0882762,2.49424e-09,True,VRC07-523LS|3430,1342336
1,130_bNAb_Combinations|1342336|sample|5|nan|3430,1,0.000310493,0.825603,0.673067,11.4953,0.0882762,2.49424e-09,True,VRC07-523LS|3430,1342336
1,130_bNAb_Combinations|1342336|vc|1|2|nan|3430,1,0.0190351,1.73549,0.292132,10.5998,0.0882762,2.49424e-09,False,nan|3430,1342336
1,130_bNAb_Combinations|1342336|vc|2|2|nan|3430,1,0.0839966,1.48184,0.00130893,11.707,0.0882762,2.49424e-09,False,nan|3430,1342336
1,130_bNAb_Combinations|1342336|vc|3|2|nan|3430,1,0.00423923,1.60415,0.0407159,11.7876,0.0882762,2.49424e-09,False,nan|3430,1342336
1,130_bNAb_Combinations|1342336|vc|4|2|nan|3430,1,0.000191374,1.57993,0.00463132,13.6851,0.0882762,2.49424e-09,False,nan|3430,1342336
1,130_bNAb_Combinations|1342336|vc|5|2|nan|3430,1,0.0481231,1.55568,0.0217183,14.6741,0.0882762,2.49424e-09,False,nan|3430,1342336
1,130_bNAb_Combinations|1342336|vc|6|2|nan|3430,1,0.00316361,1.53942,0.312019,12.4088,0.0882762,2.49424e-09,False,nan|3430,1342336
1,130_bNAb_Combinations|1342336|vc|7|2|nan|3430,1,0.00175661,1.53266,0.0650178,12.2203,0.0882762,2.49424e-09,False,nan|3430,1342336
1,130_bNAb_Combinations|1342336|vc|8|2|nan|3430,1,0.0962596,1.61329,0.00889318,11.6577,0.0882762,2.49424e-09,False,nan|3430,1342336
1,130_bNAb_Combinations|1342348|cc|1|1|nan|4166,1,0.0298456,1.48201,0.016025,9.97408,0.0882763,2.50834e-09,False,nan|4166,1342348
1,130_bNAb_Combinations|1342348|cc|2|1|nan|4166,1,0.0218765,1.41011,0.0109672,10.5338,0.0882763,2.50834e-09,False,nan|4166,1342348
1,130_bNAb_Combinations|1342348|cc|3|1|nan|4166,1,2.65183e-05,1.48804,0.0136169,13.6212,0.0882763,2.50834e-09,False,nan|4166,1342348
1,130_bNAb_Combinations|1342348|cc|4|1|nan|4166,1,0.0410786,1.33864,0.00679186,12.2759,0.0882763,2.50834e-09,False,nan|4166,1342348
1,130_bNAb_Combinations|1342348|cc|5|1|nan|4166,1,0.0359565,1.41382,0.396001,11.5612,0.0882763,2.50834e-09,False,nan|4166,1342348
1,130_bNAb_Combinations|1342348|cc|6|1|nan|4166,1,0.00022981,1.71842,0.094269,10.4895,0.0882763,2.50834e-09,False,nan|4166,1342348
1,130_bNAb_Combinations|1342348|cc|7|1|nan|4166,1,0.00163157,1.5644,0.0262328,15.3813,0.0882763,2.50834e-09,False,nan|4166,1342348
1,130_bNAb_Combinations|1342348|cc|8|1|nan|4166,1,0.0944708,1.59876,0.00391069,12.5462,0.0882763,2.50834e-09,False,nan|4166,1342348
1,130_bNAb_Combinations|1342348|sample|3|nan|4166,1,3.34586e-05,0.731247,0.833161,14.3809,0.0882763,2.50834e-09,True,VRC07-523LS|4166,1342348
1,130_bNAb_Combinations|1342348|sample|4|nan|4166,1,0.00118898,0.801695,2.37232,9.00334,0.0882763,2.50834e-09,True,VRC07-523LS|4166,1342348
1,130_bNAb_Combinations|1342348|vc|1|2|nan|4166,1,0.044429,1.6103,0.118592,12.8493,0.0882763,2.50834e-09,False,nan|4166,1342348
1,130_bNAb_Combinations|1342348|vc|2|2|nan|4166,1,0.0163319,1.70298,0.0096788,14.6809,0.0882763,2.50834e-09,False,nan|4166,1342348
1,130_bNAb_Combinations|1342348|vc|3|2|nan|4166,1,0.00242991,1.64423,0.011748,10.1625,0.0882763,2.50834e-09,False,nan|4166,1342348
1,130_bNAb_Combinations|1342348|vc|4|2|nan|4166,1,0.0365316,1.61165,0.0228309,11.5723,0.0882763,2.50834e-09,False,nan|4166,1342348
1,130_bNAb_Combinations|1342348|vc|5|2|nan|4166,1,0.00108341,1.48157,0.140042,8.85578,0.0882763,2.50834e-09,False,nan|4166,1342348
1,130_bNAb_Combinations|1342348|vc|6|2|nan|4166,1,0.0123001,1.52166,0.0255915,11.9811,0.0882763,2.50834e-09,False,nan|4166,1342348
1,130_bNAb_Combinations|1342348|vc|7|2|nan|4166,1,0.0238843,1.41486,0.130236,12.2616,0.0882763,2.50834e-09,False,nan|4166,1342348
1,130_bNAb_Combinations|1342348|vc|8|2|nan|4166,1,0.00227248,1.5893,1.60484,12.4521,0.0882763,2.50834e-09,False,nan|4166,1342348
1,130_bNAb_Combinations|1342372|cc|1|1|nan|2944,1,0.00859706,1.46719,0.0151244,9.66709,0.0882757,2.51004e-09,False,nan|2944,1342372
1,130_bNAb_Combinations|1342372|cc|2|1|nan|2944,1,0.00705818,1.51502,0.0382632,9.40375,0.0882757,2.51004e-09,False,nan|2944,1342372
1,130_bNAb_Combinations|1342372|cc|3|1|nan|2944,1,0.134618,1.41485,0.00184368,9.9957,0.0882757,2.51004e-09,False,nan|2944,1342372
1,130_bNAb_Combinations|1342372|cc|4|1|nan|2944,1,0.0112253,1.57898,0.151283,11.9357,0.0882757,2.51004e-09,False,nan|2944,1342372
1,130_bNAb_Combinations|1342372|cc|5|1|nan|2944,1,0.113971,1.66084,0.0350012,13.5504,0.0882757,2.51004e-09,False,nan|2944,1342372
1,130_bNAb_Combinations|1342372|cc|6|1|nan|2944,1,0.000944897,1.58108,0.159516,10.25,0.0882757,2.51004e-09,False,nan|2944,1342372
1,130_bNAb_Combinations|1342372|cc|7|1|nan|2944,1,0.0597943,1.65962,0.0212854,12.9099,0.0882757,2.51004e-09,False,nan|2944,1342372
1,130_bNAb_Combinations|1342372|cc|8|1|nan|2944,1,0.00155373,1.63354,0.00591042,14.351,0.0882757,2.51004e-09,False,nan|2944,1342372
1,130_bNAb_Combinations|1342372|sample|3|nan|2944,1,0.000314208,0.657186,0.199673,13.2336,0.0882757,2.51004e-09,True,VRC07-523LS|2944,1342372
1,130_bNAb_Combinations|1342372|sample|4|nan|2944,1,0.00198235,0.735286,0.396468,10.3192,0.0882757,2.51004e-09,True,VRC07-523LS|2944,1342372
1,130_bNAb_Combinations|1342372|vc|1|2|nan|2944,1,0.00819007,1.49987,0.660948,8.53716,0.0882757,2.51004e-09,False,nan|2944,1342372
1,130_bNAb_Combinations|1342372|vc|2|2|nan|2944,1,0.040131,1.71669,0.177235,9.81531,0.0882757,2.51004e-09,False,nan|2944,1342372
1,130_bNAb_Combinations|1342372|vc|3|2|nan|2944,1,0.0182553,1.67979,0.140517,12.5333,0.0882757,2.51004e-09,False,nan|2944,1342372
1,130_bNAb_Combinations|1342372|vc|4|2|nan|2944,1,0.000132871,1.41993,0.0314089,12.4195,0.0882757,2.51004e-09,False,nan|2944,1342372
1,130_bNAb_Combinations|1342372|vc|5|2|nan|2944,1,0.0580641,1.58945,0.0128725,10.9772,0.0882757,2.51004e-09,False,nan|2944,1342372
1,130_bNAb_Combinations|1342372|vc|6|2|nan|2944,1,0.220121,1.56797,0.0134699,13.1148,0.0882757,2.51004e-09,False,nan|2944,1342372
1,130_bNAb_Combinations|1342372|vc|7|2|nan|2944,1,0.310805,1.59708,0.14884,11.9943,0.0882757,2.51004e-09,False,nan|2944,1342372
1,130_bNAb_Combinations|1342372|vc|8|2|nan|2944,1,0.00217561,1.46661,0.129008,10.7229,0.0882757,2.51004e-09,False,nan|2944,1342372
1,130_bNAb_Combinations|1342384|cc|1|1|nan|2946,1,0.00829317,1.33981,0.0226331,13.8606,0.0882756,2.50835e-09,False,nan|2946,1342384
1,130_bNAb_Combinations|1342384|cc|2|1|nan|2946,1,0.000623197,1.34572,0.035017,10.4513,0.0882756,2.50835e-09,False,nan|2946,1342384
1,130_bNAb_Combinations|1342384|cc|3|1|nan|2946,1,0.00759332,1.42461,0.0189132,8.54843,0.0882756,2.50835e-09,False,nan|2946,1342384
1,130_bNAb_Combinations|1342384|cc|4|1|nan|2946,1,0.00906216,1.66224,0.00616919,8.84629,0.0882756,2.50835e-09,False,nan|2946,1342384
1,130_bNAb_Combinations|1342384|cc|5|1|nan|2946,1,0.000274812,1.32362,0.0205829,11.2161,0.0882756,2.50835e-09,False,nan|2946,1342384
1,130_bNAb_Combinations|1342384|cc|6|1|nan|2946,1,0.0200565,1.6239,0.0558404,14.2541,0.0882756,2.50835e-09,False,nan|2946,1342384
1,130_bNAb_Combinations|1342384|cc|7|1|nan|2946,1,0.00962875,1.49254,0.227199,9.8844,0.0882756,2.50835e-09,False,nan|2946,1342384
1,130_bNAb_Combinations|1342384|cc|8|1|nan|2946,1,0.000800878,1.68199,0.0622574,11.4262,0.0882756,2.50835e-09,False,nan|2946,1342384
1,130_bNAb_Combinations|1342384|sample|3|nan|2946,1,0.000164583,0.91789,0.0542558,13.2794,0.0882756,2.50835e-09,True,VRC07-523LS|2946,1342384
1,130_bNAb_Combinations|1342384|sample|4|nan|2946,1,1.00966e-05,0.754575,0.0508306,10.9329,0.0882756,2.50835e-09,True,VRC07-523LS|2946,1342384
1,130_bNAb_Combinations|1342384|vc|1|2|nan|2946,1,0.000978125,1.35318,0.111264,11.2785,0.0882756,2.50835e-09,False,nan|2946,1342384
1,130_bNAb_Combinations|1342384|vc|2|2|nan|2946,1,0.00869079,1.54193,0.0760794,9.11386,0.0882756,2.50835e-09,False,nan|2946,1342384
1,130_bNAb_Combinations|1342384|vc|3|2|nan|2946,1,0.0561998,1.44621,0.0032023,10.6847,0.0882756,2.50835e-09,False,nan|2946,1342384
1,130_bNAb_Combinations|1342384|vc|4|2|nan|2946,1,0.000285319,1.29464,0.0125996,14.2242,0.0882756,2.50835e-09,False,nan|2946,1342384
1,130_bNAb_Combinations|1342384|vc|5|2|nan|2946,1,1.38508,1.62137,0.00551144,6.16181,0.0882756,2.50835e-09,False,nan|2946,1342384
1,130_bNAb_Combinations|1342384|vc|6|2|nan|2946,1,0.0766154,1.66833,0.194052,11.1775,0.0882756,2.50835e-09,False,nan|2946,1342384
1,130_bNAb_Combinations|1342384|vc|7|2|nan|2946,1,0.0578776,1.47867,0.16971,8.54831,0.0882756,2.50835e-09,False,nan|2946,1342384
1,130_bNAb_Combinations|1342384|vc|8|2|nan|2946,1,0.132542,1.45158,0.0391619,11.4242,0.0882756,2.50835e-09,False,nan|2946,1342384
1,130_bNAb_Combinations|1342396|cc|1|1|PVO.4|5024,1,0.2237,1.6178,0.802452,9.95199,0.0882869,2.50834e-09,False,nan|PVO.4,1342396
1,130_bNAb_Combinations|1342396|cc|2|1|PVO.4|5024,1,0.00018983,1.66607,0.109424,12.5211,0.0882869,2.50834e-09,False,nan|PVO.4,1342396
1,130_bNAb_Combinations|1342396|cc|3|1|PVO.4|5024,1,0.00473751,1.86619,0.0885353,14.408,0.0882869,2.50834e-09,False,nan|PVO.4,1342396
1,130_bNAb_Combinations|1342396|cc|4|1|PVO.4|5024,1,0.0126767,1.47624,0.0132931,10.053,0.0882869,2.50834e-09,False,nan|PVO.4,1342396
1,130_bNAb_Combinations|1342396|cc|5|1|PVO.4|5024,1,0.108197,1.43838,0.0286308,11.9884,0.0882869,2.50834e-09,False,nan|PVO.4,1342396
1,130_bNAb_Combinations|1342396|cc|6|1|PVO.4|5024,1,0.539221,1.5802,0.0175933,15.5625,0.0882869,2.50834e-09,False,nan|PVO.4,1342396
1,130_bNAb_Combinations|1342396|cc|7|1|PVO.4|5024,1,0.00267952,1.71518,0.00529088,12.1247,0.0882869,2.50834e-09,False,nan|PVO.4,1342396
1,130_bNAb_Combinations|1342396|cc|8|1|PVO.4|5024,1,0.124688,1.43487,0.0561541,10.1922,0.0882869,2.50834e-09,False,nan|PVO.4,1342396
1,130_bNAb_Combinations|1342396|sample|3|PVO.4|5024,1,0.00119551,0.867328,0.389312,10.5212,0.0882869,2.50834e-09,True,VRC07-523LS|PVO.4,1342396
1,130_bNAb_Combinations|1342396|sample|4|PVO.4|5024,1,0.000105023,0.7608,0.180033,12.4628,0.0882869,2.50834e-09,True,VRC07-523LS|PVO.4,1342396
1,130_bNAb_Combinations|1342396|vc|1|2|PVO.4|5024,1,0.0206764,1.37315,0.000444408,12.22,0.0882869,2.50834e-09,False,nan|PVO.4,1342396
1,130_bNAb_Combinations|1342396|vc|2|2|PVO.4|5024,1,0.0262191,1.52784,0.0373523,9.29863,0.0882869,2.50834e-09,False,nan|PVO.4,1342396
1,130_bNAb_Combinations|1342396|vc|3|2|PVO.4|5024,1,0.000556302,1.48427,0.0575752,11.3372,0.0882869,2.50834e-09,False,nan|PVO.4,1342396
1,130_bNAb_Combinations|1342396|vc|4|2|PVO.4|5024,1,0.144722,1.57595,0.013223,11.4186,0.0882869,2.50834e-09,False,nan|PVO.4,1342396
1,130_bNAb_Combinations|1342396|vc|5|2|PVO.4|5024,1,0.00568889,1.41523,0.0393951,7.68773,0.0882869,2.50834e-09,False,nan|PVO.4,1342396
1,130_bNAb_Combinations|1342396|vc|6|2|PVO.4|5024,1,0.00214746,1.7091,0.000445847,10.8695,0.0882869,2.50834e-09,False,nan|PVO.4,1342396
1,130_bNAb_Combinations|1342396|vc|7|2|PVO.4|5024,1,0.00375234,1.48057,0.0124059,11.4963,0.0882869,2.50834e-09,False,nan|PVO.4,1342396
1,130_bNAb_Combinations|1342396|vc|8|2|PVO.4|5024,1,0.527526,1.47433,0.00755775,15.0315,0.0882869,2.50834e-09,False,nan|PVO.4,1342396
1,130_bNAb_Combinations|1342408|cc|1|1|nan|4168,1,0.024179,1.39944,0.445692,12.0331,0.0881906,2.50834e-09,False,nan|4168,1342408
1,130_bNAb_Combinations|1342408|cc|2|1|nan|4168,1,0.00572307,1.47615,0.0064419,10.1731,0.0881906,2.50834e-09,False,nan|4168,1342408
1,130_bNAb_Combinations|1342408|cc|3|1|nan|4168,1,0.0130854,1.64795,0.272634,9.64474,0.0881906,2.50834e-09,False,nan|4168,1342408
1,130_bNAb_Combinations|1342408|cc|4|1|nan|4168,1,0.00629863,1.55432,0.0115928,12.7315,0.0881906,2.50834e-09,False,nan|4168,1342408
1,130_bNAb_Combinations|1342408|cc|5|1|nan|4168,1,0.0994065,1.68229,0.0337574,13.3454,0.0881906,2.50834e-09,False,nan|4168,1342408
1,130_bNAb_Combinations|1342408|cc|6|1|nan|4168,1,0.00251387,1.68345,0.00401952,8.72722,0.0881906,2.50834e-09,False,nan|4168,1342408
1,130_bNAb_Combinations|1342408|cc|7|1|nan|4168,1,0.0226018,1.53832,0.14996,9.80725,0.0881906,2.50834e-09,False,nan|4168,1342408
1,130_bNAb_Combinations|1342408|cc|8|1|nan|4168,1,0.00721366,1.63273,0.0434195,9.28205,0.0881906,2.50834e-09,False,nan|4168,1342408
1,130_bNAb_Combinations|1342408|sample|3|nan|4168,1,0.00709146,0.603136,0.0940611,10.3877,0.0881906,2.50834e-09,True,VRC07-523LS|4168,1342408
1,130_bNAb_Combinations|1342408|sample|4|nan|4168,1,0.00333935,0.56732,0.0373745,13.1847,0.0881906,2.50834e-09,True,VRC07-523LS|4168,1342408
1,130_bNAb_Combinations|1342408|vc|1|2|nan|4168,1,0.0174816,1.71029,0.000327509,9.51138,0.0881906,2.50834e-09,False,nan|4168,1342408
1,130_bNAb_Combinations|1342408|vc|2|2|nan|4168,1,0.00121944,1.44158,0.0129235,13.5111,0.0881906,2.50834e-09,False,nan|4168,1342408
1,130_bNAb_Combinations|1342408|vc|3|2|nan|4168,1,0.119612,1.49472,0.00468698,9.61499,0.0881906,2.50834e-09,False,nan|4168,1342408
1,130_bNAb_Combinations|1342408|vc|4|2|nan|4168,1,0.00309549,1.55286,0.178216,11.3014,0.0881906,2.50834e-09,False,nan|4168,1342408
1,130_bNAb_Combinations|1342408|vc|5|2|nan|4168,1,0.106992,1.61006,0.0265638,10.391,0.0881906,2.50834e-09,False,nan|4168,1342408
1,130_bNAb_Combinations|1342408|vc|6|2|nan|4168,1,0.00071112,1.53098,0.0191777,13.0205,0.0881906,2.50834e-09,False,nan|4168,1342408
1,130_bNAb_Combinations|1342408|vc|7|2|nan|4168,1,0.0412571,1.59248,0.129128,12.6685,0.0881906,2.50834e-09,False,nan|4168,1342408
1,130_bNAb_Combinations|1342408|vc|8|2|nan|4168,1,0.216952,1.51513,0.00978276,10.2008,0.0881906,2.50834e-09,False,nan|4168,1342408
1,704_VRC01_Concordance|1200432|cc|1|1|PVO.4|5024,1,0.00407199,1.52218,0.0519047,12.0773,0.0882757,2.50834e-09,False,nan|PVO.4,1200432
1,704_VRC01_Concordance|1200432|cc|2|1|PVO.4|5024,1,1.48259,1.35088,0.00171859,11.7386,0.0882757,2.50834e-09,False,nan|PVO.4,1200432
1,704_VRC01_Concordance|1200432|cc|3|1|PVO.4|5024,1,0.449508,1.62831,0.12238,13.243,0.0882757,2.50834e-09,False,nan|PVO.4,1200432
1,704_VRC01_Concordance|1200432|cc|4|1|PVO.4|5024,1,0.0419337,1.80867,0.0225233,11.6933,0.0882757,2.50834e-09,False,nan|PVO.4,1200432
1,704_VRC01_Concordance|1200432|cc|5|1|PVO.4|5024,1,1.66668,1.70303,0.0529388,8.44702,0.0882757,2.50834e-09,False,nan|PVO.4,1200432
1,704_VRC01_Concordance|1200432|cc|6|1|PVO.4|5024,1,0.0192692,1.50641,0.0670245,11.3394,0.0882757,2.50834e-09,False,nan|PVO.4,1200432
1,704_VRC01_Concordance|1200432|cc|7|1|PVO.4|5024,1,0.00143111,1.66361,1.05625,12.6054,0.0882757,2.50834e-09,False,nan|PVO.4,1200432
1,704_VRC01_Concordance|1200432|cc|8|1|PVO.4|5024,1,0.000416717,1.65103,0.000917195,11.0385,0.0882757,2.50834e-09,False,nan|PVO.4,1200432
1,704_VRC01_Concordance|1200432|sample|10|PVO.4|5024,1,0.0154203,0.766994,0.0564722,10.8686,0.0882757,2.50834e-09,True,Clinical VRC01|PVO.4,1200432
1,704_VRC01_Concordance|1200432|sample|11|PVO.4|5024,1,0.000636186,0.698611,0.0765868,8.97549,0.0882757,2.50834e-09,True,Clinical VRC01|PVO.4,1200432
1,704_VRC01_Concordance|1200432|sample|12|PVO.4|5024,1,0.00191729,0.754944,0.0546256,14.0094,0.0882757,2.50834e-09,True,Clinical VRC01|PVO.4,1200432
1,704_VRC01_Concordance|1200432|sample|3|PVO.4|5024,1,0.00257025,0.766053,0.106419,9.62821,0.0882757,2.50834e-09,True,Clinical VRC01|PVO.4,1200432
1,704_VRC01_Concordance|1200432|sample|4|PVO.4|5024,1,0.00189923,0.643618,0.0355467,10.9203,0.0882757,2.50834e-09,True,Clinical VRC01|PVO.4,1200432
1,704_VRC01_Concordance|1200432|sample|5|PVO.4|5024,1,0.00777718,0.82116,0.0538507,12.212,0.0882757,2.50834e-09,True,Clinical VRC01|PVO.4,1200432
1,704_VRC01_Concordance|1200432|sample|6|PVO.4|5024,1,0.00288388,0.800073,0.0409763,11.9347,0.0882757,2.50834e-09,True,Clinical VRC01|PVO.4,1200432
1,704_VRC01_Concordance|1200432|sample|7|PVO.4|5024,1,0.00245976,0.783445,0.0613763,12.9761,0.0882757,2.50834e-09,True,Clinical VRC01|PVO.4,1200432
1,704_VRC01_Concordance|1200432|sample|8|PVO.4|5024,1,7.43106e-05,0.716575,0.0538782,12.0667,0.0882757,2.50834e-09,True,Clinical VRC01|PVO.4,1200432
1,704_VRC01_Concordance|1200432|sample|9|PVO.4|5024,1,0.00765784,0.840936,0.0533441,12.8084,0.0882757,2.50834e-09,True,Clinical VRC01|PVO.4,1200432
1,704_VRC01_Concordance|1200432|vc|1|2|PVO.4|5024,1,0.128361,1.72622,0.136252,10.3485,0.0882757,2.50834e-09,False,nan|PVO.4,1200432
1,704_VRC01_Concordance|1200432|vc|2|2|PVO.4|5024,1,0.0281407,1.52522,0.125516,10.7273,0.0882757,2.50834e-09,False,nan|PVO.4,1200432
1,704_VRC01_Concordance|1200432|vc|3|2|PVO.4|5024,1,0.079597,1.47697,0.0179647,10.273,0.0882757,2.50834e-09,False,nan|PVO.4,1200432
1,704_VRC01_Concordance|1200432|vc|4|2|PVO.4|5024,1,0.0131096,1.56102,0.101849,8.72552,0.0882757,2.50834e-09,False,nan|PVO.4,1200432
1,704_VRC01_Concordance|1200432|vc|5|2|PVO.4|5024,1,0.00150733,1.58885,0.0162347,13.085,0.0882757,2.50834e-09,False,nan|PVO.4,1200432
1,704_VRC01_Concordance|1200432|vc|6|2|PVO.4|5024,1,0.00241886,1.61222,0.806189,7.7403,0.0882757,2.50834e-09,False,nan|PVO.4,1200432
1,704_VRC01_Concordance|1200432|vc|7|2|PVO.4|5024,1,0.00214937,1.63977,0.00276923,11.1036,0.0882757,2.50834e-09,False,nan|PVO.4,1200432
1,704_VRC01_Concordance|1200432|vc|8|2|PVO.4|5024,1,0.0837199,1.56246,0.0233716,13.0473,0.0882757,2.50834e-09,False,nan|PVO.4,1200432
