rep,id,U,L,m,e,s,alpha,k,goes_down,mab_virus,run_id
1,130_bNAb_Combinations|1313842|cc|1|1|nan|2946,1,0.0176236,0.73114,0.832552,11.1166,0.426838,0.885859,False,nan|2946,1313842
1,130_bNAb_Combinations|1313842|cc|2|1|nan|2946,1,0.0176236,0.73114,0.722987,11.1166,0.426838,0.885859,False,nan|2946,1313842
1,130_bNAb_Combinations|1313842|cc|3|1|nan|2946,1,0.0176236,0.73114,0.0982715,11.1166,0.426838,0.885859,False,nan|2946,1313842
1,130_bNAb_Combinations|1313842|cc|4|1|nan|2946,1,0.0176236,0.73114,1.75978,11.1166,0.426838,0.885859,False,nan|2946,1313842
1,130_bNAb_Combinations|1313842|cc|5|1|nan|2946,1,0.0176236,0.73114,0.0630703,11.1166,0.426838,0.885859,False,nan|2946,1313842
1,130_bNAb_Combinations|1313842|cc|6|1|nan|2946,1,0.0176236,0.73114,0.0751389,11.1166,0.426838,0.885859,False,nan|2946,1313842
1,130_bNAb_Combinations|1313842|cc|7|1|nan|2946,1,0.0176236,0.73114,0.902735,11.1166,0.426838,0.885859,False,nan|2946,1313842
1,130_bNAb_Combinations|1313842|cc|8|1|nan|2946,1,0.0176236,0.73114,0.921141,11.1166,0.426838,0.885859,False,nan|2946,1313842
1,130_bNAb_Combinations|1313842|sample|10|nan|2946,1,0.000249002,0.644744,0.0526671,12.2608,0.426838,0.885859,True,PGT121|2946,1313842
1,130_bNAb_Combinations|1313842|sample|11|nan|2946,1,0.00187233,0.73109,0.103406,8.06333,0.426838,0.885859,True,VRC07-523LS|2946,1313842
1,130_bNAb_Combinations|1313842|sample|12|nan|2946,1,0.00187233,0.73109,0.114758,8.06333,0.426838,0.885859,True,VRC07-523LS|2946,1313842
1,130_bNAb_Combinations|1313842|sample|3|nan|2946,1,0.0711563,0.731206,0.0495108,6.8477,0.426838,0.885859,True,PGDM1400|2946,1313842
1,130_bNAb_Combinations|1313842|sample|4|nan|2946,1,0.0711563,0.731206,0.0538443,6.8477,0.426838,0.885859,True,PGDM1400|2946,1313842
1,130_bNAb_Combinations|1313842|sample|5|nan|2946,1,0.0711563,0.731206,0.0731743,6.8477,0.426838,0.885859,True,PGDM1400|2946,1313842
1,130_bNAb_Combinations|1313842|sample|6|nan|2946,1,0.0711563,0.731206,0.0446521,6.8477,0.426838,0.885859,True,PGDM1400|2946,1313842
1,130_bNAb_Combinations|1313842|sample|7|nan|2946,1,0.000249002,0.644744,0.0369921,12.2608,0.426838,0.885859,True,PGT121|2946,1313842
1,130_bNAb_Combinations|1313842|sample|8|nan|2946,1,0.000249002,0.644744,0.0423636,12.2608,0.426838,0.885859,True,PGT121|2946,1313842
1,130_bNAb_Combinations|1313842|sample|9|nan|2946,1,0.000249002,0.644744,0.0502957,12.2608,0.426838,0.885859,True,PGT121|2946,1313842
1,130_bNAb_Combinations|1313842|vc|1|2|nan|2946,1,0.0176236,0.73114,109.068,11.1166,0.426838,0.885859,False,nan|2946,1313842
1,130_bNAb_Combinations|1313842|vc|2|2|nan|2946,1,0.0176236,0.73114,0.331944,11.1166,0.426838,0.885859,False,nan|2946,1313842
1,130_bNAb_Combinations|1313842|vc|3|2|nan|2946,1,0.0176236,0.73114,0.0356571,11.1166,0.426838,0.885859,False,nan|2946,1313842
1,130_bNAb_Combinations|1313842|vc|4|2|nan|2946,1,0.0176236,0.73114,24.4628,11.1166,0.426838,0.885859,False,nan|2946,1313842
1,130_bNAb_Combinations|1313842|vc|5|2|nan|2946,1,0.0176236,0.73114,5.08477,11.1166,0.426838,0.885859,False,nan|2946,1313842
1,130_bNAb_Combinations|1313842|vc|6|2|nan|2946,1,0.0176236,0.73114,8.23951,11.1166,0.426838,0.885859,False,nan|2946,1313842
1,130_bNAb_Combinations|1313842|vc|7|2|nan|2946,1,0.0176236,0.73114,9.95929,11.1166,0.426838,0.885859,False,nan|2946,1313842
1,130_bNAb_Combinations|1313842|vc|8|2|nan|2946,1,0.0176236,0.73114,0.032761,11.1166,0.426838,0.885859,False,nan|2946,1313842
1,130_bNAb_Combinations|1313860|cc|1|1|PVO.4|5024,1,0.00239661,0.731303,0.0564271,11.4573,0.426844,0.885778,False,nan|PVO.4,1313860
1,130_bNAb_Combinations|1313860|cc|2|1|PVO.4|5024,1,0.00239661,0.731303,19.1124,11.4573,0.426844,0.885778,False,nan|PVO.4,1313860
1,130_bNAb_Combinations|1313860|cc|3|1|PVO.4|5024,1,0.00239661,0.731303,9.51654,11.4573,0.426844,0.885778,False,nan|PVO.4,1313860
1,130_bNAb_Combinations|1313860|cc|4|1|PVO.4|5024,1,0.00239661,0.731303,0.363617,11.4573,0.426844,0.885778,False,nan|PVO.4,1313860
1,130_bNAb_Combinations|1313860|cc|5|1|PVO.4|5024,1,0.00239661,0.731303,101.855,11.4573,0.426844,0.885778,False,nan|PVO.4,1313860
1,130_bNAb_Combinations|1313860|cc|6|1|PVO.4|5024,1,0.00239661,0.731303,0.629043,11.4573,0.426844,0.885778,False,nan|PVO.4,1313860
1,130_bNAb_Combinations|1313860|cc|7|1|PVO.4|5024,1,0.00239661,0.731303,5.90105,11.4573,0.426844,0.885778,False,nan|PVO.4,1313860
1,130_bNAb_Combinations|1313860|cc|8|1|PVO.4|5024,1,0.00239661,0.731303,1.26541,11.4573,0.426844,0.885778,False,nan|PVO.4,1313860
1,130_bNAb_Combinations|1313860|sample|10|PVO.4|5024,1,0.00135291,0.731129,0.152581,14.0295,0.426844,0.885778,True,PGT121|PVO.4,1313860
1,130_bNAb_Combinations|1313860|sample|11|PVO.4|5024,1,0.000934274,0.731125,0.248742,11.397,0.426844,0.885778,True,VRC07-523LS|PVO.4,1313860
1,130_bNAb_Combinations|1313860|sample|12|PVO.4|5024,1,0.000934274,0.731125,0.252926,11.397,0.426844,0.885778,True,VRC07-523LS|PVO.4,1313860
1,130_bNAb_Combinations|1313860|sample|3|PVO.4|5024,1,0.00374207,0.731128,0.0238451,12.296,0.426844,0.885778,True,PGDM1400|PVO.4,1313860
1,130_bNAb_Combinations|1313860|sample|4|PVO.4|5024,1,0.00374207,0.731128,0.0184738,12.296,0.426844,0.885778,True,PGDM1400|PVO.4,1313860
1,130_bNAb_Combinations|1313860|sample|5|PVO.4|5024,1,0.00374207,0.731128,0.0225664,12.296,0.426844,0.885778,True,PGDM1400|PVO.4,1313860
1,130_bNAb_Combinations|1313860|sample|6|PVO.4|5024,1,0.00374207,0.731128,0.0254118,12.296,0.426844,0.885778,True,PGDM1400|PVO.4,1313860
1,130_bNAb_Combinations|1313860|sample|7|PVO.4|5024,1,0.00135291,0.731129,0.151972,14.0295,0.426844,0.885778,True,PGT121|PVO.4,1313860
1,130_bNAb_Combinations|1313860|sample|8|PVO.4|5024,1,0.00135291,0.731129,0.1415,14.0295,0.426844,0.885778,True,PGT121|PVO.4,1313860
1,130_bNAb_Combinations|1313860|sample|9|PVO.4|5024,1,0.00135291,0.731129,0.142782,14.0295,0.426844,0.885778,True,PGT121|PVO.4,1313860
1,130_bNAb_Combinations|1313860|vc|1|2|PVO.4|5024,1,0.00239661,0.731303,0.0014473,11.4573,0.426844,0.885778,False,nan|PVO.4,1313860
1,130_bNAb_Combinations|1313860|vc|2|2|PVO.4|5024,1,0.00239661,0.731303,0.178432,11.4573,0.426844,0.885778,False,nan|PVO.4,1313860
1,130_bNAb_Combinations|1313860|vc|3|2|PVO.4|5024,1,0.00239661,0.731303,0.121503,11.4573,0.426844,0.885778,False,nan|PVO.4,1313860
1,130_bNAb_Combinations|1313860|vc|4|2|PVO.4|5024,1,0.00239661,0.731303,10.304,11.4573,0.426844,0.885778,False,nan|PVO.4,1313860
1,130_bNAb_Combinations|1313860|vc|5|2|PVO.4|5024,1,0.00239661,0.731303,2.38789,11.4573,0.426844,0.885778,False,nan|PVO.4,1313860
1,130_bNAb_Combinations|1313860|vc|6|2|PVO.4|5024,1,0.00239661,0.731303,0.0629211,11.4573,0.426844,0.885778,False,nan|PVO.4,1313860
1,130_bNAb_Combinations|1313860|vc|7|2|PVO.4|5024,1,0.00239661,0.731303,9.34116,11.4573,0.426844,0.885778,False,nan|PVO.4,1313860
1,130_bNAb_Combinations|1313860|vc|8|2|PVO.4|5024,1,0.00239661,0.731303,0.813106,11.4573,0.426844,0.885778,False,nan|PVO.4,1313860
1,130_bNAb_Combinations|1313884|cc|1|1|nan|4168,1,0.0106525,0.731156,0.272632,12.0613,0.426845,0.885779,False,nan|4168,1313884
1,130_bNAb_Combinations|1313884|cc|2|1|nan|4168,1,0.0106525,0.731156,0.062229,12.0613,0.426845,0.885779,False,nan|4168,1313884
1,130_bNAb_Combinations|1313884|cc|3|1|nan|4168,1,0.0106525,0.731156,0.0559066,12.0613,0.426845,0.885779,False,nan|4168,1313884
1,130_bNAb_Combinations|1313884|cc|4|1|nan|4168,1,0.0106525,0.731156,0.65167,12.0613,0.426845,0.885779,False,nan|4168,1313884
1,130_bNAb_Combinations|1313884|cc|5|1|nan|4168,1,0.0106525,0.731156,0.491493,12.0613,0.426845,0.885779,False,nan|4168,1313884
1,130_bNAb_Combinations|1313884|cc|6|1|nan|4168,1,0.0106525,0.731156,0.142409,12.0613,0.426845,0.885779,False,nan|4168,1313884
1,130_bNAb_Combinations|1313884|cc|7|1|nan|4168,1,0.0106525,0.731156,0.176425,12.0613,0.426845,0.885779,False,nan|4168,1313884
1,130_bNAb_Combinations|1313884|cc|8|1|nan|4168,1,0.0106525,0.731156,0.0410131,12.0613,0.426845,0.885779,False,nan|4168,1313884
1,130_bNAb_Combinations|1313884|sample|10|nan|4168,1,0.117556,0.507142,0.115247,13.2861,0.426845,0.885779,True,PGT121|4168,1313884
1,130_bNAb_Combinations|1313884|sample|11|nan|4168,1,0.000444461,0.731161,0.277014,6.85803,0.426845,0.885779,True,VRC07-523LS|4168,1313884
1,130_bNAb_Combinations|1313884|sample|12|nan|4168,1,0.000444461,0.731161,0.355113,6.85803,0.426845,0.885779,True,VRC07-523LS|4168,1313884
1,130_bNAb_Combinations|1313884|sample|3|nan|4168,1,0.0331776,0.731126,0.0101016,10.0387,0.426845,0.885779,True,PGDM1400|4168,1313884
1,130_bNAb_Combinations|1313884|sample|4|nan|4168,1,0.0331776,0.731126,0.00587317,10.0387,0.426845,0.885779,True,PGDM1400|4168,1313884
1,130_bNAb_Combinations|1313884|sample|5|nan|4168,1,0.0331776,0.731126,0.0103857,10.0387,0.426845,0.885779,True,PGDM1400|4168,1313884
1,130_bNAb_Combinations|1313884|sample|6|nan|4168,1,0.0331776,0.731126,0.00939259,10.0387,0.426845,0.885779,True,PGDM1400|4168,1313884
1,130_bNAb_Combinations|1313884|sample|7|nan|4168,1,0.117556,0.507142,0.0627093,13.2861,0.426845,0.885779,True,PGT121|4168,1313884
1,130_bNAb_Combinations|1313884|sample|8|nan|4168,1,0.117556,0.507142,0.0702907,13.2861,0.426845,0.885779,True,PGT121|4168,1313884
1,130_bNAb_Combinations|1313884|sample|9|nan|4168,1,0.117556,0.507142,0.0864627,13.2861,0.426845,0.885779,True,PGT121|4168,1313884
1,130_bNAb_Combinations|1313884|vc|1|2|nan|4168,1,0.0106525,0.731156,0.028574,12.0613,0.426845,0.885779,False,nan|4168,1313884
1,130_bNAb_Combinations|1313884|vc|2|2|nan|4168,1,0.0106525,0.731156,0.125495,12.0613,0.426845,0.885779,False,nan|4168,1313884
1,130_bNAb_Combinations|1313884|vc|3|2|nan|4168,1,0.0106525,0.731156,2.12176,12.0613,0.426845,0.885779,False,nan|4168,1313884
1,130_bNAb_Combinations|1313884|vc|4|2|nan|4168,1,0.0106525,0.731156,0.0279093,12.0613,0.426845,0.885779,False,nan|4168,1313884
1,130_bNAb_Combinations|1313884|vc|5|2|nan|4168,1,0.0106525,0.731156,0.259608,12.0613,0.426845,0.885779,False,nan|4168,1313884
1,130_bNAb_Combinations|1313884|vc|6|2|nan|4168,1,0.0106525,0.731156,0.373004,12.0613,0.426845,0.885779,False,nan|4168,1313884
1,130_bNAb_Combinations|1313884|vc|7|2|nan|4168,1,0.0106525,0.731156,0.010634,12.0613,0.426845,0.885779,False,nan|4168,1313884
1,130_bNAb_Combinations|1313884|vc|8|2|nan|4168,1,0.0106525,0.731156,0.171193,12.0613,0.426845,0.885779,False,nan|4168,1313884
1,130_bNAb_Combinations|1313920|cc|1|1|nan|1798,1,0.00462257,0.731131,11.1482,11.4452,0.508933,0.885779,False,nan|1798,1313920
1,130_bNAb_Combinations|1313920|cc|2|1|nan|1798,1,0.00462257,0.731131,6.52851,11.4452,0.508933,0.885779,False,nan|1798,1313920
1,130_bNAb_Combinations|1313920|cc|3|1|nan|1798,1,0.00462257,0.731131,4.90506,11.4452,0.508933,0.885779,False,nan|1798,1313920
1,130_bNAb_Combinations|1313920|cc|4|1|nan|1798,1,0.00462257,0.731131,72.4325,11.4452,0.508933,0.885779,False,nan|1798,1313920
1,130_bNAb_Combinations|1313920|cc|5|1|nan|1798,1,0.00462257,0.731131,1.01604,11.4452,0.508933,0.885779,False,nan|1798,1313920
1,130_bNAb_Combinations|1313920|cc|6|1|nan|1798,1,0.00462257,0.731131,1.67395,11.4452,0.508933,0.885779,False,nan|1798,1313920
1,130_bNAb_Combinations|1313920|cc|7|1|nan|1798,1,0.00462257,0.731131,0.0805959,11.4452,0.508933,0.885779,False,nan|1798,1313920
1,130_bNAb_Combinations|1313920|cc|8|1|nan|1798,1,0.00462257,0.731131,0.20893,11.4452,0.508933,0.885779,False,nan|1798,1313920
1,130_bNAb_Combinations|1313920|sample|10|nan|1798,1,0.000288405,0.695264,0.351527,15.0945,0.508933,0.885779,True,PGT121|1798,1313920
1,130_bNAb_Combinations|1313920|sample|11|nan|1798,1,0.000912975,0.73113,0.0727192,13.1268,0.508933,0.885779,True,VRC07-523LS|1798,1313920
1,130_bNAb_Combinations|1313920|sample|12|nan|1798,1,0.000912975,0.73113,0.0676815,13.1268,0.508933,0.885779,True,VRC07-523LS|1798,1313920
1,130_bNAb_Combinations|1313920|sample|3|nan|1798,1,0.147328,0.731137,0.112534,10.5739,0.508933,0.885779,True,PGDM1400|1798,1313920
1,130_bNAb_Combinations|1313920|sample|4|nan|1798,1,0.147328,0.731137,0.186096,10.5739,0.508933,0.885779,True,PGDM1400|1798,1313920
1,130_bNAb_Combinations|1313920|sample|5|nan|1798,1,0.147328,0.731137,0.132544,10.5739,0.508933,0.885779,True,PGDM1400|1798,1313920
1,130_bNAb_Combinations|1313920|sample|6|nan|1798,1,0.147328,0.731137,0.229766,10.5739,0.508933,0.885779,True,PGDM1400|1798,1313920
1,130_bNAb_Combinations|1313920|sample|7|nan|1798,1,0.000288405,0.695264,0.260589,15.0945,0.508933,0.885779,True,PGT121|1798,1313920
1,130_bNAb_Combinations|1313920|sample|8|nan|1798,1,0.000288405,0.695264,0.290167,15.0945,0.508933,0.885779,True,PGT121|1798,1313920
1,130_bNAb_Combinations|1313920|sample|9|nan|1798,1,0.000288405,0.695264,0.318502,15.0945,0.508933,0.885779,True,PGT121|1798,1313920
1,130_bNAb_Combinations|1313920|vc|1|2|nan|1798,1,0.00462257,0.731131,0.850757,11.4452,0.508933,0.885779,False,nan|1798,1313920
1,130_bNAb_Combinations|1313920|vc|2|2|nan|1798,1,0.00462257,0.731131,16.7246,11.4452,0.508933,0.885779,False,nan|1798,1313920
1,130_bNAb_Combinations|1313920|vc|3|2|nan|1798,1,0.00462257,0.731131,2.01358,11.4452,0.508933,0.885779,False,nan|1798,1313920
1,130_bNAb_Combinations|1313920|vc|4|2|nan|1798,1,0.00462257,0.731131,31.6978,11.4452,0.508933,0.885779,False,nan|1798,1313920
1,130_bNAb_Combinations|1313920|vc|5|2|nan|1798,1,0.00462257,0.731131,8.08317,11.4452,0.508933,0.885779,False,nan|1798,1313920
1,130_bNAb_Combinations|1313920|vc|6|2|nan|1798,1,0.00462257,0.731131,1.60828,11.4452,0.508933,0.885779,False,nan|1798,1313920
1,130_bNAb_Combinations|1313920|vc|7|2|nan|1798,1,0.00462257,0.731131,0.0450508,11.4452,0.508933,0.885779,False,nan|1798,1313920
1,130_bNAb_Combinations|1313920|vc|8|2|nan|1798,1,0.00462257,0.731131,0.476223,11.4452,0.508933,0.885779,False,nan|1798,1313920
1,130_bNAb_Combinations|1313938|cc|1|1|TRO.11|8301,1,0.015424,0.730291,0.201511,11.5918,0.426856,1.97076,False,nan|TRO.11,1313938
1,130_bNAb_Combinations|1313938|cc|2|1|TRO.11|8301,1,0.015424,0.730291,1.85738,11.5918,0.426856,1.97076,False,nan|TRO.11,1313938
1,130_bNAb_Combinations|1313938|cc|3|1|TRO.11|8301,1,0.015424,0.730291,0.341119,11.5918,0.426856,1.97076,False,nan|TRO.11,1313938
1,130_bNAb_Combinations|1313938|cc|4|1|TRO.11|8301,1,0.015424,0.730291,0.103375,11.5918,0.426856,1.97076,False,nan|TRO.11,1313938
1,130_bNAb_Combinations|1313938|cc|5|1|TRO.11|8301,1,0.015424,0.730291,42.5307,11.5918,0.426856,1.97076,False,nan|TRO.11,1313938
1,130_bNAb_Combinations|1313938|cc|6|1|TRO.11|8301,1,0.015424,0.730291,8.31677,11.5918,0.426856,1.97076,False,nan|TRO.11,1313938
1,130_bNAb_Combinations|1313938|cc|7|1|TRO.11|8301,1,0.015424,0.730291,8.06213,11.5918,0.426856,1.97076,False,nan|TRO.11,1313938
1,130_bNAb_Combinations|1313938|cc|8|1|TRO.11|8301,1,0.015424,0.730291,59.0073,11.5918,0.426856,1.97076,False,nan|TRO.11,1313938
1,130_bNAb_Combinations|1313938|sample|10|TRO.11|8301,1,0.000809518,0.731126,1.05272,15.2524,0.426856,1.97076,True,PGT121|TRO.11,1313938
1,130_bNAb_Combinations|1313938|sample|11|TRO.11|8301,1,0.0013319,0.731129,0.218889,12.8191,0.426856,1.97076,True,VRC07-523LS|TRO.11,1313938
1,130_bNAb_Combinations|1313938|sample|12|TRO.11|8301,1,0.0013319,0.731129,0.284889,12.8191,0.426856,1.97076,True,VRC07-523LS|TRO.11,1313938
1,130_bNAb_Combinations|1313938|sample|3|TRO.11|8301,1,0.00809621,0.731148,0.0432987,12.4334,0.426856,1.97076,True,PGDM1400|TRO.11,1313938
1,130_bNAb_Combinations|1313938|sample|4|TRO.11|8301,1,0.00809621,0.731148,0.0447731,12.4334,0.426856,1.97076,True,PGDM1400|TRO.11,1313938
1,130_bNAb_Combinations|1313938|sample|5|TRO.11|8301,1,0.00809622,0.731148,0.0425356,12.4334,0.426856,1.97076,True,PGDM1400|TRO.11,1313938
1,130_bNAb_Combinations|1313938|sample|6|TRO.11|8301,1,0.00809621,0.731148,0.0497568,12.4334,0.426856,1.97076,True,PGDM1400|TRO.11,1313938
1,130_bNAb_Combinations|1313938|sample|7|TRO.11|8301,1,0.000809518,0.731126,1.11098,15.2524,0.426856,1.97076,True,PGT121|TRO.11,1313938
1,130_bNAb_Combinations|1313938|sample|8|TRO.11|8301,1,0.000809518,0.731126,1.05138,15.2524,0.426856,1.97076,True,PGT121|TRO.11,1313938
1,130_bNAb_Combinations|1313938|sample|9|TRO.11|8301,1,0.000809518,0.731126,1.10088,15.2524,0.426856,1.97076,True,PGT121|TRO.11,1313938
1,130_bNAb_Combinations|1313938|vc|1|2|TRO.11|8301,1,0.015424,0.730291,52.7407,11.5918,0.426856,1.97076,False,nan|TRO.11,1313938
1,130_bNAb_Combinations|1313938|vc|2|2|TRO.11|8301,1,0.015424,0.730291,2.32116,11.5918,0.426856,1.97076,False,nan|TRO.11,1313938
1,130_bNAb_Combinations|1313938|vc|3|2|TRO.11|8301,1,0.015424,0.730291,3.33101,11.5918,0.426856,1.97076,False,nan|TRO.11,1313938
1,130_bNAb_Combinations|1313938|vc|4|2|TRO.11|8301,1,0.015424,0.730291,14.5768,11.5918,0.426856,1.97076,False,nan|TRO.11,1313938
1,130_bNAb_Combinations|1313938|vc|5|2|TRO.11|8301,1,0.015424,0.730291,0.171742,11.5918,0.426856,1.97076,False,nan|TRO.11,1313938
1,130_bNAb_Combinations|1313938|vc|6|2|TRO.11|8301,1,0.015424,0.730291,0.636971,11.5918,0.426856,1.97076,False,nan|TRO.11,1313938
1,130_bNAb_Combinations|1313938|vc|7|2|TRO.11|8301,1,0.015424,0.730291,0.325091,11.5918,0.426856,1.97076,False,nan|TRO.11,1313938
1,130_bNAb_Combinations|1313938|vc|8|2|TRO.11|8301,1,0.015424,0.730291,0.0885014,11.5918,0.426856,1.97076,False,nan|TRO.11,1313938
1,130_bNAb_Combinations|1313956|cc|1|1|Ce1176_A3|7023,1,0.00485307,0.731135,0.253688,11.4547,0.73192,0.885779,False,nan|Ce1176_A3,1313956
1,130_bNAb_Combinations|1313956|cc|2|1|Ce1176_A3|7023,1,0.00485307,0.731135,0.0950607,11.4547,0.73192,0.885779,False,nan|Ce1176_A3,1313956
1,130_bNAb_Combinations|1313956|cc|3|1|Ce1176_A3|7023,1,0.00485307,0.731135,3.66208,11.4547,0.73192,0.885779,False,nan|Ce1176_A3,1313956
1,130_bNAb_Combinations|1313956|cc|4|1|Ce1176_A3|7023,1,0.00485307,0.731135,23.0907,11.4547,0.73192,0.885779,False,nan|Ce1176_A3,1313956
1,130_bNAb_Combinations|1313956|cc|5|1|Ce1176_A3|7023,1,0.00485307,0.731135,0.125405,11.4547,0.73192,0.885779,False,nan|Ce1176_A3,1313956
1,130_bNAb_Combinations|1313956|cc|6|1|Ce1176_A3|7023,1,0.00485307,0.731135,0.0715044,11.4547,0.73192,0.885779,False,nan|Ce1176_A3,1313956
1,130_bNAb_Combinations|1313956|cc|7|1|Ce1176_A3|7023,1,0.00485307,0.731135,2.14994,11.4547,0.73192,0.885779,False,nan|Ce1176_A3,1313956
1,130_bNAb_Combinations|1313956|cc|8|1|Ce1176_A3|7023,1,0.00485307,0.731135,1.26421,11.4547,0.73192,0.885779,False,nan|Ce1176_A3,1313956
1,130_bNAb_Combinations|1313956|sample|10|Ce1176_A3|7023,1,0.000636032,0.731111,1.62296,12.2543,0.73192,0.885779,True,PGT121|Ce1176_A3,1313956
1,130_bNAb_Combinations|1313956|sample|11|Ce1176_A3|7023,1,0.00134913,0.731095,0.211085,7.91661,0.73192,0.885779,True,VRC07-523LS|Ce1176_A3,1313956
1,130_bNAb_Combinations|1313956|sample|12|Ce1176_A3|7023,1,0.00134913,0.731095,0.252798,7.91661,0.73192,0.885779,True,VRC07-523LS|Ce1176_A3,1313956
1,130_bNAb_Combinations|1313956|sample|3|Ce1176_A3|7023,1,0.21435,0.73113,0.0993036,10.0167,0.73192,0.885779,True,PGDM1400|Ce1176_A3,1313956
1,130_bNAb_Combinations|1313956|sample|4|Ce1176_A3|7023,1,0.21435,0.73113,0.0897232,10.0167,0.73192,0.885779,True,PGDM1400|Ce1176_A3,1313956
1,130_bNAb_Combinations|1313956|sample|5|Ce1176_A3|7023,1,0.21435,0.73113,0.0564091,10.0167,0.73192,0.885779,True,PGDM1400|Ce1176_A3,1313956
1,130_bNAb_Combinations|1313956|sample|6|Ce1176_A3|7023,1,0.21435,0.73113,0.0707702,10.0167,0.73192,0.885779,True,PGDM1400|Ce1176_A3,1313956
1,130_bNAb_Combinations|1313956|sample|7|Ce1176_A3|7023,1,0.000636032,0.731111,1.1457,12.2543,0.73192,0.885779,True,PGT121|Ce1176_A3,1313956
1,130_bNAb_Combinations|1313956|sample|8|Ce1176_A3|7023,1,0.000636032,0.731111,1.30593,12.2543,0.73192,0.885779,True,PGT121|Ce1176_A3,1313956
1,130_bNAb_Combinations|1313956|sample|9|Ce1176_A3|7023,1,0.000636032,0.731111,1.49827,12.2543,0.73192,0.885779,True,PGT121|Ce1176_A3,1313956
1,130_bNAb_Combinations|1313956|vc|1|2|Ce1176_A3|7023,1,0.00485307,0.731135,0.555156,11.4547,0.73192,0.885779,False,nan|Ce1176_A3,1313956
1,130_bNAb_Combinations|1313956|vc|2|2|Ce1176_A3|7023,1,0.00485307,0.731135,1.1394,11.4547,0.73192,0.885779,False,nan|Ce1176_A3,1313956
1,130_bNAb_Combinations|1313956|vc|3|2|Ce1176_A3|7023,1,0.00485307,0.731135,53.7475,11.4547,0.73192,0.885779,False,nan|Ce1176_A3,1313956
1,130_bNAb_Combinations|1313956|vc|4|2|Ce1176_A3|7023,1,0.00485307,0.731135,12.8822,11.4547,0.73192,0.885779,False,nan|Ce1176_A3,1313956
1,130_bNAb_Combinations|1313956|vc|5|2|Ce1176_A3|7023,1,0.00485307,0.731135,0.0530204,11.4547,0.73192,0.885779,False,nan|Ce1176_A3,1313956
1,130_bNAb_Combinations|1313956|vc|6|2|Ce1176_A3|7023,1,0.00485307,0.731135,0.100308,11.4547,0.73192,0.885779,False,nan|Ce1176_A3,1313956
1,130_bNAb_Combinations|1313956|vc|7|2|Ce1176_A3|7023,1,0.00485307,0.731135,0.296819,11.4547,0.73192,0.885779,False,nan|Ce1176_A3,1313956
1,130_bNAb_Combinations|1313956|vc|8|2|Ce1176_A3|7023,1,0.00485307,0.731135,0.131368,11.4547,0.73192,0.885779,False,nan|Ce1176_A3,1313956
1,130_bNAb_Combinations|1313974|cc|1|1|nan|1176,1,0.0162052,0.73112,14.5295,12.8126,0.426846,0.885804,False,nan|1176,1313974
1,130_bNAb_Combinations|1313974|cc|2|1|nan|1176,1,0.0162052,0.73112,2.25458,12.8126,0.426846,0.885804,False,nan|1176,1313974
1,130_bNAb_Combinations|1313974|cc|3|1|nan|1176,1,0.0162052,0.73112,48.1577,12.8126,0.426846,0.885804,False,nan|1176,1313974
1,130_bNAb_Combinations|1313974|cc|4|1|nan|1176,1,0.0162052,0.73112,0.0187232,12.8126,0.426846,0.885804,False,nan|1176,1313974
1,130_bNAb_Combinations|1313974|cc|5|1|nan|1176,1,0.0162052,0.73112,0.169141,12.8126,0.426846,0.885804,False,nan|1176,1313974
1,130_bNAb_Combinations|1313974|cc|6|1|nan|1176,1,0.0162052,0.73112,5.11827,12.8126,0.426846,0.885804,False,nan|1176,1313974
1,130_bNAb_Combinations|1313974|cc|7|1|nan|1176,1,0.0162052,0.73112,7.1391,12.8126,0.426846,0.885804,False,nan|1176,1313974
1,130_bNAb_Combinations|1313974|cc|8|1|nan|1176,1,0.0162052,0.73112,0.165467,12.8126,0.426846,0.885804,False,nan|1176,1313974
1,130_bNAb_Combinations|1313974|sample|10|nan|1176,1,0.099302,0.731129,0.0135406,15.5496,0.426846,0.885804,True,PGT121|1176,1313974
1,130_bNAb_Combinations|1313974|sample|11|nan|1176,1,0.00594773,0.731128,0.494295,11.7968,0.426846,0.885804,True,VRC07-523LS|1176,1313974
1,130_bNAb_Combinations|1313974|sample|12|nan|1176,1,0.00594773,0.731128,0.711919,11.7968,0.426846,0.885804,True,VRC07-523LS|1176,1313974
1,130_bNAb_Combinations|1313974|sample|3|nan|1176,1,0.00019517,0.299944,0.00754263,11.7798,0.426846,0.885804,True,PGDM1400|1176,1313974
1,130_bNAb_Combinations|1313974|sample|4|nan|1176,1,0.00019517,0.299944,0.015648,11.7798,0.426846,0.885804,True,PGDM1400|1176,1313974
1,130_bNAb_Combinations|1313974|sample|5|nan|1176,1,0.00019517,0.299944,0.00507719,11.7798,0.426846,0.885804,True,PGDM1400|1176,1313974
1,130_bNAb_Combinations|1313974|sample|6|nan|1176,1,0.00019517,0.299944,0.00632937,11.7798,0.426846,0.885804,True,PGDM1400|1176,1313974
1,130_bNAb_Combinations|1313974|sample|7|nan|1176,1,0.0993019,0.731129,0.0231405,15.5496,0.426846,0.885804,True,PGT121|1176,1313974
1,130_bNAb_Combinations|1313974|sample|8|nan|1176,1,0.099302,0.731129,0.0264196,15.5496,0.426846,0.885804,True,PGT121|1176,1313974
1,130_bNAb_Combinations|1313974|sample|9|nan|1176,1,0.099302,0.731129,0.0145898,15.5496,0.426846,0.885804,True,PGT121|1176,1313974
1,130_bNAb_Combinations|1313974|vc|1|2|nan|1176,1,0.0162052,0.73112,0.100725,12.8126,0.426846,0.885804,False,nan|1176,1313974
1,130_bNAb_Combinations|1313974|vc|2|2|nan|1176,1,0.0162052,0.73112,0.0996687,12.8126,0.426846,0.885804,False,nan|1176,1313974
1,130_bNAb_Combinations|1313974|vc|3|2|nan|1176,1,0.0162052,0.73112,2.69168,12.8126,0.426846,0.885804,False,nan|1176,1313974
1,130_bNAb_Combinations|1313974|vc|4|2|nan|1176,1,0.0162052,0.73112,0.241157,12.8126,0.426846,0.885804,False,nan|1176,1313974
1,130_bNAb_Combinations|1313974|vc|5|2|nan|1176,1,0.0162052,0.73112,12.5773,12.8126,0.426846,0.885804,False,nan|1176,1313974
1,130_bNAb_Combinations|1313974|vc|6|2|nan|1176,1,0.0162052,0.73112,0.0566579,12.8126,0.426846,0.885804,False,nan|1176,1313974
1,130_bNAb_Combinations|1313974|vc|7|2|nan|1176,1,0.0162052,0.73112,0.290645,12.8126,0.426846,0.885804,False,nan|1176,1313974
1,130_bNAb_Combinations|1313974|vc|8|2|nan|1176,1,0.0162052,0.73112,0.636939,12.8126,0.426846,0.885804,False,nan|1176,1313974
1,130_bNAb_Combinations|1313992|cc|1|1|RHPA4259.7|5371,1,0.00162395,0.731129,0.154028,10.4233,0.426846,0.53044,False,nan|RHPA4259.7,1313992
1,130_bNAb_Combinations|1313992|cc|2|1|RHPA4259.7|5371,1,0.00162395,0.731129,14.1297,10.4233,0.426846,0.53044,False,nan|RHPA4259.7,1313992
1,130_bNAb_Combinations|1313992|cc|3|1|RHPA4259.7|5371,1,0.00162395,0.731129,0.591376,10.4233,0.426846,0.53044,False,nan|RHPA4259.7,1313992
1,130_bNAb_Combinations|1313992|cc|4|1|RHPA4259.7|5371,1,0.00162395,0.731129,0.465748,10.4233,0.426846,0.53044,False,nan|RHPA4259.7,1313992
1,130_bNAb_Combinations|1313992|cc|5|1|RHPA4259.7|5371,1,0.00162395,0.731129,0.853596,10.4233,0.426846,0.53044,False,nan|RHPA4259.7,1313992
1,130_bNAb_Combinations|1313992|cc|6|1|RHPA4259.7|5371,1,0.00162395,0.731129,0.0322263,10.4233,0.426846,0.53044,False,nan|RHPA4259.7,1313992
1,130_bNAb_Combinations|1313992|cc|7|1|RHPA4259.7|5371,1,0.00162395,0.731129,0.638389,10.4233,0.426846,0.53044,False,nan|RHPA4259.7,1313992
1,130_bNAb_Combinations|1313992|cc|8|1|RHPA4259.7|5371,1,0.00162395,0.731129,11.4849,10.4233,0.426846,0.53044,False,nan|RHPA4259.7,1313992
1,130_bNAb_Combinations|1313992|sample|10|RHPA4259.7|5371,1,0.0010959,0.731122,1.18192,13.2646,0.426846,0.53044,True,PGT121|RHPA4259.7,1313992
1,130_bNAb_Combinations|1313992|sample|11|RHPA4259.7|5371,1,0.00148599,0.731132,0.818513,17.0031,0.426846,0.53044,True,VRC07-523LS|RHPA4259.7,1313992
1,130_bNAb_Combinations|1313992|sample|12|RHPA4259.7|5371,1,0.00148599,0.731132,0.769188,17.0031,0.426846,0.53044,True,VRC07-523LS|RHPA4259.7,1313992
1,130_bNAb_Combinations|1313992|sample|3|RHPA4259.7|5371,1,0.0029586,0.731129,0.0439352,15.0524,0.426846,0.53044,True,PGDM1400|RHPA4259.7,1313992
1,130_bNAb_Combinations|1313992|sample|4|RHPA4259.7|5371,1,0.0029586,0.731129,0.0408651,15.0524,0.426846,0.53044,True,PGDM1400|RHPA4259.7,1313992
1,130_bNAb_Combinations|1313992|sample|5|RHPA4259.7|5371,1,0.0029586,0.731129,0.0503322,15.0524,0.426846,0.53044,True,PGDM1400|RHPA4259.7,1313992
1,130_bNAb_Combinations|1313992|sample|6|RHPA4259.7|5371,1,0.0029586,0.731129,0.0440675,15.0524,0.426846,0.53044,True,PGDM1400|RHPA4259.7,1313992
1,130_bNAb_Combinations|1313992|sample|7|RHPA4259.7|5371,1,0.0010959,0.731122,1.20116,13.2646,0.426846,0.53044,True,PGT121|RHPA4259.7,1313992
1,130_bNAb_Combinations|1313992|sample|8|RHPA4259.7|5371,1,0.0010959,0.731122,1.00115,13.2646,0.426846,0.53044,True,PGT121|RHPA4259.7,1313992
1,130_bNAb_Combinations|1313992|sample|9|RHPA4259.7|5371,1,0.0010959,0.731122,1.11592,13.2646,0.426846,0.53044,True,PGT121|RHPA4259.7,1313992
1,130_bNAb_Combinations|1313992|vc|1|2|RHPA4259.7|5371,1,0.00162395,0.731129,0.00081988,10.4233,0.426846,0.53044,False,nan|RHPA4259.7,1313992
1,130_bNAb_Combinations|1313992|vc|2|2|RHPA4259.7|5371,1,0.00162395,0.731129,0.0669943,10.4233,0.426846,0.53044,False,nan|RHPA4259.7,1313992
1,130_bNAb_Combinations|1313992|vc|3|2|RHPA4259.7|5371,1,0.00162395,0.731129,1.76117,10.4233,0.426846,0.53044,False,nan|RHPA4259.7,1313992
1,130_bNAb_Combinations|1313992|vc|4|2|RHPA4259.7|5371,1,0.00162395,0.731129,21.7465,10.4233,0.426846,0.53044,False,nan|RHPA4259.7,1313992
1,130_bNAb_Combinations|1313992|vc|5|2|RHPA4259.7|5371,1,0.00162395,0.731129,1.07124,10.4233,0.426846,0.53044,False,nan|RHPA4259.7,1313992
1,130_bNAb_Combinations|1313992|vc|6|2|RHPA4259.7|5371,1,0.00162395,0.731129,59.1027,10.4233,0.426846,0.53044,False,nan|RHPA4259.7,1313992
1,130_bNAb_Combinations|1313992|vc|7|2|RHPA4259.7|5371,1,0.00162395,0.731129,1.17565,10.4233,0.426846,0.53044,False,nan|RHPA4259.7,1313992
1,130_bNAb_Combinations|1313992|vc|8|2|RHPA4259.7|5371,1,0.00162395,0.731129,0.968947,10.4233,0.426846,0.53044,False,nan|RHPA4259.7,1313992
1,130_bNAb_Combinations|1314016|cc|1|1|nan|3430,1,0.0179668,0.731125,0.04511,12.6314,0.426989,0.885779,False,nan|3430,1314016
1,130_bNAb_Combinations|1314016|cc|2|1|nan|3430,1,0.0179668,0.731125,0.27573,12.6314,0.426989,0.885779,False,nan|3430,1314016
1,130_bNAb_Combinations|1314016|cc|3|1|nan|3430,1,0.0179668,0.731125,0.177698,12.6314,0.426989,0.885779,False,nan|3430,1314016
1,130_bNAb_Combinations|1314016|cc|4|1|nan|3430,1,0.0179668,0.731125,0.0973537,12.6314,0.426989,0.885779,False,nan|3430,1314016
1,130_bNAb_Combinations|1314016|cc|5|1|nan|3430,1,0.0179668,0.731125,0.0354286,12.6314,0.426989,0.885779,False,nan|3430,1314016
1,130_bNAb_Combinations|1314016|cc|6|1|nan|3430,1,0.0179668,0.731125,190.378,12.6314,0.426989,0.885779,False,nan|3430,1314016
1,130_bNAb_Combinations|1314016|cc|7|1|nan|3430,1,0.0179668,0.731125,4.04249,12.6314,0.426989,0.885779,False,nan|3430,1314016
1,130_bNAb_Combinations|1314016|cc|8|1|nan|3430,1,0.0179668,0.731125,0.0865899,12.6314,0.426989,0.885779,False,nan|3430,1314016
1,130_bNAb_Combinations|1314016|sample|10|nan|3430,1,0.0158741,0.73113,0.419544,13.7907,0.426989,0.885779,True,PGT121|3430,1314016
1,130_bNAb_Combinations|1314016|sample|11|nan|3430,1,0.0016651,0.731125,0.565018,13.66,0.426989,0.885779,True,VRC07-523LS|3430,1314016
1,130_bNAb_Combinations|1314016|sample|12|nan|3430,1,0.0016651,0.731125,0.561863,13.66,0.426989,0.885779,True,VRC07-523LS|3430,1314016
1,130_bNAb_Combinations|1314016|sample|3|nan|3430,1,0.0115111,0.731144,3.74605,17.2385,0.426989,0.885779,True,PGDM1400|3430,1314016
1,130_bNAb_Combinations|1314016|sample|4|nan|3430,1,0.0115111,0.731144,3.24579,17.2385,0.426989,0.885779,True,PGDM1400|3430,1314016
1,130_bNAb_Combinations|1314016|sample|5|nan|3430,1,0.0115111,0.731144,5.12388,17.2385,0.426989,0.885779,True,PGDM1400|3430,1314016
1,130_bNAb_Combinations|1314016|sample|6|nan|3430,1,0.0115111,0.731144,5.80746,17.2385,0.426989,0.885779,True,PGDM1400|3430,1314016
1,130_bNAb_Combinations|1314016|sample|7|nan|3430,1,0.0158741,0.73113,0.334394,13.7907,0.426989,0.885779,True,PGT121|3430,1314016
1,130_bNAb_Combinations|1314016|sample|8|nan|3430,1,0.0158741,0.73113,0.301608,13.7907,0.426989,0.885779,True,PGT121|3430,1314016
1,130_bNAb_Combinations|1314016|sample|9|nan|3430,1,0.0158741,0.73113,0.527488,13.7907,0.426989,0.885779,True,PGT121|3430,1314016
1,130_bNAb_Combinations|1314016|vc|1|2|nan|3430,1,0.0179668,0.731125,55.236,12.6314,0.426989,0.885779,False,nan|3430,1314016
1,130_bNAb_Combinations|1314016|vc|2|2|nan|3430,1,0.0179668,0.731125,1.12345,12.6314,0.426989,0.885779,False,nan|3430,1314016
1,130_bNAb_Combinations|1314016|vc|3|2|nan|3430,1,0.0179668,0.731125,11.9343,12.6314,0.426989,0.885779,False,nan|3430,1314016
1,130_bNAb_Combinations|1314016|vc|4|2|nan|3430,1,0.0179668,0.731125,0.149863,12.6314,0.426989,0.885779,False,nan|3430,1314016
1,130_bNAb_Combinations|1314016|vc|5|2|nan|3430,1,0.0179668,0.731125,3.0696,12.6314,0.426989,0.885779,False,nan|3430,1314016
1,130_bNAb_Combinations|1314016|vc|6|2|nan|3430,1,0.0179668,0.731125,1.89977,12.6314,0.426989,0.885779,False,nan|3430,1314016
1,130_bNAb_Combinations|1314016|vc|7|2|nan|3430,1,0.0179668,0.731125,0.774935,12.6314,0.426989,0.885779,False,nan|3430,1314016
1,130_bNAb_Combinations|1314016|vc|8|2|nan|3430,1,0.0179668,0.731125,0.714526,12.6314,0.426989,0.885779,False,nan|3430,1314016
1,130_bNAb_Combinations|1314040|cc|1|1|nan|4166,1,0.00449511,0.731363,1.6851,12.189,0.426846,0.773563,False,nan|4166,1314040
1,130_bNAb_Combinations|1314040|cc|2|1|nan|4166,1,0.00449511,0.731363,0.315332,12.189,0.426846,0.773563,False,nan|4166,1314040
1,130_bNAb_Combinations|1314040|cc|3|1|nan|4166,1,0.00449511,0.731363,20.0463,12.189,0.426846,0.773563,False,nan|4166,1314040
1,130_bNAb_Combinations|1314040|cc|4|1|nan|4166,1,0.00449511,0.731363,9.72118,12.189,0.426846,0.773563,False,nan|4166,1314040
1,130_bNAb_Combinations|1314040|cc|5|1|nan|4166,1,0.00449511,0.731363,0.137495,12.189,0.426846,0.773563,False,nan|4166,1314040
1,130_bNAb_Combinations|1314040|cc|6|1|nan|4166,1,0.00449511,0.731363,0.0507535,12.189,0.426846,0.773563,False,nan|4166,1314040
1,130_bNAb_Combinations|1314040|cc|7|1|nan|4166,1,0.00449511,0.731363,1.29418,12.189,0.426846,0.773563,False,nan|4166,1314040
1,130_bNAb_Combinations|1314040|cc|8|1|nan|4166,1,0.00449511,0.731363,1.18991,12.189,0.426846,0.773563,False,nan|4166,1314040
1,130_bNAb_Combinations|1314040|sample|10|nan|4166,1,0.00148422,0.802457,2.75019,14.6303,0.426846,0.773563,True,PGT121|4166,1314040
1,130_bNAb_Combinations|1314040|sample|11|nan|4166,1,0.000640619,0.731131,1.11967,14.4678,0.426846,0.773563,True,VRC07-523LS|4166,1314040
1,130_bNAb_Combinations|1314040|sample|12|nan|4166,1,0.000640619,0.731131,1.34753,14.4678,0.426846,0.773563,True,VRC07-523LS|4166,1314040
1,130_bNAb_Combinations|1314040|sample|3|nan|4166,1,0.011556,0.73113,3.88016,11.8342,0.426846,0.773563,True,PGDM1400|4166,1314040
1,130_bNAb_Combinations|1314040|sample|4|nan|4166,1,0.011556,0.73113,3.23594,11.8342,0.426846,0.773563,True,PGDM1400|4166,1314040
1,130_bNAb_Combinations|1314040|sample|5|nan|4166,1,0.011556,0.73113,4.46106,11.8342,0.426846,0.773563,True,PGDM1400|4166,1314040
1,130_bNAb_Combinations|1314040|sample|6|nan|4166,1,0.011556,0.73113,3.35373,11.8342,0.426846,0.773563,True,PGDM1400|4166,1314040
1,130_bNAb_Combinations|1314040|sample|7|nan|4166,1,0.00148422,0.802457,2.11236,14.6303,0.426846,0.773563,True,PGT121|4166,1314040
1,130_bNAb_Combinations|1314040|sample|8|nan|4166,1,0.00148422,0.802457,1.9082,14.6303,0.426846,0.773563,True,PGT121|4166,1314040
1,130_bNAb_Combinations|1314040|sample|9|nan|4166,1,0.00148422,0.802457,2.50208,14.6303,0.426846,0.773563,True,PGT121|4166,1314040
1,130_bNAb_Combinations|1314040|vc|1|2|nan|4166,1,0.00449511,0.731363,0.293678,12.189,0.426846,0.773563,False,nan|4166,1314040
1,130_bNAb_Combinations|1314040|vc|2|2|nan|4166,1,0.00449511,0.731363,0.0717743,12.189,0.426846,0.773563,False,nan|4166,1314040
1,130_bNAb_Combinations|1314040|vc|3|2|nan|4166,1,0.00449511,0.731363,0.287851,12.189,0.426846,0.773563,False,nan|4166,1314040
1,130_bNAb_Combinations|1314040|vc|4|2|nan|4166,1,0.00449511,0.731363,0.186505,12.189,0.426846,0.773563,False,nan|4166,1314040
1,130_bNAb_Combinations|1314040|vc|5|2|nan|4166,1,0.00449511,0.731363,3.37571,12.189,0.426846,0.773563,False,nan|4166,1314040
1,130_bNAb_Combinations|1314040|vc|6|2|nan|4166,1,0.00449511,0.731363,0.323566,12.189,0.426846,0.773563,False,nan|4166,1314040
1,130_bNAb_Combinations|1314040|vc|7|2|nan|4166,1,0.00449511,0.731363,0.392593,12.189,0.426846,0.773563,False,nan|4166,1314040
1,130_bNAb_Combinations|1314040|vc|8|2|nan|4166,1,0.00449511,0.731363,0.0999513,12.189,0.426846,0.773563,False,nan|4166,1314040
1,130_bNAb_Combinations|1314058|cc|1|1|nan|2944,1,0.00380019,0.731141,30.8443,10.6232,0.426846,0.885858,False,nan|2944,1314058
1,130_bNAb_Combinations|1314058|cc|2|1|nan|2944,1,0.00380019,0.731141,5.53389,10.6232,0.426846,0.885858,False,nan|2944,1314058
1,130_bNAb_Combinations|1314058|cc|3|1|nan|2944,1,0.00380019,0.731141,0.124037,10.6232,0.426846,0.885858,False,nan|2944,1314058
1,130_bNAb_Combinations|1314058|cc|4|1|nan|2944,1,0.00380019,0.731141,2.1143,10.6232,0.426846,0.885858,False,nan|2944,1314058
1,130_bNAb_Combinations|1314058|cc|5|1|nan|2944,1,0.00380019,0.731141,17.5798,10.6232,0.426846,0.885858,False,nan|2944,1314058
1,130_bNAb_Combinations|1314058|cc|6|1|nan|2944,1,0.00380019,0.731141,0.264811,10.6232,0.426846,0.885858,False,nan|2944,1314058
1,130_bNAb_Combinations|1314058|cc|7|1|nan|2944,1,0.00380019,0.731141,42.9736,10.6232,0.426846,0.885858,False,nan|2944,1314058
1,130_bNAb_Combinations|1314058|cc|8|1|nan|2944,1,0.00380019,0.731141,4.27789,10.6232,0.426846,0.885858,False,nan|2944,1314058
1,130_bNAb_Combinations|1314058|sample|10|nan|2944,1,0.00158458,0.731131,1.54081,15.1652,0.426846,0.885858,True,PGT121|2944,1314058
1,130_bNAb_Combinations|1314058|sample|11|nan|2944,1,0.00188536,0.73113,0.430931,12.1095,0.426846,0.885858,True,VRC07-523LS|2944,1314058
1,130_bNAb_Combinations|1314058|sample|12|nan|2944,1,0.00188536,0.73113,0.298696,12.1095,0.426846,0.885858,True,VRC07-523LS|2944,1314058
1,130_bNAb_Combinations|1314058|sample|3|nan|2944,1,0.00609635,0.731174,8.86266,17.8842,0.426846,0.885858,True,PGDM1400|2944,1314058
1,130_bNAb_Combinations|1314058|sample|4|nan|2944,1,0.00609635,0.731174,9.39508,17.8842,0.426846,0.885858,True,PGDM1400|2944,1314058
1,130_bNAb_Combinations|1314058|sample|5|nan|2944,1,0.00609635,0.731174,8.20238,17.8842,0.426846,0.885858,True,PGDM1400|2944,1314058
1,130_bNAb_Combinations|1314058|sample|6|nan|2944,1,0.00609635,0.731174,12.0145,17.8842,0.426846,0.885858,True,PGDM1400|2944,1314058
1,130_bNAb_Combinations|1314058|sample|7|nan|2944,1,0.00158458,0.731131,1.9311,15.1652,0.426846,0.885858,True,PGT121|2944,1314058
1,130_bNAb_Combinations|1314058|sample|8|nan|2944,1,0.00158458,0.731131,1.43396,15.1652,0.426846,0.885858,True,PGT121|2944,1314058
1,130_bNAb_Combinations|1314058|sample|9|nan|2944,1,0.00158458,0.731131,1.9,15.1652,0.426846,0.885858,True,PGT121|2944,1314058
1,130_bNAb_Combinations|1314058|vc|1|2|nan|2944,1,0.00380019,0.731141,0.54941,10.6232,0.426846,0.885858,False,nan|2944,1314058
1,130_bNAb_Combinations|1314058|vc|2|2|nan|2944,1,0.00380019,0.731141,0.317834,10.6232,0.426846,0.885858,False,nan|2944,1314058
1,130_bNAb_Combinations|1314058|vc|3|2|nan|2944,1,0.00380019,0.731141,0.00866764,10.6232,0.426846,0.885858,False,nan|2944,1314058
1,130_bNAb_Combinations|1314058|vc|4|2|nan|2944,1,0.00380019,0.731141,0.00762048,10.6232,0.426846,0.885858,False,nan|2944,1314058
1,130_bNAb_Combinations|1314058|vc|5|2|nan|2944,1,0.00380019,0.731141,0.95484,10.6232,0.426846,0.885858,False,nan|2944,1314058
1,130_bNAb_Combinations|1314058|vc|6|2|nan|2944,1,0.00380019,0.731141,0.052426,10.6232,0.426846,0.885858,False,nan|2944,1314058
1,130_bNAb_Combinations|1314058|vc|7|2|nan|2944,1,0.00380019,0.731141,8.86506,10.6232,0.426846,0.885858,False,nan|2944,1314058
1,130_bNAb_Combinations|1314058|vc|8|2|nan|2944,1,0.00380019,0.731141,0.136564,10.6232,0.426846,0.885858,False,nan|2944,1314058
1,130_bNAb_Combinations|1342240|cc|1|1|nan|1798,1,0.00462257,0.731131,0.0768211,11.4452,0.426846,0.884193,False,nan|1798,1342240
1,130_bNAb_Combinations|1342240|cc|2|1|nan|1798,1,0.00462257,0.731131,0.0572387,11.4452,0.426846,0.884193,False,nan|1798,1342240
1,130_bNAb_Combinations|1342240|cc|3|1|nan|1798,1,0.00462257,0.731131,0.0488374,11.4452,0.426846,0.884193,False,nan|1798,1342240
1,130_bNAb_Combinations|1342240|cc|4|1|nan|1798,1,0.00462257,0.731131,0.393129,11.4452,0.426846,0.884193,False,nan|1798,1342240
1,130_bNAb_Combinations|1342240|cc|5|1|nan|1798,1,0.00462257,0.731131,0.0414551,11.4452,0.426846,0.884193,False,nan|1798,1342240
1,130_bNAb_Combinations|1342240|cc|6|1|nan|1798,1,0.00462257,0.731131,0.440543,11.4452,0.426846,0.884193,False,nan|1798,1342240
1,130_bNAb_Combinations|1342240|cc|7|1|nan|1798,1,0.00462257,0.731131,3.78888,11.4452,0.426846,0.884193,False,nan|1798,1342240
1,130_bNAb_Combinations|1342240|cc|8|1|nan|1798,1,0.00462257,0.731131,0.00378707,11.4452,0.426846,0.884193,False,nan|1798,1342240
1,130_bNAb_Combinations|1342240|sample|3|nan|1798,1,0.000912975,0.73113,0.0598639,13.1268,0.426846,0.884193,True,VRC07-523LS|1798,1342240
1,130_bNAb_Combinations|1342240|sample|4|nan|1798,1,0.000912975,0.73113,0.0607872,13.1268,0.426846,0.884193,True,VRC07-523LS|1798,1342240
1,130_bNAb_Combinations|1342240|sample|8|nan|1798,1,0.000912975,0.73113,0.527895,13.1268,0.426846,0.884193,True,VRC07-523LS|1798,1342240
1,130_bNAb_Combinations|1342240|vc|1|2|nan|1798,1,0.00462257,0.731131,0.00384695,11.4452,0.426846,0.884193,False,nan|1798,1342240
1,130_bNAb_Combinations|1342240|vc|2|2|nan|1798,1,0.00462257,0.731131,0.302531,11.4452,0.426846,0.884193,False,nan|1798,1342240
1,130_bNAb_Combinations|1342240|vc|3|2|nan|1798,1,0.00462257,0.731131,0.0492861,11.4452,0.426846,0.884193,False,nan|1798,1342240
1,130_bNAb_Combinations|1342240|vc|4|2|nan|1798,1,0.00462257,0.731131,13.2666,11.4452,0.426846,0.884193,False,nan|1798,1342240
1,130_bNAb_Combinations|1342240|vc|5|2|nan|1798,1,0.00462257,0.731131,0.12955,11.4452,0.426846,0.884193,False,nan|1798,1342240
1,130_bNAb_Combinations|1342240|vc|6|2|nan|1798,1,0.00462257,0.731131,1.13175,11.4452,0.426846,0.884193,False,nan|1798,1342240
1,130_bNAb_Combinations|1342240|vc|7|2|nan|1798,1,0.00462257,0.731131,32.5652,11.4452,0.426846,0.884193,False,nan|1798,1342240
1,130_bNAb_Combinations|1342240|vc|8|2|nan|1798,1,0.00462257,0.731131,1.65183,11.4452,0.426846,0.884193,False,nan|1798,1342240
1,130_bNAb_Combinations|1342258|cc|1|1|TRO.11|8301,1,0.015424,0.730291,1.70314,11.5918,0.426845,0.885589,False,nan|TRO.11,1342258
1,130_bNAb_Combinations|1342258|cc|2|1|TRO.11|8301,1,0.015424,0.730291,0.103699,11.5918,0.426845,0.885589,False,nan|TRO.11,1342258
1,130_bNAb_Combinations|1342258|cc|3|1|TRO.11|8301,1,0.015424,0.730291,40.0712,11.5918,0.426845,0.885589,False,nan|TRO.11,1342258
1,130_bNAb_Combinations|1342258|cc|4|1|TRO.11|8301,1,0.015424,0.730291,1.85246,11.5918,0.426845,0.885589,False,nan|TRO.11,1342258
1,130_bNAb_Combinations|1342258|cc|5|1|TRO.11|8301,1,0.015424,0.730291,0.926861,11.5918,0.426845,0.885589,False,nan|TRO.11,1342258
1,130_bNAb_Combinations|1342258|cc|6|1|TRO.11|8301,1,0.015424,0.730291,8.1985,11.5918,0.426845,0.885589,False,nan|TRO.11,1342258
1,130_bNAb_Combinations|1342258|cc|7|1|TRO.11|8301,1,0.015424,0.730291,1.09106,11.5918,0.426845,0.885589,False,nan|TRO.11,1342258
1,130_bNAb_Combinations|1342258|cc|8|1|TRO.11|8301,1,0.015424,0.730291,8.88749,11.5918,0.426845,0.885589,False,nan|TRO.11,1342258
1,130_bNAb_Combinations|1342258|sample|3|TRO.11|8301,1,0.0013319,0.731129,0.265147,12.8191,0.426845,0.885589,True,VRC07-523LS|TRO.11,1342258
1,130_bNAb_Combinations|1342258|sample|4|TRO.11|8301,1,0.0013319,0.731129,0.20645,12.8191,0.426845,0.885589,True,VRC07-523LS|TRO.11,1342258
1,130_bNAb_Combinations|1342258|vc|1|2|TRO.11|8301,1,0.015424,0.730291,0.592016,11.5918,0.426845,0.885589,False,nan|TRO.11,1342258
1,130_bNAb_Combinations|1342258|vc|2|2|TRO.11|8301,1,0.015424,0.730291,0.0504271,11.5918,0.426845,0.885589,False,nan|TRO.11,1342258
1,130_bNAb_Combinations|1342258|vc|3|2|TRO.11|8301,1,0.015424,0.730291,0.186196,11.5918,0.426845,0.885589,False,nan|TRO.11,1342258
1,130_bNAb_Combinations|1342258|vc|4|2|TRO.11|8301,1,0.015424,0.730291,10.1611,11.5918,0.426845,0.885589,False,nan|TRO.11,1342258
1,130_bNAb_Combinations|1342258|vc|5|2|TRO.11|8301,1,0.015424,0.730291,0.0440108,11.5918,0.426845,0.885589,False,nan|TRO.11,1342258
1,130_bNAb_Combinations|1342258|vc|6|2|TRO.11|8301,1,0.015424,0.730291,5.99317,11.5918,0.426845,0.885589,False,nan|TRO.11,1342258
1,130_bNAb_Combinations|1342258|vc|7|2|TRO.11|8301,1,0.015424,0.730291,0.161316,11.5918,0.426845,0.885589,False,nan|TRO.11,1342258
1,130_bNAb_Combinations|1342258|vc|8|2|TRO.11|8301,1,0.015424,0.730291,3.88541,11.5918,0.426845,0.885589,False,nan|TRO.11,1342258
1,130_bNAb_Combinations|1342276|cc|1|1|Ce1176_A3|7023,1,0.00485307,0.731135,47.0695,11.4547,0.4268,0.885839,False,nan|Ce1176_A3,1342276
1,130_bNAb_Combinations|1342276|cc|2|1|Ce1176_A3|7023,1,0.00485307,0.731135,2.48373,11.4547,0.4268,0.885839,False,nan|Ce1176_A3,1342276
1,130_bNAb_Combinations|1342276|cc|3|1|Ce1176_A3|7023,1,0.00485307,0.731135,2.80102,11.4547,0.4268,0.885839,False,nan|Ce1176_A3,1342276
1,130_bNAb_Combinations|1342276|cc|4|1|Ce1176_A3|7023,1,0.00485307,0.731135,0.591044,11.4547,0.4268,0.885839,False,nan|Ce1176_A3,1342276
1,130_bNAb_Combinations|1342276|cc|5|1|Ce1176_A3|7023,1,0.00485307,0.731135,4.23645,11.4547,0.4268,0.885839,False,nan|Ce1176_A3,1342276
1,130_bNAb_Combinations|1342276|cc|6|1|Ce1176_A3|7023,1,0.00485307,0.731135,2.71289,11.4547,0.4268,0.885839,False,nan|Ce1176_A3,1342276
1,130_bNAb_Combinations|1342276|cc|7|1|Ce1176_A3|7023,1,0.00485307,0.731135,219.591,11.4547,0.4268,0.885839,False,nan|Ce1176_A3,1342276
1,130_bNAb_Combinations|1342276|cc|8|1|Ce1176_A3|7023,1,0.00485307,0.731135,4.12738,11.4547,0.4268,0.885839,False,nan|Ce1176_A3,1342276
1,130_bNAb_Combinations|1342276|sample|3|Ce1176_A3|7023,1,0.00134913,0.731095,0.168776,7.91661,0.4268,0.885839,True,VRC07-523LS|Ce1176_A3,1342276
1,130_bNAb_Combinations|1342276|sample|4|Ce1176_A3|7023,1,0.00134913,0.731095,0.172499,7.91661,0.4268,0.885839,True,VRC07-523LS|Ce1176_A3,1342276
1,130_bNAb_Combinations|1342276|vc|1|2|Ce1176_A3|7023,1,0.00485307,0.731135,6.7081,11.4547,0.4268,0.885839,False,nan|Ce1176_A3,1342276
1,130_bNAb_Combinations|1342276|vc|2|2|Ce1176_A3|7023,1,0.00485307,0.731135,0.367663,11.4547,0.4268,0.885839,False,nan|Ce1176_A3,1342276
1,130_bNAb_Combinations|1342276|vc|3|2|Ce1176_A3|7023,1,0.00485307,0.731135,16.6048,11.4547,0.4268,0.885839,False,nan|Ce1176_A3,1342276
1,130_bNAb_Combinations|1342276|vc|4|2|Ce1176_A3|7023,1,0.00485307,0.731135,0.742766,11.4547,0.4268,0.885839,False,nan|Ce1176_A3,1342276
1,130_bNAb_Combinations|1342276|vc|5|2|Ce1176_A3|7023,1,0.00485307,0.731135,48.941,11.4547,0.4268,0.885839,False,nan|Ce1176_A3,1342276
1,130_bNAb_Combinations|1342276|vc|6|2|Ce1176_A3|7023,1,0.00485307,0.731135,6.22636,11.4547,0.4268,0.885839,False,nan|Ce1176_A3,1342276
1,130_bNAb_Combinations|1342276|vc|7|2|Ce1176_A3|7023,1,0.00485307,0.731135,3.18817,11.4547,0.4268,0.885839,False,nan|Ce1176_A3,1342276
1,130_bNAb_Combinations|1342276|vc|8|2|Ce1176_A3|7023,1,0.00485307,0.731135,0.0643185,11.4547,0.4268,0.885839,False,nan|Ce1176_A3,1342276
1,130_bNAb_Combinations|1342294|cc|1|1|nan|1176,1,0.0162052,0.73112,0.982332,12.8126,0.426478,0.886179,False,nan|1176,1342294
1,130_bNAb_Combinations|1342294|cc|2|1|nan|1176,1,0.0162052,0.73112,4.30804,12.8126,0.426478,0.886179,False,nan|1176,1342294
1,130_bNAb_Combinations|1342294|cc|3|1|nan|1176,1,0.0162052,0.73112,0.0447349,12.8126,0.426478,0.886179,False,nan|1176,1342294
1,130_bNAb_Combinations|1342294|cc|4|1|nan|1176,1,0.0162052,0.73112,0.140801,12.8126,0.426478,0.886179,False,nan|1176,1342294
1,130_bNAb_Combinations|1342294|cc|5|1|nan|1176,1,0.0162052,0.73112,1.35785,12.8126,0.426478,0.886179,False,nan|1176,1342294
1,130_bNAb_Combinations|1342294|cc|6|1|nan|1176,1,0.0162052,0.73112,0.857787,12.8126,0.426478,0.886179,False,nan|1176,1342294
1,130_bNAb_Combinations|1342294|cc|7|1|nan|1176,1,0.0162052,0.73112,1.73808,12.8126,0.426478,0.886179,False,nan|1176,1342294
1,130_bNAb_Combinations|1342294|cc|8|1|nan|1176,1,0.0162052,0.73112,11.9826,12.8126,0.426478,0.886179,False,nan|1176,1342294
1,130_bNAb_Combinations|1342294|sample|3|nan|1176,1,0.00594773,0.731128,0.567023,11.7968,0.426478,0.886179,True,VRC07-523LS|1176,1342294
1,130_bNAb_Combinations|1342294|sample|4|nan|1176,1,0.00594773,0.731128,0.499292,11.7968,0.426478,0.886179,True,VRC07-523LS|1176,1342294
1,130_bNAb_Combinations|1342294|sample|8|nan|1176,1,0.00594773,0.731128,24.2317,11.7968,0.426478,0.886179,True,VRC07-523LS|1176,1342294
1,130_bNAb_Combinations|1342294|vc|1|2|nan|1176,1,0.0162052,0.73112,2.92293,12.8126,0.426478,0.886179,False,nan|1176,1342294
1,130_bNAb_Combinations|1342294|vc|2|2|nan|1176,1,0.0162052,0.73112,1.05001,12.8126,0.426478,0.886179,False,nan|1176,1342294
1,130_bNAb_Combinations|1342294|vc|3|2|nan|1176,1,0.0162052,0.73112,0.605669,12.8126,0.426478,0.886179,False,nan|1176,1342294
1,130_bNAb_Combinations|1342294|vc|4|2|nan|1176,1,0.0162052,0.73112,4.37502,12.8126,0.426478,0.886179,False,nan|1176,1342294
1,130_bNAb_Combinations|1342294|vc|5|2|nan|1176,1,0.0162052,0.73112,0.0688813,12.8126,0.426478,0.886179,False,nan|1176,1342294
1,130_bNAb_Combinations|1342294|vc|6|2|nan|1176,1,0.0162052,0.73112,30.9845,12.8126,0.426478,0.886179,False,nan|1176,1342294
1,130_bNAb_Combinations|1342294|vc|7|2|nan|1176,1,0.0162052,0.73112,0.0331812,12.8126,0.426478,0.886179,False,nan|1176,1342294
1,130_bNAb_Combinations|1342294|vc|8|2|nan|1176,1,0.0162052,0.73112,0.285432,12.8126,0.426478,0.886179,False,nan|1176,1342294
1,130_bNAb_Combinations|1342312|cc|1|1|RHPA4259.7|5371,1,0.00162395,0.731129,1.72617,10.4233,0.426868,0.885778,False,nan|RHPA4259.7,1342312
1,130_bNAb_Combinations|1342312|cc|2|1|RHPA4259.7|5371,1,0.00162395,0.731129,4.21641,10.4233,0.426868,0.885778,False,nan|RHPA4259.7,1342312
1,130_bNAb_Combinations|1342312|cc|3|1|RHPA4259.7|5371,1,0.00162395,0.731129,0.526062,10.4233,0.426868,0.885778,False,nan|RHPA4259.7,1342312
1,130_bNAb_Combinations|1342312|cc|4|1|RHPA4259.7|5371,1,0.00162395,0.731129,0.714328,10.4233,0.426868,0.885778,False,nan|RHPA4259.7,1342312
1,130_bNAb_Combinations|1342312|cc|5|1|RHPA4259.7|5371,1,0.00162395,0.731129,0.180758,10.4233,0.426868,0.885778,False,nan|RHPA4259.7,1342312
1,130_bNAb_Combinations|1342312|cc|6|1|RHPA4259.7|5371,1,0.00162395,0.731129,0.802634,10.4233,0.426868,0.885778,False,nan|RHPA4259.7,1342312
1,130_bNAb_Combinations|1342312|cc|7|1|RHPA4259.7|5371,1,0.00162395,0.731129,11.2356,10.4233,0.426868,0.885778,False,nan|RHPA4259.7,1342312
1,130_bNAb_Combinations|1342312|cc|8|1|RHPA4259.7|5371,1,0.00162395,0.731129,0.592067,10.4233,0.426868,0.885778,False,nan|RHPA4259.7,1342312
1,130_bNAb_Combinations|1342312|sample|3|RHPA4259.7|5371,1,0.00148599,0.731132,0.516553,17.0031,0.426868,0.885778,True,VRC07-523LS|RHPA4259.7,1342312
1,130_bNAb_Combinations|1342312|sample|4|RHPA4259.7|5371,1,0.00148599,0.731132,0.598103,17.0031,0.426868,0.885778,True,VRC07-523LS|RHPA4259.7,1342312
1,130_bNAb_Combinations|1342312|vc|1|2|RHPA4259.7|5371,1,0.00162395,0.731129,0.0599333,10.4233,0.426868,0.885778,False,nan|RHPA4259.7,1342312
1,130_bNAb_Combinations|1342312|vc|2|2|RHPA4259.7|5371,1,0.00162395,0.731129,0.0886866,10.4233,0.426868,0.885778,False,nan|RHPA4259.7,1342312
1,130_bNAb_Combinations|1342312|vc|3|2|RHPA4259.7|5371,1,0.00162395,0.731129,0.0790972,10.4233,0.426868,0.885778,False,nan|RHPA4259.7,1342312
1,130_bNAb_Combinations|1342312|vc|4|2|RHPA4259.7|5371,1,0.00162395,0.731129,0.125453,10.4233,0.426868,0.885778,False,nan|RHPA4259.7,1342312
1,130_bNAb_Combinations|1342312|vc|5|2|RHPA4259.7|5371,1,0.00162395,0.731129,1.62918,10.4233,0.426868,0.885778,False,nan|RHPA4259.7,1342312
1,130_bNAb_Combinations|1342312|vc|6|2|RHPA4259.7|5371,1,0.00162395,0.731129,0.0912157,10.4233,0.426868,0.885778,False,nan|RHPA4259.7,1342312
1,130_bNAb_Combinations|1342312|vc|7|2|RHPA4259.7|5371,1,0.00162395,0.731129,0.202156,10.4233,0.426868,0.885778,False,nan|RHPA4259.7,1342312
1,130_bNAb_Combinations|1342312|vc|8|2|RHPA4259.7|5371,1,0.00162395,0.731129,0.0281314,10.4233,0.426868,0.885778,False,nan|RHPA4259.7,1342312
1,130_bNAb_Combinations|1342336|cc|1|1|nan|3430,1,0.0179668,0.731125,2.05846,12.6314,0.426971,0.885395,False,nan|3430,1342336
1,130_bNAb_Combinations|1342336|cc|2|1|nan|3430,1,0.0179668,0.731125,2.02151,12.6314,0.426971,0.885395,False,nan|3430,1342336
1,130_bNAb_Combinations|1342336|cc|3|1|nan|3430,1,0.0179668,0.731125,0.260425,12.6314,0.426971,0.885395,False,nan|3430,1342336
1,130_bNAb_Combinations|1342336|cc|4|1|nan|3430,1,0.0179668,0.731125,1.06204,12.6314,0.426971,0.885395,False,nan|3430,1342336
1,130_bNAb_Combinations|1342336|cc|5|1|nan|3430,1,0.0179668,0.731125,2.18111,12.6314,0.426971,0.885395,False,nan|3430,1342336
1,130_bNAb_Combinations|1342336|cc|6|1|nan|3430,1,0.0179668,0.731125,2.74204,12.6314,0.426971,0.885395,False,nan|3430,1342336
1,130_bNAb_Combinations|1342336|cc|7|1|nan|3430,1,0.0179668,0.731125,0.157055,12.6314,0.426971,0.885395,False,nan|3430,1342336
1,130_bNAb_Combinations|1342336|cc|8|1|nan|3430,1,0.0179668,0.731125,4.81641,12.6314,0.426971,0.885395,False,nan|3430,1342336
1,130_bNAb_Combinations|1342336|sample|3|nan|3430,1,0.0016651,0.731125,0.533704,13.66,0.426971,0.885395,True,VRC07-523LS|3430,1342336
1,130_bNAb_Combinations|1342336|sample|4|nan|3430,1,0.0016651,0.731125,0.478839,13.66,0.426971,0.885395,True,VRC07-523LS|3430,1342336
1,130_bNAb_Combinations|1342336|sample|5|nan|3430,1,0.0016651,0.731125,0.278338,13.66,0.426971,0.885395,True,VRC07-523LS|3430,1342336
1,130_bNAb_Combinations|1342336|vc|1|2|nan|3430,1,0.0179668,0.731125,1.56888,12.6314,0.426971,0.885395,False,nan|3430,1342336
1,130_bNAb_Combinations|1342336|vc|2|2|nan|3430,1,0.0179668,0.731125,53.0837,12.6314,0.426971,0.885395,False,nan|3430,1342336
1,130_bNAb_Combinations|1342336|vc|3|2|nan|3430,1,0.0179668,0.731125,0.953835,12.6314,0.426971,0.885395,False,nan|3430,1342336
1,130_bNAb_Combinations|1342336|vc|4|2|nan|3430,1,0.0179668,0.731125,0.3239,12.6314,0.426971,0.885395,False,nan|3430,1342336
1,130_bNAb_Combinations|1342336|vc|5|2|nan|3430,1,0.0179668,0.731125,0.188293,12.6314,0.426971,0.885395,False,nan|3430,1342336
1,130_bNAb_Combinations|1342336|vc|6|2|nan|3430,1,0.0179668,0.731125,24.8599,12.6314,0.426971,0.885395,False,nan|3430,1342336
1,130_bNAb_Combinations|1342336|vc|7|2|nan|3430,1,0.0179668,0.731125,3.31563,12.6314,0.426971,0.885395,False,nan|3430,1342336
1,130_bNAb_Combinations|1342336|vc|8|2|nan|3430,1,0.0179668,0.731125,22.6533,12.6314,0.426971,0.885395,False,nan|3430,1342336
1,130_bNAb_Combinations|1342348|cc|1|1|nan|4166,1,0.00449511,0.731363,0.337175,12.189,0.426844,0.885779,False,nan|4166,1342348
1,130_bNAb_Combinations|1342348|cc|2|1|nan|4166,1,0.00449511,0.731363,7.00833,12.189,0.426844,0.885779,False,nan|4166,1342348
1,130_bNAb_Combinations|1342348|cc|3|1|nan|4166,1,0.00449511,0.731363,1.81466,12.189,0.426844,0.885779,False,nan|4166,1342348
1,130_bNAb_Combinations|1342348|cc|4|1|nan|4166,1,0.00449511,0.731363,0.757387,12.189,0.426844,0.885779,False,nan|4166,1342348
1,130_bNAb_Combinations|1342348|cc|5|1|nan|4166,1,0.00449511,0.731363,0.338847,12.189,0.426844,0.885779,False,nan|4166,1342348
1,130_bNAb_Combinations|1342348|cc|6|1|nan|4166,1,0.00449511,0.731363,0.393669,12.189,0.426844,0.885779,False,nan|4166,1342348
1,130_bNAb_Combinations|1342348|cc|7|1|nan|4166,1,0.00449511,0.731363,4.01233,12.189,0.426844,0.885779,False,nan|4166,1342348
1,130_bNAb_Combinations|1342348|cc|8|1|nan|4166,1,0.00449511,0.731363,0.967076,12.189,0.426844,0.885779,False,nan|4166,1342348
1,130_bNAb_Combinations|1342348|sample|3|nan|4166,1,0.000640619,0.731131,0.916163,14.4678,0.426844,0.885779,True,VRC07-523LS|4166,1342348
1,130_bNAb_Combinations|1342348|sample|4|nan|4166,1,0.000640619,0.731131,1.0211,14.4678,0.426844,0.885779,True,VRC07-523LS|4166,1342348
1,130_bNAb_Combinations|1342348|vc|1|2|nan|4166,1,0.00449511,0.731363,0.439028,12.189,0.426844,0.885779,False,nan|4166,1342348
1,130_bNAb_Combinations|1342348|vc|2|2|nan|4166,1,0.00449511,0.731363,0.0670386,12.189,0.426844,0.885779,False,nan|4166,1342348
1,130_bNAb_Combinations|1342348|vc|3|2|nan|4166,1,0.00449511,0.731363,0.936623,12.189,0.426844,0.885779,False,nan|4166,1342348
1,130_bNAb_Combinations|1342348|vc|4|2|nan|4166,1,0.00449511,0.731363,0.363445,12.189,0.426844,0.885779,False,nan|4166,1342348
1,130_bNAb_Combinations|1342348|vc|5|2|nan|4166,1,0.00449511,0.731363,10.2949,12.189,0.426844,0.885779,False,nan|4166,1342348
1,130_bNAb_Combinations|1342348|vc|6|2|nan|4166,1,0.00449511,0.731363,6.9582,12.189,0.426844,0.885779,False,nan|4166,1342348
1,130_bNAb_Combinations|1342348|vc|7|2|nan|4166,1,0.00449511,0.731363,16.6679,12.189,0.426844,0.885779,False,nan|4166,1342348
1,130_bNAb_Combinations|1342348|vc|8|2|nan|4166,1,0.00449511,0.731363,2.76356,12.189,0.426844,0.885779,False,nan|4166,1342348
1,130_bNAb_Combinations|1342372|cc|1|1|nan|2944,1,0.00380019,0.731141,4.61469,10.6232,0.4263,0.885778,False,nan|2944,1342372
1,130_bNAb_Combinations|1342372|cc|2|1|nan|2944,1,0.00380019,0.731141,5.13446,10.6232,0.4263,0.885778,False,nan|2944,1342372
1,130_bNAb_Combinations|1342372|cc|3|1|nan|2944,1,0.00380019,0.731141,16.1594,10.6232,0.4263,0.885778,False,nan|2944,1342372
1,130_bNAb_Combinations|1342372|cc|4|1|nan|2944,1,0.00380019,0.731141,41.6666,10.6232,0.4263,0.885778,False,nan|2944,1342372
1,130_bNAb_Combinations|1342372|cc|5|1|nan|2944,1,0.00380019,0.731141,7.37977,10.6232,0.4263,0.885778,False,nan|2944,1342372
1,130_bNAb_Combinations|1342372|cc|6|1|nan|2944,1,0.00380019,0.731141,15.1794,10.6232,0.4263,0.885778,False,nan|2944,1342372
1,130_bNAb_Combinations|1342372|cc|7|1|nan|2944,1,0.00380019,0.731141,0.894806,10.6232,0.4263,0.885778,False,nan|2944,1342372
1,130_bNAb_Combinations|1342372|cc|8|1|nan|2944,1,0.00380019,0.731141,0.0752575,10.6232,0.4263,0.885778,False,nan|2944,1342372
1,130_bNAb_Combinations|1342372|sample|3|nan|2944,1,0.00188536,0.73113,0.350203,12.1095,0.4263,0.885778,True,VRC07-523LS|2944,1342372
1,130_bNAb_Combinations|1342372|sample|4|nan|2944,1,0.00188536,0.73113,0.387244,12.1095,0.4263,0.885778,True,VRC07-523LS|2944,1342372
1,130_bNAb_Combinations|1342372|vc|1|2|nan|2944,1,0.00380019,0.731141,0.755182,10.6232,0.4263,0.885778,False,nan|2944,1342372
1,130_bNAb_Combinations|1342372|vc|2|2|nan|2944,1,0.00380019,0.731141,0.877511,10.6232,0.4263,0.885778,False,nan|2944,1342372
1,130_bNAb_Combinations|1342372|vc|3|2|nan|2944,1,0.00380019,0.731141,3.94856,10.6232,0.4263,0.885778,False,nan|2944,1342372
1,130_bNAb_Combinations|1342372|vc|4|2|nan|2944,1,0.00380019,0.731141,0.109092,10.6232,0.4263,0.885778,False,nan|2944,1342372
1,130_bNAb_Combinations|1342372|vc|5|2|nan|2944,1,0.00380019,0.731141,0.688808,10.6232,0.4263,0.885778,False,nan|2944,1342372
1,130_bNAb_Combinations|1342372|vc|6|2|nan|2944,1,0.00380019,0.731141,0.120316,10.6232,0.4263,0.885778,False,nan|2944,1342372
1,130_bNAb_Combinations|1342372|vc|7|2|nan|2944,1,0.00380019,0.731141,0.206489,10.6232,0.4263,0.885778,False,nan|2944,1342372
1,130_bNAb_Combinations|1342372|vc|8|2|nan|2944,1,0.00380019,0.731141,1.2864,10.6232,0.4263,0.885778,False,nan|2944,1342372
1,130_bNAb_Combinations|1342384|cc|1|1|nan|2946,1,0.0176236,0.73114,0.456277,11.1166,0.426969,0.885784,False,nan|2946,1342384
1,130_bNAb_Combinations|1342384|cc|2|1|nan|2946,1,0.0176236,0.73114,8.34407,11.1166,0.426969,0.885784,False,nan|2946,1342384
1,130_bNAb_Combinations|1342384|cc|3|1|nan|2946,1,0.0176236,0.73114,4.31336,11.1166,0.426969,0.885784,False,nan|2946,1342384
1,130_bNAb_Combinations|1342384|cc|4|1|nan|2946,1,0.0176236,0.73114,3.43412,11.1166,0.426969,0.885784,False,nan|2946,1342384
1,130_bNAb_Combinations|1342384|cc|5|1|nan|2946,1,0.0176236,0.73114,0.473497,11.1166,0.426969,0.885784,False,nan|2946,1342384
1,130_bNAb_Combinations|1342384|cc|6|1|nan|2946,1,0.0176236,0.73114,20.7767,11.1166,0.426969,0.885784,False,nan|2946,1342384
1,130_bNAb_Combinations|1342384|cc|7|1|nan|2946,1,0.0176236,0.73114,4.83349,11.1166,0.426969,0.885784,False,nan|2946,1342384
1,130_bNAb_Combinations|1342384|cc|8|1|nan|2946,1,0.0176236,0.73114,0.0640599,11.1166,0.426969,0.885784,False,nan|2946,1342384
1,130_bNAb_Combinations|1342384|sample|3|nan|2946,1,0.00187233,0.73109,0.0915384,8.06333,0.426969,0.885784,True,VRC07-523LS|2946,1342384
1,130_bNAb_Combinations|1342384|sample|4|nan|2946,1,0.00187233,0.73109,0.0804314,8.06333,0.426969,0.885784,True,VRC07-523LS|2946,1342384
1,130_bNAb_Combinations|1342384|vc|1|2|nan|2946,1,0.0176236,0.73114,0.457663,11.1166,0.426969,0.885784,False,nan|2946,1342384
1,130_bNAb_Combinations|1342384|vc|2|2|nan|2946,1,0.0176236,0.73114,7.89325,11.1166,0.426969,0.885784,False,nan|2946,1342384
1,130_bNAb_Combinations|1342384|vc|3|2|nan|2946,1,0.0176236,0.73114,0.158398,11.1166,0.426969,0.885784,False,nan|2946,1342384
1,130_bNAb_Combinations|1342384|vc|4|2|nan|2946,1,0.0176236,0.73114,0.846191,11.1166,0.426969,0.885784,False,nan|2946,1342384
1,130_bNAb_Combinations|1342384|vc|5|2|nan|2946,1,0.0176236,0.73114,113.959,11.1166,0.426969,0.885784,False,nan|2946,1342384
1,130_bNAb_Combinations|1342384|vc|6|2|nan|2946,1,0.0176236,0.73114,1.01775,11.1166,0.426969,0.885784,False,nan|2946,1342384
1,130_bNAb_Combinations|1342384|vc|7|2|nan|2946,1,0.0176236,0.73114,0.230712,11.1166,0.426969,0.885784,False,nan|2946,1342384
1,130_bNAb_Combinations|1342384|vc|8|2|nan|2946,1,0.0176236,0.73114,0.814583,11.1166,0.426969,0.885784,False,nan|2946,1342384
1,130_bNAb_Combinations|1342396|cc|1|1|PVO.4|5024,1,0.00239661,0.731303,0.0115645,11.4573,0.426845,0.885757,False,nan|PVO.4,1342396
1,130_bNAb_Combinations|1342396|cc|2|1|PVO.4|5024,1,0.00239661,0.731303,1.29843,11.4573,0.426845,0.885757,False,nan|PVO.4,1342396
1,130_bNAb_Combinations|1342396|cc|3|1|PVO.4|5024,1,0.00239661,0.731303,0.102106,11.4573,0.426845,0.885757,False,nan|PVO.4,1342396
1,130_bNAb_Combinations|1342396|cc|4|1|PVO.4|5024,1,0.00239661,0.731303,0.213625,11.4573,0.426845,0.885757,False,nan|PVO.4,1342396
1,130_bNAb_Combinations|1342396|cc|5|1|PVO.4|5024,1,0.00239661,0.731303,110.298,11.4573,0.426845,0.885757,False,nan|PVO.4,1342396
1,130_bNAb_Combinations|1342396|cc|6|1|PVO.4|5024,1,0.00239661,0.731303,0.30212,11.4573,0.426845,0.885757,False,nan|PVO.4,1342396
1,130_bNAb_Combinations|1342396|cc|7|1|PVO.4|5024,1,0.00239661,0.731303,149.26,11.4573,0.426845,0.885757,False,nan|PVO.4,1342396
1,130_bNAb_Combinations|1342396|cc|8|1|PVO.4|5024,1,0.00239661,0.731303,2.06588,11.4573,0.426845,0.885757,False,nan|PVO.4,1342396
1,130_bNAb_Combinations|1342396|sample|3|PVO.4|5024,1,0.000934274,0.731125,0.261962,11.397,0.426845,0.885757,True,VRC07-523LS|PVO.4,1342396
1,130_bNAb_Combinations|1342396|sample|4|PVO.4|5024,1,0.000934274,0.731125,0.199481,11.397,0.426845,0.885757,True,VRC07-523LS|PVO.4,1342396
1,130_bNAb_Combinations|1342396|vc|1|2|PVO.4|5024,1,0.00239661,0.731303,0.545297,11.4573,0.426845,0.885757,False,nan|PVO.4,1342396
1,130_bNAb_Combinations|1342396|vc|2|2|PVO.4|5024,1,0.00239661,0.731303,0.255206,11.4573,0.426845,0.885757,False,nan|PVO.4,1342396
1,130_bNAb_Combinations|1342396|vc|3|2|PVO.4|5024,1,0.00239661,0.731303,8.50245,11.4573,0.426845,0.885757,False,nan|PVO.4,1342396
1,130_bNAb_Combinations|1342396|vc|4|2|PVO.4|5024,1,0.00239661,0.731303,0.0139715,11.4573,0.426845,0.885757,False,nan|PVO.4,1342396
1,130_bNAb_Combinations|1342396|vc|5|2|PVO.4|5024,1,0.00239661,0.731303,0.389107,11.4573,0.426845,0.885757,False,nan|PVO.4,1342396
1,130_bNAb_Combinations|1342396|vc|6|2|PVO.4|5024,1,0.00239661,0.731303,218.84,11.4573,0.426845,0.885757,False,nan|PVO.4,1342396
1,130_bNAb_Combinations|1342396|vc|7|2|PVO.4|5024,1,0.00239661,0.731303,0.952449,11.4573,0.426845,0.885757,False,nan|PVO.4,1342396
1,130_bNAb_Combinations|1342396|vc|8|2|PVO.4|5024,1,0.00239661,0.731303,14.5541,11.4573,0.426845,0.885757,False,nan|PVO.4,1342396
1,130_bNAb_Combinations|1342408|cc|1|1|nan|4168,1,0.0106525,0.731156,10.5473,12.0613,0.426905,0.885264,False,nan|4168,1342408
1,130_bNAb_Combinations|1342408|cc|2|1|nan|4168,1,0.0106525,0.731156,7.15157,12.0613,0.426905,0.885264,False,nan|4168,1342408
1,130_bNAb_Combinations|1342408|cc|3|1|nan|4168,1,0.0106525,0.731156,0.803715,12.0613,0.426905,0.885264,False,nan|4168,1342408
1,130_bNAb_Combinations|1342408|cc|4|1|nan|4168,1,0.0106525,0.731156,0.154057,12.0613,0.426905,0.885264,False,nan|4168,1342408
1,130_bNAb_Combinations|1342408|cc|5|1|nan|4168,1,0.0106525,0.731156,1.79947,12.0613,0.426905,0.885264,False,nan|4168,1342408
1,130_bNAb_Combinations|1342408|cc|6|1|nan|4168,1,0.0106525,0.731156,2.62423,12.0613,0.426905,0.885264,False,nan|4168,1342408
1,130_bNAb_Combinations|1342408|cc|7|1|nan|4168,1,0.0106525,0.731156,4.53325,12.0613,0.426905,0.885264,False,nan|4168,1342408
1,130_bNAb_Combinations|1342408|cc|8|1|nan|4168,1,0.0106525,0.731156,1.46384,12.0613,0.426905,0.885264,False,nan|4168,1342408
1,130_bNAb_Combinations|1342408|sample|3|nan|4168,1,0.000444461,0.731161,0.192477,6.85803,0.426905,0.885264,True,VRC07-523LS|4168,1342408
1,130_bNAb_Combinations|1342408|sample|4|nan|4168,1,0.000444461,0.731161,0.194613,6.85803,0.426905,0.885264,True,VRC07-523LS|4168,1342408
1,130_bNAb_Combinations|1342408|vc|1|2|nan|4168,1,0.0106525,0.731156,2.52076,12.0613,0.426905,0.885264,False,nan|4168,1342408
1,130_bNAb_Combinations|1342408|vc|2|2|nan|4168,1,0.0106525,0.731156,0.0443566,12.0613,0.426905,0.885264,False,nan|4168,1342408
1,130_bNAb_Combinations|1342408|vc|3|2|nan|4168,1,0.0106525,0.731156,0.0380039,12.0613,0.426905,0.885264,False,nan|4168,1342408
1,130_bNAb_Combinations|1342408|vc|4|2|nan|4168,1,0.0106525,0.731156,4.02664,12.0613,0.426905,0.885264,False,nan|4168,1342408
1,130_bNAb_Combinations|1342408|vc|5|2|nan|4168,1,0.0106525,0.731156,0.0866126,12.0613,0.426905,0.885264,False,nan|4168,1342408
1,130_bNAb_Combinations|1342408|vc|6|2|nan|4168,1,0.0106525,0.731156,0.208705,12.0613,0.426905,0.885264,False,nan|4168,1342408
1,130_bNAb_Combinations|1342408|vc|7|2|nan|4168,1,0.0106525,0.731156,0.333767,12.0613,0.426905,0.885264,False,nan|4168,1342408
1,130_bNAb_Combinations|1342408|vc|8|2|nan|4168,1,0.0106525,0.731156,0.982066,12.0613,0.426905,0.885264,False,nan|4168,1342408
1,704_VRC01_Concordance|1200432|cc|1|1|PVO.4|5024,1,0.00239661,0.731303,0.203305,11.4573,0.426845,0.885779,False,nan|PVO.4,1200432
1,704_VRC01_Concordance|1200432|cc|2|1|PVO.4|5024,1,0.00239661,0.731303,1.55296,11.4573,0.426845,0.885779,False,nan|PVO.4,1200432
1,704_VRC01_Concordance|1200432|cc|3|1|PVO.4|5024,1,0.00239661,0.731303,1.33606,11.4573,0.426845,0.885779,False,nan|PVO.4,1200432
1,704_VRC01_Concordance|1200432|cc|4|1|PVO.4|5024,1,0.00239661,0.731303,0.193569,11.4573,0.426845,0.885779,False,nan|PVO.4,1200432
1,704_VRC01_Concordance|1200432|cc|5|1|PVO.4|5024,1,0.00239661,0.731303,0.607159,11.4573,0.426845,0.885779,False,nan|PVO.4,1200432
1,704_VRC01_Concordance|1200432|cc|6|1|PVO.4|5024,1,0.00239661,0.731303,0.699299,11.4573,0.426845,0.885779,False,nan|PVO.4,1200432
1,704_VRC01_Concordance|1200432|cc|7|1|PVO.4|5024,1,0.00239661,0.731303,10.8618,11.4573,0.426845,0.885779,False,nan|PVO.4,1200432
1,704_VRC01_Concordance|1200432|cc|8|1|PVO.4|5024,1,0.00239661,0.731303,3.34532,11.4573,0.426845,0.885779,False,nan|PVO.4,1200432
1,704_VRC01_Concordance|1200432|sample|10|PVO.4|5024,1,0.00258784,0.73113,0.0502881,9.19162,0.426845,0.885779,True,Clinical VRC01|PVO.4,1200432
1,704_VRC01_Concordance|1200432|sample|11|PVO.4|5024,1,0.00258784,0.73113,0.0858804,9.19162,0.426845,0.885779,True,Clinical VRC01|PVO.4,1200432
1,704_VRC01_Concordance|1200432|sample|12|PVO.4|5024,1,0.00258784,0.73113,0.0748685,9.19162,0.426845,0.885779,True,Clinical VRC01|PVO.4,1200432
1,704_VRC01_Concordance|1200432|sample|3|PVO.4|5024,1,0.00258784,0.73113,0.118768,9.19162,0.426845,0.885779,True,Clinical VRC01|PVO.4,1200432
1,704_VRC01_Concordance|1200432|sample|4|PVO.4|5024,1,0.00258784,0.73113,0.0647214,9.19162,0.426845,0.885779,True,Clinical VRC01|PVO.4,1200432
1,704_VRC01_Concordance|1200432|sample|5|PVO.4|5024,1,0.00258784,0.73113,0.0626024,9.19162,0.426845,0.885779,True,Clinical VRC01|PVO.4,1200432
1,704_VRC01_Concordance|1200432|sample|6|PVO.4|5024,1,0.00258784,0.73113,0.048725,9.19162,0.426845,0.885779,True,Clinical VRC01|PVO.4,1200432
1,704_VRC01_Concordance|1200432|sample|7|PVO.4|5024,1,0.00258784,0.73113,0.0956,9.19162,0.426845,0.885779,True,Clinical VRC01|PVO.4,1200432
1,704_VRC01_Concordance|1200432|sample|8|PVO.4|5024,1,0.00258784,0.73113,0.0790503,9.19162,0.426845,0.885779,True,Clinical VRC01|PVO.4,1200432
1,704_VRC01_Concordance|1200432|sample|9|PVO.4|5024,1,0.00258784,0.73113,0.0686234,9.19162,0.426845,0.885779,True,Clinical VRC01|PVO.4,1200432
1,704_VRC01_Concordance|1200432|vc|1|2|PVO.4|5024,1,0.00239661,0.731303,0.0137504,11.4573,0.426845,0.885779,False,nan|PVO.4,1200432
1,704_VRC01_Concordance|1200432|vc|2|2|PVO.4|5024,1,0.00239661,0.731303,7.7326,11.4573,0.426845,0.885779,False,nan|PVO.4,1200432
1,704_VRC01_Concordance|1200432|vc|3|2|PVO.4|5024,1,0.00239661,0.731303,7.84487,11.4573,0.426845,0.885779,False,nan|PVO.4,1200432
1,704_VRC01_Concordance|1200432|vc|4|2|PVO.4|5024,1,0.00239661,0.731303,0.409175,11.4573,0.426845,0.885779,False,nan|PVO.4,1200432
1,704_VRC01_Concordance|1200432|vc|5|2|PVO.4|5024,1,0.00239661,0.731303,1.95422,11.4573,0.426845,0.885779,False,nan|PVO.4,1200432
1,704_VRC01_Concordance|1200432|vc|6|2|PVO.4|5024,1,0.00239661,0.731303,0.0392152,11.4573,0.426845,0.885779,False,nan|PVO.4,1200432
1,704_VRC01_Concordance|1200432|vc|7|2|PVO.4|5024,1,0.00239661,0.731303,11.0409,11.4573,0.426845,0.885779,False,nan|PVO.4,1200432
1,704_VRC01_Concordance|1200432|vc|8|2|PVO.4|5024,1,0.00239661,0.731303,69.3041,11.4573,0.426845,0.885779,False,nan|PVO.4,1200432
