id,eta_U_SAEM,eta_L_SAEM,eta_m_SAEM,eta_e_SAEM,eta_s_SAEM,eta_alpha_SAEM,eta_k_SAEM,eta_U_mode,eta_L_mode,eta_m_mode,eta_e_mode,eta_s_mode,eta_alpha_mode,eta_k_mode,goes_down,mab_virus,run_id
130_bNAb_Combinations|1313842|cc|1|1|nan|2946,0,1.17067,-5.03815e-09,0,-0.117193,0,0,0,-5.00891e-08,3.33067e-15,0,1.32839e-07,0,0,False,nan|2946,1313842
130_bNAb_Combinations|1313842|cc|2|1|nan|2946,0,0.347304,4.05802e-09,0,-0.291776,0,0,0,-1.01933e-08,1.11022e-15,0,-8.35137e-08,0,0,False,nan|2946,1313842
130_bNAb_Combinations|1313842|cc|3|1|nan|2946,0,1.46973,-3.42845e-10,0,-0.168971,0,0,0,-1.55878e-07,-2.88658e-15,0,3.45912e-07,0,0,False,nan|2946,1313842
130_bNAb_Combinations|1313842|cc|4|1|nan|2946,0,-0.60949,-2.15018e-09,0,-0.013729,0,0,0,3.61092e-07,-3.55271e-15,0,2.53402e-07,0,0,False,nan|2946,1313842
130_bNAb_Combinations|1313842|cc|5|1|nan|2946,0,-0.431641,4.53562e-09,0,-0.1173,0,0,0,-3.68999e-07,-1.33227e-15,0,1.56962e-08,0,0,False,nan|2946,1313842
130_bNAb_Combinations|1313842|cc|6|1|nan|2946,0,-0.465344,-5.69215e-09,0,0.179421,0,0,0,6.48252e-07,2.22045e-16,0,1.55684e-07,0,0,False,nan|2946,1313842
130_bNAb_Combinations|1313842|cc|7|1|nan|2946,0,-1.12322,1.59104e-09,0,0.765891,0,0,0,5.33288e-07,-2.22045e-16,0,4.41893e-07,0,0,False,nan|2946,1313842
130_bNAb_Combinations|1313842|cc|8|1|nan|2946,0,-1.35112,-6.56007e-09,0,0.190939,0,0,0,-7.79235e-08,5.55112e-15,0,1.18527e-07,0,0,False,nan|2946,1313842
130_bNAb_Combinations|1313842|sample|10|nan|2946,0,-12.1598,-5.34473e-09,0,0.927254,0,0,0,-7.35086,-3.55271e-15,0,0.923719,0,0,True,PGT121|2946,1313842
130_bNAb_Combinations|1313842|sample|11|nan|2946,0,-12.0325,9.38882e-09,0,0.752115,0,0,0,-8.42085,1.06581e-14,0,0.754745,0,0,True,VRC07-523LS|2946,1313842
130_bNAb_Combinations|1313842|sample|12|nan|2946,0,-10.6378,6.72319e-09,0,0.897561,0,0,0,-6.95697,8.88178e-16,0,0.855364,0,0,True,VRC07-523LS|2946,1313842
130_bNAb_Combinations|1313842|sample|3|nan|2946,0,-1.6301,-6.52331e-09,0,3.73063,0,0,0,-1.6967,0,0,2.87479,0,0,True,PGDM1400|2946,1313842
130_bNAb_Combinations|1313842|sample|4|nan|2946,0,-1.84623,-3.55952e-09,0,3.69872,0,0,0,-1.77101,1.68754e-14,0,3.15427,0,0,True,PGDM1400|2946,1313842
130_bNAb_Combinations|1313842|sample|5|nan|2946,0,-2.72491,-4.64092e-10,0,0.478358,0,0,0,-2.3365,9.76996e-14,0,0.668166,0,0,True,PGDM1400|2946,1313842
130_bNAb_Combinations|1313842|sample|6|nan|2946,0,-9.11009,-9.58272e-10,0,0.277976,0,0,0,-3.58829,-3.73035e-14,0,0.209563,0,0,True,PGDM1400|2946,1313842
130_bNAb_Combinations|1313842|sample|7|nan|2946,0,-13.2272,-1.47519e-09,0,0.859844,0,0,0,-6.35957,-7.10543e-15,0,0.899696,0,0,True,PGT121|2946,1313842
130_bNAb_Combinations|1313842|sample|8|nan|2946,0,-13.5005,-4.15339e-09,0,0.857421,0,0,0,-4.83479,3.37508e-14,0,0.973852,0,0,True,PGT121|2946,1313842
130_bNAb_Combinations|1313842|sample|9|nan|2946,0,-11.3729,5.85646e-09,0,0.994379,0,0,0,-7.21007,2.66454e-15,0,0.977885,0,0,True,PGT121|2946,1313842
130_bNAb_Combinations|1313842|vc|1|2|nan|2946,0,-1.2433,1.66869e-09,0,0.961478,0,0,0,3.95284e-07,-3.77476e-15,0,-1.54832e-07,0,0,False,nan|2946,1313842
130_bNAb_Combinations|1313842|vc|2|2|nan|2946,0,0.378337,-2.57943e-09,0,-0.0696476,0,0,0,-2.81534e-07,-5.10703e-15,0,-1.33137e-07,0,0,False,nan|2946,1313842
130_bNAb_Combinations|1313842|vc|3|2|nan|2946,0,-0.807988,1.78048e-10,0,0.127174,0,0,0,2.82123e-07,2.88658e-15,0,1.23862e-07,0,0,False,nan|2946,1313842
130_bNAb_Combinations|1313842|vc|4|2|nan|2946,0,1.64577,4.27009e-09,0,0.287155,0,0,0,-2.32833e-07,3.55271e-15,0,2.37539e-07,0,0,False,nan|2946,1313842
130_bNAb_Combinations|1313842|vc|5|2|nan|2946,0,-0.65889,1.79425e-09,0,0.0414257,0,0,0,7.0522e-09,1.9984e-15,0,-1.14401e-07,0,0,False,nan|2946,1313842
130_bNAb_Combinations|1313842|vc|6|2|nan|2946,0,-0.513205,1.4372e-09,0,0.2365,0,0,0,-1.52479e-08,4.44089e-15,0,-6.72143e-08,0,0,False,nan|2946,1313842
130_bNAb_Combinations|1313842|vc|7|2|nan|2946,0,0.162337,-3.7984e-09,0,-0.163,0,0,0,6.87232e-07,4.21885e-15,0,7.17546e-08,0,0,False,nan|2946,1313842
130_bNAb_Combinations|1313842|vc|8|2|nan|2946,0,-0.221624,6.54481e-09,0,0.177318,0,0,0,-2.281e-07,2.22045e-16,0,-3.405e-07,0,0,False,nan|2946,1313842
130_bNAb_Combinations|1313860|cc|1|1|PVO.4|5024,0,0.108891,-2.23789e-09,0,-0.83611,0,0,0,2.07008e-07,3.33067e-15,0,-2.23637e-07,0,0,False,nan|PVO.4,1313860
130_bNAb_Combinations|1313860|cc|2|1|PVO.4|5024,0,-0.00277237,1.53277e-09,0,0.189386,0,0,0,1.66634e-07,1.77636e-15,0,3.86034e-08,0,0,False,nan|PVO.4,1313860
130_bNAb_Combinations|1313860|cc|3|1|PVO.4|5024,0,0.768441,-1.36926e-09,0,-0.791047,0,0,0,5.2774e-08,-2.22045e-16,0,-3.28901e-08,0,0,False,nan|PVO.4,1313860
130_bNAb_Combinations|1313860|cc|4|1|PVO.4|5024,0,0.0327336,2.32889e-09,0,0.253451,0,0,0,-5.71383e-07,-2.22045e-16,0,-4.3167e-07,0,0,False,nan|PVO.4,1313860
130_bNAb_Combinations|1313860|cc|5|1|PVO.4|5024,0,0.218831,-5.42168e-09,0,0.023523,0,0,0,-2.97071e-07,3.55271e-15,0,-1.69344e-07,0,0,False,nan|PVO.4,1313860
130_bNAb_Combinations|1313860|cc|6|1|PVO.4|5024,0,-0.411457,-4.26898e-09,0,0.275052,0,0,0,3.05171e-07,-1.9984e-15,0,-3.29194e-07,0,0,False,nan|PVO.4,1313860
130_bNAb_Combinations|1313860|cc|7|1|PVO.4|5024,0,0.399948,5.45638e-09,0,0.43642,0,0,0,7.26085e-07,-2.22045e-16,0,-1.99518e-08,0,0,False,nan|PVO.4,1313860
130_bNAb_Combinations|1313860|cc|8|1|PVO.4|5024,0,0.387211,-1.5817e-09,0,-0.224867,0,0,0,-2.52868e-07,-1.77636e-15,0,-1.6209e-07,0,0,False,nan|PVO.4,1313860
130_bNAb_Combinations|1313860|sample|10|PVO.4|5024,0,-14.6189,4.31297e-09,0,2.01444,0,0,0,-7.58021,-6.66134e-16,0,2.14804,0,0,True,PGT121|PVO.4,1313860
130_bNAb_Combinations|1313860|sample|11|PVO.4|5024,0,-11.4027,-3.24637e-09,0,2.68167,0,0,0,-7.55345,-3.15303e-14,0,2.67613,0,0,True,VRC07-523LS|PVO.4,1313860
130_bNAb_Combinations|1313860|sample|12|PVO.4|5024,0,-13.1402,1.5872e-08,0,3.20396,0,0,0,-7.49031,-3.21965e-14,0,3.14426,0,0,True,VRC07-523LS|PVO.4,1313860
130_bNAb_Combinations|1313860|sample|3|PVO.4|5024,0,-2.07544,-8.74177e-10,0,2.4706,0,0,0,-2.17679,-1.68754e-14,0,2.59717,0,0,True,PGDM1400|PVO.4,1313860
130_bNAb_Combinations|1313860|sample|4|PVO.4|5024,0,-2.0836,-7.71401e-09,0,2.73221,0,0,0,-2.1301,5.06262e-14,0,2.53572,0,0,True,PGDM1400|PVO.4,1313860
130_bNAb_Combinations|1313860|sample|5|PVO.4|5024,0,-10.8988,-5.26075e-09,0,0.354383,0,0,0,-7.25809,8.88178e-16,0,0.326585,0,0,True,PGDM1400|PVO.4,1313860
130_bNAb_Combinations|1313860|sample|6|PVO.4|5024,0,-12.0948,-9.06488e-09,0,0.366575,0,0,0,-6.87048,1.15463e-14,0,0.369828,0,0,True,PGDM1400|PVO.4,1313860
130_bNAb_Combinations|1313860|sample|7|PVO.4|5024,0,-12.2099,5.87672e-09,0,1.99813,0,0,0,-6.79939,-1.33227e-15,0,2.05161,0,0,True,PGT121|PVO.4,1313860
130_bNAb_Combinations|1313860|sample|8|PVO.4|5024,0,-14.0273,-4.88015e-09,0,2.02186,0,0,0,-6.75402,-1.15463e-14,0,2.06603,0,0,True,PGT121|PVO.4,1313860
130_bNAb_Combinations|1313860|sample|9|PVO.4|5024,0,-12.9744,4.6868e-09,0,2.10455,0,0,0,-7.06973,-9.76996e-15,0,2.18671,0,0,True,PGT121|PVO.4,1313860
130_bNAb_Combinations|1313860|vc|1|2|PVO.4|5024,0,-0.376813,-5.19728e-09,0,0.182135,0,0,0,2.47738e-07,1.11022e-15,0,-1.942e-07,0,0,False,nan|PVO.4,1313860
130_bNAb_Combinations|1313860|vc|2|2|PVO.4|5024,0,1.12671,-3.85649e-09,0,0.594405,0,0,0,-5.82249e-07,4.44089e-16,0,1.69509e-07,0,0,False,nan|PVO.4,1313860
130_bNAb_Combinations|1313860|vc|3|2|PVO.4|5024,0,0.153641,-5.44977e-09,0,0.327749,0,0,0,-1.22008e-07,8.88178e-16,0,-9.66348e-08,0,0,False,nan|PVO.4,1313860
130_bNAb_Combinations|1313860|vc|4|2|PVO.4|5024,0,-0.283216,1.40358e-09,0,-0.402852,0,0,0,-4.35537e-07,8.88178e-16,0,-1.58793e-08,0,0,False,nan|PVO.4,1313860
130_bNAb_Combinations|1313860|vc|5|2|PVO.4|5024,0,0.712517,-5.55699e-09,0,0.0590869,0,0,0,-5.13215e-07,-4.66294e-15,0,-3.40376e-07,0,0,False,nan|PVO.4,1313860
130_bNAb_Combinations|1313860|vc|6|2|PVO.4|5024,0,0.0208994,4.53049e-09,0,0.299264,0,0,0,4.64102e-07,9.76996e-15,0,1.21364e-07,0,0,False,nan|PVO.4,1313860
130_bNAb_Combinations|1313860|vc|7|2|PVO.4|5024,0,-1.07015,-4.31191e-09,0,0.922686,0,0,0,4.14114e-07,2.22045e-15,0,2.64931e-07,0,0,False,nan|PVO.4,1313860
130_bNAb_Combinations|1313860|vc|8|2|PVO.4|5024,0,-1.77774,-6.6009e-09,0,0.452309,0,0,0,7.24401e-07,8.88178e-16,0,-2.10472e-07,0,0,False,nan|PVO.4,1313860
130_bNAb_Combinations|1313884|cc|1|1|nan|4168,0,-0.427592,-3.55502e-09,0,-0.22876,0,0,0,-4.23955e-07,2.88658e-15,0,2.03212e-07,0,0,False,nan|4168,1313884
130_bNAb_Combinations|1313884|cc|2|1|nan|4168,0,-0.207571,-1.80874e-09,0,0.177149,0,0,0,5.11051e-08,-3.9968e-15,0,-8.24829e-09,0,0,False,nan|4168,1313884
130_bNAb_Combinations|1313884|cc|3|1|nan|4168,0,0.794257,1.28704e-08,0,0.713193,0,0,0,-1.9364e-07,6.66134e-16,0,-2.25054e-07,0,0,False,nan|4168,1313884
130_bNAb_Combinations|1313884|cc|4|1|nan|4168,0,-0.153949,-5.9531e-09,0,-0.407582,0,0,0,6.00207e-07,3.33067e-15,0,1.90826e-08,0,0,False,nan|4168,1313884
130_bNAb_Combinations|1313884|cc|5|1|nan|4168,0,0.129401,4.84486e-09,0,0.204,0,0,0,-4.13093e-07,2.66454e-15,0,4.05566e-07,0,0,False,nan|4168,1313884
130_bNAb_Combinations|1313884|cc|6|1|nan|4168,0,-0.180481,6.66517e-09,0,-0.341873,0,0,0,4.5264e-07,-6.66134e-16,0,5.46046e-07,0,0,False,nan|4168,1313884
130_bNAb_Combinations|1313884|cc|7|1|nan|4168,0,-0.117484,-5.40225e-09,0,0.24807,0,0,0,-4.81711e-07,-3.10862e-15,0,-4.14716e-08,0,0,False,nan|4168,1313884
130_bNAb_Combinations|1313884|cc|8|1|nan|4168,0,0.556053,-2.21543e-09,0,-0.0031041,0,0,0,2.77294e-07,0,0,-1.0997e-07,0,0,False,nan|4168,1313884
130_bNAb_Combinations|1313884|sample|10|nan|4168,0,-2.24751,-8.21048e-09,0,4.67382,0,0,0,-2.16122,-4.4853e-14,0,5.26257,0,0,True,PGT121|4168,1313884
130_bNAb_Combinations|1313884|sample|11|nan|4168,0,-10.1629,-7.3703e-09,0,1.52646,0,0,0,-4.56227,1.11688e-13,0,1.74884,0,0,True,VRC07-523LS|4168,1313884
130_bNAb_Combinations|1313884|sample|12|nan|4168,0,-5.15235,-1.04533e-08,0,1.78518,0,0,0,-4.8683,-1.08802e-13,0,1.89604,0,0,True,VRC07-523LS|4168,1313884
130_bNAb_Combinations|1313884|sample|3|nan|4168,0,-8.20554,-9.5336e-09,0,0.24926,0,0,0,-3.04487,4.44089e-15,0,0.100487,0,0,True,PGDM1400|4168,1313884
130_bNAb_Combinations|1313884|sample|4|nan|4168,0,-0.650951,7.85949e-10,0,5.40906,0,0,0,-2.95308,-1.77636e-15,0,0.0918507,0,0,True,PGDM1400|4168,1313884
130_bNAb_Combinations|1313884|sample|5|nan|4168,0,-11.8438,-1.27422e-08,0,0.116111,0,0,0,-6.59864,0,0,0.119697,0,0,True,PGDM1400|4168,1313884
130_bNAb_Combinations|1313884|sample|6|nan|4168,0,-12.0079,-4.20223e-09,0,0.0956024,0,0,0,-6.48997,0,0,0.115747,0,0,True,PGDM1400|4168,1313884
130_bNAb_Combinations|1313884|sample|7|nan|4168,0,-1.53591,1.63206e-08,0,5.92044,0,0,0,-1.8792,-9.4369e-15,0,4.3416,0,0,True,PGT121|4168,1313884
130_bNAb_Combinations|1313884|sample|8|nan|4168,0,-1.93687,-1.02863e-08,0,4.72965,0,0,0,-1.95796,-1.45439e-14,0,4.50647,0,0,True,PGT121|4168,1313884
130_bNAb_Combinations|1313884|sample|9|nan|4168,0,-2.23724,1.92117e-08,0,3.22128,0,0,0,-2.52847,3.24185e-14,0,2.2701,0,0,True,PGT121|4168,1313884
130_bNAb_Combinations|1313884|vc|1|2|nan|4168,0,-0.959191,-4.00503e-10,0,-0.810362,0,0,0,4.0795e-07,-8.88178e-16,0,-5.34275e-08,0,0,False,nan|4168,1313884
130_bNAb_Combinations|1313884|vc|2|2|nan|4168,0,-0.645814,1.50979e-09,0,-0.192142,0,0,0,2.32661e-07,0,0,2.91623e-07,0,0,False,nan|4168,1313884
130_bNAb_Combinations|1313884|vc|3|2|nan|4168,0,-0.134745,-1.35292e-08,0,0.425098,0,0,0,3.53767e-07,-1.22125e-15,0,5.907e-08,0,0,False,nan|4168,1313884
130_bNAb_Combinations|1313884|vc|4|2|nan|4168,0,-0.395847,6.70158e-09,0,0.214062,0,0,0,-1.85856e-07,-1.44329e-15,0,4.59998e-07,0,0,False,nan|4168,1313884
130_bNAb_Combinations|1313884|vc|5|2|nan|4168,0,0.960193,1.38876e-09,0,0.0854887,0,0,0,-5.63506e-07,-1.44329e-15,0,-2.45421e-07,0,0,False,nan|4168,1313884
130_bNAb_Combinations|1313884|vc|6|2|nan|4168,0,-0.233351,-9.52309e-10,0,-0.178511,0,0,0,5.19064e-08,3.33067e-16,0,-3.21527e-07,0,0,False,nan|4168,1313884
130_bNAb_Combinations|1313884|vc|7|2|nan|4168,0,0.565886,-1.82458e-09,0,-0.130406,0,0,0,5.79932e-08,-2.33147e-15,0,1.02886e-07,0,0,False,nan|4168,1313884
130_bNAb_Combinations|1313884|vc|8|2|nan|4168,0,0.581303,-9.94902e-09,0,-0.21585,0,0,0,1.74402e-08,2.33147e-15,0,-8.84772e-07,0,0,False,nan|4168,1313884
130_bNAb_Combinations|1313920|cc|1|1|nan|1798,0,0.57269,1.70536e-09,0,0.00901672,0,0,0,-5.01119e-08,-1.33227e-15,0,8.82061e-08,0,0,False,nan|1798,1313920
130_bNAb_Combinations|1313920|cc|2|1|nan|1798,0,0.702916,-1.164e-08,0,-0.113204,0,0,0,5.58715e-07,2.66454e-15,0,8.27455e-08,0,0,False,nan|1798,1313920
130_bNAb_Combinations|1313920|cc|3|1|nan|1798,0,0.638734,1.19333e-08,0,-0.695494,0,0,0,-4.64875e-07,8.88178e-16,0,1.21576e-08,0,0,False,nan|1798,1313920
130_bNAb_Combinations|1313920|cc|4|1|nan|1798,0,-0.270493,5.04986e-09,0,0.124987,0,0,0,1.34565e-08,-4.44089e-16,0,-3.64487e-07,0,0,False,nan|1798,1313920
130_bNAb_Combinations|1313920|cc|5|1|nan|1798,0,-0.422624,5.20583e-09,0,-1.14231,0,0,0,2.70385e-09,1.77636e-15,0,1.55046e-07,0,0,False,nan|1798,1313920
130_bNAb_Combinations|1313920|cc|6|1|nan|1798,0,1.64742,-9.46083e-10,0,0.0461541,0,0,0,9.44635e-08,-1.33227e-15,0,-2.06847e-07,0,0,False,nan|1798,1313920
130_bNAb_Combinations|1313920|cc|7|1|nan|1798,0,0.633546,-7.41646e-09,0,-0.594168,0,0,0,-1.46164e-07,1.77636e-15,0,-1.73553e-07,0,0,False,nan|1798,1313920
130_bNAb_Combinations|1313920|cc|8|1|nan|1798,0,0.313782,2.39794e-09,0,0.0554902,0,0,0,3.53487e-07,1.33227e-15,0,-5.02678e-07,0,0,False,nan|1798,1313920
130_bNAb_Combinations|1313920|sample|10|nan|1798,0,-13.6325,-3.82982e-09,0,7.50812,0,0,0,-6.8001,-3.59712e-14,0,7.66862,0,0,True,PGT121|1798,1313920
130_bNAb_Combinations|1313920|sample|11|nan|1798,0,-12.7195,-1.27811e-08,0,1.06639,0,0,0,-7.18569,3.55271e-15,0,1.06663,0,0,True,VRC07-523LS|1798,1313920
130_bNAb_Combinations|1313920|sample|12|nan|1798,0,-13.1343,7.76956e-09,0,1.071,0,0,0,-7.90666,-1.06581e-14,0,1.05951,0,0,True,VRC07-523LS|1798,1313920
130_bNAb_Combinations|1313920|sample|3|nan|1798,0,-1.69538,9.08442e-09,0,5.23619,0,0,0,-1.51311,5.32907e-15,0,7.57939,0,0,True,PGDM1400|1798,1313920
130_bNAb_Combinations|1313920|sample|4|nan|1798,0,-1.68293,6.4237e-09,0,5.31043,0,0,0,-1.54084,-6.21725e-15,0,7.98317,0,0,True,PGDM1400|1798,1313920
130_bNAb_Combinations|1313920|sample|5|nan|1798,0,-1.74712,-5.84906e-09,0,3.18327,0,0,0,-1.80493,4.17444e-14,0,3.23263,0,0,True,PGDM1400|1798,1313920
130_bNAb_Combinations|1313920|sample|6|nan|1798,0,-1.8615,-1.13242e-08,0,4.15329,0,0,0,-1.8782,-1.33227e-15,0,4.13348,0,0,True,PGDM1400|1798,1313920
130_bNAb_Combinations|1313920|sample|7|nan|1798,0,-12.5658,4.86297e-09,0,5.75547,0,0,0,-6.26497,3.37508e-14,0,6.20819,0,0,True,PGT121|1798,1313920
130_bNAb_Combinations|1313920|sample|8|nan|1798,0,-11.3221,8.976e-09,0,6.24683,0,0,0,-6.23557,-8.65974e-14,0,6.49656,0,0,True,PGT121|1798,1313920
130_bNAb_Combinations|1313920|sample|9|nan|1798,0,-11.4269,-8.74992e-09,0,7.00022,0,0,0,-6.54552,-1.19904e-14,0,7.34193,0,0,True,PGT121|1798,1313920
130_bNAb_Combinations|1313920|vc|1|2|nan|1798,0,-1.19956,-1.66116e-08,0,-0.813422,0,0,0,1.78486e-07,8.88178e-16,0,3.34065e-07,0,0,False,nan|1798,1313920
130_bNAb_Combinations|1313920|vc|2|2|nan|1798,0,-0.585118,-2.29011e-09,0,0.14468,0,0,0,-3.06514e-08,8.88178e-16,0,-3.08999e-07,0,0,False,nan|1798,1313920
130_bNAb_Combinations|1313920|vc|3|2|nan|1798,0,-1.08455,-4.19294e-09,0,-0.202851,0,0,0,2.93028e-07,2.66454e-15,0,2.42431e-07,0,0,False,nan|1798,1313920
130_bNAb_Combinations|1313920|vc|4|2|nan|1798,0,-0.412892,-4.13072e-09,0,-0.0578161,0,0,0,-3.02292e-07,3.9968e-15,0,1.22185e-07,0,0,False,nan|1798,1313920
130_bNAb_Combinations|1313920|vc|5|2|nan|1798,0,-0.842927,4.75554e-09,0,-0.279907,0,0,0,4.38665e-07,0,0,5.43946e-08,0,0,False,nan|1798,1313920
130_bNAb_Combinations|1313920|vc|6|2|nan|1798,0,-0.738352,3.32876e-09,0,0.429163,0,0,0,2.5671e-07,4.44089e-15,0,1.2819e-07,0,0,False,nan|1798,1313920
130_bNAb_Combinations|1313920|vc|7|2|nan|1798,0,-0.83871,6.21641e-09,0,-0.0459347,0,0,0,-2.59518e-08,4.44089e-15,0,-1.16202e-07,0,0,False,nan|1798,1313920
130_bNAb_Combinations|1313920|vc|8|2|nan|1798,0,0.340916,4.89517e-09,0,0.0379672,0,0,0,-8.19543e-09,-8.88178e-16,0,-3.76641e-07,0,0,False,nan|1798,1313920
130_bNAb_Combinations|1313938|cc|1|1|TRO.11|8301,0,0.372179,6.95669e-09,0,0.0755473,0,0,0,-2.13654e-08,-6.66134e-16,0,-5.32868e-08,0,0,False,nan|TRO.11,1313938
130_bNAb_Combinations|1313938|cc|2|1|TRO.11|8301,0,-0.0367219,-7.65084e-09,0,1.00857,0,0,0,-3.40961e-07,6.66134e-16,0,-3.76677e-07,0,0,False,nan|TRO.11,1313938
130_bNAb_Combinations|1313938|cc|3|1|TRO.11|8301,0,0.113934,-1.51041e-09,0,-0.525209,0,0,0,2.13956e-07,-4.21885e-15,0,-2.83455e-07,0,0,False,nan|TRO.11,1313938
130_bNAb_Combinations|1313938|cc|4|1|TRO.11|8301,0,0.0884354,-3.6764e-09,0,-0.141846,0,0,0,2.3907e-07,-2.44249e-15,0,1.89324e-08,0,0,False,nan|TRO.11,1313938
130_bNAb_Combinations|1313938|cc|5|1|TRO.11|8301,0,0.949103,-7.22567e-09,0,0.387674,0,0,0,3.31187e-07,2.22045e-15,0,1.14078e-07,0,0,False,nan|TRO.11,1313938
130_bNAb_Combinations|1313938|cc|6|1|TRO.11|8301,0,-2.74361,-4.42891e-09,0,-0.6672,0,0,0,2.23922e-07,-2.22045e-16,0,2.3193e-07,0,0,False,nan|TRO.11,1313938
130_bNAb_Combinations|1313938|cc|7|1|TRO.11|8301,0,0.000406148,4.35611e-09,0,-0.587888,0,0,0,0.000530596,3.33067e-15,0,-2.47866e-07,0,0,False,nan|TRO.11,1313938
130_bNAb_Combinations|1313938|cc|8|1|TRO.11|8301,0,-0.927898,-4.17036e-09,0,-0.505016,0,0,0,4.39586e-07,-6.66134e-16,0,5.49644e-08,0,0,False,nan|TRO.11,1313938
130_bNAb_Combinations|1313938|sample|10|TRO.11|8301,0,-14.9052,-8.17157e-10,0,9.9937,0,0,0,-8.15589,7.9492e-14,0,9.93539,0,0,True,PGT121|TRO.11,1313938
130_bNAb_Combinations|1313938|sample|11|TRO.11|8301,0,-10.9654,-1.75758e-09,0,4.34436,0,0,0,-7.55005,-2.84217e-14,0,3.65533,0,0,True,VRC07-523LS|TRO.11,1313938
130_bNAb_Combinations|1313938|sample|12|TRO.11|8301,0,-13.9855,1.4035e-09,0,3.83243,0,0,0,-7.80355,-5.77316e-14,0,3.53514,0,0,True,VRC07-523LS|TRO.11,1313938
130_bNAb_Combinations|1313938|sample|3|TRO.11|8301,0,-9.06757,3.43233e-09,0,0.415539,0,0,0,-3.58238,1.24345e-14,0,0.480017,0,0,True,PGDM1400|TRO.11,1313938
130_bNAb_Combinations|1313938|sample|4|TRO.11|8301,0,-12.4804,-5.12234e-09,0,0.381732,0,0,0,-3.23045,-1.35003e-13,0,0.554197,0,0,True,PGDM1400|TRO.11,1313938
130_bNAb_Combinations|1313938|sample|5|TRO.11|8301,0,-4.87292,2.07018e-09,0,0.404625,0,0,0,-4.93343,2.44249e-14,0,0.389015,0,0,True,PGDM1400|TRO.11,1313938
130_bNAb_Combinations|1313938|sample|6|TRO.11|8301,0,-4.61389,-1.51313e-09,0,0.443907,0,0,0,-4.86652,9.9476e-14,0,0.391262,0,0,True,PGDM1400|TRO.11,1313938
130_bNAb_Combinations|1313938|sample|7|TRO.11|8301,0,-13.4732,6.14733e-09,0,9.38668,0,0,0,-8.00029,8.37108e-14,0,9.39288,0,0,True,PGT121|TRO.11,1313938
130_bNAb_Combinations|1313938|sample|8|TRO.11|8301,0,-14.2027,-7.10484e-10,0,8.9038,0,0,0,-7.91864,9.21485e-14,0,9.07377,0,0,True,PGT121|TRO.11,1313938
130_bNAb_Combinations|1313938|sample|9|TRO.11|8301,0,-13.2172,5.14746e-09,0,9.935,0,0,0,-8.02003,1.25677e-13,0,10.0707,0,0,True,PGT121|TRO.11,1313938
130_bNAb_Combinations|1313938|vc|1|2|TRO.11|8301,0,-0.0487101,-2.45454e-10,0,-0.144484,0,0,0,2.03559e-07,-1.11022e-15,0,-1.18707e-07,0,0,False,nan|TRO.11,1313938
130_bNAb_Combinations|1313938|vc|2|2|TRO.11|8301,0,-0.0292357,-7.08813e-09,0,0.490056,0,0,0,-1.99203e-08,1.33227e-15,0,-4.43461e-07,0,0,False,nan|TRO.11,1313938
130_bNAb_Combinations|1313938|vc|3|2|TRO.11|8301,0,1.44113e-05,-4.71482e-09,0,0.217123,0,0,0,1.1371e-05,-2.66454e-15,0,-7.47196e-08,0,0,False,nan|TRO.11,1313938
130_bNAb_Combinations|1313938|vc|4|2|TRO.11|8301,0,-0.254011,6.64634e-10,0,-0.126896,0,0,0,4.59104e-07,6.66134e-16,0,-1.61817e-08,0,0,False,nan|TRO.11,1313938
130_bNAb_Combinations|1313938|vc|5|2|TRO.11|8301,0,0.343129,-8.94183e-10,0,-0.0624942,0,0,0,1.05508e-07,2.44249e-15,0,-2.31684e-07,0,0,False,nan|TRO.11,1313938
130_bNAb_Combinations|1313938|vc|6|2|TRO.11|8301,0,-1.65212,1.22763e-08,0,-0.03061,0,0,0,6.44469e-07,4.21885e-15,0,-2.11448e-07,0,0,False,nan|TRO.11,1313938
130_bNAb_Combinations|1313938|vc|7|2|TRO.11|8301,0,0.958181,-3.66367e-09,0,-0.139364,0,0,0,1.80022e-07,2.66454e-15,0,6.5921e-08,0,0,False,nan|TRO.11,1313938
130_bNAb_Combinations|1313938|vc|8|2|TRO.11|8301,0,-1.41229,6.7807e-10,0,-0.644153,0,0,0,-7.47981e-09,1.55431e-15,0,2.23679e-07,0,0,False,nan|TRO.11,1313938
130_bNAb_Combinations|1313956|cc|1|1|Ce1176_A3|7023,0,0.0172775,4.79497e-09,0,-0.75127,0,0,0,7.13516e-07,-2.22045e-15,0,-1.42093e-07,0,0,False,nan|Ce1176_A3,1313956
130_bNAb_Combinations|1313956|cc|2|1|Ce1176_A3|7023,0,-0.24404,-1.42798e-09,0,-0.842109,0,0,0,-1.83684e-07,-5.9952e-15,0,-8.76496e-09,0,0,False,nan|Ce1176_A3,1313956
130_bNAb_Combinations|1313956|cc|3|1|Ce1176_A3|7023,0,0.441849,-3.24958e-09,0,-0.158706,0,0,0,6.12591e-08,-1.55431e-15,0,2.00561e-07,0,0,False,nan|Ce1176_A3,1313956
130_bNAb_Combinations|1313956|cc|4|1|Ce1176_A3|7023,0,0.104877,9.60926e-09,0,-0.326097,0,0,0,5.92561e-07,-4.21885e-15,0,8.57548e-08,0,0,False,nan|Ce1176_A3,1313956
130_bNAb_Combinations|1313956|cc|5|1|Ce1176_A3|7023,0,-0.0754842,-1.13581e-09,0,0.702163,0,0,0,-1.99649e-09,2.22045e-15,0,5.79325e-08,0,0,False,nan|Ce1176_A3,1313956
130_bNAb_Combinations|1313956|cc|6|1|Ce1176_A3|7023,0,-0.494658,5.90757e-12,0,-0.223096,0,0,0,3.28276e-07,-1.9984e-15,0,-3.65263e-07,0,0,False,nan|Ce1176_A3,1313956
130_bNAb_Combinations|1313956|cc|7|1|Ce1176_A3|7023,0,-0.0363366,-4.93086e-09,0,-0.296678,0,0,0,-1.56862e-07,3.9968e-15,0,2.91737e-07,0,0,False,nan|Ce1176_A3,1313956
130_bNAb_Combinations|1313956|cc|8|1|Ce1176_A3|7023,0,1.64947,-6.95953e-09,0,-0.136894,0,0,0,-1.89696e-07,-4.44089e-16,0,1.1308e-07,0,0,False,nan|Ce1176_A3,1313956
130_bNAb_Combinations|1313956|sample|10|Ce1176_A3|7023,0,-13.8793,-7.84412e-09,0,10.4971,0,0,0,-8.31418,1.74305e-14,0,10.5395,0,0,True,PGT121|Ce1176_A3,1313956
130_bNAb_Combinations|1313956|sample|11|Ce1176_A3|7023,0,-12.4206,1.40622e-08,0,1.27209,0,0,0,-7.60443,-3.10862e-15,0,1.22999,0,0,True,VRC07-523LS|Ce1176_A3,1313956
130_bNAb_Combinations|1313956|sample|12|Ce1176_A3|7023,0,-13.5752,5.09548e-09,0,1.34616,0,0,0,-6.57827,-2.26485e-14,0,1.33806,0,0,True,VRC07-523LS|Ce1176_A3,1313956
130_bNAb_Combinations|1313956|sample|3|Ce1176_A3|7023,0,-0.940547,-3.54033e-09,0,8.65981,0,0,0,-1.01539,-3.9968e-15,0,6.25083,0,0,True,PGDM1400|Ce1176_A3,1313956
130_bNAb_Combinations|1313956|sample|4|Ce1176_A3|7023,0,-3.43749,5.73822e-09,0,6.30065,0,0,0,-1.08565,-3.9968e-15,0,5.79523,0,0,True,PGDM1400|Ce1176_A3,1313956
130_bNAb_Combinations|1313956|sample|5|Ce1176_A3|7023,0,-9.61691,-4.45235e-09,0,0.161591,0,0,0,-2.6566,-1.33227e-15,0,0.206088,0,0,True,PGDM1400|Ce1176_A3,1313956
130_bNAb_Combinations|1313956|sample|6|Ce1176_A3|7023,0,-8.76288,-1.72847e-09,0,0.177417,0,0,0,-2.5619,1.22125e-13,0,0.231206,0,0,True,PGDM1400|Ce1176_A3,1313956
130_bNAb_Combinations|1313956|sample|7|Ce1176_A3|7023,0,-12.9798,3.38764e-09,0,9.59049,0,0,0,-7.81075,1.04916e-13,0,9.50638,0,0,True,PGT121|Ce1176_A3,1313956
130_bNAb_Combinations|1313956|sample|8|Ce1176_A3|7023,0,-12.7148,-1.87315e-09,0,9.24091,0,0,0,-8.38063,1.09246e-13,0,9.31173,0,0,True,PGT121|Ce1176_A3,1313956
130_bNAb_Combinations|1313956|sample|9|Ce1176_A3|7023,0,-14.6001,-1.07272e-08,0,10.4861,0,0,0,-8.22051,6.59472e-14,0,10.4213,0,0,True,PGT121|Ce1176_A3,1313956
130_bNAb_Combinations|1313956|vc|1|2|Ce1176_A3|7023,0,0.0218873,-2.48397e-09,0,-0.191826,0,0,0,1.07496e-08,5.10703e-15,0,1.7522e-07,0,0,False,nan|Ce1176_A3,1313956
130_bNAb_Combinations|1313956|vc|2|2|Ce1176_A3|7023,0,0.104094,5.08531e-09,0,-0.107349,0,0,0,-3.09833e-07,-8.88178e-16,0,2.45349e-08,0,0,False,nan|Ce1176_A3,1313956
130_bNAb_Combinations|1313956|vc|3|2|Ce1176_A3|7023,0,-0.541273,-3.41891e-09,0,-0.0998592,0,0,0,8.42899e-07,-1.66533e-15,0,-1.0246e-07,0,0,False,nan|Ce1176_A3,1313956
130_bNAb_Combinations|1313956|vc|4|2|Ce1176_A3|7023,0,-0.408532,-4.53461e-10,0,-0.0583864,0,0,0,-8.45307e-07,-2.44249e-15,0,7.25403e-08,0,0,False,nan|Ce1176_A3,1313956
130_bNAb_Combinations|1313956|vc|5|2|Ce1176_A3|7023,0,0.535876,-3.62542e-09,0,-0.234465,0,0,0,-1.88724e-07,1.88738e-15,0,-1.37659e-07,0,0,False,nan|Ce1176_A3,1313956
130_bNAb_Combinations|1313956|vc|6|2|Ce1176_A3|7023,0,-1.05608,-6.26665e-09,0,-1.11953,0,0,0,-3.61026e-07,8.88178e-16,0,-2.76939e-07,0,0,False,nan|Ce1176_A3,1313956
130_bNAb_Combinations|1313956|vc|7|2|Ce1176_A3|7023,0,-0.609449,4.24389e-09,0,-0.544295,0,0,0,3.33233e-07,3.66374e-15,0,1.40733e-07,0,0,False,nan|Ce1176_A3,1313956
130_bNAb_Combinations|1313956|vc|8|2|Ce1176_A3|7023,0,-0.034188,-4.86611e-09,0,0.26931,0,0,0,1.71886e-07,-2.22045e-16,0,3.32234e-07,0,0,False,nan|Ce1176_A3,1313956
130_bNAb_Combinations|1313974|cc|1|1|nan|1176,0,1.34489,4.51601e-09,0,0.410906,0,0,0,4.56732e-07,-3.10862e-15,0,5.29789e-08,0,0,False,nan|1176,1313974
130_bNAb_Combinations|1313974|cc|2|1|nan|1176,0,0.554816,1.35619e-10,0,-0.104208,0,0,0,-2.08872e-07,-5.55112e-15,0,2.47669e-07,0,0,False,nan|1176,1313974
130_bNAb_Combinations|1313974|cc|3|1|nan|1176,0,-0.170675,1.51711e-09,0,0.423971,0,0,0,1.41878e-08,-3.9968e-15,0,8.67236e-08,0,0,False,nan|1176,1313974
130_bNAb_Combinations|1313974|cc|4|1|nan|1176,0,0.904097,-2.27985e-09,0,0.753293,0,0,0,-1.07556e-07,4.66294e-15,0,3.19986e-08,0,0,False,nan|1176,1313974
130_bNAb_Combinations|1313974|cc|5|1|nan|1176,0,-0.270522,-7.60507e-09,0,0.655382,0,0,0,9.48518e-08,4.44089e-15,0,-3.69369e-07,0,0,False,nan|1176,1313974
130_bNAb_Combinations|1313974|cc|6|1|nan|1176,0,0.490396,3.53356e-09,0,0.0262485,0,0,0,-1.84345e-07,-2.22045e-16,0,3.68465e-07,0,0,False,nan|1176,1313974
130_bNAb_Combinations|1313974|cc|7|1|nan|1176,0,1.05893,2.09924e-09,0,-0.552546,0,0,0,1.42388e-07,0,0,-2.84534e-07,0,0,False,nan|1176,1313974
130_bNAb_Combinations|1313974|cc|8|1|nan|1176,0,0.580418,1.4841e-10,0,-0.0573298,0,0,0,2.80618e-07,-2.22045e-16,0,-5.94529e-08,0,0,False,nan|1176,1313974
130_bNAb_Combinations|1313974|sample|10|nan|1176,0,-13.3263,3.29766e-09,0,0.271341,0,0,0,-4.68787,-7.10543e-15,0,0.330892,0,0,True,PGT121|1176,1313974
130_bNAb_Combinations|1313974|sample|11|nan|1176,0,-4.69658,1.15941e-08,0,6.28788,0,0,0,-4.69908,-2.37588e-14,0,6.47073,0,0,True,VRC07-523LS|1176,1313974
130_bNAb_Combinations|1313974|sample|12|nan|1176,0,-5.24087,-2.01563e-08,0,8.69384,0,0,0,-5.1213,-5.10703e-14,0,8.82652,0,0,True,VRC07-523LS|1176,1313974
130_bNAb_Combinations|1313974|sample|3|nan|1176,0,-3.48573,7.82467e-09,0,6.98461,0,0,0,-3.56381,-2.9643e-14,0,7.13987,0,0,True,PGDM1400|1176,1313974
130_bNAb_Combinations|1313974|sample|4|nan|1176,0,-3.98227,-2.86829e-09,0,5.24321,0,0,0,-3.7265,-3.81917e-14,0,5.84902,0,0,True,PGDM1400|1176,1313974
130_bNAb_Combinations|1313974|sample|5|nan|1176,0,-3.19274,1.9854e-09,0,6.27886,0,0,0,-3.45539,-1.2057e-13,0,5.38717,0,0,True,PGDM1400|1176,1313974
130_bNAb_Combinations|1313974|sample|6|nan|1176,0,-3.10664,1.70141e-09,0,6.7755,0,0,0,-3.28266,-6.35048e-14,0,5.56595,0,0,True,PGDM1400|1176,1313974
130_bNAb_Combinations|1313974|sample|7|nan|1176,0,-2.03005,1.19315e-08,0,0.719464,0,0,0,-2.0272,9.23706e-14,0,0.726258,0,0,True,PGT121|1176,1313974
130_bNAb_Combinations|1313974|sample|8|nan|1176,0,-12.8201,-4.10755e-09,0,0.432549,0,0,0,-3.76055,7.10543e-15,0,0.471161,0,0,True,PGT121|1176,1313974
130_bNAb_Combinations|1313974|sample|9|nan|1176,0,-12.2564,-2.66069e-09,0,0.329761,0,0,0,-3.0817,5.9952e-15,0,0.379227,0,0,True,PGT121|1176,1313974
130_bNAb_Combinations|1313974|vc|1|2|nan|1176,0,-0.21487,1.08852e-08,0,-0.0646796,0,0,0,8.91157e-08,-4.88498e-15,0,-4.17951e-08,0,0,False,nan|1176,1313974
130_bNAb_Combinations|1313974|vc|2|2|nan|1176,0,-0.440919,-1.26848e-09,0,-0.322209,0,0,0,9.00652e-08,6.21725e-15,0,-3.81692e-09,0,0,False,nan|1176,1313974
130_bNAb_Combinations|1313974|vc|3|2|nan|1176,0,-1.35866,-5.78145e-09,0,-0.362835,0,0,0,4.27868e-07,3.10862e-15,0,3.99611e-09,0,0,False,nan|1176,1313974
130_bNAb_Combinations|1313974|vc|4|2|nan|1176,0,0.205449,-8.04405e-10,0,-0.104135,0,0,0,-2.50024e-08,-6.66134e-16,0,-5.29834e-07,0,0,False,nan|1176,1313974
130_bNAb_Combinations|1313974|vc|5|2|nan|1176,0,-0.655276,6.44815e-10,0,0.0318663,0,0,0,-9.45722e-08,-3.55271e-15,0,2.81336e-07,0,0,False,nan|1176,1313974
130_bNAb_Combinations|1313974|vc|6|2|nan|1176,0,-0.136275,-3.44225e-09,0,-0.228737,0,0,0,4.7861e-07,6.66134e-16,0,-1.4563e-07,0,0,False,nan|1176,1313974
130_bNAb_Combinations|1313974|vc|7|2|nan|1176,0,-0.416273,3.85723e-09,0,-0.729568,0,0,0,-1.84893e-07,-3.9968e-15,0,-9.24487e-08,0,0,False,nan|1176,1313974
130_bNAb_Combinations|1313974|vc|8|2|nan|1176,0,-0.012481,3.4969e-10,0,-0.0957657,0,0,0,-4.6512e-07,4.88498e-15,0,2.18516e-08,0,0,False,nan|1176,1313974
130_bNAb_Combinations|1313992|cc|1|1|RHPA4259.7|5371,0,-0.164895,1.67004e-10,0,-0.150556,0,0,0,2.55406e-07,1.9984e-15,0,5.34642e-08,0,0,False,nan|RHPA4259.7,1313992
130_bNAb_Combinations|1313992|cc|2|1|RHPA4259.7|5371,0,-1.76948,1.53767e-08,0,-0.165148,0,0,0,4.19262e-07,-2.22045e-16,0,-8.72915e-08,0,0,False,nan|RHPA4259.7,1313992
130_bNAb_Combinations|1313992|cc|3|1|RHPA4259.7|5371,0,1.38089,4.84292e-09,0,0.770373,0,0,0,-1.94803e-07,1.11022e-15,0,2.89961e-08,0,0,False,nan|RHPA4259.7,1313992
130_bNAb_Combinations|1313992|cc|4|1|RHPA4259.7|5371,0,0.675156,-3.9483e-09,0,0.424357,0,0,0,-7.46318e-07,2.22045e-16,0,1.9864e-07,0,0,False,nan|RHPA4259.7,1313992
130_bNAb_Combinations|1313992|cc|5|1|RHPA4259.7|5371,0,-0.398551,-7.67046e-09,0,-0.122485,0,0,0,4.10342e-07,8.88178e-16,0,-7.56105e-08,0,0,False,nan|RHPA4259.7,1313992
130_bNAb_Combinations|1313992|cc|6|1|RHPA4259.7|5371,0,0.18753,9.39162e-10,0,0.127626,0,0,0,3.85087e-07,-2.22045e-16,0,-1.43152e-07,0,0,False,nan|RHPA4259.7,1313992
130_bNAb_Combinations|1313992|cc|7|1|RHPA4259.7|5371,0,-0.853263,8.34613e-09,0,-0.0426059,0,0,0,1.02814e-07,5.55112e-16,0,1.81825e-07,0,0,False,nan|RHPA4259.7,1313992
130_bNAb_Combinations|1313992|cc|8|1|RHPA4259.7|5371,0,-0.711424,-1.73269e-09,0,0.0099342,0,0,0,4.57451e-07,-3.33067e-15,0,2.06494e-07,0,0,False,nan|RHPA4259.7,1313992
130_bNAb_Combinations|1313992|sample|10|RHPA4259.7|5371,0,-12.2722,-5.30281e-09,0,9.86125,0,0,0,-7.06272,-2.9643e-14,0,10.0292,0,0,True,PGT121|RHPA4259.7,1313992
130_bNAb_Combinations|1313992|sample|11|RHPA4259.7|5371,0,-12.3387,4.41078e-09,0,10.6974,0,0,0,-7.61647,-8.39329e-14,0,10.7768,0,0,True,VRC07-523LS|RHPA4259.7,1313992
130_bNAb_Combinations|1313992|sample|12|RHPA4259.7|5371,0,-13.8166,-5.62228e-09,0,9.16955,0,0,0,-8.03514,-6.99441e-14,0,9.46318,0,0,True,VRC07-523LS|RHPA4259.7,1313992
130_bNAb_Combinations|1313992|sample|3|RHPA4259.7|5371,0,-10.2205,8.21005e-09,0,0.539495,0,0,0,-4.54406,-2.9754e-14,0,0.635597,0,0,True,PGDM1400|RHPA4259.7,1313992
130_bNAb_Combinations|1313992|sample|4|RHPA4259.7|5371,0,-10.315,1.66368e-09,0,0.55431,0,0,0,-4.42083,-5.32907e-15,0,0.627201,0,0,True,PGDM1400|RHPA4259.7,1313992
130_bNAb_Combinations|1313992|sample|5|RHPA4259.7|5371,0,-11.7191,-3.20363e-09,0,0.555543,0,0,0,-6.04575,-3.55271e-15,0,0.571948,0,0,True,PGDM1400|RHPA4259.7,1313992
130_bNAb_Combinations|1313992|sample|6|RHPA4259.7|5371,0,-9.41923,-2.87386e-09,0,0.553059,0,0,0,-6.52824,1.06581e-14,0,0.544605,0,0,True,PGDM1400|RHPA4259.7,1313992
130_bNAb_Combinations|1313992|sample|7|RHPA4259.7|5371,0,-12.8728,1.00601e-08,0,9.7102,0,0,0,-6.32159,-7.77156e-15,0,9.98752,0,0,True,PGT121|RHPA4259.7,1313992
130_bNAb_Combinations|1313992|sample|8|RHPA4259.7|5371,0,-16.0626,5.25301e-09,0,8.73975,0,0,0,-7.28457,3.56382e-14,0,9.021,0,0,True,PGT121|RHPA4259.7,1313992
130_bNAb_Combinations|1313992|sample|9|RHPA4259.7|5371,0,-12.564,-7.7556e-09,0,9.93373,0,0,0,-7.55666,1.19904e-14,0,9.87636,0,0,True,PGT121|RHPA4259.7,1313992
130_bNAb_Combinations|1313992|vc|1|2|RHPA4259.7|5371,0,-0.61606,1.6542e-09,0,-0.703712,0,0,0,2.90124e-07,-4.21885e-15,0,-4.25188e-08,0,0,False,nan|RHPA4259.7,1313992
130_bNAb_Combinations|1313992|vc|2|2|RHPA4259.7|5371,0,-0.786725,-2.80839e-09,0,0.392654,0,0,0,2.33962e-07,0,0,1.87876e-07,0,0,False,nan|RHPA4259.7,1313992
130_bNAb_Combinations|1313992|vc|3|2|RHPA4259.7|5371,0,0.463949,-6.16053e-10,0,0.707705,0,0,0,-5.49185e-08,1.55431e-15,0,2.0745e-07,0,0,False,nan|RHPA4259.7,1313992
130_bNAb_Combinations|1313992|vc|4|2|RHPA4259.7|5371,0,-1.15526,3.62739e-09,0,0.213578,0,0,0,-2.70419e-07,-2.22045e-16,0,3.85069e-07,0,0,False,nan|RHPA4259.7,1313992
130_bNAb_Combinations|1313992|vc|5|2|RHPA4259.7|5371,0,-1.10774,1.2659e-09,0,-0.910731,0,0,0,5.98681e-07,-2.22045e-16,0,1.12269e-07,0,0,False,nan|RHPA4259.7,1313992
130_bNAb_Combinations|1313992|vc|6|2|RHPA4259.7|5371,0,0.279604,5.16397e-10,0,-0.0255409,0,0,0,5.23329e-07,1.66533e-15,0,1.01785e-07,0,0,False,nan|RHPA4259.7,1313992
130_bNAb_Combinations|1313992|vc|7|2|RHPA4259.7|5371,0,-0.294137,-7.32494e-09,0,-0.16388,0,0,0,-7.4764e-08,-3.33067e-15,0,-1.80886e-07,0,0,False,nan|RHPA4259.7,1313992
130_bNAb_Combinations|1313992|vc|8|2|RHPA4259.7|5371,0,-0.205258,1.25796e-08,0,0.336196,0,0,0,1.49759e-06,8.43769e-15,0,-2.92547e-08,0,0,False,nan|RHPA4259.7,1313992
130_bNAb_Combinations|1314016|cc|1|1|nan|3430,0,2.08297,-3.69281e-09,0,-0.617454,0,0,0,2.24746e-07,-4.44089e-16,0,-2.1423e-07,0,0,False,nan|3430,1314016
130_bNAb_Combinations|1314016|cc|2|1|nan|3430,0,-1.60603,9.59085e-10,0,0.767803,0,0,0,-4.8441e-07,5.77316e-15,0,-2.7708e-07,0,0,False,nan|3430,1314016
130_bNAb_Combinations|1314016|cc|3|1|nan|3430,0,1.15809,4.17539e-09,0,0.178231,0,0,0,-2.87665e-07,3.9968e-15,0,-3.35831e-07,0,0,False,nan|3430,1314016
130_bNAb_Combinations|1314016|cc|4|1|nan|3430,0,-0.659062,1.11074e-08,0,-0.630203,0,0,0,-1.53167e-08,-4.44089e-15,0,1.91278e-07,0,0,False,nan|3430,1314016
130_bNAb_Combinations|1314016|cc|5|1|nan|3430,0,0.891126,-4.78553e-09,0,0.000264442,0,0,0,-3.03596e-07,-2.66454e-15,0,-1.42139e-07,0,0,False,nan|3430,1314016
130_bNAb_Combinations|1314016|cc|6|1|nan|3430,0,0.367599,-3.70068e-09,0,-0.032755,0,0,0,7.73689e-08,-1.33227e-15,0,3.80282e-08,0,0,False,nan|3430,1314016
130_bNAb_Combinations|1314016|cc|7|1|nan|3430,0,0.525134,-9.49047e-09,0,0.882843,0,0,0,-2.79077e-07,1.33227e-15,0,-1.47719e-07,0,0,False,nan|3430,1314016
130_bNAb_Combinations|1314016|cc|8|1|nan|3430,0,1.03,-1.06542e-09,0,0.177976,0,0,0,8.08315e-08,-4.44089e-16,0,3.74446e-07,0,0,False,nan|3430,1314016
130_bNAb_Combinations|1314016|sample|10|nan|3430,0,-4.00661,-1.9334e-09,0,8.23427,0,0,0,-4.03496,-6.17284e-14,0,8.21033,0,0,True,PGT121|3430,1314016
130_bNAb_Combinations|1314016|sample|11|nan|3430,0,-10.5588,2.60877e-09,0,7.02071,0,0,0,-6.22299,-4.88498e-15,0,7.48487,0,0,True,VRC07-523LS|3430,1314016
130_bNAb_Combinations|1314016|sample|12|nan|3430,0,-14.9134,1.48959e-08,0,7.62561,0,0,0,-6.99468,-4.08562e-14,0,7.87423,0,0,True,VRC07-523LS|3430,1314016
130_bNAb_Combinations|1314016|sample|3|nan|3430,0,-4.42272,-2.33622e-09,0,14.7419,0,0,0,-4.52782,1.33449e-13,0,14.0685,0,0,True,PGDM1400|3430,1314016
130_bNAb_Combinations|1314016|sample|4|nan|3430,0,-4.52411,6.9188e-10,0,13.6539,0,0,0,-4.84521,1.28675e-13,0,13.0744,0,0,True,PGDM1400|3430,1314016
130_bNAb_Combinations|1314016|sample|5|nan|3430,0,-4.3115,-4.59184e-09,0,14.8135,0,0,0,-4.45063,2.66454e-14,0,14.6779,0,0,True,PGDM1400|3430,1314016
130_bNAb_Combinations|1314016|sample|6|nan|3430,0,-4.61863,-3.37778e-09,0,15.3502,0,0,0,-4.70771,-4.13003e-14,0,14.8093,0,0,True,PGDM1400|3430,1314016
130_bNAb_Combinations|1314016|sample|7|nan|3430,0,-4.06182,-9.3487e-09,0,5.83976,0,0,0,-3.97588,-1.75415e-14,0,6.62972,0,0,True,PGT121|3430,1314016
130_bNAb_Combinations|1314016|sample|8|nan|3430,0,-3.53516,2.67281e-09,0,7.76623,0,0,0,-3.53029,-1.73195e-14,0,8.08064,0,0,True,PGT121|3430,1314016
130_bNAb_Combinations|1314016|sample|9|nan|3430,0,-3.86016,1.42702e-08,0,8.15374,0,0,0,-3.90174,-9.32587e-15,0,8.21353,0,0,True,PGT121|3430,1314016
130_bNAb_Combinations|1314016|vc|1|2|nan|3430,0,1.83852,-7.91173e-10,0,-0.40362,0,0,0,-1.31588e-07,4.44089e-16,0,2.13713e-08,0,0,False,nan|3430,1314016
130_bNAb_Combinations|1314016|vc|2|2|nan|3430,0,-0.0954696,1.21238e-09,0,0.219412,0,0,0,-2.6009e-07,4.44089e-16,0,8.01271e-08,0,0,False,nan|3430,1314016
130_bNAb_Combinations|1314016|vc|3|2|nan|3430,0,-1.929,-1.1447e-09,0,-0.454699,0,0,0,1.0367e-07,8.88178e-16,0,3.9371e-07,0,0,False,nan|3430,1314016
130_bNAb_Combinations|1314016|vc|4|2|nan|3430,0,-0.499378,1.48392e-09,0,-0.661719,0,0,0,-1.72939e-07,-2.22045e-15,0,4.4794e-08,0,0,False,nan|3430,1314016
130_bNAb_Combinations|1314016|vc|5|2|nan|3430,0,-1.0578,-3.74031e-09,0,0.00177315,0,0,0,2.52123e-07,4.88498e-15,0,1.74855e-08,0,0,False,nan|3430,1314016
130_bNAb_Combinations|1314016|vc|6|2|nan|3430,0,0.804123,3.4318e-09,0,0.312784,0,0,0,-6.07677e-07,8.88178e-16,0,2.74516e-07,0,0,False,nan|3430,1314016
130_bNAb_Combinations|1314016|vc|7|2|nan|3430,0,-0.130095,1.18364e-08,0,0.521954,0,0,0,4.99521e-07,3.10862e-15,0,-2.3402e-07,0,0,False,nan|3430,1314016
130_bNAb_Combinations|1314016|vc|8|2|nan|3430,0,-0.513913,-4.60483e-09,0,-0.0163483,0,0,0,-2.76496e-07,-1.33227e-15,0,-5.51274e-08,0,0,False,nan|3430,1314016
130_bNAb_Combinations|1314040|cc|1|1|nan|4166,0,0.591744,4.44391e-10,0,-0.213177,0,0,0,2.19083e-08,-8.88178e-16,0,-3.48058e-07,0,0,False,nan|4166,1314040
130_bNAb_Combinations|1314040|cc|2|1|nan|4166,0,-0.512911,-6.64518e-09,0,0.246056,0,0,0,9.96346e-08,2.66454e-15,0,2.1159e-07,0,0,False,nan|4166,1314040
130_bNAb_Combinations|1314040|cc|3|1|nan|4166,0,-0.0840339,-4.12751e-09,0,0.558299,0,0,0,-4.42779e-07,3.10862e-15,0,8.29071e-09,0,0,False,nan|4166,1314040
130_bNAb_Combinations|1314040|cc|4|1|nan|4166,0,-0.806007,4.8549e-09,0,0.276155,0,0,0,2.36868e-07,-4.66294e-15,0,-3.39618e-08,0,0,False,nan|4166,1314040
130_bNAb_Combinations|1314040|cc|5|1|nan|4166,0,-0.462251,1.49754e-10,0,0.448578,0,0,0,-5.21442e-07,-2.44249e-15,0,-2.13184e-07,0,0,False,nan|4166,1314040
130_bNAb_Combinations|1314040|cc|6|1|nan|4166,0,0.30551,1.26456e-09,0,0.775392,0,0,0,-2.06132e-07,3.77476e-15,0,7.36953e-08,0,0,False,nan|4166,1314040
130_bNAb_Combinations|1314040|cc|7|1|nan|4166,0,-0.662528,-1.24065e-10,0,-0.0652138,0,0,0,-2.99941e-07,-1.9984e-15,0,5.00325e-08,0,0,False,nan|4166,1314040
130_bNAb_Combinations|1314040|cc|8|1|nan|4166,0,0.476495,-4.50937e-09,0,-0.629522,0,0,0,-5.25857e-07,3.9968e-15,0,-4.09242e-07,0,0,False,nan|4166,1314040
130_bNAb_Combinations|1314040|sample|10|nan|4166,0,-13.1568,1.53822e-08,0,13.1255,0,0,0,-7.23939,7.31637e-14,0,13.5039,0,0,True,PGT121|4166,1314040
130_bNAb_Combinations|1314040|sample|11|nan|4166,0,-13.7657,1.68896e-08,0,10.9178,0,0,0,-7.01478,-4.08562e-14,0,11.1225,0,0,True,VRC07-523LS|4166,1314040
130_bNAb_Combinations|1314040|sample|12|nan|4166,0,-13.6196,-6.76829e-09,0,12.2387,0,0,0,-6.70839,-1.23013e-13,0,12.494,0,0,True,VRC07-523LS|4166,1314040
130_bNAb_Combinations|1314040|sample|3|nan|4166,0,-5.03696,-6.51536e-09,0,11.2025,0,0,0,-4.82422,-3.06422e-14,0,11.5529,0,0,True,PGDM1400|4166,1314040
130_bNAb_Combinations|1314040|sample|4|nan|4166,0,-4.78639,-7.29074e-09,0,9.32854,0,0,0,-4.75282,4.32987e-15,0,9.47108,0,0,True,PGDM1400|4166,1314040
130_bNAb_Combinations|1314040|sample|5|nan|4166,0,-4.6504,6.83484e-09,0,11.509,0,0,0,-4.60128,-1.9984e-15,0,11.4131,0,0,True,PGDM1400|4166,1314040
130_bNAb_Combinations|1314040|sample|6|nan|4166,0,-4.78605,2.6012e-09,0,10.3681,0,0,0,-4.71339,-5.25135e-14,0,10.8694,0,0,True,PGDM1400|4166,1314040
130_bNAb_Combinations|1314040|sample|7|nan|4166,0,-13.8531,-2.74058e-09,0,11.1073,0,0,0,-7.31526,8.77076e-14,0,11.3163,0,0,True,PGT121|4166,1314040
130_bNAb_Combinations|1314040|sample|8|nan|4166,0,-13.6406,4.38238e-11,0,10.7782,0,0,0,-6.95754,1.23013e-13,0,10.8846,0,0,True,PGT121|4166,1314040
130_bNAb_Combinations|1314040|sample|9|nan|4166,0,-11.6757,-6.00999e-09,0,11.5236,0,0,0,-7.32074,6.57252e-14,0,11.6134,0,0,True,PGT121|4166,1314040
130_bNAb_Combinations|1314040|vc|1|2|nan|4166,0,0.320088,-6.5518e-09,0,-0.178517,0,0,0,-4.93626e-08,3.10862e-15,0,1.6002e-07,0,0,False,nan|4166,1314040
130_bNAb_Combinations|1314040|vc|2|2|nan|4166,0,-1.3874,-5.63649e-10,0,0.149482,0,0,0,-4.13958e-08,-4.44089e-16,0,1.59198e-07,0,0,False,nan|4166,1314040
130_bNAb_Combinations|1314040|vc|3|2|nan|4166,0,-1.41763,3.70947e-09,0,0.260306,0,0,0,5.15541e-08,1.77636e-15,0,-2.06544e-08,0,0,False,nan|4166,1314040
130_bNAb_Combinations|1314040|vc|4|2|nan|4166,0,0.352431,1.12101e-09,0,-1.21103,0,0,0,-1.23895e-07,-4.44089e-16,0,1.07406e-07,0,0,False,nan|4166,1314040
130_bNAb_Combinations|1314040|vc|5|2|nan|4166,0,-0.757551,5.28178e-10,0,0.494021,0,0,0,1.61416e-07,5.10703e-15,0,-1.28498e-07,0,0,False,nan|4166,1314040
130_bNAb_Combinations|1314040|vc|6|2|nan|4166,0,0.208678,-2.17713e-09,0,0.188207,0,0,0,1.46018e-06,1.77636e-15,0,1.29265e-07,0,0,False,nan|4166,1314040
130_bNAb_Combinations|1314040|vc|7|2|nan|4166,0,-1.4294,-1.44275e-09,0,-0.719819,0,0,0,-8.01155e-08,-7.10543e-15,0,-2.0849e-07,0,0,False,nan|4166,1314040
130_bNAb_Combinations|1314040|vc|8|2|nan|4166,0,1.76642,4.0436e-09,0,0.350535,0,0,0,3.17607e-07,-8.88178e-16,0,5.53818e-07,0,0,False,nan|4166,1314040
130_bNAb_Combinations|1314058|cc|1|1|nan|2944,0,0.550391,-5.7797e-09,0,-0.848004,0,0,0,-1.42501e-07,-6.66134e-16,0,-1.37221e-07,0,0,False,nan|2944,1314058
130_bNAb_Combinations|1314058|cc|2|1|nan|2944,0,-0.288299,-7.39965e-10,0,-0.756441,0,0,0,-1.82982e-07,2.55351e-15,0,3.24778e-07,0,0,False,nan|2944,1314058
130_bNAb_Combinations|1314058|cc|3|1|nan|2944,0,-0.433919,5.05602e-09,0,-0.598191,0,0,0,-6.00312e-07,-2.66454e-15,0,4.92389e-08,0,0,False,nan|2944,1314058
130_bNAb_Combinations|1314058|cc|4|1|nan|2944,0,-0.891667,6.00721e-09,0,-0.267526,0,0,0,-5.0174e-07,-1.88738e-15,0,4.25366e-07,0,0,False,nan|2944,1314058
130_bNAb_Combinations|1314058|cc|5|1|nan|2944,0,0.135085,-3.94692e-09,0,0.730801,0,0,0,2.36606e-07,5.32907e-15,0,6.60998e-08,0,0,False,nan|2944,1314058
130_bNAb_Combinations|1314058|cc|6|1|nan|2944,0,0.279726,-3.47964e-09,0,0.287842,0,0,0,5.14716e-07,-2.77556e-15,0,1.13187e-07,0,0,False,nan|2944,1314058
130_bNAb_Combinations|1314058|cc|7|1|nan|2944,0,0.313767,-5.93706e-10,0,-0.232884,0,0,0,4.2122e-07,-2.9976e-15,0,-1.86915e-07,0,0,False,nan|2944,1314058
130_bNAb_Combinations|1314058|cc|8|1|nan|2944,0,-0.684572,-4.91917e-10,0,0.463881,0,0,0,-2.10281e-07,2.22045e-16,0,6.80284e-08,0,0,False,nan|2944,1314058
130_bNAb_Combinations|1314058|sample|10|nan|2944,0,-11.6681,7.89368e-09,0,10.2146,0,0,0,-6.61003,2.18492e-13,0,10.2339,0,0,True,PGT121|2944,1314058
130_bNAb_Combinations|1314058|sample|11|nan|2944,0,-8.73038,-1.56028e-08,0,5.28545,0,0,0,-5.56308,-3.33067e-14,0,6.12112,0,0,True,VRC07-523LS|2944,1314058
130_bNAb_Combinations|1314058|sample|12|nan|2944,0,-8.44217,6.75242e-09,0,5.36487,0,0,0,-6.78762,-8.43769e-15,0,3.63552,0,0,True,VRC07-523LS|2944,1314058
130_bNAb_Combinations|1314058|sample|3|nan|2944,0,-5.50539,8.44299e-09,0,12.2075,0,0,0,-5.31164,3.06533e-13,0,11.7012,0,0,True,PGDM1400|2944,1314058
130_bNAb_Combinations|1314058|sample|4|nan|2944,0,-5.2886,9.67872e-09,0,12.5298,0,0,0,-5.44644,3.39839e-13,0,12.3363,0,0,True,PGDM1400|2944,1314058
130_bNAb_Combinations|1314058|sample|5|nan|2944,0,-5.8164,-4.5955e-09,0,13.9861,0,0,0,-5.47437,-5.67879e-14,0,14.3339,0,0,True,PGDM1400|2944,1314058
130_bNAb_Combinations|1314058|sample|6|nan|2944,0,-5.45047,8.7164e-09,0,16.1122,0,0,0,-5.4958,2.37588e-14,0,16.0925,0,0,True,PGDM1400|2944,1314058
130_bNAb_Combinations|1314058|sample|7|nan|2944,0,-9.3125,-1.22624e-08,0,10.4318,0,0,0,-5.72416,3.95239e-14,0,10.5802,0,0,True,PGT121|2944,1314058
130_bNAb_Combinations|1314058|sample|8|nan|2944,0,-10.8899,-4.18969e-09,0,9.70366,0,0,0,-6.0061,2.32037e-13,0,9.56839,0,0,True,PGT121|2944,1314058
130_bNAb_Combinations|1314058|sample|9|nan|2944,0,-8.17466,-5.90004e-09,0,10.9921,0,0,0,-5.97717,1.45217e-13,0,10.9118,0,0,True,PGT121|2944,1314058
130_bNAb_Combinations|1314058|vc|1|2|nan|2944,0,-0.291269,-2.95153e-09,0,0.796914,0,0,0,1.31581e-07,-3.55271e-15,0,1.2569e-07,0,0,False,nan|2944,1314058
130_bNAb_Combinations|1314058|vc|2|2|nan|2944,0,-0.817416,-1.14576e-09,0,0.273037,0,0,0,3.03306e-07,1.33227e-15,0,1.0958e-07,0,0,False,nan|2944,1314058
130_bNAb_Combinations|1314058|vc|3|2|nan|2944,0,-0.247212,-2.86686e-11,0,-0.0842979,0,0,0,-2.05066e-07,-3.44169e-15,0,-2.01618e-07,0,0,False,nan|2944,1314058
130_bNAb_Combinations|1314058|vc|4|2|nan|2944,0,0.392347,-7.10667e-10,0,0.204556,0,0,0,4.66412e-07,-2.22045e-16,0,1.40202e-09,0,0,False,nan|2944,1314058
130_bNAb_Combinations|1314058|vc|5|2|nan|2944,0,0.823174,-4.90667e-09,0,0.11449,0,0,0,-1.27125e-07,-3.10862e-15,0,-2.61934e-07,0,0,False,nan|2944,1314058
130_bNAb_Combinations|1314058|vc|6|2|nan|2944,0,0.564423,2.41747e-10,0,-0.23926,0,0,0,1.75936e-07,-4.44089e-16,0,2.21337e-07,0,0,False,nan|2944,1314058
130_bNAb_Combinations|1314058|vc|7|2|nan|2944,0,0.262777,-1.67244e-09,0,-0.602078,0,0,0,3.52622e-07,3.9968e-15,0,-1.96388e-07,0,0,False,nan|2944,1314058
130_bNAb_Combinations|1314058|vc|8|2|nan|2944,0,0.503425,-5.72333e-09,0,0.457778,0,0,0,1.78758e-07,2.88658e-15,0,2.45342e-07,0,0,False,nan|2944,1314058
130_bNAb_Combinations|1342240|cc|1|1|nan|1798,0,0.385005,7.23009e-09,0,0.872289,0,0,0,-1.68211e-07,-1.77636e-15,0,1.33272e-07,0,0,False,nan|1798,1342240
130_bNAb_Combinations|1342240|cc|2|1|nan|1798,0,-1.58101,2.47107e-09,0,0.838979,0,0,0,2.63108e-07,-2.66454e-15,0,3.02919e-07,0,0,False,nan|1798,1342240
130_bNAb_Combinations|1342240|cc|3|1|nan|1798,0,-0.791389,-3.07679e-09,0,0.0147021,0,0,0,1.56617e-09,-8.88178e-16,0,1.47759e-07,0,0,False,nan|1798,1342240
130_bNAb_Combinations|1342240|cc|4|1|nan|1798,0,-1.09351,3.53081e-09,0,-0.605211,0,0,0,-9.32658e-08,1.77636e-15,0,-1.50063e-07,0,0,False,nan|1798,1342240
130_bNAb_Combinations|1342240|cc|5|1|nan|1798,0,0.462823,9.36247e-09,0,-0.1568,0,0,0,2.08124e-07,8.88178e-16,0,-2.09566e-07,0,0,False,nan|1798,1342240
130_bNAb_Combinations|1342240|cc|6|1|nan|1798,0,0.234671,-5.7728e-09,0,0.787234,0,0,0,-3.70908e-07,1.77636e-15,0,-5.744e-07,0,0,False,nan|1798,1342240
130_bNAb_Combinations|1342240|cc|7|1|nan|1798,0,0.663082,-1.5143e-08,0,-0.364437,0,0,0,-1.4871e-07,2.66454e-15,0,2.97815e-07,0,0,False,nan|1798,1342240
130_bNAb_Combinations|1342240|cc|8|1|nan|1798,0,-0.25021,-1.16629e-08,0,-0.368637,0,0,0,3.54007e-08,-3.55271e-15,0,-1.75615e-07,0,0,False,nan|1798,1342240
130_bNAb_Combinations|1342240|sample|3|nan|1798,0,-13.3847,-8.34497e-09,0,0.866771,0,0,0,-6.83407,-6.66134e-15,0,0.875767,0,0,True,VRC07-523LS|1798,1342240
130_bNAb_Combinations|1342240|sample|4|nan|1798,0,-13.0189,-1.32497e-08,0,0.902801,0,0,0,-8.01643,1.5099e-14,0,0.90626,0,0,True,VRC07-523LS|1798,1342240
130_bNAb_Combinations|1342240|sample|8|nan|1798,0,-12.8797,7.32262e-10,0,5.30436,0,0,0,-7.15808,1.06581e-14,0,1.25235,0,0,True,VRC07-523LS|1798,1342240
130_bNAb_Combinations|1342240|vc|1|2|nan|1798,0,1.69285,5.2661e-09,0,-0.841998,0,0,0,-2.59639e-07,1.77636e-15,0,5.09255e-08,0,0,False,nan|1798,1342240
130_bNAb_Combinations|1342240|vc|2|2|nan|1798,0,-0.0496625,-2.45191e-09,0,0.846994,0,0,0,1.45067e-07,-6.21725e-15,0,-5.10676e-08,0,0,False,nan|1798,1342240
130_bNAb_Combinations|1342240|vc|3|2|nan|1798,0,0.2396,1.21161e-08,0,-0.567033,0,0,0,-4.99861e-07,-2.66454e-15,0,2.45093e-07,0,0,False,nan|1798,1342240
130_bNAb_Combinations|1342240|vc|4|2|nan|1798,0,-0.839257,5.17903e-09,0,-0.0883729,0,0,0,-1.6658e-07,-1.33227e-15,0,-5.76403e-08,0,0,False,nan|1798,1342240
130_bNAb_Combinations|1342240|vc|5|2|nan|1798,0,-0.0669548,3.8499e-09,0,0.337171,0,0,0,-3.71155e-07,1.33227e-15,0,-1.38807e-07,0,0,False,nan|1798,1342240
130_bNAb_Combinations|1342240|vc|6|2|nan|1798,0,-0.413851,-7.38141e-09,0,-0.639626,0,0,0,-2.6131e-07,-1.77636e-15,0,-1.45359e-08,0,0,False,nan|1798,1342240
130_bNAb_Combinations|1342240|vc|7|2|nan|1798,0,0.149428,-2.91806e-10,0,0.249649,0,0,0,3.56141e-07,-1.33227e-15,0,-1.98119e-07,0,0,False,nan|1798,1342240
130_bNAb_Combinations|1342240|vc|8|2|nan|1798,0,-0.233867,-4.68223e-09,0,0.51423,0,0,0,5.69896e-07,1.77636e-15,0,4.66681e-07,0,0,False,nan|1798,1342240
130_bNAb_Combinations|1342258|cc|1|1|TRO.11|8301,0,-0.225849,-8.35589e-10,0,0.146162,0,0,0,-1.15636e-07,2.22045e-16,0,3.38008e-07,0,0,False,nan|TRO.11,1342258
130_bNAb_Combinations|1342258|cc|2|1|TRO.11|8301,0,0.56724,5.62334e-09,0,-0.348538,0,0,0,-3.5127e-07,0,0,4.28864e-07,0,0,False,nan|TRO.11,1342258
130_bNAb_Combinations|1342258|cc|3|1|TRO.11|8301,0,-0.208308,9.69709e-10,0,0.0517724,0,0,0,-1.49608e-07,8.88178e-16,0,-1.84014e-07,0,0,False,nan|TRO.11,1342258
130_bNAb_Combinations|1342258|cc|4|1|TRO.11|8301,0,-0.606252,7.39931e-09,0,0.494873,0,0,0,-1.9352e-07,1.11022e-15,0,2.08776e-08,0,0,False,nan|TRO.11,1342258
130_bNAb_Combinations|1342258|cc|5|1|TRO.11|8301,0,-0.967098,9.1911e-09,0,0.00747566,0,0,0,4.18494e-07,0,0,5.14812e-10,0,0,False,nan|TRO.11,1342258
130_bNAb_Combinations|1342258|cc|6|1|TRO.11|8301,0,-1.07242,1.00105e-09,0,-0.0867276,0,0,0,2.17196e-07,-4.21885e-15,0,3.56033e-07,0,0,False,nan|TRO.11,1342258
130_bNAb_Combinations|1342258|cc|7|1|TRO.11|8301,0,0.265654,4.76345e-09,0,0.321127,0,0,0,-9.10411e-08,0,0,2.10724e-07,0,0,False,nan|TRO.11,1342258
130_bNAb_Combinations|1342258|cc|8|1|TRO.11|8301,0,-1.69645,5.26187e-09,0,-0.551255,0,0,0,6.44883e-08,3.77476e-15,0,2.51167e-07,0,0,False,nan|TRO.11,1342258
130_bNAb_Combinations|1342258|sample|3|TRO.11|8301,0,-11.9738,-7.53757e-09,0,3.86824,0,0,0,-6.84526,-1.19904e-14,0,3.82223,0,0,True,VRC07-523LS|TRO.11,1342258
130_bNAb_Combinations|1342258|sample|4|TRO.11|8301,0,-11.2645,2.72004e-09,0,3.58651,0,0,0,-6.75725,-3.41949e-14,0,3.54014,0,0,True,VRC07-523LS|TRO.11,1342258
130_bNAb_Combinations|1342258|vc|1|2|TRO.11|8301,0,0.5133,9.57651e-09,0,1.16614,0,0,0,-1.88659e-07,-4.21885e-15,0,1.95277e-07,0,0,False,nan|TRO.11,1342258
130_bNAb_Combinations|1342258|vc|2|2|TRO.11|8301,0,-0.146195,4.36302e-09,0,0.401162,0,0,0,-7.11373e-07,-2.44249e-15,0,-3.97131e-07,0,0,False,nan|TRO.11,1342258
130_bNAb_Combinations|1342258|vc|3|2|TRO.11|8301,0,-0.759498,3.32808e-09,0,0.345957,0,0,0,6.06734e-08,4.66294e-15,0,-1.17101e-08,0,0,False,nan|TRO.11,1342258
130_bNAb_Combinations|1342258|vc|4|2|TRO.11|8301,0,-0.409445,1.03375e-09,0,-0.489827,0,0,0,3.85698e-07,1.55431e-15,0,4.36212e-07,0,0,False,nan|TRO.11,1342258
130_bNAb_Combinations|1342258|vc|5|2|TRO.11|8301,0,0.581721,8.25378e-09,0,0.0451067,0,0,0,-3.32832e-07,1.9984e-15,0,1.50752e-07,0,0,False,nan|TRO.11,1342258
130_bNAb_Combinations|1342258|vc|6|2|TRO.11|8301,0,0.153477,-2.90233e-09,0,-0.280616,0,0,0,-3.57287e-07,1.33227e-15,0,-1.07592e-07,0,0,False,nan|TRO.11,1342258
130_bNAb_Combinations|1342258|vc|7|2|TRO.11|8301,0,-0.110442,-8.06586e-10,0,-0.43085,0,0,0,-2.87997e-07,1.11022e-15,0,1.90863e-07,0,0,False,nan|TRO.11,1342258
130_bNAb_Combinations|1342258|vc|8|2|TRO.11|8301,0,-0.992517,-7.73961e-09,0,-0.616397,0,0,0,-2.90396e-07,1.9984e-15,0,2.94106e-07,0,0,False,nan|TRO.11,1342258
130_bNAb_Combinations|1342276|cc|1|1|Ce1176_A3|7023,0,0.333291,-1.30989e-09,0,-0.362701,0,0,0,6.0113e-08,1.33227e-15,0,1.05978e-07,0,0,False,nan|Ce1176_A3,1342276
130_bNAb_Combinations|1342276|cc|2|1|Ce1176_A3|7023,0,-0.411056,8.22278e-09,0,0.664383,0,0,0,-4.80277e-07,-3.77476e-15,0,-5.69116e-08,0,0,False,nan|Ce1176_A3,1342276
130_bNAb_Combinations|1342276|cc|3|1|Ce1176_A3|7023,0,-0.917472,-3.60523e-09,0,-0.496435,0,0,0,-6.42923e-07,-1.11022e-15,0,6.8927e-08,0,0,False,nan|Ce1176_A3,1342276
130_bNAb_Combinations|1342276|cc|4|1|Ce1176_A3|7023,0,-0.456343,-4.21742e-09,0,-0.398782,0,0,0,-2.13607e-07,1.22125e-15,0,-6.32322e-08,0,0,False,nan|Ce1176_A3,1342276
130_bNAb_Combinations|1342276|cc|5|1|Ce1176_A3|7023,0,0.58904,2.79558e-09,0,0.735729,0,0,0,6.0114e-07,2.22045e-15,0,-3.16879e-07,0,0,False,nan|Ce1176_A3,1342276
130_bNAb_Combinations|1342276|cc|6|1|Ce1176_A3|7023,0,-0.390516,-2.46796e-09,0,0.180815,0,0,0,-1.43925e-07,2.22045e-15,0,4.16232e-08,0,0,False,nan|Ce1176_A3,1342276
130_bNAb_Combinations|1342276|cc|7|1|Ce1176_A3|7023,0,0.591789,2.87026e-09,0,-0.00696092,0,0,0,-5.40001e-07,1.33227e-15,0,-4.19597e-08,0,0,False,nan|Ce1176_A3,1342276
130_bNAb_Combinations|1342276|cc|8|1|Ce1176_A3|7023,0,-0.599916,-4.79861e-09,0,0.13308,0,0,0,2.92335e-07,-3.77476e-15,0,-7.3578e-08,0,0,False,nan|Ce1176_A3,1342276
130_bNAb_Combinations|1342276|sample|3|Ce1176_A3|7023,0,-10.7953,-5.80478e-09,0,1.03752,0,0,0,-6.72537,-9.32587e-15,0,1.04289,0,0,True,VRC07-523LS|Ce1176_A3,1342276
130_bNAb_Combinations|1342276|sample|4|Ce1176_A3|7023,0,-14.2729,1.47421e-08,0,0.934841,0,0,0,-7.55684,-8.88178e-16,0,0.951434,0,0,True,VRC07-523LS|Ce1176_A3,1342276
130_bNAb_Combinations|1342276|vc|1|2|Ce1176_A3|7023,0,0.140484,1.60671e-10,0,-0.186149,0,0,0,-3.25582e-08,1.33227e-15,0,-5.77325e-08,0,0,False,nan|Ce1176_A3,1342276
130_bNAb_Combinations|1342276|vc|2|2|Ce1176_A3|7023,0,-0.475461,3.49587e-09,0,-0.621296,0,0,0,2.23397e-07,1.55431e-15,0,1.72542e-07,0,0,False,nan|Ce1176_A3,1342276
130_bNAb_Combinations|1342276|vc|3|2|Ce1176_A3|7023,0,-0.73656,2.18831e-09,0,0.0426968,0,0,0,-2.86837e-08,-1.88738e-15,0,7.79697e-08,0,0,False,nan|Ce1176_A3,1342276
130_bNAb_Combinations|1342276|vc|4|2|Ce1176_A3|7023,0,0.953967,-3.71211e-09,0,0.276533,0,0,0,-5.74758e-07,0,0,7.75331e-09,0,0,False,nan|Ce1176_A3,1342276
130_bNAb_Combinations|1342276|vc|5|2|Ce1176_A3|7023,0,-0.231665,2.44574e-09,0,0.0151772,0,0,0,2.65025e-07,1.9984e-15,0,1.52424e-07,0,0,False,nan|Ce1176_A3,1342276
130_bNAb_Combinations|1342276|vc|6|2|Ce1176_A3|7023,0,0.00881921,1.42773e-09,0,0.342085,0,0,0,3.01886e-07,4.44089e-16,0,-1.82893e-07,0,0,False,nan|Ce1176_A3,1342276
130_bNAb_Combinations|1342276|vc|7|2|Ce1176_A3|7023,0,-0.950248,2.65643e-09,0,0.172427,0,0,0,-2.03996e-08,-2.33147e-15,0,1.17067e-07,0,0,False,nan|Ce1176_A3,1342276
130_bNAb_Combinations|1342276|vc|8|2|Ce1176_A3|7023,0,1.92281,8.06982e-10,0,0.475053,0,0,0,3.14335e-07,6.66134e-16,0,3.55197e-07,0,0,False,nan|Ce1176_A3,1342276
130_bNAb_Combinations|1342294|cc|1|1|nan|1176,0,-0.183471,2.41752e-09,0,0.976101,0,0,0,2.25615e-07,3.33067e-15,0,8.52578e-08,0,0,False,nan|1176,1342294
130_bNAb_Combinations|1342294|cc|2|1|nan|1176,0,-0.282859,-3.3096e-09,0,-0.149178,0,0,0,-2.32917e-07,-4.44089e-16,0,1.41537e-07,0,0,False,nan|1176,1342294
130_bNAb_Combinations|1342294|cc|3|1|nan|1176,0,0.788296,3.17026e-09,0,-0.258781,0,0,0,-5.93736e-08,3.33067e-15,0,-1.00977e-07,0,0,False,nan|1176,1342294
130_bNAb_Combinations|1342294|cc|4|1|nan|1176,0,-1.54934,-4.2375e-10,0,-0.686549,0,0,0,-2.96745e-07,8.88178e-16,0,7.82438e-08,0,0,False,nan|1176,1342294
130_bNAb_Combinations|1342294|cc|5|1|nan|1176,0,-0.0134448,1.47447e-09,0,0.610704,0,0,0,-1.26121e-07,3.9968e-15,0,-2.21968e-08,0,0,False,nan|1176,1342294
130_bNAb_Combinations|1342294|cc|6|1|nan|1176,0,0.937694,3.35311e-10,0,-0.151315,0,0,0,6.8802e-07,-9.76996e-15,0,5.17779e-07,0,0,False,nan|1176,1342294
130_bNAb_Combinations|1342294|cc|7|1|nan|1176,0,-0.338081,2.23174e-09,0,0.741754,0,0,0,-1.40093e-07,-1.33227e-15,0,3.35591e-07,0,0,False,nan|1176,1342294
130_bNAb_Combinations|1342294|cc|8|1|nan|1176,0,-0.713186,8.58309e-09,0,0.309311,0,0,0,8.69704e-08,1.11022e-15,0,-2.46369e-07,0,0,False,nan|1176,1342294
130_bNAb_Combinations|1342294|sample|3|nan|1176,0,-4.87776,-1.26201e-08,0,6.4802,0,0,0,-5.02289,1.42109e-14,0,5.49211,0,0,True,VRC07-523LS|1176,1342294
130_bNAb_Combinations|1342294|sample|4|nan|1176,0,-5.16406,1.32209e-08,0,5.50366,0,0,0,-5.22547,-4.28546e-14,0,5.39302,0,0,True,VRC07-523LS|1176,1342294
130_bNAb_Combinations|1342294|sample|8|nan|1176,0,-5.10127,1.27341e-08,0,5.90019,0,0,0,-4.79067,-3.10862e-15,0,1.54882,0,0,True,VRC07-523LS|1176,1342294
130_bNAb_Combinations|1342294|vc|1|2|nan|1176,0,-0.0460454,-7.73762e-09,0,-0.936643,0,0,0,-4.37874e-07,2.22045e-15,0,-4.07431e-07,0,0,False,nan|1176,1342294
130_bNAb_Combinations|1342294|vc|2|2|nan|1176,0,-0.242461,1.0807e-09,0,-0.404142,0,0,0,2.86598e-07,-4.44089e-16,0,-4.04972e-07,0,0,False,nan|1176,1342294
130_bNAb_Combinations|1342294|vc|3|2|nan|1176,0,-0.113862,-1.08576e-08,0,0.584088,0,0,0,-3.5854e-07,8.88178e-16,0,3.9765e-08,0,0,False,nan|1176,1342294
130_bNAb_Combinations|1342294|vc|4|2|nan|1176,0,0.24248,5.40777e-10,0,0.16812,0,0,0,1.12057e-07,8.88178e-16,0,4.09482e-07,0,0,False,nan|1176,1342294
130_bNAb_Combinations|1342294|vc|5|2|nan|1176,0,0.552916,1.8572e-09,0,-0.020368,0,0,0,-2.35485e-07,4.44089e-16,0,2.8912e-08,0,0,False,nan|1176,1342294
130_bNAb_Combinations|1342294|vc|6|2|nan|1176,0,-0.567242,-2.18572e-10,0,-0.443932,0,0,0,-2.88467e-07,-1.77636e-15,0,-1.31655e-07,0,0,False,nan|1176,1342294
130_bNAb_Combinations|1342294|vc|7|2|nan|1176,0,-1.10807,-5.49666e-09,0,-0.117267,0,0,0,-1.8351e-07,-2.22045e-15,0,2.04124e-08,0,0,False,nan|1176,1342294
130_bNAb_Combinations|1342294|vc|8|2|nan|1176,0,0.869706,-5.92421e-09,0,-0.176289,0,0,0,2.31544e-07,2.88658e-15,0,2.87818e-07,0,0,False,nan|1176,1342294
130_bNAb_Combinations|1342312|cc|1|1|RHPA4259.7|5371,0,-0.710405,-5.76331e-09,0,-0.0564761,0,0,0,-4.60027e-07,-2.66454e-15,0,-1.07604e-07,0,0,False,nan|RHPA4259.7,1342312
130_bNAb_Combinations|1342312|cc|2|1|RHPA4259.7|5371,0,1.11619,1.12184e-08,0,-0.481038,0,0,0,7.77785e-08,-5.55112e-15,0,-3.53217e-07,0,0,False,nan|RHPA4259.7,1342312
130_bNAb_Combinations|1342312|cc|3|1|RHPA4259.7|5371,0,-0.535724,-1.1331e-08,0,0.136975,0,0,0,-2.06547e-08,0,0,-1.73125e-07,0,0,False,nan|RHPA4259.7,1342312
130_bNAb_Combinations|1342312|cc|4|1|RHPA4259.7|5371,0,0.698567,-1.50719e-08,0,-0.392788,0,0,0,-2.88405e-07,-2.22045e-15,0,-5.63046e-08,0,0,False,nan|RHPA4259.7,1342312
130_bNAb_Combinations|1342312|cc|5|1|RHPA4259.7|5371,0,-0.807604,8.49775e-09,0,-0.251046,0,0,0,3.62126e-07,0,0,-9.55909e-08,0,0,False,nan|RHPA4259.7,1342312
130_bNAb_Combinations|1342312|cc|6|1|RHPA4259.7|5371,0,0.209066,-4.18332e-09,0,-0.15274,0,0,0,-1.6852e-07,0,0,7.00418e-10,0,0,False,nan|RHPA4259.7,1342312
130_bNAb_Combinations|1342312|cc|7|1|RHPA4259.7|5371,0,-0.15098,3.25511e-10,0,-0.645167,0,0,0,1.75748e-07,-1.66533e-15,0,-6.05801e-07,0,0,False,nan|RHPA4259.7,1342312
130_bNAb_Combinations|1342312|cc|8|1|RHPA4259.7|5371,0,-0.0974016,2.32256e-09,0,-0.253329,0,0,0,-2.10044e-07,6.66134e-16,0,-2.51877e-08,0,0,False,nan|RHPA4259.7,1342312
130_bNAb_Combinations|1342312|sample|3|RHPA4259.7|5371,0,-12.6972,-8.36911e-09,0,7.64117,0,0,0,-6.5757,7.02771e-14,0,7.65997,0,0,True,VRC07-523LS|RHPA4259.7,1342312
130_bNAb_Combinations|1342312|sample|4|RHPA4259.7|5371,0,-13.0419,2.6527e-09,0,7.68941,0,0,0,-6.61999,7.84928e-14,0,8.1023,0,0,True,VRC07-523LS|RHPA4259.7,1342312
130_bNAb_Combinations|1342312|vc|1|2|RHPA4259.7|5371,0,0.420127,-7.74077e-09,0,0.109081,0,0,0,2.63557e-07,2.44249e-15,0,-2.55534e-07,0,0,False,nan|RHPA4259.7,1342312
130_bNAb_Combinations|1342312|vc|2|2|RHPA4259.7|5371,0,0.688372,-3.74362e-09,0,0.411521,0,0,0,3.71005e-08,-2.55351e-15,0,4.23156e-08,0,0,False,nan|RHPA4259.7,1342312
130_bNAb_Combinations|1342312|vc|3|2|RHPA4259.7|5371,0,-0.0524881,-2.71322e-09,0,0.0797912,0,0,0,1.0355e-07,-3.9968e-15,0,8.62392e-08,0,0,False,nan|RHPA4259.7,1342312
130_bNAb_Combinations|1342312|vc|4|2|RHPA4259.7|5371,0,-0.265676,5.30051e-09,0,0.271193,0,0,0,4.07019e-07,0,0,-2.555e-07,0,0,False,nan|RHPA4259.7,1342312
130_bNAb_Combinations|1342312|vc|5|2|RHPA4259.7|5371,0,-0.817895,7.63221e-09,0,-0.110166,0,0,0,-6.22969e-07,-1.9984e-15,0,3.55524e-09,0,0,False,nan|RHPA4259.7,1342312
130_bNAb_Combinations|1342312|vc|6|2|RHPA4259.7|5371,0,0.234325,5.46873e-09,0,-0.00772512,0,0,0,-3.0515e-07,-2.33147e-15,0,3.54231e-07,0,0,False,nan|RHPA4259.7,1342312
130_bNAb_Combinations|1342312|vc|7|2|RHPA4259.7|5371,0,-0.309377,2.7694e-09,0,-0.876722,0,0,0,-9.8269e-08,1.55431e-15,0,1.44077e-07,0,0,False,nan|RHPA4259.7,1342312
130_bNAb_Combinations|1342312|vc|8|2|RHPA4259.7|5371,0,-2.01771,-8.52413e-09,0,-0.562788,0,0,0,1.22088e-07,-3.10862e-15,0,-1.28965e-07,0,0,False,nan|RHPA4259.7,1342312
130_bNAb_Combinations|1342336|cc|1|1|nan|3430,0,0.5254,9.77859e-10,0,-0.283875,0,0,0,-2.04298e-07,1.33227e-15,0,-2.1852e-07,0,0,False,nan|3430,1342336
130_bNAb_Combinations|1342336|cc|2|1|nan|3430,0,0.217763,-7.08831e-09,0,0.712205,0,0,0,-1.5812e-07,1.33227e-15,0,2.55454e-07,0,0,False,nan|3430,1342336
130_bNAb_Combinations|1342336|cc|3|1|nan|3430,0,-0.114804,-1.27335e-09,0,-0.301256,0,0,0,1.6707e-07,2.22045e-15,0,3.94595e-07,0,0,False,nan|3430,1342336
130_bNAb_Combinations|1342336|cc|4|1|nan|3430,0,0.509797,4.7536e-09,0,-0.490478,0,0,0,-1.9113e-07,4.44089e-16,0,-4.45143e-07,0,0,False,nan|3430,1342336
130_bNAb_Combinations|1342336|cc|5|1|nan|3430,0,1.03484,6.10629e-09,0,0.482534,0,0,0,6.05488e-07,1.33227e-15,0,-2.66543e-07,0,0,False,nan|3430,1342336
130_bNAb_Combinations|1342336|cc|6|1|nan|3430,0,0.568389,2.12652e-09,0,-0.0894855,0,0,0,4.53153e-07,4.44089e-16,0,-6.2387e-08,0,0,False,nan|3430,1342336
130_bNAb_Combinations|1342336|cc|7|1|nan|3430,0,1.09012,-5.89079e-10,0,-0.151106,0,0,0,-2.38568e-07,0,0,1.292e-07,0,0,False,nan|3430,1342336
130_bNAb_Combinations|1342336|cc|8|1|nan|3430,0,-1.01441,-3.68175e-09,0,-1.15708,0,0,0,-1.71961e-08,4.88498e-15,0,6.75974e-08,0,0,False,nan|3430,1342336
130_bNAb_Combinations|1342336|sample|3|nan|3430,0,-8.74128,3.82118e-09,0,7.05023,0,0,0,-5.79365,-2.79776e-14,0,7.31201,0,0,True,VRC07-523LS|3430,1342336
130_bNAb_Combinations|1342336|sample|4|nan|3430,0,-8.78849,7.36912e-09,0,7.03594,0,0,0,-6.32869,-2.9754e-14,0,7.17163,0,0,True,VRC07-523LS|3430,1342336
130_bNAb_Combinations|1342336|sample|5|nan|3430,0,-12.3296,-7.98879e-09,0,6.77024,0,0,0,-6.91352,-7.10543e-15,0,3.66715,0,0,True,VRC07-523LS|3430,1342336
130_bNAb_Combinations|1342336|vc|1|2|nan|3430,0,0.790146,4.19278e-09,0,0.205409,0,0,0,-3.28647e-07,3.9968e-15,0,6.57752e-08,0,0,False,nan|3430,1342336
130_bNAb_Combinations|1342336|vc|2|2|nan|3430,0,-0.0108309,-9.59636e-09,0,0.241954,0,0,0,3.0038e-07,3.10862e-15,0,3.18496e-07,0,0,False,nan|3430,1342336
130_bNAb_Combinations|1342336|vc|3|2|nan|3430,0,-0.0469324,5.47198e-09,0,0.542682,0,0,0,2.3555e-07,3.10862e-15,0,-2.65983e-07,0,0,False,nan|3430,1342336
130_bNAb_Combinations|1342336|vc|4|2|nan|3430,0,1.29565,-2.27424e-10,0,0.456428,0,0,0,1.1348e-07,2.22045e-15,0,-1.24943e-07,0,0,False,nan|3430,1342336
130_bNAb_Combinations|1342336|vc|5|2|nan|3430,0,0.378719,8.84561e-09,0,-0.150076,0,0,0,-2.83205e-07,-2.22045e-15,0,-2.35509e-07,0,0,False,nan|3430,1342336
130_bNAb_Combinations|1342336|vc|6|2|nan|3430,0,0.47443,9.73079e-10,0,-0.800141,0,0,0,-3.86825e-08,3.10862e-15,0,2.97872e-07,0,0,False,nan|3430,1342336
130_bNAb_Combinations|1342336|vc|7|2|nan|3430,0,1.22604,-9.65755e-09,0,0.0673666,0,0,0,9.0098e-08,1.33227e-15,0,-1.91549e-07,0,0,False,nan|3430,1342336
130_bNAb_Combinations|1342336|vc|8|2|nan|3430,0,-0.348632,2.55117e-09,0,-0.338175,0,0,0,2.35812e-07,4.44089e-16,0,1.14647e-07,0,0,False,nan|3430,1342336
130_bNAb_Combinations|1342348|cc|1|1|nan|4166,0,-0.18987,6.5606e-09,0,0.156909,0,0,0,2.99809e-07,2.66454e-15,0,2.6284e-07,0,0,False,nan|4166,1342348
130_bNAb_Combinations|1342348|cc|2|1|nan|4166,0,-0.355688,-6.94753e-09,0,0.0703944,0,0,0,-2.51002e-08,2.66454e-15,0,-3.36989e-07,0,0,False,nan|4166,1342348
130_bNAb_Combinations|1342348|cc|3|1|nan|4166,0,0.616231,9.6445e-09,0,0.645785,0,0,0,-3.80626e-07,5.77316e-15,0,-5.25972e-08,0,0,False,nan|4166,1342348
130_bNAb_Combinations|1342348|cc|4|1|nan|4166,0,-1.23099,-9.63543e-11,0,0.533433,0,0,0,-1.61653e-07,-2.22045e-16,0,3.49773e-07,0,0,False,nan|4166,1342348
130_bNAb_Combinations|1342348|cc|5|1|nan|4166,0,-0.30199,3.57256e-09,0,0.607578,0,0,0,4.12772e-08,0,0,-3.90063e-08,0,0,False,nan|4166,1342348
130_bNAb_Combinations|1342348|cc|6|1|nan|4166,0,-0.74382,-6.80944e-10,0,0.828255,0,0,0,2.53231e-07,-1.77636e-15,0,-4.85477e-08,0,0,False,nan|4166,1342348
130_bNAb_Combinations|1342348|cc|7|1|nan|4166,0,1.33211,-1.68835e-09,0,0.284308,0,0,0,-9.21708e-07,0,0,3.46538e-07,0,0,False,nan|4166,1342348
130_bNAb_Combinations|1342348|cc|8|1|nan|4166,0,-0.0912202,7.17865e-09,0,0.494184,0,0,0,4.78516e-07,4.44089e-16,0,1.2342e-07,0,0,False,nan|4166,1342348
130_bNAb_Combinations|1342348|sample|3|nan|4166,0,-13.4479,-1.04013e-09,0,9.34888,0,0,0,-8.3261,3.14193e-14,0,9.36892,0,0,True,VRC07-523LS|4166,1342348
130_bNAb_Combinations|1342348|sample|4|nan|4166,0,-12.9224,1.24041e-08,0,10.2381,0,0,0,-6.70348,5.21805e-14,0,10.0692,0,0,True,VRC07-523LS|4166,1342348
130_bNAb_Combinations|1342348|vc|1|2|nan|4166,0,0.0242312,-1.71663e-09,0,0.0821254,0,0,0,-3.34234e-07,-1.33227e-15,0,-4.14098e-07,0,0,False,nan|4166,1342348
130_bNAb_Combinations|1342348|vc|2|2|nan|4166,0,-0.913732,-6.83605e-09,0,0.00482626,0,0,0,3.50749e-07,-1.33227e-15,0,-1.10922e-07,0,0,False,nan|4166,1342348
130_bNAb_Combinations|1342348|vc|3|2|nan|4166,0,0.137418,-9.87543e-09,0,-0.00256805,0,0,0,-3.49078e-08,4.44089e-16,0,-2.10388e-07,0,0,False,nan|4166,1342348
130_bNAb_Combinations|1342348|vc|4|2|nan|4166,0,-0.501193,1.19963e-09,0,0.0417554,0,0,0,7.23535e-08,-2.66454e-15,0,2.27898e-07,0,0,False,nan|4166,1342348
130_bNAb_Combinations|1342348|vc|5|2|nan|4166,0,-1.7629,9.61485e-11,0,1.06173,0,0,0,3.5508e-07,-3.10862e-15,0,-2.90369e-07,0,0,False,nan|4166,1342348
130_bNAb_Combinations|1342348|vc|6|2|nan|4166,0,-0.804317,6.8213e-09,0,-0.594797,0,0,0,4.93035e-07,-2.22045e-16,0,9.41445e-08,0,0,False,nan|4166,1342348
130_bNAb_Combinations|1342348|vc|7|2|nan|4166,0,0.274711,-5.18263e-09,0,-0.745151,0,0,0,-3.69498e-07,-2.66454e-15,0,2.53137e-07,0,0,False,nan|4166,1342348
130_bNAb_Combinations|1342348|vc|8|2|nan|4166,0,-0.0677703,7.97011e-09,0,-1.03587,0,0,0,4.81527e-07,6.66134e-16,0,-4.39515e-08,0,0,False,nan|4166,1342348
130_bNAb_Combinations|1342372|cc|1|1|nan|2944,0,0.205145,4.77483e-09,0,0.314555,0,0,0,1.72974e-07,1.88738e-15,0,3.69854e-07,0,0,False,nan|2944,1342372
130_bNAb_Combinations|1342372|cc|2|1|nan|2944,0,1.41236,-5.24127e-09,0,0.248828,0,0,0,-2.36004e-07,2.22045e-16,0,-7.76173e-08,0,0,False,nan|2944,1342372
130_bNAb_Combinations|1342372|cc|3|1|nan|2944,0,0.581426,2.93281e-09,0,-0.100924,0,0,0,5.94469e-07,-1.22125e-15,0,-6.16741e-08,0,0,False,nan|2944,1342372
130_bNAb_Combinations|1342372|cc|4|1|nan|2944,0,0.419638,-8.02093e-09,0,-0.291508,0,0,0,-1.32867e-07,4.88498e-15,0,3.79429e-07,0,0,False,nan|2944,1342372
130_bNAb_Combinations|1342372|cc|5|1|nan|2944,0,0.628054,5.90195e-11,0,-0.873419,0,0,0,-9.47213e-08,-1.11022e-15,0,2.12688e-07,0,0,False,nan|2944,1342372
130_bNAb_Combinations|1342372|cc|6|1|nan|2944,0,0.960499,-5.33327e-09,0,0.800981,0,0,0,-7.74777e-07,-5.66214e-15,0,-6.64973e-08,0,0,False,nan|2944,1342372
130_bNAb_Combinations|1342372|cc|7|1|nan|2944,0,0.432195,4.20221e-09,0,1.22681,0,0,0,-4.3368e-07,-5.55112e-15,0,8.18214e-08,0,0,False,nan|2944,1342372
130_bNAb_Combinations|1342372|cc|8|1|nan|2944,0,-0.947887,3.52894e-09,0,-0.31033,0,0,0,-2.20133e-07,-4.44089e-16,0,-2.00233e-07,0,0,False,nan|2944,1342372
130_bNAb_Combinations|1342372|sample|3|nan|2944,0,-11.3609,-2.21796e-09,0,3.80612,0,0,0,-6.58577,-3.01981e-14,0,3.96762,0,0,True,VRC07-523LS|2944,1342372
130_bNAb_Combinations|1342372|sample|4|nan|2944,0,-10.7753,-1.02314e-08,0,4.27721,0,0,0,-5.94806,-1.0747e-13,0,4.46653,0,0,True,VRC07-523LS|2944,1342372
130_bNAb_Combinations|1342372|vc|1|2|nan|2944,0,-0.341732,3.78921e-09,0,-0.0397733,0,0,0,-2.51102e-08,-2.44249e-15,0,-4.17843e-08,0,0,False,nan|2944,1342372
130_bNAb_Combinations|1342372|vc|2|2|nan|2944,0,0.25901,-1.19238e-09,0,0.802365,0,0,0,-2.7374e-07,4.44089e-15,0,-6.8467e-08,0,0,False,nan|2944,1342372
130_bNAb_Combinations|1342372|vc|3|2|nan|2944,0,-1.03987,4.47454e-09,0,0.0319746,0,0,0,3.97056e-07,2.33147e-15,0,-1.0011e-07,0,0,False,nan|2944,1342372
130_bNAb_Combinations|1342372|vc|4|2|nan|2944,0,-0.904002,8.95005e-10,0,-0.337931,0,0,0,-8.2978e-08,-2.22045e-16,0,1.14644e-07,0,0,False,nan|2944,1342372
130_bNAb_Combinations|1342372|vc|5|2|nan|2944,0,0.620546,-1.20369e-09,0,0.0718829,0,0,0,-2.85809e-07,2.33147e-15,0,2.52489e-07,0,0,False,nan|2944,1342372
130_bNAb_Combinations|1342372|vc|6|2|nan|2944,0,1.13019,5.66985e-09,0,0.224754,0,0,0,-3.59332e-07,1.55431e-15,0,1.56139e-07,0,0,False,nan|2944,1342372
130_bNAb_Combinations|1342372|vc|7|2|nan|2944,0,0.43371,-6.36667e-09,0,1.07053,0,0,0,-1.33171e-08,-2.66454e-15,0,2.06932e-07,0,0,False,nan|2944,1342372
130_bNAb_Combinations|1342372|vc|8|2|nan|2944,0,0.249689,-2.98994e-09,0,0.429379,0,0,0,3.36995e-07,3.33067e-15,0,2.06595e-07,0,0,False,nan|2944,1342372
130_bNAb_Combinations|1342384|cc|1|1|nan|2946,0,0.593764,-1.16033e-09,0,0.0338476,0,0,0,-2.9755e-07,-3.33067e-15,0,2.56041e-07,0,0,False,nan|2946,1342384
130_bNAb_Combinations|1342384|cc|2|1|nan|2946,0,-0.0107361,7.37968e-09,0,0.470006,0,0,0,-1.56564e-07,-2.22045e-16,0,-2.59093e-07,0,0,False,nan|2946,1342384
130_bNAb_Combinations|1342384|cc|3|1|nan|2946,0,-0.751457,2.89559e-09,0,0.0233689,0,0,0,-2.4267e-07,1.55431e-15,0,6.16761e-08,0,0,False,nan|2946,1342384
130_bNAb_Combinations|1342384|cc|4|1|nan|2946,0,-2.09714,-3.25113e-09,0,0.547354,0,0,0,-1.57207e-07,3.33067e-15,0,-3.24434e-07,0,0,False,nan|2946,1342384
130_bNAb_Combinations|1342384|cc|5|1|nan|2946,0,-0.534035,-2.18033e-09,0,0.978134,0,0,0,-3.66106e-07,-1.9984e-15,0,-1.60146e-07,0,0,False,nan|2946,1342384
130_bNAb_Combinations|1342384|cc|6|1|nan|2946,0,-0.705425,7.23221e-09,0,0.227229,0,0,0,-2.36596e-07,-2.22045e-15,0,2.99904e-07,0,0,False,nan|2946,1342384
130_bNAb_Combinations|1342384|cc|7|1|nan|2946,0,0.371048,-1.22706e-09,0,-0.842931,0,0,0,2.41566e-07,-3.55271e-15,0,2.75231e-07,0,0,False,nan|2946,1342384
130_bNAb_Combinations|1342384|cc|8|1|nan|2946,0,1.78404,-2.47332e-09,0,0.318191,0,0,0,1.20936e-07,4.66294e-15,0,-1.14515e-07,0,0,False,nan|2946,1342384
130_bNAb_Combinations|1342384|sample|3|nan|2946,0,-14.5574,-1.42738e-08,0,0.68747,0,0,0,-8.07021,-5.77316e-15,0,0.700886,0,0,True,VRC07-523LS|2946,1342384
130_bNAb_Combinations|1342384|sample|4|nan|2946,0,-14.7032,3.25788e-09,0,0.648183,0,0,0,-8.21105,-3.9968e-15,0,0.683774,0,0,True,VRC07-523LS|2946,1342384
130_bNAb_Combinations|1342384|vc|1|2|nan|2946,0,0.0434284,4.67339e-09,0,-0.268984,0,0,0,7.79509e-08,2.22045e-16,0,1.21451e-07,0,0,False,nan|2946,1342384
130_bNAb_Combinations|1342384|vc|2|2|nan|2946,0,0.596576,6.38092e-09,0,-0.535094,0,0,0,3.57672e-07,-3.33067e-15,0,9.58825e-08,0,0,False,nan|2946,1342384
130_bNAb_Combinations|1342384|vc|3|2|nan|2946,0,0.0609594,1.96339e-09,0,0.813337,0,0,0,-3.68245e-07,6.66134e-16,0,1.05386e-07,0,0,False,nan|2946,1342384
130_bNAb_Combinations|1342384|vc|4|2|nan|2946,0,-0.995711,5.45389e-10,0,0.374279,0,0,0,-1.79168e-07,5.10703e-15,0,-1.86618e-07,0,0,False,nan|2946,1342384
130_bNAb_Combinations|1342384|vc|5|2|nan|2946,0,-0.0761382,8.57822e-10,0,-0.00234616,0,0,0,-9.51675e-08,-2.88658e-15,0,1.64804e-07,0,0,False,nan|2946,1342384
130_bNAb_Combinations|1342384|vc|6|2|nan|2946,0,-1.24773,1.44049e-10,0,-0.673021,0,0,0,1.38839e-07,3.77476e-15,0,2.52683e-07,0,0,False,nan|2946,1342384
130_bNAb_Combinations|1342384|vc|7|2|nan|2946,0,0.191552,3.94347e-09,0,-0.175689,0,0,0,-4.94635e-07,-3.33067e-15,0,-2.06935e-08,0,0,False,nan|2946,1342384
130_bNAb_Combinations|1342384|vc|8|2|nan|2946,0,-0.524718,3.45705e-09,0,0.220476,0,0,0,-1.641e-07,1.55431e-15,0,5.63444e-07,0,0,False,nan|2946,1342384
130_bNAb_Combinations|1342396|cc|1|1|PVO.4|5024,0,-0.273983,3.86102e-09,0,-0.269074,0,0,0,2.57968e-08,2.66454e-15,0,1.6828e-07,0,0,False,nan|PVO.4,1342396
130_bNAb_Combinations|1342396|cc|2|1|PVO.4|5024,0,-0.758468,9.84839e-09,0,0.409299,0,0,0,1.51999e-07,-1.33227e-15,0,-6.7718e-08,0,0,False,nan|PVO.4,1342396
130_bNAb_Combinations|1342396|cc|3|1|PVO.4|5024,0,0.25952,5.08682e-09,0,-0.447375,0,0,0,5.63408e-07,1.55431e-15,0,-2.33212e-07,0,0,False,nan|PVO.4,1342396
130_bNAb_Combinations|1342396|cc|4|1|PVO.4|5024,0,-0.536604,-1.01191e-08,0,0.40539,0,0,0,-1.10281e-07,-3.9968e-15,0,2.72772e-07,0,0,False,nan|PVO.4,1342396
130_bNAb_Combinations|1342396|cc|5|1|PVO.4|5024,0,-0.536168,5.77025e-09,0,-0.964761,0,0,0,-2.42357e-07,-1.77636e-15,0,-2.54298e-08,0,0,False,nan|PVO.4,1342396
130_bNAb_Combinations|1342396|cc|6|1|PVO.4|5024,0,-0.293084,-5.19842e-09,0,-0.357737,0,0,0,-2.4765e-07,-5.55112e-16,0,3.19916e-07,0,0,False,nan|PVO.4,1342396
130_bNAb_Combinations|1342396|cc|7|1|PVO.4|5024,0,0.934427,-1.70743e-09,0,-0.159844,0,0,0,-2.59618e-07,3.55271e-15,0,1.48799e-07,0,0,False,nan|PVO.4,1342396
130_bNAb_Combinations|1342396|cc|8|1|PVO.4|5024,0,-0.720209,-1.16688e-08,0,0.0524048,0,0,0,-5.90831e-08,-2.22045e-15,0,6.13934e-08,0,0,False,nan|PVO.4,1342396
130_bNAb_Combinations|1342396|sample|3|PVO.4|5024,0,-12.9606,-1.68356e-08,0,3.27357,0,0,0,-7.24271,-7.99361e-15,0,3.24844,0,0,True,VRC07-523LS|PVO.4,1342396
130_bNAb_Combinations|1342396|sample|4|PVO.4|5024,0,-12.4734,5.24798e-09,0,3.02486,0,0,0,-7.48051,5.77316e-15,0,2.94716,0,0,True,VRC07-523LS|PVO.4,1342396
130_bNAb_Combinations|1342396|vc|1|2|PVO.4|5024,0,0.13814,6.92918e-09,0,0.348036,0,0,0,7.1888e-07,-2.88658e-15,0,-2.88082e-07,0,0,False,nan|PVO.4,1342396
130_bNAb_Combinations|1342396|vc|2|2|PVO.4|5024,0,0.0033834,2.72015e-09,0,-0.272038,0,0,0,1.41897e-07,-8.88178e-16,0,1.98124e-07,0,0,False,nan|PVO.4,1342396
130_bNAb_Combinations|1342396|vc|3|2|PVO.4|5024,0,-0.864948,2.0763e-10,0,0.695583,0,0,0,3.3898e-07,-4.44089e-16,0,3.80354e-07,0,0,False,nan|PVO.4,1342396
130_bNAb_Combinations|1342396|vc|4|2|PVO.4|5024,0,0.108701,-7.74076e-09,0,0.940485,0,0,0,-4.81423e-07,8.88178e-16,0,-2.08914e-07,0,0,False,nan|PVO.4,1342396
130_bNAb_Combinations|1342396|vc|5|2|PVO.4|5024,0,-0.967382,-4.57939e-09,0,0.361679,0,0,0,-4.07124e-07,3.77476e-15,0,6.77619e-08,0,0,False,nan|PVO.4,1342396
130_bNAb_Combinations|1342396|vc|6|2|PVO.4|5024,0,0.446468,6.84754e-09,0,0.404093,0,0,0,5.16282e-07,8.88178e-16,0,-3.55072e-07,0,0,False,nan|PVO.4,1342396
130_bNAb_Combinations|1342396|vc|7|2|PVO.4|5024,0,0.811811,2.86023e-10,0,0.226486,0,0,0,-4.31844e-09,6.66134e-16,0,-3.63307e-07,0,0,False,nan|PVO.4,1342396
130_bNAb_Combinations|1342396|vc|8|2|PVO.4|5024,0,0.230686,-1.08164e-08,0,-0.188982,0,0,0,1.13167e-07,-2.66454e-15,0,1.84951e-07,0,0,False,nan|PVO.4,1342396
130_bNAb_Combinations|1342408|cc|1|1|nan|4168,0,-0.240177,5.50015e-10,0,-0.787828,0,0,0,-4.05693e-07,2.55351e-15,0,-2.67765e-08,0,0,False,nan|4168,1342408
130_bNAb_Combinations|1342408|cc|2|1|nan|4168,0,0.061131,3.59226e-09,0,0.527401,0,0,0,-1.4674e-07,1.22125e-15,0,2.56508e-07,0,0,False,nan|4168,1342408
130_bNAb_Combinations|1342408|cc|3|1|nan|4168,0,1.78702,-4.59949e-09,0,0.715027,0,0,0,-8.64446e-08,9.99201e-16,0,2.6065e-07,0,0,False,nan|4168,1342408
130_bNAb_Combinations|1342408|cc|4|1|nan|4168,0,-0.695428,1.34821e-08,0,-0.0101892,0,0,0,-2.03675e-07,-1.88738e-15,0,1.06291e-07,0,0,False,nan|4168,1342408
130_bNAb_Combinations|1342408|cc|5|1|nan|4168,0,-0.339551,-6.28184e-09,0,-0.333038,0,0,0,-7.71089e-07,-5.66214e-15,0,3.58362e-07,0,0,False,nan|4168,1342408
130_bNAb_Combinations|1342408|cc|6|1|nan|4168,0,-1.15772,1.26913e-08,0,-0.0696993,0,0,0,3.69883e-08,4.44089e-16,0,3.10213e-07,0,0,False,nan|4168,1342408
130_bNAb_Combinations|1342408|cc|7|1|nan|4168,0,-0.498311,4.2359e-10,0,0.0962561,0,0,0,-4.34866e-07,-4.44089e-16,0,-4.16328e-07,0,0,False,nan|4168,1342408
130_bNAb_Combinations|1342408|cc|8|1|nan|4168,0,-0.294024,2.21305e-09,0,-0.381748,0,0,0,2.83206e-07,9.99201e-16,0,1.80504e-07,0,0,False,nan|4168,1342408
130_bNAb_Combinations|1342408|sample|3|nan|4168,0,-5.09987,5.36687e-09,0,1.2021,0,0,0,-4.97514,-1.95399e-14,0,1.29732,0,0,True,VRC07-523LS|4168,1342408
130_bNAb_Combinations|1342408|sample|4|nan|4168,0,-5.08645,1.22394e-08,0,1.32241,0,0,0,-5.46943,-4.79616e-14,0,1.15029,0,0,True,VRC07-523LS|4168,1342408
130_bNAb_Combinations|1342408|vc|1|2|nan|4168,0,-1.92284,-4.31422e-10,0,0.376306,0,0,0,-5.00032e-07,2.55351e-15,0,-2.56122e-07,0,0,False,nan|4168,1342408
130_bNAb_Combinations|1342408|vc|2|2|nan|4168,0,-0.25834,1.20211e-08,0,0.306963,0,0,0,-1.88886e-07,1.33227e-15,0,6.87397e-09,0,0,False,nan|4168,1342408
130_bNAb_Combinations|1342408|vc|3|2|nan|4168,0,0.786254,1.74878e-09,0,-0.319377,0,0,0,8.42876e-07,-4.996e-15,0,-3.57004e-07,0,0,False,nan|4168,1342408
130_bNAb_Combinations|1342408|vc|4|2|nan|4168,0,0.345204,1.50767e-09,0,-0.210708,0,0,0,-2.09244e-07,1.88738e-15,0,1.40265e-07,0,0,False,nan|4168,1342408
130_bNAb_Combinations|1342408|vc|5|2|nan|4168,0,-0.0368581,-3.72614e-09,0,-0.478769,0,0,0,-1.89225e-07,3.88578e-15,0,2.73852e-07,0,0,False,nan|4168,1342408
130_bNAb_Combinations|1342408|vc|6|2|nan|4168,0,0.5555,5.18776e-09,0,0.116657,0,0,0,-8.16098e-09,-3.44169e-15,0,-3.06892e-07,0,0,False,nan|4168,1342408
130_bNAb_Combinations|1342408|vc|7|2|nan|4168,0,-0.540116,2.31103e-09,0,0.337874,0,0,0,2.07662e-07,1.9984e-15,0,3.98669e-07,0,0,False,nan|4168,1342408
130_bNAb_Combinations|1342408|vc|8|2|nan|4168,0,-0.406368,-5.39735e-10,0,0.738954,0,0,0,4.37159e-08,-5.55112e-16,0,1.9159e-07,0,0,False,nan|4168,1342408
704_VRC01_Concordance|1200432|cc|1|1|PVO.4|5024,0,-1.53534,2.18689e-09,0,0.234977,0,0,0,1.19268e-07,-3.10862e-15,0,2.03141e-07,0,0,False,nan|PVO.4,1200432
704_VRC01_Concordance|1200432|cc|2|1|PVO.4|5024,0,0.461472,4.04423e-09,0,-0.670838,0,0,0,2.99666e-07,-1.55431e-15,0,-8.73543e-08,0,0,False,nan|PVO.4,1200432
704_VRC01_Concordance|1200432|cc|3|1|PVO.4|5024,0,-0.199674,4.46807e-09,0,-0.250424,0,0,0,2.9755e-07,-2.66454e-15,0,-1.14197e-07,0,0,False,nan|PVO.4,1200432
704_VRC01_Concordance|1200432|cc|4|1|PVO.4|5024,0,-1.61448,6.75356e-10,0,0.594555,0,0,0,2.24953e-07,5.32907e-15,0,-2.26656e-07,0,0,False,nan|PVO.4,1200432
704_VRC01_Concordance|1200432|cc|5|1|PVO.4|5024,0,0.937003,-5.16918e-09,0,0.113425,0,0,0,6.64821e-08,-1.11022e-15,0,-1.8564e-07,0,0,False,nan|PVO.4,1200432
704_VRC01_Concordance|1200432|cc|6|1|PVO.4|5024,0,-1.9831,2.66386e-09,0,-0.128818,0,0,0,1.34687e-07,1.55431e-15,0,2.30734e-07,0,0,False,nan|PVO.4,1200432
704_VRC01_Concordance|1200432|cc|7|1|PVO.4|5024,0,2.16121,5.09457e-09,0,-0.164773,0,0,0,-4.98292e-07,1.77636e-15,0,2.80426e-07,0,0,False,nan|PVO.4,1200432
704_VRC01_Concordance|1200432|cc|8|1|PVO.4|5024,0,1.11946,6.95886e-09,0,-0.741473,0,0,0,-1.64603e-07,-6.66134e-16,0,-3.93223e-07,0,0,False,nan|PVO.4,1200432
704_VRC01_Concordance|1200432|sample|10|PVO.4|5024,0,-3.43139,-1.7608e-08,0,0.326844,0,0,0,-5.98656,-6.21725e-15,0,0.273885,0,0,True,Clinical VRC01|PVO.4,1200432
704_VRC01_Concordance|1200432|sample|11|PVO.4|5024,0,-12.0094,-6.31646e-10,0,0.352136,0,0,0,-7.30577,-2.39808e-14,0,0.332671,0,0,True,Clinical VRC01|PVO.4,1200432
704_VRC01_Concordance|1200432|sample|12|PVO.4|5024,0,-11.8941,5.15682e-11,0,0.378865,0,0,0,-8.40995,1.5099e-14,0,0.355131,0,0,True,Clinical VRC01|PVO.4,1200432
704_VRC01_Concordance|1200432|sample|3|PVO.4|5024,0,-10.0893,7.0828e-09,0,0.431889,0,0,0,-6.01304,5.32907e-15,0,0.417198,0,0,True,Clinical VRC01|PVO.4,1200432
704_VRC01_Concordance|1200432|sample|4|PVO.4|5024,0,-7.59034,-5.09619e-09,0,0.341721,0,0,0,-7.23124,-9.76996e-15,0,0.302307,0,0,True,Clinical VRC01|PVO.4,1200432
704_VRC01_Concordance|1200432|sample|5|PVO.4|5024,0,-12.3559,-2.19216e-08,0,0.286497,0,0,0,-5.99511,-4.44089e-15,0,0.283448,0,0,True,Clinical VRC01|PVO.4,1200432
704_VRC01_Concordance|1200432|sample|6|PVO.4|5024,0,-11.0708,-3.21193e-09,0,0.254787,0,0,0,-3.65768,-2.75335e-14,0,0.300358,0,0,True,Clinical VRC01|PVO.4,1200432
704_VRC01_Concordance|1200432|sample|7|PVO.4|5024,0,-11.1163,1.93997e-08,0,0.408948,0,0,0,-6.55608,-1.15463e-14,0,0.3691,0,0,True,Clinical VRC01|PVO.4,1200432
704_VRC01_Concordance|1200432|sample|8|PVO.4|5024,0,-13.3014,-1.22266e-08,0,0.360302,0,0,0,-7.91065,-1.5099e-14,0,0.345931,0,0,True,Clinical VRC01|PVO.4,1200432
704_VRC01_Concordance|1200432|sample|9|PVO.4|5024,0,-4.36743,-6.77733e-09,0,0.330514,0,0,0,-4.06098,7.99361e-15,0,0.323154,0,0,True,Clinical VRC01|PVO.4,1200432
704_VRC01_Concordance|1200432|vc|1|2|PVO.4|5024,0,0.643302,-6.85965e-09,0,-0.299058,0,0,0,-2.99203e-07,-1.9984e-15,0,8.7037e-08,0,0,False,nan|PVO.4,1200432
704_VRC01_Concordance|1200432|vc|2|2|PVO.4|5024,0,-1.02787,-3.66802e-09,0,0.444684,0,0,0,3.05648e-09,-2.88658e-15,0,3.50033e-07,0,0,False,nan|PVO.4,1200432
704_VRC01_Concordance|1200432|vc|3|2|PVO.4|5024,0,0.678287,-3.59062e-10,0,0.0785261,0,0,0,3.12501e-08,3.44169e-15,0,2.52643e-07,0,0,False,nan|PVO.4,1200432
704_VRC01_Concordance|1200432|vc|4|2|PVO.4|5024,0,0.925992,-1.23283e-09,0,1.62173,0,0,0,4.02047e-07,1.11022e-15,0,1.80196e-07,0,0,False,nan|PVO.4,1200432
704_VRC01_Concordance|1200432|vc|5|2|PVO.4|5024,0,0.883969,-1.01445e-09,0,0.363819,0,0,0,-4.91023e-07,-1.55431e-15,0,2.27662e-08,0,0,False,nan|PVO.4,1200432
704_VRC01_Concordance|1200432|vc|6|2|PVO.4|5024,0,-0.102448,-3.49195e-09,0,-0.607523,0,0,0,4.2108e-08,1.33227e-15,0,-8.21521e-08,0,0,False,nan|PVO.4,1200432
704_VRC01_Concordance|1200432|vc|7|2|PVO.4|5024,0,-1.06261,-1.64371e-09,0,0.195477,0,0,0,-3.25667e-08,2.44249e-15,0,7.12156e-08,0,0,False,nan|PVO.4,1200432
704_VRC01_Concordance|1200432|vc|8|2|PVO.4|5024,0,-0.21357,-2.18969e-09,0,0.2611,0,0,0,-3.31268e-07,-1.77636e-15,0,2.69858e-08,0,0,False,nan|PVO.4,1200432
