rep,id,eta_U,eta_L,eta_m,eta_e,eta_alpha,eta_k,goes_down,mab_virus,run_id
1,130_bNAb_Combinations|1313842|cc|1|1|nan|2946,0,2.80258e-08,-3.8705e-08,0,0,0,False,nan|2946,1313842
1,130_bNAb_Combinations|1313842|cc|2|1|nan|2946,0,5.17416e-09,-1.53087e-08,0,0,0,False,nan|2946,1313842
1,130_bNAb_Combinations|1313842|cc|3|1|nan|2946,0,-1.75177e-09,6.13744e-08,0,0,0,False,nan|2946,1313842
1,130_bNAb_Combinations|1313842|cc|4|1|nan|2946,0,-2.93275e-08,-1.18635e-08,0,0,0,False,nan|2946,1313842
1,130_bNAb_Combinations|1313842|cc|5|1|nan|2946,0,5.15267e-08,8.68145e-08,0,0,0,False,nan|2946,1313842
1,130_bNAb_Combinations|1313842|cc|6|1|nan|2946,0,3.261e-08,4.11426e-08,0,0,0,False,nan|2946,1313842
1,130_bNAb_Combinations|1313842|cc|7|1|nan|2946,0,1.29126e-09,-6.20423e-09,0,0,0,False,nan|2946,1313842
1,130_bNAb_Combinations|1313842|cc|8|1|nan|2946,0,4.15924e-08,-2.39722e-08,0,0,0,False,nan|2946,1313842
1,130_bNAb_Combinations|1313842|sample|10|nan|2946,0,-1.73229e-08,1.04172e-09,0,0,0,True,PGT121|2946,1313842
1,130_bNAb_Combinations|1313842|sample|11|nan|2946,0,7.03965e-08,-1.9574e-09,0,0,0,True,VRC07-523LS|2946,1313842
1,130_bNAb_Combinations|1313842|sample|12|nan|2946,0,6.41277e-08,4.72367e-08,0,0,0,True,VRC07-523LS|2946,1313842
1,130_bNAb_Combinations|1313842|sample|3|nan|2946,0,-1.75954e-08,-8.85308e-08,0,0,0,True,PGDM1400|2946,1313842
1,130_bNAb_Combinations|1313842|sample|4|nan|2946,0,9.81778e-09,2.85292e-09,0,0,0,True,PGDM1400|2946,1313842
1,130_bNAb_Combinations|1313842|sample|5|nan|2946,0,-4.88938e-08,2.79914e-08,0,0,0,True,PGDM1400|2946,1313842
1,130_bNAb_Combinations|1313842|sample|6|nan|2946,0,8.28316e-09,-2.42668e-08,0,0,0,True,PGDM1400|2946,1313842
1,130_bNAb_Combinations|1313842|sample|7|nan|2946,0,5.42137e-09,1.38056e-08,0,0,0,True,PGT121|2946,1313842
1,130_bNAb_Combinations|1313842|sample|8|nan|2946,0,2.64157e-08,-5.48861e-08,0,0,0,True,PGT121|2946,1313842
1,130_bNAb_Combinations|1313842|sample|9|nan|2946,0,-9.62333e-08,-2.34713e-08,0,0,0,True,PGT121|2946,1313842
1,130_bNAb_Combinations|1313842|vc|1|2|nan|2946,0,-2.91411e-09,1.10634e-08,0,0,0,False,nan|2946,1313842
1,130_bNAb_Combinations|1313842|vc|2|2|nan|2946,0,3.41245e-09,-4.95245e-08,0,0,0,False,nan|2946,1313842
1,130_bNAb_Combinations|1313842|vc|3|2|nan|2946,0,1.09421e-08,2.79445e-09,0,0,0,False,nan|2946,1313842
1,130_bNAb_Combinations|1313842|vc|4|2|nan|2946,0,3.50403e-08,4.80724e-09,0,0,0,False,nan|2946,1313842
1,130_bNAb_Combinations|1313842|vc|5|2|nan|2946,0,5.36953e-08,7.63579e-08,0,0,0,False,nan|2946,1313842
1,130_bNAb_Combinations|1313842|vc|6|2|nan|2946,0,-8.53093e-08,3.18298e-08,0,0,0,False,nan|2946,1313842
1,130_bNAb_Combinations|1313842|vc|7|2|nan|2946,0,-7.6652e-08,1.16287e-07,0,0,0,False,nan|2946,1313842
1,130_bNAb_Combinations|1313842|vc|8|2|nan|2946,0,-2.21582e-09,-2.99153e-08,0,0,0,False,nan|2946,1313842
1,130_bNAb_Combinations|1313860|cc|1|1|PVO.4|5024,0,2.55682e-08,6.36905e-08,0,0,0,False,nan|PVO.4,1313860
1,130_bNAb_Combinations|1313860|cc|2|1|PVO.4|5024,0,-4.33144e-08,2.02167e-08,0,0,0,False,nan|PVO.4,1313860
1,130_bNAb_Combinations|1313860|cc|3|1|PVO.4|5024,0,-2.1166e-08,7.94715e-08,0,0,0,False,nan|PVO.4,1313860
1,130_bNAb_Combinations|1313860|cc|4|1|PVO.4|5024,0,-3.11216e-08,2.68683e-09,0,0,0,False,nan|PVO.4,1313860
1,130_bNAb_Combinations|1313860|cc|5|1|PVO.4|5024,0,2.89637e-08,6.97206e-08,0,0,0,False,nan|PVO.4,1313860
1,130_bNAb_Combinations|1313860|cc|6|1|PVO.4|5024,0,1.39004e-08,-9.88795e-10,0,0,0,False,nan|PVO.4,1313860
1,130_bNAb_Combinations|1313860|cc|7|1|PVO.4|5024,0,-1.15968e-08,-9.8024e-08,0,0,0,False,nan|PVO.4,1313860
1,130_bNAb_Combinations|1313860|cc|8|1|PVO.4|5024,0,-2.346e-09,4.02683e-08,0,0,0,False,nan|PVO.4,1313860
1,130_bNAb_Combinations|1313860|sample|10|PVO.4|5024,0,5.75878e-08,4.3113e-08,0,0,0,True,PGT121|PVO.4,1313860
1,130_bNAb_Combinations|1313860|sample|11|PVO.4|5024,0,-1.53691e-08,-8.37172e-08,0,0,0,True,VRC07-523LS|PVO.4,1313860
1,130_bNAb_Combinations|1313860|sample|12|PVO.4|5024,0,-8.44236e-08,-3.09085e-08,0,0,0,True,VRC07-523LS|PVO.4,1313860
1,130_bNAb_Combinations|1313860|sample|3|PVO.4|5024,0,1.43987e-08,4.82165e-08,0,0,0,True,PGDM1400|PVO.4,1313860
1,130_bNAb_Combinations|1313860|sample|4|PVO.4|5024,0,3.83747e-08,5.44764e-08,0,0,0,True,PGDM1400|PVO.4,1313860
1,130_bNAb_Combinations|1313860|sample|5|PVO.4|5024,0,-5.24776e-08,3.46382e-08,0,0,0,True,PGDM1400|PVO.4,1313860
1,130_bNAb_Combinations|1313860|sample|6|PVO.4|5024,0,2.17201e-08,-1.17267e-08,0,0,0,True,PGDM1400|PVO.4,1313860
1,130_bNAb_Combinations|1313860|sample|7|PVO.4|5024,0,-3.42367e-08,-4.68311e-09,0,0,0,True,PGT121|PVO.4,1313860
1,130_bNAb_Combinations|1313860|sample|8|PVO.4|5024,0,-4.68194e-08,3.71582e-08,0,0,0,True,PGT121|PVO.4,1313860
1,130_bNAb_Combinations|1313860|sample|9|PVO.4|5024,0,8.98017e-09,-1.49914e-08,0,0,0,True,PGT121|PVO.4,1313860
1,130_bNAb_Combinations|1313860|vc|1|2|PVO.4|5024,0,-4.20393e-08,3.23878e-08,0,0,0,False,nan|PVO.4,1313860
1,130_bNAb_Combinations|1313860|vc|2|2|PVO.4|5024,0,-4.21743e-09,1.02183e-08,0,0,0,False,nan|PVO.4,1313860
1,130_bNAb_Combinations|1313860|vc|3|2|PVO.4|5024,0,3.21743e-08,2.71084e-09,0,0,0,False,nan|PVO.4,1313860
1,130_bNAb_Combinations|1313860|vc|4|2|PVO.4|5024,0,6.02365e-09,3.19219e-08,0,0,0,False,nan|PVO.4,1313860
1,130_bNAb_Combinations|1313860|vc|5|2|PVO.4|5024,0,-1.65314e-08,2.77802e-08,0,0,0,False,nan|PVO.4,1313860
1,130_bNAb_Combinations|1313860|vc|6|2|PVO.4|5024,0,6.28304e-08,8.94542e-09,0,0,0,False,nan|PVO.4,1313860
1,130_bNAb_Combinations|1313860|vc|7|2|PVO.4|5024,0,2.11216e-08,-1.13768e-07,0,0,0,False,nan|PVO.4,1313860
1,130_bNAb_Combinations|1313860|vc|8|2|PVO.4|5024,0,4.38548e-08,-2.39064e-08,0,0,0,False,nan|PVO.4,1313860
1,130_bNAb_Combinations|1313884|cc|1|1|nan|4168,0,-1.01917e-07,1.96382e-08,0,0,0,False,nan|4168,1313884
1,130_bNAb_Combinations|1313884|cc|2|1|nan|4168,0,-5.11966e-08,3.13125e-08,0,0,0,False,nan|4168,1313884
1,130_bNAb_Combinations|1313884|cc|3|1|nan|4168,0,-2.44051e-09,2.92902e-08,0,0,0,False,nan|4168,1313884
1,130_bNAb_Combinations|1313884|cc|4|1|nan|4168,0,2.65974e-08,-4.33747e-09,0,0,0,False,nan|4168,1313884
1,130_bNAb_Combinations|1313884|cc|5|1|nan|4168,0,-4.08088e-08,3.35949e-08,0,0,0,False,nan|4168,1313884
1,130_bNAb_Combinations|1313884|cc|6|1|nan|4168,0,2.0644e-08,5.95384e-09,0,0,0,False,nan|4168,1313884
1,130_bNAb_Combinations|1313884|cc|7|1|nan|4168,0,-2.104e-08,5.99448e-09,0,0,0,False,nan|4168,1313884
1,130_bNAb_Combinations|1313884|cc|8|1|nan|4168,0,7.73837e-08,4.29178e-08,0,0,0,False,nan|4168,1313884
1,130_bNAb_Combinations|1313884|sample|10|nan|4168,0,3.95182e-08,-8.919e-09,0,0,0,True,PGT121|4168,1313884
1,130_bNAb_Combinations|1313884|sample|11|nan|4168,0,3.43416e-08,3.36365e-09,0,0,0,True,VRC07-523LS|4168,1313884
1,130_bNAb_Combinations|1313884|sample|12|nan|4168,0,-9.23885e-08,1.9275e-08,0,0,0,True,VRC07-523LS|4168,1313884
1,130_bNAb_Combinations|1313884|sample|3|nan|4168,0,-7.06146e-08,-3.6391e-08,0,0,0,True,PGDM1400|4168,1313884
1,130_bNAb_Combinations|1313884|sample|4|nan|4168,0,-1.36669e-10,-1.85773e-08,0,0,0,True,PGDM1400|4168,1313884
1,130_bNAb_Combinations|1313884|sample|5|nan|4168,0,5.50429e-08,-8.62583e-10,0,0,0,True,PGDM1400|4168,1313884
1,130_bNAb_Combinations|1313884|sample|6|nan|4168,0,-5.36103e-08,9.24725e-09,0,0,0,True,PGDM1400|4168,1313884
1,130_bNAb_Combinations|1313884|sample|7|nan|4168,0,-6.00937e-08,4.31005e-08,0,0,0,True,PGT121|4168,1313884
1,130_bNAb_Combinations|1313884|sample|8|nan|4168,0,2.18226e-08,5.64089e-08,0,0,0,True,PGT121|4168,1313884
1,130_bNAb_Combinations|1313884|sample|9|nan|4168,0,-1.1716e-07,-6.5274e-08,0,0,0,True,PGT121|4168,1313884
1,130_bNAb_Combinations|1313884|vc|1|2|nan|4168,0,4.57797e-08,-4.57614e-08,0,0,0,False,nan|4168,1313884
1,130_bNAb_Combinations|1313884|vc|2|2|nan|4168,0,1.00497e-07,4.48825e-08,0,0,0,False,nan|4168,1313884
1,130_bNAb_Combinations|1313884|vc|3|2|nan|4168,0,-7.5332e-08,-2.2106e-08,0,0,0,False,nan|4168,1313884
1,130_bNAb_Combinations|1313884|vc|4|2|nan|4168,0,5.48704e-09,-2.06129e-10,0,0,0,False,nan|4168,1313884
1,130_bNAb_Combinations|1313884|vc|5|2|nan|4168,0,-6.12035e-08,-8.47201e-10,0,0,0,False,nan|4168,1313884
1,130_bNAb_Combinations|1313884|vc|6|2|nan|4168,0,2.91841e-08,2.45452e-08,0,0,0,False,nan|4168,1313884
1,130_bNAb_Combinations|1313884|vc|7|2|nan|4168,0,8.04936e-08,2.76293e-08,0,0,0,False,nan|4168,1313884
1,130_bNAb_Combinations|1313884|vc|8|2|nan|4168,0,-1.23148e-07,-3.19159e-08,0,0,0,False,nan|4168,1313884
1,130_bNAb_Combinations|1313920|cc|1|1|nan|1798,0,3.99471e-09,1.10119e-07,0,0,0,False,nan|1798,1313920
1,130_bNAb_Combinations|1313920|cc|2|1|nan|1798,0,8.81781e-08,-1.04596e-08,0,0,0,False,nan|1798,1313920
1,130_bNAb_Combinations|1313920|cc|3|1|nan|1798,0,3.16833e-08,-3.10984e-08,0,0,0,False,nan|1798,1313920
1,130_bNAb_Combinations|1313920|cc|4|1|nan|1798,0,1.60997e-08,2.96352e-08,0,0,0,False,nan|1798,1313920
1,130_bNAb_Combinations|1313920|cc|5|1|nan|1798,0,-1.58163e-08,6.36779e-08,0,0,0,False,nan|1798,1313920
1,130_bNAb_Combinations|1313920|cc|6|1|nan|1798,0,-9.8118e-08,4.00462e-08,0,0,0,False,nan|1798,1313920
1,130_bNAb_Combinations|1313920|cc|7|1|nan|1798,0,4.81911e-08,2.38786e-08,0,0,0,False,nan|1798,1313920
1,130_bNAb_Combinations|1313920|cc|8|1|nan|1798,0,3.09567e-08,3.41009e-08,0,0,0,False,nan|1798,1313920
1,130_bNAb_Combinations|1313920|sample|10|nan|1798,0,1.08164e-08,-5.15657e-09,0,0,0,True,PGT121|1798,1313920
1,130_bNAb_Combinations|1313920|sample|11|nan|1798,0,-2.21375e-08,-5.9467e-08,0,0,0,True,VRC07-523LS|1798,1313920
1,130_bNAb_Combinations|1313920|sample|12|nan|1798,0,9.16883e-08,-1.54524e-08,0,0,0,True,VRC07-523LS|1798,1313920
1,130_bNAb_Combinations|1313920|sample|3|nan|1798,0,-6.18775e-08,-6.34843e-09,0,0,0,True,PGDM1400|1798,1313920
1,130_bNAb_Combinations|1313920|sample|4|nan|1798,0,-2.3459e-08,2.55211e-09,0,0,0,True,PGDM1400|1798,1313920
1,130_bNAb_Combinations|1313920|sample|5|nan|1798,0,1.17544e-07,5.33621e-08,0,0,0,True,PGDM1400|1798,1313920
1,130_bNAb_Combinations|1313920|sample|6|nan|1798,0,-1.42979e-07,-9.18883e-08,0,0,0,True,PGDM1400|1798,1313920
1,130_bNAb_Combinations|1313920|sample|7|nan|1798,0,2.25674e-08,-4.53193e-08,0,0,0,True,PGT121|1798,1313920
1,130_bNAb_Combinations|1313920|sample|8|nan|1798,0,-6.06649e-08,-3.50555e-08,0,0,0,True,PGT121|1798,1313920
1,130_bNAb_Combinations|1313920|sample|9|nan|1798,0,7.46255e-09,4.21742e-08,0,0,0,True,PGT121|1798,1313920
1,130_bNAb_Combinations|1313920|vc|1|2|nan|1798,0,-5.5435e-08,5.72588e-08,0,0,0,False,nan|1798,1313920
1,130_bNAb_Combinations|1313920|vc|2|2|nan|1798,0,3.44315e-09,5.28874e-08,0,0,0,False,nan|1798,1313920
1,130_bNAb_Combinations|1313920|vc|3|2|nan|1798,0,6.92499e-09,2.56187e-08,0,0,0,False,nan|1798,1313920
1,130_bNAb_Combinations|1313920|vc|4|2|nan|1798,0,2.31419e-08,4.93053e-08,0,0,0,False,nan|1798,1313920
1,130_bNAb_Combinations|1313920|vc|5|2|nan|1798,0,1.67681e-08,6.35583e-09,0,0,0,False,nan|1798,1313920
1,130_bNAb_Combinations|1313920|vc|6|2|nan|1798,0,-7.7949e-08,-5.56124e-08,0,0,0,False,nan|1798,1313920
1,130_bNAb_Combinations|1313920|vc|7|2|nan|1798,0,-4.80421e-08,9.6699e-09,0,0,0,False,nan|1798,1313920
1,130_bNAb_Combinations|1313920|vc|8|2|nan|1798,0,7.12429e-09,-9.99417e-09,0,0,0,False,nan|1798,1313920
1,130_bNAb_Combinations|1313938|cc|1|1|TRO.11|8301,0,-6.44872e-08,3.82856e-08,0,0,0,False,nan|TRO.11,1313938
1,130_bNAb_Combinations|1313938|cc|2|1|TRO.11|8301,0,2.33351e-08,-1.89338e-08,0,0,0,False,nan|TRO.11,1313938
1,130_bNAb_Combinations|1313938|cc|3|1|TRO.11|8301,0,-3.21176e-09,5.27913e-08,0,0,0,False,nan|TRO.11,1313938
1,130_bNAb_Combinations|1313938|cc|4|1|TRO.11|8301,0,-7.18633e-08,-1.05665e-08,0,0,0,False,nan|TRO.11,1313938
1,130_bNAb_Combinations|1313938|cc|5|1|TRO.11|8301,0,-1.8179e-08,3.50183e-08,0,0,0,False,nan|TRO.11,1313938
1,130_bNAb_Combinations|1313938|cc|6|1|TRO.11|8301,0,2.0823e-08,2.35524e-08,0,0,0,False,nan|TRO.11,1313938
1,130_bNAb_Combinations|1313938|cc|7|1|TRO.11|8301,0,2.18225e-08,-3.13077e-08,0,0,0,False,nan|TRO.11,1313938
1,130_bNAb_Combinations|1313938|cc|8|1|TRO.11|8301,0,1.6487e-08,-3.66019e-08,0,0,0,False,nan|TRO.11,1313938
1,130_bNAb_Combinations|1313938|sample|10|TRO.11|8301,0,-7.21321e-08,5.70136e-08,0,0,0,True,PGT121|TRO.11,1313938
1,130_bNAb_Combinations|1313938|sample|11|TRO.11|8301,0,5.42993e-08,-8.33959e-09,0,0,0,True,VRC07-523LS|TRO.11,1313938
1,130_bNAb_Combinations|1313938|sample|12|TRO.11|8301,0,4.85319e-08,3.08644e-08,0,0,0,True,VRC07-523LS|TRO.11,1313938
1,130_bNAb_Combinations|1313938|sample|3|TRO.11|8301,0,2.89641e-09,-3.06837e-08,0,0,0,True,PGDM1400|TRO.11,1313938
1,130_bNAb_Combinations|1313938|sample|4|TRO.11|8301,0,3.75456e-08,-2.71528e-08,0,0,0,True,PGDM1400|TRO.11,1313938
1,130_bNAb_Combinations|1313938|sample|5|TRO.11|8301,0,6.29347e-08,7.0337e-08,0,0,0,True,PGDM1400|TRO.11,1313938
1,130_bNAb_Combinations|1313938|sample|6|TRO.11|8301,0,1.8891e-09,3.43728e-08,0,0,0,True,PGDM1400|TRO.11,1313938
1,130_bNAb_Combinations|1313938|sample|7|TRO.11|8301,0,-1.08192e-07,7.38271e-08,0,0,0,True,PGT121|TRO.11,1313938
1,130_bNAb_Combinations|1313938|sample|8|TRO.11|8301,0,4.37023e-08,2.97978e-08,0,0,0,True,PGT121|TRO.11,1313938
1,130_bNAb_Combinations|1313938|sample|9|TRO.11|8301,0,-4.61808e-08,-6.58014e-08,0,0,0,True,PGT121|TRO.11,1313938
1,130_bNAb_Combinations|1313938|vc|1|2|TRO.11|8301,0,-3.32128e-08,-4.59724e-08,0,0,0,False,nan|TRO.11,1313938
1,130_bNAb_Combinations|1313938|vc|2|2|TRO.11|8301,0,-2.30408e-08,5.48927e-08,0,0,0,False,nan|TRO.11,1313938
1,130_bNAb_Combinations|1313938|vc|3|2|TRO.11|8301,0,4.97664e-08,-3.13841e-08,0,0,0,False,nan|TRO.11,1313938
1,130_bNAb_Combinations|1313938|vc|4|2|TRO.11|8301,0,1.11312e-08,-4.69234e-08,0,0,0,False,nan|TRO.11,1313938
1,130_bNAb_Combinations|1313938|vc|5|2|TRO.11|8301,0,4.29337e-08,2.77331e-08,0,0,0,False,nan|TRO.11,1313938
1,130_bNAb_Combinations|1313938|vc|6|2|TRO.11|8301,0,8.27282e-08,-5.13369e-08,0,0,0,False,nan|TRO.11,1313938
1,130_bNAb_Combinations|1313938|vc|7|2|TRO.11|8301,0,-2.91693e-08,-1.55333e-09,0,0,0,False,nan|TRO.11,1313938
1,130_bNAb_Combinations|1313938|vc|8|2|TRO.11|8301,0,-4.59297e-08,8.95977e-09,0,0,0,False,nan|TRO.11,1313938
1,130_bNAb_Combinations|1313956|cc|1|1|Ce1176_A3|7023,0,-1.46802e-08,-3.78346e-08,0,0,0,False,nan|Ce1176_A3,1313956
1,130_bNAb_Combinations|1313956|cc|2|1|Ce1176_A3|7023,0,3.3352e-08,-6.51274e-08,0,0,0,False,nan|Ce1176_A3,1313956
1,130_bNAb_Combinations|1313956|cc|3|1|Ce1176_A3|7023,0,-4.18251e-08,6.19852e-08,0,0,0,False,nan|Ce1176_A3,1313956
1,130_bNAb_Combinations|1313956|cc|4|1|Ce1176_A3|7023,0,3.79881e-10,-1.14495e-08,0,0,0,False,nan|Ce1176_A3,1313956
1,130_bNAb_Combinations|1313956|cc|5|1|Ce1176_A3|7023,0,-2.19309e-08,6.47709e-08,0,0,0,False,nan|Ce1176_A3,1313956
1,130_bNAb_Combinations|1313956|cc|6|1|Ce1176_A3|7023,0,-1.296e-08,3.2823e-09,0,0,0,False,nan|Ce1176_A3,1313956
1,130_bNAb_Combinations|1313956|cc|7|1|Ce1176_A3|7023,0,-3.81943e-08,3.51657e-08,0,0,0,False,nan|Ce1176_A3,1313956
1,130_bNAb_Combinations|1313956|cc|8|1|Ce1176_A3|7023,0,1.04872e-07,-1.90764e-08,0,0,0,False,nan|Ce1176_A3,1313956
1,130_bNAb_Combinations|1313956|sample|10|Ce1176_A3|7023,0,-2.93881e-08,-1.41207e-07,0,0,0,True,PGT121|Ce1176_A3,1313956
1,130_bNAb_Combinations|1313956|sample|11|Ce1176_A3|7023,0,-8.49101e-09,2.90687e-08,0,0,0,True,VRC07-523LS|Ce1176_A3,1313956
1,130_bNAb_Combinations|1313956|sample|12|Ce1176_A3|7023,0,3.44677e-08,1.47186e-08,0,0,0,True,VRC07-523LS|Ce1176_A3,1313956
1,130_bNAb_Combinations|1313956|sample|3|Ce1176_A3|7023,0,-5.28662e-08,9.58108e-08,0,0,0,True,PGDM1400|Ce1176_A3,1313956
1,130_bNAb_Combinations|1313956|sample|4|Ce1176_A3|7023,0,3.46275e-08,-1.90744e-08,0,0,0,True,PGDM1400|Ce1176_A3,1313956
1,130_bNAb_Combinations|1313956|sample|5|Ce1176_A3|7023,0,1.37283e-08,-1.59347e-08,0,0,0,True,PGDM1400|Ce1176_A3,1313956
1,130_bNAb_Combinations|1313956|sample|6|Ce1176_A3|7023,0,1.59439e-08,3.52146e-08,0,0,0,True,PGDM1400|Ce1176_A3,1313956
1,130_bNAb_Combinations|1313956|sample|7|Ce1176_A3|7023,0,3.01341e-08,-1.57504e-08,0,0,0,True,PGT121|Ce1176_A3,1313956
1,130_bNAb_Combinations|1313956|sample|8|Ce1176_A3|7023,0,2.59988e-08,1.02821e-08,0,0,0,True,PGT121|Ce1176_A3,1313956
1,130_bNAb_Combinations|1313956|sample|9|Ce1176_A3|7023,0,5.29774e-08,-1.99075e-08,0,0,0,True,PGT121|Ce1176_A3,1313956
1,130_bNAb_Combinations|1313956|vc|1|2|Ce1176_A3|7023,0,-8.23867e-08,2.02687e-08,0,0,0,False,nan|Ce1176_A3,1313956
1,130_bNAb_Combinations|1313956|vc|2|2|Ce1176_A3|7023,0,7.24068e-08,-2.96614e-08,0,0,0,False,nan|Ce1176_A3,1313956
1,130_bNAb_Combinations|1313956|vc|3|2|Ce1176_A3|7023,0,2.84202e-08,-4.23091e-08,0,0,0,False,nan|Ce1176_A3,1313956
1,130_bNAb_Combinations|1313956|vc|4|2|Ce1176_A3|7023,0,4.79447e-08,1.05623e-08,0,0,0,False,nan|Ce1176_A3,1313956
1,130_bNAb_Combinations|1313956|vc|5|2|Ce1176_A3|7023,0,5.59655e-08,-5.73984e-09,0,0,0,False,nan|Ce1176_A3,1313956
1,130_bNAb_Combinations|1313956|vc|6|2|Ce1176_A3|7023,0,-5.79428e-08,-1.32507e-09,0,0,0,False,nan|Ce1176_A3,1313956
1,130_bNAb_Combinations|1313956|vc|7|2|Ce1176_A3|7023,0,6.82106e-08,-5.99256e-08,0,0,0,False,nan|Ce1176_A3,1313956
1,130_bNAb_Combinations|1313956|vc|8|2|Ce1176_A3|7023,0,7.18936e-08,-1.14153e-08,0,0,0,False,nan|Ce1176_A3,1313956
1,130_bNAb_Combinations|1313974|cc|1|1|nan|1176,0,7.31564e-08,-1.04811e-07,0,0,0,False,nan|1176,1313974
1,130_bNAb_Combinations|1313974|cc|2|1|nan|1176,0,-1.17126e-08,-9.68206e-09,0,0,0,False,nan|1176,1313974
1,130_bNAb_Combinations|1313974|cc|3|1|nan|1176,0,-1.1444e-08,7.09364e-08,0,0,0,False,nan|1176,1313974
1,130_bNAb_Combinations|1313974|cc|4|1|nan|1176,0,-5.63268e-08,6.02461e-08,0,0,0,False,nan|1176,1313974
1,130_bNAb_Combinations|1313974|cc|5|1|nan|1176,0,-5.39088e-09,2.94721e-08,0,0,0,False,nan|1176,1313974
1,130_bNAb_Combinations|1313974|cc|6|1|nan|1176,0,-5.73899e-08,5.98172e-09,0,0,0,False,nan|1176,1313974
1,130_bNAb_Combinations|1313974|cc|7|1|nan|1176,0,-5.43129e-09,2.5327e-08,0,0,0,False,nan|1176,1313974
1,130_bNAb_Combinations|1313974|cc|8|1|nan|1176,0,2.55324e-08,7.39657e-08,0,0,0,False,nan|1176,1313974
1,130_bNAb_Combinations|1313974|sample|10|nan|1176,0,6.4572e-08,3.14414e-08,0,0,0,True,PGT121|1176,1313974
1,130_bNAb_Combinations|1313974|sample|11|nan|1176,0,8.13811e-09,3.97681e-08,0,0,0,True,VRC07-523LS|1176,1313974
1,130_bNAb_Combinations|1313974|sample|12|nan|1176,0,7.42654e-08,-2.2213e-08,0,0,0,True,VRC07-523LS|1176,1313974
1,130_bNAb_Combinations|1313974|sample|3|nan|1176,0,-2.92832e-08,1.25894e-08,0,0,0,True,PGDM1400|1176,1313974
1,130_bNAb_Combinations|1313974|sample|4|nan|1176,0,3.74071e-09,-7.41291e-08,0,0,0,True,PGDM1400|1176,1313974
1,130_bNAb_Combinations|1313974|sample|5|nan|1176,0,1.95311e-08,8.91938e-08,0,0,0,True,PGDM1400|1176,1313974
1,130_bNAb_Combinations|1313974|sample|6|nan|1176,0,3.09351e-08,-2.74123e-08,0,0,0,True,PGDM1400|1176,1313974
1,130_bNAb_Combinations|1313974|sample|7|nan|1176,0,-8.87147e-09,-6.4295e-08,0,0,0,True,PGT121|1176,1313974
1,130_bNAb_Combinations|1313974|sample|8|nan|1176,0,4.20417e-08,-3.95668e-09,0,0,0,True,PGT121|1176,1313974
1,130_bNAb_Combinations|1313974|sample|9|nan|1176,0,-6.29162e-08,4.66732e-08,0,0,0,True,PGT121|1176,1313974
1,130_bNAb_Combinations|1313974|vc|1|2|nan|1176,0,-3.82501e-08,-1.08239e-09,0,0,0,False,nan|1176,1313974
1,130_bNAb_Combinations|1313974|vc|2|2|nan|1176,0,5.87917e-08,3.30721e-09,0,0,0,False,nan|1176,1313974
1,130_bNAb_Combinations|1313974|vc|3|2|nan|1176,0,-1.46116e-08,-4.9838e-08,0,0,0,False,nan|1176,1313974
1,130_bNAb_Combinations|1313974|vc|4|2|nan|1176,0,-4.18157e-08,-7.94387e-08,0,0,0,False,nan|1176,1313974
1,130_bNAb_Combinations|1313974|vc|5|2|nan|1176,0,-3.24927e-08,3.4682e-08,0,0,0,False,nan|1176,1313974
1,130_bNAb_Combinations|1313974|vc|6|2|nan|1176,0,3.40369e-09,-1.64849e-08,0,0,0,False,nan|1176,1313974
1,130_bNAb_Combinations|1313974|vc|7|2|nan|1176,0,7.35837e-08,-5.82856e-09,0,0,0,False,nan|1176,1313974
1,130_bNAb_Combinations|1313974|vc|8|2|nan|1176,0,4.57208e-08,4.91068e-08,0,0,0,False,nan|1176,1313974
1,130_bNAb_Combinations|1313992|cc|1|1|RHPA4259.7|5371,0,-5.4425e-08,-5.95204e-08,0,0,0,False,nan|RHPA4259.7,1313992
1,130_bNAb_Combinations|1313992|cc|2|1|RHPA4259.7|5371,0,-2.87108e-08,-3.85982e-08,0,0,0,False,nan|RHPA4259.7,1313992
1,130_bNAb_Combinations|1313992|cc|3|1|RHPA4259.7|5371,0,-6.75851e-09,-1.1183e-08,0,0,0,False,nan|RHPA4259.7,1313992
1,130_bNAb_Combinations|1313992|cc|4|1|RHPA4259.7|5371,0,-4.6088e-08,-4.83094e-08,0,0,0,False,nan|RHPA4259.7,1313992
1,130_bNAb_Combinations|1313992|cc|5|1|RHPA4259.7|5371,0,-7.11606e-08,-4.26123e-08,0,0,0,False,nan|RHPA4259.7,1313992
1,130_bNAb_Combinations|1313992|cc|6|1|RHPA4259.7|5371,0,-4.92188e-09,-1.07977e-07,0,0,0,False,nan|RHPA4259.7,1313992
1,130_bNAb_Combinations|1313992|cc|7|1|RHPA4259.7|5371,0,-7.58629e-08,-2.4305e-08,0,0,0,False,nan|RHPA4259.7,1313992
1,130_bNAb_Combinations|1313992|cc|8|1|RHPA4259.7|5371,0,9.42051e-08,7.04625e-08,0,0,0,False,nan|RHPA4259.7,1313992
1,130_bNAb_Combinations|1313992|sample|10|RHPA4259.7|5371,0,3.63292e-08,-7.24989e-08,0,0,0,True,PGT121|RHPA4259.7,1313992
1,130_bNAb_Combinations|1313992|sample|11|RHPA4259.7|5371,0,-2.16158e-08,3.7617e-08,0,0,0,True,VRC07-523LS|RHPA4259.7,1313992
1,130_bNAb_Combinations|1313992|sample|12|RHPA4259.7|5371,0,-8.90696e-08,-1.38535e-08,0,0,0,True,VRC07-523LS|RHPA4259.7,1313992
1,130_bNAb_Combinations|1313992|sample|3|RHPA4259.7|5371,0,-9.68168e-09,-1.67147e-08,0,0,0,True,PGDM1400|RHPA4259.7,1313992
1,130_bNAb_Combinations|1313992|sample|4|RHPA4259.7|5371,0,1.12618e-07,-1.58495e-08,0,0,0,True,PGDM1400|RHPA4259.7,1313992
1,130_bNAb_Combinations|1313992|sample|5|RHPA4259.7|5371,0,3.63692e-08,-3.5804e-08,0,0,0,True,PGDM1400|RHPA4259.7,1313992
1,130_bNAb_Combinations|1313992|sample|6|RHPA4259.7|5371,0,1.52764e-08,-7.36286e-08,0,0,0,True,PGDM1400|RHPA4259.7,1313992
1,130_bNAb_Combinations|1313992|sample|7|RHPA4259.7|5371,0,-6.7773e-08,2.25763e-08,0,0,0,True,PGT121|RHPA4259.7,1313992
1,130_bNAb_Combinations|1313992|sample|8|RHPA4259.7|5371,0,-8.39337e-09,7.3708e-09,0,0,0,True,PGT121|RHPA4259.7,1313992
1,130_bNAb_Combinations|1313992|sample|9|RHPA4259.7|5371,0,3.80846e-08,4.65344e-08,0,0,0,True,PGT121|RHPA4259.7,1313992
1,130_bNAb_Combinations|1313992|vc|1|2|RHPA4259.7|5371,0,-2.97849e-08,2.84482e-08,0,0,0,False,nan|RHPA4259.7,1313992
1,130_bNAb_Combinations|1313992|vc|2|2|RHPA4259.7|5371,0,4.65297e-08,3.80671e-08,0,0,0,False,nan|RHPA4259.7,1313992
1,130_bNAb_Combinations|1313992|vc|3|2|RHPA4259.7|5371,0,-1.40194e-07,-7.71816e-10,0,0,0,False,nan|RHPA4259.7,1313992
1,130_bNAb_Combinations|1313992|vc|4|2|RHPA4259.7|5371,0,-2.85176e-08,4.64979e-08,0,0,0,False,nan|RHPA4259.7,1313992
1,130_bNAb_Combinations|1313992|vc|5|2|RHPA4259.7|5371,0,4.62771e-08,-3.5972e-08,0,0,0,False,nan|RHPA4259.7,1313992
1,130_bNAb_Combinations|1313992|vc|6|2|RHPA4259.7|5371,0,1.63056e-09,7.02679e-08,0,0,0,False,nan|RHPA4259.7,1313992
1,130_bNAb_Combinations|1313992|vc|7|2|RHPA4259.7|5371,0,-2.04909e-08,-1.55548e-08,0,0,0,False,nan|RHPA4259.7,1313992
1,130_bNAb_Combinations|1313992|vc|8|2|RHPA4259.7|5371,0,-2.80295e-09,2.47125e-08,0,0,0,False,nan|RHPA4259.7,1313992
1,130_bNAb_Combinations|1314016|cc|1|1|nan|3430,0,-3.35358e-10,-1.43867e-08,0,0,0,False,nan|3430,1314016
1,130_bNAb_Combinations|1314016|cc|2|1|nan|3430,0,-4.19545e-08,-3.65536e-08,0,0,0,False,nan|3430,1314016
1,130_bNAb_Combinations|1314016|cc|3|1|nan|3430,0,1.78373e-08,5.46865e-08,0,0,0,False,nan|3430,1314016
1,130_bNAb_Combinations|1314016|cc|4|1|nan|3430,0,-7.54221e-08,-1.69503e-08,0,0,0,False,nan|3430,1314016
1,130_bNAb_Combinations|1314016|cc|5|1|nan|3430,0,5.30262e-08,-2.48649e-08,0,0,0,False,nan|3430,1314016
1,130_bNAb_Combinations|1314016|cc|6|1|nan|3430,0,-8.36273e-08,-1.14639e-07,0,0,0,False,nan|3430,1314016
1,130_bNAb_Combinations|1314016|cc|7|1|nan|3430,0,-6.27176e-08,-7.86412e-11,0,0,0,False,nan|3430,1314016
1,130_bNAb_Combinations|1314016|cc|8|1|nan|3430,0,-1.29967e-07,-2.74943e-08,0,0,0,False,nan|3430,1314016
1,130_bNAb_Combinations|1314016|sample|10|nan|3430,0,-4.82472e-08,-1.54447e-08,0,0,0,True,PGT121|3430,1314016
1,130_bNAb_Combinations|1314016|sample|11|nan|3430,0,4.89718e-08,6.43481e-09,0,0,0,True,VRC07-523LS|3430,1314016
1,130_bNAb_Combinations|1314016|sample|12|nan|3430,0,2.91077e-08,-5.56581e-08,0,0,0,True,VRC07-523LS|3430,1314016
1,130_bNAb_Combinations|1314016|sample|3|nan|3430,0,-1.81029e-08,8.23722e-08,0,0,0,True,PGDM1400|3430,1314016
1,130_bNAb_Combinations|1314016|sample|4|nan|3430,0,5.98945e-08,-1.36743e-08,0,0,0,True,PGDM1400|3430,1314016
1,130_bNAb_Combinations|1314016|sample|5|nan|3430,0,-1.21133e-07,3.09002e-08,0,0,0,True,PGDM1400|3430,1314016
1,130_bNAb_Combinations|1314016|sample|6|nan|3430,0,2.12334e-08,8.14354e-09,0,0,0,True,PGDM1400|3430,1314016
1,130_bNAb_Combinations|1314016|sample|7|nan|3430,0,2.14882e-09,-1.71059e-09,0,0,0,True,PGT121|3430,1314016
1,130_bNAb_Combinations|1314016|sample|8|nan|3430,0,-7.02869e-10,-4.03317e-08,0,0,0,True,PGT121|3430,1314016
1,130_bNAb_Combinations|1314016|sample|9|nan|3430,0,3.06803e-08,-5.02078e-08,0,0,0,True,PGT121|3430,1314016
1,130_bNAb_Combinations|1314016|vc|1|2|nan|3430,0,6.29888e-08,2.09629e-08,0,0,0,False,nan|3430,1314016
1,130_bNAb_Combinations|1314016|vc|2|2|nan|3430,0,2.17876e-09,2.64717e-08,0,0,0,False,nan|3430,1314016
1,130_bNAb_Combinations|1314016|vc|3|2|nan|3430,0,1.06091e-07,-2.6356e-08,0,0,0,False,nan|3430,1314016
1,130_bNAb_Combinations|1314016|vc|4|2|nan|3430,0,5.54121e-08,-4.92136e-08,0,0,0,False,nan|3430,1314016
1,130_bNAb_Combinations|1314016|vc|5|2|nan|3430,0,2.10661e-08,-1.58478e-08,0,0,0,False,nan|3430,1314016
1,130_bNAb_Combinations|1314016|vc|6|2|nan|3430,0,-5.25148e-08,-7.03125e-08,0,0,0,False,nan|3430,1314016
1,130_bNAb_Combinations|1314016|vc|7|2|nan|3430,0,-5.3545e-08,3.56318e-08,0,0,0,False,nan|3430,1314016
1,130_bNAb_Combinations|1314016|vc|8|2|nan|3430,0,-3.81671e-08,4.19508e-08,0,0,0,False,nan|3430,1314016
1,130_bNAb_Combinations|1314040|cc|1|1|nan|4166,0,-6.98285e-08,7.61637e-08,0,0,0,False,nan|4166,1314040
1,130_bNAb_Combinations|1314040|cc|2|1|nan|4166,0,1.27804e-08,1.34634e-08,0,0,0,False,nan|4166,1314040
1,130_bNAb_Combinations|1314040|cc|3|1|nan|4166,0,1.16046e-09,6.35543e-08,0,0,0,False,nan|4166,1314040
1,130_bNAb_Combinations|1314040|cc|4|1|nan|4166,0,4.11626e-08,-3.45183e-08,0,0,0,False,nan|4166,1314040
1,130_bNAb_Combinations|1314040|cc|5|1|nan|4166,0,9.43827e-08,7.63369e-08,0,0,0,False,nan|4166,1314040
1,130_bNAb_Combinations|1314040|cc|6|1|nan|4166,0,-1.37892e-08,-4.27961e-08,0,0,0,False,nan|4166,1314040
1,130_bNAb_Combinations|1314040|cc|7|1|nan|4166,0,-6.60631e-09,2.32079e-08,0,0,0,False,nan|4166,1314040
1,130_bNAb_Combinations|1314040|cc|8|1|nan|4166,0,1.30237e-08,-8.08152e-08,0,0,0,False,nan|4166,1314040
1,130_bNAb_Combinations|1314040|sample|10|nan|4166,0,4.55319e-08,-2.72756e-08,0,0,0,True,PGT121|4166,1314040
1,130_bNAb_Combinations|1314040|sample|11|nan|4166,0,2.8225e-08,-1.47086e-08,0,0,0,True,VRC07-523LS|4166,1314040
1,130_bNAb_Combinations|1314040|sample|12|nan|4166,0,-7.86019e-08,-8.52104e-08,0,0,0,True,VRC07-523LS|4166,1314040
1,130_bNAb_Combinations|1314040|sample|3|nan|4166,0,-2.4245e-08,-6.87994e-08,0,0,0,True,PGDM1400|4166,1314040
1,130_bNAb_Combinations|1314040|sample|4|nan|4166,0,-5.41089e-08,4.37217e-08,0,0,0,True,PGDM1400|4166,1314040
1,130_bNAb_Combinations|1314040|sample|5|nan|4166,0,-3.33175e-08,-3.48415e-08,0,0,0,True,PGDM1400|4166,1314040
1,130_bNAb_Combinations|1314040|sample|6|nan|4166,0,-2.7682e-08,-8.80374e-10,0,0,0,True,PGDM1400|4166,1314040
1,130_bNAb_Combinations|1314040|sample|7|nan|4166,0,-8.3303e-09,-3.31572e-08,0,0,0,True,PGT121|4166,1314040
1,130_bNAb_Combinations|1314040|sample|8|nan|4166,0,-6.51346e-08,1.78906e-08,0,0,0,True,PGT121|4166,1314040
1,130_bNAb_Combinations|1314040|sample|9|nan|4166,0,-5.05028e-08,5.65701e-08,0,0,0,True,PGT121|4166,1314040
1,130_bNAb_Combinations|1314040|vc|1|2|nan|4166,0,-3.74365e-08,5.23248e-08,0,0,0,False,nan|4166,1314040
1,130_bNAb_Combinations|1314040|vc|2|2|nan|4166,0,1.18531e-08,3.85239e-08,0,0,0,False,nan|4166,1314040
1,130_bNAb_Combinations|1314040|vc|3|2|nan|4166,0,2.19686e-08,8.58272e-08,0,0,0,False,nan|4166,1314040
1,130_bNAb_Combinations|1314040|vc|4|2|nan|4166,0,-3.25623e-08,-6.1775e-08,0,0,0,False,nan|4166,1314040
1,130_bNAb_Combinations|1314040|vc|5|2|nan|4166,0,-6.09656e-08,1.59768e-08,0,0,0,False,nan|4166,1314040
1,130_bNAb_Combinations|1314040|vc|6|2|nan|4166,0,6.57455e-08,-5.46596e-08,0,0,0,False,nan|4166,1314040
1,130_bNAb_Combinations|1314040|vc|7|2|nan|4166,0,-7.19595e-08,7.78717e-08,0,0,0,False,nan|4166,1314040
1,130_bNAb_Combinations|1314040|vc|8|2|nan|4166,0,-1.07903e-07,3.01154e-08,0,0,0,False,nan|4166,1314040
1,130_bNAb_Combinations|1314058|cc|1|1|nan|2944,0,4.2878e-08,-6.17942e-09,0,0,0,False,nan|2944,1314058
1,130_bNAb_Combinations|1314058|cc|2|1|nan|2944,0,-4.25624e-08,-1.23888e-08,0,0,0,False,nan|2944,1314058
1,130_bNAb_Combinations|1314058|cc|3|1|nan|2944,0,2.7819e-08,6.94121e-08,0,0,0,False,nan|2944,1314058
1,130_bNAb_Combinations|1314058|cc|4|1|nan|2944,0,-1.12634e-07,6.02819e-09,0,0,0,False,nan|2944,1314058
1,130_bNAb_Combinations|1314058|cc|5|1|nan|2944,0,1.4288e-08,-5.26726e-08,0,0,0,False,nan|2944,1314058
1,130_bNAb_Combinations|1314058|cc|6|1|nan|2944,0,4.32667e-09,-3.1256e-08,0,0,0,False,nan|2944,1314058
1,130_bNAb_Combinations|1314058|cc|7|1|nan|2944,0,-3.77683e-08,6.78067e-10,0,0,0,False,nan|2944,1314058
1,130_bNAb_Combinations|1314058|cc|8|1|nan|2944,0,1.28312e-09,-8.50636e-09,0,0,0,False,nan|2944,1314058
1,130_bNAb_Combinations|1314058|sample|10|nan|2944,0,-5.39305e-09,-2.35088e-08,0,0,0,True,PGT121|2944,1314058
1,130_bNAb_Combinations|1314058|sample|11|nan|2944,0,-8.60722e-08,1.46974e-08,0,0,0,True,VRC07-523LS|2944,1314058
1,130_bNAb_Combinations|1314058|sample|12|nan|2944,0,-7.49675e-08,3.33817e-09,0,0,0,True,VRC07-523LS|2944,1314058
1,130_bNAb_Combinations|1314058|sample|3|nan|2944,0,7.27358e-08,1.02606e-07,0,0,0,True,PGDM1400|2944,1314058
1,130_bNAb_Combinations|1314058|sample|4|nan|2944,0,1.22928e-07,-2.8265e-10,0,0,0,True,PGDM1400|2944,1314058
1,130_bNAb_Combinations|1314058|sample|5|nan|2944,0,2.18852e-08,-2.93698e-08,0,0,0,True,PGDM1400|2944,1314058
1,130_bNAb_Combinations|1314058|sample|6|nan|2944,0,3.23154e-08,-2.87335e-08,0,0,0,True,PGDM1400|2944,1314058
1,130_bNAb_Combinations|1314058|sample|7|nan|2944,0,4.44222e-08,-1.24195e-08,0,0,0,True,PGT121|2944,1314058
1,130_bNAb_Combinations|1314058|sample|8|nan|2944,0,6.11041e-08,2.7374e-08,0,0,0,True,PGT121|2944,1314058
1,130_bNAb_Combinations|1314058|sample|9|nan|2944,0,-6.6724e-08,-3.9175e-08,0,0,0,True,PGT121|2944,1314058
1,130_bNAb_Combinations|1314058|vc|1|2|nan|2944,0,-4.59897e-08,-3.67764e-09,0,0,0,False,nan|2944,1314058
1,130_bNAb_Combinations|1314058|vc|2|2|nan|2944,0,3.97305e-08,-7.24685e-08,0,0,0,False,nan|2944,1314058
1,130_bNAb_Combinations|1314058|vc|3|2|nan|2944,0,-8.04628e-08,-1.41886e-08,0,0,0,False,nan|2944,1314058
1,130_bNAb_Combinations|1314058|vc|4|2|nan|2944,0,5.7655e-08,-5.92863e-08,0,0,0,False,nan|2944,1314058
1,130_bNAb_Combinations|1314058|vc|5|2|nan|2944,0,2.58295e-09,-3.59276e-10,0,0,0,False,nan|2944,1314058
1,130_bNAb_Combinations|1314058|vc|6|2|nan|2944,0,-3.39811e-08,-1.11361e-08,0,0,0,False,nan|2944,1314058
1,130_bNAb_Combinations|1314058|vc|7|2|nan|2944,0,3.18447e-08,-1.92904e-08,0,0,0,False,nan|2944,1314058
1,130_bNAb_Combinations|1314058|vc|8|2|nan|2944,0,-5.12354e-08,8.60334e-08,0,0,0,False,nan|2944,1314058
1,130_bNAb_Combinations|1342240|cc|1|1|nan|1798,0,-2.99404e-08,1.27003e-08,0,0,0,False,nan|1798,1342240
1,130_bNAb_Combinations|1342240|cc|2|1|nan|1798,0,-3.95718e-08,-5.34343e-08,0,0,0,False,nan|1798,1342240
1,130_bNAb_Combinations|1342240|cc|3|1|nan|1798,0,-3.9302e-08,-2.10613e-09,0,0,0,False,nan|1798,1342240
1,130_bNAb_Combinations|1342240|cc|4|1|nan|1798,0,7.57307e-08,-3.74559e-08,0,0,0,False,nan|1798,1342240
1,130_bNAb_Combinations|1342240|cc|5|1|nan|1798,0,2.29089e-08,2.58282e-08,0,0,0,False,nan|1798,1342240
1,130_bNAb_Combinations|1342240|cc|6|1|nan|1798,0,3.97982e-08,-1.50859e-08,0,0,0,False,nan|1798,1342240
1,130_bNAb_Combinations|1342240|cc|7|1|nan|1798,0,3.37928e-08,-3.83439e-08,0,0,0,False,nan|1798,1342240
1,130_bNAb_Combinations|1342240|cc|8|1|nan|1798,0,1.14093e-08,1.6719e-08,0,0,0,False,nan|1798,1342240
1,130_bNAb_Combinations|1342240|sample|3|nan|1798,0,8.57203e-09,1.23051e-07,0,0,0,True,VRC07-523LS|1798,1342240
1,130_bNAb_Combinations|1342240|sample|4|nan|1798,0,-4.19596e-08,9.18362e-09,0,0,0,True,VRC07-523LS|1798,1342240
1,130_bNAb_Combinations|1342240|sample|8|nan|1798,0,1.83312e-08,-2.30083e-08,0,0,0,True,VRC07-523LS|1798,1342240
1,130_bNAb_Combinations|1342240|vc|1|2|nan|1798,0,-4.90948e-08,-3.55707e-08,0,0,0,False,nan|1798,1342240
1,130_bNAb_Combinations|1342240|vc|2|2|nan|1798,0,-6.87313e-08,-1.08661e-08,0,0,0,False,nan|1798,1342240
1,130_bNAb_Combinations|1342240|vc|3|2|nan|1798,0,2.73561e-08,9.57371e-08,0,0,0,False,nan|1798,1342240
1,130_bNAb_Combinations|1342240|vc|4|2|nan|1798,0,-1.60517e-08,-5.17004e-08,0,0,0,False,nan|1798,1342240
1,130_bNAb_Combinations|1342240|vc|5|2|nan|1798,0,4.04015e-08,3.63269e-08,0,0,0,False,nan|1798,1342240
1,130_bNAb_Combinations|1342240|vc|6|2|nan|1798,0,9.05926e-08,-4.83628e-08,0,0,0,False,nan|1798,1342240
1,130_bNAb_Combinations|1342240|vc|7|2|nan|1798,0,-3.70656e-08,-3.37121e-08,0,0,0,False,nan|1798,1342240
1,130_bNAb_Combinations|1342240|vc|8|2|nan|1798,0,-1.02338e-07,-5.70429e-09,0,0,0,False,nan|1798,1342240
1,130_bNAb_Combinations|1342258|cc|1|1|TRO.11|8301,0,-9.0259e-08,-4.92594e-08,0,0,0,False,nan|TRO.11,1342258
1,130_bNAb_Combinations|1342258|cc|2|1|TRO.11|8301,0,-1.03612e-08,-6.98327e-08,0,0,0,False,nan|TRO.11,1342258
1,130_bNAb_Combinations|1342258|cc|3|1|TRO.11|8301,0,3.5477e-09,-1.51602e-08,0,0,0,False,nan|TRO.11,1342258
1,130_bNAb_Combinations|1342258|cc|4|1|TRO.11|8301,0,-5.42365e-08,3.77071e-08,0,0,0,False,nan|TRO.11,1342258
1,130_bNAb_Combinations|1342258|cc|5|1|TRO.11|8301,0,5.08115e-08,3.80095e-09,0,0,0,False,nan|TRO.11,1342258
1,130_bNAb_Combinations|1342258|cc|6|1|TRO.11|8301,0,-5.8956e-08,1.05158e-07,0,0,0,False,nan|TRO.11,1342258
1,130_bNAb_Combinations|1342258|cc|7|1|TRO.11|8301,0,-1.33245e-08,-4.68746e-08,0,0,0,False,nan|TRO.11,1342258
1,130_bNAb_Combinations|1342258|cc|8|1|TRO.11|8301,0,3.50445e-08,2.4965e-08,0,0,0,False,nan|TRO.11,1342258
1,130_bNAb_Combinations|1342258|sample|3|TRO.11|8301,0,-1.45027e-08,2.64677e-08,0,0,0,True,VRC07-523LS|TRO.11,1342258
1,130_bNAb_Combinations|1342258|sample|4|TRO.11|8301,0,1.13696e-07,4.88317e-08,0,0,0,True,VRC07-523LS|TRO.11,1342258
1,130_bNAb_Combinations|1342258|vc|1|2|TRO.11|8301,0,4.9717e-10,3.32798e-08,0,0,0,False,nan|TRO.11,1342258
1,130_bNAb_Combinations|1342258|vc|2|2|TRO.11|8301,0,9.57792e-08,-3.99541e-08,0,0,0,False,nan|TRO.11,1342258
1,130_bNAb_Combinations|1342258|vc|3|2|TRO.11|8301,0,3.56078e-08,4.225e-08,0,0,0,False,nan|TRO.11,1342258
1,130_bNAb_Combinations|1342258|vc|4|2|TRO.11|8301,0,-4.26502e-08,1.13271e-07,0,0,0,False,nan|TRO.11,1342258
1,130_bNAb_Combinations|1342258|vc|5|2|TRO.11|8301,0,-1.54129e-08,4.26904e-08,0,0,0,False,nan|TRO.11,1342258
1,130_bNAb_Combinations|1342258|vc|6|2|TRO.11|8301,0,3.75244e-08,7.17885e-08,0,0,0,False,nan|TRO.11,1342258
1,130_bNAb_Combinations|1342258|vc|7|2|TRO.11|8301,0,-6.34127e-08,5.82951e-09,0,0,0,False,nan|TRO.11,1342258
1,130_bNAb_Combinations|1342258|vc|8|2|TRO.11|8301,0,-1.14166e-07,8.02077e-09,0,0,0,False,nan|TRO.11,1342258
1,130_bNAb_Combinations|1342276|cc|1|1|Ce1176_A3|7023,0,5.98946e-08,-1.59924e-08,0,0,0,False,nan|Ce1176_A3,1342276
1,130_bNAb_Combinations|1342276|cc|2|1|Ce1176_A3|7023,0,-2.55152e-08,1.86253e-08,0,0,0,False,nan|Ce1176_A3,1342276
1,130_bNAb_Combinations|1342276|cc|3|1|Ce1176_A3|7023,0,-7.20295e-09,-1.7531e-08,0,0,0,False,nan|Ce1176_A3,1342276
1,130_bNAb_Combinations|1342276|cc|4|1|Ce1176_A3|7023,0,-3.20523e-08,8.36033e-08,0,0,0,False,nan|Ce1176_A3,1342276
1,130_bNAb_Combinations|1342276|cc|5|1|Ce1176_A3|7023,0,5.90007e-09,-2.10788e-08,0,0,0,False,nan|Ce1176_A3,1342276
1,130_bNAb_Combinations|1342276|cc|6|1|Ce1176_A3|7023,0,-3.9993e-08,3.34093e-08,0,0,0,False,nan|Ce1176_A3,1342276
1,130_bNAb_Combinations|1342276|cc|7|1|Ce1176_A3|7023,0,7.64033e-08,-5.01298e-08,0,0,0,False,nan|Ce1176_A3,1342276
1,130_bNAb_Combinations|1342276|cc|8|1|Ce1176_A3|7023,0,4.16044e-08,-9.32946e-08,0,0,0,False,nan|Ce1176_A3,1342276
1,130_bNAb_Combinations|1342276|sample|3|Ce1176_A3|7023,0,-3.73685e-09,-6.45882e-09,0,0,0,True,VRC07-523LS|Ce1176_A3,1342276
1,130_bNAb_Combinations|1342276|sample|4|Ce1176_A3|7023,0,4.21684e-08,6.79916e-08,0,0,0,True,VRC07-523LS|Ce1176_A3,1342276
1,130_bNAb_Combinations|1342276|vc|1|2|Ce1176_A3|7023,0,7.88912e-08,6.59871e-08,0,0,0,False,nan|Ce1176_A3,1342276
1,130_bNAb_Combinations|1342276|vc|2|2|Ce1176_A3|7023,0,-2.45356e-08,3.24999e-08,0,0,0,False,nan|Ce1176_A3,1342276
1,130_bNAb_Combinations|1342276|vc|3|2|Ce1176_A3|7023,0,4.36001e-08,-3.18441e-09,0,0,0,False,nan|Ce1176_A3,1342276
1,130_bNAb_Combinations|1342276|vc|4|2|Ce1176_A3|7023,0,-5.14784e-08,-4.14003e-09,0,0,0,False,nan|Ce1176_A3,1342276
1,130_bNAb_Combinations|1342276|vc|5|2|Ce1176_A3|7023,0,6.29898e-08,-4.88172e-08,0,0,0,False,nan|Ce1176_A3,1342276
1,130_bNAb_Combinations|1342276|vc|6|2|Ce1176_A3|7023,0,-8.17074e-08,-4.8104e-08,0,0,0,False,nan|Ce1176_A3,1342276
1,130_bNAb_Combinations|1342276|vc|7|2|Ce1176_A3|7023,0,8.38898e-08,-1.29529e-08,0,0,0,False,nan|Ce1176_A3,1342276
1,130_bNAb_Combinations|1342276|vc|8|2|Ce1176_A3|7023,0,3.67196e-09,9.68652e-09,0,0,0,False,nan|Ce1176_A3,1342276
1,130_bNAb_Combinations|1342294|cc|1|1|nan|1176,0,1.05523e-07,-3.41499e-08,0,0,0,False,nan|1176,1342294
1,130_bNAb_Combinations|1342294|cc|2|1|nan|1176,0,-1.10344e-08,1.8822e-09,0,0,0,False,nan|1176,1342294
1,130_bNAb_Combinations|1342294|cc|3|1|nan|1176,0,-9.30289e-09,-4.00574e-09,0,0,0,False,nan|1176,1342294
1,130_bNAb_Combinations|1342294|cc|4|1|nan|1176,0,-5.49142e-08,2.0161e-08,0,0,0,False,nan|1176,1342294
1,130_bNAb_Combinations|1342294|cc|5|1|nan|1176,0,4.84322e-08,3.31031e-08,0,0,0,False,nan|1176,1342294
1,130_bNAb_Combinations|1342294|cc|6|1|nan|1176,0,-1.16896e-07,4.81175e-08,0,0,0,False,nan|1176,1342294
1,130_bNAb_Combinations|1342294|cc|7|1|nan|1176,0,2.20666e-08,1.10715e-08,0,0,0,False,nan|1176,1342294
1,130_bNAb_Combinations|1342294|cc|8|1|nan|1176,0,1.07245e-07,9.47073e-08,0,0,0,False,nan|1176,1342294
1,130_bNAb_Combinations|1342294|sample|3|nan|1176,0,-6.04672e-08,-1.31301e-08,0,0,0,True,VRC07-523LS|1176,1342294
1,130_bNAb_Combinations|1342294|sample|4|nan|1176,0,-2.06498e-08,5.40265e-08,0,0,0,True,VRC07-523LS|1176,1342294
1,130_bNAb_Combinations|1342294|sample|8|nan|1176,0,6.65693e-08,-2.69138e-08,0,0,0,True,VRC07-523LS|1176,1342294
1,130_bNAb_Combinations|1342294|vc|1|2|nan|1176,0,-9.57192e-08,-3.11085e-08,0,0,0,False,nan|1176,1342294
1,130_bNAb_Combinations|1342294|vc|2|2|nan|1176,0,3.96686e-08,6.2475e-08,0,0,0,False,nan|1176,1342294
1,130_bNAb_Combinations|1342294|vc|3|2|nan|1176,0,6.46961e-08,1.01774e-07,0,0,0,False,nan|1176,1342294
1,130_bNAb_Combinations|1342294|vc|4|2|nan|1176,0,-7.64308e-08,-1.72872e-08,0,0,0,False,nan|1176,1342294
1,130_bNAb_Combinations|1342294|vc|5|2|nan|1176,0,-5.89603e-08,6.39942e-10,0,0,0,False,nan|1176,1342294
1,130_bNAb_Combinations|1342294|vc|6|2|nan|1176,0,-3.39637e-08,-3.95366e-08,0,0,0,False,nan|1176,1342294
1,130_bNAb_Combinations|1342294|vc|7|2|nan|1176,0,-4.40899e-08,-9.6166e-08,0,0,0,False,nan|1176,1342294
1,130_bNAb_Combinations|1342294|vc|8|2|nan|1176,0,-4.83363e-08,5.58393e-08,0,0,0,False,nan|1176,1342294
1,130_bNAb_Combinations|1342312|cc|1|1|RHPA4259.7|5371,0,-5.99027e-08,4.80715e-08,0,0,0,False,nan|RHPA4259.7,1342312
1,130_bNAb_Combinations|1342312|cc|2|1|RHPA4259.7|5371,0,-2.69093e-08,-3.90845e-08,0,0,0,False,nan|RHPA4259.7,1342312
1,130_bNAb_Combinations|1342312|cc|3|1|RHPA4259.7|5371,0,-6.79975e-09,4.94265e-08,0,0,0,False,nan|RHPA4259.7,1342312
1,130_bNAb_Combinations|1342312|cc|4|1|RHPA4259.7|5371,0,2.56518e-08,-8.68123e-08,0,0,0,False,nan|RHPA4259.7,1342312
1,130_bNAb_Combinations|1342312|cc|5|1|RHPA4259.7|5371,0,-1.4569e-09,2.82735e-08,0,0,0,False,nan|RHPA4259.7,1342312
1,130_bNAb_Combinations|1342312|cc|6|1|RHPA4259.7|5371,0,-1.40153e-08,-8.45784e-09,0,0,0,False,nan|RHPA4259.7,1342312
1,130_bNAb_Combinations|1342312|cc|7|1|RHPA4259.7|5371,0,5.95929e-08,8.81008e-09,0,0,0,False,nan|RHPA4259.7,1342312
1,130_bNAb_Combinations|1342312|cc|8|1|RHPA4259.7|5371,0,-2.70406e-08,6.64871e-08,0,0,0,False,nan|RHPA4259.7,1342312
1,130_bNAb_Combinations|1342312|sample|3|RHPA4259.7|5371,0,-8.07388e-08,9.4716e-09,0,0,0,True,VRC07-523LS|RHPA4259.7,1342312
1,130_bNAb_Combinations|1342312|sample|4|RHPA4259.7|5371,0,-2.97507e-09,-1.42511e-08,0,0,0,True,VRC07-523LS|RHPA4259.7,1342312
1,130_bNAb_Combinations|1342312|vc|1|2|RHPA4259.7|5371,0,2.01666e-08,5.63726e-08,0,0,0,False,nan|RHPA4259.7,1342312
1,130_bNAb_Combinations|1342312|vc|2|2|RHPA4259.7|5371,0,8.04129e-08,-7.96532e-09,0,0,0,False,nan|RHPA4259.7,1342312
1,130_bNAb_Combinations|1342312|vc|3|2|RHPA4259.7|5371,0,6.55388e-08,-2.13511e-08,0,0,0,False,nan|RHPA4259.7,1342312
1,130_bNAb_Combinations|1342312|vc|4|2|RHPA4259.7|5371,0,3.29498e-08,-2.72294e-08,0,0,0,False,nan|RHPA4259.7,1342312
1,130_bNAb_Combinations|1342312|vc|5|2|RHPA4259.7|5371,0,1.64059e-08,3.00678e-08,0,0,0,False,nan|RHPA4259.7,1342312
1,130_bNAb_Combinations|1342312|vc|6|2|RHPA4259.7|5371,0,-9.43285e-09,7.58067e-09,0,0,0,False,nan|RHPA4259.7,1342312
1,130_bNAb_Combinations|1342312|vc|7|2|RHPA4259.7|5371,0,6.66275e-08,-3.62159e-08,0,0,0,False,nan|RHPA4259.7,1342312
1,130_bNAb_Combinations|1342312|vc|8|2|RHPA4259.7|5371,0,6.5243e-08,-5.92089e-08,0,0,0,False,nan|RHPA4259.7,1342312
1,130_bNAb_Combinations|1342336|cc|1|1|nan|3430,0,3.58124e-08,7.39066e-08,0,0,0,False,nan|3430,1342336
1,130_bNAb_Combinations|1342336|cc|2|1|nan|3430,0,-4.84689e-08,4.99216e-08,0,0,0,False,nan|3430,1342336
1,130_bNAb_Combinations|1342336|cc|3|1|nan|3430,0,4.68402e-08,2.61406e-08,0,0,0,False,nan|3430,1342336
1,130_bNAb_Combinations|1342336|cc|4|1|nan|3430,0,4.91716e-08,-2.76636e-08,0,0,0,False,nan|3430,1342336
1,130_bNAb_Combinations|1342336|cc|5|1|nan|3430,0,9.67317e-09,-8.06303e-09,0,0,0,False,nan|3430,1342336
1,130_bNAb_Combinations|1342336|cc|6|1|nan|3430,0,3.31993e-08,8.29921e-08,0,0,0,False,nan|3430,1342336
1,130_bNAb_Combinations|1342336|cc|7|1|nan|3430,0,7.57368e-08,1.18627e-07,0,0,0,False,nan|3430,1342336
1,130_bNAb_Combinations|1342336|cc|8|1|nan|3430,0,-6.93756e-08,1.18772e-09,0,0,0,False,nan|3430,1342336
1,130_bNAb_Combinations|1342336|sample|3|nan|3430,0,-3.74706e-08,-6.31517e-09,0,0,0,True,VRC07-523LS|3430,1342336
1,130_bNAb_Combinations|1342336|sample|4|nan|3430,0,2.01626e-08,4.05007e-09,0,0,0,True,VRC07-523LS|3430,1342336
1,130_bNAb_Combinations|1342336|sample|5|nan|3430,0,2.99167e-10,1.70822e-08,0,0,0,True,VRC07-523LS|3430,1342336
1,130_bNAb_Combinations|1342336|vc|1|2|nan|3430,0,3.58744e-08,5.68978e-09,0,0,0,False,nan|3430,1342336
1,130_bNAb_Combinations|1342336|vc|2|2|nan|3430,0,-8.38423e-08,-3.86806e-08,0,0,0,False,nan|3430,1342336
1,130_bNAb_Combinations|1342336|vc|3|2|nan|3430,0,-4.78204e-09,6.13628e-08,0,0,0,False,nan|3430,1342336
1,130_bNAb_Combinations|1342336|vc|4|2|nan|3430,0,-1.7418e-08,-2.39696e-08,0,0,0,False,nan|3430,1342336
1,130_bNAb_Combinations|1342336|vc|5|2|nan|3430,0,-4.37085e-08,1.94772e-09,0,0,0,False,nan|3430,1342336
1,130_bNAb_Combinations|1342336|vc|6|2|nan|3430,0,-6.63505e-08,-2.74828e-08,0,0,0,False,nan|3430,1342336
1,130_bNAb_Combinations|1342336|vc|7|2|nan|3430,0,6.37016e-09,2.78533e-08,0,0,0,False,nan|3430,1342336
1,130_bNAb_Combinations|1342336|vc|8|2|nan|3430,0,-5.9953e-09,1.01409e-08,0,0,0,False,nan|3430,1342336
1,130_bNAb_Combinations|1342348|cc|1|1|nan|4166,0,-1.99901e-08,-1.64188e-08,0,0,0,False,nan|4166,1342348
1,130_bNAb_Combinations|1342348|cc|2|1|nan|4166,0,9.57792e-09,-1.98992e-08,0,0,0,False,nan|4166,1342348
1,130_bNAb_Combinations|1342348|cc|3|1|nan|4166,0,-4.57182e-08,-9.84397e-08,0,0,0,False,nan|4166,1342348
1,130_bNAb_Combinations|1342348|cc|4|1|nan|4166,0,-6.1751e-08,-3.50494e-08,0,0,0,False,nan|4166,1342348
1,130_bNAb_Combinations|1342348|cc|5|1|nan|4166,0,9.97162e-09,2.85547e-08,0,0,0,False,nan|4166,1342348
1,130_bNAb_Combinations|1342348|cc|6|1|nan|4166,0,4.48164e-08,-5.2164e-08,0,0,0,False,nan|4166,1342348
1,130_bNAb_Combinations|1342348|cc|7|1|nan|4166,0,-6.12725e-08,-1.64227e-08,0,0,0,False,nan|4166,1342348
1,130_bNAb_Combinations|1342348|cc|8|1|nan|4166,0,-1.10525e-07,4.04106e-08,0,0,0,False,nan|4166,1342348
1,130_bNAb_Combinations|1342348|sample|3|nan|4166,0,-3.32597e-09,5.87276e-08,0,0,0,True,VRC07-523LS|4166,1342348
1,130_bNAb_Combinations|1342348|sample|4|nan|4166,0,7.76474e-09,-2.69811e-08,0,0,0,True,VRC07-523LS|4166,1342348
1,130_bNAb_Combinations|1342348|vc|1|2|nan|4166,0,-7.75247e-08,-4.10502e-08,0,0,0,False,nan|4166,1342348
1,130_bNAb_Combinations|1342348|vc|2|2|nan|4166,0,1.59859e-08,-2.84927e-09,0,0,0,False,nan|4166,1342348
1,130_bNAb_Combinations|1342348|vc|3|2|nan|4166,0,-5.43776e-08,7.14159e-08,0,0,0,False,nan|4166,1342348
1,130_bNAb_Combinations|1342348|vc|4|2|nan|4166,0,-9.77925e-09,-4.94114e-08,0,0,0,False,nan|4166,1342348
1,130_bNAb_Combinations|1342348|vc|5|2|nan|4166,0,2.67873e-08,3.13004e-08,0,0,0,False,nan|4166,1342348
1,130_bNAb_Combinations|1342348|vc|6|2|nan|4166,0,7.94242e-08,6.3391e-08,0,0,0,False,nan|4166,1342348
1,130_bNAb_Combinations|1342348|vc|7|2|nan|4166,0,-3.31093e-09,1.75062e-08,0,0,0,False,nan|4166,1342348
1,130_bNAb_Combinations|1342348|vc|8|2|nan|4166,0,5.25616e-08,1.02263e-08,0,0,0,False,nan|4166,1342348
1,130_bNAb_Combinations|1342372|cc|1|1|nan|2944,0,-4.49189e-08,5.70102e-08,0,0,0,False,nan|2944,1342372
1,130_bNAb_Combinations|1342372|cc|2|1|nan|2944,0,7.33775e-08,-2.93872e-08,0,0,0,False,nan|2944,1342372
1,130_bNAb_Combinations|1342372|cc|3|1|nan|2944,0,2.12415e-10,3.60281e-08,0,0,0,False,nan|2944,1342372
1,130_bNAb_Combinations|1342372|cc|4|1|nan|2944,0,1.96264e-08,-2.11261e-08,0,0,0,False,nan|2944,1342372
1,130_bNAb_Combinations|1342372|cc|5|1|nan|2944,0,-2.40095e-09,-5.68662e-08,0,0,0,False,nan|2944,1342372
1,130_bNAb_Combinations|1342372|cc|6|1|nan|2944,0,1.42917e-08,1.79765e-08,0,0,0,False,nan|2944,1342372
1,130_bNAb_Combinations|1342372|cc|7|1|nan|2944,0,-2.48732e-08,-6.92996e-09,0,0,0,False,nan|2944,1342372
1,130_bNAb_Combinations|1342372|cc|8|1|nan|2944,0,-5.75733e-09,1.20472e-08,0,0,0,False,nan|2944,1342372
1,130_bNAb_Combinations|1342372|sample|3|nan|2944,0,9.53889e-08,4.0685e-08,0,0,0,True,VRC07-523LS|2944,1342372
1,130_bNAb_Combinations|1342372|sample|4|nan|2944,0,-3.35279e-08,2.029e-09,0,0,0,True,VRC07-523LS|2944,1342372
1,130_bNAb_Combinations|1342372|vc|1|2|nan|2944,0,8.33155e-08,1.18815e-08,0,0,0,False,nan|2944,1342372
1,130_bNAb_Combinations|1342372|vc|2|2|nan|2944,0,-7.83117e-08,2.9806e-08,0,0,0,False,nan|2944,1342372
1,130_bNAb_Combinations|1342372|vc|3|2|nan|2944,0,6.01607e-09,-1.31997e-08,0,0,0,False,nan|2944,1342372
1,130_bNAb_Combinations|1342372|vc|4|2|nan|2944,0,3.20273e-08,3.52036e-08,0,0,0,False,nan|2944,1342372
1,130_bNAb_Combinations|1342372|vc|5|2|nan|2944,0,-8.88817e-08,-3.67328e-08,0,0,0,False,nan|2944,1342372
1,130_bNAb_Combinations|1342372|vc|6|2|nan|2944,0,5.6015e-08,-5.18777e-08,0,0,0,False,nan|2944,1342372
1,130_bNAb_Combinations|1342372|vc|7|2|nan|2944,0,1.09087e-08,2.12367e-08,0,0,0,False,nan|2944,1342372
1,130_bNAb_Combinations|1342372|vc|8|2|nan|2944,0,1.8676e-08,1.66644e-08,0,0,0,False,nan|2944,1342372
1,130_bNAb_Combinations|1342384|cc|1|1|nan|2946,0,-5.75038e-09,-1.9605e-08,0,0,0,False,nan|2946,1342384
1,130_bNAb_Combinations|1342384|cc|2|1|nan|2946,0,-8.12138e-08,-5.93373e-08,0,0,0,False,nan|2946,1342384
1,130_bNAb_Combinations|1342384|cc|3|1|nan|2946,0,-4.30659e-09,-2.66409e-08,0,0,0,False,nan|2946,1342384
1,130_bNAb_Combinations|1342384|cc|4|1|nan|2946,0,4.47265e-08,-1.43041e-08,0,0,0,False,nan|2946,1342384
1,130_bNAb_Combinations|1342384|cc|5|1|nan|2946,0,6.29192e-08,4.28452e-08,0,0,0,False,nan|2946,1342384
1,130_bNAb_Combinations|1342384|cc|6|1|nan|2946,0,5.29283e-08,7.31547e-09,0,0,0,False,nan|2946,1342384
1,130_bNAb_Combinations|1342384|cc|7|1|nan|2946,0,1.25524e-08,1.19907e-07,0,0,0,False,nan|2946,1342384
1,130_bNAb_Combinations|1342384|cc|8|1|nan|2946,0,-1.02753e-07,8.18696e-08,0,0,0,False,nan|2946,1342384
1,130_bNAb_Combinations|1342384|sample|3|nan|2946,0,-8.30322e-08,-2.90553e-08,0,0,0,True,VRC07-523LS|2946,1342384
1,130_bNAb_Combinations|1342384|sample|4|nan|2946,0,-5.11125e-08,4.39261e-08,0,0,0,True,VRC07-523LS|2946,1342384
1,130_bNAb_Combinations|1342384|vc|1|2|nan|2946,0,4.75e-08,-2.03707e-08,0,0,0,False,nan|2946,1342384
1,130_bNAb_Combinations|1342384|vc|2|2|nan|2946,0,2.33452e-08,1.9976e-08,0,0,0,False,nan|2946,1342384
1,130_bNAb_Combinations|1342384|vc|3|2|nan|2946,0,2.54165e-08,-2.89015e-08,0,0,0,False,nan|2946,1342384
1,130_bNAb_Combinations|1342384|vc|4|2|nan|2946,0,6.63803e-08,2.92606e-09,0,0,0,False,nan|2946,1342384
1,130_bNAb_Combinations|1342384|vc|5|2|nan|2946,0,-2.69728e-08,-1.41767e-07,0,0,0,False,nan|2946,1342384
1,130_bNAb_Combinations|1342384|vc|6|2|nan|2946,0,6.27981e-08,4.17154e-08,0,0,0,False,nan|2946,1342384
1,130_bNAb_Combinations|1342384|vc|7|2|nan|2946,0,4.14195e-09,1.51169e-08,0,0,0,False,nan|2946,1342384
1,130_bNAb_Combinations|1342384|vc|8|2|nan|2946,0,-4.78787e-08,-3.56635e-08,0,0,0,False,nan|2946,1342384
1,130_bNAb_Combinations|1342396|cc|1|1|PVO.4|5024,0,2.64866e-08,-7.04446e-08,0,0,0,False,nan|PVO.4,1342396
1,130_bNAb_Combinations|1342396|cc|2|1|PVO.4|5024,0,-2.16896e-08,-5.1385e-08,0,0,0,False,nan|PVO.4,1342396
1,130_bNAb_Combinations|1342396|cc|3|1|PVO.4|5024,0,-2.72761e-09,1.46743e-07,0,0,0,False,nan|PVO.4,1342396
1,130_bNAb_Combinations|1342396|cc|4|1|PVO.4|5024,0,8.62726e-09,6.45909e-08,0,0,0,False,nan|PVO.4,1342396
1,130_bNAb_Combinations|1342396|cc|5|1|PVO.4|5024,0,7.84628e-08,-1.67464e-08,0,0,0,False,nan|PVO.4,1342396
1,130_bNAb_Combinations|1342396|cc|6|1|PVO.4|5024,0,-4.98038e-08,2.41426e-08,0,0,0,False,nan|PVO.4,1342396
1,130_bNAb_Combinations|1342396|cc|7|1|PVO.4|5024,0,3.61536e-08,-4.42221e-09,0,0,0,False,nan|PVO.4,1342396
1,130_bNAb_Combinations|1342396|cc|8|1|PVO.4|5024,0,-5.57673e-08,1.07176e-07,0,0,0,False,nan|PVO.4,1342396
1,130_bNAb_Combinations|1342396|sample|3|PVO.4|5024,0,-1.54094e-09,2.09982e-08,0,0,0,True,VRC07-523LS|PVO.4,1342396
1,130_bNAb_Combinations|1342396|sample|4|PVO.4|5024,0,7.86116e-08,-4.72253e-08,0,0,0,True,VRC07-523LS|PVO.4,1342396
1,130_bNAb_Combinations|1342396|vc|1|2|PVO.4|5024,0,8.70743e-08,2.54144e-08,0,0,0,False,nan|PVO.4,1342396
1,130_bNAb_Combinations|1342396|vc|2|2|PVO.4|5024,0,-6.02484e-08,3.61827e-08,0,0,0,False,nan|PVO.4,1342396
1,130_bNAb_Combinations|1342396|vc|3|2|PVO.4|5024,0,5.32228e-08,-1.83534e-08,0,0,0,False,nan|PVO.4,1342396
1,130_bNAb_Combinations|1342396|vc|4|2|PVO.4|5024,0,-4.49853e-09,-5.94692e-08,0,0,0,False,nan|PVO.4,1342396
1,130_bNAb_Combinations|1342396|vc|5|2|PVO.4|5024,0,-8.02589e-08,-5.92862e-08,0,0,0,False,nan|PVO.4,1342396
1,130_bNAb_Combinations|1342396|vc|6|2|PVO.4|5024,0,-3.53967e-08,-1.66189e-08,0,0,0,False,nan|PVO.4,1342396
1,130_bNAb_Combinations|1342396|vc|7|2|PVO.4|5024,0,-3.25744e-08,3.89799e-08,0,0,0,False,nan|PVO.4,1342396
1,130_bNAb_Combinations|1342396|vc|8|2|PVO.4|5024,0,5.03406e-09,8.37368e-08,0,0,0,False,nan|PVO.4,1342396
1,130_bNAb_Combinations|1342408|cc|1|1|nan|4168,0,-2.37597e-08,6.40776e-08,0,0,0,False,nan|4168,1342408
1,130_bNAb_Combinations|1342408|cc|2|1|nan|4168,0,-7.06585e-09,-5.15241e-08,0,0,0,False,nan|4168,1342408
1,130_bNAb_Combinations|1342408|cc|3|1|nan|4168,0,-6.29579e-08,-1.03222e-07,0,0,0,False,nan|4168,1342408
1,130_bNAb_Combinations|1342408|cc|4|1|nan|4168,0,3.47365e-08,8.15527e-09,0,0,0,False,nan|4168,1342408
1,130_bNAb_Combinations|1342408|cc|5|1|nan|4168,0,1.53487e-08,-1.71903e-08,0,0,0,False,nan|4168,1342408
1,130_bNAb_Combinations|1342408|cc|6|1|nan|4168,0,3.86352e-08,-1.21477e-08,0,0,0,False,nan|4168,1342408
1,130_bNAb_Combinations|1342408|cc|7|1|nan|4168,0,3.39879e-08,1.45699e-08,0,0,0,False,nan|4168,1342408
1,130_bNAb_Combinations|1342408|cc|8|1|nan|4168,0,8.36556e-09,2.62635e-08,0,0,0,False,nan|4168,1342408
1,130_bNAb_Combinations|1342408|sample|3|nan|4168,0,-3.9076e-08,2.96842e-08,0,0,0,True,VRC07-523LS|4168,1342408
1,130_bNAb_Combinations|1342408|sample|4|nan|4168,0,-2.18282e-08,-1.62967e-08,0,0,0,True,VRC07-523LS|4168,1342408
1,130_bNAb_Combinations|1342408|vc|1|2|nan|4168,0,-6.64429e-08,1.07253e-08,0,0,0,False,nan|4168,1342408
1,130_bNAb_Combinations|1342408|vc|2|2|nan|4168,0,-3.94685e-09,-5.42856e-10,0,0,0,False,nan|4168,1342408
1,130_bNAb_Combinations|1342408|vc|3|2|nan|4168,0,-4.18233e-08,4.17692e-08,0,0,0,False,nan|4168,1342408
1,130_bNAb_Combinations|1342408|vc|4|2|nan|4168,0,-4.0118e-08,1.66553e-08,0,0,0,False,nan|4168,1342408
1,130_bNAb_Combinations|1342408|vc|5|2|nan|4168,0,5.00093e-08,6.93341e-08,0,0,0,False,nan|4168,1342408
1,130_bNAb_Combinations|1342408|vc|6|2|nan|4168,0,5.06168e-09,-1.41864e-08,0,0,0,False,nan|4168,1342408
1,130_bNAb_Combinations|1342408|vc|7|2|nan|4168,0,9.44491e-08,8.36596e-08,0,0,0,False,nan|4168,1342408
1,130_bNAb_Combinations|1342408|vc|8|2|nan|4168,0,-4.75284e-08,-7.26493e-09,0,0,0,False,nan|4168,1342408
1,704_VRC01_Concordance|1200432|cc|1|1|PVO.4|5024,0,5.16757e-08,-2.17944e-08,0,0,0,False,nan|PVO.4,1200432
1,704_VRC01_Concordance|1200432|cc|2|1|PVO.4|5024,0,5.34772e-08,7.06628e-09,0,0,0,False,nan|PVO.4,1200432
1,704_VRC01_Concordance|1200432|cc|3|1|PVO.4|5024,0,-2.79989e-09,4.80013e-09,0,0,0,False,nan|PVO.4,1200432
1,704_VRC01_Concordance|1200432|cc|4|1|PVO.4|5024,0,-3.91851e-09,-7.77897e-08,0,0,0,False,nan|PVO.4,1200432
1,704_VRC01_Concordance|1200432|cc|5|1|PVO.4|5024,0,1.01484e-07,-3.30159e-08,0,0,0,False,nan|PVO.4,1200432
1,704_VRC01_Concordance|1200432|cc|6|1|PVO.4|5024,0,-4.24924e-08,6.8112e-08,0,0,0,False,nan|PVO.4,1200432
1,704_VRC01_Concordance|1200432|cc|7|1|PVO.4|5024,0,7.3765e-08,9.63992e-10,0,0,0,False,nan|PVO.4,1200432
1,704_VRC01_Concordance|1200432|cc|8|1|PVO.4|5024,0,2.8117e-08,-3.44505e-08,0,0,0,False,nan|PVO.4,1200432
1,704_VRC01_Concordance|1200432|sample|10|PVO.4|5024,0,-1.4687e-08,4.38994e-08,0,0,0,True,Clinical VRC01|PVO.4,1200432
1,704_VRC01_Concordance|1200432|sample|11|PVO.4|5024,0,6.5566e-08,3.19411e-08,0,0,0,True,Clinical VRC01|PVO.4,1200432
1,704_VRC01_Concordance|1200432|sample|12|PVO.4|5024,0,-7.4512e-08,8.54472e-08,0,0,0,True,Clinical VRC01|PVO.4,1200432
1,704_VRC01_Concordance|1200432|sample|3|PVO.4|5024,0,-8.12712e-08,1.35711e-08,0,0,0,True,Clinical VRC01|PVO.4,1200432
1,704_VRC01_Concordance|1200432|sample|4|PVO.4|5024,0,-5.14294e-08,1.16079e-07,0,0,0,True,Clinical VRC01|PVO.4,1200432
1,704_VRC01_Concordance|1200432|sample|5|PVO.4|5024,0,5.27371e-08,6.03585e-09,0,0,0,True,Clinical VRC01|PVO.4,1200432
1,704_VRC01_Concordance|1200432|sample|6|PVO.4|5024,0,-3.5219e-08,-6.37466e-08,0,0,0,True,Clinical VRC01|PVO.4,1200432
1,704_VRC01_Concordance|1200432|sample|7|PVO.4|5024,0,-3.98954e-09,-4.12076e-08,0,0,0,True,Clinical VRC01|PVO.4,1200432
1,704_VRC01_Concordance|1200432|sample|8|PVO.4|5024,0,-2.77262e-08,-9.65917e-08,0,0,0,True,Clinical VRC01|PVO.4,1200432
1,704_VRC01_Concordance|1200432|sample|9|PVO.4|5024,0,-3.06841e-08,-1.80841e-08,0,0,0,True,Clinical VRC01|PVO.4,1200432
1,704_VRC01_Concordance|1200432|vc|1|2|PVO.4|5024,0,-3.77484e-08,1.55169e-09,0,0,0,False,nan|PVO.4,1200432
1,704_VRC01_Concordance|1200432|vc|2|2|PVO.4|5024,0,-1.16999e-07,1.59739e-08,0,0,0,False,nan|PVO.4,1200432
1,704_VRC01_Concordance|1200432|vc|3|2|PVO.4|5024,0,1.01308e-08,-2.87525e-08,0,0,0,False,nan|PVO.4,1200432
1,704_VRC01_Concordance|1200432|vc|4|2|PVO.4|5024,0,8.28751e-08,-2.08825e-08,0,0,0,False,nan|PVO.4,1200432
1,704_VRC01_Concordance|1200432|vc|5|2|PVO.4|5024,0,2.58863e-08,-3.6338e-08,0,0,0,False,nan|PVO.4,1200432
1,704_VRC01_Concordance|1200432|vc|6|2|PVO.4|5024,0,-5.01192e-08,3.15239e-08,0,0,0,False,nan|PVO.4,1200432
1,704_VRC01_Concordance|1200432|vc|7|2|PVO.4|5024,0,-3.51424e-10,3.81614e-08,0,0,0,False,nan|PVO.4,1200432
1,704_VRC01_Concordance|1200432|vc|8|2|PVO.4|5024,0,1.05934e-07,-5.99748e-09,0,0,0,False,nan|PVO.4,1200432
