rep,id,eta_U,eta_L,eta_m,eta_e,eta_s,eta_alpha,eta_k,goes_down,mab_virus,run_id
1,130_bNAb_Combinations|1313842|cc|1|1|nan|2946,0,0,1.46641e-08,0,-15.9379,0,0,False,nan|2946,1313842
1,130_bNAb_Combinations|1313842|cc|2|1|nan|2946,0,0,-1.43274e-08,0,12.3038,0,0,False,nan|2946,1313842
1,130_bNAb_Combinations|1313842|cc|3|1|nan|2946,0,0,9.13517e-10,0,27.2434,0,0,False,nan|2946,1313842
1,130_bNAb_Combinations|1313842|cc|4|1|nan|2946,0,0,3.41923e-08,0,0.213313,0,0,False,nan|2946,1313842
1,130_bNAb_Combinations|1313842|cc|5|1|nan|2946,0,0,-5.18831e-08,0,-2.30909,0,0,False,nan|2946,1313842
1,130_bNAb_Combinations|1313842|cc|6|1|nan|2946,0,0,4.70807e-08,0,7.59803,0,0,False,nan|2946,1313842
1,130_bNAb_Combinations|1313842|cc|7|1|nan|2946,0,0,9.21378e-09,0,16.5291,0,0,False,nan|2946,1313842
1,130_bNAb_Combinations|1313842|cc|8|1|nan|2946,0,0,-3.51723e-08,0,-7.58149,0,0,False,nan|2946,1313842
1,130_bNAb_Combinations|1313842|sample|10|nan|2946,0,0,-4.07847e-08,0,2.98437,0,0,True,PGT121|2946,1313842
1,130_bNAb_Combinations|1313842|sample|11|nan|2946,0,0,-5.81113e-09,0,1.41599,0,0,True,VRC07-523LS|2946,1313842
1,130_bNAb_Combinations|1313842|sample|12|nan|2946,0,0,3.4581e-09,0,24.481,0,0,True,VRC07-523LS|2946,1313842
1,130_bNAb_Combinations|1313842|sample|3|nan|2946,0,0,-7.08271e-08,0,1.24071,0,0,True,PGDM1400|2946,1313842
1,130_bNAb_Combinations|1313842|sample|4|nan|2946,0,0,6.03353e-08,0,0.978858,0,0,True,PGDM1400|2946,1313842
1,130_bNAb_Combinations|1313842|sample|5|nan|2946,0,0,-1.32437e-08,0,0.396973,0,0,True,PGDM1400|2946,1313842
1,130_bNAb_Combinations|1313842|sample|6|nan|2946,0,0,-2.9251e-08,0,0.397034,0,0,True,PGDM1400|2946,1313842
1,130_bNAb_Combinations|1313842|sample|7|nan|2946,0,0,1.3482e-08,0,4.88531,0,0,True,PGT121|2946,1313842
1,130_bNAb_Combinations|1313842|sample|8|nan|2946,0,0,-5.50225e-08,0,2.9619,0,0,True,PGT121|2946,1313842
1,130_bNAb_Combinations|1313842|sample|9|nan|2946,0,0,-7.97114e-08,0,3.85918,0,0,True,PGT121|2946,1313842
1,130_bNAb_Combinations|1313842|vc|1|2|nan|2946,0,0,2.99976e-08,0,-4.08961,0,0,False,nan|2946,1313842
1,130_bNAb_Combinations|1313842|vc|2|2|nan|2946,0,0,-9.85755e-09,0,5.26933,0,0,False,nan|2946,1313842
1,130_bNAb_Combinations|1313842|vc|3|2|nan|2946,0,0,-4.14061e-08,0,22.9147,0,0,False,nan|2946,1313842
1,130_bNAb_Combinations|1313842|vc|4|2|nan|2946,0,0,2.23009e-09,0,6.75799,0,0,False,nan|2946,1313842
1,130_bNAb_Combinations|1313842|vc|5|2|nan|2946,0,0,5.13958e-08,0,-20.5825,0,0,False,nan|2946,1313842
1,130_bNAb_Combinations|1313842|vc|6|2|nan|2946,0,0,-2.57343e-08,0,5.01688,0,0,False,nan|2946,1313842
1,130_bNAb_Combinations|1313842|vc|7|2|nan|2946,0,0,-5.81117e-08,0,3.00775,0,0,False,nan|2946,1313842
1,130_bNAb_Combinations|1313842|vc|8|2|nan|2946,0,0,4.40412e-09,0,7.75823,0,0,False,nan|2946,1313842
1,130_bNAb_Combinations|1313860|cc|1|1|PVO.4|5024,0,0,1.21946e-08,0,-3.53608,0,0,False,nan|PVO.4,1313860
1,130_bNAb_Combinations|1313860|cc|2|1|PVO.4|5024,0,0,1.30544e-08,0,1.42976,0,0,False,nan|PVO.4,1313860
1,130_bNAb_Combinations|1313860|cc|3|1|PVO.4|5024,0,0,-5.17212e-08,0,27.5305,0,0,False,nan|PVO.4,1313860
1,130_bNAb_Combinations|1313860|cc|4|1|PVO.4|5024,0,0,1.97166e-08,0,-9.48354,0,0,False,nan|PVO.4,1313860
1,130_bNAb_Combinations|1313860|cc|5|1|PVO.4|5024,0,0,-2.03816e-08,0,-2.01392,0,0,False,nan|PVO.4,1313860
1,130_bNAb_Combinations|1313860|cc|6|1|PVO.4|5024,0,0,5.30698e-08,0,13.2025,0,0,False,nan|PVO.4,1313860
1,130_bNAb_Combinations|1313860|cc|7|1|PVO.4|5024,0,0,1.88914e-08,0,-3.5018,0,0,False,nan|PVO.4,1313860
1,130_bNAb_Combinations|1313860|cc|8|1|PVO.4|5024,0,0,-2.78215e-08,0,6.10415,0,0,False,nan|PVO.4,1313860
1,130_bNAb_Combinations|1313860|sample|10|PVO.4|5024,0,0,-2.72213e-08,0,11.5471,0,0,True,PGT121|PVO.4,1313860
1,130_bNAb_Combinations|1313860|sample|11|PVO.4|5024,0,0,-3.0006e-09,0,12.0017,0,0,True,VRC07-523LS|PVO.4,1313860
1,130_bNAb_Combinations|1313860|sample|12|PVO.4|5024,0,0,-1.60112e-08,0,13.5151,0,0,True,VRC07-523LS|PVO.4,1313860
1,130_bNAb_Combinations|1313860|sample|3|PVO.4|5024,0,0,-4.45349e-08,0,0.925209,0,0,True,PGDM1400|PVO.4,1313860
1,130_bNAb_Combinations|1313860|sample|4|PVO.4|5024,0,0,-2.72911e-08,0,1.04723,0,0,True,PGDM1400|PVO.4,1313860
1,130_bNAb_Combinations|1313860|sample|5|PVO.4|5024,0,0,-2.02455e-08,0,0.74847,0,0,True,PGDM1400|PVO.4,1313860
1,130_bNAb_Combinations|1313860|sample|6|PVO.4|5024,0,0,-3.0844e-08,0,0.793524,0,0,True,PGDM1400|PVO.4,1313860
1,130_bNAb_Combinations|1313860|sample|7|PVO.4|5024,0,0,4.20697e-08,0,10.1088,0,0,True,PGT121|PVO.4,1313860
1,130_bNAb_Combinations|1313860|sample|8|PVO.4|5024,0,0,5.0756e-09,0,10.0265,0,0,True,PGT121|PVO.4,1313860
1,130_bNAb_Combinations|1313860|sample|9|PVO.4|5024,0,0,1.4678e-08,0,9.46313,0,0,True,PGT121|PVO.4,1313860
1,130_bNAb_Combinations|1313860|vc|1|2|PVO.4|5024,0,0,-2.12828e-08,0,-3.15903,0,0,False,nan|PVO.4,1313860
1,130_bNAb_Combinations|1313860|vc|2|2|PVO.4|5024,0,0,1.7743e-08,0,-21.6067,0,0,False,nan|PVO.4,1313860
1,130_bNAb_Combinations|1313860|vc|3|2|PVO.4|5024,0,0,1.43176e-08,0,7.08906,0,0,False,nan|PVO.4,1313860
1,130_bNAb_Combinations|1313860|vc|4|2|PVO.4|5024,0,0,-2.87913e-08,0,15.3766,0,0,False,nan|PVO.4,1313860
1,130_bNAb_Combinations|1313860|vc|5|2|PVO.4|5024,0,0,1.14494e-08,0,-3.26063,0,0,False,nan|PVO.4,1313860
1,130_bNAb_Combinations|1313860|vc|6|2|PVO.4|5024,0,0,1.36694e-08,0,1.28985,0,0,False,nan|PVO.4,1313860
1,130_bNAb_Combinations|1313860|vc|7|2|PVO.4|5024,0,0,-2.98976e-08,0,-0.500002,0,0,False,nan|PVO.4,1313860
1,130_bNAb_Combinations|1313860|vc|8|2|PVO.4|5024,0,0,3.02491e-08,0,-7.15912,0,0,False,nan|PVO.4,1313860
1,130_bNAb_Combinations|1313884|cc|1|1|nan|4168,0,0,1.15121e-08,0,13.9015,0,0,False,nan|4168,1313884
1,130_bNAb_Combinations|1313884|cc|2|1|nan|4168,0,0,6.78809e-08,0,-7.40688,0,0,False,nan|4168,1313884
1,130_bNAb_Combinations|1313884|cc|3|1|nan|4168,0,0,-2.6346e-08,0,1.38762,0,0,False,nan|4168,1313884
1,130_bNAb_Combinations|1313884|cc|4|1|nan|4168,0,0,1.87129e-08,0,-16.2003,0,0,False,nan|4168,1313884
1,130_bNAb_Combinations|1313884|cc|5|1|nan|4168,0,0,-6.52768e-09,0,15.6562,0,0,False,nan|4168,1313884
1,130_bNAb_Combinations|1313884|cc|6|1|nan|4168,0,0,-3.71778e-08,0,18.5868,0,0,False,nan|4168,1313884
1,130_bNAb_Combinations|1313884|cc|7|1|nan|4168,0,0,-1.6217e-08,0,1.84819,0,0,False,nan|4168,1313884
1,130_bNAb_Combinations|1313884|cc|8|1|nan|4168,0,0,-3.2909e-08,0,26.098,0,0,False,nan|4168,1313884
1,130_bNAb_Combinations|1313884|sample|10|nan|4168,0,0,3.33871e-09,0,2.30492,0,0,True,PGT121|4168,1313884
1,130_bNAb_Combinations|1313884|sample|11|nan|4168,0,0,5.54593e-08,0,4.63431,0,0,True,VRC07-523LS|4168,1313884
1,130_bNAb_Combinations|1313884|sample|12|nan|4168,0,0,-4.27072e-08,0,9.39377,0,0,True,VRC07-523LS|4168,1313884
1,130_bNAb_Combinations|1313884|sample|3|nan|4168,0,0,-3.814e-08,0,1.11431,0,0,True,PGDM1400|4168,1313884
1,130_bNAb_Combinations|1313884|sample|4|nan|4168,0,0,8.06425e-09,0,1.16719,0,0,True,PGDM1400|4168,1313884
1,130_bNAb_Combinations|1313884|sample|5|nan|4168,0,0,-4.50176e-08,0,0.326277,0,0,True,PGDM1400|4168,1313884
1,130_bNAb_Combinations|1313884|sample|6|nan|4168,0,0,1.26369e-08,0,0.292902,0,0,True,PGDM1400|4168,1313884
1,130_bNAb_Combinations|1313884|sample|7|nan|4168,0,0,2.09534e-08,0,2.79016,0,0,True,PGT121|4168,1313884
1,130_bNAb_Combinations|1313884|sample|8|nan|4168,0,0,-9.12029e-09,0,2.98392,0,0,True,PGT121|4168,1313884
1,130_bNAb_Combinations|1313884|sample|9|nan|4168,0,0,-1.20641e-08,0,2.14744,0,0,True,PGT121|4168,1313884
1,130_bNAb_Combinations|1313884|vc|1|2|nan|4168,0,0,1.7217e-08,0,-2.04012,0,0,False,nan|4168,1313884
1,130_bNAb_Combinations|1313884|vc|2|2|nan|4168,0,0,-4.32969e-08,0,-15.4232,0,0,False,nan|4168,1313884
1,130_bNAb_Combinations|1313884|vc|3|2|nan|4168,0,0,2.37463e-08,0,-7.4774,0,0,False,nan|4168,1313884
1,130_bNAb_Combinations|1313884|vc|4|2|nan|4168,0,0,-6.72151e-08,0,2.20062,0,0,False,nan|4168,1313884
1,130_bNAb_Combinations|1313884|vc|5|2|nan|4168,0,0,4.03445e-09,0,-1.28555,0,0,False,nan|4168,1313884
1,130_bNAb_Combinations|1313884|vc|6|2|nan|4168,0,0,-3.36074e-08,0,-14.129,0,0,False,nan|4168,1313884
1,130_bNAb_Combinations|1313884|vc|7|2|nan|4168,0,0,6.93002e-08,0,7.03643,0,0,False,nan|4168,1313884
1,130_bNAb_Combinations|1313884|vc|8|2|nan|4168,0,0,9.65767e-09,0,-7.56898,0,0,False,nan|4168,1313884
1,130_bNAb_Combinations|1313920|cc|1|1|nan|1798,0,0,3.42889e-08,0,6.75866,0,0,False,nan|1798,1313920
1,130_bNAb_Combinations|1313920|cc|2|1|nan|1798,0,0,4.2811e-08,0,-20.3599,0,0,False,nan|1798,1313920
1,130_bNAb_Combinations|1313920|cc|3|1|nan|1798,0,0,4.17666e-08,0,9.87088,0,0,False,nan|1798,1313920
1,130_bNAb_Combinations|1313920|cc|4|1|nan|1798,0,0,-5.22161e-08,0,-7.52164,0,0,False,nan|1798,1313920
1,130_bNAb_Combinations|1313920|cc|5|1|nan|1798,0,0,-3.50971e-08,0,-3.74929,0,0,False,nan|1798,1313920
1,130_bNAb_Combinations|1313920|cc|6|1|nan|1798,0,0,-7.25979e-08,0,-4.3031,0,0,False,nan|1798,1313920
1,130_bNAb_Combinations|1313920|cc|7|1|nan|1798,0,0,3.27815e-08,0,-6.69414,0,0,False,nan|1798,1313920
1,130_bNAb_Combinations|1313920|cc|8|1|nan|1798,0,0,-3.38717e-08,0,-9.14557,0,0,False,nan|1798,1313920
1,130_bNAb_Combinations|1313920|sample|10|nan|1798,0,0,-3.45438e-08,0,20.6762,0,0,True,PGT121|1798,1313920
1,130_bNAb_Combinations|1313920|sample|11|nan|1798,0,0,3.12652e-08,0,8.98039,0,0,True,VRC07-523LS|1798,1313920
1,130_bNAb_Combinations|1313920|sample|12|nan|1798,0,0,-1.68146e-08,0,12.7874,0,0,True,VRC07-523LS|1798,1313920
1,130_bNAb_Combinations|1313920|sample|3|nan|1798,0,0,2.58252e-08,0,1.81154,0,0,True,PGDM1400|1798,1313920
1,130_bNAb_Combinations|1313920|sample|4|nan|1798,0,0,-4.71364e-08,0,1.75716,0,0,True,PGDM1400|1798,1313920
1,130_bNAb_Combinations|1313920|sample|5|nan|1798,0,0,-3.97415e-08,0,0.759667,0,0,True,PGDM1400|1798,1313920
1,130_bNAb_Combinations|1313920|sample|6|nan|1798,0,0,-2.41843e-08,0,0.713205,0,0,True,PGDM1400|1798,1313920
1,130_bNAb_Combinations|1313920|sample|7|nan|1798,0,0,1.5017e-08,0,14.5647,0,0,True,PGT121|1798,1313920
1,130_bNAb_Combinations|1313920|sample|8|nan|1798,0,0,-1.13084e-08,0,16.1193,0,0,True,PGT121|1798,1313920
1,130_bNAb_Combinations|1313920|sample|9|nan|1798,0,0,3.68925e-08,0,21.3293,0,0,True,PGT121|1798,1313920
1,130_bNAb_Combinations|1313920|vc|1|2|nan|1798,0,0,2.83678e-08,0,-36.9681,0,0,False,nan|1798,1313920
1,130_bNAb_Combinations|1313920|vc|2|2|nan|1798,0,0,1.77066e-08,0,-0.736464,0,0,False,nan|1798,1313920
1,130_bNAb_Combinations|1313920|vc|3|2|nan|1798,0,0,-6.64539e-09,0,-3.46202,0,0,False,nan|1798,1313920
1,130_bNAb_Combinations|1313920|vc|4|2|nan|1798,0,0,-8.53307e-10,0,5.50929,0,0,False,nan|1798,1313920
1,130_bNAb_Combinations|1313920|vc|5|2|nan|1798,0,0,1.47065e-09,0,2.60417,0,0,False,nan|1798,1313920
1,130_bNAb_Combinations|1313920|vc|6|2|nan|1798,0,0,6.80249e-09,0,-8.92523,0,0,False,nan|1798,1313920
1,130_bNAb_Combinations|1313920|vc|7|2|nan|1798,0,0,-1.03193e-08,0,-5.38695,0,0,False,nan|1798,1313920
1,130_bNAb_Combinations|1313920|vc|8|2|nan|1798,0,0,1.11086e-08,0,19.0116,0,0,False,nan|1798,1313920
1,130_bNAb_Combinations|1313938|cc|1|1|TRO.11|8301,0,0,-1.83795e-08,0,8.36766,0,0,False,nan|TRO.11,1313938
1,130_bNAb_Combinations|1313938|cc|2|1|TRO.11|8301,0,0,-1.46789e-08,0,25.4056,0,0,False,nan|TRO.11,1313938
1,130_bNAb_Combinations|1313938|cc|3|1|TRO.11|8301,0,0,-4.63279e-08,0,-14.0389,0,0,False,nan|TRO.11,1313938
1,130_bNAb_Combinations|1313938|cc|4|1|TRO.11|8301,0,0,6.3294e-09,0,-28.117,0,0,False,nan|TRO.11,1313938
1,130_bNAb_Combinations|1313938|cc|5|1|TRO.11|8301,0,0,-3.61604e-08,0,15.2614,0,0,False,nan|TRO.11,1313938
1,130_bNAb_Combinations|1313938|cc|6|1|TRO.11|8301,0,0,-3.18497e-08,0,18.4848,0,0,False,nan|TRO.11,1313938
1,130_bNAb_Combinations|1313938|cc|7|1|TRO.11|8301,0,0,-1.28127e-08,0,-1.32368,0,0,False,nan|TRO.11,1313938
1,130_bNAb_Combinations|1313938|cc|8|1|TRO.11|8301,0,0,-2.7979e-08,0,15.1165,0,0,False,nan|TRO.11,1313938
1,130_bNAb_Combinations|1313938|sample|10|TRO.11|8301,0,0,-7.34244e-10,0,20.5899,0,0,True,PGT121|TRO.11,1313938
1,130_bNAb_Combinations|1313938|sample|11|TRO.11|8301,0,0,3.21123e-08,0,14.8362,0,0,True,VRC07-523LS|TRO.11,1313938
1,130_bNAb_Combinations|1313938|sample|12|TRO.11|8301,0,0,-5.12381e-09,0,17.9811,0,0,True,VRC07-523LS|TRO.11,1313938
1,130_bNAb_Combinations|1313938|sample|3|TRO.11|8301,0,0,3.13947e-08,0,2.19916,0,0,True,PGDM1400|TRO.11,1313938
1,130_bNAb_Combinations|1313938|sample|4|TRO.11|8301,0,0,-3.42137e-08,0,1.94087,0,0,True,PGDM1400|TRO.11,1313938
1,130_bNAb_Combinations|1313938|sample|5|TRO.11|8301,0,0,4.46589e-08,0,1.2365,0,0,True,PGDM1400|TRO.11,1313938
1,130_bNAb_Combinations|1313938|sample|6|TRO.11|8301,0,0,3.86471e-08,0,1.34098,0,0,True,PGDM1400|TRO.11,1313938
1,130_bNAb_Combinations|1313938|sample|7|TRO.11|8301,0,0,2.73267e-08,0,24.6075,0,0,True,PGT121|TRO.11,1313938
1,130_bNAb_Combinations|1313938|sample|8|TRO.11|8301,0,0,2.69159e-08,0,20.6584,0,0,True,PGT121|TRO.11,1313938
1,130_bNAb_Combinations|1313938|sample|9|TRO.11|8301,0,0,-3.64903e-08,0,28.5318,0,0,True,PGT121|TRO.11,1313938
1,130_bNAb_Combinations|1313938|vc|1|2|TRO.11|8301,0,0,2.49993e-08,0,6.7713,0,0,False,nan|TRO.11,1313938
1,130_bNAb_Combinations|1313938|vc|2|2|TRO.11|8301,0,0,-6.57419e-08,0,-6.31135,0,0,False,nan|TRO.11,1313938
1,130_bNAb_Combinations|1313938|vc|3|2|TRO.11|8301,0,0,2.90878e-08,0,-15.2407,0,0,False,nan|TRO.11,1313938
1,130_bNAb_Combinations|1313938|vc|4|2|TRO.11|8301,0,0,4.7723e-08,0,-10.8446,0,0,False,nan|TRO.11,1313938
1,130_bNAb_Combinations|1313938|vc|5|2|TRO.11|8301,0,0,3.59389e-08,0,7.4563,0,0,False,nan|TRO.11,1313938
1,130_bNAb_Combinations|1313938|vc|6|2|TRO.11|8301,0,0,-6.89018e-08,0,20.5089,0,0,False,nan|TRO.11,1313938
1,130_bNAb_Combinations|1313938|vc|7|2|TRO.11|8301,0,0,2.03564e-08,0,24.4394,0,0,False,nan|TRO.11,1313938
1,130_bNAb_Combinations|1313938|vc|8|2|TRO.11|8301,0,0,1.80134e-08,0,-17.2503,0,0,False,nan|TRO.11,1313938
1,130_bNAb_Combinations|1313956|cc|1|1|Ce1176_A3|7023,0,0,2.12105e-09,0,4.46156,0,0,False,nan|Ce1176_A3,1313956
1,130_bNAb_Combinations|1313956|cc|2|1|Ce1176_A3|7023,0,0,3.02198e-08,0,15.9091,0,0,False,nan|Ce1176_A3,1313956
1,130_bNAb_Combinations|1313956|cc|3|1|Ce1176_A3|7023,0,0,-7.27909e-08,0,-9.20678,0,0,False,nan|Ce1176_A3,1313956
1,130_bNAb_Combinations|1313956|cc|4|1|Ce1176_A3|7023,0,0,-5.35699e-08,0,-1.35175,0,0,False,nan|Ce1176_A3,1313956
1,130_bNAb_Combinations|1313956|cc|5|1|Ce1176_A3|7023,0,0,-7.45333e-09,0,-18.5109,0,0,False,nan|Ce1176_A3,1313956
1,130_bNAb_Combinations|1313956|cc|6|1|Ce1176_A3|7023,0,0,-4.25447e-08,0,-22.391,0,0,False,nan|Ce1176_A3,1313956
1,130_bNAb_Combinations|1313956|cc|7|1|Ce1176_A3|7023,0,0,3.00769e-08,0,-7.16919,0,0,False,nan|Ce1176_A3,1313956
1,130_bNAb_Combinations|1313956|cc|8|1|Ce1176_A3|7023,0,0,1.98926e-08,0,4.15832,0,0,False,nan|Ce1176_A3,1313956
1,130_bNAb_Combinations|1313956|sample|10|Ce1176_A3|7023,0,0,3.22871e-08,0,30.7676,0,0,True,PGT121|Ce1176_A3,1313956
1,130_bNAb_Combinations|1313956|sample|11|Ce1176_A3|7023,0,0,5.95339e-08,0,10.0843,0,0,True,VRC07-523LS|Ce1176_A3,1313956
1,130_bNAb_Combinations|1313956|sample|12|Ce1176_A3|7023,0,0,1.14942e-10,0,11.2998,0,0,True,VRC07-523LS|Ce1176_A3,1313956
1,130_bNAb_Combinations|1313956|sample|3|Ce1176_A3|7023,0,0,2.19225e-08,0,1.09625,0,0,True,PGDM1400|Ce1176_A3,1313956
1,130_bNAb_Combinations|1313956|sample|4|Ce1176_A3|7023,0,0,4.70486e-08,0,1.01139,0,0,True,PGDM1400|Ce1176_A3,1313956
1,130_bNAb_Combinations|1313956|sample|5|Ce1176_A3|7023,0,0,-1.28766e-08,0,0.383457,0,0,True,PGDM1400|Ce1176_A3,1313956
1,130_bNAb_Combinations|1313956|sample|6|Ce1176_A3|7023,0,0,1.5498e-08,0,0.455646,0,0,True,PGDM1400|Ce1176_A3,1313956
1,130_bNAb_Combinations|1313956|sample|7|Ce1176_A3|7023,0,0,9.88437e-09,0,23.5771,0,0,True,PGT121|Ce1176_A3,1313956
1,130_bNAb_Combinations|1313956|sample|8|Ce1176_A3|7023,0,0,7.09784e-09,0,22.1273,0,0,True,PGT121|Ce1176_A3,1313956
1,130_bNAb_Combinations|1313956|sample|9|Ce1176_A3|7023,0,0,-4.85788e-09,0,22.5268,0,0,True,PGT121|Ce1176_A3,1313956
1,130_bNAb_Combinations|1313956|vc|1|2|Ce1176_A3|7023,0,0,3.33855e-08,0,3.65514,0,0,False,nan|Ce1176_A3,1313956
1,130_bNAb_Combinations|1313956|vc|2|2|Ce1176_A3|7023,0,0,7.85661e-08,0,-3.27236,0,0,False,nan|Ce1176_A3,1313956
1,130_bNAb_Combinations|1313956|vc|3|2|Ce1176_A3|7023,0,0,-3.84486e-08,0,10.7429,0,0,False,nan|Ce1176_A3,1313956
1,130_bNAb_Combinations|1313956|vc|4|2|Ce1176_A3|7023,0,0,-3.82531e-09,0,19.8342,0,0,False,nan|Ce1176_A3,1313956
1,130_bNAb_Combinations|1313956|vc|5|2|Ce1176_A3|7023,0,0,-2.96735e-08,0,-3.3224,0,0,False,nan|Ce1176_A3,1313956
1,130_bNAb_Combinations|1313956|vc|6|2|Ce1176_A3|7023,0,0,6.37572e-08,0,19.3106,0,0,False,nan|Ce1176_A3,1313956
1,130_bNAb_Combinations|1313956|vc|7|2|Ce1176_A3|7023,0,0,-8.07715e-08,0,0.172038,0,0,False,nan|Ce1176_A3,1313956
1,130_bNAb_Combinations|1313956|vc|8|2|Ce1176_A3|7023,0,0,1.98332e-08,0,-32.8638,0,0,False,nan|Ce1176_A3,1313956
1,130_bNAb_Combinations|1313974|cc|1|1|nan|1176,0,0,4.02877e-08,0,-7.68034,0,0,False,nan|1176,1313974
1,130_bNAb_Combinations|1313974|cc|2|1|nan|1176,0,0,-2.33255e-08,0,24.2354,0,0,False,nan|1176,1313974
1,130_bNAb_Combinations|1313974|cc|3|1|nan|1176,0,0,-1.60722e-08,0,-27.4319,0,0,False,nan|1176,1313974
1,130_bNAb_Combinations|1313974|cc|4|1|nan|1176,0,0,1.62809e-08,0,-25.0643,0,0,False,nan|1176,1313974
1,130_bNAb_Combinations|1313974|cc|5|1|nan|1176,0,0,2.47206e-08,0,-0.427095,0,0,False,nan|1176,1313974
1,130_bNAb_Combinations|1313974|cc|6|1|nan|1176,0,0,-1.04678e-08,0,-8.24543,0,0,False,nan|1176,1313974
1,130_bNAb_Combinations|1313974|cc|7|1|nan|1176,0,0,5.73078e-09,0,19.1497,0,0,False,nan|1176,1313974
1,130_bNAb_Combinations|1313974|cc|8|1|nan|1176,0,0,1.15514e-08,0,6.99633,0,0,False,nan|1176,1313974
1,130_bNAb_Combinations|1313974|sample|10|nan|1176,0,0,1.48035e-08,0,0.400904,0,0,True,PGT121|1176,1313974
1,130_bNAb_Combinations|1313974|sample|11|nan|1176,0,0,4.52507e-08,0,4.12311,0,0,True,VRC07-523LS|1176,1313974
1,130_bNAb_Combinations|1313974|sample|12|nan|1176,0,0,-4.81293e-08,0,5.79105,0,0,True,VRC07-523LS|1176,1313974
1,130_bNAb_Combinations|1313974|sample|3|nan|1176,0,0,-2.85137e-10,0,4.27012,0,0,True,PGDM1400|1176,1313974
1,130_bNAb_Combinations|1313974|sample|4|nan|1176,0,0,-4.14094e-08,0,6.99067,0,0,True,PGDM1400|1176,1313974
1,130_bNAb_Combinations|1313974|sample|5|nan|1176,0,0,3.37042e-08,0,3.24934,0,0,True,PGDM1400|1176,1313974
1,130_bNAb_Combinations|1313974|sample|6|nan|1176,0,0,2.21761e-08,0,2.91641,0,0,True,PGDM1400|1176,1313974
1,130_bNAb_Combinations|1313974|sample|7|nan|1176,0,0,3.27044e-08,0,0.691107,0,0,True,PGT121|1176,1313974
1,130_bNAb_Combinations|1313974|sample|8|nan|1176,0,0,-2.10038e-08,0,0.808446,0,0,True,PGT121|1176,1313974
1,130_bNAb_Combinations|1313974|sample|9|nan|1176,0,0,3.58115e-09,0,0.424503,0,0,True,PGT121|1176,1313974
1,130_bNAb_Combinations|1313974|vc|1|2|nan|1176,0,0,-4.86844e-08,0,-0.214779,0,0,False,nan|1176,1313974
1,130_bNAb_Combinations|1313974|vc|2|2|nan|1176,0,0,-1.53813e-08,0,8.62093,0,0,False,nan|1176,1313974
1,130_bNAb_Combinations|1313974|vc|3|2|nan|1176,0,0,-3.14192e-09,0,6.91043,0,0,False,nan|1176,1313974
1,130_bNAb_Combinations|1313974|vc|4|2|nan|1176,0,0,1.63797e-08,0,33.7814,0,0,False,nan|1176,1313974
1,130_bNAb_Combinations|1313974|vc|5|2|nan|1176,0,0,-3.96902e-09,0,-8.97497,0,0,False,nan|1176,1313974
1,130_bNAb_Combinations|1313974|vc|6|2|nan|1176,0,0,2.02963e-08,0,0.745776,0,0,False,nan|1176,1313974
1,130_bNAb_Combinations|1313974|vc|7|2|nan|1176,0,0,-6.06259e-08,0,10.8758,0,0,False,nan|1176,1313974
1,130_bNAb_Combinations|1313974|vc|8|2|nan|1176,0,0,2.31891e-09,0,-15.3254,0,0,False,nan|1176,1313974
1,130_bNAb_Combinations|1313992|cc|1|1|RHPA4259.7|5371,0,0,6.16038e-08,0,-4.52482,0,0,False,nan|RHPA4259.7,1313992
1,130_bNAb_Combinations|1313992|cc|2|1|RHPA4259.7|5371,0,0,-6.6755e-08,0,-10.3034,0,0,False,nan|RHPA4259.7,1313992
1,130_bNAb_Combinations|1313992|cc|3|1|RHPA4259.7|5371,0,0,2.15074e-08,0,1.52633,0,0,False,nan|RHPA4259.7,1313992
1,130_bNAb_Combinations|1313992|cc|4|1|RHPA4259.7|5371,0,0,-2.83113e-08,0,23.2438,0,0,False,nan|RHPA4259.7,1313992
1,130_bNAb_Combinations|1313992|cc|5|1|RHPA4259.7|5371,0,0,-6.60218e-08,0,-7.15944,0,0,False,nan|RHPA4259.7,1313992
1,130_bNAb_Combinations|1313992|cc|6|1|RHPA4259.7|5371,0,0,3.88797e-08,0,-6.51366,0,0,False,nan|RHPA4259.7,1313992
1,130_bNAb_Combinations|1313992|cc|7|1|RHPA4259.7|5371,0,0,-5.7616e-08,0,20.9911,0,0,False,nan|RHPA4259.7,1313992
1,130_bNAb_Combinations|1313992|cc|8|1|RHPA4259.7|5371,0,0,4.6091e-08,0,11.7957,0,0,False,nan|RHPA4259.7,1313992
1,130_bNAb_Combinations|1313992|sample|10|RHPA4259.7|5371,0,0,-1.04637e-08,0,9.84081,0,0,True,PGT121|RHPA4259.7,1313992
1,130_bNAb_Combinations|1313992|sample|11|RHPA4259.7|5371,0,0,4.39552e-08,0,22.2703,0,0,True,VRC07-523LS|RHPA4259.7,1313992
1,130_bNAb_Combinations|1313992|sample|12|RHPA4259.7|5371,0,0,2.64726e-08,0,21.6711,0,0,True,VRC07-523LS|RHPA4259.7,1313992
1,130_bNAb_Combinations|1313992|sample|3|RHPA4259.7|5371,0,0,4.26044e-08,0,2.86415,0,0,True,PGDM1400|RHPA4259.7,1313992
1,130_bNAb_Combinations|1313992|sample|4|RHPA4259.7|5371,0,0,3.33085e-08,0,2.67675,0,0,True,PGDM1400|RHPA4259.7,1313992
1,130_bNAb_Combinations|1313992|sample|5|RHPA4259.7|5371,0,0,2.47751e-08,0,6.25184,0,0,True,PGDM1400|RHPA4259.7,1313992
1,130_bNAb_Combinations|1313992|sample|6|RHPA4259.7|5371,0,0,-3.0541e-09,0,7.36463,0,0,True,PGDM1400|RHPA4259.7,1313992
1,130_bNAb_Combinations|1313992|sample|7|RHPA4259.7|5371,0,0,-2.98542e-08,0,11.0574,0,0,True,PGT121|RHPA4259.7,1313992
1,130_bNAb_Combinations|1313992|sample|8|RHPA4259.7|5371,0,0,-2.38699e-08,0,10.3538,0,0,True,PGT121|RHPA4259.7,1313992
1,130_bNAb_Combinations|1313992|sample|9|RHPA4259.7|5371,0,0,-1.95071e-10,0,9.22262,0,0,True,PGT121|RHPA4259.7,1313992
1,130_bNAb_Combinations|1313992|vc|1|2|RHPA4259.7|5371,0,0,-3.32112e-08,0,-6.66857,0,0,False,nan|RHPA4259.7,1313992
1,130_bNAb_Combinations|1313992|vc|2|2|RHPA4259.7|5371,0,0,3.06685e-09,0,-0.716595,0,0,False,nan|RHPA4259.7,1313992
1,130_bNAb_Combinations|1313992|vc|3|2|RHPA4259.7|5371,0,0,3.75506e-08,0,-13.2754,0,0,False,nan|RHPA4259.7,1313992
1,130_bNAb_Combinations|1313992|vc|4|2|RHPA4259.7|5371,0,0,-1.95544e-08,0,-27.1707,0,0,False,nan|RHPA4259.7,1313992
1,130_bNAb_Combinations|1313992|vc|5|2|RHPA4259.7|5371,0,0,-6.14032e-08,0,-11.2244,0,0,False,nan|RHPA4259.7,1313992
1,130_bNAb_Combinations|1313992|vc|6|2|RHPA4259.7|5371,0,0,1.41168e-08,0,-12.432,0,0,False,nan|RHPA4259.7,1313992
1,130_bNAb_Combinations|1313992|vc|7|2|RHPA4259.7|5371,0,0,-4.40098e-08,0,-24.4071,0,0,False,nan|RHPA4259.7,1313992
1,130_bNAb_Combinations|1313992|vc|8|2|RHPA4259.7|5371,0,0,1.59317e-08,0,-30.9827,0,0,False,nan|RHPA4259.7,1313992
1,130_bNAb_Combinations|1314016|cc|1|1|nan|3430,0,0,2.99744e-08,0,15.7119,0,0,False,nan|3430,1314016
1,130_bNAb_Combinations|1314016|cc|2|1|nan|3430,0,0,3.94521e-08,0,13.7458,0,0,False,nan|3430,1314016
1,130_bNAb_Combinations|1314016|cc|3|1|nan|3430,0,0,-2.62657e-08,0,-15.5967,0,0,False,nan|3430,1314016
1,130_bNAb_Combinations|1314016|cc|4|1|nan|3430,0,0,4.61856e-08,0,16.1875,0,0,False,nan|3430,1314016
1,130_bNAb_Combinations|1314016|cc|5|1|nan|3430,0,0,4.77212e-08,0,-11.9652,0,0,False,nan|3430,1314016
1,130_bNAb_Combinations|1314016|cc|6|1|nan|3430,0,0,2.81034e-08,0,4.10797,0,0,False,nan|3430,1314016
1,130_bNAb_Combinations|1314016|cc|7|1|nan|3430,0,0,-9.59745e-09,0,1.56519,0,0,False,nan|3430,1314016
1,130_bNAb_Combinations|1314016|cc|8|1|nan|3430,0,0,-2.13681e-08,0,6.25061,0,0,False,nan|3430,1314016
1,130_bNAb_Combinations|1314016|sample|10|nan|3430,0,0,5.95459e-08,0,8.77176,0,0,True,PGT121|3430,1314016
1,130_bNAb_Combinations|1314016|sample|11|nan|3430,0,0,8.04373e-08,0,19.1853,0,0,True,VRC07-523LS|3430,1314016
1,130_bNAb_Combinations|1314016|sample|12|nan|3430,0,0,1.39221e-08,0,18.1737,0,0,True,VRC07-523LS|3430,1314016
1,130_bNAb_Combinations|1314016|sample|3|nan|3430,0,0,-5.26799e-08,0,19.4613,0,0,True,PGDM1400|3430,1314016
1,130_bNAb_Combinations|1314016|sample|4|nan|3430,0,0,9.57906e-09,0,22.514,0,0,True,PGDM1400|3430,1314016
1,130_bNAb_Combinations|1314016|sample|5|nan|3430,0,0,-4.87325e-08,0,16.9478,0,0,True,PGDM1400|3430,1314016
1,130_bNAb_Combinations|1314016|sample|6|nan|3430,0,0,8.57856e-09,0,26.3187,0,0,True,PGDM1400|3430,1314016
1,130_bNAb_Combinations|1314016|sample|7|nan|3430,0,0,5.68472e-08,0,9.35111,0,0,True,PGT121|3430,1314016
1,130_bNAb_Combinations|1314016|sample|8|nan|3430,0,0,7.3054e-08,0,6.81393,0,0,True,PGT121|3430,1314016
1,130_bNAb_Combinations|1314016|sample|9|nan|3430,0,0,-2.00511e-08,0,9.45381,0,0,True,PGT121|3430,1314016
1,130_bNAb_Combinations|1314016|vc|1|2|nan|3430,0,0,3.83794e-09,0,-1.94705,0,0,False,nan|3430,1314016
1,130_bNAb_Combinations|1314016|vc|2|2|nan|3430,0,0,7.25863e-08,0,-6.13788,0,0,False,nan|3430,1314016
1,130_bNAb_Combinations|1314016|vc|3|2|nan|3430,0,0,-9.75836e-09,0,8.83642,0,0,False,nan|3430,1314016
1,130_bNAb_Combinations|1314016|vc|4|2|nan|3430,0,0,3.51154e-08,0,12.7102,0,0,False,nan|3430,1314016
1,130_bNAb_Combinations|1314016|vc|5|2|nan|3430,0,0,7.85911e-09,0,4.27038,0,0,False,nan|3430,1314016
1,130_bNAb_Combinations|1314016|vc|6|2|nan|3430,0,0,6.45713e-09,0,-3.24913,0,0,False,nan|3430,1314016
1,130_bNAb_Combinations|1314016|vc|7|2|nan|3430,0,0,5.19954e-08,0,10.6636,0,0,False,nan|3430,1314016
1,130_bNAb_Combinations|1314016|vc|8|2|nan|3430,0,0,-1.74232e-08,0,15.1757,0,0,False,nan|3430,1314016
1,130_bNAb_Combinations|1314040|cc|1|1|nan|4166,0,0,1.03876e-08,0,1.97279,0,0,False,nan|4166,1314040
1,130_bNAb_Combinations|1314040|cc|2|1|nan|4166,0,0,-6.34761e-08,0,-0.321478,0,0,False,nan|4166,1314040
1,130_bNAb_Combinations|1314040|cc|3|1|nan|4166,0,0,1.71831e-09,0,23.2837,0,0,False,nan|4166,1314040
1,130_bNAb_Combinations|1314040|cc|4|1|nan|4166,0,0,4.36643e-09,0,5.78224,0,0,False,nan|4166,1314040
1,130_bNAb_Combinations|1314040|cc|5|1|nan|4166,0,0,-8.04143e-08,0,1.65105,0,0,False,nan|4166,1314040
1,130_bNAb_Combinations|1314040|cc|6|1|nan|4166,0,0,-2.69834e-08,0,-12.7697,0,0,False,nan|4166,1314040
1,130_bNAb_Combinations|1314040|cc|7|1|nan|4166,0,0,4.62283e-08,0,3.24346,0,0,False,nan|4166,1314040
1,130_bNAb_Combinations|1314040|cc|8|1|nan|4166,0,0,-4.80391e-08,0,-5.23814,0,0,False,nan|4166,1314040
1,130_bNAb_Combinations|1314040|sample|10|nan|4166,0,0,8.20797e-09,0,34.9421,0,0,True,PGT121|4166,1314040
1,130_bNAb_Combinations|1314040|sample|11|nan|4166,0,0,9.09104e-09,0,29.2547,0,0,True,VRC07-523LS|4166,1314040
1,130_bNAb_Combinations|1314040|sample|12|nan|4166,0,0,-1.10159e-08,0,30.4026,0,0,True,VRC07-523LS|4166,1314040
1,130_bNAb_Combinations|1314040|sample|3|nan|4166,0,0,5.75471e-08,0,8.2653,0,0,True,PGDM1400|4166,1314040
1,130_bNAb_Combinations|1314040|sample|4|nan|4166,0,0,-2.78707e-08,0,6.6693,0,0,True,PGDM1400|4166,1314040
1,130_bNAb_Combinations|1314040|sample|5|nan|4166,0,0,-9.70456e-09,0,6.81688,0,0,True,PGDM1400|4166,1314040
1,130_bNAb_Combinations|1314040|sample|6|nan|4166,0,0,-1.19904e-08,0,5.37252,0,0,True,PGDM1400|4166,1314040
1,130_bNAb_Combinations|1314040|sample|7|nan|4166,0,0,3.56047e-08,0,29.4932,0,0,True,PGT121|4166,1314040
1,130_bNAb_Combinations|1314040|sample|8|nan|4166,0,0,6.12245e-08,0,27.8803,0,0,True,PGT121|4166,1314040
1,130_bNAb_Combinations|1314040|sample|9|nan|4166,0,0,4.76465e-08,0,31.3121,0,0,True,PGT121|4166,1314040
1,130_bNAb_Combinations|1314040|vc|1|2|nan|4166,0,0,-6.99007e-08,0,-2.7519,0,0,False,nan|4166,1314040
1,130_bNAb_Combinations|1314040|vc|2|2|nan|4166,0,0,-1.98566e-08,0,-10.6415,0,0,False,nan|4166,1314040
1,130_bNAb_Combinations|1314040|vc|3|2|nan|4166,0,0,-1.18896e-08,0,22.6637,0,0,False,nan|4166,1314040
1,130_bNAb_Combinations|1314040|vc|4|2|nan|4166,0,0,7.08038e-08,0,-10.4854,0,0,False,nan|4166,1314040
1,130_bNAb_Combinations|1314040|vc|5|2|nan|4166,0,0,9.84724e-09,0,5.40274,0,0,False,nan|4166,1314040
1,130_bNAb_Combinations|1314040|vc|6|2|nan|4166,0,0,8.58032e-09,0,-8.56473,0,0,False,nan|4166,1314040
1,130_bNAb_Combinations|1314040|vc|7|2|nan|4166,0,0,1.66694e-08,0,-11.0522,0,0,False,nan|4166,1314040
1,130_bNAb_Combinations|1314040|vc|8|2|nan|4166,0,0,-9.3289e-08,0,-1.19686,0,0,False,nan|4166,1314040
1,130_bNAb_Combinations|1314058|cc|1|1|nan|2944,0,0,1.10616e-09,0,4.16013,0,0,False,nan|2944,1314058
1,130_bNAb_Combinations|1314058|cc|2|1|nan|2944,0,0,-2.27532e-09,0,-0.44415,0,0,False,nan|2944,1314058
1,130_bNAb_Combinations|1314058|cc|3|1|nan|2944,0,0,-5.66422e-08,0,-12.0542,0,0,False,nan|2944,1314058
1,130_bNAb_Combinations|1314058|cc|4|1|nan|2944,0,0,2.38523e-08,0,-2.70383,0,0,False,nan|2944,1314058
1,130_bNAb_Combinations|1314058|cc|5|1|nan|2944,0,0,5.77917e-09,0,-8.48097,0,0,False,nan|2944,1314058
1,130_bNAb_Combinations|1314058|cc|6|1|nan|2944,0,0,3.11911e-08,0,16.758,0,0,False,nan|2944,1314058
1,130_bNAb_Combinations|1314058|cc|7|1|nan|2944,0,0,8.01148e-10,0,5.93685,0,0,False,nan|2944,1314058
1,130_bNAb_Combinations|1314058|cc|8|1|nan|2944,0,0,3.25451e-08,0,-29.5049,0,0,False,nan|2944,1314058
1,130_bNAb_Combinations|1314058|sample|10|nan|2944,0,0,-9.46349e-09,0,13.1304,0,0,True,PGT121|2944,1314058
1,130_bNAb_Combinations|1314058|sample|11|nan|2944,0,0,-6.91725e-08,0,13.8074,0,0,True,VRC07-523LS|2944,1314058
1,130_bNAb_Combinations|1314058|sample|12|nan|2944,0,0,-1.4577e-09,0,13.667,0,0,True,VRC07-523LS|2944,1314058
1,130_bNAb_Combinations|1314058|sample|3|nan|2944,0,0,3.23831e-08,0,18.2672,0,0,True,PGDM1400|2944,1314058
1,130_bNAb_Combinations|1314058|sample|4|nan|2944,0,0,6.25384e-09,0,24.19,0,0,True,PGDM1400|2944,1314058
1,130_bNAb_Combinations|1314058|sample|5|nan|2944,0,0,-1.74741e-08,0,29.2596,0,0,True,PGDM1400|2944,1314058
1,130_bNAb_Combinations|1314058|sample|6|nan|2944,0,0,3.27563e-08,0,29.7434,0,0,True,PGDM1400|2944,1314058
1,130_bNAb_Combinations|1314058|sample|7|nan|2944,0,0,-2.35464e-08,0,14.2799,0,0,True,PGT121|2944,1314058
1,130_bNAb_Combinations|1314058|sample|8|nan|2944,0,0,3.72052e-08,0,12.4538,0,0,True,PGT121|2944,1314058
1,130_bNAb_Combinations|1314058|sample|9|nan|2944,0,0,-1.91719e-08,0,14.3155,0,0,True,PGT121|2944,1314058
1,130_bNAb_Combinations|1314058|vc|1|2|nan|2944,0,0,3.25361e-08,0,-4.05352,0,0,False,nan|2944,1314058
1,130_bNAb_Combinations|1314058|vc|2|2|nan|2944,0,0,-1.60352e-09,0,-10.6749,0,0,False,nan|2944,1314058
1,130_bNAb_Combinations|1314058|vc|3|2|nan|2944,0,0,2.94623e-08,0,-19.809,0,0,False,nan|2944,1314058
1,130_bNAb_Combinations|1314058|vc|4|2|nan|2944,0,0,2.03672e-08,0,11.9321,0,0,False,nan|2944,1314058
1,130_bNAb_Combinations|1314058|vc|5|2|nan|2944,0,0,2.10539e-08,0,-20.7801,0,0,False,nan|2944,1314058
1,130_bNAb_Combinations|1314058|vc|6|2|nan|2944,0,0,4.06637e-08,0,-1.68402,0,0,False,nan|2944,1314058
1,130_bNAb_Combinations|1314058|vc|7|2|nan|2944,0,0,-6.94676e-08,0,1.90157,0,0,False,nan|2944,1314058
1,130_bNAb_Combinations|1314058|vc|8|2|nan|2944,0,0,6.05434e-10,0,16.8648,0,0,False,nan|2944,1314058
1,130_bNAb_Combinations|1342240|cc|1|1|nan|1798,0,0,4.47888e-08,0,24.3699,0,0,False,nan|1798,1342240
1,130_bNAb_Combinations|1342240|cc|2|1|nan|1798,0,0,-9.85543e-09,0,-12.7253,0,0,False,nan|1798,1342240
1,130_bNAb_Combinations|1342240|cc|3|1|nan|1798,0,0,4.18937e-09,0,-3.36882,0,0,False,nan|1798,1342240
1,130_bNAb_Combinations|1342240|cc|4|1|nan|1798,0,0,3.21008e-08,0,-1.63831,0,0,False,nan|1798,1342240
1,130_bNAb_Combinations|1342240|cc|5|1|nan|1798,0,0,7.51821e-10,0,9.46937,0,0,False,nan|1798,1342240
1,130_bNAb_Combinations|1342240|cc|6|1|nan|1798,0,0,-3.42414e-08,0,-6.35076,0,0,False,nan|1798,1342240
1,130_bNAb_Combinations|1342240|cc|7|1|nan|1798,0,0,4.26746e-08,0,-2.99682,0,0,False,nan|1798,1342240
1,130_bNAb_Combinations|1342240|cc|8|1|nan|1798,0,0,1.15328e-08,0,-23.8164,0,0,False,nan|1798,1342240
1,130_bNAb_Combinations|1342240|sample|3|nan|1798,0,0,-7.90367e-08,0,4.45514,0,0,True,VRC07-523LS|1798,1342240
1,130_bNAb_Combinations|1342240|sample|4|nan|1798,0,0,-5.79994e-08,0,5.45698,0,0,True,VRC07-523LS|1798,1342240
1,130_bNAb_Combinations|1342240|sample|8|nan|1798,0,0,-1.99724e-08,0,18.5778,0,0,True,VRC07-523LS|1798,1342240
1,130_bNAb_Combinations|1342240|vc|1|2|nan|1798,0,0,8.38107e-08,0,-0.95544,0,0,False,nan|1798,1342240
1,130_bNAb_Combinations|1342240|vc|2|2|nan|1798,0,0,-5.72337e-08,0,-17.8862,0,0,False,nan|1798,1342240
1,130_bNAb_Combinations|1342240|vc|3|2|nan|1798,0,0,-4.29946e-08,0,-13.2853,0,0,False,nan|1798,1342240
1,130_bNAb_Combinations|1342240|vc|4|2|nan|1798,0,0,-6.46319e-08,0,-11.0719,0,0,False,nan|1798,1342240
1,130_bNAb_Combinations|1342240|vc|5|2|nan|1798,0,0,-3.04842e-08,0,-2.35308,0,0,False,nan|1798,1342240
1,130_bNAb_Combinations|1342240|vc|6|2|nan|1798,0,0,-2.32424e-08,0,8.13422,0,0,False,nan|1798,1342240
1,130_bNAb_Combinations|1342240|vc|7|2|nan|1798,0,0,-9.79751e-09,0,14.6756,0,0,False,nan|1798,1342240
1,130_bNAb_Combinations|1342240|vc|8|2|nan|1798,0,0,7.06612e-08,0,2.77914,0,0,False,nan|1798,1342240
1,130_bNAb_Combinations|1342258|cc|1|1|TRO.11|8301,0,0,5.5232e-08,0,-11.5222,0,0,False,nan|TRO.11,1342258
1,130_bNAb_Combinations|1342258|cc|2|1|TRO.11|8301,0,0,2.5715e-08,0,28.0967,0,0,False,nan|TRO.11,1342258
1,130_bNAb_Combinations|1342258|cc|3|1|TRO.11|8301,0,0,-2.89139e-08,0,6.88839,0,0,False,nan|TRO.11,1342258
1,130_bNAb_Combinations|1342258|cc|4|1|TRO.11|8301,0,0,-4.27766e-08,0,16.4576,0,0,False,nan|TRO.11,1342258
1,130_bNAb_Combinations|1342258|cc|5|1|TRO.11|8301,0,0,3.84668e-08,0,2.19029,0,0,False,nan|TRO.11,1342258
1,130_bNAb_Combinations|1342258|cc|6|1|TRO.11|8301,0,0,-1.48908e-08,0,0.54201,0,0,False,nan|TRO.11,1342258
1,130_bNAb_Combinations|1342258|cc|7|1|TRO.11|8301,0,0,-8.51461e-09,0,-1.61905,0,0,False,nan|TRO.11,1342258
1,130_bNAb_Combinations|1342258|cc|8|1|TRO.11|8301,0,0,-7.56995e-09,0,3.948,0,0,False,nan|TRO.11,1342258
1,130_bNAb_Combinations|1342258|sample|3|TRO.11|8301,0,0,1.59411e-08,0,16.5599,0,0,True,VRC07-523LS|TRO.11,1342258
1,130_bNAb_Combinations|1342258|sample|4|TRO.11|8301,0,0,-7.1122e-08,0,11.6419,0,0,True,VRC07-523LS|TRO.11,1342258
1,130_bNAb_Combinations|1342258|vc|1|2|TRO.11|8301,0,0,8.72357e-10,0,13.161,0,0,False,nan|TRO.11,1342258
1,130_bNAb_Combinations|1342258|vc|2|2|TRO.11|8301,0,0,4.13978e-08,0,-4.16723,0,0,False,nan|TRO.11,1342258
1,130_bNAb_Combinations|1342258|vc|3|2|TRO.11|8301,0,0,-1.86851e-08,0,8.57236,0,0,False,nan|TRO.11,1342258
1,130_bNAb_Combinations|1342258|vc|4|2|TRO.11|8301,0,0,6.3115e-08,0,5.74629,0,0,False,nan|TRO.11,1342258
1,130_bNAb_Combinations|1342258|vc|5|2|TRO.11|8301,0,0,-1.43524e-08,0,14.0776,0,0,False,nan|TRO.11,1342258
1,130_bNAb_Combinations|1342258|vc|6|2|TRO.11|8301,0,0,4.06065e-10,0,-0.603288,0,0,False,nan|TRO.11,1342258
1,130_bNAb_Combinations|1342258|vc|7|2|TRO.11|8301,0,0,-1.89092e-08,0,0.867733,0,0,False,nan|TRO.11,1342258
1,130_bNAb_Combinations|1342258|vc|8|2|TRO.11|8301,0,0,-1.84946e-08,0,-4.65295,0,0,False,nan|TRO.11,1342258
1,130_bNAb_Combinations|1342276|cc|1|1|Ce1176_A3|7023,0,0,4.45292e-08,0,23.7198,0,0,False,nan|Ce1176_A3,1342276
1,130_bNAb_Combinations|1342276|cc|2|1|Ce1176_A3|7023,0,0,5.39484e-09,0,1.39387,0,0,False,nan|Ce1176_A3,1342276
1,130_bNAb_Combinations|1342276|cc|3|1|Ce1176_A3|7023,0,0,2.9112e-08,0,-7.27239,0,0,False,nan|Ce1176_A3,1342276
1,130_bNAb_Combinations|1342276|cc|4|1|Ce1176_A3|7023,0,0,3.90316e-08,0,7.716,0,0,False,nan|Ce1176_A3,1342276
1,130_bNAb_Combinations|1342276|cc|5|1|Ce1176_A3|7023,0,0,5.05014e-08,0,-10.3748,0,0,False,nan|Ce1176_A3,1342276
1,130_bNAb_Combinations|1342276|cc|6|1|Ce1176_A3|7023,0,0,-2.03949e-08,0,-6.7536,0,0,False,nan|Ce1176_A3,1342276
1,130_bNAb_Combinations|1342276|cc|7|1|Ce1176_A3|7023,0,0,-2.58608e-08,0,-17.8036,0,0,False,nan|Ce1176_A3,1342276
1,130_bNAb_Combinations|1342276|cc|8|1|Ce1176_A3|7023,0,0,-3.711e-08,0,6.98032,0,0,False,nan|Ce1176_A3,1342276
1,130_bNAb_Combinations|1342276|sample|3|Ce1176_A3|7023,0,0,-1.8469e-08,0,6.15561,0,0,True,VRC07-523LS|Ce1176_A3,1342276
1,130_bNAb_Combinations|1342276|sample|4|Ce1176_A3|7023,0,0,2.65385e-08,0,5.07969,0,0,True,VRC07-523LS|Ce1176_A3,1342276
1,130_bNAb_Combinations|1342276|vc|1|2|Ce1176_A3|7023,0,0,-6.74499e-09,0,2.61816,0,0,False,nan|Ce1176_A3,1342276
1,130_bNAb_Combinations|1342276|vc|2|2|Ce1176_A3|7023,0,0,-1.23458e-08,0,-8.55692,0,0,False,nan|Ce1176_A3,1342276
1,130_bNAb_Combinations|1342276|vc|3|2|Ce1176_A3|7023,0,0,-2.03613e-08,0,7.28679,0,0,False,nan|Ce1176_A3,1342276
1,130_bNAb_Combinations|1342276|vc|4|2|Ce1176_A3|7023,0,0,4.07668e-08,0,1.29388,0,0,False,nan|Ce1176_A3,1342276
1,130_bNAb_Combinations|1342276|vc|5|2|Ce1176_A3|7023,0,0,1.121e-08,0,-10.9217,0,0,False,nan|Ce1176_A3,1342276
1,130_bNAb_Combinations|1342276|vc|6|2|Ce1176_A3|7023,0,0,7.81528e-09,0,6.72003,0,0,False,nan|Ce1176_A3,1342276
1,130_bNAb_Combinations|1342276|vc|7|2|Ce1176_A3|7023,0,0,-4.55435e-08,0,-5.46509,0,0,False,nan|Ce1176_A3,1342276
1,130_bNAb_Combinations|1342276|vc|8|2|Ce1176_A3|7023,0,0,-7.71463e-09,0,15.0807,0,0,False,nan|Ce1176_A3,1342276
1,130_bNAb_Combinations|1342294|cc|1|1|nan|1176,0,0,-2.26378e-08,0,15.844,0,0,False,nan|1176,1342294
1,130_bNAb_Combinations|1342294|cc|2|1|nan|1176,0,0,8.64878e-09,0,-7.89091,0,0,False,nan|1176,1342294
1,130_bNAb_Combinations|1342294|cc|3|1|nan|1176,0,0,5.15564e-08,0,3.92755,0,0,False,nan|1176,1342294
1,130_bNAb_Combinations|1342294|cc|4|1|nan|1176,0,0,-3.90171e-08,0,0.0068029,0,0,False,nan|1176,1342294
1,130_bNAb_Combinations|1342294|cc|5|1|nan|1176,0,0,2.77854e-10,0,6.10508,0,0,False,nan|1176,1342294
1,130_bNAb_Combinations|1342294|cc|6|1|nan|1176,0,0,2.39967e-08,0,15.024,0,0,False,nan|1176,1342294
1,130_bNAb_Combinations|1342294|cc|7|1|nan|1176,0,0,-1.79087e-09,0,-9.37441,0,0,False,nan|1176,1342294
1,130_bNAb_Combinations|1342294|cc|8|1|nan|1176,0,0,5.35204e-08,0,-4.37897,0,0,False,nan|1176,1342294
1,130_bNAb_Combinations|1342294|sample|3|nan|1176,0,0,-2.35068e-08,0,5.10405,0,0,True,VRC07-523LS|1176,1342294
1,130_bNAb_Combinations|1342294|sample|4|nan|1176,0,0,-4.3379e-09,0,4.04266,0,0,True,VRC07-523LS|1176,1342294
1,130_bNAb_Combinations|1342294|sample|8|nan|1176,0,0,-2.20266e-08,0,6.08832,0,0,True,VRC07-523LS|1176,1342294
1,130_bNAb_Combinations|1342294|vc|1|2|nan|1176,0,0,2.56464e-08,0,-24.62,0,0,False,nan|1176,1342294
1,130_bNAb_Combinations|1342294|vc|2|2|nan|1176,0,0,-1.42843e-08,0,-5.69991,0,0,False,nan|1176,1342294
1,130_bNAb_Combinations|1342294|vc|3|2|nan|1176,0,0,6.63768e-09,0,18.479,0,0,False,nan|1176,1342294
1,130_bNAb_Combinations|1342294|vc|4|2|nan|1176,0,0,2.01772e-08,0,-1.32172,0,0,False,nan|1176,1342294
1,130_bNAb_Combinations|1342294|vc|5|2|nan|1176,0,0,-3.6889e-08,0,-1.82497,0,0,False,nan|1176,1342294
1,130_bNAb_Combinations|1342294|vc|6|2|nan|1176,0,0,1.44046e-08,0,-1.33938,0,0,False,nan|1176,1342294
1,130_bNAb_Combinations|1342294|vc|7|2|nan|1176,0,0,4.2127e-08,0,15.3182,0,0,False,nan|1176,1342294
1,130_bNAb_Combinations|1342294|vc|8|2|nan|1176,0,0,-1.88482e-08,0,-7.44606,0,0,False,nan|1176,1342294
1,130_bNAb_Combinations|1342312|cc|1|1|RHPA4259.7|5371,0,0,-3.88599e-08,0,-1.61737,0,0,False,nan|RHPA4259.7,1342312
1,130_bNAb_Combinations|1342312|cc|2|1|RHPA4259.7|5371,0,0,-2.72979e-08,0,-9.23106,0,0,False,nan|RHPA4259.7,1342312
1,130_bNAb_Combinations|1342312|cc|3|1|RHPA4259.7|5371,0,0,7.61742e-08,0,-15.3321,0,0,False,nan|RHPA4259.7,1342312
1,130_bNAb_Combinations|1342312|cc|4|1|RHPA4259.7|5371,0,0,5.43552e-08,0,11.1619,0,0,False,nan|RHPA4259.7,1342312
1,130_bNAb_Combinations|1342312|cc|5|1|RHPA4259.7|5371,0,0,-3.79686e-08,0,-7.34326,0,0,False,nan|RHPA4259.7,1342312
1,130_bNAb_Combinations|1342312|cc|6|1|RHPA4259.7|5371,0,0,2.2378e-08,0,-0.71681,0,0,False,nan|RHPA4259.7,1342312
1,130_bNAb_Combinations|1342312|cc|7|1|RHPA4259.7|5371,0,0,7.75627e-09,0,21.3173,0,0,False,nan|RHPA4259.7,1342312
1,130_bNAb_Combinations|1342312|cc|8|1|RHPA4259.7|5371,0,0,1.70041e-08,0,4.09419,0,0,False,nan|RHPA4259.7,1342312
1,130_bNAb_Combinations|1342312|sample|3|RHPA4259.7|5371,0,0,-3.58967e-08,0,16.4719,0,0,True,VRC07-523LS|RHPA4259.7,1342312
1,130_bNAb_Combinations|1342312|sample|4|RHPA4259.7|5371,0,0,4.04316e-08,0,17.5528,0,0,True,VRC07-523LS|RHPA4259.7,1342312
1,130_bNAb_Combinations|1342312|vc|1|2|RHPA4259.7|5371,0,0,-2.46021e-08,0,-20.5844,0,0,False,nan|RHPA4259.7,1342312
1,130_bNAb_Combinations|1342312|vc|2|2|RHPA4259.7|5371,0,0,-3.65021e-09,0,32.6953,0,0,False,nan|RHPA4259.7,1342312
1,130_bNAb_Combinations|1342312|vc|3|2|RHPA4259.7|5371,0,0,-1.85874e-08,0,3.96476,0,0,False,nan|RHPA4259.7,1342312
1,130_bNAb_Combinations|1342312|vc|4|2|RHPA4259.7|5371,0,0,2.51368e-08,0,-3.32376,0,0,False,nan|RHPA4259.7,1342312
1,130_bNAb_Combinations|1342312|vc|5|2|RHPA4259.7|5371,0,0,1.41851e-08,0,24.3379,0,0,False,nan|RHPA4259.7,1342312
1,130_bNAb_Combinations|1342312|vc|6|2|RHPA4259.7|5371,0,0,4.86984e-08,0,5.68798,0,0,False,nan|RHPA4259.7,1342312
1,130_bNAb_Combinations|1342312|vc|7|2|RHPA4259.7|5371,0,0,-2.38966e-08,0,-18.6438,0,0,False,nan|RHPA4259.7,1342312
1,130_bNAb_Combinations|1342312|vc|8|2|RHPA4259.7|5371,0,0,-2.18573e-08,0,14.3469,0,0,False,nan|RHPA4259.7,1342312
1,130_bNAb_Combinations|1342336|cc|1|1|nan|3430,0,0,7.10417e-08,0,0.576723,0,0,False,nan|3430,1342336
1,130_bNAb_Combinations|1342336|cc|2|1|nan|3430,0,0,4.54505e-08,0,20.0311,0,0,False,nan|3430,1342336
1,130_bNAb_Combinations|1342336|cc|3|1|nan|3430,0,0,2.94743e-08,0,2.69288,0,0,False,nan|3430,1342336
1,130_bNAb_Combinations|1342336|cc|4|1|nan|3430,0,0,-2.03897e-08,0,14.5464,0,0,False,nan|3430,1342336
1,130_bNAb_Combinations|1342336|cc|5|1|nan|3430,0,0,7.21425e-11,0,11.257,0,0,False,nan|3430,1342336
1,130_bNAb_Combinations|1342336|cc|6|1|nan|3430,0,0,-2.30191e-08,0,-1.53841,0,0,False,nan|3430,1342336
1,130_bNAb_Combinations|1342336|cc|7|1|nan|3430,0,0,1.78812e-08,0,8.5699,0,0,False,nan|3430,1342336
1,130_bNAb_Combinations|1342336|cc|8|1|nan|3430,0,0,1.49413e-08,0,27.9947,0,0,False,nan|3430,1342336
1,130_bNAb_Combinations|1342336|sample|3|nan|3430,0,0,-4.5429e-08,0,13.5573,0,0,True,VRC07-523LS|3430,1342336
1,130_bNAb_Combinations|1342336|sample|4|nan|3430,0,0,4.50085e-09,0,17.4652,0,0,True,VRC07-523LS|3430,1342336
1,130_bNAb_Combinations|1342336|sample|5|nan|3430,0,0,-5.83225e-08,0,10.2963,0,0,True,VRC07-523LS|3430,1342336
1,130_bNAb_Combinations|1342336|vc|1|2|nan|3430,0,0,3.16147e-10,0,-11.1754,0,0,False,nan|3430,1342336
1,130_bNAb_Combinations|1342336|vc|2|2|nan|3430,0,0,-2.63877e-08,0,-9.33752,0,0,False,nan|3430,1342336
1,130_bNAb_Combinations|1342336|vc|3|2|nan|3430,0,0,-3.74918e-09,0,-7.25684,0,0,False,nan|3430,1342336
1,130_bNAb_Combinations|1342336|vc|4|2|nan|3430,0,0,-1.65286e-08,0,-7.01594,0,0,False,nan|3430,1342336
1,130_bNAb_Combinations|1342336|vc|5|2|nan|3430,0,0,1.6256e-08,0,5.38067,0,0,False,nan|3430,1342336
1,130_bNAb_Combinations|1342336|vc|6|2|nan|3430,0,0,1.54875e-08,0,4.28011,0,0,False,nan|3430,1342336
1,130_bNAb_Combinations|1342336|vc|7|2|nan|3430,0,0,-1.63633e-08,0,17.6613,0,0,False,nan|3430,1342336
1,130_bNAb_Combinations|1342336|vc|8|2|nan|3430,0,0,-2.08094e-08,0,9.6594,0,0,False,nan|3430,1342336
1,130_bNAb_Combinations|1342348|cc|1|1|nan|4166,0,0,-3.04061e-08,0,-4.96047,0,0,False,nan|4166,1342348
1,130_bNAb_Combinations|1342348|cc|2|1|nan|4166,0,0,-2.81375e-08,0,-4.95089,0,0,False,nan|4166,1342348
1,130_bNAb_Combinations|1342348|cc|3|1|nan|4166,0,0,4.89333e-08,0,5.21583,0,0,False,nan|4166,1342348
1,130_bNAb_Combinations|1342348|cc|4|1|nan|4166,0,0,1.57758e-09,0,8.35916,0,0,False,nan|4166,1342348
1,130_bNAb_Combinations|1342348|cc|5|1|nan|4166,0,0,4.13624e-08,0,6.32349,0,0,False,nan|4166,1342348
1,130_bNAb_Combinations|1342348|cc|6|1|nan|4166,0,0,5.39236e-08,0,-7.74068,0,0,False,nan|4166,1342348
1,130_bNAb_Combinations|1342348|cc|7|1|nan|4166,0,0,-2.44307e-08,0,-7.14911,0,0,False,nan|4166,1342348
1,130_bNAb_Combinations|1342348|cc|8|1|nan|4166,0,0,-7.38477e-09,0,8.7586,0,0,False,nan|4166,1342348
1,130_bNAb_Combinations|1342348|sample|3|nan|4166,0,0,-3.50967e-08,0,17.2028,0,0,True,VRC07-523LS|4166,1342348
1,130_bNAb_Combinations|1342348|sample|4|nan|4166,0,0,6.28698e-08,0,22.3485,0,0,True,VRC07-523LS|4166,1342348
1,130_bNAb_Combinations|1342348|vc|1|2|nan|4166,0,0,3.23798e-08,0,-14.3861,0,0,False,nan|4166,1342348
1,130_bNAb_Combinations|1342348|vc|2|2|nan|4166,0,0,-4.3237e-08,0,1.87807,0,0,False,nan|4166,1342348
1,130_bNAb_Combinations|1342348|vc|3|2|nan|4166,0,0,-6.91383e-09,0,9.15143,0,0,False,nan|4166,1342348
1,130_bNAb_Combinations|1342348|vc|4|2|nan|4166,0,0,-1.84894e-08,0,-6.27436,0,0,False,nan|4166,1342348
1,130_bNAb_Combinations|1342348|vc|5|2|nan|4166,0,0,-2.17956e-08,0,22.6715,0,0,False,nan|4166,1342348
1,130_bNAb_Combinations|1342348|vc|6|2|nan|4166,0,0,-4.45789e-09,0,10.8435,0,0,False,nan|4166,1342348
1,130_bNAb_Combinations|1342348|vc|7|2|nan|4166,0,0,-1.60385e-08,0,15.4374,0,0,False,nan|4166,1342348
1,130_bNAb_Combinations|1342348|vc|8|2|nan|4166,0,0,-3.29687e-08,0,-0.673674,0,0,False,nan|4166,1342348
1,130_bNAb_Combinations|1342372|cc|1|1|nan|2944,0,0,-5.09195e-09,0,-1.14155,0,0,False,nan|2944,1342372
1,130_bNAb_Combinations|1342372|cc|2|1|nan|2944,0,0,-5.07846e-08,0,1.51897,0,0,False,nan|2944,1342372
1,130_bNAb_Combinations|1342372|cc|3|1|nan|2944,0,0,3.51881e-09,0,0.576348,0,0,False,nan|2944,1342372
1,130_bNAb_Combinations|1342372|cc|4|1|nan|2944,0,0,-2.4828e-08,0,38.6006,0,0,False,nan|2944,1342372
1,130_bNAb_Combinations|1342372|cc|5|1|nan|2944,0,0,-9.47656e-08,0,4.149,0,0,False,nan|2944,1342372
1,130_bNAb_Combinations|1342372|cc|6|1|nan|2944,0,0,7.82036e-09,0,10.0204,0,0,False,nan|2944,1342372
1,130_bNAb_Combinations|1342372|cc|7|1|nan|2944,0,0,7.41922e-09,0,-11.8097,0,0,False,nan|2944,1342372
1,130_bNAb_Combinations|1342372|cc|8|1|nan|2944,0,0,-3.51255e-09,0,-20.5039,0,0,False,nan|2944,1342372
1,130_bNAb_Combinations|1342372|sample|3|nan|2944,0,0,3.32932e-08,0,12.2887,0,0,True,VRC07-523LS|2944,1342372
1,130_bNAb_Combinations|1342372|sample|4|nan|2944,0,0,-6.65599e-08,0,12.2956,0,0,True,VRC07-523LS|2944,1342372
1,130_bNAb_Combinations|1342372|vc|1|2|nan|2944,0,0,3.6715e-08,0,-1.86323,0,0,False,nan|2944,1342372
1,130_bNAb_Combinations|1342372|vc|2|2|nan|2944,0,0,-5.43884e-08,0,-2.16153,0,0,False,nan|2944,1342372
1,130_bNAb_Combinations|1342372|vc|3|2|nan|2944,0,0,2.34727e-08,0,7.2544,0,0,False,nan|2944,1342372
1,130_bNAb_Combinations|1342372|vc|4|2|nan|2944,0,0,3.38395e-08,0,-1.12927,0,0,False,nan|2944,1342372
1,130_bNAb_Combinations|1342372|vc|5|2|nan|2944,0,0,2.18404e-08,0,18.48,0,0,False,nan|2944,1342372
1,130_bNAb_Combinations|1342372|vc|6|2|nan|2944,0,0,-2.22568e-08,0,-14.6194,0,0,False,nan|2944,1342372
1,130_bNAb_Combinations|1342372|vc|7|2|nan|2944,0,0,4.20356e-08,0,-23.2033,0,0,False,nan|2944,1342372
1,130_bNAb_Combinations|1342372|vc|8|2|nan|2944,0,0,1.75008e-08,0,10.1004,0,0,False,nan|2944,1342372
1,130_bNAb_Combinations|1342384|cc|1|1|nan|2946,0,0,9.64957e-09,0,2.635,0,0,False,nan|2946,1342384
1,130_bNAb_Combinations|1342384|cc|2|1|nan|2946,0,0,-8.88686e-09,0,-22.33,0,0,False,nan|2946,1342384
1,130_bNAb_Combinations|1342384|cc|3|1|nan|2946,0,0,-1.47047e-08,0,3.6928,0,0,False,nan|2946,1342384
1,130_bNAb_Combinations|1342384|cc|4|1|nan|2946,0,0,-6.43991e-08,0,4.28948,0,0,False,nan|2946,1342384
1,130_bNAb_Combinations|1342384|cc|5|1|nan|2946,0,0,1.21047e-08,0,18.4853,0,0,False,nan|2946,1342384
1,130_bNAb_Combinations|1342384|cc|6|1|nan|2946,0,0,-1.27516e-08,0,28.6442,0,0,False,nan|2946,1342384
1,130_bNAb_Combinations|1342384|cc|7|1|nan|2946,0,0,-1.51119e-08,0,1.58669,0,0,False,nan|2946,1342384
1,130_bNAb_Combinations|1342384|cc|8|1|nan|2946,0,0,9.02118e-08,0,-4.49493,0,0,False,nan|2946,1342384
1,130_bNAb_Combinations|1342384|sample|3|nan|2946,0,0,5.59376e-09,0,2.56028,0,0,True,VRC07-523LS|2946,1342384
1,130_bNAb_Combinations|1342384|sample|4|nan|2946,0,0,-2.45691e-08,0,2.09214,0,0,True,VRC07-523LS|2946,1342384
1,130_bNAb_Combinations|1342384|vc|1|2|nan|2946,0,0,-4.17783e-08,0,-2.08639,0,0,False,nan|2946,1342384
1,130_bNAb_Combinations|1342384|vc|2|2|nan|2946,0,0,3.63801e-08,0,-28.4566,0,0,False,nan|2946,1342384
1,130_bNAb_Combinations|1342384|vc|3|2|nan|2946,0,0,-2.56847e-09,0,-7.87277,0,0,False,nan|2946,1342384
1,130_bNAb_Combinations|1342384|vc|4|2|nan|2946,0,0,-4.43093e-08,0,-7.34431,0,0,False,nan|2946,1342384
1,130_bNAb_Combinations|1342384|vc|5|2|nan|2946,0,0,-3.66754e-08,0,-16.7945,0,0,False,nan|2946,1342384
1,130_bNAb_Combinations|1342384|vc|6|2|nan|2946,0,0,-5.62283e-08,0,-33.1893,0,0,False,nan|2946,1342384
1,130_bNAb_Combinations|1342384|vc|7|2|nan|2946,0,0,4.01269e-08,0,-21.3996,0,0,False,nan|2946,1342384
1,130_bNAb_Combinations|1342384|vc|8|2|nan|2946,0,0,1.50224e-08,0,2.20443,0,0,False,nan|2946,1342384
1,130_bNAb_Combinations|1342396|cc|1|1|PVO.4|5024,0,0,4.08175e-09,0,-5.77756,0,0,False,nan|PVO.4,1342396
1,130_bNAb_Combinations|1342396|cc|2|1|PVO.4|5024,0,0,4.60008e-09,0,0.304405,0,0,False,nan|PVO.4,1342396
1,130_bNAb_Combinations|1342396|cc|3|1|PVO.4|5024,0,0,1.22189e-08,0,-5.96356,0,0,False,nan|PVO.4,1342396
1,130_bNAb_Combinations|1342396|cc|4|1|PVO.4|5024,0,0,-9.37715e-08,0,-10.3029,0,0,False,nan|PVO.4,1342396
1,130_bNAb_Combinations|1342396|cc|5|1|PVO.4|5024,0,0,-6.25004e-08,0,-30.941,0,0,False,nan|PVO.4,1342396
1,130_bNAb_Combinations|1342396|cc|6|1|PVO.4|5024,0,0,5.13519e-08,0,-0.315059,0,0,False,nan|PVO.4,1342396
1,130_bNAb_Combinations|1342396|cc|7|1|PVO.4|5024,0,0,-2.72396e-08,0,-14.4927,0,0,False,nan|PVO.4,1342396
1,130_bNAb_Combinations|1342396|cc|8|1|PVO.4|5024,0,0,2.11589e-08,0,-26.3367,0,0,False,nan|PVO.4,1342396
1,130_bNAb_Combinations|1342396|sample|3|PVO.4|5024,0,0,-1.31919e-08,0,15.1068,0,0,True,VRC07-523LS|PVO.4,1342396
1,130_bNAb_Combinations|1342396|sample|4|PVO.4|5024,0,0,6.37822e-08,0,12.609,0,0,True,VRC07-523LS|PVO.4,1342396
1,130_bNAb_Combinations|1342396|vc|1|2|PVO.4|5024,0,0,-4.64119e-08,0,-10.0598,0,0,False,nan|PVO.4,1342396
1,130_bNAb_Combinations|1342396|vc|2|2|PVO.4|5024,0,0,7.69025e-10,0,51.5217,0,0,False,nan|PVO.4,1342396
1,130_bNAb_Combinations|1342396|vc|3|2|PVO.4|5024,0,0,2.85983e-08,0,0.0603537,0,0,False,nan|PVO.4,1342396
1,130_bNAb_Combinations|1342396|vc|4|2|PVO.4|5024,0,0,8.05468e-10,0,-11.2669,0,0,False,nan|PVO.4,1342396
1,130_bNAb_Combinations|1342396|vc|5|2|PVO.4|5024,0,0,-1.25318e-08,0,-16.9145,0,0,False,nan|PVO.4,1342396
1,130_bNAb_Combinations|1342396|vc|6|2|PVO.4|5024,0,0,-7.80312e-08,0,8.44006,0,0,False,nan|PVO.4,1342396
1,130_bNAb_Combinations|1342396|vc|7|2|PVO.4|5024,0,0,-3.70176e-08,0,9.7088,0,0,False,nan|PVO.4,1342396
1,130_bNAb_Combinations|1342396|vc|8|2|PVO.4|5024,0,0,5.52363e-08,0,2.46608,0,0,False,nan|PVO.4,1342396
1,130_bNAb_Combinations|1342408|cc|1|1|nan|4168,0,0,-1.79567e-08,0,12.2246,0,0,False,nan|4168,1342408
1,130_bNAb_Combinations|1342408|cc|2|1|nan|4168,0,0,4.15778e-09,0,-2.72634,0,0,False,nan|4168,1342408
1,130_bNAb_Combinations|1342408|cc|3|1|nan|4168,0,0,-1.39399e-09,0,15.0588,0,0,False,nan|4168,1342408
1,130_bNAb_Combinations|1342408|cc|4|1|nan|4168,0,0,-3.30693e-08,0,3.56548,0,0,False,nan|4168,1342408
1,130_bNAb_Combinations|1342408|cc|5|1|nan|4168,0,0,-3.44556e-08,0,-1.15573,0,0,False,nan|4168,1342408
1,130_bNAb_Combinations|1342408|cc|6|1|nan|4168,0,0,1.15979e-08,0,-15.1625,0,0,False,nan|4168,1342408
1,130_bNAb_Combinations|1342408|cc|7|1|nan|4168,0,0,1.93723e-08,0,2.81049,0,0,False,nan|4168,1342408
1,130_bNAb_Combinations|1342408|cc|8|1|nan|4168,0,0,-2.00393e-08,0,6.987,0,0,False,nan|4168,1342408
1,130_bNAb_Combinations|1342408|sample|3|nan|4168,0,0,-5.50729e-08,0,4.36453,0,0,True,VRC07-523LS|4168,1342408
1,130_bNAb_Combinations|1342408|sample|4|nan|4168,0,0,2.0444e-08,0,4.70204,0,0,True,VRC07-523LS|4168,1342408
1,130_bNAb_Combinations|1342408|vc|1|2|nan|4168,0,0,2.12724e-08,0,-5.96907,0,0,False,nan|4168,1342408
1,130_bNAb_Combinations|1342408|vc|2|2|nan|4168,0,0,-4.69994e-08,0,16.0103,0,0,False,nan|4168,1342408
1,130_bNAb_Combinations|1342408|vc|3|2|nan|4168,0,0,2.48892e-08,0,-13.3943,0,0,False,nan|4168,1342408
1,130_bNAb_Combinations|1342408|vc|4|2|nan|4168,0,0,1.42739e-08,0,-11.8852,0,0,False,nan|4168,1342408
1,130_bNAb_Combinations|1342408|vc|5|2|nan|4168,0,0,2.85911e-08,0,11.6113,0,0,False,nan|4168,1342408
1,130_bNAb_Combinations|1342408|vc|6|2|nan|4168,0,0,1.34394e-08,0,8.24666,0,0,False,nan|4168,1342408
1,130_bNAb_Combinations|1342408|vc|7|2|nan|4168,0,0,7.52834e-09,0,3.86106,0,0,False,nan|4168,1342408
1,130_bNAb_Combinations|1342408|vc|8|2|nan|4168,0,0,1.57024e-08,0,-22.8726,0,0,False,nan|4168,1342408
1,704_VRC01_Concordance|1200432|cc|1|1|PVO.4|5024,0,0,4.91692e-09,0,-13.4877,0,0,False,nan|PVO.4,1200432
1,704_VRC01_Concordance|1200432|cc|2|1|PVO.4|5024,0,0,8.56516e-09,0,22.4447,0,0,False,nan|PVO.4,1200432
1,704_VRC01_Concordance|1200432|cc|3|1|PVO.4|5024,0,0,-4.6204e-08,0,4.83479,0,0,False,nan|PVO.4,1200432
1,704_VRC01_Concordance|1200432|cc|4|1|PVO.4|5024,0,0,4.87891e-08,0,-12.1694,0,0,False,nan|PVO.4,1200432
1,704_VRC01_Concordance|1200432|cc|5|1|PVO.4|5024,0,0,2.91973e-08,0,-16.3793,0,0,False,nan|PVO.4,1200432
1,704_VRC01_Concordance|1200432|cc|6|1|PVO.4|5024,0,0,5.48367e-08,0,8.15217,0,0,False,nan|PVO.4,1200432
1,704_VRC01_Concordance|1200432|cc|7|1|PVO.4|5024,0,0,8.96708e-08,0,-21.7104,0,0,False,nan|PVO.4,1200432
1,704_VRC01_Concordance|1200432|cc|8|1|PVO.4|5024,0,0,3.86006e-08,0,-1.4987,0,0,False,nan|PVO.4,1200432
1,704_VRC01_Concordance|1200432|sample|10|PVO.4|5024,0,0,-2.39527e-08,0,2.02251,0,0,True,Clinical VRC01|PVO.4,1200432
1,704_VRC01_Concordance|1200432|sample|11|PVO.4|5024,0,0,2.04412e-08,0,2.99089,0,0,True,Clinical VRC01|PVO.4,1200432
1,704_VRC01_Concordance|1200432|sample|12|PVO.4|5024,0,0,-1.29137e-08,0,3.37734,0,0,True,Clinical VRC01|PVO.4,1200432
1,704_VRC01_Concordance|1200432|sample|3|PVO.4|5024,0,0,4.70703e-09,0,4.24767,0,0,True,Clinical VRC01|PVO.4,1200432
1,704_VRC01_Concordance|1200432|sample|4|PVO.4|5024,0,0,8.08526e-08,0,2.33288,0,0,True,Clinical VRC01|PVO.4,1200432
1,704_VRC01_Concordance|1200432|sample|5|PVO.4|5024,0,0,5.41751e-09,0,1.93915,0,0,True,Clinical VRC01|PVO.4,1200432
1,704_VRC01_Concordance|1200432|sample|6|PVO.4|5024,0,0,1.40056e-08,0,2.08494,0,0,True,Clinical VRC01|PVO.4,1200432
1,704_VRC01_Concordance|1200432|sample|7|PVO.4|5024,0,0,-1.80988e-08,0,3.39736,0,0,True,Clinical VRC01|PVO.4,1200432
1,704_VRC01_Concordance|1200432|sample|8|PVO.4|5024,0,0,-5.06972e-09,0,2.48444,0,0,True,Clinical VRC01|PVO.4,1200432
1,704_VRC01_Concordance|1200432|sample|9|PVO.4|5024,0,0,-2.41628e-08,0,2.03654,0,0,True,Clinical VRC01|PVO.4,1200432
1,704_VRC01_Concordance|1200432|vc|1|2|PVO.4|5024,0,0,-5.5004e-08,0,14.6321,0,0,False,nan|PVO.4,1200432
1,704_VRC01_Concordance|1200432|vc|2|2|PVO.4|5024,0,0,-8.08014e-09,0,13.7778,0,0,False,nan|PVO.4,1200432
1,704_VRC01_Concordance|1200432|vc|3|2|PVO.4|5024,0,0,4.09401e-09,0,-12.7964,0,0,False,nan|PVO.4,1200432
1,704_VRC01_Concordance|1200432|vc|4|2|PVO.4|5024,0,0,-2.2359e-08,0,-16.9638,0,0,False,nan|PVO.4,1200432
1,704_VRC01_Concordance|1200432|vc|5|2|PVO.4|5024,0,0,-7.10957e-08,0,6.49672,0,0,False,nan|PVO.4,1200432
1,704_VRC01_Concordance|1200432|vc|6|2|PVO.4|5024,0,0,2.74299e-08,0,5.5041,0,0,False,nan|PVO.4,1200432
1,704_VRC01_Concordance|1200432|vc|7|2|PVO.4|5024,0,0,9.40541e-09,0,-8.93576,0,0,False,nan|PVO.4,1200432
1,704_VRC01_Concordance|1200432|vc|8|2|PVO.4|5024,0,0,-4.95667e-08,0,-3.51608,0,0,False,nan|PVO.4,1200432
