id,U_SAEM,L_SAEM,m_SAEM,e_SAEM,s_SAEM,alpha_SAEM,k_SAEM,U_mode,L_mode,m_mode,e_mode,s_mode,alpha_mode,k_mode,goes_down,mab_virus,run_id
130_bNAb_Combinations|1313842|cc|1|1|nan|2946,1,0.0307283,1.90822,0.195071,46.13,0.297857,0.128586,1,0.0307283,1.90822,0.19507,46.1304,0.297871,0.128603,False,nan|2946,1313842
130_bNAb_Combinations|1313842|cc|2|1|nan|2946,1,0.0307283,1.90822,0.195071,46.13,0.297857,0.128586,1,0.0307283,1.90822,0.19507,46.1304,0.297871,0.128603,False,nan|2946,1313842
130_bNAb_Combinations|1313842|cc|3|1|nan|2946,1,0.0307283,1.90822,0.195071,46.13,0.297857,0.128586,1,0.0307283,1.90822,0.19507,46.1304,0.297871,0.128603,False,nan|2946,1313842
130_bNAb_Combinations|1313842|cc|4|1|nan|2946,1,0.0307283,1.90822,0.195071,46.13,0.297857,0.128586,1,0.0307283,1.90822,0.19507,46.1304,0.297871,0.128603,False,nan|2946,1313842
130_bNAb_Combinations|1313842|cc|5|1|nan|2946,1,0.0307283,1.90822,0.195071,46.13,0.297857,0.128586,1,0.0307283,1.90822,0.19507,46.1304,0.297871,0.128603,False,nan|2946,1313842
130_bNAb_Combinations|1313842|cc|6|1|nan|2946,1,0.0307283,1.90822,0.195071,46.13,0.297857,0.128586,1,0.0307283,1.90822,0.19507,46.1304,0.297871,0.128603,False,nan|2946,1313842
130_bNAb_Combinations|1313842|cc|7|1|nan|2946,1,0.0307283,1.90822,0.195071,46.13,0.297857,0.128586,1,0.0307283,1.90822,0.19507,46.1304,0.297871,0.128603,False,nan|2946,1313842
130_bNAb_Combinations|1313842|cc|8|1|nan|2946,1,0.0307283,1.90822,0.195071,46.13,0.297857,0.128586,1,0.0307283,1.90822,0.19507,46.1304,0.297871,0.128603,False,nan|2946,1313842
130_bNAb_Combinations|1313842|sample|10|nan|2946,1,0.0438541,2.04674,0.175892,46.13,0.297857,0.128586,1,0.0438541,2.04674,0.175891,46.1304,0.297871,0.128603,True,PGT121|2946,1313842
130_bNAb_Combinations|1313842|sample|11|nan|2946,1,0.0317438,2.35009,0.195065,46.13,0.297857,0.128586,1,0.0317438,2.35009,0.195064,46.1304,0.297871,0.128603,True,VRC07-523LS|2946,1313842
130_bNAb_Combinations|1313842|sample|12|nan|2946,1,0.0317438,2.35009,0.195065,46.13,0.297857,0.128586,1,0.0317438,2.35009,0.195064,46.1304,0.297871,0.128603,True,VRC07-523LS|2946,1313842
130_bNAb_Combinations|1313842|sample|3|nan|2946,1,0.155427,4.25323,0.195066,46.13,0.297857,0.128586,1,0.155427,4.25323,0.195066,46.1304,0.297871,0.128603,True,PGDM1400|2946,1313842
130_bNAb_Combinations|1313842|sample|4|nan|2946,1,0.155427,4.25323,0.195066,46.13,0.297857,0.128586,1,0.155427,4.25323,0.195066,46.1304,0.297871,0.128603,True,PGDM1400|2946,1313842
130_bNAb_Combinations|1313842|sample|5|nan|2946,1,0.155427,4.25323,0.195066,46.13,0.297857,0.128586,1,0.155427,4.25323,0.195066,46.1304,0.297871,0.128603,True,PGDM1400|2946,1313842
130_bNAb_Combinations|1313842|sample|6|nan|2946,1,0.155427,4.25323,0.195066,46.13,0.297857,0.128586,1,0.155427,4.25323,0.195066,46.1304,0.297871,0.128603,True,PGDM1400|2946,1313842
130_bNAb_Combinations|1313842|sample|7|nan|2946,1,0.0438541,2.04674,0.175892,46.13,0.297857,0.128586,1,0.0438541,2.04674,0.175891,46.1304,0.297871,0.128603,True,PGT121|2946,1313842
130_bNAb_Combinations|1313842|sample|8|nan|2946,1,0.0438541,2.04674,0.175892,46.13,0.297857,0.128586,1,0.0438541,2.04674,0.175891,46.1304,0.297871,0.128603,True,PGT121|2946,1313842
130_bNAb_Combinations|1313842|sample|9|nan|2946,1,0.0438541,2.04674,0.175892,46.13,0.297857,0.128586,1,0.0438541,2.04674,0.175891,46.1304,0.297871,0.128603,True,PGT121|2946,1313842
130_bNAb_Combinations|1313842|vc|1|2|nan|2946,1,0.0307283,1.90822,0.195071,46.13,0.297857,0.128586,1,0.0307283,1.90822,0.19507,46.1304,0.297871,0.128603,False,nan|2946,1313842
130_bNAb_Combinations|1313842|vc|2|2|nan|2946,1,0.0307283,1.90822,0.195071,46.13,0.297857,0.128586,1,0.0307283,1.90822,0.19507,46.1304,0.297871,0.128603,False,nan|2946,1313842
130_bNAb_Combinations|1313842|vc|3|2|nan|2946,1,0.0307283,1.90822,0.195071,46.13,0.297857,0.128586,1,0.0307283,1.90822,0.19507,46.1304,0.297871,0.128603,False,nan|2946,1313842
130_bNAb_Combinations|1313842|vc|4|2|nan|2946,1,0.0307283,1.90822,0.195071,46.13,0.297857,0.128586,1,0.0307283,1.90822,0.19507,46.1304,0.297871,0.128603,False,nan|2946,1313842
130_bNAb_Combinations|1313842|vc|5|2|nan|2946,1,0.0307283,1.90822,0.195071,46.13,0.297857,0.128586,1,0.0307283,1.90822,0.19507,46.1304,0.297871,0.128603,False,nan|2946,1313842
130_bNAb_Combinations|1313842|vc|6|2|nan|2946,1,0.0307283,1.90822,0.195071,46.13,0.297857,0.128586,1,0.0307283,1.90822,0.19507,46.1304,0.297871,0.128603,False,nan|2946,1313842
130_bNAb_Combinations|1313842|vc|7|2|nan|2946,1,0.0307283,1.90822,0.195071,46.13,0.297857,0.128586,1,0.0307283,1.90822,0.19507,46.1304,0.297871,0.128603,False,nan|2946,1313842
130_bNAb_Combinations|1313842|vc|8|2|nan|2946,1,0.0307283,1.90822,0.195071,46.13,0.297857,0.128586,1,0.0307283,1.90822,0.19507,46.1304,0.297871,0.128603,False,nan|2946,1313842
130_bNAb_Combinations|1313860|cc|1|1|PVO.4|5024,1,0.00478376,0.875571,0.195074,46.13,0.224268,0.128587,1,0.00478376,0.875571,0.195073,46.1304,0.224271,0.128603,False,nan|PVO.4,1313860
130_bNAb_Combinations|1313860|cc|2|1|PVO.4|5024,1,0.00478376,0.875571,0.195074,46.13,0.224268,0.128587,1,0.00478376,0.875571,0.195073,46.1304,0.224271,0.128603,False,nan|PVO.4,1313860
130_bNAb_Combinations|1313860|cc|3|1|PVO.4|5024,1,0.00478376,0.875571,0.195074,46.13,0.224268,0.128587,1,0.00478376,0.875571,0.195073,46.1304,0.224271,0.128603,False,nan|PVO.4,1313860
130_bNAb_Combinations|1313860|cc|4|1|PVO.4|5024,1,0.00478376,0.875571,0.195074,46.13,0.224268,0.128587,1,0.00478376,0.875571,0.195073,46.1304,0.224271,0.128603,False,nan|PVO.4,1313860
130_bNAb_Combinations|1313860|cc|5|1|PVO.4|5024,1,0.00478376,0.875571,0.195074,46.13,0.224268,0.128587,1,0.00478376,0.875571,0.195073,46.1304,0.224271,0.128603,False,nan|PVO.4,1313860
130_bNAb_Combinations|1313860|cc|6|1|PVO.4|5024,1,0.00478376,0.875571,0.195074,46.13,0.224268,0.128587,1,0.00478376,0.875571,0.195073,46.1304,0.224271,0.128603,False,nan|PVO.4,1313860
130_bNAb_Combinations|1313860|cc|7|1|PVO.4|5024,1,0.00478376,0.875571,0.195074,46.13,0.224268,0.128587,1,0.00478376,0.875571,0.195073,46.1304,0.224271,0.128603,False,nan|PVO.4,1313860
130_bNAb_Combinations|1313860|cc|8|1|PVO.4|5024,1,0.00478376,0.875571,0.195074,46.13,0.224268,0.128587,1,0.00478376,0.875571,0.195073,46.1304,0.224271,0.128603,False,nan|PVO.4,1313860
130_bNAb_Combinations|1313860|sample|10|PVO.4|5024,1,0.0186642,1.22351,0.131784,46.13,0.224268,0.128587,1,0.0186642,1.22351,0.131784,46.1304,0.224271,0.128603,True,PGT121|PVO.4,1313860
130_bNAb_Combinations|1313860|sample|11|PVO.4|5024,1,0.00401095,1.2563,0.170062,46.13,0.224268,0.128587,1,0.00401095,1.2563,0.170062,46.1304,0.224271,0.128603,True,VRC07-523LS|PVO.4,1313860
130_bNAb_Combinations|1313860|sample|12|PVO.4|5024,1,0.00401095,1.2563,0.170062,46.13,0.224268,0.128587,1,0.00401095,1.2563,0.170062,46.1304,0.224271,0.128603,True,VRC07-523LS|PVO.4,1313860
130_bNAb_Combinations|1313860|sample|3|PVO.4|5024,1,0.0574324,4.59428,0.240652,46.13,0.224268,0.128587,1,0.0574324,4.59428,0.240651,46.1304,0.224271,0.128603,True,PGDM1400|PVO.4,1313860
130_bNAb_Combinations|1313860|sample|4|PVO.4|5024,1,0.0574324,4.59428,0.240652,46.13,0.224268,0.128587,1,0.0574324,4.59428,0.240651,46.1304,0.224271,0.128603,True,PGDM1400|PVO.4,1313860
130_bNAb_Combinations|1313860|sample|5|PVO.4|5024,1,0.0574324,4.59428,0.240652,46.13,0.224268,0.128587,1,0.0574324,4.59428,0.240651,46.1304,0.224271,0.128603,True,PGDM1400|PVO.4,1313860
130_bNAb_Combinations|1313860|sample|6|PVO.4|5024,1,0.0574324,4.59428,0.240652,46.13,0.224268,0.128587,1,0.0574324,4.59428,0.240651,46.1304,0.224271,0.128603,True,PGDM1400|PVO.4,1313860
130_bNAb_Combinations|1313860|sample|7|PVO.4|5024,1,0.0186642,1.22351,0.131784,46.13,0.224268,0.128587,1,0.0186642,1.22351,0.131784,46.1304,0.224271,0.128603,True,PGT121|PVO.4,1313860
130_bNAb_Combinations|1313860|sample|8|PVO.4|5024,1,0.0186642,1.22351,0.131784,46.13,0.224268,0.128587,1,0.0186642,1.22351,0.131784,46.1304,0.224271,0.128603,True,PGT121|PVO.4,1313860
130_bNAb_Combinations|1313860|sample|9|PVO.4|5024,1,0.0186642,1.22351,0.131784,46.13,0.224268,0.128587,1,0.0186642,1.22351,0.131784,46.1304,0.224271,0.128603,True,PGT121|PVO.4,1313860
130_bNAb_Combinations|1313860|vc|1|2|PVO.4|5024,1,0.00478376,0.875571,0.195074,46.13,0.224268,0.128587,1,0.00478376,0.875571,0.195073,46.1304,0.224271,0.128603,False,nan|PVO.4,1313860
130_bNAb_Combinations|1313860|vc|2|2|PVO.4|5024,1,0.00478376,0.875571,0.195074,46.13,0.224268,0.128587,1,0.00478376,0.875571,0.195073,46.1304,0.224271,0.128603,False,nan|PVO.4,1313860
130_bNAb_Combinations|1313860|vc|3|2|PVO.4|5024,1,0.00478376,0.875571,0.195074,46.13,0.224268,0.128587,1,0.00478376,0.875571,0.195073,46.1304,0.224271,0.128603,False,nan|PVO.4,1313860
130_bNAb_Combinations|1313860|vc|4|2|PVO.4|5024,1,0.00478376,0.875571,0.195074,46.13,0.224268,0.128587,1,0.00478376,0.875571,0.195073,46.1304,0.224271,0.128603,False,nan|PVO.4,1313860
130_bNAb_Combinations|1313860|vc|5|2|PVO.4|5024,1,0.00478376,0.875571,0.195074,46.13,0.224268,0.128587,1,0.00478376,0.875571,0.195073,46.1304,0.224271,0.128603,False,nan|PVO.4,1313860
130_bNAb_Combinations|1313860|vc|6|2|PVO.4|5024,1,0.00478376,0.875571,0.195074,46.13,0.224268,0.128587,1,0.00478376,0.875571,0.195073,46.1304,0.224271,0.128603,False,nan|PVO.4,1313860
130_bNAb_Combinations|1313860|vc|7|2|PVO.4|5024,1,0.00478376,0.875571,0.195074,46.13,0.224268,0.128587,1,0.00478376,0.875571,0.195073,46.1304,0.224271,0.128603,False,nan|PVO.4,1313860
130_bNAb_Combinations|1313860|vc|8|2|PVO.4|5024,1,0.00478376,0.875571,0.195074,46.13,0.224268,0.128587,1,0.00478376,0.875571,0.195073,46.1304,0.224271,0.128603,False,nan|PVO.4,1313860
130_bNAb_Combinations|1313884|cc|1|1|nan|4168,1,0.00407857,0.843844,0.195071,46.13,0.297847,0.215917,1,0.00407857,0.843844,0.195071,46.1304,0.297861,0.215952,False,nan|4168,1313884
130_bNAb_Combinations|1313884|cc|2|1|nan|4168,1,0.00407857,0.843844,0.195071,46.13,0.297847,0.215917,1,0.00407857,0.843844,0.195071,46.1304,0.297861,0.215952,False,nan|4168,1313884
130_bNAb_Combinations|1313884|cc|3|1|nan|4168,1,0.00407857,0.843844,0.195071,46.13,0.297847,0.215917,1,0.00407857,0.843844,0.195071,46.1304,0.297861,0.215952,False,nan|4168,1313884
130_bNAb_Combinations|1313884|cc|4|1|nan|4168,1,0.00407857,0.843844,0.195071,46.13,0.297847,0.215917,1,0.00407857,0.843844,0.195071,46.1304,0.297861,0.215952,False,nan|4168,1313884
130_bNAb_Combinations|1313884|cc|5|1|nan|4168,1,0.00407857,0.843844,0.195071,46.13,0.297847,0.215917,1,0.00407857,0.843844,0.195071,46.1304,0.297861,0.215952,False,nan|4168,1313884
130_bNAb_Combinations|1313884|cc|6|1|nan|4168,1,0.00407857,0.843844,0.195071,46.13,0.297847,0.215917,1,0.00407857,0.843844,0.195071,46.1304,0.297861,0.215952,False,nan|4168,1313884
130_bNAb_Combinations|1313884|cc|7|1|nan|4168,1,0.00407857,0.843844,0.195071,46.13,0.297847,0.215917,1,0.00407857,0.843844,0.195071,46.1304,0.297861,0.215952,False,nan|4168,1313884
130_bNAb_Combinations|1313884|cc|8|1|nan|4168,1,0.00407857,0.843844,0.195071,46.13,0.297847,0.215917,1,0.00407857,0.843844,0.195071,46.1304,0.297861,0.215952,False,nan|4168,1313884
130_bNAb_Combinations|1313884|sample|10|nan|4168,1,0.1324,1.00938,0.175938,46.13,0.297847,0.215917,1,0.1324,1.00938,0.175947,46.1304,0.297861,0.215952,True,PGT121|4168,1313884
130_bNAb_Combinations|1313884|sample|11|nan|4168,1,0.0141449,1.80584,0.195066,46.13,0.297847,0.215917,1,0.0141449,1.80584,0.195066,46.1304,0.297861,0.215952,True,VRC07-523LS|4168,1313884
130_bNAb_Combinations|1313884|sample|12|nan|4168,1,0.0141449,1.80584,0.195066,46.13,0.297847,0.215917,1,0.0141449,1.80584,0.195066,46.1304,0.297861,0.215952,True,VRC07-523LS|4168,1313884
130_bNAb_Combinations|1313884|sample|3|nan|4168,1,0.306485,7.6323,0.195063,46.13,0.297847,0.215917,1,0.306485,7.6323,0.195063,46.1304,0.297861,0.215952,True,PGDM1400|4168,1313884
130_bNAb_Combinations|1313884|sample|4|nan|4168,1,0.306485,7.6323,0.195063,46.13,0.297847,0.215917,1,0.306485,7.6323,0.195063,46.1304,0.297861,0.215952,True,PGDM1400|4168,1313884
130_bNAb_Combinations|1313884|sample|5|nan|4168,1,0.306485,7.6323,0.195063,46.13,0.297847,0.215917,1,0.306485,7.6323,0.195063,46.1304,0.297861,0.215952,True,PGDM1400|4168,1313884
130_bNAb_Combinations|1313884|sample|6|nan|4168,1,0.306485,7.6323,0.195063,46.13,0.297847,0.215917,1,0.306485,7.6323,0.195063,46.1304,0.297861,0.215952,True,PGDM1400|4168,1313884
130_bNAb_Combinations|1313884|sample|7|nan|4168,1,0.1324,1.00938,0.175938,46.13,0.297847,0.215917,1,0.1324,1.00938,0.175947,46.1304,0.297861,0.215952,True,PGT121|4168,1313884
130_bNAb_Combinations|1313884|sample|8|nan|4168,1,0.1324,1.00938,0.175938,46.13,0.297847,0.215917,1,0.1324,1.00938,0.175947,46.1304,0.297861,0.215952,True,PGT121|4168,1313884
130_bNAb_Combinations|1313884|sample|9|nan|4168,1,0.1324,1.00938,0.175938,46.13,0.297847,0.215917,1,0.1324,1.00938,0.175947,46.1304,0.297861,0.215952,True,PGT121|4168,1313884
130_bNAb_Combinations|1313884|vc|1|2|nan|4168,1,0.00407857,0.843844,0.195071,46.13,0.297847,0.215917,1,0.00407857,0.843844,0.195071,46.1304,0.297861,0.215952,False,nan|4168,1313884
130_bNAb_Combinations|1313884|vc|2|2|nan|4168,1,0.00407857,0.843844,0.195071,46.13,0.297847,0.215917,1,0.00407857,0.843844,0.195071,46.1304,0.297861,0.215952,False,nan|4168,1313884
130_bNAb_Combinations|1313884|vc|3|2|nan|4168,1,0.00407857,0.843844,0.195071,46.13,0.297847,0.215917,1,0.00407857,0.843844,0.195071,46.1304,0.297861,0.215952,False,nan|4168,1313884
130_bNAb_Combinations|1313884|vc|4|2|nan|4168,1,0.00407857,0.843844,0.195071,46.13,0.297847,0.215917,1,0.00407857,0.843844,0.195071,46.1304,0.297861,0.215952,False,nan|4168,1313884
130_bNAb_Combinations|1313884|vc|5|2|nan|4168,1,0.00407857,0.843844,0.195071,46.13,0.297847,0.215917,1,0.00407857,0.843844,0.195071,46.1304,0.297861,0.215952,False,nan|4168,1313884
130_bNAb_Combinations|1313884|vc|6|2|nan|4168,1,0.00407857,0.843844,0.195071,46.13,0.297847,0.215917,1,0.00407857,0.843844,0.195071,46.1304,0.297861,0.215952,False,nan|4168,1313884
130_bNAb_Combinations|1313884|vc|7|2|nan|4168,1,0.00407857,0.843844,0.195071,46.13,0.297847,0.215917,1,0.00407857,0.843844,0.195071,46.1304,0.297861,0.215952,False,nan|4168,1313884
130_bNAb_Combinations|1313884|vc|8|2|nan|4168,1,0.00407857,0.843844,0.195071,46.13,0.297847,0.215917,1,0.00407857,0.843844,0.195071,46.1304,0.297861,0.215952,False,nan|4168,1313884
130_bNAb_Combinations|1313920|cc|1|1|nan|1798,1,0.0115056,1.14237,0.195072,46.1301,0.266271,0.128588,1,0.0115056,1.14237,0.195071,46.1305,0.266276,0.128605,False,nan|1798,1313920
130_bNAb_Combinations|1313920|cc|2|1|nan|1798,1,0.0115056,1.14237,0.195072,46.1301,0.266271,0.128588,1,0.0115056,1.14237,0.195071,46.1305,0.266276,0.128605,False,nan|1798,1313920
130_bNAb_Combinations|1313920|cc|3|1|nan|1798,1,0.0115056,1.14237,0.195072,46.1301,0.266271,0.128588,1,0.0115056,1.14237,0.195071,46.1305,0.266276,0.128605,False,nan|1798,1313920
130_bNAb_Combinations|1313920|cc|4|1|nan|1798,1,0.0115056,1.14237,0.195072,46.1301,0.266271,0.128588,1,0.0115056,1.14237,0.195071,46.1305,0.266276,0.128605,False,nan|1798,1313920
130_bNAb_Combinations|1313920|cc|5|1|nan|1798,1,0.0115056,1.14237,0.195072,46.1301,0.266271,0.128588,1,0.0115056,1.14237,0.195071,46.1305,0.266276,0.128605,False,nan|1798,1313920
130_bNAb_Combinations|1313920|cc|6|1|nan|1798,1,0.0115056,1.14237,0.195072,46.1301,0.266271,0.128588,1,0.0115056,1.14237,0.195071,46.1305,0.266276,0.128605,False,nan|1798,1313920
130_bNAb_Combinations|1313920|cc|7|1|nan|1798,1,0.0115056,1.14237,0.195072,46.1301,0.266271,0.128588,1,0.0115056,1.14237,0.195071,46.1305,0.266276,0.128605,False,nan|1798,1313920
130_bNAb_Combinations|1313920|cc|8|1|nan|1798,1,0.0115056,1.14237,0.195072,46.1301,0.266271,0.128588,1,0.0115056,1.14237,0.195071,46.1305,0.266276,0.128605,False,nan|1798,1313920
130_bNAb_Combinations|1313920|sample|10|nan|1798,1,0.000994061,0.969606,0.183192,46.13,0.266271,0.128588,1,0.000994061,0.969606,0.183191,46.1304,0.266276,0.128605,True,PGT121|1798,1313920
130_bNAb_Combinations|1313920|sample|11|nan|1798,1,0.00663896,2.04322,0.192405,46.13,0.266271,0.128588,1,0.00663896,2.04322,0.192404,46.1304,0.266276,0.128605,True,VRC07-523LS|1798,1313920
130_bNAb_Combinations|1313920|sample|12|nan|1798,1,0.00663896,2.04322,0.192405,46.13,0.266271,0.128588,1,0.00663896,2.04322,0.192404,46.1304,0.266276,0.128605,True,VRC07-523LS|1798,1313920
130_bNAb_Combinations|1313920|sample|3|nan|1798,1,0.188409,1.31064,0.189468,46.13,0.266271,0.128588,1,0.188409,1.31064,0.189479,46.1304,0.266276,0.128605,True,PGDM1400|1798,1313920
130_bNAb_Combinations|1313920|sample|4|nan|1798,1,0.188409,1.31064,0.189468,46.13,0.266271,0.128588,1,0.188409,1.31064,0.189479,46.1304,0.266276,0.128605,True,PGDM1400|1798,1313920
130_bNAb_Combinations|1313920|sample|5|nan|1798,1,0.188409,1.31064,0.189468,46.13,0.266271,0.128588,1,0.188409,1.31064,0.189479,46.1304,0.266276,0.128605,True,PGDM1400|1798,1313920
130_bNAb_Combinations|1313920|sample|6|nan|1798,1,0.188409,1.31064,0.189468,46.13,0.266271,0.128588,1,0.188409,1.31064,0.189479,46.1304,0.266276,0.128605,True,PGDM1400|1798,1313920
130_bNAb_Combinations|1313920|sample|7|nan|1798,1,0.000994061,0.969606,0.183192,46.13,0.266271,0.128588,1,0.000994061,0.969606,0.183191,46.1304,0.266276,0.128605,True,PGT121|1798,1313920
130_bNAb_Combinations|1313920|sample|8|nan|1798,1,0.000994061,0.969606,0.183192,46.13,0.266271,0.128588,1,0.000994061,0.969606,0.183191,46.1304,0.266276,0.128605,True,PGT121|1798,1313920
130_bNAb_Combinations|1313920|sample|9|nan|1798,1,0.000994061,0.969606,0.183192,46.13,0.266271,0.128588,1,0.000994061,0.969606,0.183191,46.1304,0.266276,0.128605,True,PGT121|1798,1313920
130_bNAb_Combinations|1313920|vc|1|2|nan|1798,1,0.0115056,1.14237,0.195072,46.1301,0.266271,0.128588,1,0.0115056,1.14237,0.195071,46.1305,0.266276,0.128605,False,nan|1798,1313920
130_bNAb_Combinations|1313920|vc|2|2|nan|1798,1,0.0115056,1.14237,0.195072,46.1301,0.266271,0.128588,1,0.0115056,1.14237,0.195071,46.1305,0.266276,0.128605,False,nan|1798,1313920
130_bNAb_Combinations|1313920|vc|3|2|nan|1798,1,0.0115056,1.14237,0.195072,46.1301,0.266271,0.128588,1,0.0115056,1.14237,0.195071,46.1305,0.266276,0.128605,False,nan|1798,1313920
130_bNAb_Combinations|1313920|vc|4|2|nan|1798,1,0.0115056,1.14237,0.195072,46.1301,0.266271,0.128588,1,0.0115056,1.14237,0.195071,46.1305,0.266276,0.128605,False,nan|1798,1313920
130_bNAb_Combinations|1313920|vc|5|2|nan|1798,1,0.0115056,1.14237,0.195072,46.1301,0.266271,0.128588,1,0.0115056,1.14237,0.195071,46.1305,0.266276,0.128605,False,nan|1798,1313920
130_bNAb_Combinations|1313920|vc|6|2|nan|1798,1,0.0115056,1.14237,0.195072,46.1301,0.266271,0.128588,1,0.0115056,1.14237,0.195071,46.1305,0.266276,0.128605,False,nan|1798,1313920
130_bNAb_Combinations|1313920|vc|7|2|nan|1798,1,0.0115056,1.14237,0.195072,46.1301,0.266271,0.128588,1,0.0115056,1.14237,0.195071,46.1305,0.266276,0.128605,False,nan|1798,1313920
130_bNAb_Combinations|1313920|vc|8|2|nan|1798,1,0.0115056,1.14237,0.195072,46.1301,0.266271,0.128588,1,0.0115056,1.14237,0.195071,46.1305,0.266276,0.128605,False,nan|1798,1313920
130_bNAb_Combinations|1313938|cc|1|1|TRO.11|8301,1,0.0415037,1.31164,0.195071,46.13,0.297856,0.360813,1,0.0415037,1.31164,0.19507,46.1304,0.29787,0.360864,False,nan|TRO.11,1313938
130_bNAb_Combinations|1313938|cc|2|1|TRO.11|8301,1,0.0415037,1.31164,0.195071,46.13,0.297856,0.360813,1,0.0415037,1.31164,0.19507,46.1304,0.29787,0.360864,False,nan|TRO.11,1313938
130_bNAb_Combinations|1313938|cc|3|1|TRO.11|8301,1,0.0415037,1.31164,0.195071,46.13,0.297856,0.360813,1,0.0415037,1.31164,0.19507,46.1304,0.29787,0.360864,False,nan|TRO.11,1313938
130_bNAb_Combinations|1313938|cc|4|1|TRO.11|8301,1,0.0415037,1.31164,0.195071,46.13,0.297856,0.360813,1,0.0415037,1.31164,0.19507,46.1304,0.29787,0.360864,False,nan|TRO.11,1313938
130_bNAb_Combinations|1313938|cc|5|1|TRO.11|8301,1,0.0415037,1.31164,0.195071,46.13,0.297856,0.360813,1,0.0415037,1.31164,0.19507,46.1304,0.29787,0.360864,False,nan|TRO.11,1313938
130_bNAb_Combinations|1313938|cc|6|1|TRO.11|8301,1,0.0415037,1.31164,0.195071,46.13,0.297856,0.360813,1,0.0415037,1.31164,0.19507,46.1304,0.29787,0.360864,False,nan|TRO.11,1313938
130_bNAb_Combinations|1313938|cc|7|1|TRO.11|8301,1,0.0415037,1.31164,0.195071,46.13,0.297856,0.360813,1,0.0415037,1.31164,0.19507,46.1304,0.29787,0.360864,False,nan|TRO.11,1313938
130_bNAb_Combinations|1313938|cc|8|1|TRO.11|8301,1,0.0415037,1.31164,0.195071,46.13,0.297856,0.360813,1,0.0415037,1.31164,0.19507,46.1304,0.29787,0.360864,False,nan|TRO.11,1313938
130_bNAb_Combinations|1313938|sample|10|TRO.11|8301,1,0.00397851,0.71483,0.19502,46.13,0.297856,0.360813,1,0.00397851,0.71483,0.195019,46.1304,0.29787,0.360864,True,PGT121|TRO.11,1313938
130_bNAb_Combinations|1313938|sample|11|TRO.11|8301,1,0.00750683,1.17326,0.1808,46.13,0.297856,0.360813,1,0.00750683,1.17326,0.180799,46.1304,0.29787,0.360864,True,VRC07-523LS|TRO.11,1313938
130_bNAb_Combinations|1313938|sample|12|TRO.11|8301,1,0.00750683,1.17326,0.1808,46.13,0.297856,0.360813,1,0.00750683,1.17326,0.180799,46.1304,0.29787,0.360864,True,VRC07-523LS|TRO.11,1313938
130_bNAb_Combinations|1313938|sample|3|TRO.11|8301,1,0.00024011,3.42406,0.195066,46.13,0.297856,0.360813,1,0.00024011,3.42406,0.195066,46.1304,0.29787,0.360864,True,PGDM1400|TRO.11,1313938
130_bNAb_Combinations|1313938|sample|4|TRO.11|8301,1,0.00024011,3.42406,0.195066,46.13,0.297856,0.360813,1,0.00024011,3.42406,0.195066,46.1304,0.29787,0.360864,True,PGDM1400|TRO.11,1313938
130_bNAb_Combinations|1313938|sample|5|TRO.11|8301,1,0.00024011,3.42406,0.195066,46.13,0.297856,0.360813,1,0.00024011,3.42406,0.195066,46.1304,0.29787,0.360864,True,PGDM1400|TRO.11,1313938
130_bNAb_Combinations|1313938|sample|6|TRO.11|8301,1,0.00024011,3.42406,0.195066,46.13,0.297856,0.360813,1,0.00024011,3.42406,0.195066,46.1304,0.29787,0.360864,True,PGDM1400|TRO.11,1313938
130_bNAb_Combinations|1313938|sample|7|TRO.11|8301,1,0.00397851,0.71483,0.19502,46.13,0.297856,0.360813,1,0.00397851,0.71483,0.195019,46.1304,0.29787,0.360864,True,PGT121|TRO.11,1313938
130_bNAb_Combinations|1313938|sample|8|TRO.11|8301,1,0.00397851,0.71483,0.19502,46.13,0.297856,0.360813,1,0.00397851,0.71483,0.195019,46.1304,0.29787,0.360864,True,PGT121|TRO.11,1313938
130_bNAb_Combinations|1313938|sample|9|TRO.11|8301,1,0.00397851,0.71483,0.19502,46.13,0.297856,0.360813,1,0.00397851,0.71483,0.195019,46.1304,0.29787,0.360864,True,PGT121|TRO.11,1313938
130_bNAb_Combinations|1313938|vc|1|2|TRO.11|8301,1,0.0415037,1.31164,0.195071,46.13,0.297856,0.360813,1,0.0415037,1.31164,0.19507,46.1304,0.29787,0.360864,False,nan|TRO.11,1313938
130_bNAb_Combinations|1313938|vc|2|2|TRO.11|8301,1,0.0415037,1.31164,0.195071,46.13,0.297856,0.360813,1,0.0415037,1.31164,0.19507,46.1304,0.29787,0.360864,False,nan|TRO.11,1313938
130_bNAb_Combinations|1313938|vc|3|2|TRO.11|8301,1,0.0415037,1.31164,0.195071,46.13,0.297856,0.360813,1,0.0415037,1.31164,0.19507,46.1304,0.29787,0.360864,False,nan|TRO.11,1313938
130_bNAb_Combinations|1313938|vc|4|2|TRO.11|8301,1,0.0415037,1.31164,0.195071,46.13,0.297856,0.360813,1,0.0415037,1.31164,0.19507,46.1304,0.29787,0.360864,False,nan|TRO.11,1313938
130_bNAb_Combinations|1313938|vc|5|2|TRO.11|8301,1,0.0415037,1.31164,0.195071,46.13,0.297856,0.360813,1,0.0415037,1.31164,0.19507,46.1304,0.29787,0.360864,False,nan|TRO.11,1313938
130_bNAb_Combinations|1313938|vc|6|2|TRO.11|8301,1,0.0415037,1.31164,0.195071,46.13,0.297856,0.360813,1,0.0415037,1.31164,0.19507,46.1304,0.29787,0.360864,False,nan|TRO.11,1313938
130_bNAb_Combinations|1313938|vc|7|2|TRO.11|8301,1,0.0415037,1.31164,0.195071,46.13,0.297856,0.360813,1,0.0415037,1.31164,0.19507,46.1304,0.29787,0.360864,False,nan|TRO.11,1313938
130_bNAb_Combinations|1313938|vc|8|2|TRO.11|8301,1,0.0415037,1.31164,0.195071,46.13,0.297856,0.360813,1,0.0415037,1.31164,0.19507,46.1304,0.29787,0.360864,False,nan|TRO.11,1313938
130_bNAb_Combinations|1313956|cc|1|1|Ce1176_A3|7023,1,0.017856,1.84504,0.195073,46.13,0.297857,0.128586,1,0.017856,1.84504,0.195072,46.1304,0.297871,0.128602,False,nan|Ce1176_A3,1313956
130_bNAb_Combinations|1313956|cc|2|1|Ce1176_A3|7023,1,0.017856,1.84504,0.195073,46.13,0.297857,0.128586,1,0.017856,1.84504,0.195072,46.1304,0.297871,0.128602,False,nan|Ce1176_A3,1313956
130_bNAb_Combinations|1313956|cc|3|1|Ce1176_A3|7023,1,0.017856,1.84504,0.195073,46.13,0.297857,0.128586,1,0.017856,1.84504,0.195072,46.1304,0.297871,0.128602,False,nan|Ce1176_A3,1313956
130_bNAb_Combinations|1313956|cc|4|1|Ce1176_A3|7023,1,0.017856,1.84504,0.195073,46.13,0.297857,0.128586,1,0.017856,1.84504,0.195072,46.1304,0.297871,0.128602,False,nan|Ce1176_A3,1313956
130_bNAb_Combinations|1313956|cc|5|1|Ce1176_A3|7023,1,0.017856,1.84504,0.195073,46.13,0.297857,0.128586,1,0.017856,1.84504,0.195072,46.1304,0.297871,0.128602,False,nan|Ce1176_A3,1313956
130_bNAb_Combinations|1313956|cc|6|1|Ce1176_A3|7023,1,0.017856,1.84504,0.195073,46.13,0.297857,0.128586,1,0.017856,1.84504,0.195072,46.1304,0.297871,0.128602,False,nan|Ce1176_A3,1313956
130_bNAb_Combinations|1313956|cc|7|1|Ce1176_A3|7023,1,0.017856,1.84504,0.195073,46.13,0.297857,0.128586,1,0.017856,1.84504,0.195072,46.1304,0.297871,0.128602,False,nan|Ce1176_A3,1313956
130_bNAb_Combinations|1313956|cc|8|1|Ce1176_A3|7023,1,0.017856,1.84504,0.195073,46.13,0.297857,0.128586,1,0.017856,1.84504,0.195072,46.1304,0.297871,0.128602,False,nan|Ce1176_A3,1313956
130_bNAb_Combinations|1313956|sample|10|Ce1176_A3|7023,1,0.00470712,0.728304,0.172342,46.1301,0.297857,0.128586,1,0.00470712,0.728304,0.172341,46.1305,0.297871,0.128602,True,PGT121|Ce1176_A3,1313956
130_bNAb_Combinations|1313956|sample|11|Ce1176_A3|7023,1,0.000462971,1.90465,0.19194,46.13,0.297857,0.128586,1,0.000462971,1.90465,0.191939,46.1304,0.297871,0.128602,True,VRC07-523LS|Ce1176_A3,1313956
130_bNAb_Combinations|1313956|sample|12|Ce1176_A3|7023,1,0.000462971,1.90465,0.19194,46.13,0.297857,0.128586,1,0.000462971,1.90465,0.191939,46.1304,0.297871,0.128602,True,VRC07-523LS|Ce1176_A3,1313956
130_bNAb_Combinations|1313956|sample|3|Ce1176_A3|7023,1,0.212671,4.25878,0.195066,46.13,0.297857,0.128586,1,0.212671,4.25878,0.195066,46.1304,0.297871,0.128602,True,PGDM1400|Ce1176_A3,1313956
130_bNAb_Combinations|1313956|sample|4|Ce1176_A3|7023,1,0.212671,4.25878,0.195066,46.13,0.297857,0.128586,1,0.212671,4.25878,0.195066,46.1304,0.297871,0.128602,True,PGDM1400|Ce1176_A3,1313956
130_bNAb_Combinations|1313956|sample|5|Ce1176_A3|7023,1,0.212671,4.25878,0.195066,46.13,0.297857,0.128586,1,0.212671,4.25878,0.195066,46.1304,0.297871,0.128602,True,PGDM1400|Ce1176_A3,1313956
130_bNAb_Combinations|1313956|sample|6|Ce1176_A3|7023,1,0.212671,4.25878,0.195066,46.13,0.297857,0.128586,1,0.212671,4.25878,0.195066,46.1304,0.297871,0.128602,True,PGDM1400|Ce1176_A3,1313956
130_bNAb_Combinations|1313956|sample|7|Ce1176_A3|7023,1,0.00470712,0.728304,0.172342,46.1301,0.297857,0.128586,1,0.00470712,0.728304,0.172341,46.1305,0.297871,0.128602,True,PGT121|Ce1176_A3,1313956
130_bNAb_Combinations|1313956|sample|8|Ce1176_A3|7023,1,0.00470712,0.728304,0.172342,46.1301,0.297857,0.128586,1,0.00470712,0.728304,0.172341,46.1305,0.297871,0.128602,True,PGT121|Ce1176_A3,1313956
130_bNAb_Combinations|1313956|sample|9|Ce1176_A3|7023,1,0.00470712,0.728304,0.172342,46.1301,0.297857,0.128586,1,0.00470712,0.728304,0.172341,46.1305,0.297871,0.128602,True,PGT121|Ce1176_A3,1313956
130_bNAb_Combinations|1313956|vc|1|2|Ce1176_A3|7023,1,0.017856,1.84504,0.195073,46.13,0.297857,0.128586,1,0.017856,1.84504,0.195072,46.1304,0.297871,0.128602,False,nan|Ce1176_A3,1313956
130_bNAb_Combinations|1313956|vc|2|2|Ce1176_A3|7023,1,0.017856,1.84504,0.195073,46.13,0.297857,0.128586,1,0.017856,1.84504,0.195072,46.1304,0.297871,0.128602,False,nan|Ce1176_A3,1313956
130_bNAb_Combinations|1313956|vc|3|2|Ce1176_A3|7023,1,0.017856,1.84504,0.195073,46.13,0.297857,0.128586,1,0.017856,1.84504,0.195072,46.1304,0.297871,0.128602,False,nan|Ce1176_A3,1313956
130_bNAb_Combinations|1313956|vc|4|2|Ce1176_A3|7023,1,0.017856,1.84504,0.195073,46.13,0.297857,0.128586,1,0.017856,1.84504,0.195072,46.1304,0.297871,0.128602,False,nan|Ce1176_A3,1313956
130_bNAb_Combinations|1313956|vc|5|2|Ce1176_A3|7023,1,0.017856,1.84504,0.195073,46.13,0.297857,0.128586,1,0.017856,1.84504,0.195072,46.1304,0.297871,0.128602,False,nan|Ce1176_A3,1313956
130_bNAb_Combinations|1313956|vc|6|2|Ce1176_A3|7023,1,0.017856,1.84504,0.195073,46.13,0.297857,0.128586,1,0.017856,1.84504,0.195072,46.1304,0.297871,0.128602,False,nan|Ce1176_A3,1313956
130_bNAb_Combinations|1313956|vc|7|2|Ce1176_A3|7023,1,0.017856,1.84504,0.195073,46.13,0.297857,0.128586,1,0.017856,1.84504,0.195072,46.1304,0.297871,0.128602,False,nan|Ce1176_A3,1313956
130_bNAb_Combinations|1313956|vc|8|2|Ce1176_A3|7023,1,0.017856,1.84504,0.195073,46.13,0.297857,0.128586,1,0.017856,1.84504,0.195072,46.1304,0.297871,0.128602,False,nan|Ce1176_A3,1313956
130_bNAb_Combinations|1313974|cc|1|1|nan|1176,1,0.00229716,1.14553,0.195071,46.1301,0.297858,0.128587,1,0.00229716,1.14553,0.19507,46.1305,0.297872,0.128603,False,nan|1176,1313974
130_bNAb_Combinations|1313974|cc|2|1|nan|1176,1,0.00229716,1.14553,0.195071,46.1301,0.297858,0.128587,1,0.00229716,1.14553,0.19507,46.1305,0.297872,0.128603,False,nan|1176,1313974
130_bNAb_Combinations|1313974|cc|3|1|nan|1176,1,0.00229716,1.14553,0.195071,46.1301,0.297858,0.128587,1,0.00229716,1.14553,0.19507,46.1305,0.297872,0.128603,False,nan|1176,1313974
130_bNAb_Combinations|1313974|cc|4|1|nan|1176,1,0.00229716,1.14553,0.195071,46.1301,0.297858,0.128587,1,0.00229716,1.14553,0.19507,46.1305,0.297872,0.128603,False,nan|1176,1313974
130_bNAb_Combinations|1313974|cc|5|1|nan|1176,1,0.00229716,1.14553,0.195071,46.1301,0.297858,0.128587,1,0.00229716,1.14553,0.19507,46.1305,0.297872,0.128603,False,nan|1176,1313974
130_bNAb_Combinations|1313974|cc|6|1|nan|1176,1,0.00229716,1.14553,0.195071,46.1301,0.297858,0.128587,1,0.00229716,1.14553,0.19507,46.1305,0.297872,0.128603,False,nan|1176,1313974
130_bNAb_Combinations|1313974|cc|7|1|nan|1176,1,0.00229716,1.14553,0.195071,46.1301,0.297858,0.128587,1,0.00229716,1.14553,0.19507,46.1305,0.297872,0.128603,False,nan|1176,1313974
130_bNAb_Combinations|1313974|cc|8|1|nan|1176,1,0.00229716,1.14553,0.195071,46.1301,0.297858,0.128587,1,0.00229716,1.14553,0.19507,46.1305,0.297872,0.128603,False,nan|1176,1313974
130_bNAb_Combinations|1313974|sample|10|nan|1176,1,0.156847,2.55639,0.191456,46.13,0.297858,0.128587,1,0.156847,2.55639,0.191455,46.1304,0.297872,0.128603,True,PGT121|1176,1313974
130_bNAb_Combinations|1313974|sample|11|nan|1176,1,0.00942898,0.927246,0.169346,46.13,0.297858,0.128587,1,0.00942898,0.927246,0.169343,46.1304,0.297872,0.128603,True,VRC07-523LS|1176,1313974
130_bNAb_Combinations|1313974|sample|12|nan|1176,1,0.00942898,0.927246,0.169346,46.13,0.297858,0.128587,1,0.00942898,0.927246,0.169343,46.1304,0.297872,0.128603,True,VRC07-523LS|1176,1313974
130_bNAb_Combinations|1313974|sample|3|nan|1176,1,0.0443616,0.852078,0.195074,46.13,0.297858,0.128587,1,0.0443616,0.852078,0.195073,46.1304,0.297872,0.128603,True,PGDM1400|1176,1313974
130_bNAb_Combinations|1313974|sample|4|nan|1176,1,0.0443616,0.852078,0.195074,46.13,0.297858,0.128587,1,0.0443616,0.852078,0.195073,46.1304,0.297872,0.128603,True,PGDM1400|1176,1313974
130_bNAb_Combinations|1313974|sample|5|nan|1176,1,0.0443616,0.852078,0.195074,46.13,0.297858,0.128587,1,0.0443616,0.852078,0.195073,46.1304,0.297872,0.128603,True,PGDM1400|1176,1313974
130_bNAb_Combinations|1313974|sample|6|nan|1176,1,0.0443616,0.852078,0.195074,46.13,0.297858,0.128587,1,0.0443616,0.852078,0.195073,46.1304,0.297872,0.128603,True,PGDM1400|1176,1313974
130_bNAb_Combinations|1313974|sample|7|nan|1176,1,0.156847,2.55639,0.191456,46.13,0.297858,0.128587,1,0.156847,2.55639,0.191455,46.1304,0.297872,0.128603,True,PGT121|1176,1313974
130_bNAb_Combinations|1313974|sample|8|nan|1176,1,0.156847,2.55639,0.191456,46.13,0.297858,0.128587,1,0.156847,2.55639,0.191455,46.1304,0.297872,0.128603,True,PGT121|1176,1313974
130_bNAb_Combinations|1313974|sample|9|nan|1176,1,0.156847,2.55639,0.191456,46.13,0.297858,0.128587,1,0.156847,2.55639,0.191455,46.1304,0.297872,0.128603,True,PGT121|1176,1313974
130_bNAb_Combinations|1313974|vc|1|2|nan|1176,1,0.00229716,1.14553,0.195071,46.1301,0.297858,0.128587,1,0.00229716,1.14553,0.19507,46.1305,0.297872,0.128603,False,nan|1176,1313974
130_bNAb_Combinations|1313974|vc|2|2|nan|1176,1,0.00229716,1.14553,0.195071,46.1301,0.297858,0.128587,1,0.00229716,1.14553,0.19507,46.1305,0.297872,0.128603,False,nan|1176,1313974
130_bNAb_Combinations|1313974|vc|3|2|nan|1176,1,0.00229716,1.14553,0.195071,46.1301,0.297858,0.128587,1,0.00229716,1.14553,0.19507,46.1305,0.297872,0.128603,False,nan|1176,1313974
130_bNAb_Combinations|1313974|vc|4|2|nan|1176,1,0.00229716,1.14553,0.195071,46.1301,0.297858,0.128587,1,0.00229716,1.14553,0.19507,46.1305,0.297872,0.128603,False,nan|1176,1313974
130_bNAb_Combinations|1313974|vc|5|2|nan|1176,1,0.00229716,1.14553,0.195071,46.1301,0.297858,0.128587,1,0.00229716,1.14553,0.19507,46.1305,0.297872,0.128603,False,nan|1176,1313974
130_bNAb_Combinations|1313974|vc|6|2|nan|1176,1,0.00229716,1.14553,0.195071,46.1301,0.297858,0.128587,1,0.00229716,1.14553,0.19507,46.1305,0.297872,0.128603,False,nan|1176,1313974
130_bNAb_Combinations|1313974|vc|7|2|nan|1176,1,0.00229716,1.14553,0.195071,46.1301,0.297858,0.128587,1,0.00229716,1.14553,0.19507,46.1305,0.297872,0.128603,False,nan|1176,1313974
130_bNAb_Combinations|1313974|vc|8|2|nan|1176,1,0.00229716,1.14553,0.195071,46.1301,0.297858,0.128587,1,0.00229716,1.14553,0.19507,46.1305,0.297872,0.128603,False,nan|1176,1313974
130_bNAb_Combinations|1313992|cc|1|1|RHPA4259.7|5371,1,0.0185143,1.00691,0.195072,46.13,0.297857,0.128586,1,0.0185143,1.00691,0.195071,46.1304,0.297871,0.128602,False,nan|RHPA4259.7,1313992
130_bNAb_Combinations|1313992|cc|2|1|RHPA4259.7|5371,1,0.0185143,1.00691,0.195072,46.13,0.297857,0.128586,1,0.0185143,1.00691,0.195071,46.1304,0.297871,0.128602,False,nan|RHPA4259.7,1313992
130_bNAb_Combinations|1313992|cc|3|1|RHPA4259.7|5371,1,0.0185143,1.00691,0.195072,46.13,0.297857,0.128586,1,0.0185143,1.00691,0.195071,46.1304,0.297871,0.128602,False,nan|RHPA4259.7,1313992
130_bNAb_Combinations|1313992|cc|4|1|RHPA4259.7|5371,1,0.0185143,1.00691,0.195072,46.13,0.297857,0.128586,1,0.0185143,1.00691,0.195071,46.1304,0.297871,0.128602,False,nan|RHPA4259.7,1313992
130_bNAb_Combinations|1313992|cc|5|1|RHPA4259.7|5371,1,0.0185143,1.00691,0.195072,46.13,0.297857,0.128586,1,0.0185143,1.00691,0.195071,46.1304,0.297871,0.128602,False,nan|RHPA4259.7,1313992
130_bNAb_Combinations|1313992|cc|6|1|RHPA4259.7|5371,1,0.0185143,1.00691,0.195072,46.13,0.297857,0.128586,1,0.0185143,1.00691,0.195071,46.1304,0.297871,0.128602,False,nan|RHPA4259.7,1313992
130_bNAb_Combinations|1313992|cc|7|1|RHPA4259.7|5371,1,0.0185143,1.00691,0.195072,46.13,0.297857,0.128586,1,0.0185143,1.00691,0.195071,46.1304,0.297871,0.128602,False,nan|RHPA4259.7,1313992
130_bNAb_Combinations|1313992|cc|8|1|RHPA4259.7|5371,1,0.0185143,1.00691,0.195072,46.13,0.297857,0.128586,1,0.0185143,1.00691,0.195071,46.1304,0.297871,0.128602,False,nan|RHPA4259.7,1313992
130_bNAb_Combinations|1313992|sample|10|RHPA4259.7|5371,1,0.000223535,0.752263,0.173438,46.13,0.297857,0.128586,1,0.000223535,0.752263,0.173437,46.1304,0.297871,0.128602,True,PGT121|RHPA4259.7,1313992
130_bNAb_Combinations|1313992|sample|11|RHPA4259.7|5371,1,0.00607161,0.763902,0.195118,46.13,0.297857,0.128586,1,0.00607161,0.763902,0.195117,46.1304,0.297871,0.128602,True,VRC07-523LS|RHPA4259.7,1313992
130_bNAb_Combinations|1313992|sample|12|RHPA4259.7|5371,1,0.00607161,0.763902,0.195118,46.13,0.297857,0.128586,1,0.00607161,0.763902,0.195117,46.1304,0.297871,0.128602,True,VRC07-523LS|RHPA4259.7,1313992
130_bNAb_Combinations|1313992|sample|3|RHPA4259.7|5371,1,0.027423,2.27252,0.156519,46.13,0.297857,0.128586,1,0.027423,2.27252,0.156519,46.1304,0.297871,0.128602,True,PGDM1400|RHPA4259.7,1313992
130_bNAb_Combinations|1313992|sample|4|RHPA4259.7|5371,1,0.027423,2.27252,0.156519,46.13,0.297857,0.128586,1,0.027423,2.27252,0.156519,46.1304,0.297871,0.128602,True,PGDM1400|RHPA4259.7,1313992
130_bNAb_Combinations|1313992|sample|5|RHPA4259.7|5371,1,0.027423,2.27252,0.156519,46.13,0.297857,0.128586,1,0.027423,2.27252,0.156519,46.1304,0.297871,0.128602,True,PGDM1400|RHPA4259.7,1313992
130_bNAb_Combinations|1313992|sample|6|RHPA4259.7|5371,1,0.027423,2.27252,0.156519,46.13,0.297857,0.128586,1,0.027423,2.27252,0.156519,46.1304,0.297871,0.128602,True,PGDM1400|RHPA4259.7,1313992
130_bNAb_Combinations|1313992|sample|7|RHPA4259.7|5371,1,0.000223535,0.752263,0.173438,46.13,0.297857,0.128586,1,0.000223535,0.752263,0.173437,46.1304,0.297871,0.128602,True,PGT121|RHPA4259.7,1313992
130_bNAb_Combinations|1313992|sample|8|RHPA4259.7|5371,1,0.000223535,0.752263,0.173438,46.13,0.297857,0.128586,1,0.000223535,0.752263,0.173437,46.1304,0.297871,0.128602,True,PGT121|RHPA4259.7,1313992
130_bNAb_Combinations|1313992|sample|9|RHPA4259.7|5371,1,0.000223535,0.752263,0.173438,46.13,0.297857,0.128586,1,0.000223535,0.752263,0.173437,46.1304,0.297871,0.128602,True,PGT121|RHPA4259.7,1313992
130_bNAb_Combinations|1313992|vc|1|2|RHPA4259.7|5371,1,0.0185143,1.00691,0.195072,46.13,0.297857,0.128586,1,0.0185143,1.00691,0.195071,46.1304,0.297871,0.128602,False,nan|RHPA4259.7,1313992
130_bNAb_Combinations|1313992|vc|2|2|RHPA4259.7|5371,1,0.0185143,1.00691,0.195072,46.13,0.297857,0.128586,1,0.0185143,1.00691,0.195071,46.1304,0.297871,0.128602,False,nan|RHPA4259.7,1313992
130_bNAb_Combinations|1313992|vc|3|2|RHPA4259.7|5371,1,0.0185143,1.00691,0.195072,46.13,0.297857,0.128586,1,0.0185143,1.00691,0.195071,46.1304,0.297871,0.128602,False,nan|RHPA4259.7,1313992
130_bNAb_Combinations|1313992|vc|4|2|RHPA4259.7|5371,1,0.0185143,1.00691,0.195072,46.13,0.297857,0.128586,1,0.0185143,1.00691,0.195071,46.1304,0.297871,0.128602,False,nan|RHPA4259.7,1313992
130_bNAb_Combinations|1313992|vc|5|2|RHPA4259.7|5371,1,0.0185143,1.00691,0.195072,46.13,0.297857,0.128586,1,0.0185143,1.00691,0.195071,46.1304,0.297871,0.128602,False,nan|RHPA4259.7,1313992
130_bNAb_Combinations|1313992|vc|6|2|RHPA4259.7|5371,1,0.0185143,1.00691,0.195072,46.13,0.297857,0.128586,1,0.0185143,1.00691,0.195071,46.1304,0.297871,0.128602,False,nan|RHPA4259.7,1313992
130_bNAb_Combinations|1313992|vc|7|2|RHPA4259.7|5371,1,0.0185143,1.00691,0.195072,46.13,0.297857,0.128586,1,0.0185143,1.00691,0.195071,46.1304,0.297871,0.128602,False,nan|RHPA4259.7,1313992
130_bNAb_Combinations|1313992|vc|8|2|RHPA4259.7|5371,1,0.0185143,1.00691,0.195072,46.13,0.297857,0.128586,1,0.0185143,1.00691,0.195071,46.1304,0.297871,0.128602,False,nan|RHPA4259.7,1313992
130_bNAb_Combinations|1314016|cc|1|1|nan|3430,1,0.0150626,1.07633,0.195071,46.13,0.179555,0.128595,1,0.0150626,1.07633,0.195071,46.1304,0.179557,0.128611,False,nan|3430,1314016
130_bNAb_Combinations|1314016|cc|2|1|nan|3430,1,0.0150626,1.07633,0.195071,46.13,0.179555,0.128595,1,0.0150626,1.07633,0.195071,46.1304,0.179557,0.128611,False,nan|3430,1314016
130_bNAb_Combinations|1314016|cc|3|1|nan|3430,1,0.0150626,1.07633,0.195071,46.13,0.179555,0.128595,1,0.0150626,1.07633,0.195071,46.1304,0.179557,0.128611,False,nan|3430,1314016
130_bNAb_Combinations|1314016|cc|4|1|nan|3430,1,0.0150626,1.07633,0.195071,46.13,0.179555,0.128595,1,0.0150626,1.07633,0.195071,46.1304,0.179557,0.128611,False,nan|3430,1314016
130_bNAb_Combinations|1314016|cc|5|1|nan|3430,1,0.0150626,1.07633,0.195071,46.13,0.179555,0.128595,1,0.0150626,1.07633,0.195071,46.1304,0.179557,0.128611,False,nan|3430,1314016
130_bNAb_Combinations|1314016|cc|6|1|nan|3430,1,0.0150626,1.07633,0.195071,46.13,0.179555,0.128595,1,0.0150626,1.07633,0.195071,46.1304,0.179557,0.128611,False,nan|3430,1314016
130_bNAb_Combinations|1314016|cc|7|1|nan|3430,1,0.0150626,1.07633,0.195071,46.13,0.179555,0.128595,1,0.0150626,1.07633,0.195071,46.1304,0.179557,0.128611,False,nan|3430,1314016
130_bNAb_Combinations|1314016|cc|8|1|nan|3430,1,0.0150626,1.07633,0.195071,46.13,0.179555,0.128595,1,0.0150626,1.07633,0.195071,46.1304,0.179557,0.128611,False,nan|3430,1314016
130_bNAb_Combinations|1314016|sample|10|nan|3430,1,0.0248634,0.965574,0.185927,46.13,0.179555,0.128595,1,0.0248634,0.965574,0.185926,46.1304,0.179557,0.128611,True,PGT121|3430,1314016
130_bNAb_Combinations|1314016|sample|11|nan|3430,1,0.00351953,0.887385,0.195047,46.13,0.179555,0.128595,1,0.00351953,0.887385,0.195047,46.1304,0.179557,0.128611,True,VRC07-523LS|3430,1314016
130_bNAb_Combinations|1314016|sample|12|nan|3430,1,0.00351953,0.887385,0.195047,46.13,0.179555,0.128595,1,0.00351953,0.887385,0.195047,46.1304,0.179557,0.128611,True,VRC07-523LS|3430,1314016
130_bNAb_Combinations|1314016|sample|3|nan|3430,1,0.00802705,0.53397,0.195048,46.13,0.179555,0.128595,1,0.00802705,0.53397,0.195047,46.1304,0.179557,0.128611,True,PGDM1400|3430,1314016
130_bNAb_Combinations|1314016|sample|4|nan|3430,1,0.00802705,0.53397,0.195048,46.13,0.179555,0.128595,1,0.00802705,0.53397,0.195047,46.1304,0.179557,0.128611,True,PGDM1400|3430,1314016
130_bNAb_Combinations|1314016|sample|5|nan|3430,1,0.00802705,0.53397,0.195048,46.13,0.179555,0.128595,1,0.00802705,0.53397,0.195047,46.1304,0.179557,0.128611,True,PGDM1400|3430,1314016
130_bNAb_Combinations|1314016|sample|6|nan|3430,1,0.00802705,0.53397,0.195048,46.13,0.179555,0.128595,1,0.00802705,0.53397,0.195047,46.1304,0.179557,0.128611,True,PGDM1400|3430,1314016
130_bNAb_Combinations|1314016|sample|7|nan|3430,1,0.0248634,0.965574,0.185927,46.13,0.179555,0.128595,1,0.0248634,0.965574,0.185926,46.1304,0.179557,0.128611,True,PGT121|3430,1314016
130_bNAb_Combinations|1314016|sample|8|nan|3430,1,0.0248634,0.965574,0.185927,46.13,0.179555,0.128595,1,0.0248634,0.965574,0.185926,46.1304,0.179557,0.128611,True,PGT121|3430,1314016
130_bNAb_Combinations|1314016|sample|9|nan|3430,1,0.0248634,0.965574,0.185927,46.13,0.179555,0.128595,1,0.0248634,0.965574,0.185926,46.1304,0.179557,0.128611,True,PGT121|3430,1314016
130_bNAb_Combinations|1314016|vc|1|2|nan|3430,1,0.0150626,1.07633,0.195071,46.13,0.179555,0.128595,1,0.0150626,1.07633,0.195071,46.1304,0.179557,0.128611,False,nan|3430,1314016
130_bNAb_Combinations|1314016|vc|2|2|nan|3430,1,0.0150626,1.07633,0.195071,46.13,0.179555,0.128595,1,0.0150626,1.07633,0.195071,46.1304,0.179557,0.128611,False,nan|3430,1314016
130_bNAb_Combinations|1314016|vc|3|2|nan|3430,1,0.0150626,1.07633,0.195071,46.13,0.179555,0.128595,1,0.0150626,1.07633,0.195071,46.1304,0.179557,0.128611,False,nan|3430,1314016
130_bNAb_Combinations|1314016|vc|4|2|nan|3430,1,0.0150626,1.07633,0.195071,46.13,0.179555,0.128595,1,0.0150626,1.07633,0.195071,46.1304,0.179557,0.128611,False,nan|3430,1314016
130_bNAb_Combinations|1314016|vc|5|2|nan|3430,1,0.0150626,1.07633,0.195071,46.13,0.179555,0.128595,1,0.0150626,1.07633,0.195071,46.1304,0.179557,0.128611,False,nan|3430,1314016
130_bNAb_Combinations|1314016|vc|6|2|nan|3430,1,0.0150626,1.07633,0.195071,46.13,0.179555,0.128595,1,0.0150626,1.07633,0.195071,46.1304,0.179557,0.128611,False,nan|3430,1314016
130_bNAb_Combinations|1314016|vc|7|2|nan|3430,1,0.0150626,1.07633,0.195071,46.13,0.179555,0.128595,1,0.0150626,1.07633,0.195071,46.1304,0.179557,0.128611,False,nan|3430,1314016
130_bNAb_Combinations|1314016|vc|8|2|nan|3430,1,0.0150626,1.07633,0.195071,46.13,0.179555,0.128595,1,0.0150626,1.07633,0.195071,46.1304,0.179557,0.128611,False,nan|3430,1314016
130_bNAb_Combinations|1314040|cc|1|1|nan|4166,1,0.0415557,1.30296,0.195072,46.13,0.152513,0.128585,1,0.0415557,1.30296,0.195071,46.1304,0.152513,0.128601,False,nan|4166,1314040
130_bNAb_Combinations|1314040|cc|2|1|nan|4166,1,0.0415557,1.30296,0.195072,46.13,0.152513,0.128585,1,0.0415557,1.30296,0.195071,46.1304,0.152513,0.128601,False,nan|4166,1314040
130_bNAb_Combinations|1314040|cc|3|1|nan|4166,1,0.0415557,1.30296,0.195072,46.13,0.152513,0.128585,1,0.0415557,1.30296,0.195071,46.1304,0.152513,0.128601,False,nan|4166,1314040
130_bNAb_Combinations|1314040|cc|4|1|nan|4166,1,0.0415557,1.30296,0.195072,46.13,0.152513,0.128585,1,0.0415557,1.30296,0.195071,46.1304,0.152513,0.128601,False,nan|4166,1314040
130_bNAb_Combinations|1314040|cc|5|1|nan|4166,1,0.0415557,1.30296,0.195072,46.13,0.152513,0.128585,1,0.0415557,1.30296,0.195071,46.1304,0.152513,0.128601,False,nan|4166,1314040
130_bNAb_Combinations|1314040|cc|6|1|nan|4166,1,0.0415557,1.30296,0.195072,46.13,0.152513,0.128585,1,0.0415557,1.30296,0.195071,46.1304,0.152513,0.128601,False,nan|4166,1314040
130_bNAb_Combinations|1314040|cc|7|1|nan|4166,1,0.0415557,1.30296,0.195072,46.13,0.152513,0.128585,1,0.0415557,1.30296,0.195071,46.1304,0.152513,0.128601,False,nan|4166,1314040
130_bNAb_Combinations|1314040|cc|8|1|nan|4166,1,0.0415557,1.30296,0.195072,46.13,0.152513,0.128585,1,0.0415557,1.30296,0.195071,46.1304,0.152513,0.128601,False,nan|4166,1314040
130_bNAb_Combinations|1314040|sample|10|nan|4166,1,0.00502037,0.667575,0.217709,46.13,0.152513,0.128585,1,0.00502037,0.667575,0.217709,46.1304,0.152513,0.128601,True,PGT121|4166,1314040
130_bNAb_Combinations|1314040|sample|11|nan|4166,1,0.00406254,0.734391,0.205386,46.13,0.152513,0.128585,1,0.00406254,0.734391,0.205386,46.1304,0.152513,0.128601,True,VRC07-523LS|4166,1314040
130_bNAb_Combinations|1314040|sample|12|nan|4166,1,0.00406254,0.734391,0.205386,46.13,0.152513,0.128585,1,0.00406254,0.734391,0.205386,46.1304,0.152513,0.128601,True,VRC07-523LS|4166,1314040
130_bNAb_Combinations|1314040|sample|3|nan|4166,1,0.00817392,0.612705,0.203668,46.13,0.152513,0.128585,1,0.00817392,0.612705,0.203667,46.1304,0.152513,0.128601,True,PGDM1400|4166,1314040
130_bNAb_Combinations|1314040|sample|4|nan|4166,1,0.00817392,0.612705,0.203668,46.13,0.152513,0.128585,1,0.00817392,0.612705,0.203667,46.1304,0.152513,0.128601,True,PGDM1400|4166,1314040
130_bNAb_Combinations|1314040|sample|5|nan|4166,1,0.00817392,0.612705,0.203668,46.13,0.152513,0.128585,1,0.00817392,0.612705,0.203667,46.1304,0.152513,0.128601,True,PGDM1400|4166,1314040
130_bNAb_Combinations|1314040|sample|6|nan|4166,1,0.00817392,0.612705,0.203668,46.13,0.152513,0.128585,1,0.00817392,0.612705,0.203667,46.1304,0.152513,0.128601,True,PGDM1400|4166,1314040
130_bNAb_Combinations|1314040|sample|7|nan|4166,1,0.00502037,0.667575,0.217709,46.13,0.152513,0.128585,1,0.00502037,0.667575,0.217709,46.1304,0.152513,0.128601,True,PGT121|4166,1314040
130_bNAb_Combinations|1314040|sample|8|nan|4166,1,0.00502037,0.667575,0.217709,46.13,0.152513,0.128585,1,0.00502037,0.667575,0.217709,46.1304,0.152513,0.128601,True,PGT121|4166,1314040
130_bNAb_Combinations|1314040|sample|9|nan|4166,1,0.00502037,0.667575,0.217709,46.13,0.152513,0.128585,1,0.00502037,0.667575,0.217709,46.1304,0.152513,0.128601,True,PGT121|4166,1314040
130_bNAb_Combinations|1314040|vc|1|2|nan|4166,1,0.0415557,1.30296,0.195072,46.13,0.152513,0.128585,1,0.0415557,1.30296,0.195071,46.1304,0.152513,0.128601,False,nan|4166,1314040
130_bNAb_Combinations|1314040|vc|2|2|nan|4166,1,0.0415557,1.30296,0.195072,46.13,0.152513,0.128585,1,0.0415557,1.30296,0.195071,46.1304,0.152513,0.128601,False,nan|4166,1314040
130_bNAb_Combinations|1314040|vc|3|2|nan|4166,1,0.0415557,1.30296,0.195072,46.13,0.152513,0.128585,1,0.0415557,1.30296,0.195071,46.1304,0.152513,0.128601,False,nan|4166,1314040
130_bNAb_Combinations|1314040|vc|4|2|nan|4166,1,0.0415557,1.30296,0.195072,46.13,0.152513,0.128585,1,0.0415557,1.30296,0.195071,46.1304,0.152513,0.128601,False,nan|4166,1314040
130_bNAb_Combinations|1314040|vc|5|2|nan|4166,1,0.0415557,1.30296,0.195072,46.13,0.152513,0.128585,1,0.0415557,1.30296,0.195071,46.1304,0.152513,0.128601,False,nan|4166,1314040
130_bNAb_Combinations|1314040|vc|6|2|nan|4166,1,0.0415557,1.30296,0.195072,46.13,0.152513,0.128585,1,0.0415557,1.30296,0.195071,46.1304,0.152513,0.128601,False,nan|4166,1314040
130_bNAb_Combinations|1314040|vc|7|2|nan|4166,1,0.0415557,1.30296,0.195072,46.13,0.152513,0.128585,1,0.0415557,1.30296,0.195071,46.1304,0.152513,0.128601,False,nan|4166,1314040
130_bNAb_Combinations|1314040|vc|8|2|nan|4166,1,0.0415557,1.30296,0.195072,46.13,0.152513,0.128585,1,0.0415557,1.30296,0.195071,46.1304,0.152513,0.128601,False,nan|4166,1314040
130_bNAb_Combinations|1314058|cc|1|1|nan|2944,1,0.00911675,2.085,0.195071,46.13,0.297855,0.46981,1,0.00911675,2.085,0.195071,46.1304,0.297869,0.469867,False,nan|2944,1314058
130_bNAb_Combinations|1314058|cc|2|1|nan|2944,1,0.00911675,2.085,0.195071,46.13,0.297855,0.46981,1,0.00911675,2.085,0.195071,46.1304,0.297869,0.469867,False,nan|2944,1314058
130_bNAb_Combinations|1314058|cc|3|1|nan|2944,1,0.00911675,2.085,0.195071,46.13,0.297855,0.46981,1,0.00911675,2.085,0.195071,46.1304,0.297869,0.469867,False,nan|2944,1314058
130_bNAb_Combinations|1314058|cc|4|1|nan|2944,1,0.00911675,2.085,0.195071,46.13,0.297855,0.46981,1,0.00911675,2.085,0.195071,46.1304,0.297869,0.469867,False,nan|2944,1314058
130_bNAb_Combinations|1314058|cc|5|1|nan|2944,1,0.00911675,2.085,0.195071,46.13,0.297855,0.46981,1,0.00911675,2.085,0.195071,46.1304,0.297869,0.469867,False,nan|2944,1314058
130_bNAb_Combinations|1314058|cc|6|1|nan|2944,1,0.00911675,2.085,0.195071,46.13,0.297855,0.46981,1,0.00911675,2.085,0.195071,46.1304,0.297869,0.469867,False,nan|2944,1314058
130_bNAb_Combinations|1314058|cc|7|1|nan|2944,1,0.00911675,2.085,0.195071,46.13,0.297855,0.46981,1,0.00911675,2.085,0.195071,46.1304,0.297869,0.469867,False,nan|2944,1314058
130_bNAb_Combinations|1314058|cc|8|1|nan|2944,1,0.00911675,2.085,0.195071,46.13,0.297855,0.46981,1,0.00911675,2.085,0.195071,46.1304,0.297869,0.469867,False,nan|2944,1314058
130_bNAb_Combinations|1314058|sample|10|nan|2944,1,0.00163684,0.668326,0.195066,46.13,0.297855,0.46981,1,0.00163684,0.668326,0.195065,46.1304,0.297869,0.469867,True,PGT121|2944,1314058
130_bNAb_Combinations|1314058|sample|11|nan|2944,1,0.00280447,1.11958,0.178124,46.13,0.297855,0.46981,1,0.00280447,1.11958,0.178123,46.1304,0.297869,0.469867,True,VRC07-523LS|2944,1314058
130_bNAb_Combinations|1314058|sample|12|nan|2944,1,0.00280447,1.11958,0.178124,46.13,0.297855,0.46981,1,0.00280447,1.11958,0.178123,46.1304,0.297869,0.469867,True,VRC07-523LS|2944,1314058
130_bNAb_Combinations|1314058|sample|3|nan|2944,1,0.00500671,0.48263,0.229359,46.1301,0.297855,0.46981,1,0.00500671,0.48263,0.229359,46.1305,0.297869,0.469867,True,PGDM1400|2944,1314058
130_bNAb_Combinations|1314058|sample|4|nan|2944,1,0.00500671,0.48263,0.229359,46.1301,0.297855,0.46981,1,0.00500671,0.48263,0.229359,46.1305,0.297869,0.469867,True,PGDM1400|2944,1314058
130_bNAb_Combinations|1314058|sample|5|nan|2944,1,0.00500671,0.48263,0.229359,46.1301,0.297855,0.46981,1,0.00500671,0.48263,0.229359,46.1305,0.297869,0.469867,True,PGDM1400|2944,1314058
130_bNAb_Combinations|1314058|sample|6|nan|2944,1,0.00500671,0.48263,0.229359,46.1301,0.297855,0.46981,1,0.00500671,0.48263,0.229359,46.1305,0.297869,0.469867,True,PGDM1400|2944,1314058
130_bNAb_Combinations|1314058|sample|7|nan|2944,1,0.00163684,0.668326,0.195066,46.13,0.297855,0.46981,1,0.00163684,0.668326,0.195065,46.1304,0.297869,0.469867,True,PGT121|2944,1314058
130_bNAb_Combinations|1314058|sample|8|nan|2944,1,0.00163684,0.668326,0.195066,46.13,0.297855,0.46981,1,0.00163684,0.668326,0.195065,46.1304,0.297869,0.469867,True,PGT121|2944,1314058
130_bNAb_Combinations|1314058|sample|9|nan|2944,1,0.00163684,0.668326,0.195066,46.13,0.297855,0.46981,1,0.00163684,0.668326,0.195065,46.1304,0.297869,0.469867,True,PGT121|2944,1314058
130_bNAb_Combinations|1314058|vc|1|2|nan|2944,1,0.00911675,2.085,0.195071,46.13,0.297855,0.46981,1,0.00911675,2.085,0.195071,46.1304,0.297869,0.469867,False,nan|2944,1314058
130_bNAb_Combinations|1314058|vc|2|2|nan|2944,1,0.00911675,2.085,0.195071,46.13,0.297855,0.46981,1,0.00911675,2.085,0.195071,46.1304,0.297869,0.469867,False,nan|2944,1314058
130_bNAb_Combinations|1314058|vc|3|2|nan|2944,1,0.00911675,2.085,0.195071,46.13,0.297855,0.46981,1,0.00911675,2.085,0.195071,46.1304,0.297869,0.469867,False,nan|2944,1314058
130_bNAb_Combinations|1314058|vc|4|2|nan|2944,1,0.00911675,2.085,0.195071,46.13,0.297855,0.46981,1,0.00911675,2.085,0.195071,46.1304,0.297869,0.469867,False,nan|2944,1314058
130_bNAb_Combinations|1314058|vc|5|2|nan|2944,1,0.00911675,2.085,0.195071,46.13,0.297855,0.46981,1,0.00911675,2.085,0.195071,46.1304,0.297869,0.469867,False,nan|2944,1314058
130_bNAb_Combinations|1314058|vc|6|2|nan|2944,1,0.00911675,2.085,0.195071,46.13,0.297855,0.46981,1,0.00911675,2.085,0.195071,46.1304,0.297869,0.469867,False,nan|2944,1314058
130_bNAb_Combinations|1314058|vc|7|2|nan|2944,1,0.00911675,2.085,0.195071,46.13,0.297855,0.46981,1,0.00911675,2.085,0.195071,46.1304,0.297869,0.469867,False,nan|2944,1314058
130_bNAb_Combinations|1314058|vc|8|2|nan|2944,1,0.00911675,2.085,0.195071,46.13,0.297855,0.46981,1,0.00911675,2.085,0.195071,46.1304,0.297869,0.469867,False,nan|2944,1314058
130_bNAb_Combinations|1342240|cc|1|1|nan|1798,1,0.0115056,1.14237,0.195072,46.1301,0.188955,0.128601,1,0.0115056,1.14237,0.195071,46.1305,0.18896,0.128617,False,nan|1798,1342240
130_bNAb_Combinations|1342240|cc|2|1|nan|1798,1,0.0115056,1.14237,0.195072,46.1301,0.188955,0.128601,1,0.0115056,1.14237,0.195071,46.1305,0.18896,0.128617,False,nan|1798,1342240
130_bNAb_Combinations|1342240|cc|3|1|nan|1798,1,0.0115056,1.14237,0.195072,46.1301,0.188955,0.128601,1,0.0115056,1.14237,0.195071,46.1305,0.18896,0.128617,False,nan|1798,1342240
130_bNAb_Combinations|1342240|cc|4|1|nan|1798,1,0.0115056,1.14237,0.195072,46.1301,0.188955,0.128601,1,0.0115056,1.14237,0.195071,46.1305,0.18896,0.128617,False,nan|1798,1342240
130_bNAb_Combinations|1342240|cc|5|1|nan|1798,1,0.0115056,1.14237,0.195072,46.1301,0.188955,0.128601,1,0.0115056,1.14237,0.195071,46.1305,0.18896,0.128617,False,nan|1798,1342240
130_bNAb_Combinations|1342240|cc|6|1|nan|1798,1,0.0115056,1.14237,0.195072,46.1301,0.188955,0.128601,1,0.0115056,1.14237,0.195071,46.1305,0.18896,0.128617,False,nan|1798,1342240
130_bNAb_Combinations|1342240|cc|7|1|nan|1798,1,0.0115056,1.14237,0.195072,46.1301,0.188955,0.128601,1,0.0115056,1.14237,0.195071,46.1305,0.18896,0.128617,False,nan|1798,1342240
130_bNAb_Combinations|1342240|cc|8|1|nan|1798,1,0.0115056,1.14237,0.195072,46.1301,0.188955,0.128601,1,0.0115056,1.14237,0.195071,46.1305,0.18896,0.128617,False,nan|1798,1342240
130_bNAb_Combinations|1342240|sample|3|nan|1798,1,0.00663896,2.04322,0.192405,46.13,0.188955,0.128601,1,0.00663896,2.04322,0.192404,46.1304,0.18896,0.128617,True,VRC07-523LS|1798,1342240
130_bNAb_Combinations|1342240|sample|4|nan|1798,1,0.00663896,2.04322,0.192405,46.13,0.188955,0.128601,1,0.00663896,2.04322,0.192404,46.1304,0.18896,0.128617,True,VRC07-523LS|1798,1342240
130_bNAb_Combinations|1342240|sample|8|nan|1798,1,0.00663896,2.04322,0.192405,46.13,0.188955,0.128601,1,0.00663896,2.04322,0.192404,46.1304,0.18896,0.128617,True,VRC07-523LS|1798,1342240
130_bNAb_Combinations|1342240|vc|1|2|nan|1798,1,0.0115056,1.14237,0.195072,46.1301,0.188955,0.128601,1,0.0115056,1.14237,0.195071,46.1305,0.18896,0.128617,False,nan|1798,1342240
130_bNAb_Combinations|1342240|vc|2|2|nan|1798,1,0.0115056,1.14237,0.195072,46.1301,0.188955,0.128601,1,0.0115056,1.14237,0.195071,46.1305,0.18896,0.128617,False,nan|1798,1342240
130_bNAb_Combinations|1342240|vc|3|2|nan|1798,1,0.0115056,1.14237,0.195072,46.1301,0.188955,0.128601,1,0.0115056,1.14237,0.195071,46.1305,0.18896,0.128617,False,nan|1798,1342240
130_bNAb_Combinations|1342240|vc|4|2|nan|1798,1,0.0115056,1.14237,0.195072,46.1301,0.188955,0.128601,1,0.0115056,1.14237,0.195071,46.1305,0.18896,0.128617,False,nan|1798,1342240
130_bNAb_Combinations|1342240|vc|5|2|nan|1798,1,0.0115056,1.14237,0.195072,46.1301,0.188955,0.128601,1,0.0115056,1.14237,0.195071,46.1305,0.18896,0.128617,False,nan|1798,1342240
130_bNAb_Combinations|1342240|vc|6|2|nan|1798,1,0.0115056,1.14237,0.195072,46.1301,0.188955,0.128601,1,0.0115056,1.14237,0.195071,46.1305,0.18896,0.128617,False,nan|1798,1342240
130_bNAb_Combinations|1342240|vc|7|2|nan|1798,1,0.0115056,1.14237,0.195072,46.1301,0.188955,0.128601,1,0.0115056,1.14237,0.195071,46.1305,0.18896,0.128617,False,nan|1798,1342240
130_bNAb_Combinations|1342240|vc|8|2|nan|1798,1,0.0115056,1.14237,0.195072,46.1301,0.188955,0.128601,1,0.0115056,1.14237,0.195071,46.1305,0.18896,0.128617,False,nan|1798,1342240
130_bNAb_Combinations|1342258|cc|1|1|TRO.11|8301,1,0.0415037,1.31164,0.195071,46.13,0.126406,0.128598,1,0.0415037,1.31164,0.19507,46.1304,0.126405,0.128614,False,nan|TRO.11,1342258
130_bNAb_Combinations|1342258|cc|2|1|TRO.11|8301,1,0.0415037,1.31164,0.195071,46.13,0.126406,0.128598,1,0.0415037,1.31164,0.19507,46.1304,0.126405,0.128614,False,nan|TRO.11,1342258
130_bNAb_Combinations|1342258|cc|3|1|TRO.11|8301,1,0.0415037,1.31164,0.195071,46.13,0.126406,0.128598,1,0.0415037,1.31164,0.19507,46.1304,0.126405,0.128614,False,nan|TRO.11,1342258
130_bNAb_Combinations|1342258|cc|4|1|TRO.11|8301,1,0.0415037,1.31164,0.195071,46.13,0.126406,0.128598,1,0.0415037,1.31164,0.19507,46.1304,0.126405,0.128614,False,nan|TRO.11,1342258
130_bNAb_Combinations|1342258|cc|5|1|TRO.11|8301,1,0.0415037,1.31164,0.195071,46.13,0.126406,0.128598,1,0.0415037,1.31164,0.19507,46.1304,0.126405,0.128614,False,nan|TRO.11,1342258
130_bNAb_Combinations|1342258|cc|6|1|TRO.11|8301,1,0.0415037,1.31164,0.195071,46.13,0.126406,0.128598,1,0.0415037,1.31164,0.19507,46.1304,0.126405,0.128614,False,nan|TRO.11,1342258
130_bNAb_Combinations|1342258|cc|7|1|TRO.11|8301,1,0.0415037,1.31164,0.195071,46.13,0.126406,0.128598,1,0.0415037,1.31164,0.19507,46.1304,0.126405,0.128614,False,nan|TRO.11,1342258
130_bNAb_Combinations|1342258|cc|8|1|TRO.11|8301,1,0.0415037,1.31164,0.195071,46.13,0.126406,0.128598,1,0.0415037,1.31164,0.19507,46.1304,0.126405,0.128614,False,nan|TRO.11,1342258
130_bNAb_Combinations|1342258|sample|3|TRO.11|8301,1,0.00750683,1.17326,0.1808,46.13,0.126406,0.128598,1,0.00750683,1.17326,0.180799,46.1304,0.126405,0.128614,True,VRC07-523LS|TRO.11,1342258
130_bNAb_Combinations|1342258|sample|4|TRO.11|8301,1,0.00750683,1.17326,0.1808,46.13,0.126406,0.128598,1,0.00750683,1.17326,0.180799,46.1304,0.126405,0.128614,True,VRC07-523LS|TRO.11,1342258
130_bNAb_Combinations|1342258|vc|1|2|TRO.11|8301,1,0.0415037,1.31164,0.195071,46.13,0.126406,0.128598,1,0.0415037,1.31164,0.19507,46.1304,0.126405,0.128614,False,nan|TRO.11,1342258
130_bNAb_Combinations|1342258|vc|2|2|TRO.11|8301,1,0.0415037,1.31164,0.195071,46.13,0.126406,0.128598,1,0.0415037,1.31164,0.19507,46.1304,0.126405,0.128614,False,nan|TRO.11,1342258
130_bNAb_Combinations|1342258|vc|3|2|TRO.11|8301,1,0.0415037,1.31164,0.195071,46.13,0.126406,0.128598,1,0.0415037,1.31164,0.19507,46.1304,0.126405,0.128614,False,nan|TRO.11,1342258
130_bNAb_Combinations|1342258|vc|4|2|TRO.11|8301,1,0.0415037,1.31164,0.195071,46.13,0.126406,0.128598,1,0.0415037,1.31164,0.19507,46.1304,0.126405,0.128614,False,nan|TRO.11,1342258
130_bNAb_Combinations|1342258|vc|5|2|TRO.11|8301,1,0.0415037,1.31164,0.195071,46.13,0.126406,0.128598,1,0.0415037,1.31164,0.19507,46.1304,0.126405,0.128614,False,nan|TRO.11,1342258
130_bNAb_Combinations|1342258|vc|6|2|TRO.11|8301,1,0.0415037,1.31164,0.195071,46.13,0.126406,0.128598,1,0.0415037,1.31164,0.19507,46.1304,0.126405,0.128614,False,nan|TRO.11,1342258
130_bNAb_Combinations|1342258|vc|7|2|TRO.11|8301,1,0.0415037,1.31164,0.195071,46.13,0.126406,0.128598,1,0.0415037,1.31164,0.19507,46.1304,0.126405,0.128614,False,nan|TRO.11,1342258
130_bNAb_Combinations|1342258|vc|8|2|TRO.11|8301,1,0.0415037,1.31164,0.195071,46.13,0.126406,0.128598,1,0.0415037,1.31164,0.19507,46.1304,0.126405,0.128614,False,nan|TRO.11,1342258
130_bNAb_Combinations|1342276|cc|1|1|Ce1176_A3|7023,1,0.017856,1.84504,0.195073,46.13,0.241327,0.128675,1,0.017856,1.84504,0.195072,46.1304,0.241333,0.128691,False,nan|Ce1176_A3,1342276
130_bNAb_Combinations|1342276|cc|2|1|Ce1176_A3|7023,1,0.017856,1.84504,0.195073,46.13,0.241327,0.128675,1,0.017856,1.84504,0.195072,46.1304,0.241333,0.128691,False,nan|Ce1176_A3,1342276
130_bNAb_Combinations|1342276|cc|3|1|Ce1176_A3|7023,1,0.017856,1.84504,0.195073,46.13,0.241327,0.128675,1,0.017856,1.84504,0.195072,46.1304,0.241333,0.128691,False,nan|Ce1176_A3,1342276
130_bNAb_Combinations|1342276|cc|4|1|Ce1176_A3|7023,1,0.017856,1.84504,0.195073,46.13,0.241327,0.128675,1,0.017856,1.84504,0.195072,46.1304,0.241333,0.128691,False,nan|Ce1176_A3,1342276
130_bNAb_Combinations|1342276|cc|5|1|Ce1176_A3|7023,1,0.017856,1.84504,0.195073,46.13,0.241327,0.128675,1,0.017856,1.84504,0.195072,46.1304,0.241333,0.128691,False,nan|Ce1176_A3,1342276
130_bNAb_Combinations|1342276|cc|6|1|Ce1176_A3|7023,1,0.017856,1.84504,0.195073,46.13,0.241327,0.128675,1,0.017856,1.84504,0.195072,46.1304,0.241333,0.128691,False,nan|Ce1176_A3,1342276
130_bNAb_Combinations|1342276|cc|7|1|Ce1176_A3|7023,1,0.017856,1.84504,0.195073,46.13,0.241327,0.128675,1,0.017856,1.84504,0.195072,46.1304,0.241333,0.128691,False,nan|Ce1176_A3,1342276
130_bNAb_Combinations|1342276|cc|8|1|Ce1176_A3|7023,1,0.017856,1.84504,0.195073,46.13,0.241327,0.128675,1,0.017856,1.84504,0.195072,46.1304,0.241333,0.128691,False,nan|Ce1176_A3,1342276
130_bNAb_Combinations|1342276|sample|3|Ce1176_A3|7023,1,0.000462971,1.90465,0.19194,46.13,0.241327,0.128675,1,0.000462971,1.90465,0.191939,46.1304,0.241333,0.128691,True,VRC07-523LS|Ce1176_A3,1342276
130_bNAb_Combinations|1342276|sample|4|Ce1176_A3|7023,1,0.000462971,1.90465,0.19194,46.13,0.241327,0.128675,1,0.000462971,1.90465,0.191939,46.1304,0.241333,0.128691,True,VRC07-523LS|Ce1176_A3,1342276
130_bNAb_Combinations|1342276|vc|1|2|Ce1176_A3|7023,1,0.017856,1.84504,0.195073,46.13,0.241327,0.128675,1,0.017856,1.84504,0.195072,46.1304,0.241333,0.128691,False,nan|Ce1176_A3,1342276
130_bNAb_Combinations|1342276|vc|2|2|Ce1176_A3|7023,1,0.017856,1.84504,0.195073,46.13,0.241327,0.128675,1,0.017856,1.84504,0.195072,46.1304,0.241333,0.128691,False,nan|Ce1176_A3,1342276
130_bNAb_Combinations|1342276|vc|3|2|Ce1176_A3|7023,1,0.017856,1.84504,0.195073,46.13,0.241327,0.128675,1,0.017856,1.84504,0.195072,46.1304,0.241333,0.128691,False,nan|Ce1176_A3,1342276
130_bNAb_Combinations|1342276|vc|4|2|Ce1176_A3|7023,1,0.017856,1.84504,0.195073,46.13,0.241327,0.128675,1,0.017856,1.84504,0.195072,46.1304,0.241333,0.128691,False,nan|Ce1176_A3,1342276
130_bNAb_Combinations|1342276|vc|5|2|Ce1176_A3|7023,1,0.017856,1.84504,0.195073,46.13,0.241327,0.128675,1,0.017856,1.84504,0.195072,46.1304,0.241333,0.128691,False,nan|Ce1176_A3,1342276
130_bNAb_Combinations|1342276|vc|6|2|Ce1176_A3|7023,1,0.017856,1.84504,0.195073,46.13,0.241327,0.128675,1,0.017856,1.84504,0.195072,46.1304,0.241333,0.128691,False,nan|Ce1176_A3,1342276
130_bNAb_Combinations|1342276|vc|7|2|Ce1176_A3|7023,1,0.017856,1.84504,0.195073,46.13,0.241327,0.128675,1,0.017856,1.84504,0.195072,46.1304,0.241333,0.128691,False,nan|Ce1176_A3,1342276
130_bNAb_Combinations|1342276|vc|8|2|Ce1176_A3|7023,1,0.017856,1.84504,0.195073,46.13,0.241327,0.128675,1,0.017856,1.84504,0.195072,46.1304,0.241333,0.128691,False,nan|Ce1176_A3,1342276
130_bNAb_Combinations|1342294|cc|1|1|nan|1176,1,0.00229716,1.14553,0.195071,46.1301,0.248366,0.128588,1,0.00229716,1.14553,0.19507,46.1305,0.248374,0.128604,False,nan|1176,1342294
130_bNAb_Combinations|1342294|cc|2|1|nan|1176,1,0.00229716,1.14553,0.195071,46.1301,0.248366,0.128588,1,0.00229716,1.14553,0.19507,46.1305,0.248374,0.128604,False,nan|1176,1342294
130_bNAb_Combinations|1342294|cc|3|1|nan|1176,1,0.00229716,1.14553,0.195071,46.1301,0.248366,0.128588,1,0.00229716,1.14553,0.19507,46.1305,0.248374,0.128604,False,nan|1176,1342294
130_bNAb_Combinations|1342294|cc|4|1|nan|1176,1,0.00229716,1.14553,0.195071,46.1301,0.248366,0.128588,1,0.00229716,1.14553,0.19507,46.1305,0.248374,0.128604,False,nan|1176,1342294
130_bNAb_Combinations|1342294|cc|5|1|nan|1176,1,0.00229716,1.14553,0.195071,46.1301,0.248366,0.128588,1,0.00229716,1.14553,0.19507,46.1305,0.248374,0.128604,False,nan|1176,1342294
130_bNAb_Combinations|1342294|cc|6|1|nan|1176,1,0.00229716,1.14553,0.195071,46.1301,0.248366,0.128588,1,0.00229716,1.14553,0.19507,46.1305,0.248374,0.128604,False,nan|1176,1342294
130_bNAb_Combinations|1342294|cc|7|1|nan|1176,1,0.00229716,1.14553,0.195071,46.1301,0.248366,0.128588,1,0.00229716,1.14553,0.19507,46.1305,0.248374,0.128604,False,nan|1176,1342294
130_bNAb_Combinations|1342294|cc|8|1|nan|1176,1,0.00229716,1.14553,0.195071,46.1301,0.248366,0.128588,1,0.00229716,1.14553,0.19507,46.1305,0.248374,0.128604,False,nan|1176,1342294
130_bNAb_Combinations|1342294|sample|3|nan|1176,1,0.00942898,0.927246,0.169346,46.13,0.248366,0.128588,1,0.00942898,0.927246,0.169343,46.1304,0.248374,0.128604,True,VRC07-523LS|1176,1342294
130_bNAb_Combinations|1342294|sample|4|nan|1176,1,0.00942898,0.927246,0.169346,46.13,0.248366,0.128588,1,0.00942898,0.927246,0.169343,46.1304,0.248374,0.128604,True,VRC07-523LS|1176,1342294
130_bNAb_Combinations|1342294|sample|8|nan|1176,1,0.00942898,0.927246,0.169346,46.13,0.248366,0.128588,1,0.00942898,0.927246,0.169343,46.1304,0.248374,0.128604,True,VRC07-523LS|1176,1342294
130_bNAb_Combinations|1342294|vc|1|2|nan|1176,1,0.00229716,1.14553,0.195071,46.1301,0.248366,0.128588,1,0.00229716,1.14553,0.19507,46.1305,0.248374,0.128604,False,nan|1176,1342294
130_bNAb_Combinations|1342294|vc|2|2|nan|1176,1,0.00229716,1.14553,0.195071,46.1301,0.248366,0.128588,1,0.00229716,1.14553,0.19507,46.1305,0.248374,0.128604,False,nan|1176,1342294
130_bNAb_Combinations|1342294|vc|3|2|nan|1176,1,0.00229716,1.14553,0.195071,46.1301,0.248366,0.128588,1,0.00229716,1.14553,0.19507,46.1305,0.248374,0.128604,False,nan|1176,1342294
130_bNAb_Combinations|1342294|vc|4|2|nan|1176,1,0.00229716,1.14553,0.195071,46.1301,0.248366,0.128588,1,0.00229716,1.14553,0.19507,46.1305,0.248374,0.128604,False,nan|1176,1342294
130_bNAb_Combinations|1342294|vc|5|2|nan|1176,1,0.00229716,1.14553,0.195071,46.1301,0.248366,0.128588,1,0.00229716,1.14553,0.19507,46.1305,0.248374,0.128604,False,nan|1176,1342294
130_bNAb_Combinations|1342294|vc|6|2|nan|1176,1,0.00229716,1.14553,0.195071,46.1301,0.248366,0.128588,1,0.00229716,1.14553,0.19507,46.1305,0.248374,0.128604,False,nan|1176,1342294
130_bNAb_Combinations|1342294|vc|7|2|nan|1176,1,0.00229716,1.14553,0.195071,46.1301,0.248366,0.128588,1,0.00229716,1.14553,0.19507,46.1305,0.248374,0.128604,False,nan|1176,1342294
130_bNAb_Combinations|1342294|vc|8|2|nan|1176,1,0.00229716,1.14553,0.195071,46.1301,0.248366,0.128588,1,0.00229716,1.14553,0.19507,46.1305,0.248374,0.128604,False,nan|1176,1342294
130_bNAb_Combinations|1342312|cc|1|1|RHPA4259.7|5371,1,0.0185143,1.00691,0.195072,46.13,0.297929,0.726233,1,0.0185143,1.00691,0.195071,46.1304,0.29795,0.726158,False,nan|RHPA4259.7,1342312
130_bNAb_Combinations|1342312|cc|2|1|RHPA4259.7|5371,1,0.0185143,1.00691,0.195072,46.13,0.297929,0.726233,1,0.0185143,1.00691,0.195071,46.1304,0.29795,0.726158,False,nan|RHPA4259.7,1342312
130_bNAb_Combinations|1342312|cc|3|1|RHPA4259.7|5371,1,0.0185143,1.00691,0.195072,46.13,0.297929,0.726233,1,0.0185143,1.00691,0.195071,46.1304,0.29795,0.726158,False,nan|RHPA4259.7,1342312
130_bNAb_Combinations|1342312|cc|4|1|RHPA4259.7|5371,1,0.0185143,1.00691,0.195072,46.13,0.297929,0.726233,1,0.0185143,1.00691,0.195071,46.1304,0.29795,0.726158,False,nan|RHPA4259.7,1342312
130_bNAb_Combinations|1342312|cc|5|1|RHPA4259.7|5371,1,0.0185143,1.00691,0.195072,46.13,0.297929,0.726233,1,0.0185143,1.00691,0.195071,46.1304,0.29795,0.726158,False,nan|RHPA4259.7,1342312
130_bNAb_Combinations|1342312|cc|6|1|RHPA4259.7|5371,1,0.0185143,1.00691,0.195072,46.13,0.297929,0.726233,1,0.0185143,1.00691,0.195071,46.1304,0.29795,0.726158,False,nan|RHPA4259.7,1342312
130_bNAb_Combinations|1342312|cc|7|1|RHPA4259.7|5371,1,0.0185143,1.00691,0.195072,46.13,0.297929,0.726233,1,0.0185143,1.00691,0.195071,46.1304,0.29795,0.726158,False,nan|RHPA4259.7,1342312
130_bNAb_Combinations|1342312|cc|8|1|RHPA4259.7|5371,1,0.0185143,1.00691,0.195072,46.13,0.297929,0.726233,1,0.0185143,1.00691,0.195071,46.1304,0.29795,0.726158,False,nan|RHPA4259.7,1342312
130_bNAb_Combinations|1342312|sample|3|RHPA4259.7|5371,1,0.00607161,0.763902,0.195118,46.13,0.297929,0.726233,1,0.00607161,0.763902,0.195117,46.1304,0.29795,0.726158,True,VRC07-523LS|RHPA4259.7,1342312
130_bNAb_Combinations|1342312|sample|4|RHPA4259.7|5371,1,0.00607161,0.763902,0.195118,46.13,0.297929,0.726233,1,0.00607161,0.763902,0.195117,46.1304,0.29795,0.726158,True,VRC07-523LS|RHPA4259.7,1342312
130_bNAb_Combinations|1342312|vc|1|2|RHPA4259.7|5371,1,0.0185143,1.00691,0.195072,46.13,0.297929,0.726233,1,0.0185143,1.00691,0.195071,46.1304,0.29795,0.726158,False,nan|RHPA4259.7,1342312
130_bNAb_Combinations|1342312|vc|2|2|RHPA4259.7|5371,1,0.0185143,1.00691,0.195072,46.13,0.297929,0.726233,1,0.0185143,1.00691,0.195071,46.1304,0.29795,0.726158,False,nan|RHPA4259.7,1342312
130_bNAb_Combinations|1342312|vc|3|2|RHPA4259.7|5371,1,0.0185143,1.00691,0.195072,46.13,0.297929,0.726233,1,0.0185143,1.00691,0.195071,46.1304,0.29795,0.726158,False,nan|RHPA4259.7,1342312
130_bNAb_Combinations|1342312|vc|4|2|RHPA4259.7|5371,1,0.0185143,1.00691,0.195072,46.13,0.297929,0.726233,1,0.0185143,1.00691,0.195071,46.1304,0.29795,0.726158,False,nan|RHPA4259.7,1342312
130_bNAb_Combinations|1342312|vc|5|2|RHPA4259.7|5371,1,0.0185143,1.00691,0.195072,46.13,0.297929,0.726233,1,0.0185143,1.00691,0.195071,46.1304,0.29795,0.726158,False,nan|RHPA4259.7,1342312
130_bNAb_Combinations|1342312|vc|6|2|RHPA4259.7|5371,1,0.0185143,1.00691,0.195072,46.13,0.297929,0.726233,1,0.0185143,1.00691,0.195071,46.1304,0.29795,0.726158,False,nan|RHPA4259.7,1342312
130_bNAb_Combinations|1342312|vc|7|2|RHPA4259.7|5371,1,0.0185143,1.00691,0.195072,46.13,0.297929,0.726233,1,0.0185143,1.00691,0.195071,46.1304,0.29795,0.726158,False,nan|RHPA4259.7,1342312
130_bNAb_Combinations|1342312|vc|8|2|RHPA4259.7|5371,1,0.0185143,1.00691,0.195072,46.13,0.297929,0.726233,1,0.0185143,1.00691,0.195071,46.1304,0.29795,0.726158,False,nan|RHPA4259.7,1342312
130_bNAb_Combinations|1342336|cc|1|1|nan|3430,1,0.0150626,1.07633,0.195071,46.13,0.297858,0.589935,1,0.0150626,1.07633,0.195071,46.1304,0.297872,0.589992,False,nan|3430,1342336
130_bNAb_Combinations|1342336|cc|2|1|nan|3430,1,0.0150626,1.07633,0.195071,46.13,0.297858,0.589935,1,0.0150626,1.07633,0.195071,46.1304,0.297872,0.589992,False,nan|3430,1342336
130_bNAb_Combinations|1342336|cc|3|1|nan|3430,1,0.0150626,1.07633,0.195071,46.13,0.297858,0.589935,1,0.0150626,1.07633,0.195071,46.1304,0.297872,0.589992,False,nan|3430,1342336
130_bNAb_Combinations|1342336|cc|4|1|nan|3430,1,0.0150626,1.07633,0.195071,46.13,0.297858,0.589935,1,0.0150626,1.07633,0.195071,46.1304,0.297872,0.589992,False,nan|3430,1342336
130_bNAb_Combinations|1342336|cc|5|1|nan|3430,1,0.0150626,1.07633,0.195071,46.13,0.297858,0.589935,1,0.0150626,1.07633,0.195071,46.1304,0.297872,0.589992,False,nan|3430,1342336
130_bNAb_Combinations|1342336|cc|6|1|nan|3430,1,0.0150626,1.07633,0.195071,46.13,0.297858,0.589935,1,0.0150626,1.07633,0.195071,46.1304,0.297872,0.589992,False,nan|3430,1342336
130_bNAb_Combinations|1342336|cc|7|1|nan|3430,1,0.0150626,1.07633,0.195071,46.13,0.297858,0.589935,1,0.0150626,1.07633,0.195071,46.1304,0.297872,0.589992,False,nan|3430,1342336
130_bNAb_Combinations|1342336|cc|8|1|nan|3430,1,0.0150626,1.07633,0.195071,46.13,0.297858,0.589935,1,0.0150626,1.07633,0.195071,46.1304,0.297872,0.589992,False,nan|3430,1342336
130_bNAb_Combinations|1342336|sample|3|nan|3430,1,0.00351953,0.887385,0.195047,46.13,0.297858,0.589935,1,0.00351953,0.887385,0.195047,46.1304,0.297872,0.589992,True,VRC07-523LS|3430,1342336
130_bNAb_Combinations|1342336|sample|4|nan|3430,1,0.00351953,0.887385,0.195047,46.13,0.297858,0.589935,1,0.00351953,0.887385,0.195047,46.1304,0.297872,0.589992,True,VRC07-523LS|3430,1342336
130_bNAb_Combinations|1342336|sample|5|nan|3430,1,0.00351953,0.887385,0.195047,46.13,0.297858,0.589935,1,0.00351953,0.887385,0.195047,46.1304,0.297872,0.589992,True,VRC07-523LS|3430,1342336
130_bNAb_Combinations|1342336|vc|1|2|nan|3430,1,0.0150626,1.07633,0.195071,46.13,0.297858,0.589935,1,0.0150626,1.07633,0.195071,46.1304,0.297872,0.589992,False,nan|3430,1342336
130_bNAb_Combinations|1342336|vc|2|2|nan|3430,1,0.0150626,1.07633,0.195071,46.13,0.297858,0.589935,1,0.0150626,1.07633,0.195071,46.1304,0.297872,0.589992,False,nan|3430,1342336
130_bNAb_Combinations|1342336|vc|3|2|nan|3430,1,0.0150626,1.07633,0.195071,46.13,0.297858,0.589935,1,0.0150626,1.07633,0.195071,46.1304,0.297872,0.589992,False,nan|3430,1342336
130_bNAb_Combinations|1342336|vc|4|2|nan|3430,1,0.0150626,1.07633,0.195071,46.13,0.297858,0.589935,1,0.0150626,1.07633,0.195071,46.1304,0.297872,0.589992,False,nan|3430,1342336
130_bNAb_Combinations|1342336|vc|5|2|nan|3430,1,0.0150626,1.07633,0.195071,46.13,0.297858,0.589935,1,0.0150626,1.07633,0.195071,46.1304,0.297872,0.589992,False,nan|3430,1342336
130_bNAb_Combinations|1342336|vc|6|2|nan|3430,1,0.0150626,1.07633,0.195071,46.13,0.297858,0.589935,1,0.0150626,1.07633,0.195071,46.1304,0.297872,0.589992,False,nan|3430,1342336
130_bNAb_Combinations|1342336|vc|7|2|nan|3430,1,0.0150626,1.07633,0.195071,46.13,0.297858,0.589935,1,0.0150626,1.07633,0.195071,46.1304,0.297872,0.589992,False,nan|3430,1342336
130_bNAb_Combinations|1342336|vc|8|2|nan|3430,1,0.0150626,1.07633,0.195071,46.13,0.297858,0.589935,1,0.0150626,1.07633,0.195071,46.1304,0.297872,0.589992,False,nan|3430,1342336
130_bNAb_Combinations|1342348|cc|1|1|nan|4166,1,0.0415557,1.30296,0.195072,46.13,0.127756,0.128594,1,0.0415557,1.30296,0.195071,46.1304,0.127754,0.128611,False,nan|4166,1342348
130_bNAb_Combinations|1342348|cc|2|1|nan|4166,1,0.0415557,1.30296,0.195072,46.13,0.127756,0.128594,1,0.0415557,1.30296,0.195071,46.1304,0.127754,0.128611,False,nan|4166,1342348
130_bNAb_Combinations|1342348|cc|3|1|nan|4166,1,0.0415557,1.30296,0.195072,46.13,0.127756,0.128594,1,0.0415557,1.30296,0.195071,46.1304,0.127754,0.128611,False,nan|4166,1342348
130_bNAb_Combinations|1342348|cc|4|1|nan|4166,1,0.0415557,1.30296,0.195072,46.13,0.127756,0.128594,1,0.0415557,1.30296,0.195071,46.1304,0.127754,0.128611,False,nan|4166,1342348
130_bNAb_Combinations|1342348|cc|5|1|nan|4166,1,0.0415557,1.30296,0.195072,46.13,0.127756,0.128594,1,0.0415557,1.30296,0.195071,46.1304,0.127754,0.128611,False,nan|4166,1342348
130_bNAb_Combinations|1342348|cc|6|1|nan|4166,1,0.0415557,1.30296,0.195072,46.13,0.127756,0.128594,1,0.0415557,1.30296,0.195071,46.1304,0.127754,0.128611,False,nan|4166,1342348
130_bNAb_Combinations|1342348|cc|7|1|nan|4166,1,0.0415557,1.30296,0.195072,46.13,0.127756,0.128594,1,0.0415557,1.30296,0.195071,46.1304,0.127754,0.128611,False,nan|4166,1342348
130_bNAb_Combinations|1342348|cc|8|1|nan|4166,1,0.0415557,1.30296,0.195072,46.13,0.127756,0.128594,1,0.0415557,1.30296,0.195071,46.1304,0.127754,0.128611,False,nan|4166,1342348
130_bNAb_Combinations|1342348|sample|3|nan|4166,1,0.00406254,0.734391,0.205386,46.13,0.127756,0.128594,1,0.00406254,0.734391,0.205386,46.1304,0.127754,0.128611,True,VRC07-523LS|4166,1342348
130_bNAb_Combinations|1342348|sample|4|nan|4166,1,0.00406254,0.734391,0.205386,46.13,0.127756,0.128594,1,0.00406254,0.734391,0.205386,46.1304,0.127754,0.128611,True,VRC07-523LS|4166,1342348
130_bNAb_Combinations|1342348|vc|1|2|nan|4166,1,0.0415557,1.30296,0.195072,46.13,0.127756,0.128594,1,0.0415557,1.30296,0.195071,46.1304,0.127754,0.128611,False,nan|4166,1342348
130_bNAb_Combinations|1342348|vc|2|2|nan|4166,1,0.0415557,1.30296,0.195072,46.13,0.127756,0.128594,1,0.0415557,1.30296,0.195071,46.1304,0.127754,0.128611,False,nan|4166,1342348
130_bNAb_Combinations|1342348|vc|3|2|nan|4166,1,0.0415557,1.30296,0.195072,46.13,0.127756,0.128594,1,0.0415557,1.30296,0.195071,46.1304,0.127754,0.128611,False,nan|4166,1342348
130_bNAb_Combinations|1342348|vc|4|2|nan|4166,1,0.0415557,1.30296,0.195072,46.13,0.127756,0.128594,1,0.0415557,1.30296,0.195071,46.1304,0.127754,0.128611,False,nan|4166,1342348
130_bNAb_Combinations|1342348|vc|5|2|nan|4166,1,0.0415557,1.30296,0.195072,46.13,0.127756,0.128594,1,0.0415557,1.30296,0.195071,46.1304,0.127754,0.128611,False,nan|4166,1342348
130_bNAb_Combinations|1342348|vc|6|2|nan|4166,1,0.0415557,1.30296,0.195072,46.13,0.127756,0.128594,1,0.0415557,1.30296,0.195071,46.1304,0.127754,0.128611,False,nan|4166,1342348
130_bNAb_Combinations|1342348|vc|7|2|nan|4166,1,0.0415557,1.30296,0.195072,46.13,0.127756,0.128594,1,0.0415557,1.30296,0.195071,46.1304,0.127754,0.128611,False,nan|4166,1342348
130_bNAb_Combinations|1342348|vc|8|2|nan|4166,1,0.0415557,1.30296,0.195072,46.13,0.127756,0.128594,1,0.0415557,1.30296,0.195071,46.1304,0.127754,0.128611,False,nan|4166,1342348
130_bNAb_Combinations|1342372|cc|1|1|nan|2944,1,0.00911675,2.085,0.195071,46.13,0.297855,0.282287,1,0.00911675,2.085,0.195071,46.1304,0.297869,0.28233,False,nan|2944,1342372
130_bNAb_Combinations|1342372|cc|2|1|nan|2944,1,0.00911675,2.085,0.195071,46.13,0.297855,0.282287,1,0.00911675,2.085,0.195071,46.1304,0.297869,0.28233,False,nan|2944,1342372
130_bNAb_Combinations|1342372|cc|3|1|nan|2944,1,0.00911675,2.085,0.195071,46.13,0.297855,0.282287,1,0.00911675,2.085,0.195071,46.1304,0.297869,0.28233,False,nan|2944,1342372
130_bNAb_Combinations|1342372|cc|4|1|nan|2944,1,0.00911675,2.085,0.195071,46.13,0.297855,0.282287,1,0.00911675,2.085,0.195071,46.1304,0.297869,0.28233,False,nan|2944,1342372
130_bNAb_Combinations|1342372|cc|5|1|nan|2944,1,0.00911675,2.085,0.195071,46.13,0.297855,0.282287,1,0.00911675,2.085,0.195071,46.1304,0.297869,0.28233,False,nan|2944,1342372
130_bNAb_Combinations|1342372|cc|6|1|nan|2944,1,0.00911675,2.085,0.195071,46.13,0.297855,0.282287,1,0.00911675,2.085,0.195071,46.1304,0.297869,0.28233,False,nan|2944,1342372
130_bNAb_Combinations|1342372|cc|7|1|nan|2944,1,0.00911675,2.085,0.195071,46.13,0.297855,0.282287,1,0.00911675,2.085,0.195071,46.1304,0.297869,0.28233,False,nan|2944,1342372
130_bNAb_Combinations|1342372|cc|8|1|nan|2944,1,0.00911675,2.085,0.195071,46.13,0.297855,0.282287,1,0.00911675,2.085,0.195071,46.1304,0.297869,0.28233,False,nan|2944,1342372
130_bNAb_Combinations|1342372|sample|3|nan|2944,1,0.00280447,1.11958,0.178124,46.13,0.297855,0.282287,1,0.00280447,1.11958,0.178123,46.1304,0.297869,0.28233,True,VRC07-523LS|2944,1342372
130_bNAb_Combinations|1342372|sample|4|nan|2944,1,0.00280447,1.11958,0.178124,46.13,0.297855,0.282287,1,0.00280447,1.11958,0.178123,46.1304,0.297869,0.28233,True,VRC07-523LS|2944,1342372
130_bNAb_Combinations|1342372|vc|1|2|nan|2944,1,0.00911675,2.085,0.195071,46.13,0.297855,0.282287,1,0.00911675,2.085,0.195071,46.1304,0.297869,0.28233,False,nan|2944,1342372
130_bNAb_Combinations|1342372|vc|2|2|nan|2944,1,0.00911675,2.085,0.195071,46.13,0.297855,0.282287,1,0.00911675,2.085,0.195071,46.1304,0.297869,0.28233,False,nan|2944,1342372
130_bNAb_Combinations|1342372|vc|3|2|nan|2944,1,0.00911675,2.085,0.195071,46.13,0.297855,0.282287,1,0.00911675,2.085,0.195071,46.1304,0.297869,0.28233,False,nan|2944,1342372
130_bNAb_Combinations|1342372|vc|4|2|nan|2944,1,0.00911675,2.085,0.195071,46.13,0.297855,0.282287,1,0.00911675,2.085,0.195071,46.1304,0.297869,0.28233,False,nan|2944,1342372
130_bNAb_Combinations|1342372|vc|5|2|nan|2944,1,0.00911675,2.085,0.195071,46.13,0.297855,0.282287,1,0.00911675,2.085,0.195071,46.1304,0.297869,0.28233,False,nan|2944,1342372
130_bNAb_Combinations|1342372|vc|6|2|nan|2944,1,0.00911675,2.085,0.195071,46.13,0.297855,0.282287,1,0.00911675,2.085,0.195071,46.1304,0.297869,0.28233,False,nan|2944,1342372
130_bNAb_Combinations|1342372|vc|7|2|nan|2944,1,0.00911675,2.085,0.195071,46.13,0.297855,0.282287,1,0.00911675,2.085,0.195071,46.1304,0.297869,0.28233,False,nan|2944,1342372
130_bNAb_Combinations|1342372|vc|8|2|nan|2944,1,0.00911675,2.085,0.195071,46.13,0.297855,0.282287,1,0.00911675,2.085,0.195071,46.1304,0.297869,0.28233,False,nan|2944,1342372
130_bNAb_Combinations|1342384|cc|1|1|nan|2946,1,0.0307283,1.90822,0.195071,46.13,0.297855,0.445474,1,0.0307283,1.90822,0.19507,46.1304,0.297869,0.445449,False,nan|2946,1342384
130_bNAb_Combinations|1342384|cc|2|1|nan|2946,1,0.0307283,1.90822,0.195071,46.13,0.297855,0.445474,1,0.0307283,1.90822,0.19507,46.1304,0.297869,0.445449,False,nan|2946,1342384
130_bNAb_Combinations|1342384|cc|3|1|nan|2946,1,0.0307283,1.90822,0.195071,46.13,0.297855,0.445474,1,0.0307283,1.90822,0.19507,46.1304,0.297869,0.445449,False,nan|2946,1342384
130_bNAb_Combinations|1342384|cc|4|1|nan|2946,1,0.0307283,1.90822,0.195071,46.13,0.297855,0.445474,1,0.0307283,1.90822,0.19507,46.1304,0.297869,0.445449,False,nan|2946,1342384
130_bNAb_Combinations|1342384|cc|5|1|nan|2946,1,0.0307283,1.90822,0.195071,46.13,0.297855,0.445474,1,0.0307283,1.90822,0.19507,46.1304,0.297869,0.445449,False,nan|2946,1342384
130_bNAb_Combinations|1342384|cc|6|1|nan|2946,1,0.0307283,1.90822,0.195071,46.13,0.297855,0.445474,1,0.0307283,1.90822,0.19507,46.1304,0.297869,0.445449,False,nan|2946,1342384
130_bNAb_Combinations|1342384|cc|7|1|nan|2946,1,0.0307283,1.90822,0.195071,46.13,0.297855,0.445474,1,0.0307283,1.90822,0.19507,46.1304,0.297869,0.445449,False,nan|2946,1342384
130_bNAb_Combinations|1342384|cc|8|1|nan|2946,1,0.0307283,1.90822,0.195071,46.13,0.297855,0.445474,1,0.0307283,1.90822,0.19507,46.1304,0.297869,0.445449,False,nan|2946,1342384
130_bNAb_Combinations|1342384|sample|3|nan|2946,1,0.0317438,2.35009,0.195065,46.13,0.297855,0.445474,1,0.0317438,2.35009,0.195064,46.1304,0.297869,0.445449,True,VRC07-523LS|2946,1342384
130_bNAb_Combinations|1342384|sample|4|nan|2946,1,0.0317438,2.35009,0.195065,46.13,0.297855,0.445474,1,0.0317438,2.35009,0.195064,46.1304,0.297869,0.445449,True,VRC07-523LS|2946,1342384
130_bNAb_Combinations|1342384|vc|1|2|nan|2946,1,0.0307283,1.90822,0.195071,46.13,0.297855,0.445474,1,0.0307283,1.90822,0.19507,46.1304,0.297869,0.445449,False,nan|2946,1342384
130_bNAb_Combinations|1342384|vc|2|2|nan|2946,1,0.0307283,1.90822,0.195071,46.13,0.297855,0.445474,1,0.0307283,1.90822,0.19507,46.1304,0.297869,0.445449,False,nan|2946,1342384
130_bNAb_Combinations|1342384|vc|3|2|nan|2946,1,0.0307283,1.90822,0.195071,46.13,0.297855,0.445474,1,0.0307283,1.90822,0.19507,46.1304,0.297869,0.445449,False,nan|2946,1342384
130_bNAb_Combinations|1342384|vc|4|2|nan|2946,1,0.0307283,1.90822,0.195071,46.13,0.297855,0.445474,1,0.0307283,1.90822,0.19507,46.1304,0.297869,0.445449,False,nan|2946,1342384
130_bNAb_Combinations|1342384|vc|5|2|nan|2946,1,0.0307283,1.90822,0.195071,46.13,0.297855,0.445474,1,0.0307283,1.90822,0.19507,46.1304,0.297869,0.445449,False,nan|2946,1342384
130_bNAb_Combinations|1342384|vc|6|2|nan|2946,1,0.0307283,1.90822,0.195071,46.13,0.297855,0.445474,1,0.0307283,1.90822,0.19507,46.1304,0.297869,0.445449,False,nan|2946,1342384
130_bNAb_Combinations|1342384|vc|7|2|nan|2946,1,0.0307283,1.90822,0.195071,46.13,0.297855,0.445474,1,0.0307283,1.90822,0.19507,46.1304,0.297869,0.445449,False,nan|2946,1342384
130_bNAb_Combinations|1342384|vc|8|2|nan|2946,1,0.0307283,1.90822,0.195071,46.13,0.297855,0.445474,1,0.0307283,1.90822,0.19507,46.1304,0.297869,0.445449,False,nan|2946,1342384
130_bNAb_Combinations|1342396|cc|1|1|PVO.4|5024,1,0.00478376,0.875571,0.195074,46.13,0.297858,0.399165,1,0.00478376,0.875571,0.195073,46.1304,0.297872,0.399227,False,nan|PVO.4,1342396
130_bNAb_Combinations|1342396|cc|2|1|PVO.4|5024,1,0.00478376,0.875571,0.195074,46.13,0.297858,0.399165,1,0.00478376,0.875571,0.195073,46.1304,0.297872,0.399227,False,nan|PVO.4,1342396
130_bNAb_Combinations|1342396|cc|3|1|PVO.4|5024,1,0.00478376,0.875571,0.195074,46.13,0.297858,0.399165,1,0.00478376,0.875571,0.195073,46.1304,0.297872,0.399227,False,nan|PVO.4,1342396
130_bNAb_Combinations|1342396|cc|4|1|PVO.4|5024,1,0.00478376,0.875571,0.195074,46.13,0.297858,0.399165,1,0.00478376,0.875571,0.195073,46.1304,0.297872,0.399227,False,nan|PVO.4,1342396
130_bNAb_Combinations|1342396|cc|5|1|PVO.4|5024,1,0.00478376,0.875571,0.195074,46.13,0.297858,0.399165,1,0.00478376,0.875571,0.195073,46.1304,0.297872,0.399227,False,nan|PVO.4,1342396
130_bNAb_Combinations|1342396|cc|6|1|PVO.4|5024,1,0.00478376,0.875571,0.195074,46.13,0.297858,0.399165,1,0.00478376,0.875571,0.195073,46.1304,0.297872,0.399227,False,nan|PVO.4,1342396
130_bNAb_Combinations|1342396|cc|7|1|PVO.4|5024,1,0.00478376,0.875571,0.195074,46.13,0.297858,0.399165,1,0.00478376,0.875571,0.195073,46.1304,0.297872,0.399227,False,nan|PVO.4,1342396
130_bNAb_Combinations|1342396|cc|8|1|PVO.4|5024,1,0.00478376,0.875571,0.195074,46.13,0.297858,0.399165,1,0.00478376,0.875571,0.195073,46.1304,0.297872,0.399227,False,nan|PVO.4,1342396
130_bNAb_Combinations|1342396|sample|3|PVO.4|5024,1,0.00401095,1.2563,0.170062,46.13,0.297858,0.399165,1,0.00401095,1.2563,0.170062,46.1304,0.297872,0.399227,True,VRC07-523LS|PVO.4,1342396
130_bNAb_Combinations|1342396|sample|4|PVO.4|5024,1,0.00401095,1.2563,0.170062,46.13,0.297858,0.399165,1,0.00401095,1.2563,0.170062,46.1304,0.297872,0.399227,True,VRC07-523LS|PVO.4,1342396
130_bNAb_Combinations|1342396|vc|1|2|PVO.4|5024,1,0.00478376,0.875571,0.195074,46.13,0.297858,0.399165,1,0.00478376,0.875571,0.195073,46.1304,0.297872,0.399227,False,nan|PVO.4,1342396
130_bNAb_Combinations|1342396|vc|2|2|PVO.4|5024,1,0.00478376,0.875571,0.195074,46.13,0.297858,0.399165,1,0.00478376,0.875571,0.195073,46.1304,0.297872,0.399227,False,nan|PVO.4,1342396
130_bNAb_Combinations|1342396|vc|3|2|PVO.4|5024,1,0.00478376,0.875571,0.195074,46.13,0.297858,0.399165,1,0.00478376,0.875571,0.195073,46.1304,0.297872,0.399227,False,nan|PVO.4,1342396
130_bNAb_Combinations|1342396|vc|4|2|PVO.4|5024,1,0.00478376,0.875571,0.195074,46.13,0.297858,0.399165,1,0.00478376,0.875571,0.195073,46.1304,0.297872,0.399227,False,nan|PVO.4,1342396
130_bNAb_Combinations|1342396|vc|5|2|PVO.4|5024,1,0.00478376,0.875571,0.195074,46.13,0.297858,0.399165,1,0.00478376,0.875571,0.195073,46.1304,0.297872,0.399227,False,nan|PVO.4,1342396
130_bNAb_Combinations|1342396|vc|6|2|PVO.4|5024,1,0.00478376,0.875571,0.195074,46.13,0.297858,0.399165,1,0.00478376,0.875571,0.195073,46.1304,0.297872,0.399227,False,nan|PVO.4,1342396
130_bNAb_Combinations|1342396|vc|7|2|PVO.4|5024,1,0.00478376,0.875571,0.195074,46.13,0.297858,0.399165,1,0.00478376,0.875571,0.195073,46.1304,0.297872,0.399227,False,nan|PVO.4,1342396
130_bNAb_Combinations|1342396|vc|8|2|PVO.4|5024,1,0.00478376,0.875571,0.195074,46.13,0.297858,0.399165,1,0.00478376,0.875571,0.195073,46.1304,0.297872,0.399227,False,nan|PVO.4,1342396
130_bNAb_Combinations|1342408|cc|1|1|nan|4168,1,0.00407857,0.843844,0.195071,46.13,0.297858,0.313719,1,0.00407857,0.843844,0.195071,46.1304,0.297872,0.313769,False,nan|4168,1342408
130_bNAb_Combinations|1342408|cc|2|1|nan|4168,1,0.00407857,0.843844,0.195071,46.13,0.297858,0.313719,1,0.00407857,0.843844,0.195071,46.1304,0.297872,0.313769,False,nan|4168,1342408
130_bNAb_Combinations|1342408|cc|3|1|nan|4168,1,0.00407857,0.843844,0.195071,46.13,0.297858,0.313719,1,0.00407857,0.843844,0.195071,46.1304,0.297872,0.313769,False,nan|4168,1342408
130_bNAb_Combinations|1342408|cc|4|1|nan|4168,1,0.00407857,0.843844,0.195071,46.13,0.297858,0.313719,1,0.00407857,0.843844,0.195071,46.1304,0.297872,0.313769,False,nan|4168,1342408
130_bNAb_Combinations|1342408|cc|5|1|nan|4168,1,0.00407857,0.843844,0.195071,46.13,0.297858,0.313719,1,0.00407857,0.843844,0.195071,46.1304,0.297872,0.313769,False,nan|4168,1342408
130_bNAb_Combinations|1342408|cc|6|1|nan|4168,1,0.00407857,0.843844,0.195071,46.13,0.297858,0.313719,1,0.00407857,0.843844,0.195071,46.1304,0.297872,0.313769,False,nan|4168,1342408
130_bNAb_Combinations|1342408|cc|7|1|nan|4168,1,0.00407857,0.843844,0.195071,46.13,0.297858,0.313719,1,0.00407857,0.843844,0.195071,46.1304,0.297872,0.313769,False,nan|4168,1342408
130_bNAb_Combinations|1342408|cc|8|1|nan|4168,1,0.00407857,0.843844,0.195071,46.13,0.297858,0.313719,1,0.00407857,0.843844,0.195071,46.1304,0.297872,0.313769,False,nan|4168,1342408
130_bNAb_Combinations|1342408|sample|3|nan|4168,1,0.0141449,1.80584,0.195066,46.13,0.297858,0.313719,1,0.0141449,1.80584,0.195066,46.1304,0.297872,0.313769,True,VRC07-523LS|4168,1342408
130_bNAb_Combinations|1342408|sample|4|nan|4168,1,0.0141449,1.80584,0.195066,46.13,0.297858,0.313719,1,0.0141449,1.80584,0.195066,46.1304,0.297872,0.313769,True,VRC07-523LS|4168,1342408
130_bNAb_Combinations|1342408|vc|1|2|nan|4168,1,0.00407857,0.843844,0.195071,46.13,0.297858,0.313719,1,0.00407857,0.843844,0.195071,46.1304,0.297872,0.313769,False,nan|4168,1342408
130_bNAb_Combinations|1342408|vc|2|2|nan|4168,1,0.00407857,0.843844,0.195071,46.13,0.297858,0.313719,1,0.00407857,0.843844,0.195071,46.1304,0.297872,0.313769,False,nan|4168,1342408
130_bNAb_Combinations|1342408|vc|3|2|nan|4168,1,0.00407857,0.843844,0.195071,46.13,0.297858,0.313719,1,0.00407857,0.843844,0.195071,46.1304,0.297872,0.313769,False,nan|4168,1342408
130_bNAb_Combinations|1342408|vc|4|2|nan|4168,1,0.00407857,0.843844,0.195071,46.13,0.297858,0.313719,1,0.00407857,0.843844,0.195071,46.1304,0.297872,0.313769,False,nan|4168,1342408
130_bNAb_Combinations|1342408|vc|5|2|nan|4168,1,0.00407857,0.843844,0.195071,46.13,0.297858,0.313719,1,0.00407857,0.843844,0.195071,46.1304,0.297872,0.313769,False,nan|4168,1342408
130_bNAb_Combinations|1342408|vc|6|2|nan|4168,1,0.00407857,0.843844,0.195071,46.13,0.297858,0.313719,1,0.00407857,0.843844,0.195071,46.1304,0.297872,0.313769,False,nan|4168,1342408
130_bNAb_Combinations|1342408|vc|7|2|nan|4168,1,0.00407857,0.843844,0.195071,46.13,0.297858,0.313719,1,0.00407857,0.843844,0.195071,46.1304,0.297872,0.313769,False,nan|4168,1342408
130_bNAb_Combinations|1342408|vc|8|2|nan|4168,1,0.00407857,0.843844,0.195071,46.13,0.297858,0.313719,1,0.00407857,0.843844,0.195071,46.1304,0.297872,0.313769,False,nan|4168,1342408
704_VRC01_Concordance|1200432|cc|1|1|PVO.4|5024,1,0.00478376,0.875571,0.195074,46.13,0.297858,0.128585,1,0.00478376,0.875571,0.195073,46.1304,0.297871,0.128601,False,nan|PVO.4,1200432
704_VRC01_Concordance|1200432|cc|2|1|PVO.4|5024,1,0.00478376,0.875571,0.195074,46.13,0.297858,0.128585,1,0.00478376,0.875571,0.195073,46.1304,0.297871,0.128601,False,nan|PVO.4,1200432
704_VRC01_Concordance|1200432|cc|3|1|PVO.4|5024,1,0.00478376,0.875571,0.195074,46.13,0.297858,0.128585,1,0.00478376,0.875571,0.195073,46.1304,0.297871,0.128601,False,nan|PVO.4,1200432
704_VRC01_Concordance|1200432|cc|4|1|PVO.4|5024,1,0.00478376,0.875571,0.195074,46.13,0.297858,0.128585,1,0.00478376,0.875571,0.195073,46.1304,0.297871,0.128601,False,nan|PVO.4,1200432
704_VRC01_Concordance|1200432|cc|5|1|PVO.4|5024,1,0.00478376,0.875571,0.195074,46.13,0.297858,0.128585,1,0.00478376,0.875571,0.195073,46.1304,0.297871,0.128601,False,nan|PVO.4,1200432
704_VRC01_Concordance|1200432|cc|6|1|PVO.4|5024,1,0.00478376,0.875571,0.195074,46.13,0.297858,0.128585,1,0.00478376,0.875571,0.195073,46.1304,0.297871,0.128601,False,nan|PVO.4,1200432
704_VRC01_Concordance|1200432|cc|7|1|PVO.4|5024,1,0.00478376,0.875571,0.195074,46.13,0.297858,0.128585,1,0.00478376,0.875571,0.195073,46.1304,0.297871,0.128601,False,nan|PVO.4,1200432
704_VRC01_Concordance|1200432|cc|8|1|PVO.4|5024,1,0.00478376,0.875571,0.195074,46.13,0.297858,0.128585,1,0.00478376,0.875571,0.195073,46.1304,0.297871,0.128601,False,nan|PVO.4,1200432
704_VRC01_Concordance|1200432|sample|10|PVO.4|5024,1,0.0296654,2.76376,0.195066,46.13,0.297858,0.128585,1,0.0296654,2.76376,0.195066,46.1304,0.297871,0.128601,True,Clinical VRC01|PVO.4,1200432
704_VRC01_Concordance|1200432|sample|11|PVO.4|5024,1,0.0296654,2.76376,0.195066,46.13,0.297858,0.128585,1,0.0296654,2.76376,0.195066,46.1304,0.297871,0.128601,True,Clinical VRC01|PVO.4,1200432
704_VRC01_Concordance|1200432|sample|12|PVO.4|5024,1,0.0296654,2.76376,0.195066,46.13,0.297858,0.128585,1,0.0296654,2.76376,0.195066,46.1304,0.297871,0.128601,True,Clinical VRC01|PVO.4,1200432
704_VRC01_Concordance|1200432|sample|3|PVO.4|5024,1,0.0296654,2.76376,0.195066,46.13,0.297858,0.128585,1,0.0296654,2.76376,0.195066,46.1304,0.297871,0.128601,True,Clinical VRC01|PVO.4,1200432
704_VRC01_Concordance|1200432|sample|4|PVO.4|5024,1,0.0296654,2.76376,0.195066,46.13,0.297858,0.128585,1,0.0296654,2.76376,0.195066,46.1304,0.297871,0.128601,True,Clinical VRC01|PVO.4,1200432
704_VRC01_Concordance|1200432|sample|5|PVO.4|5024,1,0.0296654,2.76376,0.195066,46.13,0.297858,0.128585,1,0.0296654,2.76376,0.195066,46.1304,0.297871,0.128601,True,Clinical VRC01|PVO.4,1200432
704_VRC01_Concordance|1200432|sample|6|PVO.4|5024,1,0.0296654,2.76376,0.195066,46.13,0.297858,0.128585,1,0.0296654,2.76376,0.195066,46.1304,0.297871,0.128601,True,Clinical VRC01|PVO.4,1200432
704_VRC01_Concordance|1200432|sample|7|PVO.4|5024,1,0.0296654,2.76376,0.195066,46.13,0.297858,0.128585,1,0.0296654,2.76376,0.195066,46.1304,0.297871,0.128601,True,Clinical VRC01|PVO.4,1200432
704_VRC01_Concordance|1200432|sample|8|PVO.4|5024,1,0.0296654,2.76376,0.195066,46.13,0.297858,0.128585,1,0.0296654,2.76376,0.195066,46.1304,0.297871,0.128601,True,Clinical VRC01|PVO.4,1200432
704_VRC01_Concordance|1200432|sample|9|PVO.4|5024,1,0.0296654,2.76376,0.195066,46.13,0.297858,0.128585,1,0.0296654,2.76376,0.195066,46.1304,0.297871,0.128601,True,Clinical VRC01|PVO.4,1200432
704_VRC01_Concordance|1200432|vc|1|2|PVO.4|5024,1,0.00478376,0.875571,0.195074,46.13,0.297858,0.128585,1,0.00478376,0.875571,0.195073,46.1304,0.297871,0.128601,False,nan|PVO.4,1200432
704_VRC01_Concordance|1200432|vc|2|2|PVO.4|5024,1,0.00478376,0.875571,0.195074,46.13,0.297858,0.128585,1,0.00478376,0.875571,0.195073,46.1304,0.297871,0.128601,False,nan|PVO.4,1200432
704_VRC01_Concordance|1200432|vc|3|2|PVO.4|5024,1,0.00478376,0.875571,0.195074,46.13,0.297858,0.128585,1,0.00478376,0.875571,0.195073,46.1304,0.297871,0.128601,False,nan|PVO.4,1200432
704_VRC01_Concordance|1200432|vc|4|2|PVO.4|5024,1,0.00478376,0.875571,0.195074,46.13,0.297858,0.128585,1,0.00478376,0.875571,0.195073,46.1304,0.297871,0.128601,False,nan|PVO.4,1200432
704_VRC01_Concordance|1200432|vc|5|2|PVO.4|5024,1,0.00478376,0.875571,0.195074,46.13,0.297858,0.128585,1,0.00478376,0.875571,0.195073,46.1304,0.297871,0.128601,False,nan|PVO.4,1200432
704_VRC01_Concordance|1200432|vc|6|2|PVO.4|5024,1,0.00478376,0.875571,0.195074,46.13,0.297858,0.128585,1,0.00478376,0.875571,0.195073,46.1304,0.297871,0.128601,False,nan|PVO.4,1200432
704_VRC01_Concordance|1200432|vc|7|2|PVO.4|5024,1,0.00478376,0.875571,0.195074,46.13,0.297858,0.128585,1,0.00478376,0.875571,0.195073,46.1304,0.297871,0.128601,False,nan|PVO.4,1200432
704_VRC01_Concordance|1200432|vc|8|2|PVO.4|5024,1,0.00478376,0.875571,0.195074,46.13,0.297858,0.128585,1,0.00478376,0.875571,0.195073,46.1304,0.297871,0.128601,False,nan|PVO.4,1200432
