id,eta_U_SAEM,eta_L_SAEM,eta_m_SAEM,eta_e_SAEM,eta_s_SAEM,eta_alpha_SAEM,eta_k_SAEM,eta_U_mode,eta_L_mode,eta_m_mode,eta_e_mode,eta_s_mode,eta_alpha_mode,eta_k_mode,goes_down,mab_virus,run_id
130_bNAb_Combinations|1313842|cc|1|1|nan|2946,0,0.0755367,-0.00307733,0.0917184,0,0,0,0,-3.45558e-07,-2.4513e-09,-1.34013e-07,0,0,0,False,nan|2946,1313842
130_bNAb_Combinations|1313842|cc|2|1|nan|2946,0,0.00232001,0.00927891,0.0142997,0,0,0,0,1.11978e-07,-8.9091e-09,1.65966e-07,0,0,0,False,nan|2946,1313842
130_bNAb_Combinations|1313842|cc|3|1|nan|2946,0,0.306536,-0.00612339,-0.117049,0,0,0,0,-1.76124e-07,-1.62788e-08,2.80583e-07,0,0,0,False,nan|2946,1313842
130_bNAb_Combinations|1313842|cc|4|1|nan|2946,0,-0.0833652,0.00540496,0.0759821,0,0,0,0,8.67495e-07,-8.54205e-09,4.56409e-07,0,0,0,False,nan|2946,1313842
130_bNAb_Combinations|1313842|cc|5|1|nan|2946,0,0.00673359,-0.0039538,-0.199924,0,0,0,0,2.09083e-08,5.13482e-09,3.08017e-07,0,0,0,False,nan|2946,1313842
130_bNAb_Combinations|1313842|cc|6|1|nan|2946,0,-0.296875,-0.00408725,-0.130173,0,0,0,0,-4.76826e-07,-3.37207e-09,1.50061e-07,0,0,0,False,nan|2946,1313842
130_bNAb_Combinations|1313842|cc|7|1|nan|2946,0,0.127403,0.000375483,0.160033,0,0,0,0,4.45797e-07,9.18201e-09,2.01091e-07,0,0,0,False,nan|2946,1313842
130_bNAb_Combinations|1313842|cc|8|1|nan|2946,0,0.0401746,0.00441143,-0.062838,0,0,0,0,-2.86971e-07,-8.27579e-09,-2.01763e-07,0,0,0,False,nan|2946,1313842
130_bNAb_Combinations|1313842|sample|10|nan|2946,0,-1.28759,-0.0720536,-2.44218,0,0,0,0,-0.193943,-0.0563174,-2.13504,0,0,0,True,PGT121|2946,1313842
130_bNAb_Combinations|1313842|sample|11|nan|2946,0,-1.57758,0.0332446,-1.08631,0,0,0,0,-1.02252,0.0168088,-1.29155,0,0,0,True,VRC07-523LS|2946,1313842
130_bNAb_Combinations|1313842|sample|12|nan|2946,0,-1.74955,-0.0259185,-1.81357,0,0,0,0,-0.498655,-0.0171092,-1.6123,0,0,0,True,VRC07-523LS|2946,1313842
130_bNAb_Combinations|1313842|sample|3|nan|2946,0,0.196256,0.0178626,-2.38155,0,0,0,0,0.168932,-0.00226779,-2.70124,0,0,0,True,PGDM1400|2946,1313842
130_bNAb_Combinations|1313842|sample|4|nan|2946,0,1.73525,-0.00392197,-2.54009,0,0,0,0,0.262007,-0.0199878,-2.90209,0,0,0,True,PGDM1400|2946,1313842
130_bNAb_Combinations|1313842|sample|5|nan|2946,0,3.41172,0.00845708,-2.02853,0,0,0,0,3.28523,-0.0381509,-2.76983,0,0,0,True,PGDM1400|2946,1313842
130_bNAb_Combinations|1313842|sample|6|nan|2946,0,2.96394,-0.067842,-3.91965,0,0,0,0,3.02103,-0.0683371,-3.89065,0,0,0,True,PGDM1400|2946,1313842
130_bNAb_Combinations|1313842|sample|7|nan|2946,0,-0.948993,-0.0164456,-1.65344,0,0,0,0,0.759461,-0.00527328,-1.41172,0,0,0,True,PGT121|2946,1313842
130_bNAb_Combinations|1313842|sample|8|nan|2946,0,0.169906,-0.045511,-2.05545,0,0,0,0,1.53038,0.00925909,-1.06327,0,0,0,True,PGT121|2946,1313842
130_bNAb_Combinations|1313842|sample|9|nan|2946,0,-1.12646,-0.0101194,-1.35545,0,0,0,0,-0.181724,-0.0205603,-1.50392,0,0,0,True,PGT121|2946,1313842
130_bNAb_Combinations|1313842|vc|1|2|nan|2946,0,0.202055,0.00332968,-0.147087,0,0,0,0,-1.40208e-07,-3.86954e-09,2.99098e-07,0,0,0,False,nan|2946,1313842
130_bNAb_Combinations|1313842|vc|2|2|nan|2946,0,0.0608633,-0.00594226,-0.151515,0,0,0,0,-1.32549e-07,-1.26223e-08,-1.33885e-07,0,0,0,False,nan|2946,1313842
130_bNAb_Combinations|1313842|vc|3|2|nan|2946,0,0.114775,0.00884105,-0.166941,0,0,0,0,-4.88698e-07,2.06673e-08,-1.92688e-07,0,0,0,False,nan|2946,1313842
130_bNAb_Combinations|1313842|vc|4|2|nan|2946,0,0.0134438,-0.00355351,0.0227761,0,0,0,0,-2.34461e-07,-8.89345e-09,-9.78863e-08,0,0,0,False,nan|2946,1313842
130_bNAb_Combinations|1313842|vc|5|2|nan|2946,0,0.136432,0.00625151,-0.0364498,0,0,0,0,-4.17189e-07,1.99873e-09,-3.74247e-07,0,0,0,False,nan|2946,1313842
130_bNAb_Combinations|1313842|vc|6|2|nan|2946,0,0.0745987,-0.00140014,0.0675678,0,0,0,0,4.3735e-07,-3.80502e-09,3.57884e-07,0,0,0,False,nan|2946,1313842
130_bNAb_Combinations|1313842|vc|7|2|nan|2946,0,-0.00565424,0.00389272,0.0941325,0,0,0,0,-5.26253e-07,6.68884e-09,-2.6198e-07,0,0,0,False,nan|2946,1313842
130_bNAb_Combinations|1313842|vc|8|2|nan|2946,0,-0.126939,0.00518643,-0.00351592,0,0,0,0,3.22809e-07,8.33782e-09,-1.37444e-07,0,0,0,False,nan|2946,1313842
130_bNAb_Combinations|1313860|cc|1|1|PVO.4|5024,0,0.024154,0.00114905,0.23137,0,0,0,0,-1.95422e-07,3.33259e-09,5.16931e-07,0,0,0,False,nan|PVO.4,1313860
130_bNAb_Combinations|1313860|cc|2|1|PVO.4|5024,0,0.0707105,-0.00223215,0.138217,0,0,0,0,3.60606e-07,2.3786e-09,-3.31961e-07,0,0,0,False,nan|PVO.4,1313860
130_bNAb_Combinations|1313860|cc|3|1|PVO.4|5024,0,0.00452877,5.1526e-05,-0.161915,0,0,0,0,-2.35193e-07,-7.33698e-09,-2.22828e-07,0,0,0,False,nan|PVO.4,1313860
130_bNAb_Combinations|1313860|cc|4|1|PVO.4|5024,0,0.115339,0.00132446,0.0617404,0,0,0,0,-6.57829e-07,1.48525e-08,7.76408e-08,0,0,0,False,nan|PVO.4,1313860
130_bNAb_Combinations|1313860|cc|5|1|PVO.4|5024,0,0.0183858,-0.00397487,0.0699992,0,0,0,0,2.80251e-07,6.10156e-10,4.59379e-08,0,0,0,False,nan|PVO.4,1313860
130_bNAb_Combinations|1313860|cc|6|1|PVO.4|5024,0,0.0308543,0.00831386,-0.0901903,0,0,0,0,3.21715e-07,-5.75573e-09,3.36743e-07,0,0,0,False,nan|PVO.4,1313860
130_bNAb_Combinations|1313860|cc|7|1|PVO.4|5024,0,-0.0254507,-0.00147315,-0.134424,0,0,0,0,1.69771e-08,-1.21851e-08,-1.56914e-07,0,0,0,False,nan|PVO.4,1313860
130_bNAb_Combinations|1313860|cc|8|1|PVO.4|5024,0,0.0601405,0.00328313,0.0983314,0,0,0,0,2.3873e-07,9.88606e-09,1.6367e-07,0,0,0,False,nan|PVO.4,1313860
130_bNAb_Combinations|1313860|sample|10|PVO.4|5024,0,-1.59785,0.0251871,0.0290541,0,0,0,0,-1.03211,0.011327,-0.0791726,0,0,0,True,PGT121|PVO.4,1313860
130_bNAb_Combinations|1313860|sample|11|PVO.4|5024,0,-1.7505,0.0311359,0.432013,0,0,0,0,-1.08454,0.0317754,0.440383,0,0,0,True,VRC07-523LS|PVO.4,1313860
130_bNAb_Combinations|1313860|sample|12|PVO.4|5024,0,-2.13512,0.0731948,0.923682,0,0,0,0,-1.22086,0.103072,1.34102,0,0,0,True,VRC07-523LS|PVO.4,1313860
130_bNAb_Combinations|1313860|sample|3|PVO.4|5024,0,-0.226791,0.0839207,-1.26634,0,0,0,0,-0.0391844,0.0252604,-1.98633,0,0,0,True,PGDM1400|PVO.4,1313860
130_bNAb_Combinations|1313860|sample|4|PVO.4|5024,0,-0.409818,0.030436,-1.93445,0,0,0,0,-0.0187289,0.0161718,-2.14143,0,0,0,True,PGDM1400|PVO.4,1313860
130_bNAb_Combinations|1313860|sample|5|PVO.4|5024,0,-1.27158,-0.0332548,-2.9028,0,0,0,0,0.342815,-0.0308308,-2.85024,0,0,0,True,PGDM1400|PVO.4,1313860
130_bNAb_Combinations|1313860|sample|6|PVO.4|5024,0,-1.24469,0.00992624,-2.12412,0,0,0,0,-0.0301567,0.000238533,-2.24016,0,0,0,True,PGDM1400|PVO.4,1313860
130_bNAb_Combinations|1313860|sample|7|PVO.4|5024,0,-0.814416,-0.0114137,-0.467338,0,0,0,0,-0.525507,-0.0199683,-0.564457,0,0,0,True,PGT121|PVO.4,1313860
130_bNAb_Combinations|1313860|sample|8|PVO.4|5024,0,-1.38415,-0.0157147,-0.550888,0,0,0,0,-0.506291,-0.0270263,-0.657873,0,0,0,True,PGT121|PVO.4,1313860
130_bNAb_Combinations|1313860|sample|9|PVO.4|5024,0,-1.72824,-0.0055988,-0.316211,0,0,0,0,-0.808205,0.00611566,-0.124109,0,0,0,True,PGT121|PVO.4,1313860
130_bNAb_Combinations|1313860|vc|1|2|PVO.4|5024,0,0.00108454,-0.00183213,0.192538,0,0,0,0,-3.40971e-07,1.0424e-08,2.74798e-07,0,0,0,False,nan|PVO.4,1313860
130_bNAb_Combinations|1313860|vc|2|2|PVO.4|5024,0,-0.266427,-0.00553754,0.199598,0,0,0,0,4.56093e-07,-1.35529e-09,-2.38975e-08,0,0,0,False,nan|PVO.4,1313860
130_bNAb_Combinations|1313860|vc|3|2|PVO.4|5024,0,0.000292097,-0.00123989,0.0437901,0,0,0,0,2.2644e-07,-7.63451e-09,3.57135e-07,0,0,0,False,nan|PVO.4,1313860
130_bNAb_Combinations|1313860|vc|4|2|PVO.4|5024,0,-0.322932,7.26246e-05,-0.126537,0,0,0,0,-9.68502e-08,2.93281e-08,1.59874e-07,0,0,0,False,nan|PVO.4,1313860
130_bNAb_Combinations|1313860|vc|5|2|PVO.4|5024,0,0.0687545,0.004771,-0.0949614,0,0,0,0,-1.88335e-07,-1.4226e-08,-1.70059e-07,0,0,0,False,nan|PVO.4,1313860
130_bNAb_Combinations|1313860|vc|6|2|PVO.4|5024,0,-0.0153229,-0.000200476,0.0823014,0,0,0,0,2.22275e-07,-9.3424e-09,-9.83562e-08,0,0,0,False,nan|PVO.4,1313860
130_bNAb_Combinations|1313860|vc|7|2|PVO.4|5024,0,-0.253885,-0.00198239,-0.270326,0,0,0,0,2.40176e-07,7.28481e-09,2.46258e-07,0,0,0,False,nan|PVO.4,1313860
130_bNAb_Combinations|1313860|vc|8|2|PVO.4|5024,0,-0.00226758,-0.00621394,0.253797,0,0,0,0,-1.57917e-07,-1.22463e-08,2.24686e-07,0,0,0,False,nan|PVO.4,1313860
130_bNAb_Combinations|1313884|cc|1|1|nan|4168,0,-0.260968,-0.00362604,0.0840494,0,0,0,0,2.57037e-07,-5.71754e-09,2.93491e-07,0,0,0,False,nan|4168,1313884
130_bNAb_Combinations|1313884|cc|2|1|nan|4168,0,-0.0543305,0.00620279,-0.14912,0,0,0,0,1.9112e-07,-9.19015e-09,4.36376e-07,0,0,0,False,nan|4168,1313884
130_bNAb_Combinations|1313884|cc|3|1|nan|4168,0,0.0395755,-0.00529391,-0.299006,0,0,0,0,3.80718e-07,8.27042e-09,-5.24371e-08,0,0,0,False,nan|4168,1313884
130_bNAb_Combinations|1313884|cc|4|1|nan|4168,0,-0.161312,0.000827995,-0.099006,0,0,0,0,-1.92984e-07,7.4276e-09,2.37799e-07,0,0,0,False,nan|4168,1313884
130_bNAb_Combinations|1313884|cc|5|1|nan|4168,0,-0.11897,-0.00100177,-0.316504,0,0,0,0,5.19753e-08,-1.53796e-08,3.30395e-08,0,0,0,False,nan|4168,1313884
130_bNAb_Combinations|1313884|cc|6|1|nan|4168,0,0.0448962,-0.00586485,-0.0766302,0,0,0,0,-1.28532e-07,-2.8783e-08,3.38889e-08,0,0,0,False,nan|4168,1313884
130_bNAb_Combinations|1313884|cc|7|1|nan|4168,0,-0.206115,-0.00594329,-0.0298298,0,0,0,0,-2.19212e-07,4.28948e-09,-3.89804e-07,0,0,0,False,nan|4168,1313884
130_bNAb_Combinations|1313884|cc|8|1|nan|4168,0,-0.0877889,-0.00511658,0.0377794,0,0,0,0,9.65878e-08,1.27355e-09,-3.61067e-07,0,0,0,False,nan|4168,1313884
130_bNAb_Combinations|1313884|sample|10|nan|4168,0,3.60682,-0.11679,-1.80567,0,0,0,0,3.66032,-0.107445,-1.36414,0,0,0,True,PGT121|4168,1313884
130_bNAb_Combinations|1313884|sample|11|nan|4168,0,1.24836,-0.0539855,-1.39265,0,0,0,0,1.30896,-0.0924057,-2.04059,0,0,0,True,VRC07-523LS|4168,1313884
130_bNAb_Combinations|1313884|sample|12|nan|4168,0,1.16205,-0.00620411,-0.540121,0,0,0,0,1.16013,-0.046164,-1.16859,0,0,0,True,VRC07-523LS|4168,1313884
130_bNAb_Combinations|1313884|sample|3|nan|4168,0,-0.258052,0.0514257,-2.95061,0,0,0,0,0.0191641,0.0465807,-2.89919,0,0,0,True,PGDM1400|4168,1313884
130_bNAb_Combinations|1313884|sample|4|nan|4168,0,0.0684437,0.0547234,-2.91465,0,0,0,0,0.0187698,0.0483051,-2.99985,0,0,0,True,PGDM1400|4168,1313884
130_bNAb_Combinations|1313884|sample|5|nan|4168,0,2.77547,0.0287865,-3.08193,0,0,0,0,2.84832,0.0518866,-2.66278,0,0,0,True,PGDM1400|4168,1313884
130_bNAb_Combinations|1313884|sample|6|nan|4168,0,2.84466,0.0482065,-2.77985,0,0,0,0,2.87313,0.038799,-2.8968,0,0,0,True,PGDM1400|4168,1313884
130_bNAb_Combinations|1313884|sample|7|nan|4168,0,3.93691,-0.0959237,-1.49998,0,0,0,0,4.04109,-0.0499866,-0.363572,0,0,0,True,PGT121|4168,1313884
130_bNAb_Combinations|1313884|sample|8|nan|4168,0,4.00509,-0.046111,-0.24101,0,0,0,0,3.96849,-0.0362648,-0.0969122,0,0,0,True,PGT121|4168,1313884
130_bNAb_Combinations|1313884|sample|9|nan|4168,0,3.601,-0.128392,-2.36321,0,0,0,0,3.49053,-0.153961,-3.15503,0,0,0,True,PGT121|4168,1313884
130_bNAb_Combinations|1313884|vc|1|2|nan|4168,0,0.275516,-0.00230066,-0.0115197,0,0,0,0,-3.15253e-08,1.55198e-08,-1.64434e-07,0,0,0,False,nan|4168,1313884
130_bNAb_Combinations|1313884|vc|2|2|nan|4168,0,0.00417885,-0.00482662,-0.0521343,0,0,0,0,8.08007e-08,-8.69816e-09,-1.8476e-07,0,0,0,False,nan|4168,1313884
130_bNAb_Combinations|1313884|vc|3|2|nan|4168,0,-0.348387,0.000980984,0.121257,0,0,0,0,4.41432e-07,3.49684e-09,1.26855e-08,0,0,0,False,nan|4168,1313884
130_bNAb_Combinations|1313884|vc|4|2|nan|4168,0,0.130281,-0.00330154,-0.0964863,0,0,0,0,4.81046e-08,9.97598e-09,-1.46573e-07,0,0,0,False,nan|4168,1313884
130_bNAb_Combinations|1313884|vc|5|2|nan|4168,0,0.0184668,-0.00596456,-0.153027,0,0,0,0,-3.69071e-07,3.36363e-09,3.43011e-08,0,0,0,False,nan|4168,1313884
130_bNAb_Combinations|1313884|vc|6|2|nan|4168,0,-0.206615,-0.00823648,0.107419,0,0,0,0,-2.96836e-07,1.39442e-08,-5.56802e-07,0,0,0,False,nan|4168,1313884
130_bNAb_Combinations|1313884|vc|7|2|nan|4168,0,0.118174,0.00205681,0.157504,0,0,0,0,-3.55083e-07,1.31486e-08,2.21567e-07,0,0,0,False,nan|4168,1313884
130_bNAb_Combinations|1313884|vc|8|2|nan|4168,0,0.246503,0.000598625,-0.0276058,0,0,0,0,4.62997e-07,-9.29079e-09,-1.31795e-07,0,0,0,False,nan|4168,1313884
130_bNAb_Combinations|1313920|cc|1|1|nan|1798,0,-0.0416913,-0.00459308,0.318782,0,0,0,0,3.06351e-07,-3.09954e-09,-8.60458e-08,0,0,0,False,nan|1798,1313920
130_bNAb_Combinations|1313920|cc|2|1|nan|1798,0,0.115139,-0.00141484,-0.141106,0,0,0,0,1.46627e-08,7.2284e-10,3.98955e-07,0,0,0,False,nan|1798,1313920
130_bNAb_Combinations|1313920|cc|3|1|nan|1798,0,0.14713,-0.000251991,0.176041,0,0,0,0,-3.80088e-07,-6.84221e-09,-3.66528e-07,0,0,0,False,nan|1798,1313920
130_bNAb_Combinations|1313920|cc|4|1|nan|1798,0,0.0054048,-0.00355916,-0.0615506,0,0,0,0,3.0928e-07,-1.33812e-08,-4.50452e-08,0,0,0,False,nan|1798,1313920
130_bNAb_Combinations|1313920|cc|5|1|nan|1798,0,0.13378,0.00199335,-0.152481,0,0,0,0,6.82994e-08,2.72562e-11,3.35252e-07,0,0,0,False,nan|1798,1313920
130_bNAb_Combinations|1313920|cc|6|1|nan|1798,0,-0.196641,0.00336426,-0.0618301,0,0,0,0,-1.84106e-07,-1.46153e-09,-4.3328e-07,0,0,0,False,nan|1798,1313920
130_bNAb_Combinations|1313920|cc|7|1|nan|1798,0,-0.0386194,0.00788634,-0.0918865,0,0,0,0,-1.85688e-07,-1.05967e-08,-3.97874e-07,0,0,0,False,nan|1798,1313920
130_bNAb_Combinations|1313920|cc|8|1|nan|1798,0,-0.151721,0.00113287,-0.143949,0,0,0,0,1.87535e-07,1.81697e-08,-1.17074e-07,0,0,0,False,nan|1798,1313920
130_bNAb_Combinations|1313920|sample|10|nan|1798,0,-1.80101,-0.00985024,0.687893,0,0,0,0,-1.02219,-0.0333118,0.399437,0,0,0,True,PGT121|1798,1313920
130_bNAb_Combinations|1313920|sample|11|nan|1798,0,-1.94914,-0.0253751,-1.29105,0,0,0,0,-0.835661,-0.0297583,-1.36145,0,0,0,True,VRC07-523LS|1798,1313920
130_bNAb_Combinations|1313920|sample|12|nan|1798,0,-2.08655,0.013245,-0.89798,0,0,0,0,-1.05547,0.0159187,-0.792876,0,0,0,True,VRC07-523LS|1798,1313920
130_bNAb_Combinations|1313920|sample|3|nan|1798,0,4.09655,0.00958031,-0.474692,0,0,0,0,4.0574,0.000561724,-0.600999,0,0,0,True,PGDM1400|1798,1313920
130_bNAb_Combinations|1313920|sample|4|nan|1798,0,4.20612,0.0291187,0.11308,0,0,0,0,4.08389,-0.0124428,-0.667342,0,0,0,True,PGDM1400|1798,1313920
130_bNAb_Combinations|1313920|sample|5|nan|1798,0,3.84474,-0.0964693,-2.69844,0,0,0,0,3.81059,-0.0595292,-1.89282,0,0,0,True,PGDM1400|1798,1313920
130_bNAb_Combinations|1313920|sample|6|nan|1798,0,3.75835,-0.070974,-1.85658,0,0,0,0,3.753,-0.0948525,-2.34467,0,0,0,True,PGDM1400|1798,1313920
130_bNAb_Combinations|1313920|sample|7|nan|1798,0,-1.69614,0.03037,1.01009,0,0,0,0,-0.775905,0.00469787,0.694187,0,0,0,True,PGT121|1798,1313920
130_bNAb_Combinations|1313920|sample|8|nan|1798,0,-1.44494,-0.0128678,0.468265,0,0,0,0,-0.726527,-0.00727721,0.578083,0,0,0,True,PGT121|1798,1313920
130_bNAb_Combinations|1313920|sample|9|nan|1798,0,-1.73877,-0.0273451,0.377999,0,0,0,0,-0.938136,-0.0309745,0.358405,0,0,0,True,PGT121|1798,1313920
130_bNAb_Combinations|1313920|vc|1|2|nan|1798,0,-0.097515,-0.00352485,0.0161403,0,0,0,0,-5.92333e-07,3.24211e-09,5.90214e-08,0,0,0,False,nan|1798,1313920
130_bNAb_Combinations|1313920|vc|2|2|nan|1798,0,0.00501181,0.00204456,0.0517097,0,0,0,0,-3.56895e-08,-9.76844e-09,-1.61362e-07,0,0,0,False,nan|1798,1313920
130_bNAb_Combinations|1313920|vc|3|2|nan|1798,0,0.0118319,0.00251574,-0.394789,0,0,0,0,-1.65042e-07,-1.72393e-08,1.53622e-07,0,0,0,False,nan|1798,1313920
130_bNAb_Combinations|1313920|vc|4|2|nan|1798,0,-0.609341,0.000836138,-0.0466994,0,0,0,0,-4.40798e-07,-5.58588e-09,-1.86013e-07,0,0,0,False,nan|1798,1313920
130_bNAb_Combinations|1313920|vc|5|2|nan|1798,0,0.0531357,0.00301133,-0.0591182,0,0,0,0,4.2773e-08,-1.1009e-08,-6.58096e-08,0,0,0,False,nan|1798,1313920
130_bNAb_Combinations|1313920|vc|6|2|nan|1798,0,-0.237416,-0.00137358,0.242334,0,0,0,0,3.97437e-07,-8.50422e-09,-1.22849e-07,0,0,0,False,nan|1798,1313920
130_bNAb_Combinations|1313920|vc|7|2|nan|1798,0,-0.0101596,-0.000237296,-0.111858,0,0,0,0,2.7225e-07,5.74977e-09,3.65396e-07,0,0,0,False,nan|1798,1313920
130_bNAb_Combinations|1313920|vc|8|2|nan|1798,0,-0.0947034,0.0089454,0.193444,0,0,0,0,-1.51979e-07,9.20546e-09,-3.25761e-07,0,0,0,False,nan|1798,1313920
130_bNAb_Combinations|1313938|cc|1|1|TRO.11|8301,0,0.0041662,-0.00136234,-0.117762,0,0,0,0,3.71928e-07,-8.45937e-09,-7.98925e-08,0,0,0,False,nan|TRO.11,1313938
130_bNAb_Combinations|1313938|cc|2|1|TRO.11|8301,0,-0.16229,-0.000327609,0.0113882,0,0,0,0,-2.10166e-07,-1.45978e-08,1.10896e-07,0,0,0,False,nan|TRO.11,1313938
130_bNAb_Combinations|1313938|cc|3|1|TRO.11|8301,0,0.0933889,0.000411224,0.172705,0,0,0,0,-2.66122e-07,5.27071e-09,4.27206e-07,0,0,0,False,nan|TRO.11,1313938
130_bNAb_Combinations|1313938|cc|4|1|TRO.11|8301,0,-0.0884905,0.00260925,0.00408627,0,0,0,0,2.56231e-07,9.48091e-10,-1.14311e-07,0,0,0,False,nan|TRO.11,1313938
130_bNAb_Combinations|1313938|cc|5|1|TRO.11|8301,0,-0.166551,0.00549433,-0.31251,0,0,0,0,2.1177e-07,-1.86891e-08,5.30428e-07,0,0,0,False,nan|TRO.11,1313938
130_bNAb_Combinations|1313938|cc|6|1|TRO.11|8301,0,-0.0637033,-0.00476695,-0.0211745,0,0,0,0,-3.84895e-07,8.99834e-09,4.60518e-08,0,0,0,False,nan|TRO.11,1313938
130_bNAb_Combinations|1313938|cc|7|1|TRO.11|8301,0,-0.315536,-0.000649402,-0.0952975,0,0,0,0,3.00071e-07,5.83641e-09,1.5947e-07,0,0,0,False,nan|TRO.11,1313938
130_bNAb_Combinations|1313938|cc|8|1|TRO.11|8301,0,-0.180931,-0.00203694,0.0879326,0,0,0,0,-1.23236e-07,-1.57582e-08,2.0074e-07,0,0,0,False,nan|TRO.11,1313938
130_bNAb_Combinations|1313938|sample|10|TRO.11|8301,0,-1.71145,0.00735015,2.05666,0,0,0,0,-1.19238,0.00423381,1.99521,0,0,0,True,PGT121|TRO.11,1313938
130_bNAb_Combinations|1313938|sample|11|TRO.11|8301,0,-2.39417,0.0295373,0.587606,0,0,0,0,-1.40591,0.0471809,0.865692,0,0,0,True,VRC07-523LS|TRO.11,1313938
130_bNAb_Combinations|1313938|sample|12|TRO.11|8301,0,-1.97084,0.0721822,1.20853,0,0,0,0,-1.33063,0.0291907,0.657467,0,0,0,True,VRC07-523LS|TRO.11,1313938
130_bNAb_Combinations|1313938|sample|3|TRO.11|8301,0,-0.0905713,0.00807788,-1.57277,0,0,0,0,0.490846,0.00902255,-1.61026,0,0,0,True,PGDM1400|TRO.11,1313938
130_bNAb_Combinations|1313938|sample|4|TRO.11|8301,0,0.0439097,-0.0228883,-2.14348,0,0,0,0,2.38957,0.0213626,-1.16471,0,0,0,True,PGDM1400|TRO.11,1313938
130_bNAb_Combinations|1313938|sample|5|TRO.11|8301,0,1.5489,-0.0165017,-1.88516,0,0,0,0,1.56456,-0.0206883,-1.88346,0,0,0,True,PGDM1400|TRO.11,1313938
130_bNAb_Combinations|1313938|sample|6|TRO.11|8301,0,1.60671,-0.0101127,-1.81989,0,0,0,0,1.54577,-0.0257519,-1.97773,0,0,0,True,PGDM1400|TRO.11,1313938
130_bNAb_Combinations|1313938|sample|7|TRO.11|8301,0,-2.0991,0.00428783,1.86581,0,0,0,0,-1.16541,-0.00198601,1.80675,0,0,0,True,PGT121|TRO.11,1313938
130_bNAb_Combinations|1313938|sample|8|TRO.11|8301,0,-2.11354,0.0104317,1.91853,0,0,0,0,-1.06929,-0.00256488,1.73956,0,0,0,True,PGT121|TRO.11,1313938
130_bNAb_Combinations|1313938|sample|9|TRO.11|8301,0,-1.92796,-0.00743424,1.84373,0,0,0,0,-1.10033,0.011854,2.12333,0,0,0,True,PGT121|TRO.11,1313938
130_bNAb_Combinations|1313938|vc|1|2|TRO.11|8301,0,-0.148018,-0.00457255,0.127948,0,0,0,0,1.94851e-07,-1.74184e-08,-5.15683e-09,0,0,0,False,nan|TRO.11,1313938
130_bNAb_Combinations|1313938|vc|2|2|TRO.11|8301,0,-0.0194748,-0.00195195,0.0446883,0,0,0,0,3.43931e-07,-1.4442e-08,-1.17367e-07,0,0,0,False,nan|TRO.11,1313938
130_bNAb_Combinations|1313938|vc|3|2|TRO.11|8301,0,-0.129011,-0.00649501,0.0257338,0,0,0,0,-8.81293e-10,1.97786e-08,2.39668e-07,0,0,0,False,nan|TRO.11,1313938
130_bNAb_Combinations|1313938|vc|4|2|TRO.11|8301,0,-0.095493,-0.00626148,-0.15539,0,0,0,0,-1.75724e-07,2.47711e-09,2.74737e-07,0,0,0,False,nan|TRO.11,1313938
130_bNAb_Combinations|1313938|vc|5|2|TRO.11|8301,0,-0.271217,0.00524954,-0.134676,0,0,0,0,-2.31936e-07,6.13632e-09,-1.91444e-07,0,0,0,False,nan|TRO.11,1313938
130_bNAb_Combinations|1313938|vc|6|2|TRO.11|8301,0,-0.130365,0.00997165,0.0833453,0,0,0,0,9.4309e-08,-4.91076e-09,-1.86134e-07,0,0,0,False,nan|TRO.11,1313938
130_bNAb_Combinations|1313938|vc|7|2|TRO.11|8301,0,0.0140608,-0.000267932,0.026798,0,0,0,0,-4.97512e-07,4.81377e-09,1.67511e-07,0,0,0,False,nan|TRO.11,1313938
130_bNAb_Combinations|1313938|vc|8|2|TRO.11|8301,0,-0.340446,0.00457056,-0.070659,0,0,0,0,-4.26064e-08,-1.18515e-08,3.35223e-07,0,0,0,False,nan|TRO.11,1313938
130_bNAb_Combinations|1313956|cc|1|1|Ce1176_A3|7023,0,0.324879,0.00136651,-0.14322,0,0,0,0,-1.63301e-08,8.41462e-09,-5.6175e-07,0,0,0,False,nan|Ce1176_A3,1313956
130_bNAb_Combinations|1313956|cc|2|1|Ce1176_A3|7023,0,0.0541192,-0.0017481,0.105341,0,0,0,0,2.3799e-07,1.0401e-08,1.35693e-07,0,0,0,False,nan|Ce1176_A3,1313956
130_bNAb_Combinations|1313956|cc|3|1|Ce1176_A3|7023,0,-0.0204109,0.00117534,-0.0826682,0,0,0,0,-6.58961e-08,-3.5464e-09,3.37952e-07,0,0,0,False,nan|Ce1176_A3,1313956
130_bNAb_Combinations|1313956|cc|4|1|Ce1176_A3|7023,0,0.0164741,0.00503024,-0.0102737,0,0,0,0,-3.6524e-07,1.03516e-08,-4.16299e-08,0,0,0,False,nan|Ce1176_A3,1313956
130_bNAb_Combinations|1313956|cc|5|1|Ce1176_A3|7023,0,-0.0846892,0.00487413,0.142343,0,0,0,0,-2.3433e-07,-1.74555e-08,-4.02885e-08,0,0,0,False,nan|Ce1176_A3,1313956
130_bNAb_Combinations|1313956|cc|6|1|Ce1176_A3|7023,0,0.0111322,-0.00210681,0.0873779,0,0,0,0,-8.17721e-08,7.66339e-09,-4.17235e-07,0,0,0,False,nan|Ce1176_A3,1313956
130_bNAb_Combinations|1313956|cc|7|1|Ce1176_A3|7023,0,0.258401,-0.00658055,0.0860787,0,0,0,0,-1.54843e-08,-6.19561e-09,3.96006e-07,0,0,0,False,nan|Ce1176_A3,1313956
130_bNAb_Combinations|1313956|cc|8|1|Ce1176_A3|7023,0,-0.109648,0.00226225,0.000341368,0,0,0,0,-6.53421e-07,-4.4761e-09,-3.50363e-07,0,0,0,False,nan|Ce1176_A3,1313956
130_bNAb_Combinations|1313956|sample|10|Ce1176_A3|7023,0,-2.30221,-0.0642755,0.789438,0,0,0,0,-1.43163,-0.0231254,1.54908,0,0,0,True,PGT121|Ce1176_A3,1313956
130_bNAb_Combinations|1313956|sample|11|Ce1176_A3|7023,0,-1.95006,0.00470987,-0.715051,0,0,0,0,-1.03726,-0.00849669,-0.810634,0,0,0,True,VRC07-523LS|Ce1176_A3,1313956
130_bNAb_Combinations|1313956|sample|12|Ce1176_A3|7023,0,-1.68012,-0.0437138,-1.28038,0,0,0,0,-0.5824,-0.0580944,-1.51678,0,0,0,True,VRC07-523LS|Ce1176_A3,1313956
130_bNAb_Combinations|1313956|sample|3|Ce1176_A3|7023,0,4.68125,0.0172274,-0.536895,0,0,0,0,4.60935,-0.0195894,-1.1688,0,0,0,True,PGDM1400|Ce1176_A3,1313956
130_bNAb_Combinations|1313956|sample|4|Ce1176_A3|7023,0,4.55818,-0.0640089,-2.12508,0,0,0,0,4.57953,-0.00334297,-0.867844,0,0,0,True,PGDM1400|Ce1176_A3,1313956
130_bNAb_Combinations|1313956|sample|5|Ce1176_A3|7023,0,4.15496,-0.0476885,-2.96939,0,0,0,0,4.02996,-0.08419,-3.8056,0,0,0,True,PGDM1400|Ce1176_A3,1313956
130_bNAb_Combinations|1313956|sample|6|Ce1176_A3|7023,0,3.90083,-0.118811,-4.53056,0,0,0,0,4.00864,-0.0916776,-3.69094,0,0,0,True,PGDM1400|Ce1176_A3,1313956
130_bNAb_Combinations|1313956|sample|7|Ce1176_A3|7023,0,-1.98006,0.048115,2.3565,0,0,0,0,-1.08817,0.0386525,2.24593,0,0,0,True,PGT121|Ce1176_A3,1313956
130_bNAb_Combinations|1313956|sample|8|Ce1176_A3|7023,0,-2.54999,0.0376172,2.15761,0,0,0,0,-1.30184,0.0528646,2.39172,0,0,0,True,PGT121|Ce1176_A3,1313956
130_bNAb_Combinations|1313956|sample|9|Ce1176_A3|7023,0,-2.51087,0.013494,2.02359,0,0,0,0,-1.28544,0.0247273,2.20584,0,0,0,True,PGT121|Ce1176_A3,1313956
130_bNAb_Combinations|1313956|vc|1|2|Ce1176_A3|7023,0,-0.194956,0.00227445,-0.0855642,0,0,0,0,3.025e-07,-1.32583e-08,-1.9749e-07,0,0,0,False,nan|Ce1176_A3,1313956
130_bNAb_Combinations|1313956|vc|2|2|Ce1176_A3|7023,0,0.0725229,0.00208479,0.146497,0,0,0,0,-3.1614e-07,-1.20704e-08,-2.84042e-07,0,0,0,False,nan|Ce1176_A3,1313956
130_bNAb_Combinations|1313956|vc|3|2|Ce1176_A3|7023,0,0.188823,0.0157016,-0.0512979,0,0,0,0,3.87999e-07,9.79194e-09,2.90116e-07,0,0,0,False,nan|Ce1176_A3,1313956
130_bNAb_Combinations|1313956|vc|4|2|Ce1176_A3|7023,0,-0.141532,0.00516362,0.099065,0,0,0,0,-8.90906e-08,-2.05656e-08,3.17017e-07,0,0,0,False,nan|Ce1176_A3,1313956
130_bNAb_Combinations|1313956|vc|5|2|Ce1176_A3|7023,0,0.105932,0.00331613,-0.0343867,0,0,0,0,2.44598e-08,8.82547e-09,4.78474e-07,0,0,0,False,nan|Ce1176_A3,1313956
130_bNAb_Combinations|1313956|vc|6|2|Ce1176_A3|7023,0,-0.1021,0.0011373,-0.0379118,0,0,0,0,-2.87466e-07,1.90018e-08,4.15901e-07,0,0,0,False,nan|Ce1176_A3,1313956
130_bNAb_Combinations|1313956|vc|7|2|Ce1176_A3|7023,0,-0.0265897,0.00305713,0.188554,0,0,0,0,-4.40692e-08,8.1034e-09,-2.01084e-07,0,0,0,False,nan|Ce1176_A3,1313956
130_bNAb_Combinations|1313956|vc|8|2|Ce1176_A3|7023,0,0.225286,-0.000439556,-0.278981,0,0,0,0,3.38118e-07,3.4354e-09,5.78934e-08,0,0,0,False,nan|Ce1176_A3,1313956
130_bNAb_Combinations|1313974|cc|1|1|nan|1176,0,0.259234,0.0017021,-0.0536303,0,0,0,0,2.08594e-07,-5.925e-09,6.24641e-07,0,0,0,False,nan|1176,1313974
130_bNAb_Combinations|1313974|cc|2|1|nan|1176,0,0.0699075,0.00399736,-0.0830257,0,0,0,0,2.84717e-08,1.37937e-08,-7.82758e-07,0,0,0,False,nan|1176,1313974
130_bNAb_Combinations|1313974|cc|3|1|nan|1176,0,0.0945206,-0.00252861,-0.166131,0,0,0,0,4.53677e-07,-1.07979e-08,-1.92117e-08,0,0,0,False,nan|1176,1313974
130_bNAb_Combinations|1313974|cc|4|1|nan|1176,0,-0.172335,0.000274909,-0.048476,0,0,0,0,2.80618e-07,8.41412e-09,7.95106e-08,0,0,0,False,nan|1176,1313974
130_bNAb_Combinations|1313974|cc|5|1|nan|1176,0,-0.0541586,-0.0010379,-0.0674269,0,0,0,0,-2.9729e-07,1.6987e-09,2.1289e-07,0,0,0,False,nan|1176,1313974
130_bNAb_Combinations|1313974|cc|6|1|nan|1176,0,-0.10695,0.0150475,-0.162203,0,0,0,0,2.91137e-07,-7.79784e-09,1.09538e-07,0,0,0,False,nan|1176,1313974
130_bNAb_Combinations|1313974|cc|7|1|nan|1176,0,0.121808,-0.0078768,0.0463233,0,0,0,0,-5.90194e-07,2.05282e-08,3.92441e-07,0,0,0,False,nan|1176,1313974
130_bNAb_Combinations|1313974|cc|8|1|nan|1176,0,-0.197742,-0.00939704,0.0590505,0,0,0,0,-1.44581e-07,-1.47227e-08,-9.37916e-08,0,0,0,False,nan|1176,1313974
130_bNAb_Combinations|1313974|sample|10|nan|1176,0,3.63842,0.00461368,-2.8439,0,0,0,0,3.65132,-0.00843692,-2.93855,0,0,0,True,PGT121|1176,1313974
130_bNAb_Combinations|1313974|sample|11|nan|1176,0,1.34487,0.0446817,1.08775,0,0,0,0,1.30769,0.0306683,0.926314,0,0,0,True,VRC07-523LS|1176,1313974
130_bNAb_Combinations|1313974|sample|12|nan|1176,0,0.893947,0.0184314,1.14898,0,0,0,0,1.04044,0.011386,1.04852,0,0,0,True,VRC07-523LS|1176,1313974
130_bNAb_Combinations|1313974|sample|3|nan|1176,0,2.55672,0.0657198,2.16249,0,0,0,0,2.57296,0.0316146,1.70236,0,0,0,True,PGDM1400|1176,1313974
130_bNAb_Combinations|1313974|sample|4|nan|1176,0,2.4341,-0.0563997,0.0524437,0,0,0,0,2.45716,-0.0426436,0.340207,0,0,0,True,PGDM1400|1176,1313974
130_bNAb_Combinations|1313974|sample|5|nan|1176,0,2.51254,-0.139516,-1.76501,0,0,0,0,2.58216,-0.126208,-1.36123,0,0,0,True,PGDM1400|1176,1313974
130_bNAb_Combinations|1313974|sample|6|nan|1176,0,2.81007,-0.116215,-1.21847,0,0,0,0,2.73391,-0.101375,-0.793373,0,0,0,True,PGDM1400|1176,1313974
130_bNAb_Combinations|1313974|sample|7|nan|1176,0,1.98299,0.0247319,-2.26134,0,0,0,0,0.237249,0.000621682,-2.9014,0,0,0,True,PGT121|1176,1313974
130_bNAb_Combinations|1313974|sample|8|nan|1176,0,0.602869,0.0588783,-1.87812,0,0,0,0,0.117598,0.0134505,-2.56926,0,0,0,True,PGT121|1176,1313974
130_bNAb_Combinations|1313974|sample|9|nan|1176,0,3.81651,-0.0117434,-2.85018,0,0,0,0,3.83824,8.62568e-06,-2.58765,0,0,0,True,PGT121|1176,1313974
130_bNAb_Combinations|1313974|vc|1|2|nan|1176,0,-0.346802,0.0026791,0.18683,0,0,0,0,1.47915e-07,-3.83059e-09,2.80878e-07,0,0,0,False,nan|1176,1313974
130_bNAb_Combinations|1313974|vc|2|2|nan|1176,0,-0.125709,-0.00480768,-0.191513,0,0,0,0,2.33089e-07,8.02265e-09,3.08802e-08,0,0,0,False,nan|1176,1313974
130_bNAb_Combinations|1313974|vc|3|2|nan|1176,0,0.256608,-0.0070008,-0.0368965,0,0,0,0,4.6138e-07,-6.47031e-09,1.56357e-07,0,0,0,False,nan|1176,1313974
130_bNAb_Combinations|1313974|vc|4|2|nan|1176,0,-0.220753,-0.00667864,-0.13457,0,0,0,0,-3.28511e-07,-1.10315e-08,4.84815e-07,0,0,0,False,nan|1176,1313974
130_bNAb_Combinations|1313974|vc|5|2|nan|1176,0,0.0255183,-0.00048648,0.0470109,0,0,0,0,-2.01074e-07,-8.78323e-09,-1.01482e-07,0,0,0,False,nan|1176,1313974
130_bNAb_Combinations|1313974|vc|6|2|nan|1176,0,0.170664,-0.00330339,0.0439512,0,0,0,0,-1.96973e-07,9.46622e-09,3.65742e-07,0,0,0,False,nan|1176,1313974
130_bNAb_Combinations|1313974|vc|7|2|nan|1176,0,-0.250251,-0.00479263,-0.0726226,0,0,0,0,3.63873e-07,-5.52233e-09,5.03368e-08,0,0,0,False,nan|1176,1313974
130_bNAb_Combinations|1313974|vc|8|2|nan|1176,0,-0.230647,-0.00494554,-0.0562647,0,0,0,0,3.50323e-07,-2.66268e-09,-4.92299e-07,0,0,0,False,nan|1176,1313974
130_bNAb_Combinations|1313992|cc|1|1|RHPA4259.7|5371,0,-0.11205,0.00353607,0.0358144,0,0,0,0,1.24212e-07,-1.01721e-09,-3.65275e-07,0,0,0,False,nan|RHPA4259.7,1313992
130_bNAb_Combinations|1313992|cc|2|1|RHPA4259.7|5371,0,-0.102313,-0.00397913,0.0994263,0,0,0,0,-7.24443e-09,1.12712e-08,2.00905e-07,0,0,0,False,nan|RHPA4259.7,1313992
130_bNAb_Combinations|1313992|cc|3|1|RHPA4259.7|5371,0,-0.135794,-0.00119751,-0.225952,0,0,0,0,-3.51869e-07,3.94741e-09,-2.65489e-07,0,0,0,False,nan|RHPA4259.7,1313992
130_bNAb_Combinations|1313992|cc|4|1|RHPA4259.7|5371,0,0.0650252,-0.00367913,0.0778962,0,0,0,0,-6.21311e-07,-2.50694e-08,-3.13842e-07,0,0,0,False,nan|RHPA4259.7,1313992
130_bNAb_Combinations|1313992|cc|5|1|RHPA4259.7|5371,0,-0.217747,-0.00586991,0.144369,0,0,0,0,2.90373e-07,-5.87897e-09,1.52598e-07,0,0,0,False,nan|RHPA4259.7,1313992
130_bNAb_Combinations|1313992|cc|6|1|RHPA4259.7|5371,0,0.264669,-0.00211044,-0.0842085,0,0,0,0,-3.21067e-09,9.76721e-10,2.05967e-07,0,0,0,False,nan|RHPA4259.7,1313992
130_bNAb_Combinations|1313992|cc|7|1|RHPA4259.7|5371,0,-0.0629655,0.000423541,-0.0765102,0,0,0,0,-2.88402e-07,6.53188e-09,-5.09137e-07,0,0,0,False,nan|RHPA4259.7,1313992
130_bNAb_Combinations|1313992|cc|8|1|RHPA4259.7|5371,0,-0.0999944,-0.00738997,0.039459,0,0,0,0,-1.93556e-07,1.12941e-09,-3.79236e-07,0,0,0,False,nan|RHPA4259.7,1313992
130_bNAb_Combinations|1313992|sample|10|RHPA4259.7|5371,0,-2.3629,-0.0264951,1.29172,0,0,0,0,-0.846153,-0.0248026,1.36284,0,0,0,True,PGT121|RHPA4259.7,1313992
130_bNAb_Combinations|1313992|sample|11|RHPA4259.7|5371,0,-1.33525,-0.0297458,1.40342,0,0,0,0,-1.09499,-0.0764058,0.665063,0,0,0,True,VRC07-523LS|RHPA4259.7,1313992
130_bNAb_Combinations|1313992|sample|12|RHPA4259.7|5371,0,-2.14214,0.00445208,1.51059,0,0,0,0,-1.15866,0.00511963,1.55482,0,0,0,True,VRC07-523LS|RHPA4259.7,1313992
130_bNAb_Combinations|1313992|sample|3|RHPA4259.7|5371,0,-0.0408498,0.0195676,-1.18274,0,0,0,0,0.959082,0.0289083,-1.00398,0,0,0,True,PGDM1400|RHPA4259.7,1313992
130_bNAb_Combinations|1313992|sample|4|RHPA4259.7|5371,0,-0.959576,-0.0376604,-2.13414,0,0,0,0,1.09314,0.011804,-1.24649,0,0,0,True,PGDM1400|RHPA4259.7,1313992
130_bNAb_Combinations|1313992|sample|5|RHPA4259.7|5371,0,0.338739,0.0515167,-0.504695,0,0,0,0,0.663761,0.0554255,-0.414433,0,0,0,True,PGDM1400|RHPA4259.7,1313992
130_bNAb_Combinations|1313992|sample|6|RHPA4259.7|5371,0,0.644793,0.0544044,-0.467965,0,0,0,0,0.646855,0.017377,-0.931187,0,0,0,True,PGDM1400|RHPA4259.7,1313992
130_bNAb_Combinations|1313992|sample|7|RHPA4259.7|5371,0,-1.06193,-0.00691091,1.60329,0,0,0,0,-0.226014,-0.00570012,1.63991,0,0,0,True,PGT121|RHPA4259.7,1313992
130_bNAb_Combinations|1313992|sample|8|RHPA4259.7|5371,0,-1.89393,0.0125853,1.69994,0,0,0,0,-0.805105,0.0131612,1.74862,0,0,0,True,PGT121|RHPA4259.7,1313992
130_bNAb_Combinations|1313992|sample|9|RHPA4259.7|5371,0,-1.7424,0.0151213,1.89965,0,0,0,0,-1.10601,0.00296924,1.73413,0,0,0,True,PGT121|RHPA4259.7,1313992
130_bNAb_Combinations|1313992|vc|1|2|RHPA4259.7|5371,0,0.100554,0.00496509,-0.318693,0,0,0,0,-3.9258e-07,-1.20436e-08,2.45331e-07,0,0,0,False,nan|RHPA4259.7,1313992
130_bNAb_Combinations|1313992|vc|2|2|RHPA4259.7|5371,0,-0.254661,0.0104104,-0.133482,0,0,0,0,-1.14616e-08,1.99497e-08,1.73178e-07,0,0,0,False,nan|RHPA4259.7,1313992
130_bNAb_Combinations|1313992|vc|3|2|RHPA4259.7|5371,0,0.143578,-0.00387778,-0.0300491,0,0,0,0,-1.02468e-07,7.29031e-09,-3.36575e-07,0,0,0,False,nan|RHPA4259.7,1313992
130_bNAb_Combinations|1313992|vc|4|2|RHPA4259.7|5371,0,-0.131205,0.00790712,0.0383976,0,0,0,0,9.72519e-08,6.53047e-09,3.23138e-07,0,0,0,False,nan|RHPA4259.7,1313992
130_bNAb_Combinations|1313992|vc|5|2|RHPA4259.7|5371,0,0.0744017,0.00556098,0.0110784,0,0,0,0,-1.33828e-07,8.34337e-09,5.2389e-07,0,0,0,False,nan|RHPA4259.7,1313992
130_bNAb_Combinations|1313992|vc|6|2|RHPA4259.7|5371,0,0.0516812,-0.00668229,0.00023227,0,0,0,0,2.15841e-07,9.65188e-09,4.3732e-07,0,0,0,False,nan|RHPA4259.7,1313992
130_bNAb_Combinations|1313992|vc|7|2|RHPA4259.7|5371,0,-0.0555377,-0.0040426,-0.194241,0,0,0,0,-2.65914e-07,4.09474e-10,1.36373e-07,0,0,0,False,nan|RHPA4259.7,1313992
130_bNAb_Combinations|1313992|vc|8|2|RHPA4259.7|5371,0,-0.0509776,0.00165384,0.0724227,0,0,0,0,2.46754e-07,8.90182e-09,4.32597e-07,0,0,0,False,nan|RHPA4259.7,1313992
130_bNAb_Combinations|1314016|cc|1|1|nan|3430,0,-0.259929,0.00563647,-0.129314,0,0,0,0,-1.10086e-07,3.58678e-09,2.6395e-07,0,0,0,False,nan|3430,1314016
130_bNAb_Combinations|1314016|cc|2|1|nan|3430,0,-0.0318609,-0.00136823,-0.060613,0,0,0,0,-3.28463e-07,-6.19899e-09,1.16643e-07,0,0,0,False,nan|3430,1314016
130_bNAb_Combinations|1314016|cc|3|1|nan|3430,0,-0.31968,0.00439073,-0.116068,0,0,0,0,3.81291e-07,1.46369e-08,-1.43156e-07,0,0,0,False,nan|3430,1314016
130_bNAb_Combinations|1314016|cc|4|1|nan|3430,0,-0.318191,-0.00143005,0.0664138,0,0,0,0,-1.5374e-07,8.1762e-10,-2.10205e-07,0,0,0,False,nan|3430,1314016
130_bNAb_Combinations|1314016|cc|5|1|nan|3430,0,-0.123519,-0.00566237,0.0524746,0,0,0,0,3.82533e-07,7.75746e-09,4.80037e-08,0,0,0,False,nan|3430,1314016
130_bNAb_Combinations|1314016|cc|6|1|nan|3430,0,-0.123593,0.00315912,0.0802111,0,0,0,0,-5.47807e-08,4.77251e-10,-3.62226e-07,0,0,0,False,nan|3430,1314016
130_bNAb_Combinations|1314016|cc|7|1|nan|3430,0,0.0119506,0.00507171,-0.305683,0,0,0,0,4.5796e-07,3.713e-09,1.64542e-07,0,0,0,False,nan|3430,1314016
130_bNAb_Combinations|1314016|cc|8|1|nan|3430,0,0.0595021,0.00309293,0.0795482,0,0,0,0,-4.83047e-09,-2.51437e-08,7.94998e-08,0,0,0,False,nan|3430,1314016
130_bNAb_Combinations|1314016|sample|10|nan|3430,0,1.70501,-0.115093,-1.31838,0,0,0,0,1.65456,-0.108363,-1.14362,0,0,0,True,PGT121|3430,1314016
130_bNAb_Combinations|1314016|sample|11|nan|3430,0,-1.10307,-0.0250398,0.629593,0,0,0,0,-0.344919,-0.0183722,0.770607,0,0,0,True,VRC07-523LS|3430,1314016
130_bNAb_Combinations|1314016|sample|12|nan|3430,0,-1.64723,0.0499809,1.67555,0,0,0,0,-0.80661,0.0477667,1.6701,0,0,0,True,VRC07-523LS|3430,1314016
130_bNAb_Combinations|1314016|sample|3|nan|3430,0,1.48817,-0.0524187,2.58178,0,0,0,0,1.46966,-0.0208802,3.11718,0,0,0,True,PGDM1400|3430,1314016
130_bNAb_Combinations|1314016|sample|4|nan|3430,0,1.01141,-0.0284261,2.87475,0,0,0,0,1.21993,0.00903327,3.49064,0,0,0,True,PGDM1400|3430,1314016
130_bNAb_Combinations|1314016|sample|5|nan|3430,0,1.63162,0.0041197,3.6745,0,0,0,0,1.62185,-0.0167285,3.3615,0,0,0,True,PGDM1400|3430,1314016
130_bNAb_Combinations|1314016|sample|6|nan|3430,0,1.25713,-0.116899,1.47449,0,0,0,0,1.4098,-0.0770124,2.32349,0,0,0,True,PGDM1400|3430,1314016
130_bNAb_Combinations|1314016|sample|7|nan|3430,0,1.43363,-0.0705009,-0.800267,0,0,0,0,1.55001,-0.0682481,-0.674028,0,0,0,True,PGT121|3430,1314016
130_bNAb_Combinations|1314016|sample|8|nan|3430,0,2.05317,-0.0340087,-0.0641808,0,0,0,0,2.21503,-0.039215,0.08794,0,0,0,True,PGT121|3430,1314016
130_bNAb_Combinations|1314016|sample|9|nan|3430,0,1.42266,-0.123374,-1.7623,0,0,0,0,1.42175,-0.159105,-2.45526,0,0,0,True,PGT121|3430,1314016
130_bNAb_Combinations|1314016|vc|1|2|nan|3430,0,0.0282789,-0.00298879,-0.068111,0,0,0,0,1.93485e-07,1.62613e-08,-2.26519e-07,0,0,0,False,nan|3430,1314016
130_bNAb_Combinations|1314016|vc|2|2|nan|3430,0,0.0575531,-0.00639272,0.061861,0,0,0,0,1.94864e-08,-7.09543e-09,-2.20475e-07,0,0,0,False,nan|3430,1314016
130_bNAb_Combinations|1314016|vc|3|2|nan|3430,0,0.0418958,0.0102023,0.093227,0,0,0,0,1.21133e-07,-1.77777e-08,-6.01102e-07,0,0,0,False,nan|3430,1314016
130_bNAb_Combinations|1314016|vc|4|2|nan|3430,0,-0.0371522,-0.00220998,0.0298406,0,0,0,0,-3.92833e-07,-1.72279e-08,-1.80379e-07,0,0,0,False,nan|3430,1314016
130_bNAb_Combinations|1314016|vc|5|2|nan|3430,0,-0.319007,0.00277108,-0.124125,0,0,0,0,-4.283e-07,5.18024e-09,1.0713e-07,0,0,0,False,nan|3430,1314016
130_bNAb_Combinations|1314016|vc|6|2|nan|3430,0,0.192203,-0.00232471,-0.0553264,0,0,0,0,-7.62741e-07,-1.91718e-08,1.54602e-07,0,0,0,False,nan|3430,1314016
130_bNAb_Combinations|1314016|vc|7|2|nan|3430,0,0.128081,-0.00387599,0.0929912,0,0,0,0,3.10409e-07,-1.3509e-08,1.05283e-07,0,0,0,False,nan|3430,1314016
130_bNAb_Combinations|1314016|vc|8|2|nan|3430,0,0.0722793,0.00535351,-0.0746691,0,0,0,0,4.83326e-08,-5.34568e-09,2.58075e-07,0,0,0,False,nan|3430,1314016
130_bNAb_Combinations|1314040|cc|1|1|nan|4166,0,-0.0395207,-0.00869578,0.0249509,0,0,0,0,1.36577e-07,-6.71481e-09,2.26632e-07,0,0,0,False,nan|4166,1314040
130_bNAb_Combinations|1314040|cc|2|1|nan|4166,0,-0.119222,-0.00346996,-0.0849362,0,0,0,0,-3.75486e-07,3.40735e-09,2.94358e-07,0,0,0,False,nan|4166,1314040
130_bNAb_Combinations|1314040|cc|3|1|nan|4166,0,-0.0753466,0.00818627,0.169549,0,0,0,0,-3.79668e-07,-2.96464e-09,-6.5802e-07,0,0,0,False,nan|4166,1314040
130_bNAb_Combinations|1314040|cc|4|1|nan|4166,0,0.237083,-0.00417874,-0.285733,0,0,0,0,2.4137e-07,-9.69411e-09,-1.8536e-07,0,0,0,False,nan|4166,1314040
130_bNAb_Combinations|1314040|cc|5|1|nan|4166,0,-0.301301,0.000669497,0.113637,0,0,0,0,-4.41949e-07,1.42877e-08,1.73106e-07,0,0,0,False,nan|4166,1314040
130_bNAb_Combinations|1314040|cc|6|1|nan|4166,0,0.0501333,-0.00527471,-0.0582507,0,0,0,0,-1.15072e-07,6.38185e-10,4.99012e-08,0,0,0,False,nan|4166,1314040
130_bNAb_Combinations|1314040|cc|7|1|nan|4166,0,-0.0098385,0.00066091,0.0340555,0,0,0,0,-4.58132e-07,-4.89906e-09,-1.3282e-07,0,0,0,False,nan|4166,1314040
130_bNAb_Combinations|1314040|cc|8|1|nan|4166,0,-0.148009,0.00129301,-0.344675,0,0,0,0,-1.92226e-07,1.87559e-08,6.009e-08,0,0,0,False,nan|4166,1314040
130_bNAb_Combinations|1314040|sample|10|nan|4166,0,-1.53723,0.0864245,3.58927,0,0,0,0,-0.731207,0.0350184,3.06804,0,0,0,True,PGT121|4166,1314040
130_bNAb_Combinations|1314040|sample|11|nan|4166,0,-2.05408,-0.00681162,1.71669,0,0,0,0,-0.712394,-0.00179963,1.82761,0,0,0,True,VRC07-523LS|4166,1314040
130_bNAb_Combinations|1314040|sample|12|nan|4166,0,-1.90022,-0.0804759,0.680715,0,0,0,0,-0.649912,-0.0699566,0.884624,0,0,0,True,VRC07-523LS|4166,1314040
130_bNAb_Combinations|1314040|sample|3|nan|4166,0,1.28994,-0.0511316,1.95721,0,0,0,0,1.34504,-0.0466542,2.03975,0,0,0,True,PGDM1400|4166,1314040
130_bNAb_Combinations|1314040|sample|4|nan|4166,0,1.7775,-0.0551866,1.61707,0,0,0,0,1.78354,0.00291933,2.7185,0,0,0,True,PGDM1400|4166,1314040
130_bNAb_Combinations|1314040|sample|5|nan|4166,0,1.4346,-0.0492002,1.88863,0,0,0,0,1.43917,-0.0538593,1.85267,0,0,0,True,PGDM1400|4166,1314040
130_bNAb_Combinations|1314040|sample|6|nan|4166,0,1.2864,-0.0328097,2.08288,0,0,0,0,1.36341,-0.0386963,2.05282,0,0,0,True,PGDM1400|4166,1314040
130_bNAb_Combinations|1314040|sample|7|nan|4166,0,-1.26602,0.0623402,3.08901,0,0,0,0,-0.420654,0.0469675,2.92587,0,0,0,True,PGT121|4166,1314040
130_bNAb_Combinations|1314040|sample|8|nan|4166,0,-0.623576,0.133268,3.8874,0,0,0,0,-0.153005,0.0419209,2.79623,0,0,0,True,PGT121|4166,1314040
130_bNAb_Combinations|1314040|sample|9|nan|4166,0,-1.89475,0.0484551,2.94314,0,0,0,0,-0.606767,0.0225524,2.62432,0,0,0,True,PGT121|4166,1314040
130_bNAb_Combinations|1314040|vc|1|2|nan|4166,0,0.177455,-0.00776219,-0.0421215,0,0,0,0,-2.90451e-07,-3.49318e-09,2.83569e-07,0,0,0,False,nan|4166,1314040
130_bNAb_Combinations|1314040|vc|2|2|nan|4166,0,0.252892,-0.0175956,0.00867762,0,0,0,0,7.4646e-08,1.42665e-08,6.1431e-08,0,0,0,False,nan|4166,1314040
130_bNAb_Combinations|1314040|vc|3|2|nan|4166,0,-0.135023,-0.00183653,0.0479918,0,0,0,0,-1.47023e-07,-1.3556e-09,-3.44936e-07,0,0,0,False,nan|4166,1314040
130_bNAb_Combinations|1314040|vc|4|2|nan|4166,0,-0.266884,0.00448995,0.231728,0,0,0,0,5.8437e-08,-8.09175e-09,4.14886e-07,0,0,0,False,nan|4166,1314040
130_bNAb_Combinations|1314040|vc|5|2|nan|4166,0,0.0945264,-0.000275059,0.0149866,0,0,0,0,3.58889e-07,1.23263e-09,1.51563e-07,0,0,0,False,nan|4166,1314040
130_bNAb_Combinations|1314040|vc|6|2|nan|4166,0,0.263965,-0.00808447,0.169317,0,0,0,0,4.2426e-07,-1.81353e-09,1.08221e-07,0,0,0,False,nan|4166,1314040
130_bNAb_Combinations|1314040|vc|7|2|nan|4166,0,0.168214,0.00647334,0.305426,0,0,0,0,2.48085e-07,4.34338e-09,-1.37756e-07,0,0,0,False,nan|4166,1314040
130_bNAb_Combinations|1314040|vc|8|2|nan|4166,0,0.208556,-0.0020997,0.0865556,0,0,0,0,-2.09609e-07,-1.99212e-10,-9.81687e-08,0,0,0,False,nan|4166,1314040
130_bNAb_Combinations|1314058|cc|1|1|nan|2944,0,-0.0615094,0.00654172,-0.0442984,0,0,0,0,-2.18657e-07,4.77971e-09,1.80529e-07,0,0,0,False,nan|2944,1314058
130_bNAb_Combinations|1314058|cc|2|1|nan|2944,0,-0.149851,-0.000307139,-0.0364602,0,0,0,0,7.92408e-08,-1.25681e-08,5.47011e-08,0,0,0,False,nan|2944,1314058
130_bNAb_Combinations|1314058|cc|3|1|nan|2944,0,-0.116291,0.00722156,-0.362413,0,0,0,0,2.06643e-07,2.21356e-08,-2.54406e-08,0,0,0,False,nan|2944,1314058
130_bNAb_Combinations|1314058|cc|4|1|nan|2944,0,-0.0318806,-0.00117953,-0.0576648,0,0,0,0,-3.18896e-07,1.31845e-09,7.10916e-09,0,0,0,False,nan|2944,1314058
130_bNAb_Combinations|1314058|cc|5|1|nan|2944,0,0.127258,-0.00609422,0.0372304,0,0,0,0,2.43174e-07,-7.9783e-09,3.15756e-07,0,0,0,False,nan|2944,1314058
130_bNAb_Combinations|1314058|cc|6|1|nan|2944,0,-0.0128526,-0.00173823,0.100098,0,0,0,0,-6.44076e-07,1.60733e-08,-2.31407e-07,0,0,0,False,nan|2944,1314058
130_bNAb_Combinations|1314058|cc|7|1|nan|2944,0,0.220577,-0.0110014,0.146703,0,0,0,0,1.8827e-07,7.85814e-09,1.48126e-07,0,0,0,False,nan|2944,1314058
130_bNAb_Combinations|1314058|cc|8|1|nan|2944,0,-0.234635,0.0021393,-0.114168,0,0,0,0,-3.17659e-07,4.16012e-09,-6.23622e-08,0,0,0,False,nan|2944,1314058
130_bNAb_Combinations|1314058|sample|10|nan|2944,0,-1.03483,0.0226028,2.55893,0,0,0,0,-0.177244,0.0339969,2.78322,0,0,0,True,PGT121|2944,1314058
130_bNAb_Combinations|1314058|sample|11|nan|2944,0,-0.893502,0.0205006,0.739486,0,0,0,0,-0.632465,0.00167595,0.443607,0,0,0,True,VRC07-523LS|2944,1314058
130_bNAb_Combinations|1314058|sample|12|nan|2944,0,-1.43224,-0.0560646,-0.60845,0,0,0,0,-0.637866,-0.040696,-0.298056,0,0,0,True,VRC07-523LS|2944,1314058
130_bNAb_Combinations|1314058|sample|3|nan|2944,0,0.751942,0.0283078,4.51866,0,0,0,0,0.840517,0.0137482,4.31585,0,0,0,True,PGDM1400|2944,1314058
130_bNAb_Combinations|1314058|sample|4|nan|2944,0,1.13287,0.0608621,5.0831,0,0,0,0,1.16197,0.0129682,4.43932,0,0,0,True,PGDM1400|2944,1314058
130_bNAb_Combinations|1314058|sample|5|nan|2944,0,0.703405,-0.0891199,2.74424,0,0,0,0,0.790504,-0.107258,2.40157,0,0,0,True,PGDM1400|2944,1314058
130_bNAb_Combinations|1314058|sample|6|nan|2944,0,0.615039,-0.0799522,3.14609,0,0,0,0,0.662584,-0.0855613,3.08668,0,0,0,True,PGDM1400|2944,1314058
130_bNAb_Combinations|1314058|sample|7|nan|2944,0,-0.0109298,-0.0979282,0.622361,0,0,0,0,0.568662,-0.0486615,1.60759,0,0,0,True,PGT121|2944,1314058
130_bNAb_Combinations|1314058|sample|8|nan|2944,0,-0.321383,0.0579577,2.92303,0,0,0,0,0.0357359,0.0429686,2.74701,0,0,0,True,PGT121|2944,1314058
130_bNAb_Combinations|1314058|sample|9|nan|2944,0,0.127086,0.0651159,3.27018,0,0,0,0,0.141752,0.041675,2.99795,0,0,0,True,PGT121|2944,1314058
130_bNAb_Combinations|1314058|vc|1|2|nan|2944,0,-0.0449115,0.00110735,0.151522,0,0,0,0,-2.78756e-07,8.17302e-09,2.46776e-07,0,0,0,False,nan|2944,1314058
130_bNAb_Combinations|1314058|vc|2|2|nan|2944,0,-0.196894,-0.00496771,0.0876412,0,0,0,0,3.36933e-08,1.50805e-08,1.10146e-07,0,0,0,False,nan|2944,1314058
130_bNAb_Combinations|1314058|vc|3|2|nan|2944,0,-0.122821,-0.00110341,-0.0276595,0,0,0,0,-2.57695e-07,-1.41519e-08,-1.29412e-07,0,0,0,False,nan|2944,1314058
130_bNAb_Combinations|1314058|vc|4|2|nan|2944,0,-0.102463,-6.62251e-05,0.0230706,0,0,0,0,-3.88242e-08,1.22623e-08,4.75702e-07,0,0,0,False,nan|2944,1314058
130_bNAb_Combinations|1314058|vc|5|2|nan|2944,0,0.235771,-0.00812358,-0.302114,0,0,0,0,-2.07269e-07,-6.18441e-09,2.22599e-08,0,0,0,False,nan|2944,1314058
130_bNAb_Combinations|1314058|vc|6|2|nan|2944,0,-0.0273884,0.00606108,0.196161,0,0,0,0,2.79494e-07,7.01193e-09,4.2784e-07,0,0,0,False,nan|2944,1314058
130_bNAb_Combinations|1314058|vc|7|2|nan|2944,0,-0.0992521,0.0020589,0.180013,0,0,0,0,-4.04015e-08,5.58829e-09,-1.70429e-07,0,0,0,False,nan|2944,1314058
130_bNAb_Combinations|1314058|vc|8|2|nan|2944,0,0.00514954,0.000127291,0.0772293,0,0,0,0,1.62275e-08,-1.59114e-08,1.03775e-07,0,0,0,False,nan|2944,1314058
130_bNAb_Combinations|1342240|cc|1|1|nan|1798,0,0.338069,0.00708982,-0.010035,0,0,0,0,2.6446e-07,2.93981e-09,2.38237e-07,0,0,0,False,nan|1798,1342240
130_bNAb_Combinations|1342240|cc|2|1|nan|1798,0,-0.360604,-0.00130245,0.0777534,0,0,0,0,-2.59413e-07,1.95446e-08,4.16056e-08,0,0,0,False,nan|1798,1342240
130_bNAb_Combinations|1342240|cc|3|1|nan|1798,0,0.123295,0.000262946,0.0388706,0,0,0,0,2.83458e-07,-7.81275e-11,6.72081e-08,0,0,0,False,nan|1798,1342240
130_bNAb_Combinations|1342240|cc|4|1|nan|1798,0,0.0457198,0.00271285,-0.151198,0,0,0,0,-5.42129e-07,1.38674e-08,-7.03759e-08,0,0,0,False,nan|1798,1342240
130_bNAb_Combinations|1342240|cc|5|1|nan|1798,0,0.140093,-0.000669234,0.150246,0,0,0,0,-4.45298e-08,8.47063e-10,3.34478e-07,0,0,0,False,nan|1798,1342240
130_bNAb_Combinations|1342240|cc|6|1|nan|1798,0,0.0663378,0.00136799,-0.173903,0,0,0,0,-1.47433e-07,-7.02098e-09,6.13761e-07,0,0,0,False,nan|1798,1342240
130_bNAb_Combinations|1342240|cc|7|1|nan|1798,0,0.0979401,0.00486275,0.0448973,0,0,0,0,5.56599e-08,-1.66646e-08,1.84048e-07,0,0,0,False,nan|1798,1342240
130_bNAb_Combinations|1342240|cc|8|1|nan|1798,0,0.0999581,0.00530173,-0.110642,0,0,0,0,3.40964e-07,-1.19811e-08,-1.64787e-07,0,0,0,False,nan|1798,1342240
130_bNAb_Combinations|1342240|sample|3|nan|1798,0,-2.12686,0.0896113,-0.0921377,0,0,0,0,-0.807942,0.107476,0.0970216,0,0,0,True,VRC07-523LS|1798,1342240
130_bNAb_Combinations|1342240|sample|4|nan|1798,0,-1.57827,0.0888603,-0.0858834,0,0,0,0,-1.27313,0.109851,0.152621,0,0,0,True,VRC07-523LS|1798,1342240
130_bNAb_Combinations|1342240|sample|8|nan|1798,0,-1.88,-0.00211171,0.733346,0,0,0,0,-0.796831,1.87723e-08,7.17015e-07,0,0,0,True,VRC07-523LS|1798,1342240
130_bNAb_Combinations|1342240|vc|1|2|nan|1798,0,0.0209405,0.00433648,-0.0122367,0,0,0,0,2.83774e-07,-1.95219e-08,6.55682e-08,0,0,0,False,nan|1798,1342240
130_bNAb_Combinations|1342240|vc|2|2|nan|1798,0,-0.00341734,-0.00619243,-0.164063,0,0,0,0,-6.8265e-07,2.352e-10,4.48335e-08,0,0,0,False,nan|1798,1342240
130_bNAb_Combinations|1342240|vc|3|2|nan|1798,0,-0.280552,-0.00577442,0.0199822,0,0,0,0,-2.41668e-07,-3.80617e-10,-4.75191e-07,0,0,0,False,nan|1798,1342240
130_bNAb_Combinations|1342240|vc|4|2|nan|1798,0,0.355642,-0.00905845,-0.126476,0,0,0,0,-6.99985e-07,4.31621e-09,-4.57734e-07,0,0,0,False,nan|1798,1342240
130_bNAb_Combinations|1342240|vc|5|2|nan|1798,0,-0.00290656,-0.00528479,-0.0379199,0,0,0,0,3.8402e-07,7.78916e-09,4.34798e-07,0,0,0,False,nan|1798,1342240
130_bNAb_Combinations|1342240|vc|6|2|nan|1798,0,0.088699,0.000539445,-0.184099,0,0,0,0,3.31869e-07,1.7242e-08,-1.36518e-07,0,0,0,False,nan|1798,1342240
130_bNAb_Combinations|1342240|vc|7|2|nan|1798,0,0.206908,-0.00753129,0.135064,0,0,0,0,-2.23972e-07,1.01606e-08,-8.67274e-08,0,0,0,False,nan|1798,1342240
130_bNAb_Combinations|1342240|vc|8|2|nan|1798,0,-0.17651,0.0031237,0.0942247,0,0,0,0,3.09078e-07,7.54623e-09,-2.09155e-07,0,0,0,False,nan|1798,1342240
130_bNAb_Combinations|1342258|cc|1|1|TRO.11|8301,0,0.118081,0.00688622,-0.065177,0,0,0,0,7.07025e-08,1.18461e-08,1.1851e-07,0,0,0,False,nan|TRO.11,1342258
130_bNAb_Combinations|1342258|cc|2|1|TRO.11|8301,0,-0.0405606,-0.00453791,-0.111645,0,0,0,0,5.41036e-08,-1.62337e-08,4.75912e-08,0,0,0,False,nan|TRO.11,1342258
130_bNAb_Combinations|1342258|cc|3|1|TRO.11|8301,0,-0.0927587,0.00500919,-0.322239,0,0,0,0,4.31019e-08,1.41776e-08,-2.67729e-07,0,0,0,False,nan|TRO.11,1342258
130_bNAb_Combinations|1342258|cc|4|1|TRO.11|8301,0,-0.114968,0.00663913,-0.0149338,0,0,0,0,-1.55141e-07,1.42398e-08,8.3638e-08,0,0,0,False,nan|TRO.11,1342258
130_bNAb_Combinations|1342258|cc|5|1|TRO.11|8301,0,-0.0764605,-0.00273996,0.152929,0,0,0,0,1.0322e-07,-3.84068e-09,-3.61556e-07,0,0,0,False,nan|TRO.11,1342258
130_bNAb_Combinations|1342258|cc|6|1|TRO.11|8301,0,-0.102327,0.0077519,0.21323,0,0,0,0,-5.19247e-08,-9.9449e-09,-3.69125e-07,0,0,0,False,nan|TRO.11,1342258
130_bNAb_Combinations|1342258|cc|7|1|TRO.11|8301,0,0.312127,-0.00294989,0.231751,0,0,0,0,2.18566e-07,-2.68139e-09,-4.79534e-08,0,0,0,False,nan|TRO.11,1342258
130_bNAb_Combinations|1342258|cc|8|1|TRO.11|8301,0,0.16072,0.00440598,0.0591466,0,0,0,0,6.63241e-08,-6.93604e-09,3.0898e-07,0,0,0,False,nan|TRO.11,1342258
130_bNAb_Combinations|1342258|sample|3|TRO.11|8301,0,-2.01756,0.111471,1.5449,0,0,0,0,-0.828983,0.105447,1.51703,0,0,0,True,VRC07-523LS|TRO.11,1342258
130_bNAb_Combinations|1342258|sample|4|TRO.11|8301,0,-1.50227,0.0697452,0.968088,0,0,0,0,-0.75438,0.0806619,1.15925,0,0,0,True,VRC07-523LS|TRO.11,1342258
130_bNAb_Combinations|1342258|vc|1|2|TRO.11|8301,0,-0.304036,-0.00271564,0.0388587,0,0,0,0,3.95516e-07,-2.90355e-09,-1.09885e-08,0,0,0,False,nan|TRO.11,1342258
130_bNAb_Combinations|1342258|vc|2|2|TRO.11|8301,0,-0.18974,0.00402285,0.0552071,0,0,0,0,-1.343e-07,5.48846e-10,4.95339e-07,0,0,0,False,nan|TRO.11,1342258
130_bNAb_Combinations|1342258|vc|3|2|TRO.11|8301,0,-0.234967,-0.00129476,-0.0634092,0,0,0,0,1.85904e-07,2.73105e-08,2.6202e-08,0,0,0,False,nan|TRO.11,1342258
130_bNAb_Combinations|1342258|vc|4|2|TRO.11|8301,0,0.0612599,-0.00280684,0.10201,0,0,0,0,3.09218e-07,-8.24485e-09,2.28976e-07,0,0,0,False,nan|TRO.11,1342258
130_bNAb_Combinations|1342258|vc|5|2|TRO.11|8301,0,-0.100207,-0.000911807,0.218024,0,0,0,0,-3.56759e-07,-8.0061e-09,2.52164e-07,0,0,0,False,nan|TRO.11,1342258
130_bNAb_Combinations|1342258|vc|6|2|TRO.11|8301,0,0.0139711,0.00261656,-0.017293,0,0,0,0,-3.77635e-07,-7.87899e-09,3.00324e-08,0,0,0,False,nan|TRO.11,1342258
130_bNAb_Combinations|1342258|vc|7|2|TRO.11|8301,0,0.595935,0.00404861,0.337818,0,0,0,0,-2.69636e-07,1.57489e-08,2.01873e-07,0,0,0,False,nan|TRO.11,1342258
130_bNAb_Combinations|1342258|vc|8|2|TRO.11|8301,0,0.0205805,0.00421661,-0.0119172,0,0,0,0,-1.93498e-07,-1.76242e-08,1.61134e-08,0,0,0,False,nan|TRO.11,1342258
130_bNAb_Combinations|1342276|cc|1|1|Ce1176_A3|7023,0,0.118387,0.0100174,-0.0177786,0,0,0,0,-2.1792e-07,-5.08102e-10,-2.96189e-07,0,0,0,False,nan|Ce1176_A3,1342276
130_bNAb_Combinations|1342276|cc|2|1|Ce1176_A3|7023,0,-0.0446716,-0.0023578,-0.122977,0,0,0,0,2.46395e-07,3.50213e-09,-2.66472e-07,0,0,0,False,nan|Ce1176_A3,1342276
130_bNAb_Combinations|1342276|cc|3|1|Ce1176_A3|7023,0,0.0699528,0.00310644,-0.00830857,0,0,0,0,-2.0051e-08,-1.42596e-08,1.46113e-08,0,0,0,False,nan|Ce1176_A3,1342276
130_bNAb_Combinations|1342276|cc|4|1|Ce1176_A3|7023,0,-0.0839609,-0.00492866,-0.21701,0,0,0,0,-1.56853e-07,8.16693e-09,3.61684e-07,0,0,0,False,nan|Ce1176_A3,1342276
130_bNAb_Combinations|1342276|cc|5|1|Ce1176_A3|7023,0,0.181002,0.000847849,0.113498,0,0,0,0,6.42823e-08,-3.40645e-10,6.88359e-07,0,0,0,False,nan|Ce1176_A3,1342276
130_bNAb_Combinations|1342276|cc|6|1|Ce1176_A3|7023,0,0.0572354,-0.001163,-0.0110622,0,0,0,0,8.71546e-08,-1.14844e-09,4.11739e-07,0,0,0,False,nan|Ce1176_A3,1342276
130_bNAb_Combinations|1342276|cc|7|1|Ce1176_A3|7023,0,-0.114408,-0.00255487,0.211977,0,0,0,0,-2.98384e-07,-6.26947e-09,-1.99539e-07,0,0,0,False,nan|Ce1176_A3,1342276
130_bNAb_Combinations|1342276|cc|8|1|Ce1176_A3|7023,0,0.0507922,0.00615213,-0.100845,0,0,0,0,4.03648e-07,6.55677e-09,-1.55085e-07,0,0,0,False,nan|Ce1176_A3,1342276
130_bNAb_Combinations|1342276|sample|3|Ce1176_A3|7023,0,-1.62769,0.0707193,-0.0487443,0,0,0,0,-0.768706,0.054604,-0.204495,0,0,0,True,VRC07-523LS|Ce1176_A3,1342276
130_bNAb_Combinations|1342276|sample|4|Ce1176_A3|7023,0,-1.45406,0.0411064,-0.512237,0,0,0,0,-1.06369,0.0527111,-0.323613,0,0,0,True,VRC07-523LS|Ce1176_A3,1342276
130_bNAb_Combinations|1342276|vc|1|2|Ce1176_A3|7023,0,0.181488,0.00360816,0.15247,0,0,0,0,3.27064e-07,1.16726e-08,2.87618e-07,0,0,0,False,nan|Ce1176_A3,1342276
130_bNAb_Combinations|1342276|vc|2|2|Ce1176_A3|7023,0,-0.161581,-0.00323853,-0.235361,0,0,0,0,-1.63073e-07,8.35404e-09,-2.62556e-07,0,0,0,False,nan|Ce1176_A3,1342276
130_bNAb_Combinations|1342276|vc|3|2|Ce1176_A3|7023,0,-0.0947212,-0.00180453,-0.0706345,0,0,0,0,-2.86571e-08,-7.2471e-09,2.63818e-07,0,0,0,False,nan|Ce1176_A3,1342276
130_bNAb_Combinations|1342276|vc|4|2|Ce1176_A3|7023,0,-0.0584463,-0.000974224,0.0334596,0,0,0,0,-2.31325e-07,3.89487e-09,4.46964e-07,0,0,0,False,nan|Ce1176_A3,1342276
130_bNAb_Combinations|1342276|vc|5|2|Ce1176_A3|7023,0,0.132773,-0.00453252,0.216868,0,0,0,0,3.54319e-07,9.9279e-09,-8.77037e-08,0,0,0,False,nan|Ce1176_A3,1342276
130_bNAb_Combinations|1342276|vc|6|2|Ce1176_A3|7023,0,0.179499,0.00607841,-0.389026,0,0,0,0,6.89579e-08,8.0381e-09,-6.29493e-07,0,0,0,False,nan|Ce1176_A3,1342276
130_bNAb_Combinations|1342276|vc|7|2|Ce1176_A3|7023,0,0.190324,-0.00717971,0.213287,0,0,0,0,-1.17113e-07,1.66707e-08,-9.245e-08,0,0,0,False,nan|Ce1176_A3,1342276
130_bNAb_Combinations|1342276|vc|8|2|Ce1176_A3|7023,0,0.0744247,0.00211684,0.0695957,0,0,0,0,4.80864e-07,-8.41421e-10,-3.89511e-07,0,0,0,False,nan|Ce1176_A3,1342276
130_bNAb_Combinations|1342294|cc|1|1|nan|1176,0,-0.279174,-0.00491563,0.0677462,0,0,0,0,-1.82457e-07,-2.53202e-08,-1.72971e-07,0,0,0,False,nan|1176,1342294
130_bNAb_Combinations|1342294|cc|2|1|nan|1176,0,0.0370097,0.000357565,0.0258092,0,0,0,0,1.10396e-07,-4.10825e-09,-3.20631e-07,0,0,0,False,nan|1176,1342294
130_bNAb_Combinations|1342294|cc|3|1|nan|1176,0,0.186947,-0.00782926,0.0460054,0,0,0,0,1.41864e-07,-4.18303e-09,-2.08771e-08,0,0,0,False,nan|1176,1342294
130_bNAb_Combinations|1342294|cc|4|1|nan|1176,0,-0.0771724,-0.00260585,0.147679,0,0,0,0,4.38062e-07,-2.07231e-08,8.75882e-08,0,0,0,False,nan|1176,1342294
130_bNAb_Combinations|1342294|cc|5|1|nan|1176,0,0.0323523,-0.00562025,-0.0432688,0,0,0,0,-1.41201e-07,-2.5525e-09,-2.94356e-07,0,0,0,False,nan|1176,1342294
130_bNAb_Combinations|1342294|cc|6|1|nan|1176,0,0.0329118,-0.00112026,-0.252514,0,0,0,0,-2.28895e-07,-1.38707e-08,1.9623e-07,0,0,0,False,nan|1176,1342294
130_bNAb_Combinations|1342294|cc|7|1|nan|1176,0,-0.100653,0.00384419,0.107887,0,0,0,0,1.56511e-07,6.51835e-09,3.18884e-07,0,0,0,False,nan|1176,1342294
130_bNAb_Combinations|1342294|cc|8|1|nan|1176,0,-0.176877,0.00950524,0.22422,0,0,0,0,-4.15804e-07,2.86095e-09,-1.33685e-07,0,0,0,False,nan|1176,1342294
130_bNAb_Combinations|1342294|sample|3|nan|1176,0,0.817521,-0.0311509,0.358165,0,0,0,0,0.875821,-0.0490287,0.0849698,0,0,0,True,VRC07-523LS|1176,1342294
130_bNAb_Combinations|1342294|sample|4|nan|1176,0,0.360782,0.0273156,0.999118,0,0,0,0,0.624538,0.0135565,0.876932,0,0,0,True,VRC07-523LS|1176,1342294
130_bNAb_Combinations|1342294|sample|8|nan|1176,0,1.14105,-0.0195895,0.561985,0,0,0,0,1.25013,-9.7235e-09,-5.81358e-07,0,0,0,True,VRC07-523LS|1176,1342294
130_bNAb_Combinations|1342294|vc|1|2|nan|1176,0,0.361869,-0.00280449,0.100112,0,0,0,0,-2.86904e-07,-8.64682e-10,2.75097e-07,0,0,0,False,nan|1176,1342294
130_bNAb_Combinations|1342294|vc|2|2|nan|1176,0,-0.117267,0.00511042,-0.0819989,0,0,0,0,-2.80324e-07,2.11281e-08,-3.57455e-07,0,0,0,False,nan|1176,1342294
130_bNAb_Combinations|1342294|vc|3|2|nan|1176,0,-0.0988393,0.0117389,-0.204992,0,0,0,0,1.0252e-07,1.86165e-08,2.08429e-07,0,0,0,False,nan|1176,1342294
130_bNAb_Combinations|1342294|vc|4|2|nan|1176,0,0.026168,-0.00470236,0.0394779,0,0,0,0,2.01445e-07,7.71499e-09,3.12868e-07,0,0,0,False,nan|1176,1342294
130_bNAb_Combinations|1342294|vc|5|2|nan|1176,0,-0.119469,0.00128808,-0.0859103,0,0,0,0,-2.38618e-08,1.94301e-08,1.68007e-07,0,0,0,False,nan|1176,1342294
130_bNAb_Combinations|1342294|vc|6|2|nan|1176,0,-0.0489502,-0.00572552,0.085137,0,0,0,0,1.30088e-07,1.54662e-08,-3.02947e-07,0,0,0,False,nan|1176,1342294
130_bNAb_Combinations|1342294|vc|7|2|nan|1176,0,0.042935,0.00896911,-0.148073,0,0,0,0,-2.43646e-07,8.27161e-09,7.9747e-08,0,0,0,False,nan|1176,1342294
130_bNAb_Combinations|1342294|vc|8|2|nan|1176,0,-0.0914589,-0.000470428,0.193849,0,0,0,0,-2.87545e-08,-3.15608e-09,3.18499e-07,0,0,0,False,nan|1176,1342294
130_bNAb_Combinations|1342312|cc|1|1|RHPA4259.7|5371,0,-0.141192,0.000560884,0.190984,0,0,0,0,7.23336e-08,-5.28299e-09,-7.85587e-07,0,0,0,False,nan|RHPA4259.7,1342312
130_bNAb_Combinations|1342312|cc|2|1|RHPA4259.7|5371,0,0.0232219,0.00226321,-0.133515,0,0,0,0,1.4174e-07,1.52773e-08,-8.77934e-09,0,0,0,False,nan|RHPA4259.7,1342312
130_bNAb_Combinations|1342312|cc|3|1|RHPA4259.7|5371,0,0.0739454,0.00345445,-0.0548687,0,0,0,0,-3.94794e-07,-1.02747e-08,-2.31656e-07,0,0,0,False,nan|RHPA4259.7,1342312
130_bNAb_Combinations|1342312|cc|4|1|RHPA4259.7|5371,0,-0.0944499,0.00131471,-0.0271041,0,0,0,0,-1.95071e-07,-2.25182e-08,-1.41359e-07,0,0,0,False,nan|RHPA4259.7,1342312
130_bNAb_Combinations|1342312|cc|5|1|RHPA4259.7|5371,0,0.39128,0.000416385,-0.109513,0,0,0,0,-1.19018e-07,8.33539e-09,2.89512e-07,0,0,0,False,nan|RHPA4259.7,1342312
130_bNAb_Combinations|1342312|cc|6|1|RHPA4259.7|5371,0,0.0470823,0.00384316,-0.134299,0,0,0,0,-8.7699e-08,-1.39006e-08,-2.92751e-08,0,0,0,False,nan|RHPA4259.7,1342312
130_bNAb_Combinations|1342312|cc|7|1|RHPA4259.7|5371,0,0.100099,-0.00200513,-0.168892,0,0,0,0,-1.94596e-07,6.8567e-10,2.31828e-07,0,0,0,False,nan|RHPA4259.7,1342312
130_bNAb_Combinations|1342312|cc|8|1|RHPA4259.7|5371,0,0.0900589,0.00682185,0.00103681,0,0,0,0,3.4165e-07,-9.1613e-09,1.78146e-07,0,0,0,False,nan|RHPA4259.7,1342312
130_bNAb_Combinations|1342312|sample|3|RHPA4259.7|5371,0,-0.992251,0.083474,2.48245,0,0,0,0,-0.255665,0.0679042,2.31812,0,0,0,True,VRC07-523LS|RHPA4259.7,1342312
130_bNAb_Combinations|1342312|sample|4|RHPA4259.7|5371,0,-0.588936,0.0878352,2.61875,0,0,0,0,-0.356042,0.0867657,2.62149,0,0,0,True,VRC07-523LS|RHPA4259.7,1342312
130_bNAb_Combinations|1342312|vc|1|2|RHPA4259.7|5371,0,-0.0336171,-0.000863482,0.104334,0,0,0,0,-1.65191e-07,-2.29142e-09,4.15004e-07,0,0,0,False,nan|RHPA4259.7,1342312
130_bNAb_Combinations|1342312|vc|2|2|RHPA4259.7|5371,0,-0.378199,0.003246,0.123873,0,0,0,0,4.65458e-08,2.06284e-08,7.56211e-08,0,0,0,False,nan|RHPA4259.7,1342312
130_bNAb_Combinations|1342312|vc|3|2|RHPA4259.7|5371,0,-0.0176693,-0.0057589,-0.0616216,0,0,0,0,-1.76158e-07,-1.00766e-08,-2.38444e-07,0,0,0,False,nan|RHPA4259.7,1342312
130_bNAb_Combinations|1342312|vc|4|2|RHPA4259.7|5371,0,-0.154173,0.00405843,0.0718982,0,0,0,0,2.54725e-07,1.50757e-09,-1.39745e-07,0,0,0,False,nan|RHPA4259.7,1342312
130_bNAb_Combinations|1342312|vc|5|2|RHPA4259.7|5371,0,-0.214211,0.00748561,0.0188029,0,0,0,0,3.3387e-07,3.15976e-09,-2.87997e-08,0,0,0,False,nan|RHPA4259.7,1342312
130_bNAb_Combinations|1342312|vc|6|2|RHPA4259.7|5371,0,-0.121663,-0.00797723,0.0730352,0,0,0,0,-8.73081e-07,3.45293e-08,4.15486e-07,0,0,0,False,nan|RHPA4259.7,1342312
130_bNAb_Combinations|1342312|vc|7|2|RHPA4259.7|5371,0,-0.266128,-0.00570403,0.0529683,0,0,0,0,-4.76774e-07,6.60309e-09,-2.90546e-07,0,0,0,False,nan|RHPA4259.7,1342312
130_bNAb_Combinations|1342312|vc|8|2|RHPA4259.7|5371,0,0.291406,-0.00551051,0.045293,0,0,0,0,-1.21517e-08,8.55851e-09,-3.93134e-07,0,0,0,False,nan|RHPA4259.7,1342312
130_bNAb_Combinations|1342336|cc|1|1|nan|3430,0,0.180596,-0.000972547,0.0580474,0,0,0,0,-2.76129e-07,-4.30953e-09,4.40882e-07,0,0,0,False,nan|3430,1342336
130_bNAb_Combinations|1342336|cc|2|1|nan|3430,0,-0.152221,-0.0115254,-0.024614,0,0,0,0,1.61757e-07,-2.64291e-09,-3.32747e-07,0,0,0,False,nan|3430,1342336
130_bNAb_Combinations|1342336|cc|3|1|nan|3430,0,-0.0382657,0.0071494,0.206095,0,0,0,0,-1.8506e-07,-1.31599e-08,1.0873e-07,0,0,0,False,nan|3430,1342336
130_bNAb_Combinations|1342336|cc|4|1|nan|3430,0,-0.0686025,-0.000944068,0.405622,0,0,0,0,2.41989e-07,-8.57706e-09,-3.23466e-07,0,0,0,False,nan|3430,1342336
130_bNAb_Combinations|1342336|cc|5|1|nan|3430,0,-0.42108,-0.00685847,-0.110391,0,0,0,0,3.32148e-07,-5.96322e-09,2.28971e-07,0,0,0,False,nan|3430,1342336
130_bNAb_Combinations|1342336|cc|6|1|nan|3430,0,-0.107694,-0.00221516,0.0465086,0,0,0,0,6.24106e-07,-1.91698e-08,-1.64382e-08,0,0,0,False,nan|3430,1342336
130_bNAb_Combinations|1342336|cc|7|1|nan|3430,0,0.105502,0.00333642,-0.135359,0,0,0,0,2.76527e-07,9.84873e-09,2.49286e-07,0,0,0,False,nan|3430,1342336
130_bNAb_Combinations|1342336|cc|8|1|nan|3430,0,-0.00743637,7.81721e-06,0.10038,0,0,0,0,-2.23634e-07,1.47655e-09,5.27524e-07,0,0,0,False,nan|3430,1342336
130_bNAb_Combinations|1342336|sample|3|nan|3430,0,-0.617987,0.0286577,1.36388,0,0,0,0,-0.115308,0.0260215,1.3498,0,0,0,True,VRC07-523LS|3430,1342336
130_bNAb_Combinations|1342336|sample|4|nan|3430,0,-1.64556,0.0273425,1.3026,0,0,0,0,-0.616239,0.0313772,1.37674,0,0,0,True,VRC07-523LS|3430,1342336
130_bNAb_Combinations|1342336|sample|5|nan|3430,0,-1.56185,-0.0109309,1.29206,0,0,0,0,-0.503975,-0.00221722,0.178461,0,0,0,True,VRC07-523LS|3430,1342336
130_bNAb_Combinations|1342336|vc|1|2|nan|3430,0,0.0359565,-0.00897347,0.254132,0,0,0,0,-2.55104e-07,9.81577e-09,1.05648e-07,0,0,0,False,nan|3430,1342336
130_bNAb_Combinations|1342336|vc|2|2|nan|3430,0,0.0875122,-0.00146427,-0.188207,0,0,0,0,-9.71649e-08,1.35419e-08,4.14954e-08,0,0,0,False,nan|3430,1342336
130_bNAb_Combinations|1342336|vc|3|2|nan|3430,0,0.0793795,-0.000719899,-0.0639506,0,0,0,0,1.36174e-07,-5.23118e-09,-1.09496e-08,0,0,0,False,nan|3430,1342336
130_bNAb_Combinations|1342336|vc|4|2|nan|3430,0,0.0114175,-0.00277731,-0.11681,0,0,0,0,-3.28062e-07,7.05161e-09,-8.08901e-08,0,0,0,False,nan|3430,1342336
130_bNAb_Combinations|1342336|vc|5|2|nan|3430,0,-0.22492,-0.00486678,0.261246,0,0,0,0,2.6533e-07,-1.32229e-08,-3.94568e-08,0,0,0,False,nan|3430,1342336
130_bNAb_Combinations|1342336|vc|6|2|nan|3430,0,-0.171704,0.00156623,0.0749386,0,0,0,0,5.33816e-07,8.99738e-09,-5.83875e-07,0,0,0,False,nan|3430,1342336
130_bNAb_Combinations|1342336|vc|7|2|nan|3430,0,0.212793,-0.00204763,0.0622662,0,0,0,0,6.21063e-08,-9.50463e-09,-1.82473e-07,0,0,0,False,nan|3430,1342336
130_bNAb_Combinations|1342336|vc|8|2|nan|3430,0,-0.00343522,-0.00225504,0.0656535,0,0,0,0,-7.88334e-08,1.48141e-08,3.52549e-07,0,0,0,False,nan|3430,1342336
130_bNAb_Combinations|1342348|cc|1|1|nan|4166,0,0.0489847,0.00333429,0.311696,0,0,0,0,-1.1032e-07,1.02901e-08,1.51399e-07,0,0,0,False,nan|4166,1342348
130_bNAb_Combinations|1342348|cc|2|1|nan|4166,0,0.00339155,-0.000958498,-0.029962,0,0,0,0,-4.85527e-07,2.40876e-10,5.2749e-08,0,0,0,False,nan|4166,1342348
130_bNAb_Combinations|1342348|cc|3|1|nan|4166,0,-0.0744678,-0.00520446,0.0180109,0,0,0,0,-6.16726e-07,-4.11114e-09,-1.97941e-07,0,0,0,False,nan|4166,1342348
130_bNAb_Combinations|1342348|cc|4|1|nan|4166,0,-0.00270019,-0.00103136,-0.167376,0,0,0,0,2.18027e-07,-1.36403e-08,-1.05832e-07,0,0,0,False,nan|4166,1342348
130_bNAb_Combinations|1342348|cc|5|1|nan|4166,0,0.195342,0.000822086,0.00412989,0,0,0,0,-1.23048e-08,2.52978e-08,-1.05311e-07,0,0,0,False,nan|4166,1342348
130_bNAb_Combinations|1342348|cc|6|1|nan|4166,0,-0.183647,0.00639387,0.185154,0,0,0,0,2.18149e-07,-6.26971e-09,-2.61567e-07,0,0,0,False,nan|4166,1342348
130_bNAb_Combinations|1342348|cc|7|1|nan|4166,0,-0.0957027,0.000251666,0.147312,0,0,0,0,-2.39813e-07,-4.79721e-09,1.72995e-07,0,0,0,False,nan|4166,1342348
130_bNAb_Combinations|1342348|cc|8|1|nan|4166,0,0.0282491,-0.00325902,-0.11999,0,0,0,0,2.771e-07,-1.29952e-08,7.62111e-08,0,0,0,False,nan|4166,1342348
130_bNAb_Combinations|1342348|sample|3|nan|4166,0,-2.00968,0.0337853,2.13843,0,0,0,0,-1.38728,0.05195,2.35948,0,0,0,True,VRC07-523LS|4166,1342348
130_bNAb_Combinations|1342348|sample|4|nan|4166,0,-1.55152,0.0889277,2.87398,0,0,0,0,-0.620794,0.0572614,2.52562,0,0,0,True,VRC07-523LS|4166,1342348
130_bNAb_Combinations|1342348|vc|1|2|nan|4166,0,-0.0448572,0.00223032,0.0692222,0,0,0,0,-6.07382e-08,-1.69043e-08,-2.53563e-07,0,0,0,False,nan|4166,1342348
130_bNAb_Combinations|1342348|vc|2|2|nan|4166,0,-0.203268,-0.00663723,0.0893611,0,0,0,0,-8.47869e-07,1.06072e-08,-1.07932e-07,0,0,0,False,nan|4166,1342348
130_bNAb_Combinations|1342348|vc|3|2|nan|4166,0,0.0837878,0.00535375,-0.0518304,0,0,0,0,1.94505e-07,-5.12711e-10,-2.94042e-07,0,0,0,False,nan|4166,1342348
130_bNAb_Combinations|1342348|vc|4|2|nan|4166,0,0.0198575,-0.00130195,-0.0759373,0,0,0,0,1.43991e-07,9.79316e-09,3.98463e-07,0,0,0,False,nan|4166,1342348
130_bNAb_Combinations|1342348|vc|5|2|nan|4166,0,0.147379,-0.00751992,0.0853767,0,0,0,0,-1.11272e-07,-1.31686e-08,4.04162e-07,0,0,0,False,nan|4166,1342348
130_bNAb_Combinations|1342348|vc|6|2|nan|4166,0,-0.000297965,0.00556387,0.117538,0,0,0,0,1.19707e-07,-2.26337e-08,1.78233e-09,0,0,0,False,nan|4166,1342348
130_bNAb_Combinations|1342348|vc|7|2|nan|4166,0,0.152772,0.00419732,0.0656992,0,0,0,0,3.24602e-07,5.30092e-09,6.36782e-08,0,0,0,False,nan|4166,1342348
130_bNAb_Combinations|1342348|vc|8|2|nan|4166,0,0.0710117,0.0048906,0.317532,0,0,0,0,-3.43119e-08,-3.56233e-10,4.95533e-07,0,0,0,False,nan|4166,1342348
130_bNAb_Combinations|1342372|cc|1|1|nan|2944,0,-0.0920344,0.00507574,0.126073,0,0,0,0,-1.23479e-07,-8.69766e-09,-2.80253e-07,0,0,0,False,nan|2944,1342372
130_bNAb_Combinations|1342372|cc|2|1|nan|2944,0,0.0591218,0.000310659,-0.1024,0,0,0,0,4.00988e-07,-1.45534e-09,6.04671e-08,0,0,0,False,nan|2944,1342372
130_bNAb_Combinations|1342372|cc|3|1|nan|2944,0,0.0508421,-0.00101487,0.0703022,0,0,0,0,-3.62019e-08,1.23289e-08,-5.86055e-08,0,0,0,False,nan|2944,1342372
130_bNAb_Combinations|1342372|cc|4|1|nan|2944,0,0.0161234,0.00424415,0.140146,0,0,0,0,4.50592e-08,-2.60307e-09,3.765e-07,0,0,0,False,nan|2944,1342372
130_bNAb_Combinations|1342372|cc|5|1|nan|2944,0,0.139593,-0.00259228,0.199876,0,0,0,0,3.22399e-07,-1.40941e-08,2.9763e-07,0,0,0,False,nan|2944,1342372
130_bNAb_Combinations|1342372|cc|6|1|nan|2944,0,0.0297717,-0.001584,-0.0244884,0,0,0,0,-1.79574e-07,1.64393e-08,-6.06257e-09,0,0,0,False,nan|2944,1342372
130_bNAb_Combinations|1342372|cc|7|1|nan|2944,0,-0.063332,0.0039646,0.264433,0,0,0,0,-2.62607e-07,-1.7862e-09,1.09361e-07,0,0,0,False,nan|2944,1342372
130_bNAb_Combinations|1342372|cc|8|1|nan|2944,0,-0.0390894,0.00503484,0.229382,0,0,0,0,2.59868e-07,-1.38812e-08,-1.82939e-07,0,0,0,False,nan|2944,1342372
130_bNAb_Combinations|1342372|sample|3|nan|2944,0,-1.51446,-0.0254033,-0.0997785,0,0,0,0,-0.57267,-0.0103946,0.174419,0,0,0,True,VRC07-523LS|2944,1342372
130_bNAb_Combinations|1342372|sample|4|nan|2944,0,-0.416041,-0.00236893,0.384017,0,0,0,0,-0.071456,-0.00744363,0.368153,0,0,0,True,VRC07-523LS|2944,1342372
130_bNAb_Combinations|1342372|vc|1|2|nan|2944,0,0.135964,-0.00691817,-0.0392325,0,0,0,0,-7.52466e-08,2.10865e-08,-1.49854e-07,0,0,0,False,nan|2944,1342372
130_bNAb_Combinations|1342372|vc|2|2|nan|2944,0,0.0246696,0.00212815,0.0932333,0,0,0,0,2.01159e-07,3.5661e-09,3.61725e-07,0,0,0,False,nan|2944,1342372
130_bNAb_Combinations|1342372|vc|3|2|nan|2944,0,0.129392,-0.00492654,-0.0022985,0,0,0,0,-1.09773e-07,9.293e-09,5.2224e-07,0,0,0,False,nan|2944,1342372
130_bNAb_Combinations|1342372|vc|4|2|nan|2944,0,0.125321,0.00337583,-0.245213,0,0,0,0,2.39918e-07,-7.66129e-09,-3.14824e-07,0,0,0,False,nan|2944,1342372
130_bNAb_Combinations|1342372|vc|5|2|nan|2944,0,-0.133323,0.00395313,-0.106358,0,0,0,0,-6.25209e-07,1.87334e-08,-2.38759e-06,0,0,0,False,nan|2944,1342372
130_bNAb_Combinations|1342372|vc|6|2|nan|2944,0,-0.348824,-0.00293134,0.0905414,0,0,0,0,-1.72547e-08,1.15836e-08,4.70159e-07,0,0,0,False,nan|2944,1342372
130_bNAb_Combinations|1342372|vc|7|2|nan|2944,0,-0.0827943,-0.00171122,0.0530834,0,0,0,0,3.0012e-07,7.72633e-09,-5.03529e-09,0,0,0,False,nan|2944,1342372
130_bNAb_Combinations|1342372|vc|8|2|nan|2944,0,0.474716,0.00357269,0.15807,0,0,0,0,2.6809e-07,-1.88236e-08,1.18138e-07,0,0,0,False,nan|2944,1342372
130_bNAb_Combinations|1342384|cc|1|1|nan|2946,0,0.299431,0.000588269,-0.20921,0,0,0,0,5.89613e-07,2.05936e-08,5.41923e-07,0,0,0,False,nan|2946,1342384
130_bNAb_Combinations|1342384|cc|2|1|nan|2946,0,-0.307077,0.00392085,0.0346855,0,0,0,0,-3.64003e-07,7.57326e-09,1.61497e-07,0,0,0,False,nan|2946,1342384
130_bNAb_Combinations|1342384|cc|3|1|nan|2946,0,0.0218751,-0.00447103,0.0474958,0,0,0,0,-1.94596e-07,-1.80117e-08,-7.4748e-08,0,0,0,False,nan|2946,1342384
130_bNAb_Combinations|1342384|cc|4|1|nan|2946,0,0.0976965,-0.00234093,0.0337035,0,0,0,0,1.05646e-07,1.55931e-08,-3.13178e-07,0,0,0,False,nan|2946,1342384
130_bNAb_Combinations|1342384|cc|5|1|nan|2946,0,0.14504,-0.00640007,0.0533323,0,0,0,0,5.76021e-07,-1.70253e-08,-3.93942e-08,0,0,0,False,nan|2946,1342384
130_bNAb_Combinations|1342384|cc|6|1|nan|2946,0,-0.0117116,-2.30796e-05,0.118349,0,0,0,0,-1.46557e-07,-1.58108e-09,3.91731e-07,0,0,0,False,nan|2946,1342384
130_bNAb_Combinations|1342384|cc|7|1|nan|2946,0,-0.14677,0.00675428,0.101098,0,0,0,0,-2.29097e-07,1.58256e-09,4.98144e-07,0,0,0,False,nan|2946,1342384
130_bNAb_Combinations|1342384|cc|8|1|nan|2946,0,-0.260035,0.00173576,-0.00203295,0,0,0,0,3.16158e-07,9.96588e-09,1.18244e-07,0,0,0,False,nan|2946,1342384
130_bNAb_Combinations|1342384|sample|3|nan|2946,0,-1.85042,0.0596154,-0.841035,0,0,0,0,-0.593646,0.0581119,-0.794898,0,0,0,True,VRC07-523LS|2946,1342384
130_bNAb_Combinations|1342384|sample|4|nan|2946,0,-2.04314,0.0385428,-1.18268,0,0,0,0,-0.812066,0.053974,-0.895255,0,0,0,True,VRC07-523LS|2946,1342384
130_bNAb_Combinations|1342384|vc|1|2|nan|2946,0,0.194517,-0.000480779,-0.0564885,0,0,0,0,-1.12615e-07,6.13999e-09,-2.79544e-07,0,0,0,False,nan|2946,1342384
130_bNAb_Combinations|1342384|vc|2|2|nan|2946,0,-0.00475543,-0.00566431,-0.0986533,0,0,0,0,4.73865e-08,-4.89964e-09,-6.18101e-07,0,0,0,False,nan|2946,1342384
130_bNAb_Combinations|1342384|vc|3|2|nan|2946,0,-0.0350268,0.00587334,-0.127522,0,0,0,0,1.51303e-07,2.98189e-09,7.27065e-07,0,0,0,False,nan|2946,1342384
130_bNAb_Combinations|1342384|vc|4|2|nan|2946,0,-0.0321825,-0.00382569,0.164015,0,0,0,0,5.25154e-07,5.03323e-09,-4.39367e-07,0,0,0,False,nan|2946,1342384
130_bNAb_Combinations|1342384|vc|5|2|nan|2946,0,-0.123767,0.00345113,-0.0473615,0,0,0,0,6.48255e-08,1.05378e-08,-2.98452e-07,0,0,0,False,nan|2946,1342384
130_bNAb_Combinations|1342384|vc|6|2|nan|2946,0,-0.0343925,-0.00260683,0.165869,0,0,0,0,3.50407e-07,-5.18576e-09,-5.62748e-07,0,0,0,False,nan|2946,1342384
130_bNAb_Combinations|1342384|vc|7|2|nan|2946,0,-0.0712029,0.000490758,-0.000843378,0,0,0,0,4.10375e-07,8.42885e-09,-3.12757e-07,0,0,0,False,nan|2946,1342384
130_bNAb_Combinations|1342384|vc|8|2|nan|2946,0,-0.330225,0.0022936,0.12869,0,0,0,0,-1.45866e-07,1.32601e-08,1.8792e-07,0,0,0,False,nan|2946,1342384
130_bNAb_Combinations|1342396|cc|1|1|PVO.4|5024,0,-0.00400166,0.00234257,-0.0732446,0,0,0,0,2.04645e-07,9.25317e-09,6.30762e-08,0,0,0,False,nan|PVO.4,1342396
130_bNAb_Combinations|1342396|cc|2|1|PVO.4|5024,0,0.000626491,0.00259323,-0.0929521,0,0,0,0,-3.94288e-07,-1.95119e-08,-2.18566e-07,0,0,0,False,nan|PVO.4,1342396
130_bNAb_Combinations|1342396|cc|3|1|PVO.4|5024,0,0.156264,-0.00195623,0.229613,0,0,0,0,-1.64424e-07,-3.80748e-09,5.2126e-07,0,0,0,False,nan|PVO.4,1342396
130_bNAb_Combinations|1342396|cc|4|1|PVO.4|5024,0,-0.0250894,0.00744442,0.10144,0,0,0,0,1.75777e-07,4.36325e-09,2.30011e-07,0,0,0,False,nan|PVO.4,1342396
130_bNAb_Combinations|1342396|cc|5|1|PVO.4|5024,0,-0.0845186,-0.00147371,-0.235788,0,0,0,0,2.68191e-07,-1.46755e-08,-2.07213e-07,0,0,0,False,nan|PVO.4,1342396
130_bNAb_Combinations|1342396|cc|6|1|PVO.4|5024,0,0.0490654,-0.00337301,0.157626,0,0,0,0,-4.43209e-07,4.70483e-09,-2.90183e-07,0,0,0,False,nan|PVO.4,1342396
130_bNAb_Combinations|1342396|cc|7|1|PVO.4|5024,0,0.0661141,-0.00106453,0.090477,0,0,0,0,3.61838e-07,3.8077e-09,2.3113e-07,0,0,0,False,nan|PVO.4,1342396
130_bNAb_Combinations|1342396|cc|8|1|PVO.4|5024,0,-0.209305,0.0066205,-0.112228,0,0,0,0,3.10711e-07,5.64973e-10,-3.63954e-08,0,0,0,False,nan|PVO.4,1342396
130_bNAb_Combinations|1342396|sample|3|PVO.4|5024,0,-2.07917,0.0617949,0.877293,0,0,0,0,-1.05402,0.0508361,0.74959,0,0,0,True,VRC07-523LS|PVO.4,1342396
130_bNAb_Combinations|1342396|sample|4|PVO.4|5024,0,-1.77034,0.0255192,0.268181,0,0,0,0,-1.17888,0.0409664,0.487827,0,0,0,True,VRC07-523LS|PVO.4,1342396
130_bNAb_Combinations|1342396|vc|1|2|PVO.4|5024,0,-0.0403374,-0.00651648,0.343749,0,0,0,0,1.22827e-07,-1.96717e-08,-2.13369e-07,0,0,0,False,nan|PVO.4,1342396
130_bNAb_Combinations|1342396|vc|2|2|PVO.4|5024,0,-0.0427342,0.00321858,-0.175281,0,0,0,0,6.37044e-08,-9.63953e-09,1.15765e-07,0,0,0,False,nan|PVO.4,1342396
130_bNAb_Combinations|1342396|vc|3|2|PVO.4|5024,0,-0.0138047,-0.00401805,0.0990159,0,0,0,0,1.93452e-07,1.8867e-09,3.63972e-07,0,0,0,False,nan|PVO.4,1342396
130_bNAb_Combinations|1342396|vc|4|2|PVO.4|5024,0,0.0450212,0.0059417,0.0317972,0,0,0,0,3.41226e-07,6.76325e-09,1.48222e-07,0,0,0,False,nan|PVO.4,1342396
130_bNAb_Combinations|1342396|vc|5|2|PVO.4|5024,0,0.204119,0.000125885,0.00527048,0,0,0,0,-8.52983e-08,2.31038e-09,2.32423e-07,0,0,0,False,nan|PVO.4,1342396
130_bNAb_Combinations|1342396|vc|6|2|PVO.4|5024,0,-0.213005,0.00263217,-0.0275913,0,0,0,0,-1.72638e-07,-8.00047e-09,3.75013e-07,0,0,0,False,nan|PVO.4,1342396
130_bNAb_Combinations|1342396|vc|7|2|PVO.4|5024,0,0.240804,0.00781609,0.239212,0,0,0,0,2.27575e-07,4.8506e-09,2.71685e-07,0,0,0,False,nan|PVO.4,1342396
130_bNAb_Combinations|1342396|vc|8|2|PVO.4|5024,0,-0.0756412,0.00184517,0.0513231,0,0,0,0,-2.54438e-07,7.59132e-09,-3.53189e-07,0,0,0,False,nan|PVO.4,1342396
130_bNAb_Combinations|1342408|cc|1|1|nan|4168,0,-0.0902341,0.000310648,-0.0262948,0,0,0,0,-3.65184e-07,3.93217e-09,-4.77736e-08,0,0,0,False,nan|4168,1342408
130_bNAb_Combinations|1342408|cc|2|1|nan|4168,0,0.345305,-0.00197076,0.0581975,0,0,0,0,-1.05956e-07,1.73071e-08,-2.99638e-07,0,0,0,False,nan|4168,1342408
130_bNAb_Combinations|1342408|cc|3|1|nan|4168,0,-0.193143,0.00316154,0.0444061,0,0,0,0,4.21709e-07,5.88139e-09,3.56112e-07,0,0,0,False,nan|4168,1342408
130_bNAb_Combinations|1342408|cc|4|1|nan|4168,0,0.310227,0.00453242,0.172082,0,0,0,0,4.19858e-07,6.43532e-09,7.24323e-08,0,0,0,False,nan|4168,1342408
130_bNAb_Combinations|1342408|cc|5|1|nan|4168,0,-0.130877,-0.00194339,0.0633246,0,0,0,0,-2.50244e-07,1.43644e-08,1.91608e-07,0,0,0,False,nan|4168,1342408
130_bNAb_Combinations|1342408|cc|6|1|nan|4168,0,-0.226737,-0.00645025,-0.0479145,0,0,0,0,5.70935e-08,-1.33634e-09,-4.10308e-07,0,0,0,False,nan|4168,1342408
130_bNAb_Combinations|1342408|cc|7|1|nan|4168,0,-0.0632568,-0.00819004,-0.133715,0,0,0,0,5.65146e-07,-7.28787e-09,-5.40572e-07,0,0,0,False,nan|4168,1342408
130_bNAb_Combinations|1342408|cc|8|1|nan|4168,0,0.10121,-0.00378678,-0.087306,0,0,0,0,-2.28121e-07,-1.51467e-08,7.17146e-08,0,0,0,False,nan|4168,1342408
130_bNAb_Combinations|1342408|sample|3|nan|4168,0,1.04705,-0.0701823,-1.8747,0,0,0,0,0.97745,-0.0963901,-2.41136,0,0,0,True,VRC07-523LS|4168,1342408
130_bNAb_Combinations|1342408|sample|4|nan|4168,0,0.53097,-0.105793,-2.81491,0,0,0,0,0.609885,-0.101297,-2.70756,0,0,0,True,VRC07-523LS|4168,1342408
130_bNAb_Combinations|1342408|vc|1|2|nan|4168,0,-0.000540641,0.00185771,-0.130203,0,0,0,0,-2.55645e-07,-1.68382e-09,5.03049e-08,0,0,0,False,nan|4168,1342408
130_bNAb_Combinations|1342408|vc|2|2|nan|4168,0,-0.0712842,-0.000924617,0.0827822,0,0,0,0,3.7145e-07,-9.84883e-09,3.02925e-07,0,0,0,False,nan|4168,1342408
130_bNAb_Combinations|1342408|vc|3|2|nan|4168,0,-0.0979156,-0.000425182,0.0511529,0,0,0,0,-4.46091e-08,-8.65017e-09,-2.95805e-07,0,0,0,False,nan|4168,1342408
130_bNAb_Combinations|1342408|vc|4|2|nan|4168,0,-0.0964392,-0.00164801,-0.050707,0,0,0,0,8.43843e-08,1.09163e-08,-9.09208e-08,0,0,0,False,nan|4168,1342408
130_bNAb_Combinations|1342408|vc|5|2|nan|4168,0,-0.0117314,0.00278406,-0.255164,0,0,0,0,1.4039e-07,1.03739e-08,4.19892e-07,0,0,0,False,nan|4168,1342408
130_bNAb_Combinations|1342408|vc|6|2|nan|4168,0,0.0756266,0.00959853,0.147207,0,0,0,0,-5.88311e-08,2.12838e-09,-2.88366e-07,0,0,0,False,nan|4168,1342408
130_bNAb_Combinations|1342408|vc|7|2|nan|4168,0,0.0253239,0.00405067,0.106052,0,0,0,0,2.61058e-07,-2.06808e-09,-5.11112e-07,0,0,0,False,nan|4168,1342408
130_bNAb_Combinations|1342408|vc|8|2|nan|4168,0,0.0464644,-0.00160811,-0.212895,0,0,0,0,8.44432e-07,-1.88925e-08,-1.43249e-06,0,0,0,False,nan|4168,1342408
704_VRC01_Concordance|1200432|cc|1|1|PVO.4|5024,0,-0.0921473,0.00072435,-0.152338,0,0,0,0,-1.01004e-07,-5.56801e-09,4.34693e-07,0,0,0,False,nan|PVO.4,1200432
704_VRC01_Concordance|1200432|cc|2|1|PVO.4|5024,0,-0.0362186,-0.000744952,0.0238004,0,0,0,0,1.45665e-07,-1.36588e-08,-3.00687e-07,0,0,0,False,nan|PVO.4,1200432
704_VRC01_Concordance|1200432|cc|3|1|PVO.4|5024,0,-0.0637807,-0.000208686,-0.232729,0,0,0,0,-4.32987e-08,-1.84303e-08,2.31272e-08,0,0,0,False,nan|PVO.4,1200432
704_VRC01_Concordance|1200432|cc|4|1|PVO.4|5024,0,0.380857,-0.00190085,-0.0947188,0,0,0,0,-5.36662e-07,7.7648e-09,-1.99357e-07,0,0,0,False,nan|PVO.4,1200432
704_VRC01_Concordance|1200432|cc|5|1|PVO.4|5024,0,-0.264352,0.000937329,0.00706348,0,0,0,0,-2.63913e-07,-2.34305e-09,-1.04082e-07,0,0,0,False,nan|PVO.4,1200432
704_VRC01_Concordance|1200432|cc|6|1|PVO.4|5024,0,0.141084,-0.00162127,-0.0670702,0,0,0,0,-3.99771e-07,-1.62479e-08,-7.37932e-08,0,0,0,False,nan|PVO.4,1200432
704_VRC01_Concordance|1200432|cc|7|1|PVO.4|5024,0,0.0297344,-0.00399123,0.148853,0,0,0,0,1.55826e-07,-6.87254e-09,2.72949e-07,0,0,0,False,nan|PVO.4,1200432
704_VRC01_Concordance|1200432|cc|8|1|PVO.4|5024,0,-0.175371,0.000574749,0.119764,0,0,0,0,-5.98544e-07,-8.11948e-09,-1.8295e-07,0,0,0,False,nan|PVO.4,1200432
704_VRC01_Concordance|1200432|sample|10|PVO.4|5024,0,0.0704062,0.0622596,-0.939511,0,0,0,0,0.196706,0.0247346,-1.45264,0,0,0,True,Clinical VRC01|PVO.4,1200432
704_VRC01_Concordance|1200432|sample|11|PVO.4|5024,0,-0.0784384,0.0384169,-0.932353,0,0,0,0,0.28411,0.0269269,-1.04402,0,0,0,True,Clinical VRC01|PVO.4,1200432
704_VRC01_Concordance|1200432|sample|12|PVO.4|5024,0,-1.76122,-0.017871,-1.7232,0,0,0,0,-0.699353,0.0122926,-1.24651,0,0,0,True,Clinical VRC01|PVO.4,1200432
704_VRC01_Concordance|1200432|sample|3|PVO.4|5024,0,-0.522173,0.0664211,-0.298169,0,0,0,0,0.17759,0.0401566,-0.580587,0,0,0,True,Clinical VRC01|PVO.4,1200432
704_VRC01_Concordance|1200432|sample|4|PVO.4|5024,0,-0.430931,-0.0075,-1.81879,0,0,0,0,0.273663,0.0367101,-1.13081,0,0,0,True,Clinical VRC01|PVO.4,1200432
704_VRC01_Concordance|1200432|sample|5|PVO.4|5024,0,-0.837753,0.0176821,-1.51987,0,0,0,0,0.16746,0.0119382,-1.57683,0,0,0,True,Clinical VRC01|PVO.4,1200432
704_VRC01_Concordance|1200432|sample|6|PVO.4|5024,0,1.35092,0.0326874,-1.29923,0,0,0,0,2.67796,0.0571944,-0.793314,0,0,0,True,Clinical VRC01|PVO.4,1200432
704_VRC01_Concordance|1200432|sample|7|PVO.4|5024,0,-0.748329,0.0498963,-0.677063,0,0,0,0,0.00099078,0.0451659,-0.712132,0,0,0,True,Clinical VRC01|PVO.4,1200432
704_VRC01_Concordance|1200432|sample|8|PVO.4|5024,0,-0.878843,0.00293454,-1.387,0,0,0,0,-0.345845,0.0251095,-1.06041,0,0,0,True,Clinical VRC01|PVO.4,1200432
704_VRC01_Concordance|1200432|sample|9|PVO.4|5024,0,0.0339291,0.00151543,-1.6793,0,0,0,0,2.28602,0.055566,-0.741347,0,0,0,True,Clinical VRC01|PVO.4,1200432
704_VRC01_Concordance|1200432|vc|1|2|PVO.4|5024,0,-0.0319655,0.00480017,-0.212573,0,0,0,0,4.66899e-07,-1.68758e-08,4.29117e-07,0,0,0,False,nan|PVO.4,1200432
704_VRC01_Concordance|1200432|vc|2|2|PVO.4|5024,0,0.0296968,-0.00458768,-0.00819425,0,0,0,0,-4.65258e-07,5.08373e-09,1.19437e-07,0,0,0,False,nan|PVO.4,1200432
704_VRC01_Concordance|1200432|vc|3|2|PVO.4|5024,0,0.156697,0.00525786,-0.264534,0,0,0,0,-3.23127e-07,-3.6827e-09,2.06622e-07,0,0,0,False,nan|PVO.4,1200432
704_VRC01_Concordance|1200432|vc|4|2|PVO.4|5024,0,-0.113805,-0.00371834,0.228707,0,0,0,0,3.3622e-07,5.63123e-09,2.47757e-08,0,0,0,False,nan|PVO.4,1200432
704_VRC01_Concordance|1200432|vc|5|2|PVO.4|5024,0,-0.121415,0.0111016,0.237291,0,0,0,0,3.83077e-07,-4.42103e-10,1.58568e-07,0,0,0,False,nan|PVO.4,1200432
704_VRC01_Concordance|1200432|vc|6|2|PVO.4|5024,0,-0.0686312,0.00236426,-0.0817041,0,0,0,0,1.40286e-07,-2.71591e-09,-4.02361e-07,0,0,0,False,nan|PVO.4,1200432
704_VRC01_Concordance|1200432|vc|7|2|PVO.4|5024,0,0.341593,0.00130153,-0.194455,0,0,0,0,3.19589e-07,3.06591e-09,-1.36161e-07,0,0,0,False,nan|PVO.4,1200432
704_VRC01_Concordance|1200432|vc|8|2|PVO.4|5024,0,-0.111559,-0.000684823,0.0565177,0,0,0,0,-3.91333e-07,4.68417e-09,-1.22187e-07,0,0,0,False,nan|PVO.4,1200432
