rep,id,U,L,m,e,s,alpha,k,goes_down,mab_virus,run_id
1,130_bNAb_Combinations|1313842|cc|1|1|nan|2946,1,0.00357866,0.687539,0.0276803,1.6844,0.283266,0.266602,False,nan|2946,1313842
1,130_bNAb_Combinations|1313842|cc|2|1|nan|2946,1,0.00357866,0.687539,0.0276803,-15.5971,0.283266,0.266602,False,nan|2946,1313842
1,130_bNAb_Combinations|1313842|cc|3|1|nan|2946,1,0.00357866,0.687539,0.0276803,-11.9083,0.283266,0.266602,False,nan|2946,1313842
1,130_bNAb_Combinations|1313842|cc|4|1|nan|2946,1,0.00357866,0.687539,0.0276803,6.86178,0.283266,0.266602,False,nan|2946,1313842
1,130_bNAb_Combinations|1313842|cc|5|1|nan|2946,1,0.00357866,0.687539,0.0276803,-10.2365,0.283266,0.266602,False,nan|2946,1313842
1,130_bNAb_Combinations|1313842|cc|6|1|nan|2946,1,0.00357866,0.687539,0.0276803,-7.42847,0.283266,0.266602,False,nan|2946,1313842
1,130_bNAb_Combinations|1313842|cc|7|1|nan|2946,1,0.00357866,0.687539,0.0276803,0.563615,0.283266,0.266602,False,nan|2946,1313842
1,130_bNAb_Combinations|1313842|cc|8|1|nan|2946,1,0.00357866,0.687539,0.0276803,12.3083,0.283266,0.266602,False,nan|2946,1313842
1,130_bNAb_Combinations|1313842|sample|10|nan|2946,1,0.00357866,0.688473,0.0251162,19.6123,0.283266,0.266602,True,PGT121|2946,1313842
1,130_bNAb_Combinations|1313842|sample|11|nan|2946,1,0.00357866,0.688473,0.0200543,21.1421,0.283266,0.266602,True,VRC07-523LS|2946,1313842
1,130_bNAb_Combinations|1313842|sample|12|nan|2946,1,0.00357866,0.688473,0.0200543,19.1871,0.283266,0.266602,True,VRC07-523LS|2946,1313842
1,130_bNAb_Combinations|1313842|sample|3|nan|2946,1,0.00357866,0.688473,0.00188515,42.8035,0.283266,0.266602,True,PGDM1400|2946,1313842
1,130_bNAb_Combinations|1313842|sample|4|nan|2946,1,0.00357866,0.688473,0.00188515,40.328,0.283266,0.266602,True,PGDM1400|2946,1313842
1,130_bNAb_Combinations|1313842|sample|5|nan|2946,1,0.00357866,0.688473,0.00188515,13.724,0.283266,0.266602,True,PGDM1400|2946,1313842
1,130_bNAb_Combinations|1313842|sample|6|nan|2946,1,0.00357866,0.688473,0.00188515,18.7894,0.283266,0.266602,True,PGDM1400|2946,1313842
1,130_bNAb_Combinations|1313842|sample|7|nan|2946,1,0.00357866,0.688473,0.0251162,18.3539,0.283266,0.266602,True,PGT121|2946,1313842
1,130_bNAb_Combinations|1313842|sample|8|nan|2946,1,0.00357866,0.688473,0.0251162,17.1087,0.283266,0.266602,True,PGT121|2946,1313842
1,130_bNAb_Combinations|1313842|sample|9|nan|2946,1,0.00357866,0.688473,0.0251162,18.6009,0.283266,0.266602,True,PGT121|2946,1313842
1,130_bNAb_Combinations|1313842|vc|1|2|nan|2946,1,0.00357866,0.687539,0.0276803,20.5383,0.283266,0.266602,False,nan|2946,1313842
1,130_bNAb_Combinations|1313842|vc|2|2|nan|2946,1,0.00357866,0.687539,0.0276803,20.7555,0.283266,0.266602,False,nan|2946,1313842
1,130_bNAb_Combinations|1313842|vc|3|2|nan|2946,1,0.00357866,0.687539,0.0276803,1.12193,0.283266,0.266602,False,nan|2946,1313842
1,130_bNAb_Combinations|1313842|vc|4|2|nan|2946,1,0.00357866,0.687539,0.0276803,14.4817,0.283266,0.266602,False,nan|2946,1313842
1,130_bNAb_Combinations|1313842|vc|5|2|nan|2946,1,0.00357866,0.687539,0.0276803,-26.5979,0.283266,0.266602,False,nan|2946,1313842
1,130_bNAb_Combinations|1313842|vc|6|2|nan|2946,1,0.00357866,0.687539,0.0276803,-15.1741,0.283266,0.266602,False,nan|2946,1313842
1,130_bNAb_Combinations|1313842|vc|7|2|nan|2946,1,0.00357866,0.687539,0.0276803,8.0053,0.283266,0.266602,False,nan|2946,1313842
1,130_bNAb_Combinations|1313842|vc|8|2|nan|2946,1,0.00357866,0.687539,0.0276803,-9.869,0.283266,0.266602,False,nan|2946,1313842
1,130_bNAb_Combinations|1313860|cc|1|1|PVO.4|5024,1,0.00357866,0.687539,0.00494214,22.8056,0.218019,0.266442,False,nan|PVO.4,1313860
1,130_bNAb_Combinations|1313860|cc|2|1|PVO.4|5024,1,0.00357866,0.687539,0.00494214,2.52333,0.218019,0.266442,False,nan|PVO.4,1313860
1,130_bNAb_Combinations|1313860|cc|3|1|PVO.4|5024,1,0.00357866,0.687539,0.00494214,-25.7542,0.218019,0.266442,False,nan|PVO.4,1313860
1,130_bNAb_Combinations|1313860|cc|4|1|PVO.4|5024,1,0.00357866,0.687539,0.00494214,8.12225,0.218019,0.266442,False,nan|PVO.4,1313860
1,130_bNAb_Combinations|1313860|cc|5|1|PVO.4|5024,1,0.00357866,0.687539,0.00494214,-15.4733,0.218019,0.266442,False,nan|PVO.4,1313860
1,130_bNAb_Combinations|1313860|cc|6|1|PVO.4|5024,1,0.00357866,0.687539,0.00494214,14.9944,0.218019,0.266442,False,nan|PVO.4,1313860
1,130_bNAb_Combinations|1313860|cc|7|1|PVO.4|5024,1,0.00357866,0.687539,0.00494214,23.2434,0.218019,0.266442,False,nan|PVO.4,1313860
1,130_bNAb_Combinations|1313860|cc|8|1|PVO.4|5024,1,0.00357866,0.687539,0.00494214,17.9829,0.218019,0.266442,False,nan|PVO.4,1313860
1,130_bNAb_Combinations|1313860|sample|10|PVO.4|5024,1,0.00357866,0.688473,0.0734109,19.6231,0.218019,0.266442,True,PGT121|PVO.4,1313860
1,130_bNAb_Combinations|1313860|sample|11|PVO.4|5024,1,0.00357866,0.688473,0.0820668,21.3497,0.218019,0.266442,True,VRC07-523LS|PVO.4,1313860
1,130_bNAb_Combinations|1313860|sample|12|PVO.4|5024,1,0.00357866,0.688473,0.0820668,24.4971,0.218019,0.266442,True,VRC07-523LS|PVO.4,1313860
1,130_bNAb_Combinations|1313860|sample|3|PVO.4|5024,1,0.00357866,0.688473,0.00906156,20.3436,0.218019,0.266442,True,PGDM1400|PVO.4,1313860
1,130_bNAb_Combinations|1313860|sample|4|PVO.4|5024,1,0.00357866,0.688473,0.00906156,16.7253,0.218019,0.266442,True,PGDM1400|PVO.4,1313860
1,130_bNAb_Combinations|1313860|sample|5|PVO.4|5024,1,0.00357866,0.688473,0.00906156,15.5211,0.218019,0.266442,True,PGDM1400|PVO.4,1313860
1,130_bNAb_Combinations|1313860|sample|6|PVO.4|5024,1,0.00357866,0.688473,0.00906156,19.467,0.218019,0.266442,True,PGDM1400|PVO.4,1313860
1,130_bNAb_Combinations|1313860|sample|7|PVO.4|5024,1,0.00357866,0.688473,0.0734109,19.6496,0.218019,0.266442,True,PGT121|PVO.4,1313860
1,130_bNAb_Combinations|1313860|sample|8|PVO.4|5024,1,0.00357866,0.688473,0.0734109,18.0058,0.218019,0.266442,True,PGT121|PVO.4,1313860
1,130_bNAb_Combinations|1313860|sample|9|PVO.4|5024,1,0.00357866,0.688473,0.0734109,16.8347,0.218019,0.266442,True,PGT121|PVO.4,1313860
1,130_bNAb_Combinations|1313860|vc|1|2|PVO.4|5024,1,0.00357866,0.687539,0.00494214,0.599634,0.218019,0.266442,False,nan|PVO.4,1313860
1,130_bNAb_Combinations|1313860|vc|2|2|PVO.4|5024,1,0.00357866,0.687539,0.00494214,49.499,0.218019,0.266442,False,nan|PVO.4,1313860
1,130_bNAb_Combinations|1313860|vc|3|2|PVO.4|5024,1,0.00357866,0.687539,0.00494214,10.417,0.218019,0.266442,False,nan|PVO.4,1313860
1,130_bNAb_Combinations|1313860|vc|4|2|PVO.4|5024,1,0.00357866,0.687539,0.00494214,-15.8567,0.218019,0.266442,False,nan|PVO.4,1313860
1,130_bNAb_Combinations|1313860|vc|5|2|PVO.4|5024,1,0.00357866,0.687539,0.00494214,-6.91669,0.218019,0.266442,False,nan|PVO.4,1313860
1,130_bNAb_Combinations|1313860|vc|6|2|PVO.4|5024,1,0.00357866,0.687539,0.00494214,-32.0447,0.218019,0.266442,False,nan|PVO.4,1313860
1,130_bNAb_Combinations|1313860|vc|7|2|PVO.4|5024,1,0.00357866,0.687539,0.00494214,-42.1641,0.218019,0.266442,False,nan|PVO.4,1313860
1,130_bNAb_Combinations|1313860|vc|8|2|PVO.4|5024,1,0.00357866,0.687539,0.00494214,-13.1274,0.218019,0.266442,False,nan|PVO.4,1313860
1,130_bNAb_Combinations|1313884|cc|1|1|nan|4168,1,0.00357866,0.687539,0.00816145,1.55662,0.326611,0.266442,False,nan|4168,1313884
1,130_bNAb_Combinations|1313884|cc|2|1|nan|4168,1,0.00357866,0.687539,0.00816145,-37.7629,0.326611,0.266442,False,nan|4168,1313884
1,130_bNAb_Combinations|1313884|cc|3|1|nan|4168,1,0.00357866,0.687539,0.00816145,-10.0282,0.326611,0.266442,False,nan|4168,1313884
1,130_bNAb_Combinations|1313884|cc|4|1|nan|4168,1,0.00357866,0.687539,0.00816145,-8.97433,0.326611,0.266442,False,nan|4168,1313884
1,130_bNAb_Combinations|1313884|cc|5|1|nan|4168,1,0.00357866,0.687539,0.00816145,16.3238,0.326611,0.266442,False,nan|4168,1313884
1,130_bNAb_Combinations|1313884|cc|6|1|nan|4168,1,0.00357866,0.687539,0.00816145,-16.0339,0.326611,0.266442,False,nan|4168,1313884
1,130_bNAb_Combinations|1313884|cc|7|1|nan|4168,1,0.00357866,0.687539,0.00816145,1.41773,0.326611,0.266442,False,nan|4168,1313884
1,130_bNAb_Combinations|1313884|cc|8|1|nan|4168,1,0.00357866,0.687539,0.00816145,17.7303,0.326611,0.266442,False,nan|4168,1313884
1,130_bNAb_Combinations|1313884|sample|10|nan|4168,1,0.00357866,0.688473,0.00374821,14.8188,0.326611,0.266442,True,PGT121|4168,1313884
1,130_bNAb_Combinations|1313884|sample|11|nan|4168,1,0.00357866,0.688473,0.037125,23.8008,0.326611,0.266442,True,VRC07-523LS|4168,1313884
1,130_bNAb_Combinations|1313884|sample|12|nan|4168,1,0.00357866,0.688473,0.037125,22.7901,0.326611,0.266442,True,VRC07-523LS|4168,1313884
1,130_bNAb_Combinations|1313884|sample|3|nan|4168,1,0.00357866,0.688473,0.00148353,30.3584,0.326611,0.266442,True,PGDM1400|4168,1313884
1,130_bNAb_Combinations|1313884|sample|4|nan|4168,1,0.00357866,0.688473,0.00148353,16.0114,0.326611,0.266442,True,PGDM1400|4168,1313884
1,130_bNAb_Combinations|1313884|sample|5|nan|4168,1,0.00357866,0.688473,0.00148353,20.5166,0.326611,0.266442,True,PGDM1400|4168,1313884
1,130_bNAb_Combinations|1313884|sample|6|nan|4168,1,0.00357866,0.688473,0.00148353,19.6492,0.326611,0.266442,True,PGDM1400|4168,1313884
1,130_bNAb_Combinations|1313884|sample|7|nan|4168,1,0.00357866,0.688473,0.00374821,29.3419,0.326611,0.266442,True,PGT121|4168,1313884
1,130_bNAb_Combinations|1313884|sample|8|nan|4168,1,0.00357866,0.688473,0.00374821,33.415,0.326611,0.266442,True,PGT121|4168,1313884
1,130_bNAb_Combinations|1313884|sample|9|nan|4168,1,0.00357866,0.688473,0.00374821,14.9458,0.326611,0.266442,True,PGT121|4168,1313884
1,130_bNAb_Combinations|1313884|vc|1|2|nan|4168,1,0.00357866,0.687539,0.00816145,-17.0395,0.326611,0.266442,False,nan|4168,1313884
1,130_bNAb_Combinations|1313884|vc|2|2|nan|4168,1,0.00357866,0.687539,0.00816145,-4.01247,0.326611,0.266442,False,nan|4168,1313884
1,130_bNAb_Combinations|1313884|vc|3|2|nan|4168,1,0.00357866,0.687539,0.00816145,-4.06594,0.326611,0.266442,False,nan|4168,1313884
1,130_bNAb_Combinations|1313884|vc|4|2|nan|4168,1,0.00357866,0.687539,0.00816145,-9.995,0.326611,0.266442,False,nan|4168,1313884
1,130_bNAb_Combinations|1313884|vc|5|2|nan|4168,1,0.00357866,0.687539,0.00816145,-26.7592,0.326611,0.266442,False,nan|4168,1313884
1,130_bNAb_Combinations|1313884|vc|6|2|nan|4168,1,0.00357866,0.687539,0.00816145,-5.67806,0.326611,0.266442,False,nan|4168,1313884
1,130_bNAb_Combinations|1313884|vc|7|2|nan|4168,1,0.00357866,0.687539,0.00816145,10.3255,0.326611,0.266442,False,nan|4168,1313884
1,130_bNAb_Combinations|1313884|vc|8|2|nan|4168,1,0.00357866,0.687539,0.00816145,-8.80032,0.326611,0.266442,False,nan|4168,1313884
1,130_bNAb_Combinations|1313920|cc|1|1|nan|1798,1,0.00357866,0.687539,0.011155,14.807,0.218008,0.266588,False,nan|1798,1313920
1,130_bNAb_Combinations|1313920|cc|2|1|nan|1798,1,0.00357866,0.687539,0.011155,-7.08684,0.218008,0.266588,False,nan|1798,1313920
1,130_bNAb_Combinations|1313920|cc|3|1|nan|1798,1,0.00357866,0.687539,0.011155,39.7116,0.218008,0.266588,False,nan|1798,1313920
1,130_bNAb_Combinations|1313920|cc|4|1|nan|1798,1,0.00357866,0.687539,0.011155,-4.51609,0.218008,0.266588,False,nan|1798,1313920
1,130_bNAb_Combinations|1313920|cc|5|1|nan|1798,1,0.00357866,0.687539,0.011155,-41.7626,0.218008,0.266588,False,nan|1798,1313920
1,130_bNAb_Combinations|1313920|cc|6|1|nan|1798,1,0.00357866,0.687539,0.011155,2.9455,0.218008,0.266588,False,nan|1798,1313920
1,130_bNAb_Combinations|1313920|cc|7|1|nan|1798,1,0.00357866,0.687539,0.011155,26.9038,0.218008,0.266588,False,nan|1798,1313920
1,130_bNAb_Combinations|1313920|cc|8|1|nan|1798,1,0.00357866,0.687539,0.011155,-49.1027,0.218008,0.266588,False,nan|1798,1313920
1,130_bNAb_Combinations|1313920|sample|10|nan|1798,1,0.00357866,0.688473,0.208428,20.1576,0.218008,0.266588,True,PGT121|1798,1313920
1,130_bNAb_Combinations|1313920|sample|11|nan|1798,1,0.00357866,0.688473,0.0303263,23.5368,0.218008,0.266588,True,VRC07-523LS|1798,1313920
1,130_bNAb_Combinations|1313920|sample|12|nan|1798,1,0.00357866,0.688473,0.0303263,23.8029,0.218008,0.266588,True,VRC07-523LS|1798,1313920
1,130_bNAb_Combinations|1313920|sample|3|nan|1798,1,0.00357866,0.688473,0.00229654,42.3428,0.218008,0.266588,True,PGDM1400|1798,1313920
1,130_bNAb_Combinations|1313920|sample|4|nan|1798,1,0.00357866,0.688473,0.00229654,39.1492,0.218008,0.266588,True,PGDM1400|1798,1313920
1,130_bNAb_Combinations|1313920|sample|5|nan|1798,1,0.00357866,0.688473,0.00229654,15.3081,0.218008,0.266588,True,PGDM1400|1798,1313920
1,130_bNAb_Combinations|1313920|sample|6|nan|1798,1,0.00357866,0.688473,0.00229654,15.3527,0.218008,0.266588,True,PGDM1400|1798,1313920
1,130_bNAb_Combinations|1313920|sample|7|nan|1798,1,0.00357866,0.688473,0.208428,15.2884,0.218008,0.266588,True,PGT121|1798,1313920
1,130_bNAb_Combinations|1313920|sample|8|nan|1798,1,0.00357866,0.688473,0.208428,17.9327,0.218008,0.266588,True,PGT121|1798,1313920
1,130_bNAb_Combinations|1313920|sample|9|nan|1798,1,0.00357866,0.688473,0.208428,18.4574,0.218008,0.266588,True,PGT121|1798,1313920
1,130_bNAb_Combinations|1313920|vc|1|2|nan|1798,1,0.00357866,0.687539,0.011155,11.8996,0.218008,0.266588,False,nan|1798,1313920
1,130_bNAb_Combinations|1313920|vc|2|2|nan|1798,1,0.00357866,0.687539,0.011155,-15.4921,0.218008,0.266588,False,nan|1798,1313920
1,130_bNAb_Combinations|1313920|vc|3|2|nan|1798,1,0.00357866,0.687539,0.011155,-19.8434,0.218008,0.266588,False,nan|1798,1313920
1,130_bNAb_Combinations|1313920|vc|4|2|nan|1798,1,0.00357866,0.687539,0.011155,19.4512,0.218008,0.266588,False,nan|1798,1313920
1,130_bNAb_Combinations|1313920|vc|5|2|nan|1798,1,0.00357866,0.687539,0.011155,-51.526,0.218008,0.266588,False,nan|1798,1313920
1,130_bNAb_Combinations|1313920|vc|6|2|nan|1798,1,0.00357866,0.687539,0.011155,-11.7141,0.218008,0.266588,False,nan|1798,1313920
1,130_bNAb_Combinations|1313920|vc|7|2|nan|1798,1,0.00357866,0.687539,0.011155,22.1403,0.218008,0.266588,False,nan|1798,1313920
1,130_bNAb_Combinations|1313920|vc|8|2|nan|1798,1,0.00357866,0.687539,0.011155,-7.05456,0.218008,0.266588,False,nan|1798,1313920
1,130_bNAb_Combinations|1313938|cc|1|1|TRO.11|8301,1,0.00357866,0.687539,0.0198683,-9.61165,0.218017,0.266442,False,nan|TRO.11,1313938
1,130_bNAb_Combinations|1313938|cc|2|1|TRO.11|8301,1,0.00357866,0.687539,0.0198683,-11.5927,0.218017,0.266442,False,nan|TRO.11,1313938
1,130_bNAb_Combinations|1313938|cc|3|1|TRO.11|8301,1,0.00357866,0.687539,0.0198683,42.8666,0.218017,0.266442,False,nan|TRO.11,1313938
1,130_bNAb_Combinations|1313938|cc|4|1|TRO.11|8301,1,0.00357866,0.687539,0.0198683,-12.641,0.218017,0.266442,False,nan|TRO.11,1313938
1,130_bNAb_Combinations|1313938|cc|5|1|TRO.11|8301,1,0.00357866,0.687539,0.0198683,28.52,0.218017,0.266442,False,nan|TRO.11,1313938
1,130_bNAb_Combinations|1313938|cc|6|1|TRO.11|8301,1,0.00357866,0.687539,0.0198683,6.2579,0.218017,0.266442,False,nan|TRO.11,1313938
1,130_bNAb_Combinations|1313938|cc|7|1|TRO.11|8301,1,0.00357866,0.687539,0.0198683,-30.0212,0.218017,0.266442,False,nan|TRO.11,1313938
1,130_bNAb_Combinations|1313938|cc|8|1|TRO.11|8301,1,0.00357866,0.687539,0.0198683,6.24176,0.218017,0.266442,False,nan|TRO.11,1313938
1,130_bNAb_Combinations|1313938|sample|10|TRO.11|8301,1,0.00357866,0.688473,0.576972,23.7977,0.218017,0.266442,True,PGT121|TRO.11,1313938
1,130_bNAb_Combinations|1313938|sample|11|TRO.11|8301,1,0.00357866,0.688473,0.119166,19.7786,0.218017,0.266442,True,VRC07-523LS|TRO.11,1313938
1,130_bNAb_Combinations|1313938|sample|12|TRO.11|8301,1,0.00357866,0.688473,0.119166,19.9886,0.218017,0.266442,True,VRC07-523LS|TRO.11,1313938
1,130_bNAb_Combinations|1313938|sample|3|TRO.11|8301,1,0.00357866,0.688473,0.016052,20.2655,0.218017,0.266442,True,PGDM1400|TRO.11,1313938
1,130_bNAb_Combinations|1313938|sample|4|TRO.11|8301,1,0.00357866,0.688473,0.016052,20.3548,0.218017,0.266442,True,PGDM1400|TRO.11,1313938
1,130_bNAb_Combinations|1313938|sample|5|TRO.11|8301,1,0.00357866,0.688473,0.016052,19.3155,0.218017,0.266442,True,PGDM1400|TRO.11,1313938
1,130_bNAb_Combinations|1313938|sample|6|TRO.11|8301,1,0.00357866,0.688473,0.016052,14.3167,0.218017,0.266442,True,PGDM1400|TRO.11,1313938
1,130_bNAb_Combinations|1313938|sample|7|TRO.11|8301,1,0.00357866,0.688473,0.576972,19.8913,0.218017,0.266442,True,PGT121|TRO.11,1313938
1,130_bNAb_Combinations|1313938|sample|8|TRO.11|8301,1,0.00357866,0.688473,0.576972,21.1165,0.218017,0.266442,True,PGT121|TRO.11,1313938
1,130_bNAb_Combinations|1313938|sample|9|TRO.11|8301,1,0.00357866,0.688473,0.576972,20.2262,0.218017,0.266442,True,PGT121|TRO.11,1313938
1,130_bNAb_Combinations|1313938|vc|1|2|TRO.11|8301,1,0.00357866,0.687539,0.0198683,13.5198,0.218017,0.266442,False,nan|TRO.11,1313938
1,130_bNAb_Combinations|1313938|vc|2|2|TRO.11|8301,1,0.00357866,0.687539,0.0198683,27.565,0.218017,0.266442,False,nan|TRO.11,1313938
1,130_bNAb_Combinations|1313938|vc|3|2|TRO.11|8301,1,0.00357866,0.687539,0.0198683,8.61494,0.218017,0.266442,False,nan|TRO.11,1313938
1,130_bNAb_Combinations|1313938|vc|4|2|TRO.11|8301,1,0.00357866,0.687539,0.0198683,-2.41361,0.218017,0.266442,False,nan|TRO.11,1313938
1,130_bNAb_Combinations|1313938|vc|5|2|TRO.11|8301,1,0.00357866,0.687539,0.0198683,21.6286,0.218017,0.266442,False,nan|TRO.11,1313938
1,130_bNAb_Combinations|1313938|vc|6|2|TRO.11|8301,1,0.00357866,0.687539,0.0198683,-15.8601,0.218017,0.266442,False,nan|TRO.11,1313938
1,130_bNAb_Combinations|1313938|vc|7|2|TRO.11|8301,1,0.00357866,0.687539,0.0198683,-11.2571,0.218017,0.266442,False,nan|TRO.11,1313938
1,130_bNAb_Combinations|1313938|vc|8|2|TRO.11|8301,1,0.00357866,0.687539,0.0198683,-19.3924,0.218017,0.266442,False,nan|TRO.11,1313938
1,130_bNAb_Combinations|1313956|cc|1|1|Ce1176_A3|7023,1,0.00357866,0.687539,0.0451749,-2.67371,0.369071,0.266442,False,nan|Ce1176_A3,1313956
1,130_bNAb_Combinations|1313956|cc|2|1|Ce1176_A3|7023,1,0.00357866,0.687539,0.0451749,14.1963,0.369071,0.266442,False,nan|Ce1176_A3,1313956
1,130_bNAb_Combinations|1313956|cc|3|1|Ce1176_A3|7023,1,0.00357866,0.687539,0.0451749,1.5455,0.369071,0.266442,False,nan|Ce1176_A3,1313956
1,130_bNAb_Combinations|1313956|cc|4|1|Ce1176_A3|7023,1,0.00357866,0.687539,0.0451749,-43.2317,0.369071,0.266442,False,nan|Ce1176_A3,1313956
1,130_bNAb_Combinations|1313956|cc|5|1|Ce1176_A3|7023,1,0.00357866,0.687539,0.0451749,30.6477,0.369071,0.266442,False,nan|Ce1176_A3,1313956
1,130_bNAb_Combinations|1313956|cc|6|1|Ce1176_A3|7023,1,0.00357866,0.687539,0.0451749,10.8235,0.369071,0.266442,False,nan|Ce1176_A3,1313956
1,130_bNAb_Combinations|1313956|cc|7|1|Ce1176_A3|7023,1,0.00357866,0.687539,0.0451749,-17.0276,0.369071,0.266442,False,nan|Ce1176_A3,1313956
1,130_bNAb_Combinations|1313956|cc|8|1|Ce1176_A3|7023,1,0.00357866,0.687539,0.0451749,13.5534,0.369071,0.266442,False,nan|Ce1176_A3,1313956
1,130_bNAb_Combinations|1313956|sample|10|Ce1176_A3|7023,1,0.00357866,0.688473,0.575947,14.037,0.369071,0.266442,True,PGT121|Ce1176_A3,1313956
1,130_bNAb_Combinations|1313956|sample|11|Ce1176_A3|7023,1,0.00357866,0.688473,0.0401205,19.1697,0.369071,0.266442,True,VRC07-523LS|Ce1176_A3,1313956
1,130_bNAb_Combinations|1313956|sample|12|Ce1176_A3|7023,1,0.00357866,0.688473,0.0401205,19.3342,0.369071,0.266442,True,VRC07-523LS|Ce1176_A3,1313956
1,130_bNAb_Combinations|1313956|sample|3|Ce1176_A3|7023,1,0.00357866,0.688473,0.00111926,47.5974,0.369071,0.266442,True,PGDM1400|Ce1176_A3,1313956
1,130_bNAb_Combinations|1313956|sample|4|Ce1176_A3|7023,1,0.00357866,0.688473,0.00111926,26.1804,0.369071,0.266442,True,PGDM1400|Ce1176_A3,1313956
1,130_bNAb_Combinations|1313956|sample|5|Ce1176_A3|7023,1,0.00357866,0.688473,0.00111926,15.4637,0.369071,0.266442,True,PGDM1400|Ce1176_A3,1313956
1,130_bNAb_Combinations|1313956|sample|6|Ce1176_A3|7023,1,0.00357866,0.688473,0.00111926,17.2387,0.369071,0.266442,True,PGDM1400|Ce1176_A3,1313956
1,130_bNAb_Combinations|1313956|sample|7|Ce1176_A3|7023,1,0.00357866,0.688473,0.575947,18.4562,0.369071,0.266442,True,PGT121|Ce1176_A3,1313956
1,130_bNAb_Combinations|1313956|sample|8|Ce1176_A3|7023,1,0.00357866,0.688473,0.575947,17.18,0.369071,0.266442,True,PGT121|Ce1176_A3,1313956
1,130_bNAb_Combinations|1313956|sample|9|Ce1176_A3|7023,1,0.00357866,0.688473,0.575947,21.767,0.369071,0.266442,True,PGT121|Ce1176_A3,1313956
1,130_bNAb_Combinations|1313956|vc|1|2|Ce1176_A3|7023,1,0.00357866,0.687539,0.0451749,8.96457,0.369071,0.266442,False,nan|Ce1176_A3,1313956
1,130_bNAb_Combinations|1313956|vc|2|2|Ce1176_A3|7023,1,0.00357866,0.687539,0.0451749,8.66394,0.369071,0.266442,False,nan|Ce1176_A3,1313956
1,130_bNAb_Combinations|1313956|vc|3|2|Ce1176_A3|7023,1,0.00357866,0.687539,0.0451749,21.7512,0.369071,0.266442,False,nan|Ce1176_A3,1313956
1,130_bNAb_Combinations|1313956|vc|4|2|Ce1176_A3|7023,1,0.00357866,0.687539,0.0451749,-2.06024,0.369071,0.266442,False,nan|Ce1176_A3,1313956
1,130_bNAb_Combinations|1313956|vc|5|2|Ce1176_A3|7023,1,0.00357866,0.687539,0.0451749,1.78049,0.369071,0.266442,False,nan|Ce1176_A3,1313956
1,130_bNAb_Combinations|1313956|vc|6|2|Ce1176_A3|7023,1,0.00357866,0.687539,0.0451749,20.2027,0.369071,0.266442,False,nan|Ce1176_A3,1313956
1,130_bNAb_Combinations|1313956|vc|7|2|Ce1176_A3|7023,1,0.00357866,0.687539,0.0451749,-14.1634,0.369071,0.266442,False,nan|Ce1176_A3,1313956
1,130_bNAb_Combinations|1313956|vc|8|2|Ce1176_A3|7023,1,0.00357866,0.687539,0.0451749,9.86696,0.369071,0.266442,False,nan|Ce1176_A3,1313956
1,130_bNAb_Combinations|1313974|cc|1|1|nan|1176,1,0.00357866,0.687539,0.00304467,-13.3306,0.218017,0.266442,False,nan|1176,1313974
1,130_bNAb_Combinations|1313974|cc|2|1|nan|1176,1,0.00357866,0.687539,0.00304467,28.4073,0.218017,0.266442,False,nan|1176,1313974
1,130_bNAb_Combinations|1313974|cc|3|1|nan|1176,1,0.00357866,0.687539,0.00304467,-9.12189,0.218017,0.266442,False,nan|1176,1313974
1,130_bNAb_Combinations|1313974|cc|4|1|nan|1176,1,0.00357866,0.687539,0.00304467,23.1135,0.218017,0.266442,False,nan|1176,1313974
1,130_bNAb_Combinations|1313974|cc|5|1|nan|1176,1,0.00357866,0.687539,0.00304467,-8.31158,0.218017,0.266442,False,nan|1176,1313974
1,130_bNAb_Combinations|1313974|cc|6|1|nan|1176,1,0.00357866,0.687539,0.00304467,7.88409,0.218017,0.266442,False,nan|1176,1313974
1,130_bNAb_Combinations|1313974|cc|7|1|nan|1176,1,0.00357866,0.687539,0.00304467,-21.5983,0.218017,0.266442,False,nan|1176,1313974
1,130_bNAb_Combinations|1313974|cc|8|1|nan|1176,1,0.00357866,0.687539,0.00304467,-33.1978,0.218017,0.266442,False,nan|1176,1313974
1,130_bNAb_Combinations|1313974|sample|10|nan|1176,1,0.00357866,0.688473,0.00293985,14.1833,0.218017,0.266442,True,PGT121|1176,1313974
1,130_bNAb_Combinations|1313974|sample|11|nan|1176,1,0.00357866,0.688473,0.207189,18.0974,0.218017,0.266442,True,VRC07-523LS|1176,1313974
1,130_bNAb_Combinations|1313974|sample|12|nan|1176,1,0.00357866,0.688473,0.207189,24.3572,0.218017,0.266442,True,VRC07-523LS|1176,1313974
1,130_bNAb_Combinations|1313974|sample|3|nan|1176,1,0.00357866,0.688473,0.0205774,21.5583,0.218017,0.266442,True,PGDM1400|1176,1313974
1,130_bNAb_Combinations|1313974|sample|4|nan|1176,1,0.00357866,0.688473,0.0205774,53.0124,0.218017,0.266442,True,PGDM1400|1176,1313974
1,130_bNAb_Combinations|1313974|sample|5|nan|1176,1,0.00357866,0.688473,0.0205774,12.6096,0.218017,0.266442,True,PGDM1400|1176,1313974
1,130_bNAb_Combinations|1313974|sample|6|nan|1176,1,0.00357866,0.688473,0.0205774,12.7215,0.218017,0.266442,True,PGDM1400|1176,1313974
1,130_bNAb_Combinations|1313974|sample|7|nan|1176,1,0.00357866,0.688473,0.00293985,28.8935,0.218017,0.266442,True,PGT121|1176,1313974
1,130_bNAb_Combinations|1313974|sample|8|nan|1176,1,0.00357866,0.688473,0.00293985,33.1092,0.218017,0.266442,True,PGT121|1176,1313974
1,130_bNAb_Combinations|1313974|sample|9|nan|1176,1,0.00357866,0.688473,0.00293985,14.4506,0.218017,0.266442,True,PGT121|1176,1313974
1,130_bNAb_Combinations|1313974|vc|1|2|nan|1176,1,0.00357866,0.687539,0.00304467,5.40098,0.218017,0.266442,False,nan|1176,1313974
1,130_bNAb_Combinations|1313974|vc|2|2|nan|1176,1,0.00357866,0.687539,0.00304467,2.29884,0.218017,0.266442,False,nan|1176,1313974
1,130_bNAb_Combinations|1313974|vc|3|2|nan|1176,1,0.00357866,0.687539,0.00304467,-19.201,0.218017,0.266442,False,nan|1176,1313974
1,130_bNAb_Combinations|1313974|vc|4|2|nan|1176,1,0.00357866,0.687539,0.00304467,-22.9405,0.218017,0.266442,False,nan|1176,1313974
1,130_bNAb_Combinations|1313974|vc|5|2|nan|1176,1,0.00357866,0.687539,0.00304467,-20.0722,0.218017,0.266442,False,nan|1176,1313974
1,130_bNAb_Combinations|1313974|vc|6|2|nan|1176,1,0.00357866,0.687539,0.00304467,12.0628,0.218017,0.266442,False,nan|1176,1313974
1,130_bNAb_Combinations|1313974|vc|7|2|nan|1176,1,0.00357866,0.687539,0.00304467,15.4918,0.218017,0.266442,False,nan|1176,1313974
1,130_bNAb_Combinations|1313974|vc|8|2|nan|1176,1,0.00357866,0.687539,0.00304467,18.9593,0.218017,0.266442,False,nan|1176,1313974
1,130_bNAb_Combinations|1313992|cc|1|1|RHPA4259.7|5371,1,0.00357866,0.687539,0.0352518,18.1474,0.218017,0.266442,False,nan|RHPA4259.7,1313992
1,130_bNAb_Combinations|1313992|cc|2|1|RHPA4259.7|5371,1,0.00357866,0.687539,0.0352518,-9.55706,0.218017,0.266442,False,nan|RHPA4259.7,1313992
1,130_bNAb_Combinations|1313992|cc|3|1|RHPA4259.7|5371,1,0.00357866,0.687539,0.0352518,-10.7116,0.218017,0.266442,False,nan|RHPA4259.7,1313992
1,130_bNAb_Combinations|1313992|cc|4|1|RHPA4259.7|5371,1,0.00357866,0.687539,0.0352518,-2.29808,0.218017,0.266442,False,nan|RHPA4259.7,1313992
1,130_bNAb_Combinations|1313992|cc|5|1|RHPA4259.7|5371,1,0.00357866,0.687539,0.0352518,-8.35619,0.218017,0.266442,False,nan|RHPA4259.7,1313992
1,130_bNAb_Combinations|1313992|cc|6|1|RHPA4259.7|5371,1,0.00357866,0.687539,0.0352518,-13.7383,0.218017,0.266442,False,nan|RHPA4259.7,1313992
1,130_bNAb_Combinations|1313992|cc|7|1|RHPA4259.7|5371,1,0.00357866,0.687539,0.0352518,34.6165,0.218017,0.266442,False,nan|RHPA4259.7,1313992
1,130_bNAb_Combinations|1313992|cc|8|1|RHPA4259.7|5371,1,0.00357866,0.687539,0.0352518,-15.5102,0.218017,0.266442,False,nan|RHPA4259.7,1313992
1,130_bNAb_Combinations|1313992|sample|10|RHPA4259.7|5371,1,0.00357866,0.688473,0.618695,19.8074,0.218017,0.266442,True,PGT121|RHPA4259.7,1313992
1,130_bNAb_Combinations|1313992|sample|11|RHPA4259.7|5371,1,0.00357866,0.688473,0.468054,25.1205,0.218017,0.266442,True,VRC07-523LS|RHPA4259.7,1313992
1,130_bNAb_Combinations|1313992|sample|12|RHPA4259.7|5371,1,0.00357866,0.688473,0.468054,18.3204,0.218017,0.266442,True,VRC07-523LS|RHPA4259.7,1313992
1,130_bNAb_Combinations|1313992|sample|3|RHPA4259.7|5371,1,0.00357866,0.688473,0.0232366,18.0901,0.218017,0.266442,True,PGDM1400|RHPA4259.7,1313992
1,130_bNAb_Combinations|1313992|sample|4|RHPA4259.7|5371,1,0.00357866,0.688473,0.0232366,20.6847,0.218017,0.266442,True,PGDM1400|RHPA4259.7,1313992
1,130_bNAb_Combinations|1313992|sample|5|RHPA4259.7|5371,1,0.00357866,0.688473,0.0232366,24.6394,0.218017,0.266442,True,PGDM1400|RHPA4259.7,1313992
1,130_bNAb_Combinations|1313992|sample|6|RHPA4259.7|5371,1,0.00357866,0.688473,0.0232366,20.2869,0.218017,0.266442,True,PGDM1400|RHPA4259.7,1313992
1,130_bNAb_Combinations|1313992|sample|7|RHPA4259.7|5371,1,0.00357866,0.688473,0.618695,19.697,0.218017,0.266442,True,PGT121|RHPA4259.7,1313992
1,130_bNAb_Combinations|1313992|sample|8|RHPA4259.7|5371,1,0.00357866,0.688473,0.618695,16.4625,0.218017,0.266442,True,PGT121|RHPA4259.7,1313992
1,130_bNAb_Combinations|1313992|sample|9|RHPA4259.7|5371,1,0.00357866,0.688473,0.618695,18.1949,0.218017,0.266442,True,PGT121|RHPA4259.7,1313992
1,130_bNAb_Combinations|1313992|vc|1|2|RHPA4259.7|5371,1,0.00357866,0.687539,0.0352518,-5.66818,0.218017,0.266442,False,nan|RHPA4259.7,1313992
1,130_bNAb_Combinations|1313992|vc|2|2|RHPA4259.7|5371,1,0.00357866,0.687539,0.0352518,-0.600954,0.218017,0.266442,False,nan|RHPA4259.7,1313992
1,130_bNAb_Combinations|1313992|vc|3|2|RHPA4259.7|5371,1,0.00357866,0.687539,0.0352518,14.4174,0.218017,0.266442,False,nan|RHPA4259.7,1313992
1,130_bNAb_Combinations|1313992|vc|4|2|RHPA4259.7|5371,1,0.00357866,0.687539,0.0352518,-5.67828,0.218017,0.266442,False,nan|RHPA4259.7,1313992
1,130_bNAb_Combinations|1313992|vc|5|2|RHPA4259.7|5371,1,0.00357866,0.687539,0.0352518,30.5467,0.218017,0.266442,False,nan|RHPA4259.7,1313992
1,130_bNAb_Combinations|1313992|vc|6|2|RHPA4259.7|5371,1,0.00357866,0.687539,0.0352518,-15.9598,0.218017,0.266442,False,nan|RHPA4259.7,1313992
1,130_bNAb_Combinations|1313992|vc|7|2|RHPA4259.7|5371,1,0.00357866,0.687539,0.0352518,-12.0357,0.218017,0.266442,False,nan|RHPA4259.7,1313992
1,130_bNAb_Combinations|1313992|vc|8|2|RHPA4259.7|5371,1,0.00357866,0.687539,0.0352518,16.1689,0.218017,0.266442,False,nan|RHPA4259.7,1313992
1,130_bNAb_Combinations|1314016|cc|1|1|nan|3430,1,0.00357866,0.687539,0.0566402,-25.4004,0.218019,0.266442,False,nan|3430,1314016
1,130_bNAb_Combinations|1314016|cc|2|1|nan|3430,1,0.00357866,0.687539,0.0566402,25.878,0.218019,0.266442,False,nan|3430,1314016
1,130_bNAb_Combinations|1314016|cc|3|1|nan|3430,1,0.00357866,0.687539,0.0566402,0.378766,0.218019,0.266442,False,nan|3430,1314016
1,130_bNAb_Combinations|1314016|cc|4|1|nan|3430,1,0.00357866,0.687539,0.0566402,-0.653241,0.218019,0.266442,False,nan|3430,1314016
1,130_bNAb_Combinations|1314016|cc|5|1|nan|3430,1,0.00357866,0.687539,0.0566402,8.43499,0.218019,0.266442,False,nan|3430,1314016
1,130_bNAb_Combinations|1314016|cc|6|1|nan|3430,1,0.00357866,0.687539,0.0566402,-4.83123,0.218019,0.266442,False,nan|3430,1314016
1,130_bNAb_Combinations|1314016|cc|7|1|nan|3430,1,0.00357866,0.687539,0.0566402,-0.311509,0.218019,0.266442,False,nan|3430,1314016
1,130_bNAb_Combinations|1314016|cc|8|1|nan|3430,1,0.00357866,0.687539,0.0566402,4.51089,0.218019,0.266442,False,nan|3430,1314016
1,130_bNAb_Combinations|1314016|sample|10|nan|3430,1,0.00357866,0.688473,0.103165,23.6048,0.218019,0.266442,True,PGT121|3430,1314016
1,130_bNAb_Combinations|1314016|sample|11|nan|3430,1,0.00357866,0.688473,0.251386,22.668,0.218019,0.266442,True,VRC07-523LS|3430,1314016
1,130_bNAb_Combinations|1314016|sample|12|nan|3430,1,0.00357866,0.688473,0.251386,21.6031,0.218019,0.266442,True,VRC07-523LS|3430,1314016
1,130_bNAb_Combinations|1314016|sample|3|nan|3430,1,0.00357866,0.688473,2.25914,21.5204,0.218019,0.266442,True,PGDM1400|3430,1314016
1,130_bNAb_Combinations|1314016|sample|4|nan|3430,1,0.00357866,0.688473,2.25914,23.3362,0.218019,0.266442,True,PGDM1400|3430,1314016
1,130_bNAb_Combinations|1314016|sample|5|nan|3430,1,0.00357866,0.688473,2.25914,19.1545,0.218019,0.266442,True,PGDM1400|3430,1314016
1,130_bNAb_Combinations|1314016|sample|6|nan|3430,1,0.00357866,0.688473,2.25914,16.3824,0.218019,0.266442,True,PGDM1400|3430,1314016
1,130_bNAb_Combinations|1314016|sample|7|nan|3430,1,0.00357866,0.688473,0.103165,18.5741,0.218019,0.266442,True,PGT121|3430,1314016
1,130_bNAb_Combinations|1314016|sample|8|nan|3430,1,0.00357866,0.688473,0.103165,16.3674,0.218019,0.266442,True,PGT121|3430,1314016
1,130_bNAb_Combinations|1314016|sample|9|nan|3430,1,0.00357866,0.688473,0.103165,17.4708,0.218019,0.266442,True,PGT121|3430,1314016
1,130_bNAb_Combinations|1314016|vc|1|2|nan|3430,1,0.00357866,0.687539,0.0566402,2.94059,0.218019,0.266442,False,nan|3430,1314016
1,130_bNAb_Combinations|1314016|vc|2|2|nan|3430,1,0.00357866,0.687539,0.0566402,15.8292,0.218019,0.266442,False,nan|3430,1314016
1,130_bNAb_Combinations|1314016|vc|3|2|nan|3430,1,0.00357866,0.687539,0.0566402,4.05539,0.218019,0.266442,False,nan|3430,1314016
1,130_bNAb_Combinations|1314016|vc|4|2|nan|3430,1,0.00357866,0.687539,0.0566402,7.19701,0.218019,0.266442,False,nan|3430,1314016
1,130_bNAb_Combinations|1314016|vc|5|2|nan|3430,1,0.00357866,0.687539,0.0566402,-0.539173,0.218019,0.266442,False,nan|3430,1314016
1,130_bNAb_Combinations|1314016|vc|6|2|nan|3430,1,0.00357866,0.687539,0.0566402,24.0403,0.218019,0.266442,False,nan|3430,1314016
1,130_bNAb_Combinations|1314016|vc|7|2|nan|3430,1,0.00357866,0.687539,0.0566402,-5.78674,0.218019,0.266442,False,nan|3430,1314016
1,130_bNAb_Combinations|1314016|vc|8|2|nan|3430,1,0.00357866,0.687539,0.0566402,11.94,0.218019,0.266442,False,nan|3430,1314016
1,130_bNAb_Combinations|1314040|cc|1|1|nan|4166,1,0.00357866,0.687539,0.0200505,-5.13799,0.218017,0.266442,False,nan|4166,1314040
1,130_bNAb_Combinations|1314040|cc|2|1|nan|4166,1,0.00357866,0.687539,0.0200505,2.61134,0.218017,0.266442,False,nan|4166,1314040
1,130_bNAb_Combinations|1314040|cc|3|1|nan|4166,1,0.00357866,0.687539,0.0200505,-50.4525,0.218017,0.266442,False,nan|4166,1314040
1,130_bNAb_Combinations|1314040|cc|4|1|nan|4166,1,0.00357866,0.687539,0.0200505,16.2739,0.218017,0.266442,False,nan|4166,1314040
1,130_bNAb_Combinations|1314040|cc|5|1|nan|4166,1,0.00357866,0.687539,0.0200505,17.8663,0.218017,0.266442,False,nan|4166,1314040
1,130_bNAb_Combinations|1314040|cc|6|1|nan|4166,1,0.00357866,0.687539,0.0200505,-23.5711,0.218017,0.266442,False,nan|4166,1314040
1,130_bNAb_Combinations|1314040|cc|7|1|nan|4166,1,0.00357866,0.687539,0.0200505,8.99759,0.218017,0.266442,False,nan|4166,1314040
1,130_bNAb_Combinations|1314040|cc|8|1|nan|4166,1,0.00357866,0.687539,0.0200505,35.1959,0.218017,0.266442,False,nan|4166,1314040
1,130_bNAb_Combinations|1314040|sample|10|nan|4166,1,0.00357866,0.688473,1.06328,20.1702,0.218017,0.266442,True,PGT121|4166,1314040
1,130_bNAb_Combinations|1314040|sample|11|nan|4166,1,0.00357866,0.688473,0.581956,20.0369,0.218017,0.266442,True,VRC07-523LS|4166,1314040
1,130_bNAb_Combinations|1314040|sample|12|nan|4166,1,0.00357866,0.688473,0.581956,21.6612,0.218017,0.266442,True,VRC07-523LS|4166,1314040
1,130_bNAb_Combinations|1314040|sample|3|nan|4166,1,0.00357866,0.688473,0.898946,24.2956,0.218017,0.266442,True,PGDM1400|4166,1314040
1,130_bNAb_Combinations|1314040|sample|4|nan|4166,1,0.00357866,0.688473,0.898946,16.9797,0.218017,0.266442,True,PGDM1400|4166,1314040
1,130_bNAb_Combinations|1314040|sample|5|nan|4166,1,0.00357866,0.688473,0.898946,24.9323,0.218017,0.266442,True,PGDM1400|4166,1314040
1,130_bNAb_Combinations|1314040|sample|6|nan|4166,1,0.00357866,0.688473,0.898946,13.2449,0.218017,0.266442,True,PGDM1400|4166,1314040
1,130_bNAb_Combinations|1314040|sample|7|nan|4166,1,0.00357866,0.688473,1.06328,18.9887,0.218017,0.266442,True,PGT121|4166,1314040
1,130_bNAb_Combinations|1314040|sample|8|nan|4166,1,0.00357866,0.688473,1.06328,15.9114,0.218017,0.266442,True,PGT121|4166,1314040
1,130_bNAb_Combinations|1314040|sample|9|nan|4166,1,0.00357866,0.688473,1.06328,18.6179,0.218017,0.266442,True,PGT121|4166,1314040
1,130_bNAb_Combinations|1314040|vc|1|2|nan|4166,1,0.00357866,0.687539,0.0200505,20.5244,0.218017,0.266442,False,nan|4166,1314040
1,130_bNAb_Combinations|1314040|vc|2|2|nan|4166,1,0.00357866,0.687539,0.0200505,-25.9413,0.218017,0.266442,False,nan|4166,1314040
1,130_bNAb_Combinations|1314040|vc|3|2|nan|4166,1,0.00357866,0.687539,0.0200505,9.16137,0.218017,0.266442,False,nan|4166,1314040
1,130_bNAb_Combinations|1314040|vc|4|2|nan|4166,1,0.00357866,0.687539,0.0200505,-23.0545,0.218017,0.266442,False,nan|4166,1314040
1,130_bNAb_Combinations|1314040|vc|5|2|nan|4166,1,0.00357866,0.687539,0.0200505,36.5206,0.218017,0.266442,False,nan|4166,1314040
1,130_bNAb_Combinations|1314040|vc|6|2|nan|4166,1,0.00357866,0.687539,0.0200505,20.5065,0.218017,0.266442,False,nan|4166,1314040
1,130_bNAb_Combinations|1314040|vc|7|2|nan|4166,1,0.00357866,0.687539,0.0200505,68.6566,0.218017,0.266442,False,nan|4166,1314040
1,130_bNAb_Combinations|1314040|vc|8|2|nan|4166,1,0.00357866,0.687539,0.0200505,11.9493,0.218017,0.266442,False,nan|4166,1314040
1,130_bNAb_Combinations|1314058|cc|1|1|nan|2944,1,0.00357866,0.687539,0.0320602,17.2444,0.218017,0.266442,False,nan|2944,1314058
1,130_bNAb_Combinations|1314058|cc|2|1|nan|2944,1,0.00357866,0.687539,0.0320602,38.5079,0.218017,0.266442,False,nan|2944,1314058
1,130_bNAb_Combinations|1314058|cc|3|1|nan|2944,1,0.00357866,0.687539,0.0320602,-30.9245,0.218017,0.266442,False,nan|2944,1314058
1,130_bNAb_Combinations|1314058|cc|4|1|nan|2944,1,0.00357866,0.687539,0.0320602,10.5406,0.218017,0.266442,False,nan|2944,1314058
1,130_bNAb_Combinations|1314058|cc|5|1|nan|2944,1,0.00357866,0.687539,0.0320602,34.8062,0.218017,0.266442,False,nan|2944,1314058
1,130_bNAb_Combinations|1314058|cc|6|1|nan|2944,1,0.00357866,0.687539,0.0320602,-21.8703,0.218017,0.266442,False,nan|2944,1314058
1,130_bNAb_Combinations|1314058|cc|7|1|nan|2944,1,0.00357866,0.687539,0.0320602,-21.8827,0.218017,0.266442,False,nan|2944,1314058
1,130_bNAb_Combinations|1314058|cc|8|1|nan|2944,1,0.00357866,0.687539,0.0320602,7.58422,0.218017,0.266442,False,nan|2944,1314058
1,130_bNAb_Combinations|1314058|sample|10|nan|2944,1,0.00357866,0.688473,0.79531,24.6983,0.218017,0.266442,True,PGT121|2944,1314058
1,130_bNAb_Combinations|1314058|sample|11|nan|2944,1,0.00357866,0.688473,0.153493,17.3722,0.218017,0.266442,True,VRC07-523LS|2944,1314058
1,130_bNAb_Combinations|1314058|sample|12|nan|2944,1,0.00357866,0.688473,0.153493,21.9553,0.218017,0.266442,True,VRC07-523LS|2944,1314058
1,130_bNAb_Combinations|1314058|sample|3|nan|2944,1,0.00357866,0.688473,6.00009,18.0274,0.218017,0.266442,True,PGDM1400|2944,1314058
1,130_bNAb_Combinations|1314058|sample|4|nan|2944,1,0.00357866,0.688473,6.00009,15.0287,0.218017,0.266442,True,PGDM1400|2944,1314058
1,130_bNAb_Combinations|1314058|sample|5|nan|2944,1,0.00357866,0.688473,6.00009,20.9894,0.218017,0.266442,True,PGDM1400|2944,1314058
1,130_bNAb_Combinations|1314058|sample|6|nan|2944,1,0.00357866,0.688473,6.00009,23.6435,0.218017,0.266442,True,PGDM1400|2944,1314058
1,130_bNAb_Combinations|1314058|sample|7|nan|2944,1,0.00357866,0.688473,0.79531,23.8248,0.218017,0.266442,True,PGT121|2944,1314058
1,130_bNAb_Combinations|1314058|sample|8|nan|2944,1,0.00357866,0.688473,0.79531,19.1694,0.218017,0.266442,True,PGT121|2944,1314058
1,130_bNAb_Combinations|1314058|sample|9|nan|2944,1,0.00357866,0.688473,0.79531,21.6222,0.218017,0.266442,True,PGT121|2944,1314058
1,130_bNAb_Combinations|1314058|vc|1|2|nan|2944,1,0.00357866,0.687539,0.0320602,13.6918,0.218017,0.266442,False,nan|2944,1314058
1,130_bNAb_Combinations|1314058|vc|2|2|nan|2944,1,0.00357866,0.687539,0.0320602,-19.903,0.218017,0.266442,False,nan|2944,1314058
1,130_bNAb_Combinations|1314058|vc|3|2|nan|2944,1,0.00357866,0.687539,0.0320602,-12.1182,0.218017,0.266442,False,nan|2944,1314058
1,130_bNAb_Combinations|1314058|vc|4|2|nan|2944,1,0.00357866,0.687539,0.0320602,0.95226,0.218017,0.266442,False,nan|2944,1314058
1,130_bNAb_Combinations|1314058|vc|5|2|nan|2944,1,0.00357866,0.687539,0.0320602,14.8188,0.218017,0.266442,False,nan|2944,1314058
1,130_bNAb_Combinations|1314058|vc|6|2|nan|2944,1,0.00357866,0.687539,0.0320602,-2.44218,0.218017,0.266442,False,nan|2944,1314058
1,130_bNAb_Combinations|1314058|vc|7|2|nan|2944,1,0.00357866,0.687539,0.0320602,-21.6504,0.218017,0.266442,False,nan|2944,1314058
1,130_bNAb_Combinations|1314058|vc|8|2|nan|2944,1,0.00357866,0.687539,0.0320602,32.5078,0.218017,0.266442,False,nan|2944,1314058
1,130_bNAb_Combinations|1342240|cc|1|1|nan|1798,1,0.00357866,0.687539,0.011155,-18.6128,0.218017,0.266442,False,nan|1798,1342240
1,130_bNAb_Combinations|1342240|cc|2|1|nan|1798,1,0.00357866,0.687539,0.011155,24.242,0.218017,0.266442,False,nan|1798,1342240
1,130_bNAb_Combinations|1342240|cc|3|1|nan|1798,1,0.00357866,0.687539,0.011155,23.9924,0.218017,0.266442,False,nan|1798,1342240
1,130_bNAb_Combinations|1342240|cc|4|1|nan|1798,1,0.00357866,0.687539,0.011155,1.69024,0.218017,0.266442,False,nan|1798,1342240
1,130_bNAb_Combinations|1342240|cc|5|1|nan|1798,1,0.00357866,0.687539,0.011155,-5.91346,0.218017,0.266442,False,nan|1798,1342240
1,130_bNAb_Combinations|1342240|cc|6|1|nan|1798,1,0.00357866,0.687539,0.011155,-26.1954,0.218017,0.266442,False,nan|1798,1342240
1,130_bNAb_Combinations|1342240|cc|7|1|nan|1798,1,0.00357866,0.687539,0.011155,36.199,0.218017,0.266442,False,nan|1798,1342240
1,130_bNAb_Combinations|1342240|cc|8|1|nan|1798,1,0.00357866,0.687539,0.011155,31.4071,0.218017,0.266442,False,nan|1798,1342240
1,130_bNAb_Combinations|1342240|sample|3|nan|1798,1,0.00357866,0.688473,0.0303263,19.149,0.218017,0.266442,True,VRC07-523LS|1798,1342240
1,130_bNAb_Combinations|1342240|sample|4|nan|1798,1,0.00357866,0.688473,0.0303263,22.0099,0.218017,0.266442,True,VRC07-523LS|1798,1342240
1,130_bNAb_Combinations|1342240|sample|8|nan|1798,1,0.00357866,0.688473,0.0303263,24.568,0.218017,0.266442,True,VRC07-523LS|1798,1342240
1,130_bNAb_Combinations|1342240|vc|1|2|nan|1798,1,0.00357866,0.687539,0.011155,-20.7954,0.218017,0.266442,False,nan|1798,1342240
1,130_bNAb_Combinations|1342240|vc|2|2|nan|1798,1,0.00357866,0.687539,0.011155,-27.3167,0.218017,0.266442,False,nan|1798,1342240
1,130_bNAb_Combinations|1342240|vc|3|2|nan|1798,1,0.00357866,0.687539,0.011155,23.0303,0.218017,0.266442,False,nan|1798,1342240
1,130_bNAb_Combinations|1342240|vc|4|2|nan|1798,1,0.00357866,0.687539,0.011155,43.0387,0.218017,0.266442,False,nan|1798,1342240
1,130_bNAb_Combinations|1342240|vc|5|2|nan|1798,1,0.00357866,0.687539,0.011155,13.1207,0.218017,0.266442,False,nan|1798,1342240
1,130_bNAb_Combinations|1342240|vc|6|2|nan|1798,1,0.00357866,0.687539,0.011155,22.455,0.218017,0.266442,False,nan|1798,1342240
1,130_bNAb_Combinations|1342240|vc|7|2|nan|1798,1,0.00357866,0.687539,0.011155,21.4471,0.218017,0.266442,False,nan|1798,1342240
1,130_bNAb_Combinations|1342240|vc|8|2|nan|1798,1,0.00357866,0.687539,0.011155,13.6661,0.218017,0.266442,False,nan|1798,1342240
1,130_bNAb_Combinations|1342258|cc|1|1|TRO.11|8301,1,0.00357866,0.687539,0.0198683,-3.25325,0.218017,1.02046,False,nan|TRO.11,1342258
1,130_bNAb_Combinations|1342258|cc|2|1|TRO.11|8301,1,0.00357866,0.687539,0.0198683,-55.6319,0.218017,1.02046,False,nan|TRO.11,1342258
1,130_bNAb_Combinations|1342258|cc|3|1|TRO.11|8301,1,0.00357866,0.687539,0.0198683,8.54031,0.218017,1.02046,False,nan|TRO.11,1342258
1,130_bNAb_Combinations|1342258|cc|4|1|TRO.11|8301,1,0.00357866,0.687539,0.0198683,-2.80054,0.218017,1.02046,False,nan|TRO.11,1342258
1,130_bNAb_Combinations|1342258|cc|5|1|TRO.11|8301,1,0.00357866,0.687539,0.0198683,20.973,0.218017,1.02046,False,nan|TRO.11,1342258
1,130_bNAb_Combinations|1342258|cc|6|1|TRO.11|8301,1,0.00357866,0.687539,0.0198683,21.648,0.218017,1.02046,False,nan|TRO.11,1342258
1,130_bNAb_Combinations|1342258|cc|7|1|TRO.11|8301,1,0.00357866,0.687539,0.0198683,-17.7826,0.218017,1.02046,False,nan|TRO.11,1342258
1,130_bNAb_Combinations|1342258|cc|8|1|TRO.11|8301,1,0.00357866,0.687539,0.0198683,-2.95724,0.218017,1.02046,False,nan|TRO.11,1342258
1,130_bNAb_Combinations|1342258|sample|3|TRO.11|8301,1,0.00357866,0.688473,0.119166,22.9092,0.218017,1.02046,True,VRC07-523LS|TRO.11,1342258
1,130_bNAb_Combinations|1342258|sample|4|TRO.11|8301,1,0.00357866,0.688473,0.119166,19.3107,0.218017,1.02046,True,VRC07-523LS|TRO.11,1342258
1,130_bNAb_Combinations|1342258|vc|1|2|TRO.11|8301,1,0.00357866,0.687539,0.0198683,-16.2645,0.218017,1.02046,False,nan|TRO.11,1342258
1,130_bNAb_Combinations|1342258|vc|2|2|TRO.11|8301,1,0.00357866,0.687539,0.0198683,27.8019,0.218017,1.02046,False,nan|TRO.11,1342258
1,130_bNAb_Combinations|1342258|vc|3|2|TRO.11|8301,1,0.00357866,0.687539,0.0198683,-5.39992,0.218017,1.02046,False,nan|TRO.11,1342258
1,130_bNAb_Combinations|1342258|vc|4|2|TRO.11|8301,1,0.00357866,0.687539,0.0198683,-21.2874,0.218017,1.02046,False,nan|TRO.11,1342258
1,130_bNAb_Combinations|1342258|vc|5|2|TRO.11|8301,1,0.00357866,0.687539,0.0198683,-32.7987,0.218017,1.02046,False,nan|TRO.11,1342258
1,130_bNAb_Combinations|1342258|vc|6|2|TRO.11|8301,1,0.00357866,0.687539,0.0198683,-16.3246,0.218017,1.02046,False,nan|TRO.11,1342258
1,130_bNAb_Combinations|1342258|vc|7|2|TRO.11|8301,1,0.00357866,0.687539,0.0198683,-9.95219,0.218017,1.02046,False,nan|TRO.11,1342258
1,130_bNAb_Combinations|1342258|vc|8|2|TRO.11|8301,1,0.00357866,0.687539,0.0198683,-5.75504,0.218017,1.02046,False,nan|TRO.11,1342258
1,130_bNAb_Combinations|1342276|cc|1|1|Ce1176_A3|7023,1,0.00357866,0.687539,0.0451749,9.69504,0.218017,0.266442,False,nan|Ce1176_A3,1342276
1,130_bNAb_Combinations|1342276|cc|2|1|Ce1176_A3|7023,1,0.00357866,0.687539,0.0451749,34.3334,0.218017,0.266442,False,nan|Ce1176_A3,1342276
1,130_bNAb_Combinations|1342276|cc|3|1|Ce1176_A3|7023,1,0.00357866,0.687539,0.0451749,9.33567,0.218017,0.266442,False,nan|Ce1176_A3,1342276
1,130_bNAb_Combinations|1342276|cc|4|1|Ce1176_A3|7023,1,0.00357866,0.687539,0.0451749,-0.555959,0.218017,0.266442,False,nan|Ce1176_A3,1342276
1,130_bNAb_Combinations|1342276|cc|5|1|Ce1176_A3|7023,1,0.00357866,0.687539,0.0451749,5.71841,0.218017,0.266442,False,nan|Ce1176_A3,1342276
1,130_bNAb_Combinations|1342276|cc|6|1|Ce1176_A3|7023,1,0.00357866,0.687539,0.0451749,-10.0606,0.218017,0.266442,False,nan|Ce1176_A3,1342276
1,130_bNAb_Combinations|1342276|cc|7|1|Ce1176_A3|7023,1,0.00357866,0.687539,0.0451749,6.61221,0.218017,0.266442,False,nan|Ce1176_A3,1342276
1,130_bNAb_Combinations|1342276|cc|8|1|Ce1176_A3|7023,1,0.00357866,0.687539,0.0451749,-3.12064,0.218017,0.266442,False,nan|Ce1176_A3,1342276
1,130_bNAb_Combinations|1342276|sample|3|Ce1176_A3|7023,1,0.00357866,0.688473,0.0401205,19.0026,0.218017,0.266442,True,VRC07-523LS|Ce1176_A3,1342276
1,130_bNAb_Combinations|1342276|sample|4|Ce1176_A3|7023,1,0.00357866,0.688473,0.0401205,16.7946,0.218017,0.266442,True,VRC07-523LS|Ce1176_A3,1342276
1,130_bNAb_Combinations|1342276|vc|1|2|Ce1176_A3|7023,1,0.00357866,0.687539,0.0451749,-31.4606,0.218017,0.266442,False,nan|Ce1176_A3,1342276
1,130_bNAb_Combinations|1342276|vc|2|2|Ce1176_A3|7023,1,0.00357866,0.687539,0.0451749,-13.4887,0.218017,0.266442,False,nan|Ce1176_A3,1342276
1,130_bNAb_Combinations|1342276|vc|3|2|Ce1176_A3|7023,1,0.00357866,0.687539,0.0451749,-29.4967,0.218017,0.266442,False,nan|Ce1176_A3,1342276
1,130_bNAb_Combinations|1342276|vc|4|2|Ce1176_A3|7023,1,0.00357866,0.687539,0.0451749,6.25992,0.218017,0.266442,False,nan|Ce1176_A3,1342276
1,130_bNAb_Combinations|1342276|vc|5|2|Ce1176_A3|7023,1,0.00357866,0.687539,0.0451749,4.18178,0.218017,0.266442,False,nan|Ce1176_A3,1342276
1,130_bNAb_Combinations|1342276|vc|6|2|Ce1176_A3|7023,1,0.00357866,0.687539,0.0451749,-4.64607,0.218017,0.266442,False,nan|Ce1176_A3,1342276
1,130_bNAb_Combinations|1342276|vc|7|2|Ce1176_A3|7023,1,0.00357866,0.687539,0.0451749,67.7486,0.218017,0.266442,False,nan|Ce1176_A3,1342276
1,130_bNAb_Combinations|1342276|vc|8|2|Ce1176_A3|7023,1,0.00357866,0.687539,0.0451749,-20.6732,0.218017,0.266442,False,nan|Ce1176_A3,1342276
1,130_bNAb_Combinations|1342294|cc|1|1|nan|1176,1,0.00357866,0.687539,0.00304467,-47.9375,0.218017,0.265887,False,nan|1176,1342294
1,130_bNAb_Combinations|1342294|cc|2|1|nan|1176,1,0.00357866,0.687539,0.00304467,9.59031,0.218017,0.265887,False,nan|1176,1342294
1,130_bNAb_Combinations|1342294|cc|3|1|nan|1176,1,0.00357866,0.687539,0.00304467,24.9005,0.218017,0.265887,False,nan|1176,1342294
1,130_bNAb_Combinations|1342294|cc|4|1|nan|1176,1,0.00357866,0.687539,0.00304467,-49.0011,0.218017,0.265887,False,nan|1176,1342294
1,130_bNAb_Combinations|1342294|cc|5|1|nan|1176,1,0.00357866,0.687539,0.00304467,23.569,0.218017,0.265887,False,nan|1176,1342294
1,130_bNAb_Combinations|1342294|cc|6|1|nan|1176,1,0.00357866,0.687539,0.00304467,27.5906,0.218017,0.265887,False,nan|1176,1342294
1,130_bNAb_Combinations|1342294|cc|7|1|nan|1176,1,0.00357866,0.687539,0.00304467,29.5469,0.218017,0.265887,False,nan|1176,1342294
1,130_bNAb_Combinations|1342294|cc|8|1|nan|1176,1,0.00357866,0.687539,0.00304467,32.4648,0.218017,0.265887,False,nan|1176,1342294
1,130_bNAb_Combinations|1342294|sample|3|nan|1176,1,0.00357866,0.688473,0.207189,18.9871,0.218017,0.265887,True,VRC07-523LS|1176,1342294
1,130_bNAb_Combinations|1342294|sample|4|nan|1176,1,0.00357866,0.688473,0.207189,17.2624,0.218017,0.265887,True,VRC07-523LS|1176,1342294
1,130_bNAb_Combinations|1342294|sample|8|nan|1176,1,0.00357866,0.688473,0.207189,13.9208,0.218017,0.265887,True,VRC07-523LS|1176,1342294
1,130_bNAb_Combinations|1342294|vc|1|2|nan|1176,1,0.00357866,0.687539,0.00304467,-4.4374,0.218017,0.265887,False,nan|1176,1342294
1,130_bNAb_Combinations|1342294|vc|2|2|nan|1176,1,0.00357866,0.687539,0.00304467,11.7196,0.218017,0.265887,False,nan|1176,1342294
1,130_bNAb_Combinations|1342294|vc|3|2|nan|1176,1,0.00357866,0.687539,0.00304467,-3.48601,0.218017,0.265887,False,nan|1176,1342294
1,130_bNAb_Combinations|1342294|vc|4|2|nan|1176,1,0.00357866,0.687539,0.00304467,4.43731,0.218017,0.265887,False,nan|1176,1342294
1,130_bNAb_Combinations|1342294|vc|5|2|nan|1176,1,0.00357866,0.687539,0.00304467,-41.1435,0.218017,0.265887,False,nan|1176,1342294
1,130_bNAb_Combinations|1342294|vc|6|2|nan|1176,1,0.00357866,0.687539,0.00304467,-14.4393,0.218017,0.265887,False,nan|1176,1342294
1,130_bNAb_Combinations|1342294|vc|7|2|nan|1176,1,0.00357866,0.687539,0.00304467,15.3144,0.218017,0.265887,False,nan|1176,1342294
1,130_bNAb_Combinations|1342294|vc|8|2|nan|1176,1,0.00357866,0.687539,0.00304467,36.44,0.218017,0.265887,False,nan|1176,1342294
1,130_bNAb_Combinations|1342312|cc|1|1|RHPA4259.7|5371,1,0.00357866,0.687539,0.0352518,50.5289,0.217415,0.606927,False,nan|RHPA4259.7,1342312
1,130_bNAb_Combinations|1342312|cc|2|1|RHPA4259.7|5371,1,0.00357866,0.687539,0.0352518,-8.99106,0.217415,0.606927,False,nan|RHPA4259.7,1342312
1,130_bNAb_Combinations|1342312|cc|3|1|RHPA4259.7|5371,1,0.00357866,0.687539,0.0352518,-40.3473,0.217415,0.606927,False,nan|RHPA4259.7,1342312
1,130_bNAb_Combinations|1342312|cc|4|1|RHPA4259.7|5371,1,0.00357866,0.687539,0.0352518,3.06388,0.217415,0.606927,False,nan|RHPA4259.7,1342312
1,130_bNAb_Combinations|1342312|cc|5|1|RHPA4259.7|5371,1,0.00357866,0.687539,0.0352518,-2.53556,0.217415,0.606927,False,nan|RHPA4259.7,1342312
1,130_bNAb_Combinations|1342312|cc|6|1|RHPA4259.7|5371,1,0.00357866,0.687539,0.0352518,43.5925,0.217415,0.606927,False,nan|RHPA4259.7,1342312
1,130_bNAb_Combinations|1342312|cc|7|1|RHPA4259.7|5371,1,0.00357866,0.687539,0.0352518,21.7699,0.217415,0.606927,False,nan|RHPA4259.7,1342312
1,130_bNAb_Combinations|1342312|cc|8|1|RHPA4259.7|5371,1,0.00357866,0.687539,0.0352518,6.4751,0.217415,0.606927,False,nan|RHPA4259.7,1342312
1,130_bNAb_Combinations|1342312|sample|3|RHPA4259.7|5371,1,0.00357866,0.688473,0.468054,16.1201,0.217415,0.606927,True,VRC07-523LS|RHPA4259.7,1342312
1,130_bNAb_Combinations|1342312|sample|4|RHPA4259.7|5371,1,0.00357866,0.688473,0.468054,17.2274,0.217415,0.606927,True,VRC07-523LS|RHPA4259.7,1342312
1,130_bNAb_Combinations|1342312|vc|1|2|RHPA4259.7|5371,1,0.00357866,0.687539,0.0352518,7.57877,0.217415,0.606927,False,nan|RHPA4259.7,1342312
1,130_bNAb_Combinations|1342312|vc|2|2|RHPA4259.7|5371,1,0.00357866,0.687539,0.0352518,7.17618,0.217415,0.606927,False,nan|RHPA4259.7,1342312
1,130_bNAb_Combinations|1342312|vc|3|2|RHPA4259.7|5371,1,0.00357866,0.687539,0.0352518,-7.57363,0.217415,0.606927,False,nan|RHPA4259.7,1342312
1,130_bNAb_Combinations|1342312|vc|4|2|RHPA4259.7|5371,1,0.00357866,0.687539,0.0352518,-5.92467,0.217415,0.606927,False,nan|RHPA4259.7,1342312
1,130_bNAb_Combinations|1342312|vc|5|2|RHPA4259.7|5371,1,0.00357866,0.687539,0.0352518,33.8017,0.217415,0.606927,False,nan|RHPA4259.7,1342312
1,130_bNAb_Combinations|1342312|vc|6|2|RHPA4259.7|5371,1,0.00357866,0.687539,0.0352518,-34.3583,0.217415,0.606927,False,nan|RHPA4259.7,1342312
1,130_bNAb_Combinations|1342312|vc|7|2|RHPA4259.7|5371,1,0.00357866,0.687539,0.0352518,-24.2557,0.217415,0.606927,False,nan|RHPA4259.7,1342312
1,130_bNAb_Combinations|1342312|vc|8|2|RHPA4259.7|5371,1,0.00357866,0.687539,0.0352518,11.1371,0.217415,0.606927,False,nan|RHPA4259.7,1342312
1,130_bNAb_Combinations|1342336|cc|1|1|nan|3430,1,0.00357866,0.687539,0.0566402,6.4064,0.218155,0.266183,False,nan|3430,1342336
1,130_bNAb_Combinations|1342336|cc|2|1|nan|3430,1,0.00357866,0.687539,0.0566402,14.0888,0.218155,0.266183,False,nan|3430,1342336
1,130_bNAb_Combinations|1342336|cc|3|1|nan|3430,1,0.00357866,0.687539,0.0566402,-0.700749,0.218155,0.266183,False,nan|3430,1342336
1,130_bNAb_Combinations|1342336|cc|4|1|nan|3430,1,0.00357866,0.687539,0.0566402,8.18663,0.218155,0.266183,False,nan|3430,1342336
1,130_bNAb_Combinations|1342336|cc|5|1|nan|3430,1,0.00357866,0.687539,0.0566402,-31.3162,0.218155,0.266183,False,nan|3430,1342336
1,130_bNAb_Combinations|1342336|cc|6|1|nan|3430,1,0.00357866,0.687539,0.0566402,-28.5058,0.218155,0.266183,False,nan|3430,1342336
1,130_bNAb_Combinations|1342336|cc|7|1|nan|3430,1,0.00357866,0.687539,0.0566402,-41.0648,0.218155,0.266183,False,nan|3430,1342336
1,130_bNAb_Combinations|1342336|cc|8|1|nan|3430,1,0.00357866,0.687539,0.0566402,46.1186,0.218155,0.266183,False,nan|3430,1342336
1,130_bNAb_Combinations|1342336|sample|3|nan|3430,1,0.00357866,0.688473,0.251386,19.6458,0.218155,0.266183,True,VRC07-523LS|3430,1342336
1,130_bNAb_Combinations|1342336|sample|4|nan|3430,1,0.00357866,0.688473,0.251386,20.9888,0.218155,0.266183,True,VRC07-523LS|3430,1342336
1,130_bNAb_Combinations|1342336|sample|5|nan|3430,1,0.00357866,0.688473,0.251386,32.0079,0.218155,0.266183,True,VRC07-523LS|3430,1342336
1,130_bNAb_Combinations|1342336|vc|1|2|nan|3430,1,0.00357866,0.687539,0.0566402,6.9435,0.218155,0.266183,False,nan|3430,1342336
1,130_bNAb_Combinations|1342336|vc|2|2|nan|3430,1,0.00357866,0.687539,0.0566402,-10.1424,0.218155,0.266183,False,nan|3430,1342336
1,130_bNAb_Combinations|1342336|vc|3|2|nan|3430,1,0.00357866,0.687539,0.0566402,-19.5981,0.218155,0.266183,False,nan|3430,1342336
1,130_bNAb_Combinations|1342336|vc|4|2|nan|3430,1,0.00357866,0.687539,0.0566402,-6.25745,0.218155,0.266183,False,nan|3430,1342336
1,130_bNAb_Combinations|1342336|vc|5|2|nan|3430,1,0.00357866,0.687539,0.0566402,8.25636,0.218155,0.266183,False,nan|3430,1342336
1,130_bNAb_Combinations|1342336|vc|6|2|nan|3430,1,0.00357866,0.687539,0.0566402,-23.6229,0.218155,0.266183,False,nan|3430,1342336
1,130_bNAb_Combinations|1342336|vc|7|2|nan|3430,1,0.00357866,0.687539,0.0566402,14.2404,0.218155,0.266183,False,nan|3430,1342336
1,130_bNAb_Combinations|1342336|vc|8|2|nan|3430,1,0.00357866,0.687539,0.0566402,-0.487974,0.218155,0.266183,False,nan|3430,1342336
1,130_bNAb_Combinations|1342348|cc|1|1|nan|4166,1,0.00357866,0.687539,0.0200505,10.2919,0.218017,0.266442,False,nan|4166,1342348
1,130_bNAb_Combinations|1342348|cc|2|1|nan|4166,1,0.00357866,0.687539,0.0200505,16.6881,0.218017,0.266442,False,nan|4166,1342348
1,130_bNAb_Combinations|1342348|cc|3|1|nan|4166,1,0.00357866,0.687539,0.0200505,2.61412,0.218017,0.266442,False,nan|4166,1342348
1,130_bNAb_Combinations|1342348|cc|4|1|nan|4166,1,0.00357866,0.687539,0.0200505,21.319,0.218017,0.266442,False,nan|4166,1342348
1,130_bNAb_Combinations|1342348|cc|5|1|nan|4166,1,0.00357866,0.687539,0.0200505,9.27392,0.218017,0.266442,False,nan|4166,1342348
1,130_bNAb_Combinations|1342348|cc|6|1|nan|4166,1,0.00357866,0.687539,0.0200505,25.9031,0.218017,0.266442,False,nan|4166,1342348
1,130_bNAb_Combinations|1342348|cc|7|1|nan|4166,1,0.00357866,0.687539,0.0200505,15.5306,0.218017,0.266442,False,nan|4166,1342348
1,130_bNAb_Combinations|1342348|cc|8|1|nan|4166,1,0.00357866,0.687539,0.0200505,-2.64243,0.218017,0.266442,False,nan|4166,1342348
1,130_bNAb_Combinations|1342348|sample|3|nan|4166,1,0.00357866,0.688473,0.581956,16.3284,0.218017,0.266442,True,VRC07-523LS|4166,1342348
1,130_bNAb_Combinations|1342348|sample|4|nan|4166,1,0.00357866,0.688473,0.581956,20.7281,0.218017,0.266442,True,VRC07-523LS|4166,1342348
1,130_bNAb_Combinations|1342348|vc|1|2|nan|4166,1,0.00357866,0.687539,0.0200505,6.47738,0.218017,0.266442,False,nan|4166,1342348
1,130_bNAb_Combinations|1342348|vc|2|2|nan|4166,1,0.00357866,0.687539,0.0200505,-5.72775,0.218017,0.266442,False,nan|4166,1342348
1,130_bNAb_Combinations|1342348|vc|3|2|nan|4166,1,0.00357866,0.687539,0.0200505,5.11874,0.218017,0.266442,False,nan|4166,1342348
1,130_bNAb_Combinations|1342348|vc|4|2|nan|4166,1,0.00357866,0.687539,0.0200505,-9.23221,0.218017,0.266442,False,nan|4166,1342348
1,130_bNAb_Combinations|1342348|vc|5|2|nan|4166,1,0.00357866,0.687539,0.0200505,18.0592,0.218017,0.266442,False,nan|4166,1342348
1,130_bNAb_Combinations|1342348|vc|6|2|nan|4166,1,0.00357866,0.687539,0.0200505,-0.0666411,0.218017,0.266442,False,nan|4166,1342348
1,130_bNAb_Combinations|1342348|vc|7|2|nan|4166,1,0.00357866,0.687539,0.0200505,-21.4628,0.218017,0.266442,False,nan|4166,1342348
1,130_bNAb_Combinations|1342348|vc|8|2|nan|4166,1,0.00357866,0.687539,0.0200505,-10.3752,0.218017,0.266442,False,nan|4166,1342348
1,130_bNAb_Combinations|1342372|cc|1|1|nan|2944,1,0.00357866,0.687539,0.0320602,36.1422,0.208129,0.264773,False,nan|2944,1342372
1,130_bNAb_Combinations|1342372|cc|2|1|nan|2944,1,0.00357866,0.687539,0.0320602,9.33253,0.208129,0.264773,False,nan|2944,1342372
1,130_bNAb_Combinations|1342372|cc|3|1|nan|2944,1,0.00357866,0.687539,0.0320602,-1.87148,0.208129,0.264773,False,nan|2944,1342372
1,130_bNAb_Combinations|1342372|cc|4|1|nan|2944,1,0.00357866,0.687539,0.0320602,-33.7177,0.208129,0.264773,False,nan|2944,1342372
1,130_bNAb_Combinations|1342372|cc|5|1|nan|2944,1,0.00357866,0.687539,0.0320602,7.49315,0.208129,0.264773,False,nan|2944,1342372
1,130_bNAb_Combinations|1342372|cc|6|1|nan|2944,1,0.00357866,0.687539,0.0320602,-34.3618,0.208129,0.264773,False,nan|2944,1342372
1,130_bNAb_Combinations|1342372|cc|7|1|nan|2944,1,0.00357866,0.687539,0.0320602,-20.3459,0.208129,0.264773,False,nan|2944,1342372
1,130_bNAb_Combinations|1342372|cc|8|1|nan|2944,1,0.00357866,0.687539,0.0320602,23.698,0.208129,0.264773,False,nan|2944,1342372
1,130_bNAb_Combinations|1342372|sample|3|nan|2944,1,0.00357866,0.688473,0.153493,17.9192,0.208129,0.264773,True,VRC07-523LS|2944,1342372
1,130_bNAb_Combinations|1342372|sample|4|nan|2944,1,0.00357866,0.688473,0.153493,19.7099,0.208129,0.264773,True,VRC07-523LS|2944,1342372
1,130_bNAb_Combinations|1342372|vc|1|2|nan|2944,1,0.00357866,0.687539,0.0320602,35.1678,0.208129,0.264773,False,nan|2944,1342372
1,130_bNAb_Combinations|1342372|vc|2|2|nan|2944,1,0.00357866,0.687539,0.0320602,22.851,0.208129,0.264773,False,nan|2944,1342372
1,130_bNAb_Combinations|1342372|vc|3|2|nan|2944,1,0.00357866,0.687539,0.0320602,50.2821,0.208129,0.264773,False,nan|2944,1342372
1,130_bNAb_Combinations|1342372|vc|4|2|nan|2944,1,0.00357866,0.687539,0.0320602,-2.86998,0.208129,0.264773,False,nan|2944,1342372
1,130_bNAb_Combinations|1342372|vc|5|2|nan|2944,1,0.00357866,0.687539,0.0320602,-3.06383,0.208129,0.264773,False,nan|2944,1342372
1,130_bNAb_Combinations|1342372|vc|6|2|nan|2944,1,0.00357866,0.687539,0.0320602,-11.0569,0.208129,0.264773,False,nan|2944,1342372
1,130_bNAb_Combinations|1342372|vc|7|2|nan|2944,1,0.00357866,0.687539,0.0320602,1.74498,0.208129,0.264773,False,nan|2944,1342372
1,130_bNAb_Combinations|1342372|vc|8|2|nan|2944,1,0.00357866,0.687539,0.0320602,-10.2448,0.208129,0.264773,False,nan|2944,1342372
1,130_bNAb_Combinations|1342384|cc|1|1|nan|2946,1,0.00357866,0.687539,0.0276803,-13.5082,0.218017,0.525218,False,nan|2946,1342384
1,130_bNAb_Combinations|1342384|cc|2|1|nan|2946,1,0.00357866,0.687539,0.0276803,-12.7188,0.218017,0.525218,False,nan|2946,1342384
1,130_bNAb_Combinations|1342384|cc|3|1|nan|2946,1,0.00357866,0.687539,0.0276803,-28.4429,0.218017,0.525218,False,nan|2946,1342384
1,130_bNAb_Combinations|1342384|cc|4|1|nan|2946,1,0.00357866,0.687539,0.0276803,-24.0385,0.218017,0.525218,False,nan|2946,1342384
1,130_bNAb_Combinations|1342384|cc|5|1|nan|2946,1,0.00357866,0.687539,0.0276803,5.72631,0.218017,0.525218,False,nan|2946,1342384
1,130_bNAb_Combinations|1342384|cc|6|1|nan|2946,1,0.00357866,0.687539,0.0276803,-28.0768,0.218017,0.525218,False,nan|2946,1342384
1,130_bNAb_Combinations|1342384|cc|7|1|nan|2946,1,0.00357866,0.687539,0.0276803,-14.878,0.218017,0.525218,False,nan|2946,1342384
1,130_bNAb_Combinations|1342384|cc|8|1|nan|2946,1,0.00357866,0.687539,0.0276803,-22.6636,0.218017,0.525218,False,nan|2946,1342384
1,130_bNAb_Combinations|1342384|sample|3|nan|2946,1,0.00357866,0.688473,0.0200543,18.9609,0.218017,0.525218,True,VRC07-523LS|2946,1342384
1,130_bNAb_Combinations|1342384|sample|4|nan|2946,1,0.00357866,0.688473,0.0200543,21.3688,0.218017,0.525218,True,VRC07-523LS|2946,1342384
1,130_bNAb_Combinations|1342384|vc|1|2|nan|2946,1,0.00357866,0.687539,0.0276803,3.349,0.218017,0.525218,False,nan|2946,1342384
1,130_bNAb_Combinations|1342384|vc|2|2|nan|2946,1,0.00357866,0.687539,0.0276803,2.05404,0.218017,0.525218,False,nan|2946,1342384
1,130_bNAb_Combinations|1342384|vc|3|2|nan|2946,1,0.00357866,0.687539,0.0276803,11.9627,0.218017,0.525218,False,nan|2946,1342384
1,130_bNAb_Combinations|1342384|vc|4|2|nan|2946,1,0.00357866,0.687539,0.0276803,11.0294,0.218017,0.525218,False,nan|2946,1342384
1,130_bNAb_Combinations|1342384|vc|5|2|nan|2946,1,0.00357866,0.687539,0.0276803,-3.95194,0.218017,0.525218,False,nan|2946,1342384
1,130_bNAb_Combinations|1342384|vc|6|2|nan|2946,1,0.00357866,0.687539,0.0276803,34.6587,0.218017,0.525218,False,nan|2946,1342384
1,130_bNAb_Combinations|1342384|vc|7|2|nan|2946,1,0.00357866,0.687539,0.0276803,-37.0334,0.218017,0.525218,False,nan|2946,1342384
1,130_bNAb_Combinations|1342384|vc|8|2|nan|2946,1,0.00357866,0.687539,0.0276803,-27.7515,0.218017,0.525218,False,nan|2946,1342384
1,130_bNAb_Combinations|1342396|cc|1|1|PVO.4|5024,1,0.00357866,0.687539,0.00494214,-3.47781,0.218017,0.266442,False,nan|PVO.4,1342396
1,130_bNAb_Combinations|1342396|cc|2|1|PVO.4|5024,1,0.00357866,0.687539,0.00494214,6.82105,0.218017,0.266442,False,nan|PVO.4,1342396
1,130_bNAb_Combinations|1342396|cc|3|1|PVO.4|5024,1,0.00357866,0.687539,0.00494214,9.71337,0.218017,0.266442,False,nan|PVO.4,1342396
1,130_bNAb_Combinations|1342396|cc|4|1|PVO.4|5024,1,0.00357866,0.687539,0.00494214,-2.89773,0.218017,0.266442,False,nan|PVO.4,1342396
1,130_bNAb_Combinations|1342396|cc|5|1|PVO.4|5024,1,0.00357866,0.687539,0.00494214,16.892,0.218017,0.266442,False,nan|PVO.4,1342396
1,130_bNAb_Combinations|1342396|cc|6|1|PVO.4|5024,1,0.00357866,0.687539,0.00494214,-4.6842,0.218017,0.266442,False,nan|PVO.4,1342396
1,130_bNAb_Combinations|1342396|cc|7|1|PVO.4|5024,1,0.00357866,0.687539,0.00494214,-4.72853,0.218017,0.266442,False,nan|PVO.4,1342396
1,130_bNAb_Combinations|1342396|cc|8|1|PVO.4|5024,1,0.00357866,0.687539,0.00494214,-20.4671,0.218017,0.266442,False,nan|PVO.4,1342396
1,130_bNAb_Combinations|1342396|sample|3|PVO.4|5024,1,0.00357866,0.688473,0.0820668,22.3917,0.218017,0.266442,True,VRC07-523LS|PVO.4,1342396
1,130_bNAb_Combinations|1342396|sample|4|PVO.4|5024,1,0.00357866,0.688473,0.0820668,21.3691,0.218017,0.266442,True,VRC07-523LS|PVO.4,1342396
1,130_bNAb_Combinations|1342396|vc|1|2|PVO.4|5024,1,0.00357866,0.687539,0.00494214,27.4893,0.218017,0.266442,False,nan|PVO.4,1342396
1,130_bNAb_Combinations|1342396|vc|2|2|PVO.4|5024,1,0.00357866,0.687539,0.00494214,-3.75162,0.218017,0.266442,False,nan|PVO.4,1342396
1,130_bNAb_Combinations|1342396|vc|3|2|PVO.4|5024,1,0.00357866,0.687539,0.00494214,5.15907,0.218017,0.266442,False,nan|PVO.4,1342396
1,130_bNAb_Combinations|1342396|vc|4|2|PVO.4|5024,1,0.00357866,0.687539,0.00494214,3.31663,0.218017,0.266442,False,nan|PVO.4,1342396
1,130_bNAb_Combinations|1342396|vc|5|2|PVO.4|5024,1,0.00357866,0.687539,0.00494214,-16.9963,0.218017,0.266442,False,nan|PVO.4,1342396
1,130_bNAb_Combinations|1342396|vc|6|2|PVO.4|5024,1,0.00357866,0.687539,0.00494214,11.4863,0.218017,0.266442,False,nan|PVO.4,1342396
1,130_bNAb_Combinations|1342396|vc|7|2|PVO.4|5024,1,0.00357866,0.687539,0.00494214,-2.64773,0.218017,0.266442,False,nan|PVO.4,1342396
1,130_bNAb_Combinations|1342396|vc|8|2|PVO.4|5024,1,0.00357866,0.687539,0.00494214,43.2656,0.218017,0.266442,False,nan|PVO.4,1342396
1,130_bNAb_Combinations|1342408|cc|1|1|nan|4168,1,0.00357866,0.687539,0.00816145,-25.5224,0.218591,0.267474,False,nan|4168,1342408
1,130_bNAb_Combinations|1342408|cc|2|1|nan|4168,1,0.00357866,0.687539,0.00816145,-20.0583,0.218591,0.267474,False,nan|4168,1342408
1,130_bNAb_Combinations|1342408|cc|3|1|nan|4168,1,0.00357866,0.687539,0.00816145,12.304,0.218591,0.267474,False,nan|4168,1342408
1,130_bNAb_Combinations|1342408|cc|4|1|nan|4168,1,0.00357866,0.687539,0.00816145,16.167,0.218591,0.267474,False,nan|4168,1342408
1,130_bNAb_Combinations|1342408|cc|5|1|nan|4168,1,0.00357866,0.687539,0.00816145,-34.335,0.218591,0.267474,False,nan|4168,1342408
1,130_bNAb_Combinations|1342408|cc|6|1|nan|4168,1,0.00357866,0.687539,0.00816145,-23.5119,0.218591,0.267474,False,nan|4168,1342408
1,130_bNAb_Combinations|1342408|cc|7|1|nan|4168,1,0.00357866,0.687539,0.00816145,1.85431,0.218591,0.267474,False,nan|4168,1342408
1,130_bNAb_Combinations|1342408|cc|8|1|nan|4168,1,0.00357866,0.687539,0.00816145,1.20412,0.218591,0.267474,False,nan|4168,1342408
1,130_bNAb_Combinations|1342408|sample|3|nan|4168,1,0.00357866,0.688473,0.0371249,19.988,0.218591,0.267474,True,VRC07-523LS|4168,1342408
1,130_bNAb_Combinations|1342408|sample|4|nan|4168,1,0.00357866,0.688473,0.0371249,18.6018,0.218591,0.267474,True,VRC07-523LS|4168,1342408
1,130_bNAb_Combinations|1342408|vc|1|2|nan|4168,1,0.00357866,0.687539,0.00816145,48.9119,0.218591,0.267474,False,nan|4168,1342408
1,130_bNAb_Combinations|1342408|vc|2|2|nan|4168,1,0.00357866,0.687539,0.00816145,-26.4903,0.218591,0.267474,False,nan|4168,1342408
1,130_bNAb_Combinations|1342408|vc|3|2|nan|4168,1,0.00357866,0.687539,0.00816145,45.2049,0.218591,0.267474,False,nan|4168,1342408
1,130_bNAb_Combinations|1342408|vc|4|2|nan|4168,1,0.00357866,0.687539,0.00816145,-17.3459,0.218591,0.267474,False,nan|4168,1342408
1,130_bNAb_Combinations|1342408|vc|5|2|nan|4168,1,0.00357866,0.687539,0.00816145,-24.5541,0.218591,0.267474,False,nan|4168,1342408
1,130_bNAb_Combinations|1342408|vc|6|2|nan|4168,1,0.00357866,0.687539,0.00816145,-1.75883,0.218591,0.267474,False,nan|4168,1342408
1,130_bNAb_Combinations|1342408|vc|7|2|nan|4168,1,0.00357866,0.687539,0.00816145,-28.8968,0.218591,0.267474,False,nan|4168,1342408
1,130_bNAb_Combinations|1342408|vc|8|2|nan|4168,1,0.00357866,0.687539,0.00816145,-3.98807,0.218591,0.267474,False,nan|4168,1342408
1,704_VRC01_Concordance|1200432|cc|1|1|PVO.4|5024,1,0.00357866,0.687539,0.00494214,-12.895,0.218017,0.266442,False,nan|PVO.4,1200432
1,704_VRC01_Concordance|1200432|cc|2|1|PVO.4|5024,1,0.00357866,0.687539,0.00494214,5.78998,0.218017,0.266442,False,nan|PVO.4,1200432
1,704_VRC01_Concordance|1200432|cc|3|1|PVO.4|5024,1,0.00357866,0.687539,0.00494214,7.67964,0.218017,0.266442,False,nan|PVO.4,1200432
1,704_VRC01_Concordance|1200432|cc|4|1|PVO.4|5024,1,0.00357866,0.687539,0.00494214,2.14433,0.218017,0.266442,False,nan|PVO.4,1200432
1,704_VRC01_Concordance|1200432|cc|5|1|PVO.4|5024,1,0.00357866,0.687539,0.00494214,14.9655,0.218017,0.266442,False,nan|PVO.4,1200432
1,704_VRC01_Concordance|1200432|cc|6|1|PVO.4|5024,1,0.00357866,0.687539,0.00494214,-7.62706,0.218017,0.266442,False,nan|PVO.4,1200432
1,704_VRC01_Concordance|1200432|cc|7|1|PVO.4|5024,1,0.00357866,0.687539,0.00494214,1.35299,0.218017,0.266442,False,nan|PVO.4,1200432
1,704_VRC01_Concordance|1200432|cc|8|1|PVO.4|5024,1,0.00357866,0.687539,0.00494214,0.240488,0.218017,0.266442,False,nan|PVO.4,1200432
1,704_VRC01_Concordance|1200432|sample|10|PVO.4|5024,1,0.00357866,0.688473,0.0207882,16.0041,0.218017,0.266442,True,Clinical VRC01|PVO.4,1200432
1,704_VRC01_Concordance|1200432|sample|11|PVO.4|5024,1,0.00357866,0.688473,0.0207882,18.9356,0.218017,0.266442,True,Clinical VRC01|PVO.4,1200432
1,704_VRC01_Concordance|1200432|sample|12|PVO.4|5024,1,0.00357866,0.688473,0.0207882,23.0715,0.218017,0.266442,True,Clinical VRC01|PVO.4,1200432
1,704_VRC01_Concordance|1200432|sample|3|PVO.4|5024,1,0.00357866,0.688473,0.0207882,22.4449,0.218017,0.266442,True,Clinical VRC01|PVO.4,1200432
1,704_VRC01_Concordance|1200432|sample|4|PVO.4|5024,1,0.00357866,0.688473,0.0207882,18.5779,0.218017,0.266442,True,Clinical VRC01|PVO.4,1200432
1,704_VRC01_Concordance|1200432|sample|5|PVO.4|5024,1,0.00357866,0.688473,0.0207882,17.7375,0.218017,0.266442,True,Clinical VRC01|PVO.4,1200432
1,704_VRC01_Concordance|1200432|sample|6|PVO.4|5024,1,0.00357866,0.688473,0.0207882,14.1722,0.218017,0.266442,True,Clinical VRC01|PVO.4,1200432
1,704_VRC01_Concordance|1200432|sample|7|PVO.4|5024,1,0.00357866,0.688473,0.0207882,18.2177,0.218017,0.266442,True,Clinical VRC01|PVO.4,1200432
1,704_VRC01_Concordance|1200432|sample|8|PVO.4|5024,1,0.00357866,0.688473,0.0207882,20.9502,0.218017,0.266442,True,Clinical VRC01|PVO.4,1200432
1,704_VRC01_Concordance|1200432|sample|9|PVO.4|5024,1,0.00357866,0.688473,0.0207882,18.0285,0.218017,0.266442,True,Clinical VRC01|PVO.4,1200432
1,704_VRC01_Concordance|1200432|vc|1|2|PVO.4|5024,1,0.00357866,0.687539,0.00494214,-17.4044,0.218017,0.266442,False,nan|PVO.4,1200432
1,704_VRC01_Concordance|1200432|vc|2|2|PVO.4|5024,1,0.00357866,0.687539,0.00494214,-23.1856,0.218017,0.266442,False,nan|PVO.4,1200432
1,704_VRC01_Concordance|1200432|vc|3|2|PVO.4|5024,1,0.00357866,0.687539,0.00494214,-10.3088,0.218017,0.266442,False,nan|PVO.4,1200432
1,704_VRC01_Concordance|1200432|vc|4|2|PVO.4|5024,1,0.00357866,0.687539,0.00494214,-15.713,0.218017,0.266442,False,nan|PVO.4,1200432
1,704_VRC01_Concordance|1200432|vc|5|2|PVO.4|5024,1,0.00357866,0.687539,0.00494214,7.24116,0.218017,0.266442,False,nan|PVO.4,1200432
1,704_VRC01_Concordance|1200432|vc|6|2|PVO.4|5024,1,0.00357866,0.687539,0.00494214,34.7055,0.218017,0.266442,False,nan|PVO.4,1200432
1,704_VRC01_Concordance|1200432|vc|7|2|PVO.4|5024,1,0.00357866,0.687539,0.00494214,36.4053,0.218017,0.266442,False,nan|PVO.4,1200432
1,704_VRC01_Concordance|1200432|vc|8|2|PVO.4|5024,1,0.00357866,0.687539,0.00494214,-16.9125,0.218017,0.266442,False,nan|PVO.4,1200432
