rep,id,U,L,m,e,alpha,k,goes_down,mab_virus,run_id
1,130_bNAb_Combinations|1313842|cc|1|1|nan|2946,1,0.00139995,1.38776,30.3582,0.260645,0.201832,False,nan|2946,1313842
1,130_bNAb_Combinations|1313842|cc|2|1|nan|2946,1,0.00139995,1.38776,30.3582,0.260645,0.201832,False,nan|2946,1313842
1,130_bNAb_Combinations|1313842|cc|3|1|nan|2946,1,0.00139995,1.38776,30.3582,0.260645,0.201832,False,nan|2946,1313842
1,130_bNAb_Combinations|1313842|cc|4|1|nan|2946,1,0.00139995,1.38776,30.3582,0.260645,0.201832,False,nan|2946,1313842
1,130_bNAb_Combinations|1313842|cc|5|1|nan|2946,1,0.00139995,1.38776,30.3582,0.260645,0.201832,False,nan|2946,1313842
1,130_bNAb_Combinations|1313842|cc|6|1|nan|2946,1,0.00139995,1.38776,30.3582,0.260645,0.201832,False,nan|2946,1313842
1,130_bNAb_Combinations|1313842|cc|7|1|nan|2946,1,0.00139995,1.38776,30.3582,0.260645,0.201832,False,nan|2946,1313842
1,130_bNAb_Combinations|1313842|cc|8|1|nan|2946,1,0.00139995,1.38776,30.3582,0.260645,0.201832,False,nan|2946,1313842
1,130_bNAb_Combinations|1313842|sample|10|nan|2946,1,0.00139995,1.38776,2.65414,0.260645,0.201832,True,PGT121|2946,1313842
1,130_bNAb_Combinations|1313842|sample|11|nan|2946,1,0.00139996,1.38776,2.35841,0.260645,0.201832,True,VRC07-523LS|2946,1313842
1,130_bNAb_Combinations|1313842|sample|12|nan|2946,1,0.00139996,1.38776,2.35841,0.260645,0.201832,True,VRC07-523LS|2946,1313842
1,130_bNAb_Combinations|1313842|sample|3|nan|2946,1,0.00139996,1.38776,0.293438,0.260645,0.201832,True,PGDM1400|2946,1313842
1,130_bNAb_Combinations|1313842|sample|4|nan|2946,1,0.00139996,1.38776,0.293438,0.260645,0.201832,True,PGDM1400|2946,1313842
1,130_bNAb_Combinations|1313842|sample|5|nan|2946,1,0.00139996,1.38776,0.293438,0.260645,0.201832,True,PGDM1400|2946,1313842
1,130_bNAb_Combinations|1313842|sample|6|nan|2946,1,0.00139996,1.38776,0.293438,0.260645,0.201832,True,PGDM1400|2946,1313842
1,130_bNAb_Combinations|1313842|sample|7|nan|2946,1,0.00139995,1.38776,2.65414,0.260645,0.201832,True,PGT121|2946,1313842
1,130_bNAb_Combinations|1313842|sample|8|nan|2946,1,0.00139995,1.38776,2.65414,0.260645,0.201832,True,PGT121|2946,1313842
1,130_bNAb_Combinations|1313842|sample|9|nan|2946,1,0.00139995,1.38776,2.65414,0.260645,0.201832,True,PGT121|2946,1313842
1,130_bNAb_Combinations|1313842|vc|1|2|nan|2946,1,0.00139995,1.38776,30.3582,0.260645,0.201832,False,nan|2946,1313842
1,130_bNAb_Combinations|1313842|vc|2|2|nan|2946,1,0.00139995,1.38776,30.3582,0.260645,0.201832,False,nan|2946,1313842
1,130_bNAb_Combinations|1313842|vc|3|2|nan|2946,1,0.00139995,1.38776,30.3582,0.260645,0.201832,False,nan|2946,1313842
1,130_bNAb_Combinations|1313842|vc|4|2|nan|2946,1,0.00139995,1.38776,30.3582,0.260645,0.201832,False,nan|2946,1313842
1,130_bNAb_Combinations|1313842|vc|5|2|nan|2946,1,0.00139995,1.38776,30.3582,0.260645,0.201832,False,nan|2946,1313842
1,130_bNAb_Combinations|1313842|vc|6|2|nan|2946,1,0.00139995,1.38776,30.3582,0.260645,0.201832,False,nan|2946,1313842
1,130_bNAb_Combinations|1313842|vc|7|2|nan|2946,1,0.00139995,1.38776,30.3582,0.260645,0.201832,False,nan|2946,1313842
1,130_bNAb_Combinations|1313842|vc|8|2|nan|2946,1,0.00139995,1.38776,30.3582,0.260645,0.201832,False,nan|2946,1313842
1,130_bNAb_Combinations|1313860|cc|1|1|PVO.4|5024,1,0.00139997,1.38776,23.2012,0.197621,0.201833,False,nan|PVO.4,1313860
1,130_bNAb_Combinations|1313860|cc|2|1|PVO.4|5024,1,0.00139997,1.38776,23.2012,0.197621,0.201833,False,nan|PVO.4,1313860
1,130_bNAb_Combinations|1313860|cc|3|1|PVO.4|5024,1,0.00139997,1.38776,23.2012,0.197621,0.201833,False,nan|PVO.4,1313860
1,130_bNAb_Combinations|1313860|cc|4|1|PVO.4|5024,1,0.00139997,1.38776,23.2012,0.197621,0.201833,False,nan|PVO.4,1313860
1,130_bNAb_Combinations|1313860|cc|5|1|PVO.4|5024,1,0.00139997,1.38776,23.2012,0.197621,0.201833,False,nan|PVO.4,1313860
1,130_bNAb_Combinations|1313860|cc|6|1|PVO.4|5024,1,0.00139997,1.38776,23.2012,0.197621,0.201833,False,nan|PVO.4,1313860
1,130_bNAb_Combinations|1313860|cc|7|1|PVO.4|5024,1,0.00139997,1.38776,23.2012,0.197621,0.201833,False,nan|PVO.4,1313860
1,130_bNAb_Combinations|1313860|cc|8|1|PVO.4|5024,1,0.00139997,1.38776,23.2012,0.197621,0.201833,False,nan|PVO.4,1313860
1,130_bNAb_Combinations|1313860|sample|10|PVO.4|5024,1,0.00139995,1.38776,8.12304,0.197621,0.201833,True,PGT121|PVO.4,1313860
1,130_bNAb_Combinations|1313860|sample|11|PVO.4|5024,1,0.00139996,1.38776,11.1216,0.197621,0.201833,True,VRC07-523LS|PVO.4,1313860
1,130_bNAb_Combinations|1313860|sample|12|PVO.4|5024,1,0.00139996,1.38776,11.1216,0.197621,0.201833,True,VRC07-523LS|PVO.4,1313860
1,130_bNAb_Combinations|1313860|sample|3|PVO.4|5024,1,0.00139995,1.38776,0.998896,0.197621,0.201833,True,PGDM1400|PVO.4,1313860
1,130_bNAb_Combinations|1313860|sample|4|PVO.4|5024,1,0.00139995,1.38776,0.998896,0.197621,0.201833,True,PGDM1400|PVO.4,1313860
1,130_bNAb_Combinations|1313860|sample|5|PVO.4|5024,1,0.00139995,1.38776,0.998896,0.197621,0.201833,True,PGDM1400|PVO.4,1313860
1,130_bNAb_Combinations|1313860|sample|6|PVO.4|5024,1,0.00139995,1.38776,0.998896,0.197621,0.201833,True,PGDM1400|PVO.4,1313860
1,130_bNAb_Combinations|1313860|sample|7|PVO.4|5024,1,0.00139995,1.38776,8.12304,0.197621,0.201833,True,PGT121|PVO.4,1313860
1,130_bNAb_Combinations|1313860|sample|8|PVO.4|5024,1,0.00139995,1.38776,8.12304,0.197621,0.201833,True,PGT121|PVO.4,1313860
1,130_bNAb_Combinations|1313860|sample|9|PVO.4|5024,1,0.00139995,1.38776,8.12304,0.197621,0.201833,True,PGT121|PVO.4,1313860
1,130_bNAb_Combinations|1313860|vc|1|2|PVO.4|5024,1,0.00139997,1.38776,23.2012,0.197621,0.201833,False,nan|PVO.4,1313860
1,130_bNAb_Combinations|1313860|vc|2|2|PVO.4|5024,1,0.00139997,1.38776,23.2012,0.197621,0.201833,False,nan|PVO.4,1313860
1,130_bNAb_Combinations|1313860|vc|3|2|PVO.4|5024,1,0.00139997,1.38776,23.2012,0.197621,0.201833,False,nan|PVO.4,1313860
1,130_bNAb_Combinations|1313860|vc|4|2|PVO.4|5024,1,0.00139997,1.38776,23.2012,0.197621,0.201833,False,nan|PVO.4,1313860
1,130_bNAb_Combinations|1313860|vc|5|2|PVO.4|5024,1,0.00139997,1.38776,23.2012,0.197621,0.201833,False,nan|PVO.4,1313860
1,130_bNAb_Combinations|1313860|vc|6|2|PVO.4|5024,1,0.00139997,1.38776,23.2012,0.197621,0.201833,False,nan|PVO.4,1313860
1,130_bNAb_Combinations|1313860|vc|7|2|PVO.4|5024,1,0.00139997,1.38776,23.2012,0.197621,0.201833,False,nan|PVO.4,1313860
1,130_bNAb_Combinations|1313860|vc|8|2|PVO.4|5024,1,0.00139997,1.38776,23.2012,0.197621,0.201833,False,nan|PVO.4,1313860
1,130_bNAb_Combinations|1313884|cc|1|1|nan|4168,1,0.00139996,1.38776,34.3627,0.204366,3.10519e-07,False,nan|4168,1313884
1,130_bNAb_Combinations|1313884|cc|2|1|nan|4168,1,0.00139996,1.38776,34.3627,0.204366,3.10519e-07,False,nan|4168,1313884
1,130_bNAb_Combinations|1313884|cc|3|1|nan|4168,1,0.00139996,1.38776,34.3627,0.204366,3.10519e-07,False,nan|4168,1313884
1,130_bNAb_Combinations|1313884|cc|4|1|nan|4168,1,0.00139996,1.38776,34.3627,0.204366,3.10519e-07,False,nan|4168,1313884
1,130_bNAb_Combinations|1313884|cc|5|1|nan|4168,1,0.00139996,1.38776,34.3627,0.204366,3.10519e-07,False,nan|4168,1313884
1,130_bNAb_Combinations|1313884|cc|6|1|nan|4168,1,0.00139996,1.38776,34.3627,0.204366,3.10519e-07,False,nan|4168,1313884
1,130_bNAb_Combinations|1313884|cc|7|1|nan|4168,1,0.00139996,1.38776,34.3627,0.204366,3.10519e-07,False,nan|4168,1313884
1,130_bNAb_Combinations|1313884|cc|8|1|nan|4168,1,0.00139996,1.38776,34.3627,0.204366,3.10519e-07,False,nan|4168,1313884
1,130_bNAb_Combinations|1313884|sample|10|nan|4168,1,0.00139996,1.38776,0.498345,0.204366,3.10519e-07,True,PGT121|4168,1313884
1,130_bNAb_Combinations|1313884|sample|11|nan|4168,1,0.00403995,1.38776,4.8687,0.204366,3.10519e-07,True,VRC07-523LS|4168,1313884
1,130_bNAb_Combinations|1313884|sample|12|nan|4168,1,0.00403995,1.38776,4.8687,0.204366,3.10519e-07,True,VRC07-523LS|4168,1313884
1,130_bNAb_Combinations|1313884|sample|3|nan|4168,1,0.00139996,1.38776,0.224256,0.204366,3.10519e-07,True,PGDM1400|4168,1313884
1,130_bNAb_Combinations|1313884|sample|4|nan|4168,1,0.00139996,1.38776,0.224256,0.204366,3.10519e-07,True,PGDM1400|4168,1313884
1,130_bNAb_Combinations|1313884|sample|5|nan|4168,1,0.00139996,1.38776,0.224256,0.204366,3.10519e-07,True,PGDM1400|4168,1313884
1,130_bNAb_Combinations|1313884|sample|6|nan|4168,1,0.00139996,1.38776,0.224256,0.204366,3.10519e-07,True,PGDM1400|4168,1313884
1,130_bNAb_Combinations|1313884|sample|7|nan|4168,1,0.00139996,1.38776,0.498345,0.204366,3.10519e-07,True,PGT121|4168,1313884
1,130_bNAb_Combinations|1313884|sample|8|nan|4168,1,0.00139996,1.38776,0.498345,0.204366,3.10519e-07,True,PGT121|4168,1313884
1,130_bNAb_Combinations|1313884|sample|9|nan|4168,1,0.00139996,1.38776,0.498345,0.204366,3.10519e-07,True,PGT121|4168,1313884
1,130_bNAb_Combinations|1313884|vc|1|2|nan|4168,1,0.00139996,1.38776,34.3627,0.204366,3.10519e-07,False,nan|4168,1313884
1,130_bNAb_Combinations|1313884|vc|2|2|nan|4168,1,0.00139996,1.38776,34.3627,0.204366,3.10519e-07,False,nan|4168,1313884
1,130_bNAb_Combinations|1313884|vc|3|2|nan|4168,1,0.00139996,1.38776,34.3627,0.204366,3.10519e-07,False,nan|4168,1313884
1,130_bNAb_Combinations|1313884|vc|4|2|nan|4168,1,0.00139996,1.38776,34.3627,0.204366,3.10519e-07,False,nan|4168,1313884
1,130_bNAb_Combinations|1313884|vc|5|2|nan|4168,1,0.00139996,1.38776,34.3627,0.204366,3.10519e-07,False,nan|4168,1313884
1,130_bNAb_Combinations|1313884|vc|6|2|nan|4168,1,0.00139996,1.38776,34.3627,0.204366,3.10519e-07,False,nan|4168,1313884
1,130_bNAb_Combinations|1313884|vc|7|2|nan|4168,1,0.00139996,1.38776,34.3627,0.204366,3.10519e-07,False,nan|4168,1313884
1,130_bNAb_Combinations|1313884|vc|8|2|nan|4168,1,0.00139996,1.38776,34.3627,0.204366,3.10519e-07,False,nan|4168,1313884
1,130_bNAb_Combinations|1313920|cc|1|1|nan|1798,1,0.00139996,1.38776,13.9922,0.300723,0.201831,False,nan|1798,1313920
1,130_bNAb_Combinations|1313920|cc|2|1|nan|1798,1,0.00139996,1.38776,13.9922,0.300723,0.201831,False,nan|1798,1313920
1,130_bNAb_Combinations|1313920|cc|3|1|nan|1798,1,0.00139996,1.38776,13.9922,0.300723,0.201831,False,nan|1798,1313920
1,130_bNAb_Combinations|1313920|cc|4|1|nan|1798,1,0.00139996,1.38776,13.9922,0.300723,0.201831,False,nan|1798,1313920
1,130_bNAb_Combinations|1313920|cc|5|1|nan|1798,1,0.00139996,1.38776,13.9922,0.300723,0.201831,False,nan|1798,1313920
1,130_bNAb_Combinations|1313920|cc|6|1|nan|1798,1,0.00139996,1.38776,13.9922,0.300723,0.201831,False,nan|1798,1313920
1,130_bNAb_Combinations|1313920|cc|7|1|nan|1798,1,0.00139996,1.38776,13.9922,0.300723,0.201831,False,nan|1798,1313920
1,130_bNAb_Combinations|1313920|cc|8|1|nan|1798,1,0.00139996,1.38776,13.9922,0.300723,0.201831,False,nan|1798,1313920
1,130_bNAb_Combinations|1313920|sample|10|nan|1798,1,0.00139996,1.38776,21.4117,0.300723,0.201831,True,PGT121|1798,1313920
1,130_bNAb_Combinations|1313920|sample|11|nan|1798,1,0.00139996,1.38776,3.16266,0.300723,0.201831,True,VRC07-523LS|1798,1313920
1,130_bNAb_Combinations|1313920|sample|12|nan|1798,1,0.00139996,1.38776,3.16266,0.300723,0.201831,True,VRC07-523LS|1798,1313920
1,130_bNAb_Combinations|1313920|sample|3|nan|1798,1,0.00139996,1.38776,0.215706,0.300723,0.201831,True,PGDM1400|1798,1313920
1,130_bNAb_Combinations|1313920|sample|4|nan|1798,1,0.00139996,1.38776,0.215706,0.300723,0.201831,True,PGDM1400|1798,1313920
1,130_bNAb_Combinations|1313920|sample|5|nan|1798,1,0.00139996,1.38776,0.215706,0.300723,0.201831,True,PGDM1400|1798,1313920
1,130_bNAb_Combinations|1313920|sample|6|nan|1798,1,0.00139996,1.38776,0.215706,0.300723,0.201831,True,PGDM1400|1798,1313920
1,130_bNAb_Combinations|1313920|sample|7|nan|1798,1,0.00139996,1.38776,21.4117,0.300723,0.201831,True,PGT121|1798,1313920
1,130_bNAb_Combinations|1313920|sample|8|nan|1798,1,0.00139996,1.38776,21.4117,0.300723,0.201831,True,PGT121|1798,1313920
1,130_bNAb_Combinations|1313920|sample|9|nan|1798,1,0.00139996,1.38776,21.4117,0.300723,0.201831,True,PGT121|1798,1313920
1,130_bNAb_Combinations|1313920|vc|1|2|nan|1798,1,0.00139996,1.38776,13.9922,0.300723,0.201831,False,nan|1798,1313920
1,130_bNAb_Combinations|1313920|vc|2|2|nan|1798,1,0.00139996,1.38776,13.9922,0.300723,0.201831,False,nan|1798,1313920
1,130_bNAb_Combinations|1313920|vc|3|2|nan|1798,1,0.00139996,1.38776,13.9922,0.300723,0.201831,False,nan|1798,1313920
1,130_bNAb_Combinations|1313920|vc|4|2|nan|1798,1,0.00139996,1.38776,13.9922,0.300723,0.201831,False,nan|1798,1313920
1,130_bNAb_Combinations|1313920|vc|5|2|nan|1798,1,0.00139996,1.38776,13.9922,0.300723,0.201831,False,nan|1798,1313920
1,130_bNAb_Combinations|1313920|vc|6|2|nan|1798,1,0.00139996,1.38776,13.9922,0.300723,0.201831,False,nan|1798,1313920
1,130_bNAb_Combinations|1313920|vc|7|2|nan|1798,1,0.00139996,1.38776,13.9922,0.300723,0.201831,False,nan|1798,1313920
1,130_bNAb_Combinations|1313920|vc|8|2|nan|1798,1,0.00139996,1.38776,13.9922,0.300723,0.201831,False,nan|1798,1313920
1,130_bNAb_Combinations|1313938|cc|1|1|TRO.11|8301,1,0.00139996,1.38776,48.7816,0.204365,0.224307,False,nan|TRO.11,1313938
1,130_bNAb_Combinations|1313938|cc|2|1|TRO.11|8301,1,0.00139996,1.38776,48.7816,0.204365,0.224307,False,nan|TRO.11,1313938
1,130_bNAb_Combinations|1313938|cc|3|1|TRO.11|8301,1,0.00139996,1.38776,48.7816,0.204365,0.224307,False,nan|TRO.11,1313938
1,130_bNAb_Combinations|1313938|cc|4|1|TRO.11|8301,1,0.00139996,1.38776,48.7816,0.204365,0.224307,False,nan|TRO.11,1313938
1,130_bNAb_Combinations|1313938|cc|5|1|TRO.11|8301,1,0.00139996,1.38776,48.7816,0.204365,0.224307,False,nan|TRO.11,1313938
1,130_bNAb_Combinations|1313938|cc|6|1|TRO.11|8301,1,0.00139996,1.38776,48.7816,0.204365,0.224307,False,nan|TRO.11,1313938
1,130_bNAb_Combinations|1313938|cc|7|1|TRO.11|8301,1,0.00139996,1.38776,48.7816,0.204365,0.224307,False,nan|TRO.11,1313938
1,130_bNAb_Combinations|1313938|cc|8|1|TRO.11|8301,1,0.00139996,1.38776,48.7816,0.204365,0.224307,False,nan|TRO.11,1313938
1,130_bNAb_Combinations|1313938|sample|10|TRO.11|8301,1,1.17662e-08,1.38776,64.4176,0.204365,0.224307,True,PGT121|TRO.11,1313938
1,130_bNAb_Combinations|1313938|sample|11|TRO.11|8301,1,0.00139996,1.38776,11.4326,0.204365,0.224307,True,VRC07-523LS|TRO.11,1313938
1,130_bNAb_Combinations|1313938|sample|12|TRO.11|8301,1,0.00139996,1.38776,11.4326,0.204365,0.224307,True,VRC07-523LS|TRO.11,1313938
1,130_bNAb_Combinations|1313938|sample|3|TRO.11|8301,1,0.00139996,1.38776,1.78817,0.204365,0.224307,True,PGDM1400|TRO.11,1313938
1,130_bNAb_Combinations|1313938|sample|4|TRO.11|8301,1,0.00139996,1.38776,1.78817,0.204365,0.224307,True,PGDM1400|TRO.11,1313938
1,130_bNAb_Combinations|1313938|sample|5|TRO.11|8301,1,0.00139996,1.38776,1.78817,0.204365,0.224307,True,PGDM1400|TRO.11,1313938
1,130_bNAb_Combinations|1313938|sample|6|TRO.11|8301,1,0.00139996,1.38776,1.78817,0.204365,0.224307,True,PGDM1400|TRO.11,1313938
1,130_bNAb_Combinations|1313938|sample|7|TRO.11|8301,1,1.17662e-08,1.38776,64.4176,0.204365,0.224307,True,PGT121|TRO.11,1313938
1,130_bNAb_Combinations|1313938|sample|8|TRO.11|8301,1,1.17662e-08,1.38776,64.4176,0.204365,0.224307,True,PGT121|TRO.11,1313938
1,130_bNAb_Combinations|1313938|sample|9|TRO.11|8301,1,1.17662e-08,1.38776,64.4176,0.204365,0.224307,True,PGT121|TRO.11,1313938
1,130_bNAb_Combinations|1313938|vc|1|2|TRO.11|8301,1,0.00139996,1.38776,48.7816,0.204365,0.224307,False,nan|TRO.11,1313938
1,130_bNAb_Combinations|1313938|vc|2|2|TRO.11|8301,1,0.00139996,1.38776,48.7816,0.204365,0.224307,False,nan|TRO.11,1313938
1,130_bNAb_Combinations|1313938|vc|3|2|TRO.11|8301,1,0.00139996,1.38776,48.7816,0.204365,0.224307,False,nan|TRO.11,1313938
1,130_bNAb_Combinations|1313938|vc|4|2|TRO.11|8301,1,0.00139996,1.38776,48.7816,0.204365,0.224307,False,nan|TRO.11,1313938
1,130_bNAb_Combinations|1313938|vc|5|2|TRO.11|8301,1,0.00139996,1.38776,48.7816,0.204365,0.224307,False,nan|TRO.11,1313938
1,130_bNAb_Combinations|1313938|vc|6|2|TRO.11|8301,1,0.00139996,1.38776,48.7816,0.204365,0.224307,False,nan|TRO.11,1313938
1,130_bNAb_Combinations|1313938|vc|7|2|TRO.11|8301,1,0.00139996,1.38776,48.7816,0.204365,0.224307,False,nan|TRO.11,1313938
1,130_bNAb_Combinations|1313938|vc|8|2|TRO.11|8301,1,0.00139996,1.38776,48.7816,0.204365,0.224307,False,nan|TRO.11,1313938
1,130_bNAb_Combinations|1313956|cc|1|1|Ce1176_A3|7023,1,0.00139996,1.38776,74.3705,0.403662,0.201831,False,nan|Ce1176_A3,1313956
1,130_bNAb_Combinations|1313956|cc|2|1|Ce1176_A3|7023,1,0.00139996,1.38776,74.3705,0.403662,0.201831,False,nan|Ce1176_A3,1313956
1,130_bNAb_Combinations|1313956|cc|3|1|Ce1176_A3|7023,1,0.00139996,1.38776,74.3705,0.403662,0.201831,False,nan|Ce1176_A3,1313956
1,130_bNAb_Combinations|1313956|cc|4|1|Ce1176_A3|7023,1,0.00139996,1.38776,74.3705,0.403662,0.201831,False,nan|Ce1176_A3,1313956
1,130_bNAb_Combinations|1313956|cc|5|1|Ce1176_A3|7023,1,0.00139996,1.38776,74.3705,0.403662,0.201831,False,nan|Ce1176_A3,1313956
1,130_bNAb_Combinations|1313956|cc|6|1|Ce1176_A3|7023,1,0.00139996,1.38776,74.3705,0.403662,0.201831,False,nan|Ce1176_A3,1313956
1,130_bNAb_Combinations|1313956|cc|7|1|Ce1176_A3|7023,1,0.00139996,1.38776,74.3705,0.403662,0.201831,False,nan|Ce1176_A3,1313956
1,130_bNAb_Combinations|1313956|cc|8|1|Ce1176_A3|7023,1,0.00139996,1.38776,74.3705,0.403662,0.201831,False,nan|Ce1176_A3,1313956
1,130_bNAb_Combinations|1313956|sample|10|Ce1176_A3|7023,1,1.05674e-08,1.38776,51.8168,0.403662,0.201831,True,PGT121|Ce1176_A3,1313956
1,130_bNAb_Combinations|1313956|sample|11|Ce1176_A3|7023,1,0.00139996,1.38776,4.28723,0.403662,0.201831,True,VRC07-523LS|Ce1176_A3,1313956
1,130_bNAb_Combinations|1313956|sample|12|Ce1176_A3|7023,1,0.00139996,1.38776,4.28723,0.403662,0.201831,True,VRC07-523LS|Ce1176_A3,1313956
1,130_bNAb_Combinations|1313956|sample|3|Ce1176_A3|7023,1,0.0296599,1.38776,0.0996398,0.403662,0.201831,True,PGDM1400|Ce1176_A3,1313956
1,130_bNAb_Combinations|1313956|sample|4|Ce1176_A3|7023,1,0.0296599,1.38776,0.0996398,0.403662,0.201831,True,PGDM1400|Ce1176_A3,1313956
1,130_bNAb_Combinations|1313956|sample|5|Ce1176_A3|7023,1,0.0296599,1.38776,0.0996398,0.403662,0.201831,True,PGDM1400|Ce1176_A3,1313956
1,130_bNAb_Combinations|1313956|sample|6|Ce1176_A3|7023,1,0.0296599,1.38776,0.0996398,0.403662,0.201831,True,PGDM1400|Ce1176_A3,1313956
1,130_bNAb_Combinations|1313956|sample|7|Ce1176_A3|7023,1,1.05674e-08,1.38776,51.8168,0.403662,0.201831,True,PGT121|Ce1176_A3,1313956
1,130_bNAb_Combinations|1313956|sample|8|Ce1176_A3|7023,1,1.05674e-08,1.38776,51.8168,0.403662,0.201831,True,PGT121|Ce1176_A3,1313956
1,130_bNAb_Combinations|1313956|sample|9|Ce1176_A3|7023,1,1.05674e-08,1.38776,51.8168,0.403662,0.201831,True,PGT121|Ce1176_A3,1313956
1,130_bNAb_Combinations|1313956|vc|1|2|Ce1176_A3|7023,1,0.00139996,1.38776,74.3705,0.403662,0.201831,False,nan|Ce1176_A3,1313956
1,130_bNAb_Combinations|1313956|vc|2|2|Ce1176_A3|7023,1,0.00139996,1.38776,74.3705,0.403662,0.201831,False,nan|Ce1176_A3,1313956
1,130_bNAb_Combinations|1313956|vc|3|2|Ce1176_A3|7023,1,0.00139996,1.38776,74.3705,0.403662,0.201831,False,nan|Ce1176_A3,1313956
1,130_bNAb_Combinations|1313956|vc|4|2|Ce1176_A3|7023,1,0.00139996,1.38776,74.3705,0.403662,0.201831,False,nan|Ce1176_A3,1313956
1,130_bNAb_Combinations|1313956|vc|5|2|Ce1176_A3|7023,1,0.00139996,1.38776,74.3705,0.403662,0.201831,False,nan|Ce1176_A3,1313956
1,130_bNAb_Combinations|1313956|vc|6|2|Ce1176_A3|7023,1,0.00139996,1.38776,74.3705,0.403662,0.201831,False,nan|Ce1176_A3,1313956
1,130_bNAb_Combinations|1313956|vc|7|2|Ce1176_A3|7023,1,0.00139996,1.38776,74.3705,0.403662,0.201831,False,nan|Ce1176_A3,1313956
1,130_bNAb_Combinations|1313956|vc|8|2|Ce1176_A3|7023,1,0.00139996,1.38776,74.3705,0.403662,0.201831,False,nan|Ce1176_A3,1313956
1,130_bNAb_Combinations|1313974|cc|1|1|nan|1176,1,0.00139994,1.38776,18.7292,0.463109,0.201832,False,nan|1176,1313974
1,130_bNAb_Combinations|1313974|cc|2|1|nan|1176,1,0.00139994,1.38776,18.7292,0.463109,0.201832,False,nan|1176,1313974
1,130_bNAb_Combinations|1313974|cc|3|1|nan|1176,1,0.00139994,1.38776,18.7292,0.463109,0.201832,False,nan|1176,1313974
1,130_bNAb_Combinations|1313974|cc|4|1|nan|1176,1,0.00139994,1.38776,18.7292,0.463109,0.201832,False,nan|1176,1313974
1,130_bNAb_Combinations|1313974|cc|5|1|nan|1176,1,0.00139994,1.38776,18.7292,0.463109,0.201832,False,nan|1176,1313974
1,130_bNAb_Combinations|1313974|cc|6|1|nan|1176,1,0.00139994,1.38776,18.7292,0.463109,0.201832,False,nan|1176,1313974
1,130_bNAb_Combinations|1313974|cc|7|1|nan|1176,1,0.00139994,1.38776,18.7292,0.463109,0.201832,False,nan|1176,1313974
1,130_bNAb_Combinations|1313974|cc|8|1|nan|1176,1,0.00139994,1.38776,18.7292,0.463109,0.201832,False,nan|1176,1313974
1,130_bNAb_Combinations|1313974|sample|10|nan|1176,1,0.00139995,1.38776,0.259753,0.463109,0.201832,True,PGT121|1176,1313974
1,130_bNAb_Combinations|1313974|sample|11|nan|1176,1,0.00139995,1.38776,18.1637,0.463109,0.201832,True,VRC07-523LS|1176,1313974
1,130_bNAb_Combinations|1313974|sample|12|nan|1176,1,0.00139995,1.38776,18.1637,0.463109,0.201832,True,VRC07-523LS|1176,1313974
1,130_bNAb_Combinations|1313974|sample|3|nan|1176,1,0.0201695,1.38776,5.71669,0.463109,0.201832,True,PGDM1400|1176,1313974
1,130_bNAb_Combinations|1313974|sample|4|nan|1176,1,0.0201695,1.38776,5.71669,0.463109,0.201832,True,PGDM1400|1176,1313974
1,130_bNAb_Combinations|1313974|sample|5|nan|1176,1,0.0201695,1.38776,5.71669,0.463109,0.201832,True,PGDM1400|1176,1313974
1,130_bNAb_Combinations|1313974|sample|6|nan|1176,1,0.0201695,1.38776,5.71669,0.463109,0.201832,True,PGDM1400|1176,1313974
1,130_bNAb_Combinations|1313974|sample|7|nan|1176,1,0.00139995,1.38776,0.259753,0.463109,0.201832,True,PGT121|1176,1313974
1,130_bNAb_Combinations|1313974|sample|8|nan|1176,1,0.00139995,1.38776,0.259753,0.463109,0.201832,True,PGT121|1176,1313974
1,130_bNAb_Combinations|1313974|sample|9|nan|1176,1,0.00139995,1.38776,0.259753,0.463109,0.201832,True,PGT121|1176,1313974
1,130_bNAb_Combinations|1313974|vc|1|2|nan|1176,1,0.00139994,1.38776,18.7292,0.463109,0.201832,False,nan|1176,1313974
1,130_bNAb_Combinations|1313974|vc|2|2|nan|1176,1,0.00139994,1.38776,18.7292,0.463109,0.201832,False,nan|1176,1313974
1,130_bNAb_Combinations|1313974|vc|3|2|nan|1176,1,0.00139994,1.38776,18.7292,0.463109,0.201832,False,nan|1176,1313974
1,130_bNAb_Combinations|1313974|vc|4|2|nan|1176,1,0.00139994,1.38776,18.7292,0.463109,0.201832,False,nan|1176,1313974
1,130_bNAb_Combinations|1313974|vc|5|2|nan|1176,1,0.00139994,1.38776,18.7292,0.463109,0.201832,False,nan|1176,1313974
1,130_bNAb_Combinations|1313974|vc|6|2|nan|1176,1,0.00139994,1.38776,18.7292,0.463109,0.201832,False,nan|1176,1313974
1,130_bNAb_Combinations|1313974|vc|7|2|nan|1176,1,0.00139994,1.38776,18.7292,0.463109,0.201832,False,nan|1176,1313974
1,130_bNAb_Combinations|1313974|vc|8|2|nan|1176,1,0.00139994,1.38776,18.7292,0.463109,0.201832,False,nan|1176,1313974
1,130_bNAb_Combinations|1313992|cc|1|1|RHPA4259.7|5371,1,0.00139995,1.38776,13.985,0.204365,0.201832,False,nan|RHPA4259.7,1313992
1,130_bNAb_Combinations|1313992|cc|2|1|RHPA4259.7|5371,1,0.00139995,1.38776,13.985,0.204365,0.201832,False,nan|RHPA4259.7,1313992
1,130_bNAb_Combinations|1313992|cc|3|1|RHPA4259.7|5371,1,0.00139995,1.38776,13.985,0.204365,0.201832,False,nan|RHPA4259.7,1313992
1,130_bNAb_Combinations|1313992|cc|4|1|RHPA4259.7|5371,1,0.00139995,1.38776,13.985,0.204365,0.201832,False,nan|RHPA4259.7,1313992
1,130_bNAb_Combinations|1313992|cc|5|1|RHPA4259.7|5371,1,0.00139995,1.38776,13.985,0.204365,0.201832,False,nan|RHPA4259.7,1313992
1,130_bNAb_Combinations|1313992|cc|6|1|RHPA4259.7|5371,1,0.00139995,1.38776,13.985,0.204365,0.201832,False,nan|RHPA4259.7,1313992
1,130_bNAb_Combinations|1313992|cc|7|1|RHPA4259.7|5371,1,0.00139995,1.38776,13.985,0.204365,0.201832,False,nan|RHPA4259.7,1313992
1,130_bNAb_Combinations|1313992|cc|8|1|RHPA4259.7|5371,1,0.00139995,1.38776,13.985,0.204365,0.201832,False,nan|RHPA4259.7,1313992
1,130_bNAb_Combinations|1313992|sample|10|RHPA4259.7|5371,1,5.02491e-11,1.38776,58.4718,0.204365,0.201832,True,PGT121|RHPA4259.7,1313992
1,130_bNAb_Combinations|1313992|sample|11|RHPA4259.7|5371,1,0.00139996,1.38776,52.3495,0.204365,0.201832,True,VRC07-523LS|RHPA4259.7,1313992
1,130_bNAb_Combinations|1313992|sample|12|RHPA4259.7|5371,1,0.00139996,1.38776,52.3495,0.204365,0.201832,True,VRC07-523LS|RHPA4259.7,1313992
1,130_bNAb_Combinations|1313992|sample|3|RHPA4259.7|5371,1,0.00139996,1.38776,2.65429,0.204365,0.201832,True,PGDM1400|RHPA4259.7,1313992
1,130_bNAb_Combinations|1313992|sample|4|RHPA4259.7|5371,1,0.00139996,1.38776,2.65429,0.204365,0.201832,True,PGDM1400|RHPA4259.7,1313992
1,130_bNAb_Combinations|1313992|sample|5|RHPA4259.7|5371,1,0.00139996,1.38776,2.65429,0.204365,0.201832,True,PGDM1400|RHPA4259.7,1313992
1,130_bNAb_Combinations|1313992|sample|6|RHPA4259.7|5371,1,0.00139996,1.38776,2.65429,0.204365,0.201832,True,PGDM1400|RHPA4259.7,1313992
1,130_bNAb_Combinations|1313992|sample|7|RHPA4259.7|5371,1,5.02491e-11,1.38776,58.4718,0.204365,0.201832,True,PGT121|RHPA4259.7,1313992
1,130_bNAb_Combinations|1313992|sample|8|RHPA4259.7|5371,1,5.02491e-11,1.38776,58.4718,0.204365,0.201832,True,PGT121|RHPA4259.7,1313992
1,130_bNAb_Combinations|1313992|sample|9|RHPA4259.7|5371,1,5.02491e-11,1.38776,58.4718,0.204365,0.201832,True,PGT121|RHPA4259.7,1313992
1,130_bNAb_Combinations|1313992|vc|1|2|RHPA4259.7|5371,1,0.00139995,1.38776,13.985,0.204365,0.201832,False,nan|RHPA4259.7,1313992
1,130_bNAb_Combinations|1313992|vc|2|2|RHPA4259.7|5371,1,0.00139995,1.38776,13.985,0.204365,0.201832,False,nan|RHPA4259.7,1313992
1,130_bNAb_Combinations|1313992|vc|3|2|RHPA4259.7|5371,1,0.00139995,1.38776,13.985,0.204365,0.201832,False,nan|RHPA4259.7,1313992
1,130_bNAb_Combinations|1313992|vc|4|2|RHPA4259.7|5371,1,0.00139995,1.38776,13.985,0.204365,0.201832,False,nan|RHPA4259.7,1313992
1,130_bNAb_Combinations|1313992|vc|5|2|RHPA4259.7|5371,1,0.00139995,1.38776,13.985,0.204365,0.201832,False,nan|RHPA4259.7,1313992
1,130_bNAb_Combinations|1313992|vc|6|2|RHPA4259.7|5371,1,0.00139995,1.38776,13.985,0.204365,0.201832,False,nan|RHPA4259.7,1313992
1,130_bNAb_Combinations|1313992|vc|7|2|RHPA4259.7|5371,1,0.00139995,1.38776,13.985,0.204365,0.201832,False,nan|RHPA4259.7,1313992
1,130_bNAb_Combinations|1313992|vc|8|2|RHPA4259.7|5371,1,0.00139995,1.38776,13.985,0.204365,0.201832,False,nan|RHPA4259.7,1313992
1,130_bNAb_Combinations|1314016|cc|1|1|nan|3430,1,0.00139996,1.38776,29.3456,0.204366,4.57457e-06,False,nan|3430,1314016
1,130_bNAb_Combinations|1314016|cc|2|1|nan|3430,1,0.00139996,1.38776,29.3456,0.204366,4.57457e-06,False,nan|3430,1314016
1,130_bNAb_Combinations|1314016|cc|3|1|nan|3430,1,0.00139996,1.38776,29.3456,0.204366,4.57457e-06,False,nan|3430,1314016
1,130_bNAb_Combinations|1314016|cc|4|1|nan|3430,1,0.00139996,1.38776,29.3456,0.204366,4.57457e-06,False,nan|3430,1314016
1,130_bNAb_Combinations|1314016|cc|5|1|nan|3430,1,0.00139996,1.38776,29.3456,0.204366,4.57457e-06,False,nan|3430,1314016
1,130_bNAb_Combinations|1314016|cc|6|1|nan|3430,1,0.00139996,1.38776,29.3456,0.204366,4.57457e-06,False,nan|3430,1314016
1,130_bNAb_Combinations|1314016|cc|7|1|nan|3430,1,0.00139996,1.38776,29.3456,0.204366,4.57457e-06,False,nan|3430,1314016
1,130_bNAb_Combinations|1314016|cc|8|1|nan|3430,1,0.00139996,1.38776,29.3456,0.204366,4.57457e-06,False,nan|3430,1314016
1,130_bNAb_Combinations|1314016|sample|10|nan|3430,1,0.00964384,1.38776,14.5014,0.204366,4.57457e-06,True,PGT121|3430,1314016
1,130_bNAb_Combinations|1314016|sample|11|nan|3430,1,0.00139996,1.38776,26.7569,0.204366,4.57457e-06,True,VRC07-523LS|3430,1314016
1,130_bNAb_Combinations|1314016|sample|12|nan|3430,1,0.00139996,1.38776,26.7569,0.204366,4.57457e-06,True,VRC07-523LS|3430,1314016
1,130_bNAb_Combinations|1314016|sample|3|nan|3430,1,0.00974134,1.38776,293.453,0.204366,4.57457e-06,True,PGDM1400|3430,1314016
1,130_bNAb_Combinations|1314016|sample|4|nan|3430,1,0.00974134,1.38776,293.453,0.204366,4.57457e-06,True,PGDM1400|3430,1314016
1,130_bNAb_Combinations|1314016|sample|5|nan|3430,1,0.00974134,1.38776,293.453,0.204366,4.57457e-06,True,PGDM1400|3430,1314016
1,130_bNAb_Combinations|1314016|sample|6|nan|3430,1,0.00974134,1.38776,293.453,0.204366,4.57457e-06,True,PGDM1400|3430,1314016
1,130_bNAb_Combinations|1314016|sample|7|nan|3430,1,0.00964384,1.38776,14.5014,0.204366,4.57457e-06,True,PGT121|3430,1314016
1,130_bNAb_Combinations|1314016|sample|8|nan|3430,1,0.00964384,1.38776,14.5014,0.204366,4.57457e-06,True,PGT121|3430,1314016
1,130_bNAb_Combinations|1314016|sample|9|nan|3430,1,0.00964384,1.38776,14.5014,0.204366,4.57457e-06,True,PGT121|3430,1314016
1,130_bNAb_Combinations|1314016|vc|1|2|nan|3430,1,0.00139996,1.38776,29.3456,0.204366,4.57457e-06,False,nan|3430,1314016
1,130_bNAb_Combinations|1314016|vc|2|2|nan|3430,1,0.00139996,1.38776,29.3456,0.204366,4.57457e-06,False,nan|3430,1314016
1,130_bNAb_Combinations|1314016|vc|3|2|nan|3430,1,0.00139996,1.38776,29.3456,0.204366,4.57457e-06,False,nan|3430,1314016
1,130_bNAb_Combinations|1314016|vc|4|2|nan|3430,1,0.00139996,1.38776,29.3456,0.204366,4.57457e-06,False,nan|3430,1314016
1,130_bNAb_Combinations|1314016|vc|5|2|nan|3430,1,0.00139996,1.38776,29.3456,0.204366,4.57457e-06,False,nan|3430,1314016
1,130_bNAb_Combinations|1314016|vc|6|2|nan|3430,1,0.00139996,1.38776,29.3456,0.204366,4.57457e-06,False,nan|3430,1314016
1,130_bNAb_Combinations|1314016|vc|7|2|nan|3430,1,0.00139996,1.38776,29.3456,0.204366,4.57457e-06,False,nan|3430,1314016
1,130_bNAb_Combinations|1314016|vc|8|2|nan|3430,1,0.00139996,1.38776,29.3456,0.204366,4.57457e-06,False,nan|3430,1314016
1,130_bNAb_Combinations|1314040|cc|1|1|nan|4166,1,0.00139996,1.38776,16.3746,0.204366,0.201832,False,nan|4166,1314040
1,130_bNAb_Combinations|1314040|cc|2|1|nan|4166,1,0.00139996,1.38776,16.3746,0.204366,0.201832,False,nan|4166,1314040
1,130_bNAb_Combinations|1314040|cc|3|1|nan|4166,1,0.00139996,1.38776,16.3746,0.204366,0.201832,False,nan|4166,1314040
1,130_bNAb_Combinations|1314040|cc|4|1|nan|4166,1,0.00139996,1.38776,16.3746,0.204366,0.201832,False,nan|4166,1314040
1,130_bNAb_Combinations|1314040|cc|5|1|nan|4166,1,0.00139996,1.38776,16.3746,0.204366,0.201832,False,nan|4166,1314040
1,130_bNAb_Combinations|1314040|cc|6|1|nan|4166,1,0.00139996,1.38776,16.3746,0.204366,0.201832,False,nan|4166,1314040
1,130_bNAb_Combinations|1314040|cc|7|1|nan|4166,1,0.00139996,1.38776,16.3746,0.204366,0.201832,False,nan|4166,1314040
1,130_bNAb_Combinations|1314040|cc|8|1|nan|4166,1,0.00139996,1.38776,16.3746,0.204366,0.201832,False,nan|4166,1314040
1,130_bNAb_Combinations|1314040|sample|10|nan|4166,1,0.00139995,1.38776,105.032,0.204366,0.201832,True,PGT121|4166,1314040
1,130_bNAb_Combinations|1314040|sample|11|nan|4166,1,0.00139996,1.38776,62.5188,0.204366,0.201832,True,VRC07-523LS|4166,1314040
1,130_bNAb_Combinations|1314040|sample|12|nan|4166,1,0.00139996,1.38776,62.5188,0.204366,0.201832,True,VRC07-523LS|4166,1314040
1,130_bNAb_Combinations|1314040|sample|3|nan|4166,1,0.00139995,1.38776,112.086,0.204366,0.201832,True,PGDM1400|4166,1314040
1,130_bNAb_Combinations|1314040|sample|4|nan|4166,1,0.00139995,1.38776,112.086,0.204366,0.201832,True,PGDM1400|4166,1314040
1,130_bNAb_Combinations|1314040|sample|5|nan|4166,1,0.00139995,1.38776,112.086,0.204366,0.201832,True,PGDM1400|4166,1314040
1,130_bNAb_Combinations|1314040|sample|6|nan|4166,1,0.00139995,1.38776,112.086,0.204366,0.201832,True,PGDM1400|4166,1314040
1,130_bNAb_Combinations|1314040|sample|7|nan|4166,1,0.00139995,1.38776,105.032,0.204366,0.201832,True,PGT121|4166,1314040
1,130_bNAb_Combinations|1314040|sample|8|nan|4166,1,0.00139995,1.38776,105.032,0.204366,0.201832,True,PGT121|4166,1314040
1,130_bNAb_Combinations|1314040|sample|9|nan|4166,1,0.00139995,1.38776,105.032,0.204366,0.201832,True,PGT121|4166,1314040
1,130_bNAb_Combinations|1314040|vc|1|2|nan|4166,1,0.00139996,1.38776,16.3746,0.204366,0.201832,False,nan|4166,1314040
1,130_bNAb_Combinations|1314040|vc|2|2|nan|4166,1,0.00139996,1.38776,16.3746,0.204366,0.201832,False,nan|4166,1314040
1,130_bNAb_Combinations|1314040|vc|3|2|nan|4166,1,0.00139996,1.38776,16.3746,0.204366,0.201832,False,nan|4166,1314040
1,130_bNAb_Combinations|1314040|vc|4|2|nan|4166,1,0.00139996,1.38776,16.3746,0.204366,0.201832,False,nan|4166,1314040
1,130_bNAb_Combinations|1314040|vc|5|2|nan|4166,1,0.00139996,1.38776,16.3746,0.204366,0.201832,False,nan|4166,1314040
1,130_bNAb_Combinations|1314040|vc|6|2|nan|4166,1,0.00139996,1.38776,16.3746,0.204366,0.201832,False,nan|4166,1314040
1,130_bNAb_Combinations|1314040|vc|7|2|nan|4166,1,0.00139996,1.38776,16.3746,0.204366,0.201832,False,nan|4166,1314040
1,130_bNAb_Combinations|1314040|vc|8|2|nan|4166,1,0.00139996,1.38776,16.3746,0.204366,0.201832,False,nan|4166,1314040
1,130_bNAb_Combinations|1314058|cc|1|1|nan|2944,1,0.00139996,1.38776,9.1388,0.646402,0.744835,False,nan|2944,1314058
1,130_bNAb_Combinations|1314058|cc|2|1|nan|2944,1,0.00139996,1.38776,9.1388,0.646402,0.744835,False,nan|2944,1314058
1,130_bNAb_Combinations|1314058|cc|3|1|nan|2944,1,0.00139996,1.38776,9.1388,0.646402,0.744835,False,nan|2944,1314058
1,130_bNAb_Combinations|1314058|cc|4|1|nan|2944,1,0.00139996,1.38776,9.1388,0.646402,0.744835,False,nan|2944,1314058
1,130_bNAb_Combinations|1314058|cc|5|1|nan|2944,1,0.00139996,1.38776,9.1388,0.646402,0.744835,False,nan|2944,1314058
1,130_bNAb_Combinations|1314058|cc|6|1|nan|2944,1,0.00139996,1.38776,9.1388,0.646402,0.744835,False,nan|2944,1314058
1,130_bNAb_Combinations|1314058|cc|7|1|nan|2944,1,0.00139996,1.38776,9.1388,0.646402,0.744835,False,nan|2944,1314058
1,130_bNAb_Combinations|1314058|cc|8|1|nan|2944,1,0.00139996,1.38776,9.1388,0.646402,0.744835,False,nan|2944,1314058
1,130_bNAb_Combinations|1314058|sample|10|nan|2944,1,0.00139996,1.38776,91.9997,0.646402,0.744835,True,PGT121|2944,1314058
1,130_bNAb_Combinations|1314058|sample|11|nan|2944,1,0.00139997,1.38776,14.8574,0.646402,0.744835,True,VRC07-523LS|2944,1314058
1,130_bNAb_Combinations|1314058|sample|12|nan|2944,1,0.00139997,1.38776,14.8574,0.646402,0.744835,True,VRC07-523LS|2944,1314058
1,130_bNAb_Combinations|1314058|sample|3|nan|2944,1,0.00139995,1.38776,677.128,0.646402,0.744835,True,PGDM1400|2944,1314058
1,130_bNAb_Combinations|1314058|sample|4|nan|2944,1,0.00139995,1.38776,677.128,0.646402,0.744835,True,PGDM1400|2944,1314058
1,130_bNAb_Combinations|1314058|sample|5|nan|2944,1,0.00139995,1.38776,677.128,0.646402,0.744835,True,PGDM1400|2944,1314058
1,130_bNAb_Combinations|1314058|sample|6|nan|2944,1,0.00139995,1.38776,677.128,0.646402,0.744835,True,PGDM1400|2944,1314058
1,130_bNAb_Combinations|1314058|sample|7|nan|2944,1,0.00139996,1.38776,91.9997,0.646402,0.744835,True,PGT121|2944,1314058
1,130_bNAb_Combinations|1314058|sample|8|nan|2944,1,0.00139996,1.38776,91.9997,0.646402,0.744835,True,PGT121|2944,1314058
1,130_bNAb_Combinations|1314058|sample|9|nan|2944,1,0.00139996,1.38776,91.9997,0.646402,0.744835,True,PGT121|2944,1314058
1,130_bNAb_Combinations|1314058|vc|1|2|nan|2944,1,0.00139996,1.38776,9.1388,0.646402,0.744835,False,nan|2944,1314058
1,130_bNAb_Combinations|1314058|vc|2|2|nan|2944,1,0.00139996,1.38776,9.1388,0.646402,0.744835,False,nan|2944,1314058
1,130_bNAb_Combinations|1314058|vc|3|2|nan|2944,1,0.00139996,1.38776,9.1388,0.646402,0.744835,False,nan|2944,1314058
1,130_bNAb_Combinations|1314058|vc|4|2|nan|2944,1,0.00139996,1.38776,9.1388,0.646402,0.744835,False,nan|2944,1314058
1,130_bNAb_Combinations|1314058|vc|5|2|nan|2944,1,0.00139996,1.38776,9.1388,0.646402,0.744835,False,nan|2944,1314058
1,130_bNAb_Combinations|1314058|vc|6|2|nan|2944,1,0.00139996,1.38776,9.1388,0.646402,0.744835,False,nan|2944,1314058
1,130_bNAb_Combinations|1314058|vc|7|2|nan|2944,1,0.00139996,1.38776,9.1388,0.646402,0.744835,False,nan|2944,1314058
1,130_bNAb_Combinations|1314058|vc|8|2|nan|2944,1,0.00139996,1.38776,9.1388,0.646402,0.744835,False,nan|2944,1314058
1,130_bNAb_Combinations|1342240|cc|1|1|nan|1798,1,0.00139996,1.38776,13.9922,0.204365,0.201834,False,nan|1798,1342240
1,130_bNAb_Combinations|1342240|cc|2|1|nan|1798,1,0.00139996,1.38776,13.9922,0.204365,0.201834,False,nan|1798,1342240
1,130_bNAb_Combinations|1342240|cc|3|1|nan|1798,1,0.00139996,1.38776,13.9922,0.204365,0.201834,False,nan|1798,1342240
1,130_bNAb_Combinations|1342240|cc|4|1|nan|1798,1,0.00139996,1.38776,13.9922,0.204365,0.201834,False,nan|1798,1342240
1,130_bNAb_Combinations|1342240|cc|5|1|nan|1798,1,0.00139996,1.38776,13.9922,0.204365,0.201834,False,nan|1798,1342240
1,130_bNAb_Combinations|1342240|cc|6|1|nan|1798,1,0.00139996,1.38776,13.9922,0.204365,0.201834,False,nan|1798,1342240
1,130_bNAb_Combinations|1342240|cc|7|1|nan|1798,1,0.00139996,1.38776,13.9922,0.204365,0.201834,False,nan|1798,1342240
1,130_bNAb_Combinations|1342240|cc|8|1|nan|1798,1,0.00139996,1.38776,13.9922,0.204365,0.201834,False,nan|1798,1342240
1,130_bNAb_Combinations|1342240|sample|3|nan|1798,1,0.00139996,1.38776,3.16266,0.204365,0.201834,True,VRC07-523LS|1798,1342240
1,130_bNAb_Combinations|1342240|sample|4|nan|1798,1,0.00139996,1.38776,3.16266,0.204365,0.201834,True,VRC07-523LS|1798,1342240
1,130_bNAb_Combinations|1342240|sample|8|nan|1798,1,0.00139996,1.38776,3.16266,0.204365,0.201834,True,VRC07-523LS|1798,1342240
1,130_bNAb_Combinations|1342240|vc|1|2|nan|1798,1,0.00139996,1.38776,13.9922,0.204365,0.201834,False,nan|1798,1342240
1,130_bNAb_Combinations|1342240|vc|2|2|nan|1798,1,0.00139996,1.38776,13.9922,0.204365,0.201834,False,nan|1798,1342240
1,130_bNAb_Combinations|1342240|vc|3|2|nan|1798,1,0.00139996,1.38776,13.9922,0.204365,0.201834,False,nan|1798,1342240
1,130_bNAb_Combinations|1342240|vc|4|2|nan|1798,1,0.00139996,1.38776,13.9922,0.204365,0.201834,False,nan|1798,1342240
1,130_bNAb_Combinations|1342240|vc|5|2|nan|1798,1,0.00139996,1.38776,13.9922,0.204365,0.201834,False,nan|1798,1342240
1,130_bNAb_Combinations|1342240|vc|6|2|nan|1798,1,0.00139996,1.38776,13.9922,0.204365,0.201834,False,nan|1798,1342240
1,130_bNAb_Combinations|1342240|vc|7|2|nan|1798,1,0.00139996,1.38776,13.9922,0.204365,0.201834,False,nan|1798,1342240
1,130_bNAb_Combinations|1342240|vc|8|2|nan|1798,1,0.00139996,1.38776,13.9922,0.204365,0.201834,False,nan|1798,1342240
1,130_bNAb_Combinations|1342258|cc|1|1|TRO.11|8301,1,0.00139996,1.38776,48.7816,0.204366,0.201832,False,nan|TRO.11,1342258
1,130_bNAb_Combinations|1342258|cc|2|1|TRO.11|8301,1,0.00139996,1.38776,48.7816,0.204366,0.201832,False,nan|TRO.11,1342258
1,130_bNAb_Combinations|1342258|cc|3|1|TRO.11|8301,1,0.00139996,1.38776,48.7816,0.204366,0.201832,False,nan|TRO.11,1342258
1,130_bNAb_Combinations|1342258|cc|4|1|TRO.11|8301,1,0.00139996,1.38776,48.7816,0.204366,0.201832,False,nan|TRO.11,1342258
1,130_bNAb_Combinations|1342258|cc|5|1|TRO.11|8301,1,0.00139996,1.38776,48.7816,0.204366,0.201832,False,nan|TRO.11,1342258
1,130_bNAb_Combinations|1342258|cc|6|1|TRO.11|8301,1,0.00139996,1.38776,48.7816,0.204366,0.201832,False,nan|TRO.11,1342258
1,130_bNAb_Combinations|1342258|cc|7|1|TRO.11|8301,1,0.00139996,1.38776,48.7816,0.204366,0.201832,False,nan|TRO.11,1342258
1,130_bNAb_Combinations|1342258|cc|8|1|TRO.11|8301,1,0.00139996,1.38776,48.7816,0.204366,0.201832,False,nan|TRO.11,1342258
1,130_bNAb_Combinations|1342258|sample|3|TRO.11|8301,1,0.00139996,1.38776,11.4326,0.204366,0.201832,True,VRC07-523LS|TRO.11,1342258
1,130_bNAb_Combinations|1342258|sample|4|TRO.11|8301,1,0.00139996,1.38776,11.4326,0.204366,0.201832,True,VRC07-523LS|TRO.11,1342258
1,130_bNAb_Combinations|1342258|vc|1|2|TRO.11|8301,1,0.00139996,1.38776,48.7816,0.204366,0.201832,False,nan|TRO.11,1342258
1,130_bNAb_Combinations|1342258|vc|2|2|TRO.11|8301,1,0.00139996,1.38776,48.7816,0.204366,0.201832,False,nan|TRO.11,1342258
1,130_bNAb_Combinations|1342258|vc|3|2|TRO.11|8301,1,0.00139996,1.38776,48.7816,0.204366,0.201832,False,nan|TRO.11,1342258
1,130_bNAb_Combinations|1342258|vc|4|2|TRO.11|8301,1,0.00139996,1.38776,48.7816,0.204366,0.201832,False,nan|TRO.11,1342258
1,130_bNAb_Combinations|1342258|vc|5|2|TRO.11|8301,1,0.00139996,1.38776,48.7816,0.204366,0.201832,False,nan|TRO.11,1342258
1,130_bNAb_Combinations|1342258|vc|6|2|TRO.11|8301,1,0.00139996,1.38776,48.7816,0.204366,0.201832,False,nan|TRO.11,1342258
1,130_bNAb_Combinations|1342258|vc|7|2|TRO.11|8301,1,0.00139996,1.38776,48.7816,0.204366,0.201832,False,nan|TRO.11,1342258
1,130_bNAb_Combinations|1342258|vc|8|2|TRO.11|8301,1,0.00139996,1.38776,48.7816,0.204366,0.201832,False,nan|TRO.11,1342258
1,130_bNAb_Combinations|1342276|cc|1|1|Ce1176_A3|7023,1,0.00139996,1.38776,74.3705,0.204366,0.201832,False,nan|Ce1176_A3,1342276
1,130_bNAb_Combinations|1342276|cc|2|1|Ce1176_A3|7023,1,0.00139996,1.38776,74.3705,0.204366,0.201832,False,nan|Ce1176_A3,1342276
1,130_bNAb_Combinations|1342276|cc|3|1|Ce1176_A3|7023,1,0.00139996,1.38776,74.3705,0.204366,0.201832,False,nan|Ce1176_A3,1342276
1,130_bNAb_Combinations|1342276|cc|4|1|Ce1176_A3|7023,1,0.00139996,1.38776,74.3705,0.204366,0.201832,False,nan|Ce1176_A3,1342276
1,130_bNAb_Combinations|1342276|cc|5|1|Ce1176_A3|7023,1,0.00139996,1.38776,74.3705,0.204366,0.201832,False,nan|Ce1176_A3,1342276
1,130_bNAb_Combinations|1342276|cc|6|1|Ce1176_A3|7023,1,0.00139996,1.38776,74.3705,0.204366,0.201832,False,nan|Ce1176_A3,1342276
1,130_bNAb_Combinations|1342276|cc|7|1|Ce1176_A3|7023,1,0.00139996,1.38776,74.3705,0.204366,0.201832,False,nan|Ce1176_A3,1342276
1,130_bNAb_Combinations|1342276|cc|8|1|Ce1176_A3|7023,1,0.00139996,1.38776,74.3705,0.204366,0.201832,False,nan|Ce1176_A3,1342276
1,130_bNAb_Combinations|1342276|sample|3|Ce1176_A3|7023,1,0.00139996,1.38776,4.28723,0.204366,0.201832,True,VRC07-523LS|Ce1176_A3,1342276
1,130_bNAb_Combinations|1342276|sample|4|Ce1176_A3|7023,1,0.00139996,1.38776,4.28723,0.204366,0.201832,True,VRC07-523LS|Ce1176_A3,1342276
1,130_bNAb_Combinations|1342276|vc|1|2|Ce1176_A3|7023,1,0.00139996,1.38776,74.3705,0.204366,0.201832,False,nan|Ce1176_A3,1342276
1,130_bNAb_Combinations|1342276|vc|2|2|Ce1176_A3|7023,1,0.00139996,1.38776,74.3705,0.204366,0.201832,False,nan|Ce1176_A3,1342276
1,130_bNAb_Combinations|1342276|vc|3|2|Ce1176_A3|7023,1,0.00139996,1.38776,74.3705,0.204366,0.201832,False,nan|Ce1176_A3,1342276
1,130_bNAb_Combinations|1342276|vc|4|2|Ce1176_A3|7023,1,0.00139996,1.38776,74.3705,0.204366,0.201832,False,nan|Ce1176_A3,1342276
1,130_bNAb_Combinations|1342276|vc|5|2|Ce1176_A3|7023,1,0.00139996,1.38776,74.3705,0.204366,0.201832,False,nan|Ce1176_A3,1342276
1,130_bNAb_Combinations|1342276|vc|6|2|Ce1176_A3|7023,1,0.00139996,1.38776,74.3705,0.204366,0.201832,False,nan|Ce1176_A3,1342276
1,130_bNAb_Combinations|1342276|vc|7|2|Ce1176_A3|7023,1,0.00139996,1.38776,74.3705,0.204366,0.201832,False,nan|Ce1176_A3,1342276
1,130_bNAb_Combinations|1342276|vc|8|2|Ce1176_A3|7023,1,0.00139996,1.38776,74.3705,0.204366,0.201832,False,nan|Ce1176_A3,1342276
1,130_bNAb_Combinations|1342294|cc|1|1|nan|1176,1,0.00139994,1.38776,18.7292,0.204367,0.201837,False,nan|1176,1342294
1,130_bNAb_Combinations|1342294|cc|2|1|nan|1176,1,0.00139994,1.38776,18.7292,0.204367,0.201837,False,nan|1176,1342294
1,130_bNAb_Combinations|1342294|cc|3|1|nan|1176,1,0.00139994,1.38776,18.7292,0.204367,0.201837,False,nan|1176,1342294
1,130_bNAb_Combinations|1342294|cc|4|1|nan|1176,1,0.00139994,1.38776,18.7292,0.204367,0.201837,False,nan|1176,1342294
1,130_bNAb_Combinations|1342294|cc|5|1|nan|1176,1,0.00139994,1.38776,18.7292,0.204367,0.201837,False,nan|1176,1342294
1,130_bNAb_Combinations|1342294|cc|6|1|nan|1176,1,0.00139994,1.38776,18.7292,0.204367,0.201837,False,nan|1176,1342294
1,130_bNAb_Combinations|1342294|cc|7|1|nan|1176,1,0.00139994,1.38776,18.7292,0.204367,0.201837,False,nan|1176,1342294
1,130_bNAb_Combinations|1342294|cc|8|1|nan|1176,1,0.00139994,1.38776,18.7292,0.204367,0.201837,False,nan|1176,1342294
1,130_bNAb_Combinations|1342294|sample|3|nan|1176,1,0.00139995,1.38776,18.1637,0.204367,0.201837,True,VRC07-523LS|1176,1342294
1,130_bNAb_Combinations|1342294|sample|4|nan|1176,1,0.00139995,1.38776,18.1637,0.204367,0.201837,True,VRC07-523LS|1176,1342294
1,130_bNAb_Combinations|1342294|sample|8|nan|1176,1,0.00139995,1.38776,18.1637,0.204367,0.201837,True,VRC07-523LS|1176,1342294
1,130_bNAb_Combinations|1342294|vc|1|2|nan|1176,1,0.00139994,1.38776,18.7292,0.204367,0.201837,False,nan|1176,1342294
1,130_bNAb_Combinations|1342294|vc|2|2|nan|1176,1,0.00139994,1.38776,18.7292,0.204367,0.201837,False,nan|1176,1342294
1,130_bNAb_Combinations|1342294|vc|3|2|nan|1176,1,0.00139994,1.38776,18.7292,0.204367,0.201837,False,nan|1176,1342294
1,130_bNAb_Combinations|1342294|vc|4|2|nan|1176,1,0.00139994,1.38776,18.7292,0.204367,0.201837,False,nan|1176,1342294
1,130_bNAb_Combinations|1342294|vc|5|2|nan|1176,1,0.00139994,1.38776,18.7292,0.204367,0.201837,False,nan|1176,1342294
1,130_bNAb_Combinations|1342294|vc|6|2|nan|1176,1,0.00139994,1.38776,18.7292,0.204367,0.201837,False,nan|1176,1342294
1,130_bNAb_Combinations|1342294|vc|7|2|nan|1176,1,0.00139994,1.38776,18.7292,0.204367,0.201837,False,nan|1176,1342294
1,130_bNAb_Combinations|1342294|vc|8|2|nan|1176,1,0.00139994,1.38776,18.7292,0.204367,0.201837,False,nan|1176,1342294
1,130_bNAb_Combinations|1342312|cc|1|1|RHPA4259.7|5371,1,0.00139995,1.38776,13.985,0.204367,0.201832,False,nan|RHPA4259.7,1342312
1,130_bNAb_Combinations|1342312|cc|2|1|RHPA4259.7|5371,1,0.00139995,1.38776,13.985,0.204367,0.201832,False,nan|RHPA4259.7,1342312
1,130_bNAb_Combinations|1342312|cc|3|1|RHPA4259.7|5371,1,0.00139995,1.38776,13.985,0.204367,0.201832,False,nan|RHPA4259.7,1342312
1,130_bNAb_Combinations|1342312|cc|4|1|RHPA4259.7|5371,1,0.00139995,1.38776,13.985,0.204367,0.201832,False,nan|RHPA4259.7,1342312
1,130_bNAb_Combinations|1342312|cc|5|1|RHPA4259.7|5371,1,0.00139995,1.38776,13.985,0.204367,0.201832,False,nan|RHPA4259.7,1342312
1,130_bNAb_Combinations|1342312|cc|6|1|RHPA4259.7|5371,1,0.00139995,1.38776,13.985,0.204367,0.201832,False,nan|RHPA4259.7,1342312
1,130_bNAb_Combinations|1342312|cc|7|1|RHPA4259.7|5371,1,0.00139995,1.38776,13.985,0.204367,0.201832,False,nan|RHPA4259.7,1342312
1,130_bNAb_Combinations|1342312|cc|8|1|RHPA4259.7|5371,1,0.00139995,1.38776,13.985,0.204367,0.201832,False,nan|RHPA4259.7,1342312
1,130_bNAb_Combinations|1342312|sample|3|RHPA4259.7|5371,1,0.00139996,1.38776,52.3495,0.204367,0.201832,True,VRC07-523LS|RHPA4259.7,1342312
1,130_bNAb_Combinations|1342312|sample|4|RHPA4259.7|5371,1,0.00139996,1.38776,52.3495,0.204367,0.201832,True,VRC07-523LS|RHPA4259.7,1342312
1,130_bNAb_Combinations|1342312|vc|1|2|RHPA4259.7|5371,1,0.00139995,1.38776,13.985,0.204367,0.201832,False,nan|RHPA4259.7,1342312
1,130_bNAb_Combinations|1342312|vc|2|2|RHPA4259.7|5371,1,0.00139995,1.38776,13.985,0.204367,0.201832,False,nan|RHPA4259.7,1342312
1,130_bNAb_Combinations|1342312|vc|3|2|RHPA4259.7|5371,1,0.00139995,1.38776,13.985,0.204367,0.201832,False,nan|RHPA4259.7,1342312
1,130_bNAb_Combinations|1342312|vc|4|2|RHPA4259.7|5371,1,0.00139995,1.38776,13.985,0.204367,0.201832,False,nan|RHPA4259.7,1342312
1,130_bNAb_Combinations|1342312|vc|5|2|RHPA4259.7|5371,1,0.00139995,1.38776,13.985,0.204367,0.201832,False,nan|RHPA4259.7,1342312
1,130_bNAb_Combinations|1342312|vc|6|2|RHPA4259.7|5371,1,0.00139995,1.38776,13.985,0.204367,0.201832,False,nan|RHPA4259.7,1342312
1,130_bNAb_Combinations|1342312|vc|7|2|RHPA4259.7|5371,1,0.00139995,1.38776,13.985,0.204367,0.201832,False,nan|RHPA4259.7,1342312
1,130_bNAb_Combinations|1342312|vc|8|2|RHPA4259.7|5371,1,0.00139995,1.38776,13.985,0.204367,0.201832,False,nan|RHPA4259.7,1342312
1,130_bNAb_Combinations|1342336|cc|1|1|nan|3430,1,0.00139996,1.38776,29.3456,0.204365,0.201832,False,nan|3430,1342336
1,130_bNAb_Combinations|1342336|cc|2|1|nan|3430,1,0.00139996,1.38776,29.3456,0.204365,0.201832,False,nan|3430,1342336
1,130_bNAb_Combinations|1342336|cc|3|1|nan|3430,1,0.00139996,1.38776,29.3456,0.204365,0.201832,False,nan|3430,1342336
1,130_bNAb_Combinations|1342336|cc|4|1|nan|3430,1,0.00139996,1.38776,29.3456,0.204365,0.201832,False,nan|3430,1342336
1,130_bNAb_Combinations|1342336|cc|5|1|nan|3430,1,0.00139996,1.38776,29.3456,0.204365,0.201832,False,nan|3430,1342336
1,130_bNAb_Combinations|1342336|cc|6|1|nan|3430,1,0.00139996,1.38776,29.3456,0.204365,0.201832,False,nan|3430,1342336
1,130_bNAb_Combinations|1342336|cc|7|1|nan|3430,1,0.00139996,1.38776,29.3456,0.204365,0.201832,False,nan|3430,1342336
1,130_bNAb_Combinations|1342336|cc|8|1|nan|3430,1,0.00139996,1.38776,29.3456,0.204365,0.201832,False,nan|3430,1342336
1,130_bNAb_Combinations|1342336|sample|3|nan|3430,1,0.00139996,1.38776,26.7569,0.204365,0.201832,True,VRC07-523LS|3430,1342336
1,130_bNAb_Combinations|1342336|sample|4|nan|3430,1,0.00139996,1.38776,26.7569,0.204365,0.201832,True,VRC07-523LS|3430,1342336
1,130_bNAb_Combinations|1342336|sample|5|nan|3430,1,0.00139996,1.38776,26.7569,0.204365,0.201832,True,VRC07-523LS|3430,1342336
1,130_bNAb_Combinations|1342336|vc|1|2|nan|3430,1,0.00139996,1.38776,29.3456,0.204365,0.201832,False,nan|3430,1342336
1,130_bNAb_Combinations|1342336|vc|2|2|nan|3430,1,0.00139996,1.38776,29.3456,0.204365,0.201832,False,nan|3430,1342336
1,130_bNAb_Combinations|1342336|vc|3|2|nan|3430,1,0.00139996,1.38776,29.3456,0.204365,0.201832,False,nan|3430,1342336
1,130_bNAb_Combinations|1342336|vc|4|2|nan|3430,1,0.00139996,1.38776,29.3456,0.204365,0.201832,False,nan|3430,1342336
1,130_bNAb_Combinations|1342336|vc|5|2|nan|3430,1,0.00139996,1.38776,29.3456,0.204365,0.201832,False,nan|3430,1342336
1,130_bNAb_Combinations|1342336|vc|6|2|nan|3430,1,0.00139996,1.38776,29.3456,0.204365,0.201832,False,nan|3430,1342336
1,130_bNAb_Combinations|1342336|vc|7|2|nan|3430,1,0.00139996,1.38776,29.3456,0.204365,0.201832,False,nan|3430,1342336
1,130_bNAb_Combinations|1342336|vc|8|2|nan|3430,1,0.00139996,1.38776,29.3456,0.204365,0.201832,False,nan|3430,1342336
1,130_bNAb_Combinations|1342348|cc|1|1|nan|4166,1,0.00139996,1.38776,16.3746,0.204366,0.20183,False,nan|4166,1342348
1,130_bNAb_Combinations|1342348|cc|2|1|nan|4166,1,0.00139996,1.38776,16.3746,0.204366,0.20183,False,nan|4166,1342348
1,130_bNAb_Combinations|1342348|cc|3|1|nan|4166,1,0.00139996,1.38776,16.3746,0.204366,0.20183,False,nan|4166,1342348
1,130_bNAb_Combinations|1342348|cc|4|1|nan|4166,1,0.00139996,1.38776,16.3746,0.204366,0.20183,False,nan|4166,1342348
1,130_bNAb_Combinations|1342348|cc|5|1|nan|4166,1,0.00139996,1.38776,16.3746,0.204366,0.20183,False,nan|4166,1342348
1,130_bNAb_Combinations|1342348|cc|6|1|nan|4166,1,0.00139996,1.38776,16.3746,0.204366,0.20183,False,nan|4166,1342348
1,130_bNAb_Combinations|1342348|cc|7|1|nan|4166,1,0.00139996,1.38776,16.3746,0.204366,0.20183,False,nan|4166,1342348
1,130_bNAb_Combinations|1342348|cc|8|1|nan|4166,1,0.00139996,1.38776,16.3746,0.204366,0.20183,False,nan|4166,1342348
1,130_bNAb_Combinations|1342348|sample|3|nan|4166,1,0.00139996,1.38776,62.5188,0.204366,0.20183,True,VRC07-523LS|4166,1342348
1,130_bNAb_Combinations|1342348|sample|4|nan|4166,1,0.00139996,1.38776,62.5188,0.204366,0.20183,True,VRC07-523LS|4166,1342348
1,130_bNAb_Combinations|1342348|vc|1|2|nan|4166,1,0.00139996,1.38776,16.3746,0.204366,0.20183,False,nan|4166,1342348
1,130_bNAb_Combinations|1342348|vc|2|2|nan|4166,1,0.00139996,1.38776,16.3746,0.204366,0.20183,False,nan|4166,1342348
1,130_bNAb_Combinations|1342348|vc|3|2|nan|4166,1,0.00139996,1.38776,16.3746,0.204366,0.20183,False,nan|4166,1342348
1,130_bNAb_Combinations|1342348|vc|4|2|nan|4166,1,0.00139996,1.38776,16.3746,0.204366,0.20183,False,nan|4166,1342348
1,130_bNAb_Combinations|1342348|vc|5|2|nan|4166,1,0.00139996,1.38776,16.3746,0.204366,0.20183,False,nan|4166,1342348
1,130_bNAb_Combinations|1342348|vc|6|2|nan|4166,1,0.00139996,1.38776,16.3746,0.204366,0.20183,False,nan|4166,1342348
1,130_bNAb_Combinations|1342348|vc|7|2|nan|4166,1,0.00139996,1.38776,16.3746,0.204366,0.20183,False,nan|4166,1342348
1,130_bNAb_Combinations|1342348|vc|8|2|nan|4166,1,0.00139996,1.38776,16.3746,0.204366,0.20183,False,nan|4166,1342348
1,130_bNAb_Combinations|1342372|cc|1|1|nan|2944,1,0.00139996,1.38776,9.1388,0.204365,0.201832,False,nan|2944,1342372
1,130_bNAb_Combinations|1342372|cc|2|1|nan|2944,1,0.00139996,1.38776,9.1388,0.204365,0.201832,False,nan|2944,1342372
1,130_bNAb_Combinations|1342372|cc|3|1|nan|2944,1,0.00139996,1.38776,9.1388,0.204365,0.201832,False,nan|2944,1342372
1,130_bNAb_Combinations|1342372|cc|4|1|nan|2944,1,0.00139996,1.38776,9.1388,0.204365,0.201832,False,nan|2944,1342372
1,130_bNAb_Combinations|1342372|cc|5|1|nan|2944,1,0.00139996,1.38776,9.1388,0.204365,0.201832,False,nan|2944,1342372
1,130_bNAb_Combinations|1342372|cc|6|1|nan|2944,1,0.00139996,1.38776,9.1388,0.204365,0.201832,False,nan|2944,1342372
1,130_bNAb_Combinations|1342372|cc|7|1|nan|2944,1,0.00139996,1.38776,9.1388,0.204365,0.201832,False,nan|2944,1342372
1,130_bNAb_Combinations|1342372|cc|8|1|nan|2944,1,0.00139996,1.38776,9.1388,0.204365,0.201832,False,nan|2944,1342372
1,130_bNAb_Combinations|1342372|sample|3|nan|2944,1,0.00139997,1.38776,14.8574,0.204365,0.201832,True,VRC07-523LS|2944,1342372
1,130_bNAb_Combinations|1342372|sample|4|nan|2944,1,0.00139997,1.38776,14.8574,0.204365,0.201832,True,VRC07-523LS|2944,1342372
1,130_bNAb_Combinations|1342372|vc|1|2|nan|2944,1,0.00139996,1.38776,9.1388,0.204365,0.201832,False,nan|2944,1342372
1,130_bNAb_Combinations|1342372|vc|2|2|nan|2944,1,0.00139996,1.38776,9.1388,0.204365,0.201832,False,nan|2944,1342372
1,130_bNAb_Combinations|1342372|vc|3|2|nan|2944,1,0.00139996,1.38776,9.1388,0.204365,0.201832,False,nan|2944,1342372
1,130_bNAb_Combinations|1342372|vc|4|2|nan|2944,1,0.00139996,1.38776,9.1388,0.204365,0.201832,False,nan|2944,1342372
1,130_bNAb_Combinations|1342372|vc|5|2|nan|2944,1,0.00139996,1.38776,9.1388,0.204365,0.201832,False,nan|2944,1342372
1,130_bNAb_Combinations|1342372|vc|6|2|nan|2944,1,0.00139996,1.38776,9.1388,0.204365,0.201832,False,nan|2944,1342372
1,130_bNAb_Combinations|1342372|vc|7|2|nan|2944,1,0.00139996,1.38776,9.1388,0.204365,0.201832,False,nan|2944,1342372
1,130_bNAb_Combinations|1342372|vc|8|2|nan|2944,1,0.00139996,1.38776,9.1388,0.204365,0.201832,False,nan|2944,1342372
1,130_bNAb_Combinations|1342384|cc|1|1|nan|2946,1,0.00139995,1.38776,30.3582,0.204367,0.476485,False,nan|2946,1342384
1,130_bNAb_Combinations|1342384|cc|2|1|nan|2946,1,0.00139995,1.38776,30.3582,0.204367,0.476485,False,nan|2946,1342384
1,130_bNAb_Combinations|1342384|cc|3|1|nan|2946,1,0.00139995,1.38776,30.3582,0.204367,0.476485,False,nan|2946,1342384
1,130_bNAb_Combinations|1342384|cc|4|1|nan|2946,1,0.00139995,1.38776,30.3582,0.204367,0.476485,False,nan|2946,1342384
1,130_bNAb_Combinations|1342384|cc|5|1|nan|2946,1,0.00139995,1.38776,30.3582,0.204367,0.476485,False,nan|2946,1342384
1,130_bNAb_Combinations|1342384|cc|6|1|nan|2946,1,0.00139995,1.38776,30.3582,0.204367,0.476485,False,nan|2946,1342384
1,130_bNAb_Combinations|1342384|cc|7|1|nan|2946,1,0.00139995,1.38776,30.3582,0.204367,0.476485,False,nan|2946,1342384
1,130_bNAb_Combinations|1342384|cc|8|1|nan|2946,1,0.00139995,1.38776,30.3582,0.204367,0.476485,False,nan|2946,1342384
1,130_bNAb_Combinations|1342384|sample|3|nan|2946,1,0.00139996,1.38776,2.35841,0.204367,0.476485,True,VRC07-523LS|2946,1342384
1,130_bNAb_Combinations|1342384|sample|4|nan|2946,1,0.00139996,1.38776,2.35841,0.204367,0.476485,True,VRC07-523LS|2946,1342384
1,130_bNAb_Combinations|1342384|vc|1|2|nan|2946,1,0.00139995,1.38776,30.3582,0.204367,0.476485,False,nan|2946,1342384
1,130_bNAb_Combinations|1342384|vc|2|2|nan|2946,1,0.00139995,1.38776,30.3582,0.204367,0.476485,False,nan|2946,1342384
1,130_bNAb_Combinations|1342384|vc|3|2|nan|2946,1,0.00139995,1.38776,30.3582,0.204367,0.476485,False,nan|2946,1342384
1,130_bNAb_Combinations|1342384|vc|4|2|nan|2946,1,0.00139995,1.38776,30.3582,0.204367,0.476485,False,nan|2946,1342384
1,130_bNAb_Combinations|1342384|vc|5|2|nan|2946,1,0.00139995,1.38776,30.3582,0.204367,0.476485,False,nan|2946,1342384
1,130_bNAb_Combinations|1342384|vc|6|2|nan|2946,1,0.00139995,1.38776,30.3582,0.204367,0.476485,False,nan|2946,1342384
1,130_bNAb_Combinations|1342384|vc|7|2|nan|2946,1,0.00139995,1.38776,30.3582,0.204367,0.476485,False,nan|2946,1342384
1,130_bNAb_Combinations|1342384|vc|8|2|nan|2946,1,0.00139995,1.38776,30.3582,0.204367,0.476485,False,nan|2946,1342384
1,130_bNAb_Combinations|1342396|cc|1|1|PVO.4|5024,1,0.00139997,1.38776,23.2012,0.204365,0.201832,False,nan|PVO.4,1342396
1,130_bNAb_Combinations|1342396|cc|2|1|PVO.4|5024,1,0.00139997,1.38776,23.2012,0.204365,0.201832,False,nan|PVO.4,1342396
1,130_bNAb_Combinations|1342396|cc|3|1|PVO.4|5024,1,0.00139997,1.38776,23.2012,0.204365,0.201832,False,nan|PVO.4,1342396
1,130_bNAb_Combinations|1342396|cc|4|1|PVO.4|5024,1,0.00139997,1.38776,23.2012,0.204365,0.201832,False,nan|PVO.4,1342396
1,130_bNAb_Combinations|1342396|cc|5|1|PVO.4|5024,1,0.00139997,1.38776,23.2012,0.204365,0.201832,False,nan|PVO.4,1342396
1,130_bNAb_Combinations|1342396|cc|6|1|PVO.4|5024,1,0.00139997,1.38776,23.2012,0.204365,0.201832,False,nan|PVO.4,1342396
1,130_bNAb_Combinations|1342396|cc|7|1|PVO.4|5024,1,0.00139997,1.38776,23.2012,0.204365,0.201832,False,nan|PVO.4,1342396
1,130_bNAb_Combinations|1342396|cc|8|1|PVO.4|5024,1,0.00139997,1.38776,23.2012,0.204365,0.201832,False,nan|PVO.4,1342396
1,130_bNAb_Combinations|1342396|sample|3|PVO.4|5024,1,0.00139996,1.38776,11.1216,0.204365,0.201832,True,VRC07-523LS|PVO.4,1342396
1,130_bNAb_Combinations|1342396|sample|4|PVO.4|5024,1,0.00139996,1.38776,11.1216,0.204365,0.201832,True,VRC07-523LS|PVO.4,1342396
1,130_bNAb_Combinations|1342396|vc|1|2|PVO.4|5024,1,0.00139997,1.38776,23.2012,0.204365,0.201832,False,nan|PVO.4,1342396
1,130_bNAb_Combinations|1342396|vc|2|2|PVO.4|5024,1,0.00139997,1.38776,23.2012,0.204365,0.201832,False,nan|PVO.4,1342396
1,130_bNAb_Combinations|1342396|vc|3|2|PVO.4|5024,1,0.00139997,1.38776,23.2012,0.204365,0.201832,False,nan|PVO.4,1342396
1,130_bNAb_Combinations|1342396|vc|4|2|PVO.4|5024,1,0.00139997,1.38776,23.2012,0.204365,0.201832,False,nan|PVO.4,1342396
1,130_bNAb_Combinations|1342396|vc|5|2|PVO.4|5024,1,0.00139997,1.38776,23.2012,0.204365,0.201832,False,nan|PVO.4,1342396
1,130_bNAb_Combinations|1342396|vc|6|2|PVO.4|5024,1,0.00139997,1.38776,23.2012,0.204365,0.201832,False,nan|PVO.4,1342396
1,130_bNAb_Combinations|1342396|vc|7|2|PVO.4|5024,1,0.00139997,1.38776,23.2012,0.204365,0.201832,False,nan|PVO.4,1342396
1,130_bNAb_Combinations|1342396|vc|8|2|PVO.4|5024,1,0.00139997,1.38776,23.2012,0.204365,0.201832,False,nan|PVO.4,1342396
1,130_bNAb_Combinations|1342408|cc|1|1|nan|4168,1,0.00139996,1.38776,34.3627,0.204365,0.201832,False,nan|4168,1342408
1,130_bNAb_Combinations|1342408|cc|2|1|nan|4168,1,0.00139996,1.38776,34.3627,0.204365,0.201832,False,nan|4168,1342408
1,130_bNAb_Combinations|1342408|cc|3|1|nan|4168,1,0.00139996,1.38776,34.3627,0.204365,0.201832,False,nan|4168,1342408
1,130_bNAb_Combinations|1342408|cc|4|1|nan|4168,1,0.00139996,1.38776,34.3627,0.204365,0.201832,False,nan|4168,1342408
1,130_bNAb_Combinations|1342408|cc|5|1|nan|4168,1,0.00139996,1.38776,34.3627,0.204365,0.201832,False,nan|4168,1342408
1,130_bNAb_Combinations|1342408|cc|6|1|nan|4168,1,0.00139996,1.38776,34.3627,0.204365,0.201832,False,nan|4168,1342408
1,130_bNAb_Combinations|1342408|cc|7|1|nan|4168,1,0.00139996,1.38776,34.3627,0.204365,0.201832,False,nan|4168,1342408
1,130_bNAb_Combinations|1342408|cc|8|1|nan|4168,1,0.00139996,1.38776,34.3627,0.204365,0.201832,False,nan|4168,1342408
1,130_bNAb_Combinations|1342408|sample|3|nan|4168,1,0.00403995,1.38776,4.8687,0.204365,0.201832,True,VRC07-523LS|4168,1342408
1,130_bNAb_Combinations|1342408|sample|4|nan|4168,1,0.00403995,1.38776,4.8687,0.204365,0.201832,True,VRC07-523LS|4168,1342408
1,130_bNAb_Combinations|1342408|vc|1|2|nan|4168,1,0.00139996,1.38776,34.3627,0.204365,0.201832,False,nan|4168,1342408
1,130_bNAb_Combinations|1342408|vc|2|2|nan|4168,1,0.00139996,1.38776,34.3627,0.204365,0.201832,False,nan|4168,1342408
1,130_bNAb_Combinations|1342408|vc|3|2|nan|4168,1,0.00139996,1.38776,34.3627,0.204365,0.201832,False,nan|4168,1342408
1,130_bNAb_Combinations|1342408|vc|4|2|nan|4168,1,0.00139996,1.38776,34.3627,0.204365,0.201832,False,nan|4168,1342408
1,130_bNAb_Combinations|1342408|vc|5|2|nan|4168,1,0.00139996,1.38776,34.3627,0.204365,0.201832,False,nan|4168,1342408
1,130_bNAb_Combinations|1342408|vc|6|2|nan|4168,1,0.00139996,1.38776,34.3627,0.204365,0.201832,False,nan|4168,1342408
1,130_bNAb_Combinations|1342408|vc|7|2|nan|4168,1,0.00139996,1.38776,34.3627,0.204365,0.201832,False,nan|4168,1342408
1,130_bNAb_Combinations|1342408|vc|8|2|nan|4168,1,0.00139996,1.38776,34.3627,0.204365,0.201832,False,nan|4168,1342408
1,704_VRC01_Concordance|1200432|cc|1|1|PVO.4|5024,1,0.00139997,1.38776,23.2012,0.204365,0.201832,False,nan|PVO.4,1200432
1,704_VRC01_Concordance|1200432|cc|2|1|PVO.4|5024,1,0.00139997,1.38776,23.2012,0.204365,0.201832,False,nan|PVO.4,1200432
1,704_VRC01_Concordance|1200432|cc|3|1|PVO.4|5024,1,0.00139997,1.38776,23.2012,0.204365,0.201832,False,nan|PVO.4,1200432
1,704_VRC01_Concordance|1200432|cc|4|1|PVO.4|5024,1,0.00139997,1.38776,23.2012,0.204365,0.201832,False,nan|PVO.4,1200432
1,704_VRC01_Concordance|1200432|cc|5|1|PVO.4|5024,1,0.00139997,1.38776,23.2012,0.204365,0.201832,False,nan|PVO.4,1200432
1,704_VRC01_Concordance|1200432|cc|6|1|PVO.4|5024,1,0.00139997,1.38776,23.2012,0.204365,0.201832,False,nan|PVO.4,1200432
1,704_VRC01_Concordance|1200432|cc|7|1|PVO.4|5024,1,0.00139997,1.38776,23.2012,0.204365,0.201832,False,nan|PVO.4,1200432
1,704_VRC01_Concordance|1200432|cc|8|1|PVO.4|5024,1,0.00139997,1.38776,23.2012,0.204365,0.201832,False,nan|PVO.4,1200432
1,704_VRC01_Concordance|1200432|sample|10|PVO.4|5024,1,0.00139996,1.38776,2.05377,0.204365,0.201832,True,Clinical VRC01|PVO.4,1200432
1,704_VRC01_Concordance|1200432|sample|11|PVO.4|5024,1,0.00139996,1.38776,2.05377,0.204365,0.201832,True,Clinical VRC01|PVO.4,1200432
1,704_VRC01_Concordance|1200432|sample|12|PVO.4|5024,1,0.00139996,1.38776,2.05377,0.204365,0.201832,True,Clinical VRC01|PVO.4,1200432
1,704_VRC01_Concordance|1200432|sample|3|PVO.4|5024,1,0.00139996,1.38776,2.05377,0.204365,0.201832,True,Clinical VRC01|PVO.4,1200432
1,704_VRC01_Concordance|1200432|sample|4|PVO.4|5024,1,0.00139996,1.38776,2.05377,0.204365,0.201832,True,Clinical VRC01|PVO.4,1200432
1,704_VRC01_Concordance|1200432|sample|5|PVO.4|5024,1,0.00139996,1.38776,2.05377,0.204365,0.201832,True,Clinical VRC01|PVO.4,1200432
1,704_VRC01_Concordance|1200432|sample|6|PVO.4|5024,1,0.00139996,1.38776,2.05377,0.204365,0.201832,True,Clinical VRC01|PVO.4,1200432
1,704_VRC01_Concordance|1200432|sample|7|PVO.4|5024,1,0.00139996,1.38776,2.05377,0.204365,0.201832,True,Clinical VRC01|PVO.4,1200432
1,704_VRC01_Concordance|1200432|sample|8|PVO.4|5024,1,0.00139996,1.38776,2.05377,0.204365,0.201832,True,Clinical VRC01|PVO.4,1200432
1,704_VRC01_Concordance|1200432|sample|9|PVO.4|5024,1,0.00139996,1.38776,2.05377,0.204365,0.201832,True,Clinical VRC01|PVO.4,1200432
1,704_VRC01_Concordance|1200432|vc|1|2|PVO.4|5024,1,0.00139997,1.38776,23.2012,0.204365,0.201832,False,nan|PVO.4,1200432
1,704_VRC01_Concordance|1200432|vc|2|2|PVO.4|5024,1,0.00139997,1.38776,23.2012,0.204365,0.201832,False,nan|PVO.4,1200432
1,704_VRC01_Concordance|1200432|vc|3|2|PVO.4|5024,1,0.00139997,1.38776,23.2012,0.204365,0.201832,False,nan|PVO.4,1200432
1,704_VRC01_Concordance|1200432|vc|4|2|PVO.4|5024,1,0.00139997,1.38776,23.2012,0.204365,0.201832,False,nan|PVO.4,1200432
1,704_VRC01_Concordance|1200432|vc|5|2|PVO.4|5024,1,0.00139997,1.38776,23.2012,0.204365,0.201832,False,nan|PVO.4,1200432
1,704_VRC01_Concordance|1200432|vc|6|2|PVO.4|5024,1,0.00139997,1.38776,23.2012,0.204365,0.201832,False,nan|PVO.4,1200432
1,704_VRC01_Concordance|1200432|vc|7|2|PVO.4|5024,1,0.00139997,1.38776,23.2012,0.204365,0.201832,False,nan|PVO.4,1200432
1,704_VRC01_Concordance|1200432|vc|8|2|PVO.4|5024,1,0.00139997,1.38776,23.2012,0.204365,0.201832,False,nan|PVO.4,1200432
