rep,id,U,L,m,e,alpha,k,goes_down,mab_virus,run_id
1,130_bNAb_Combinations|1313842|cc|1|1|nan|2946,1,1.15142e-12,1.35438,0.219765,0.158934,1.39322e-08,False,nan|2946,1313842
1,130_bNAb_Combinations|1313842|cc|2|1|nan|2946,1,1.15142e-12,1.35438,0.471912,0.158934,1.39322e-08,False,nan|2946,1313842
1,130_bNAb_Combinations|1313842|cc|3|1|nan|2946,1,1.15142e-12,1.35438,7.44894,0.158934,1.39322e-08,False,nan|2946,1313842
1,130_bNAb_Combinations|1313842|cc|4|1|nan|2946,1,1.15142e-12,1.35438,11.1219,0.158934,1.39322e-08,False,nan|2946,1313842
1,130_bNAb_Combinations|1313842|cc|5|1|nan|2946,1,1.15142e-12,1.35438,13.0007,0.158934,1.39322e-08,False,nan|2946,1313842
1,130_bNAb_Combinations|1313842|cc|6|1|nan|2946,1,1.15142e-12,1.35438,1.73843,0.158934,1.39322e-08,False,nan|2946,1313842
1,130_bNAb_Combinations|1313842|cc|7|1|nan|2946,1,1.15142e-12,1.35438,1.41341,0.158934,1.39322e-08,False,nan|2946,1313842
1,130_bNAb_Combinations|1313842|cc|8|1|nan|2946,1,1.15142e-12,1.35438,4.87432,0.158934,1.39322e-08,False,nan|2946,1313842
1,130_bNAb_Combinations|1313842|sample|10|nan|2946,1,1.15142e-12,1.35438,3.18825,0.158934,1.39322e-08,True,PGT121|2946,1313842
1,130_bNAb_Combinations|1313842|sample|11|nan|2946,1,1.15142e-12,1.35438,1.93841,0.158934,1.39322e-08,True,VRC07-523LS|2946,1313842
1,130_bNAb_Combinations|1313842|sample|12|nan|2946,1,1.15142e-12,1.35438,3.24908,0.158934,1.39322e-08,True,VRC07-523LS|2946,1313842
1,130_bNAb_Combinations|1313842|sample|3|nan|2946,1,1.15142e-12,1.35438,0.881949,0.158934,1.39322e-08,True,PGDM1400|2946,1313842
1,130_bNAb_Combinations|1313842|sample|4|nan|2946,1,1.15142e-12,1.35438,0.879588,0.158934,1.39322e-08,True,PGDM1400|2946,1313842
1,130_bNAb_Combinations|1313842|sample|5|nan|2946,1,1.15142e-12,1.35438,0.234245,0.158934,1.39322e-08,True,PGDM1400|2946,1313842
1,130_bNAb_Combinations|1313842|sample|6|nan|2946,1,1.15142e-12,1.35438,0.271651,0.158934,1.39322e-08,True,PGDM1400|2946,1313842
1,130_bNAb_Combinations|1313842|sample|7|nan|2946,1,1.15142e-12,1.35438,2.17493,0.158934,1.39322e-08,True,PGT121|2946,1313842
1,130_bNAb_Combinations|1313842|sample|8|nan|2946,1,1.15142e-12,1.35438,2.68137,0.158934,1.39322e-08,True,PGT121|2946,1313842
1,130_bNAb_Combinations|1313842|sample|9|nan|2946,1,1.15142e-12,1.35438,3.50465,0.158934,1.39322e-08,True,PGT121|2946,1313842
1,130_bNAb_Combinations|1313842|vc|1|2|nan|2946,1,1.15142e-12,1.35438,2.32138,0.158934,1.39322e-08,False,nan|2946,1313842
1,130_bNAb_Combinations|1313842|vc|2|2|nan|2946,1,1.15142e-12,1.35438,2.92346,0.158934,1.39322e-08,False,nan|2946,1313842
1,130_bNAb_Combinations|1313842|vc|3|2|nan|2946,1,1.15142e-12,1.35438,0.536663,0.158934,1.39322e-08,False,nan|2946,1313842
1,130_bNAb_Combinations|1313842|vc|4|2|nan|2946,1,1.15142e-12,1.35438,10.4354,0.158934,1.39322e-08,False,nan|2946,1313842
1,130_bNAb_Combinations|1313842|vc|5|2|nan|2946,1,1.15142e-12,1.35438,24.693,0.158934,1.39322e-08,False,nan|2946,1313842
1,130_bNAb_Combinations|1313842|vc|6|2|nan|2946,1,1.15142e-12,1.35438,3.83958,0.158934,1.39322e-08,False,nan|2946,1313842
1,130_bNAb_Combinations|1313842|vc|7|2|nan|2946,1,1.15142e-12,1.35438,0.251795,0.158934,1.39322e-08,False,nan|2946,1313842
1,130_bNAb_Combinations|1313842|vc|8|2|nan|2946,1,1.15142e-12,1.35438,0.116227,0.158934,1.39322e-08,False,nan|2946,1313842
1,130_bNAb_Combinations|1313860|cc|1|1|PVO.4|5024,1,1.15142e-12,1.35438,0.445273,0.158907,1.39314e-08,False,nan|PVO.4,1313860
1,130_bNAb_Combinations|1313860|cc|2|1|PVO.4|5024,1,1.15142e-12,1.35438,2.26673,0.158907,1.39314e-08,False,nan|PVO.4,1313860
1,130_bNAb_Combinations|1313860|cc|3|1|PVO.4|5024,1,1.15142e-12,1.35438,20.6996,0.158907,1.39314e-08,False,nan|PVO.4,1313860
1,130_bNAb_Combinations|1313860|cc|4|1|PVO.4|5024,1,1.15142e-12,1.35438,0.189305,0.158907,1.39314e-08,False,nan|PVO.4,1313860
1,130_bNAb_Combinations|1313860|cc|5|1|PVO.4|5024,1,1.15142e-12,1.35438,0.137248,0.158907,1.39314e-08,False,nan|PVO.4,1313860
1,130_bNAb_Combinations|1313860|cc|6|1|PVO.4|5024,1,1.15142e-12,1.35438,0.707617,0.158907,1.39314e-08,False,nan|PVO.4,1313860
1,130_bNAb_Combinations|1313860|cc|7|1|PVO.4|5024,1,1.15142e-12,1.35438,0.784632,0.158907,1.39314e-08,False,nan|PVO.4,1313860
1,130_bNAb_Combinations|1313860|cc|8|1|PVO.4|5024,1,1.15142e-12,1.35438,0.658555,0.158907,1.39314e-08,False,nan|PVO.4,1313860
1,130_bNAb_Combinations|1313860|sample|10|PVO.4|5024,1,1.15142e-12,1.35438,7.80812,0.158907,1.39314e-08,True,PGT121|PVO.4,1313860
1,130_bNAb_Combinations|1313860|sample|11|PVO.4|5024,1,1.15142e-12,1.35438,8.8511,0.158907,1.39314e-08,True,VRC07-523LS|PVO.4,1313860
1,130_bNAb_Combinations|1313860|sample|12|PVO.4|5024,1,1.15142e-12,1.35438,11.7472,0.158907,1.39314e-08,True,VRC07-523LS|PVO.4,1313860
1,130_bNAb_Combinations|1313860|sample|3|PVO.4|5024,1,1.15142e-12,1.35438,0.982504,0.158907,1.39314e-08,True,PGDM1400|PVO.4,1313860
1,130_bNAb_Combinations|1313860|sample|4|PVO.4|5024,1,1.15142e-12,1.35438,1.15104,0.158907,1.39314e-08,True,PGDM1400|PVO.4,1313860
1,130_bNAb_Combinations|1313860|sample|5|PVO.4|5024,1,1.15142e-12,1.35438,1.13962,0.158907,1.39314e-08,True,PGDM1400|PVO.4,1313860
1,130_bNAb_Combinations|1313860|sample|6|PVO.4|5024,1,1.15142e-12,1.35438,1.12072,0.158907,1.39314e-08,True,PGDM1400|PVO.4,1313860
1,130_bNAb_Combinations|1313860|sample|7|PVO.4|5024,1,1.15142e-12,1.35438,7.3571,0.158907,1.39314e-08,True,PGT121|PVO.4,1313860
1,130_bNAb_Combinations|1313860|sample|8|PVO.4|5024,1,1.15142e-12,1.35438,10.4353,0.158907,1.39314e-08,True,PGT121|PVO.4,1313860
1,130_bNAb_Combinations|1313860|sample|9|PVO.4|5024,1,1.15142e-12,1.35438,8.33269,0.158907,1.39314e-08,True,PGT121|PVO.4,1313860
1,130_bNAb_Combinations|1313860|vc|1|2|PVO.4|5024,1,1.15142e-12,1.35438,2.65764,0.158907,1.39314e-08,False,nan|PVO.4,1313860
1,130_bNAb_Combinations|1313860|vc|2|2|PVO.4|5024,1,1.15142e-12,1.35438,0.0981909,0.158907,1.39314e-08,False,nan|PVO.4,1313860
1,130_bNAb_Combinations|1313860|vc|3|2|PVO.4|5024,1,1.15142e-12,1.35438,0.834368,0.158907,1.39314e-08,False,nan|PVO.4,1313860
1,130_bNAb_Combinations|1313860|vc|4|2|PVO.4|5024,1,1.15142e-12,1.35438,1.48673,0.158907,1.39314e-08,False,nan|PVO.4,1313860
1,130_bNAb_Combinations|1313860|vc|5|2|PVO.4|5024,1,1.15142e-12,1.35438,4.22557,0.158907,1.39314e-08,False,nan|PVO.4,1313860
1,130_bNAb_Combinations|1313860|vc|6|2|PVO.4|5024,1,1.15142e-12,1.35438,0.209527,0.158907,1.39314e-08,False,nan|PVO.4,1313860
1,130_bNAb_Combinations|1313860|vc|7|2|PVO.4|5024,1,1.15142e-12,1.35438,0.438415,0.158907,1.39314e-08,False,nan|PVO.4,1313860
1,130_bNAb_Combinations|1313860|vc|8|2|PVO.4|5024,1,1.15142e-12,1.35438,0.702217,0.158907,1.39314e-08,False,nan|PVO.4,1313860
1,130_bNAb_Combinations|1313884|cc|1|1|nan|4168,1,1.15142e-12,1.35438,0.829764,0.158907,1.39375e-08,False,nan|4168,1313884
1,130_bNAb_Combinations|1313884|cc|2|1|nan|4168,1,1.15142e-12,1.35438,1.06673,0.158907,1.39375e-08,False,nan|4168,1313884
1,130_bNAb_Combinations|1313884|cc|3|1|nan|4168,1,1.15142e-12,1.35438,226.88,0.158907,1.39375e-08,False,nan|4168,1313884
1,130_bNAb_Combinations|1313884|cc|4|1|nan|4168,1,1.15142e-12,1.35438,1.41382,0.158907,1.39375e-08,False,nan|4168,1313884
1,130_bNAb_Combinations|1313884|cc|5|1|nan|4168,1,1.15142e-12,1.35438,17.9249,0.158907,1.39375e-08,False,nan|4168,1313884
1,130_bNAb_Combinations|1313884|cc|6|1|nan|4168,1,1.15142e-12,1.35438,0.680171,0.158907,1.39375e-08,False,nan|4168,1313884
1,130_bNAb_Combinations|1313884|cc|7|1|nan|4168,1,1.15142e-12,1.35438,2.49664,0.158907,1.39375e-08,False,nan|4168,1313884
1,130_bNAb_Combinations|1313884|cc|8|1|nan|4168,1,1.15142e-12,1.35438,0.170918,0.158907,1.39375e-08,False,nan|4168,1313884
1,130_bNAb_Combinations|1313884|sample|10|nan|4168,1,1.15142e-12,1.35438,0.431244,0.158907,1.39375e-08,True,PGT121|4168,1313884
1,130_bNAb_Combinations|1313884|sample|11|nan|4168,1,1.15142e-12,1.35438,7.01701,0.158907,1.39375e-08,True,VRC07-523LS|4168,1313884
1,130_bNAb_Combinations|1313884|sample|12|nan|4168,1,1.15142e-12,1.35438,8.47916,0.158907,1.39375e-08,True,VRC07-523LS|4168,1313884
1,130_bNAb_Combinations|1313884|sample|3|nan|4168,1,1.15142e-12,1.35438,0.33306,0.158907,1.39375e-08,True,PGDM1400|4168,1313884
1,130_bNAb_Combinations|1313884|sample|4|nan|4168,1,1.15142e-12,1.35438,0.240598,0.158907,1.39375e-08,True,PGDM1400|4168,1313884
1,130_bNAb_Combinations|1313884|sample|5|nan|4168,1,1.15142e-12,1.35438,0.258111,0.158907,1.39375e-08,True,PGDM1400|4168,1313884
1,130_bNAb_Combinations|1313884|sample|6|nan|4168,1,1.15142e-12,1.35438,0.238849,0.158907,1.39375e-08,True,PGDM1400|4168,1313884
1,130_bNAb_Combinations|1313884|sample|7|nan|4168,1,1.15142e-12,1.35438,1.03623,0.158907,1.39375e-08,True,PGT121|4168,1313884
1,130_bNAb_Combinations|1313884|sample|8|nan|4168,1,1.15142e-12,1.35438,0.889484,0.158907,1.39375e-08,True,PGT121|4168,1313884
1,130_bNAb_Combinations|1313884|sample|9|nan|4168,1,1.15142e-12,1.35438,0.419759,0.158907,1.39375e-08,True,PGT121|4168,1313884
1,130_bNAb_Combinations|1313884|vc|1|2|nan|4168,1,1.15142e-12,1.35438,0.0931663,0.158907,1.39375e-08,False,nan|4168,1313884
1,130_bNAb_Combinations|1313884|vc|2|2|nan|4168,1,1.15142e-12,1.35438,1.7841,0.158907,1.39375e-08,False,nan|4168,1313884
1,130_bNAb_Combinations|1313884|vc|3|2|nan|4168,1,1.15142e-12,1.35438,0.23828,0.158907,1.39375e-08,False,nan|4168,1313884
1,130_bNAb_Combinations|1313884|vc|4|2|nan|4168,1,1.15142e-12,1.35438,0.37245,0.158907,1.39375e-08,False,nan|4168,1313884
1,130_bNAb_Combinations|1313884|vc|5|2|nan|4168,1,1.15142e-12,1.35438,0.287887,0.158907,1.39375e-08,False,nan|4168,1313884
1,130_bNAb_Combinations|1313884|vc|6|2|nan|4168,1,1.15142e-12,1.35438,2.739,0.158907,1.39375e-08,False,nan|4168,1313884
1,130_bNAb_Combinations|1313884|vc|7|2|nan|4168,1,1.15142e-12,1.35438,9.82035,0.158907,1.39375e-08,False,nan|4168,1313884
1,130_bNAb_Combinations|1313884|vc|8|2|nan|4168,1,1.15142e-12,1.35438,0.0727579,0.158907,1.39375e-08,False,nan|4168,1313884
1,130_bNAb_Combinations|1313920|cc|1|1|nan|1798,1,1.15142e-12,1.35438,1.9405,0.216337,1.39314e-08,False,nan|1798,1313920
1,130_bNAb_Combinations|1313920|cc|2|1|nan|1798,1,1.15142e-12,1.35438,0.036588,0.216337,1.39314e-08,False,nan|1798,1313920
1,130_bNAb_Combinations|1313920|cc|3|1|nan|1798,1,1.15142e-12,1.35438,3.97139,0.216337,1.39314e-08,False,nan|1798,1313920
1,130_bNAb_Combinations|1313920|cc|4|1|nan|1798,1,1.15142e-12,1.35438,2.60355,0.216337,1.39314e-08,False,nan|1798,1313920
1,130_bNAb_Combinations|1313920|cc|5|1|nan|1798,1,1.15142e-12,1.35438,0.396177,0.216337,1.39314e-08,False,nan|1798,1313920
1,130_bNAb_Combinations|1313920|cc|6|1|nan|1798,1,1.15142e-12,1.35438,2.27333,0.216337,1.39314e-08,False,nan|1798,1313920
1,130_bNAb_Combinations|1313920|cc|7|1|nan|1798,1,1.15142e-12,1.35438,0.431768,0.216337,1.39314e-08,False,nan|1798,1313920
1,130_bNAb_Combinations|1313920|cc|8|1|nan|1798,1,1.15142e-12,1.35438,12.078,0.216337,1.39314e-08,False,nan|1798,1313920
1,130_bNAb_Combinations|1313920|sample|10|nan|1798,1,1.15142e-12,1.35438,27.1077,0.216337,1.39314e-08,True,PGT121|1798,1313920
1,130_bNAb_Combinations|1313920|sample|11|nan|1798,1,1.15142e-12,1.35438,3.60814,0.216337,1.39314e-08,True,VRC07-523LS|1798,1313920
1,130_bNAb_Combinations|1313920|sample|12|nan|1798,1,1.15142e-12,1.35438,4.45933,0.216337,1.39314e-08,True,VRC07-523LS|1798,1313920
1,130_bNAb_Combinations|1313920|sample|3|nan|1798,1,1.15142e-12,1.35438,0.634209,0.216337,1.39314e-08,True,PGDM1400|1798,1313920
1,130_bNAb_Combinations|1313920|sample|4|nan|1798,1,1.15142e-12,1.35438,0.710247,0.216337,1.39314e-08,True,PGDM1400|1798,1313920
1,130_bNAb_Combinations|1313920|sample|5|nan|1798,1,1.15142e-12,1.35438,0.190394,0.216337,1.39314e-08,True,PGDM1400|1798,1313920
1,130_bNAb_Combinations|1313920|sample|6|nan|1798,1,1.15142e-12,1.35438,0.178874,0.216337,1.39314e-08,True,PGDM1400|1798,1313920
1,130_bNAb_Combinations|1313920|sample|7|nan|1798,1,1.15142e-12,1.35438,16.7043,0.216337,1.39314e-08,True,PGT121|1798,1313920
1,130_bNAb_Combinations|1313920|sample|8|nan|1798,1,1.15142e-12,1.35438,18.9248,0.216337,1.39314e-08,True,PGT121|1798,1313920
1,130_bNAb_Combinations|1313920|sample|9|nan|1798,1,1.15142e-12,1.35438,20.9129,0.216337,1.39314e-08,True,PGT121|1798,1313920
1,130_bNAb_Combinations|1313920|vc|1|2|nan|1798,1,1.15142e-12,1.35438,0.552548,0.216337,1.39314e-08,False,nan|1798,1313920
1,130_bNAb_Combinations|1313920|vc|2|2|nan|1798,1,1.15142e-12,1.35438,4.4901,0.216337,1.39314e-08,False,nan|1798,1313920
1,130_bNAb_Combinations|1313920|vc|3|2|nan|1798,1,1.15142e-12,1.35438,0.306982,0.216337,1.39314e-08,False,nan|1798,1313920
1,130_bNAb_Combinations|1313920|vc|4|2|nan|1798,1,1.15142e-12,1.35438,0.603959,0.216337,1.39314e-08,False,nan|1798,1313920
1,130_bNAb_Combinations|1313920|vc|5|2|nan|1798,1,1.15142e-12,1.35438,4.59396,0.216337,1.39314e-08,False,nan|1798,1313920
1,130_bNAb_Combinations|1313920|vc|6|2|nan|1798,1,1.15142e-12,1.35438,1.77482,0.216337,1.39314e-08,False,nan|1798,1313920
1,130_bNAb_Combinations|1313920|vc|7|2|nan|1798,1,1.15142e-12,1.35438,0.218766,0.216337,1.39314e-08,False,nan|1798,1313920
1,130_bNAb_Combinations|1313920|vc|8|2|nan|1798,1,1.15142e-12,1.35438,8.29537,0.216337,1.39314e-08,False,nan|1798,1313920
1,130_bNAb_Combinations|1313938|cc|1|1|TRO.11|8301,1,1.15142e-12,1.35438,0.185054,0.096767,1.39349e-08,False,nan|TRO.11,1313938
1,130_bNAb_Combinations|1313938|cc|2|1|TRO.11|8301,1,1.15142e-12,1.35438,2.19417,0.096767,1.39349e-08,False,nan|TRO.11,1313938
1,130_bNAb_Combinations|1313938|cc|3|1|TRO.11|8301,1,1.15142e-12,1.35438,0.852745,0.096767,1.39349e-08,False,nan|TRO.11,1313938
1,130_bNAb_Combinations|1313938|cc|4|1|TRO.11|8301,1,1.15142e-12,1.35438,0.307502,0.096767,1.39349e-08,False,nan|TRO.11,1313938
1,130_bNAb_Combinations|1313938|cc|5|1|TRO.11|8301,1,1.15142e-12,1.35438,4.77746,0.096767,1.39349e-08,False,nan|TRO.11,1313938
1,130_bNAb_Combinations|1313938|cc|6|1|TRO.11|8301,1,1.15142e-12,1.35438,4.5718,0.096767,1.39349e-08,False,nan|TRO.11,1313938
1,130_bNAb_Combinations|1313938|cc|7|1|TRO.11|8301,1,1.15142e-12,1.35438,10.9922,0.096767,1.39349e-08,False,nan|TRO.11,1313938
1,130_bNAb_Combinations|1313938|cc|8|1|TRO.11|8301,1,1.15142e-12,1.35438,0.311352,0.096767,1.39349e-08,False,nan|TRO.11,1313938
1,130_bNAb_Combinations|1313938|sample|10|TRO.11|8301,1,1.15142e-12,1.35438,68.7267,0.096767,1.39349e-08,True,PGT121|TRO.11,1313938
1,130_bNAb_Combinations|1313938|sample|11|TRO.11|8301,1,1.15142e-12,1.35438,11.056,0.096767,1.39349e-08,True,VRC07-523LS|TRO.11,1313938
1,130_bNAb_Combinations|1313938|sample|12|TRO.11|8301,1,1.15142e-12,1.35438,14.5736,0.096767,1.39349e-08,True,VRC07-523LS|TRO.11,1313938
1,130_bNAb_Combinations|1313938|sample|3|TRO.11|8301,1,1.15142e-12,1.35438,1.86205,0.096767,1.39349e-08,True,PGDM1400|TRO.11,1313938
1,130_bNAb_Combinations|1313938|sample|4|TRO.11|8301,1,1.15142e-12,1.35438,1.88855,0.096767,1.39349e-08,True,PGDM1400|TRO.11,1313938
1,130_bNAb_Combinations|1313938|sample|5|TRO.11|8301,1,1.15142e-12,1.35438,1.82234,0.096767,1.39349e-08,True,PGDM1400|TRO.11,1313938
1,130_bNAb_Combinations|1313938|sample|6|TRO.11|8301,1,1.15142e-12,1.35438,1.65904,0.096767,1.39349e-08,True,PGDM1400|TRO.11,1313938
1,130_bNAb_Combinations|1313938|sample|7|TRO.11|8301,1,1.15142e-12,1.35438,61.1745,0.096767,1.39349e-08,True,PGT121|TRO.11,1313938
1,130_bNAb_Combinations|1313938|sample|8|TRO.11|8301,1,1.15142e-12,1.35438,55.2758,0.096767,1.39349e-08,True,PGT121|TRO.11,1313938
1,130_bNAb_Combinations|1313938|sample|9|TRO.11|8301,1,1.15142e-12,1.35438,71.9589,0.096767,1.39349e-08,True,PGT121|TRO.11,1313938
1,130_bNAb_Combinations|1313938|vc|1|2|TRO.11|8301,1,1.15142e-12,1.35438,1.45654,0.096767,1.39349e-08,False,nan|TRO.11,1313938
1,130_bNAb_Combinations|1313938|vc|2|2|TRO.11|8301,1,1.15142e-12,1.35438,0.875688,0.096767,1.39349e-08,False,nan|TRO.11,1313938
1,130_bNAb_Combinations|1313938|vc|3|2|TRO.11|8301,1,1.15142e-12,1.35438,219.745,0.096767,1.39349e-08,False,nan|TRO.11,1313938
1,130_bNAb_Combinations|1313938|vc|4|2|TRO.11|8301,1,1.15142e-12,1.35438,2.43612,0.096767,1.39349e-08,False,nan|TRO.11,1313938
1,130_bNAb_Combinations|1313938|vc|5|2|TRO.11|8301,1,1.15142e-12,1.35438,0.122365,0.096767,1.39349e-08,False,nan|TRO.11,1313938
1,130_bNAb_Combinations|1313938|vc|6|2|TRO.11|8301,1,1.15142e-12,1.35438,0.128303,0.096767,1.39349e-08,False,nan|TRO.11,1313938
1,130_bNAb_Combinations|1313938|vc|7|2|TRO.11|8301,1,1.15142e-12,1.35438,0.156785,0.096767,1.39349e-08,False,nan|TRO.11,1313938
1,130_bNAb_Combinations|1313938|vc|8|2|TRO.11|8301,1,1.15142e-12,1.35438,0.326577,0.096767,1.39349e-08,False,nan|TRO.11,1313938
1,130_bNAb_Combinations|1313956|cc|1|1|Ce1176_A3|7023,1,1.15142e-12,1.35438,0.229681,0.158907,1.39314e-08,False,nan|Ce1176_A3,1313956
1,130_bNAb_Combinations|1313956|cc|2|1|Ce1176_A3|7023,1,1.15142e-12,1.35438,2.93547,0.158907,1.39314e-08,False,nan|Ce1176_A3,1313956
1,130_bNAb_Combinations|1313956|cc|3|1|Ce1176_A3|7023,1,1.15142e-12,1.35438,3.99518,0.158907,1.39314e-08,False,nan|Ce1176_A3,1313956
1,130_bNAb_Combinations|1313956|cc|4|1|Ce1176_A3|7023,1,1.15142e-12,1.35438,13.0216,0.158907,1.39314e-08,False,nan|Ce1176_A3,1313956
1,130_bNAb_Combinations|1313956|cc|5|1|Ce1176_A3|7023,1,1.15142e-12,1.35438,0.297816,0.158907,1.39314e-08,False,nan|Ce1176_A3,1313956
1,130_bNAb_Combinations|1313956|cc|6|1|Ce1176_A3|7023,1,1.15142e-12,1.35438,2.70371,0.158907,1.39314e-08,False,nan|Ce1176_A3,1313956
1,130_bNAb_Combinations|1313956|cc|7|1|Ce1176_A3|7023,1,1.15142e-12,1.35438,0.270477,0.158907,1.39314e-08,False,nan|Ce1176_A3,1313956
1,130_bNAb_Combinations|1313956|cc|8|1|Ce1176_A3|7023,1,1.15142e-12,1.35438,1.45927,0.158907,1.39314e-08,False,nan|Ce1176_A3,1313956
1,130_bNAb_Combinations|1313956|sample|10|Ce1176_A3|7023,1,1.15142e-12,1.35438,73.8329,0.158907,1.39314e-08,True,PGT121|Ce1176_A3,1313956
1,130_bNAb_Combinations|1313956|sample|11|Ce1176_A3|7023,1,1.15142e-12,1.35438,4.04698,0.158907,1.39314e-08,True,VRC07-523LS|Ce1176_A3,1313956
1,130_bNAb_Combinations|1313956|sample|12|Ce1176_A3|7023,1,1.15142e-12,1.35438,5.20272,0.158907,1.39314e-08,True,VRC07-523LS|Ce1176_A3,1313956
1,130_bNAb_Combinations|1313956|sample|3|Ce1176_A3|7023,1,1.15142e-12,1.35438,0.458686,0.158907,1.39314e-08,True,PGDM1400|Ce1176_A3,1313956
1,130_bNAb_Combinations|1313956|sample|4|Ce1176_A3|7023,1,1.15142e-12,1.35438,0.442198,0.158907,1.39314e-08,True,PGDM1400|Ce1176_A3,1313956
1,130_bNAb_Combinations|1313956|sample|5|Ce1176_A3|7023,1,1.15142e-12,1.35438,0.118277,0.158907,1.39314e-08,True,PGDM1400|Ce1176_A3,1313956
1,130_bNAb_Combinations|1313956|sample|6|Ce1176_A3|7023,1,1.15142e-12,1.35438,0.0972673,0.158907,1.39314e-08,True,PGDM1400|Ce1176_A3,1313956
1,130_bNAb_Combinations|1313956|sample|7|Ce1176_A3|7023,1,1.15142e-12,1.35438,47.3104,0.158907,1.39314e-08,True,PGT121|Ce1176_A3,1313956
1,130_bNAb_Combinations|1313956|sample|8|Ce1176_A3|7023,1,1.15142e-12,1.35438,50.0836,0.158907,1.39314e-08,True,PGT121|Ce1176_A3,1313956
1,130_bNAb_Combinations|1313956|sample|9|Ce1176_A3|7023,1,1.15142e-12,1.35438,62.9051,0.158907,1.39314e-08,True,PGT121|Ce1176_A3,1313956
1,130_bNAb_Combinations|1313956|vc|1|2|Ce1176_A3|7023,1,1.15142e-12,1.35438,1.03003,0.158907,1.39314e-08,False,nan|Ce1176_A3,1313956
1,130_bNAb_Combinations|1313956|vc|2|2|Ce1176_A3|7023,1,1.15142e-12,1.35438,0.499908,0.158907,1.39314e-08,False,nan|Ce1176_A3,1313956
1,130_bNAb_Combinations|1313956|vc|3|2|Ce1176_A3|7023,1,1.15142e-12,1.35438,132.767,0.158907,1.39314e-08,False,nan|Ce1176_A3,1313956
1,130_bNAb_Combinations|1313956|vc|4|2|Ce1176_A3|7023,1,1.15142e-12,1.35438,0.424718,0.158907,1.39314e-08,False,nan|Ce1176_A3,1313956
1,130_bNAb_Combinations|1313956|vc|5|2|Ce1176_A3|7023,1,1.15142e-12,1.35438,20.2089,0.158907,1.39314e-08,False,nan|Ce1176_A3,1313956
1,130_bNAb_Combinations|1313956|vc|6|2|Ce1176_A3|7023,1,1.15142e-12,1.35438,0.158703,0.158907,1.39314e-08,False,nan|Ce1176_A3,1313956
1,130_bNAb_Combinations|1313956|vc|7|2|Ce1176_A3|7023,1,1.15142e-12,1.35438,3.5969,0.158907,1.39314e-08,False,nan|Ce1176_A3,1313956
1,130_bNAb_Combinations|1313956|vc|8|2|Ce1176_A3|7023,1,1.15142e-12,1.35438,1.3439,0.158907,1.39314e-08,False,nan|Ce1176_A3,1313956
1,130_bNAb_Combinations|1313974|cc|1|1|nan|1176,1,1.15142e-12,1.35438,12.5848,0.288285,1.39315e-08,False,nan|1176,1313974
1,130_bNAb_Combinations|1313974|cc|2|1|nan|1176,1,1.15142e-12,1.35438,60.1871,0.288285,1.39315e-08,False,nan|1176,1313974
1,130_bNAb_Combinations|1313974|cc|3|1|nan|1176,1,1.15142e-12,1.35438,2.34998,0.288285,1.39315e-08,False,nan|1176,1313974
1,130_bNAb_Combinations|1313974|cc|4|1|nan|1176,1,1.15142e-12,1.35438,2.90111,0.288285,1.39315e-08,False,nan|1176,1313974
1,130_bNAb_Combinations|1313974|cc|5|1|nan|1176,1,1.15142e-12,1.35438,55.6573,0.288285,1.39315e-08,False,nan|1176,1313974
1,130_bNAb_Combinations|1313974|cc|6|1|nan|1176,1,1.15142e-12,1.35438,323.621,0.288285,1.39315e-08,False,nan|1176,1313974
1,130_bNAb_Combinations|1313974|cc|7|1|nan|1176,1,1.15142e-12,1.35438,0.128733,0.288285,1.39315e-08,False,nan|1176,1313974
1,130_bNAb_Combinations|1313974|cc|8|1|nan|1176,1,1.15142e-12,1.35438,1.07571,0.288285,1.39315e-08,False,nan|1176,1313974
1,130_bNAb_Combinations|1313974|sample|10|nan|1176,1,1.15142e-12,1.35438,0.206717,0.288285,1.39315e-08,True,PGT121|1176,1313974
1,130_bNAb_Combinations|1313974|sample|11|nan|1176,1,1.15142e-12,1.35438,12.7888,0.288285,1.39315e-08,True,VRC07-523LS|1176,1313974
1,130_bNAb_Combinations|1313974|sample|12|nan|1176,1,1.15142e-12,1.35438,28.8078,0.288285,1.39315e-08,True,VRC07-523LS|1176,1313974
1,130_bNAb_Combinations|1313974|sample|3|nan|1176,1,1.15142e-12,1.35438,4.17886,0.288285,1.39315e-08,True,PGDM1400|1176,1313974
1,130_bNAb_Combinations|1313974|sample|4|nan|1176,1,1.15142e-12,1.35438,14.3197,0.288285,1.39315e-08,True,PGDM1400|1176,1313974
1,130_bNAb_Combinations|1313974|sample|5|nan|1176,1,1.15142e-12,1.35438,2.12797,0.288285,1.39315e-08,True,PGDM1400|1176,1313974
1,130_bNAb_Combinations|1313974|sample|6|nan|1176,1,1.15142e-12,1.35438,2.94376,0.288285,1.39315e-08,True,PGDM1400|1176,1313974
1,130_bNAb_Combinations|1313974|sample|7|nan|1176,1,1.15142e-12,1.35438,0.47322,0.288285,1.39315e-08,True,PGT121|1176,1313974
1,130_bNAb_Combinations|1313974|sample|8|nan|1176,1,1.15142e-12,1.35438,0.614873,0.288285,1.39315e-08,True,PGT121|1176,1313974
1,130_bNAb_Combinations|1313974|sample|9|nan|1176,1,1.15142e-12,1.35438,0.263032,0.288285,1.39315e-08,True,PGT121|1176,1313974
1,130_bNAb_Combinations|1313974|vc|1|2|nan|1176,1,1.15142e-12,1.35438,107.968,0.288285,1.39315e-08,False,nan|1176,1313974
1,130_bNAb_Combinations|1313974|vc|2|2|nan|1176,1,1.15142e-12,1.35438,1.38393,0.288285,1.39315e-08,False,nan|1176,1313974
1,130_bNAb_Combinations|1313974|vc|3|2|nan|1176,1,1.15142e-12,1.35438,0.494349,0.288285,1.39315e-08,False,nan|1176,1313974
1,130_bNAb_Combinations|1313974|vc|4|2|nan|1176,1,1.15142e-12,1.35438,2.82741,0.288285,1.39315e-08,False,nan|1176,1313974
1,130_bNAb_Combinations|1313974|vc|5|2|nan|1176,1,1.15142e-12,1.35438,0.325516,0.288285,1.39315e-08,False,nan|1176,1313974
1,130_bNAb_Combinations|1313974|vc|6|2|nan|1176,1,1.15142e-12,1.35438,0.938293,0.288285,1.39315e-08,False,nan|1176,1313974
1,130_bNAb_Combinations|1313974|vc|7|2|nan|1176,1,1.15142e-12,1.35438,0.211656,0.288285,1.39315e-08,False,nan|1176,1313974
1,130_bNAb_Combinations|1313974|vc|8|2|nan|1176,1,1.15142e-12,1.35438,36.6111,0.288285,1.39315e-08,False,nan|1176,1313974
1,130_bNAb_Combinations|1313992|cc|1|1|RHPA4259.7|5371,1,1.15142e-12,1.35438,2.44678,0.158912,1.39313e-08,False,nan|RHPA4259.7,1313992
1,130_bNAb_Combinations|1313992|cc|2|1|RHPA4259.7|5371,1,1.15142e-12,1.35438,11.5653,0.158912,1.39313e-08,False,nan|RHPA4259.7,1313992
1,130_bNAb_Combinations|1313992|cc|3|1|RHPA4259.7|5371,1,1.15142e-12,1.35438,0.0789782,0.158912,1.39313e-08,False,nan|RHPA4259.7,1313992
1,130_bNAb_Combinations|1313992|cc|4|1|RHPA4259.7|5371,1,1.15142e-12,1.35438,1.52572,0.158912,1.39313e-08,False,nan|RHPA4259.7,1313992
1,130_bNAb_Combinations|1313992|cc|5|1|RHPA4259.7|5371,1,1.15142e-12,1.35438,1.79472,0.158912,1.39313e-08,False,nan|RHPA4259.7,1313992
1,130_bNAb_Combinations|1313992|cc|6|1|RHPA4259.7|5371,1,1.15142e-12,1.35438,1.70868,0.158912,1.39313e-08,False,nan|RHPA4259.7,1313992
1,130_bNAb_Combinations|1313992|cc|7|1|RHPA4259.7|5371,1,1.15142e-12,1.35438,0.111631,0.158912,1.39313e-08,False,nan|RHPA4259.7,1313992
1,130_bNAb_Combinations|1313992|cc|8|1|RHPA4259.7|5371,1,1.15142e-12,1.35438,0.112663,0.158912,1.39313e-08,False,nan|RHPA4259.7,1313992
1,130_bNAb_Combinations|1313992|sample|10|RHPA4259.7|5371,1,1.15142e-12,1.35438,59.2821,0.158912,1.39313e-08,True,PGT121|RHPA4259.7,1313992
1,130_bNAb_Combinations|1313992|sample|11|RHPA4259.7|5371,1,1.15142e-12,1.35438,90.9914,0.158912,1.39313e-08,True,VRC07-523LS|RHPA4259.7,1313992
1,130_bNAb_Combinations|1313992|sample|12|RHPA4259.7|5371,1,1.15142e-12,1.35438,57.0611,0.158912,1.39313e-08,True,VRC07-523LS|RHPA4259.7,1313992
1,130_bNAb_Combinations|1313992|sample|3|RHPA4259.7|5371,1,1.15142e-12,1.35438,2.59039,0.158912,1.39313e-08,True,PGDM1400|RHPA4259.7,1313992
1,130_bNAb_Combinations|1313992|sample|4|RHPA4259.7|5371,1,1.15142e-12,1.35438,2.35988,0.158912,1.39313e-08,True,PGDM1400|RHPA4259.7,1313992
1,130_bNAb_Combinations|1313992|sample|5|RHPA4259.7|5371,1,1.15142e-12,1.35438,3.08293,0.158912,1.39313e-08,True,PGDM1400|RHPA4259.7,1313992
1,130_bNAb_Combinations|1313992|sample|6|RHPA4259.7|5371,1,1.15142e-12,1.35438,3.38666,0.158912,1.39313e-08,True,PGDM1400|RHPA4259.7,1313992
1,130_bNAb_Combinations|1313992|sample|7|RHPA4259.7|5371,1,1.15142e-12,1.35438,55.1182,0.158912,1.39313e-08,True,PGT121|RHPA4259.7,1313992
1,130_bNAb_Combinations|1313992|sample|8|RHPA4259.7|5371,1,1.15142e-12,1.35438,49.726,0.158912,1.39313e-08,True,PGT121|RHPA4259.7,1313992
1,130_bNAb_Combinations|1313992|sample|9|RHPA4259.7|5371,1,1.15142e-12,1.35438,45.1905,0.158912,1.39313e-08,True,PGT121|RHPA4259.7,1313992
1,130_bNAb_Combinations|1313992|vc|1|2|RHPA4259.7|5371,1,1.15142e-12,1.35438,8.40371,0.158912,1.39313e-08,False,nan|RHPA4259.7,1313992
1,130_bNAb_Combinations|1313992|vc|2|2|RHPA4259.7|5371,1,1.15142e-12,1.35438,0.144111,0.158912,1.39313e-08,False,nan|RHPA4259.7,1313992
1,130_bNAb_Combinations|1313992|vc|3|2|RHPA4259.7|5371,1,1.15142e-12,1.35438,11.0506,0.158912,1.39313e-08,False,nan|RHPA4259.7,1313992
1,130_bNAb_Combinations|1313992|vc|4|2|RHPA4259.7|5371,1,1.15142e-12,1.35438,11.7985,0.158912,1.39313e-08,False,nan|RHPA4259.7,1313992
1,130_bNAb_Combinations|1313992|vc|5|2|RHPA4259.7|5371,1,1.15142e-12,1.35438,5.11891,0.158912,1.39313e-08,False,nan|RHPA4259.7,1313992
1,130_bNAb_Combinations|1313992|vc|6|2|RHPA4259.7|5371,1,1.15142e-12,1.35438,31.5353,0.158912,1.39313e-08,False,nan|RHPA4259.7,1313992
1,130_bNAb_Combinations|1313992|vc|7|2|RHPA4259.7|5371,1,1.15142e-12,1.35438,2.3035,0.158912,1.39313e-08,False,nan|RHPA4259.7,1313992
1,130_bNAb_Combinations|1313992|vc|8|2|RHPA4259.7|5371,1,1.15142e-12,1.35438,3.08148,0.158912,1.39313e-08,False,nan|RHPA4259.7,1313992
1,130_bNAb_Combinations|1314016|cc|1|1|nan|3430,1,1.15142e-12,1.35438,0.392014,0.191145,1.39312e-08,False,nan|3430,1314016
1,130_bNAb_Combinations|1314016|cc|2|1|nan|3430,1,1.15142e-12,1.35438,16.0943,0.191145,1.39312e-08,False,nan|3430,1314016
1,130_bNAb_Combinations|1314016|cc|3|1|nan|3430,1,1.15142e-12,1.35438,8.0328,0.191145,1.39312e-08,False,nan|3430,1314016
1,130_bNAb_Combinations|1314016|cc|4|1|nan|3430,1,1.15142e-12,1.35438,1.61614,0.191145,1.39312e-08,False,nan|3430,1314016
1,130_bNAb_Combinations|1314016|cc|5|1|nan|3430,1,1.15142e-12,1.35438,0.434526,0.191145,1.39312e-08,False,nan|3430,1314016
1,130_bNAb_Combinations|1314016|cc|6|1|nan|3430,1,1.15142e-12,1.35438,222.677,0.191145,1.39312e-08,False,nan|3430,1314016
1,130_bNAb_Combinations|1314016|cc|7|1|nan|3430,1,1.15142e-12,1.35438,2.88692,0.191145,1.39312e-08,False,nan|3430,1314016
1,130_bNAb_Combinations|1314016|cc|8|1|nan|3430,1,1.15142e-12,1.35438,32.7223,0.191145,1.39312e-08,False,nan|3430,1314016
1,130_bNAb_Combinations|1314016|sample|10|nan|3430,1,1.15142e-12,1.35438,12.7985,0.191145,1.39312e-08,True,PGT121|3430,1314016
1,130_bNAb_Combinations|1314016|sample|11|nan|3430,1,1.15142e-12,1.35438,23.7205,0.191145,1.39312e-08,True,VRC07-523LS|3430,1314016
1,130_bNAb_Combinations|1314016|sample|12|nan|3430,1,1.15142e-12,1.35438,29.1508,0.191145,1.39312e-08,True,VRC07-523LS|3430,1314016
1,130_bNAb_Combinations|1314016|sample|3|nan|3430,1,1.15142e-12,1.35438,231.531,0.191145,1.39312e-08,True,PGDM1400|3430,1314016
1,130_bNAb_Combinations|1314016|sample|4|nan|3430,1,1.15142e-12,1.35438,170.939,0.191145,1.39312e-08,True,PGDM1400|3430,1314016
1,130_bNAb_Combinations|1314016|sample|5|nan|3430,1,1.15142e-12,1.35438,196.226,0.191145,1.39312e-08,True,PGDM1400|3430,1314016
1,130_bNAb_Combinations|1314016|sample|6|nan|3430,1,1.15142e-12,1.35438,251.283,0.191145,1.39312e-08,True,PGDM1400|3430,1314016
1,130_bNAb_Combinations|1314016|sample|7|nan|3430,1,1.15142e-12,1.35438,11.1779,0.191145,1.39312e-08,True,PGT121|3430,1314016
1,130_bNAb_Combinations|1314016|sample|8|nan|3430,1,1.15142e-12,1.35438,12.0018,0.191145,1.39312e-08,True,PGT121|3430,1314016
1,130_bNAb_Combinations|1314016|sample|9|nan|3430,1,1.15142e-12,1.35438,12.189,0.191145,1.39312e-08,True,PGT121|3430,1314016
1,130_bNAb_Combinations|1314016|vc|1|2|nan|3430,1,1.15142e-12,1.35438,28.155,0.191145,1.39312e-08,False,nan|3430,1314016
1,130_bNAb_Combinations|1314016|vc|2|2|nan|3430,1,1.15142e-12,1.35438,0.835724,0.191145,1.39312e-08,False,nan|3430,1314016
1,130_bNAb_Combinations|1314016|vc|3|2|nan|3430,1,1.15142e-12,1.35438,4.02726,0.191145,1.39312e-08,False,nan|3430,1314016
1,130_bNAb_Combinations|1314016|vc|4|2|nan|3430,1,1.15142e-12,1.35438,0.533723,0.191145,1.39312e-08,False,nan|3430,1314016
1,130_bNAb_Combinations|1314016|vc|5|2|nan|3430,1,1.15142e-12,1.35438,0.142791,0.191145,1.39312e-08,False,nan|3430,1314016
1,130_bNAb_Combinations|1314016|vc|6|2|nan|3430,1,1.15142e-12,1.35438,0.461315,0.191145,1.39312e-08,False,nan|3430,1314016
1,130_bNAb_Combinations|1314016|vc|7|2|nan|3430,1,1.15142e-12,1.35438,12.2147,0.191145,1.39312e-08,False,nan|3430,1314016
1,130_bNAb_Combinations|1314016|vc|8|2|nan|3430,1,1.15142e-12,1.35438,4.0796,0.191145,1.39312e-08,False,nan|3430,1314016
1,130_bNAb_Combinations|1314040|cc|1|1|nan|4166,1,1.15142e-12,1.35438,0.00438229,0.158944,1.30746e-08,False,nan|4166,1314040
1,130_bNAb_Combinations|1314040|cc|2|1|nan|4166,1,1.15142e-12,1.35438,1.83272,0.158944,1.30746e-08,False,nan|4166,1314040
1,130_bNAb_Combinations|1314040|cc|3|1|nan|4166,1,1.15142e-12,1.35438,9.12568,0.158944,1.30746e-08,False,nan|4166,1314040
1,130_bNAb_Combinations|1314040|cc|4|1|nan|4166,1,1.15142e-12,1.35438,1.52383,0.158944,1.30746e-08,False,nan|4166,1314040
1,130_bNAb_Combinations|1314040|cc|5|1|nan|4166,1,1.15142e-12,1.35438,0.441744,0.158944,1.30746e-08,False,nan|4166,1314040
1,130_bNAb_Combinations|1314040|cc|6|1|nan|4166,1,1.15142e-12,1.35438,21.7621,0.158944,1.30746e-08,False,nan|4166,1314040
1,130_bNAb_Combinations|1314040|cc|7|1|nan|4166,1,1.15142e-12,1.35438,0.613956,0.158944,1.30746e-08,False,nan|4166,1314040
1,130_bNAb_Combinations|1314040|cc|8|1|nan|4166,1,1.15142e-12,1.35438,26.5279,0.158944,1.30746e-08,False,nan|4166,1314040
1,130_bNAb_Combinations|1314040|sample|10|nan|4166,1,1.15142e-12,1.35438,116.402,0.158944,1.30746e-08,True,PGT121|4166,1314040
1,130_bNAb_Combinations|1314040|sample|11|nan|4166,1,1.15142e-12,1.35438,67.7996,0.158944,1.30746e-08,True,VRC07-523LS|4166,1314040
1,130_bNAb_Combinations|1314040|sample|12|nan|4166,1,1.15142e-12,1.35438,98.4754,0.158944,1.30746e-08,True,VRC07-523LS|4166,1314040
1,130_bNAb_Combinations|1314040|sample|3|nan|4166,1,1.15142e-12,1.35438,137.407,0.158944,1.30746e-08,True,PGDM1400|4166,1314040
1,130_bNAb_Combinations|1314040|sample|4|nan|4166,1,1.15142e-12,1.35438,94.2228,0.158944,1.30746e-08,True,PGDM1400|4166,1314040
1,130_bNAb_Combinations|1314040|sample|5|nan|4166,1,1.15142e-12,1.35438,95.3952,0.158944,1.30746e-08,True,PGDM1400|4166,1314040
1,130_bNAb_Combinations|1314040|sample|6|nan|4166,1,1.15142e-12,1.35438,87.2723,0.158944,1.30746e-08,True,PGDM1400|4166,1314040
1,130_bNAb_Combinations|1314040|sample|7|nan|4166,1,1.15142e-12,1.35438,76.8856,0.158944,1.30746e-08,True,PGT121|4166,1314040
1,130_bNAb_Combinations|1314040|sample|8|nan|4166,1,1.15142e-12,1.35438,65.077,0.158944,1.30746e-08,True,PGT121|4166,1314040
1,130_bNAb_Combinations|1314040|sample|9|nan|4166,1,1.15142e-12,1.35438,93.9601,0.158944,1.30746e-08,True,PGT121|4166,1314040
1,130_bNAb_Combinations|1314040|vc|1|2|nan|4166,1,1.15142e-12,1.35438,0.248915,0.158944,1.30746e-08,False,nan|4166,1314040
1,130_bNAb_Combinations|1314040|vc|2|2|nan|4166,1,1.15142e-12,1.35438,7.09723,0.158944,1.30746e-08,False,nan|4166,1314040
1,130_bNAb_Combinations|1314040|vc|3|2|nan|4166,1,1.15142e-12,1.35438,0.566268,0.158944,1.30746e-08,False,nan|4166,1314040
1,130_bNAb_Combinations|1314040|vc|4|2|nan|4166,1,1.15142e-12,1.35438,0.311097,0.158944,1.30746e-08,False,nan|4166,1314040
1,130_bNAb_Combinations|1314040|vc|5|2|nan|4166,1,1.15142e-12,1.35438,4.26307,0.158944,1.30746e-08,False,nan|4166,1314040
1,130_bNAb_Combinations|1314040|vc|6|2|nan|4166,1,1.15142e-12,1.35438,0.0313337,0.158944,1.30746e-08,False,nan|4166,1314040
1,130_bNAb_Combinations|1314040|vc|7|2|nan|4166,1,1.15142e-12,1.35438,0.252675,0.158944,1.30746e-08,False,nan|4166,1314040
1,130_bNAb_Combinations|1314040|vc|8|2|nan|4166,1,1.15142e-12,1.35438,0.922511,0.158944,1.30746e-08,False,nan|4166,1314040
1,130_bNAb_Combinations|1314058|cc|1|1|nan|2944,1,1.15142e-12,1.35438,13.4403,0.158908,1.39315e-08,False,nan|2944,1314058
1,130_bNAb_Combinations|1314058|cc|2|1|nan|2944,1,1.15142e-12,1.35438,0.315373,0.158908,1.39315e-08,False,nan|2944,1314058
1,130_bNAb_Combinations|1314058|cc|3|1|nan|2944,1,1.15142e-12,1.35438,0.757605,0.158908,1.39315e-08,False,nan|2944,1314058
1,130_bNAb_Combinations|1314058|cc|4|1|nan|2944,1,1.15142e-12,1.35438,1.82655,0.158908,1.39315e-08,False,nan|2944,1314058
1,130_bNAb_Combinations|1314058|cc|5|1|nan|2944,1,1.15142e-12,1.35438,12.0657,0.158908,1.39315e-08,False,nan|2944,1314058
1,130_bNAb_Combinations|1314058|cc|6|1|nan|2944,1,1.15142e-12,1.35438,0.577427,0.158908,1.39315e-08,False,nan|2944,1314058
1,130_bNAb_Combinations|1314058|cc|7|1|nan|2944,1,1.15142e-12,1.35438,3.36544,0.158908,1.39315e-08,False,nan|2944,1314058
1,130_bNAb_Combinations|1314058|cc|8|1|nan|2944,1,1.15142e-12,1.35438,97.0862,0.158908,1.39315e-08,False,nan|2944,1314058
1,130_bNAb_Combinations|1314058|sample|10|nan|2944,1,1.15142e-12,1.35438,71.1385,0.158908,1.39315e-08,True,PGT121|2944,1314058
1,130_bNAb_Combinations|1314058|sample|11|nan|2944,1,1.15142e-12,1.35438,15.0861,0.158908,1.39315e-08,True,VRC07-523LS|2944,1314058
1,130_bNAb_Combinations|1314058|sample|12|nan|2944,1,1.15142e-12,1.35438,17.5539,0.158908,1.39315e-08,True,VRC07-523LS|2944,1314058
1,130_bNAb_Combinations|1314058|sample|3|nan|2944,1,1.15142e-12,1.35438,494.136,0.158908,1.39315e-08,True,PGDM1400|2944,1314058
1,130_bNAb_Combinations|1314058|sample|4|nan|2944,1,1.15142e-12,1.35438,519.963,0.158908,1.39315e-08,True,PGDM1400|2944,1314058
1,130_bNAb_Combinations|1314058|sample|5|nan|2944,1,1.15142e-12,1.35438,430.726,0.158908,1.39315e-08,True,PGDM1400|2944,1314058
1,130_bNAb_Combinations|1314058|sample|6|nan|2944,1,1.15142e-12,1.35438,872.553,0.158908,1.39315e-08,True,PGDM1400|2944,1314058
1,130_bNAb_Combinations|1314058|sample|7|nan|2944,1,1.15142e-12,1.35438,114.323,0.158908,1.39315e-08,True,PGT121|2944,1314058
1,130_bNAb_Combinations|1314058|sample|8|nan|2944,1,1.15142e-12,1.35438,90.4135,0.158908,1.39315e-08,True,PGT121|2944,1314058
1,130_bNAb_Combinations|1314058|sample|9|nan|2944,1,1.15142e-12,1.35438,91.0853,0.158908,1.39315e-08,True,PGT121|2944,1314058
1,130_bNAb_Combinations|1314058|vc|1|2|nan|2944,1,1.15142e-12,1.35438,43.0653,0.158908,1.39315e-08,False,nan|2944,1314058
1,130_bNAb_Combinations|1314058|vc|2|2|nan|2944,1,1.15142e-12,1.35438,0.0622132,0.158908,1.39315e-08,False,nan|2944,1314058
1,130_bNAb_Combinations|1314058|vc|3|2|nan|2944,1,1.15142e-12,1.35438,0.780835,0.158908,1.39315e-08,False,nan|2944,1314058
1,130_bNAb_Combinations|1314058|vc|4|2|nan|2944,1,1.15142e-12,1.35438,0.0766206,0.158908,1.39315e-08,False,nan|2944,1314058
1,130_bNAb_Combinations|1314058|vc|5|2|nan|2944,1,1.15142e-12,1.35438,0.0186497,0.158908,1.39315e-08,False,nan|2944,1314058
1,130_bNAb_Combinations|1314058|vc|6|2|nan|2944,1,1.15142e-12,1.35438,4.40759,0.158908,1.39315e-08,False,nan|2944,1314058
1,130_bNAb_Combinations|1314058|vc|7|2|nan|2944,1,1.15142e-12,1.35438,1.56445,0.158908,1.39315e-08,False,nan|2944,1314058
1,130_bNAb_Combinations|1314058|vc|8|2|nan|2944,1,1.15142e-12,1.35438,0.379654,0.158908,1.39315e-08,False,nan|2944,1314058
1,130_bNAb_Combinations|1342240|cc|1|1|nan|1798,1,1.15142e-12,1.35438,16.3533,0.158907,1.23908e-08,False,nan|1798,1342240
1,130_bNAb_Combinations|1342240|cc|2|1|nan|1798,1,1.15142e-12,1.35438,0.16781,0.158907,1.23908e-08,False,nan|1798,1342240
1,130_bNAb_Combinations|1342240|cc|3|1|nan|1798,1,1.15142e-12,1.35438,0.135184,0.158907,1.23908e-08,False,nan|1798,1342240
1,130_bNAb_Combinations|1342240|cc|4|1|nan|1798,1,1.15142e-12,1.35438,2.0363,0.158907,1.23908e-08,False,nan|1798,1342240
1,130_bNAb_Combinations|1342240|cc|5|1|nan|1798,1,1.15142e-12,1.35438,1.43475,0.158907,1.23908e-08,False,nan|1798,1342240
1,130_bNAb_Combinations|1342240|cc|6|1|nan|1798,1,1.15142e-12,1.35438,0.700736,0.158907,1.23908e-08,False,nan|1798,1342240
1,130_bNAb_Combinations|1342240|cc|7|1|nan|1798,1,1.15142e-12,1.35438,0.175385,0.158907,1.23908e-08,False,nan|1798,1342240
1,130_bNAb_Combinations|1342240|cc|8|1|nan|1798,1,1.15142e-12,1.35438,3.03297,0.158907,1.23908e-08,False,nan|1798,1342240
1,130_bNAb_Combinations|1342240|sample|3|nan|1798,1,1.15142e-12,1.35438,1.97048,0.158907,1.23908e-08,True,VRC07-523LS|1798,1342240
1,130_bNAb_Combinations|1342240|sample|4|nan|1798,1,1.15142e-12,1.35438,2.45332,0.158907,1.23908e-08,True,VRC07-523LS|1798,1342240
1,130_bNAb_Combinations|1342240|sample|8|nan|1798,1,1.15142e-12,1.35438,4.55548,0.158907,1.23908e-08,True,VRC07-523LS|1798,1342240
1,130_bNAb_Combinations|1342240|vc|1|2|nan|1798,1,1.15142e-12,1.35438,1.66387,0.158907,1.23908e-08,False,nan|1798,1342240
1,130_bNAb_Combinations|1342240|vc|2|2|nan|1798,1,1.15142e-12,1.35438,236.599,0.158907,1.23908e-08,False,nan|1798,1342240
1,130_bNAb_Combinations|1342240|vc|3|2|nan|1798,1,1.15142e-12,1.35438,7.06589,0.158907,1.23908e-08,False,nan|1798,1342240
1,130_bNAb_Combinations|1342240|vc|4|2|nan|1798,1,1.15142e-12,1.35438,0.773922,0.158907,1.23908e-08,False,nan|1798,1342240
1,130_bNAb_Combinations|1342240|vc|5|2|nan|1798,1,1.15142e-12,1.35438,0.0975914,0.158907,1.23908e-08,False,nan|1798,1342240
1,130_bNAb_Combinations|1342240|vc|6|2|nan|1798,1,1.15142e-12,1.35438,5.04228,0.158907,1.23908e-08,False,nan|1798,1342240
1,130_bNAb_Combinations|1342240|vc|7|2|nan|1798,1,1.15142e-12,1.35438,0.218986,0.158907,1.23908e-08,False,nan|1798,1342240
1,130_bNAb_Combinations|1342240|vc|8|2|nan|1798,1,1.15142e-12,1.35438,0.340753,0.158907,1.23908e-08,False,nan|1798,1342240
1,130_bNAb_Combinations|1342258|cc|1|1|TRO.11|8301,1,1.15142e-12,1.35438,23.4133,0.0722488,1.39371e-08,False,nan|TRO.11,1342258
1,130_bNAb_Combinations|1342258|cc|2|1|TRO.11|8301,1,1.15142e-12,1.35438,172.9,0.0722488,1.39371e-08,False,nan|TRO.11,1342258
1,130_bNAb_Combinations|1342258|cc|3|1|TRO.11|8301,1,1.15142e-12,1.35438,11.1895,0.0722488,1.39371e-08,False,nan|TRO.11,1342258
1,130_bNAb_Combinations|1342258|cc|4|1|TRO.11|8301,1,1.15142e-12,1.35438,0.143085,0.0722488,1.39371e-08,False,nan|TRO.11,1342258
1,130_bNAb_Combinations|1342258|cc|5|1|TRO.11|8301,1,1.15142e-12,1.35438,0.0215736,0.0722488,1.39371e-08,False,nan|TRO.11,1342258
1,130_bNAb_Combinations|1342258|cc|6|1|TRO.11|8301,1,1.15142e-12,1.35438,0.0930843,0.0722488,1.39371e-08,False,nan|TRO.11,1342258
1,130_bNAb_Combinations|1342258|cc|7|1|TRO.11|8301,1,1.15142e-12,1.35438,4.01857,0.0722488,1.39371e-08,False,nan|TRO.11,1342258
1,130_bNAb_Combinations|1342258|cc|8|1|TRO.11|8301,1,1.15142e-12,1.35438,1.16879,0.0722488,1.39371e-08,False,nan|TRO.11,1342258
1,130_bNAb_Combinations|1342258|sample|3|TRO.11|8301,1,1.15142e-12,1.35438,10.1163,0.0722488,1.39371e-08,True,VRC07-523LS|TRO.11,1342258
1,130_bNAb_Combinations|1342258|sample|4|TRO.11|8301,1,1.15142e-12,1.35438,11.3562,0.0722488,1.39371e-08,True,VRC07-523LS|TRO.11,1342258
1,130_bNAb_Combinations|1342258|vc|1|2|TRO.11|8301,1,1.15142e-12,1.35438,1.94758,0.0722488,1.39371e-08,False,nan|TRO.11,1342258
1,130_bNAb_Combinations|1342258|vc|2|2|TRO.11|8301,1,1.15142e-12,1.35438,1.8645,0.0722488,1.39371e-08,False,nan|TRO.11,1342258
1,130_bNAb_Combinations|1342258|vc|3|2|TRO.11|8301,1,1.15142e-12,1.35438,0.519361,0.0722488,1.39371e-08,False,nan|TRO.11,1342258
1,130_bNAb_Combinations|1342258|vc|4|2|TRO.11|8301,1,1.15142e-12,1.35438,0.786919,0.0722488,1.39371e-08,False,nan|TRO.11,1342258
1,130_bNAb_Combinations|1342258|vc|5|2|TRO.11|8301,1,1.15142e-12,1.35438,1.67462,0.0722488,1.39371e-08,False,nan|TRO.11,1342258
1,130_bNAb_Combinations|1342258|vc|6|2|TRO.11|8301,1,1.15142e-12,1.35438,3.50995,0.0722488,1.39371e-08,False,nan|TRO.11,1342258
1,130_bNAb_Combinations|1342258|vc|7|2|TRO.11|8301,1,1.15142e-12,1.35438,10.4114,0.0722488,1.39371e-08,False,nan|TRO.11,1342258
1,130_bNAb_Combinations|1342258|vc|8|2|TRO.11|8301,1,1.15142e-12,1.35438,0.184138,0.0722488,1.39371e-08,False,nan|TRO.11,1342258
1,130_bNAb_Combinations|1342276|cc|1|1|Ce1176_A3|7023,1,1.15142e-12,1.35438,0.394876,0.158907,1.38182e-08,False,nan|Ce1176_A3,1342276
1,130_bNAb_Combinations|1342276|cc|2|1|Ce1176_A3|7023,1,1.15142e-12,1.35438,0.742766,0.158907,1.38182e-08,False,nan|Ce1176_A3,1342276
1,130_bNAb_Combinations|1342276|cc|3|1|Ce1176_A3|7023,1,1.15142e-12,1.35438,0.296898,0.158907,1.38182e-08,False,nan|Ce1176_A3,1342276
1,130_bNAb_Combinations|1342276|cc|4|1|Ce1176_A3|7023,1,1.15142e-12,1.35438,0.186685,0.158907,1.38182e-08,False,nan|Ce1176_A3,1342276
1,130_bNAb_Combinations|1342276|cc|5|1|Ce1176_A3|7023,1,1.15142e-12,1.35438,28.186,0.158907,1.38182e-08,False,nan|Ce1176_A3,1342276
1,130_bNAb_Combinations|1342276|cc|6|1|Ce1176_A3|7023,1,1.15142e-12,1.35438,4.25122,0.158907,1.38182e-08,False,nan|Ce1176_A3,1342276
1,130_bNAb_Combinations|1342276|cc|7|1|Ce1176_A3|7023,1,1.15142e-12,1.35438,1.63074,0.158907,1.38182e-08,False,nan|Ce1176_A3,1342276
1,130_bNAb_Combinations|1342276|cc|8|1|Ce1176_A3|7023,1,1.15142e-12,1.35438,2.70417,0.158907,1.38182e-08,False,nan|Ce1176_A3,1342276
1,130_bNAb_Combinations|1342276|sample|3|Ce1176_A3|7023,1,1.15142e-12,1.35438,3.19473,0.158907,1.38182e-08,True,VRC07-523LS|Ce1176_A3,1342276
1,130_bNAb_Combinations|1342276|sample|4|Ce1176_A3|7023,1,1.15142e-12,1.35438,2.8506,0.158907,1.38182e-08,True,VRC07-523LS|Ce1176_A3,1342276
1,130_bNAb_Combinations|1342276|vc|1|2|Ce1176_A3|7023,1,1.15142e-12,1.35438,1.5288,0.158907,1.38182e-08,False,nan|Ce1176_A3,1342276
1,130_bNAb_Combinations|1342276|vc|2|2|Ce1176_A3|7023,1,1.15142e-12,1.35438,70.1943,0.158907,1.38182e-08,False,nan|Ce1176_A3,1342276
1,130_bNAb_Combinations|1342276|vc|3|2|Ce1176_A3|7023,1,1.15142e-12,1.35438,0.450743,0.158907,1.38182e-08,False,nan|Ce1176_A3,1342276
1,130_bNAb_Combinations|1342276|vc|4|2|Ce1176_A3|7023,1,1.15142e-12,1.35438,0.558545,0.158907,1.38182e-08,False,nan|Ce1176_A3,1342276
1,130_bNAb_Combinations|1342276|vc|5|2|Ce1176_A3|7023,1,1.15142e-12,1.35438,10.5752,0.158907,1.38182e-08,False,nan|Ce1176_A3,1342276
1,130_bNAb_Combinations|1342276|vc|6|2|Ce1176_A3|7023,1,1.15142e-12,1.35438,0.379348,0.158907,1.38182e-08,False,nan|Ce1176_A3,1342276
1,130_bNAb_Combinations|1342276|vc|7|2|Ce1176_A3|7023,1,1.15142e-12,1.35438,125.211,0.158907,1.38182e-08,False,nan|Ce1176_A3,1342276
1,130_bNAb_Combinations|1342276|vc|8|2|Ce1176_A3|7023,1,1.15142e-12,1.35438,0.85795,0.158907,1.38182e-08,False,nan|Ce1176_A3,1342276
1,130_bNAb_Combinations|1342294|cc|1|1|nan|1176,1,1.15142e-12,1.35438,26.1162,0.158907,1.38071e-08,False,nan|1176,1342294
1,130_bNAb_Combinations|1342294|cc|2|1|nan|1176,1,1.15142e-12,1.35438,0.768215,0.158907,1.38071e-08,False,nan|1176,1342294
1,130_bNAb_Combinations|1342294|cc|3|1|nan|1176,1,1.15142e-12,1.35438,62.9988,0.158907,1.38071e-08,False,nan|1176,1342294
1,130_bNAb_Combinations|1342294|cc|4|1|nan|1176,1,1.15142e-12,1.35438,0.33641,0.158907,1.38071e-08,False,nan|1176,1342294
1,130_bNAb_Combinations|1342294|cc|5|1|nan|1176,1,1.15142e-12,1.35438,4.18271,0.158907,1.38071e-08,False,nan|1176,1342294
1,130_bNAb_Combinations|1342294|cc|6|1|nan|1176,1,1.15142e-12,1.35438,8.93165,0.158907,1.38071e-08,False,nan|1176,1342294
1,130_bNAb_Combinations|1342294|cc|7|1|nan|1176,1,1.15142e-12,1.35438,85.0705,0.158907,1.38071e-08,False,nan|1176,1342294
1,130_bNAb_Combinations|1342294|cc|8|1|nan|1176,1,1.15142e-12,1.35438,10.7137,0.158907,1.38071e-08,False,nan|1176,1342294
1,130_bNAb_Combinations|1342294|sample|3|nan|1176,1,1.15142e-12,1.35438,20.0113,0.158907,1.38071e-08,True,VRC07-523LS|1176,1342294
1,130_bNAb_Combinations|1342294|sample|4|nan|1176,1,1.15142e-12,1.35438,16.0174,0.158907,1.38071e-08,True,VRC07-523LS|1176,1342294
1,130_bNAb_Combinations|1342294|sample|8|nan|1176,1,1.15142e-12,1.35438,1.70201,0.158907,1.38071e-08,True,VRC07-523LS|1176,1342294
1,130_bNAb_Combinations|1342294|vc|1|2|nan|1176,1,1.15142e-12,1.35438,0.700173,0.158907,1.38071e-08,False,nan|1176,1342294
1,130_bNAb_Combinations|1342294|vc|2|2|nan|1176,1,1.15142e-12,1.35438,4.30051,0.158907,1.38071e-08,False,nan|1176,1342294
1,130_bNAb_Combinations|1342294|vc|3|2|nan|1176,1,1.15142e-12,1.35438,7.82952,0.158907,1.38071e-08,False,nan|1176,1342294
1,130_bNAb_Combinations|1342294|vc|4|2|nan|1176,1,1.15142e-12,1.35438,1.32993,0.158907,1.38071e-08,False,nan|1176,1342294
1,130_bNAb_Combinations|1342294|vc|5|2|nan|1176,1,1.15142e-12,1.35438,9.89525,0.158907,1.38071e-08,False,nan|1176,1342294
1,130_bNAb_Combinations|1342294|vc|6|2|nan|1176,1,1.15142e-12,1.35438,10.0013,0.158907,1.38071e-08,False,nan|1176,1342294
1,130_bNAb_Combinations|1342294|vc|7|2|nan|1176,1,1.15142e-12,1.35438,44.4736,0.158907,1.38071e-08,False,nan|1176,1342294
1,130_bNAb_Combinations|1342294|vc|8|2|nan|1176,1,1.15142e-12,1.35438,1.46317,0.158907,1.38071e-08,False,nan|1176,1342294
1,130_bNAb_Combinations|1342312|cc|1|1|RHPA4259.7|5371,1,1.15142e-12,1.35438,5.15032,0.158907,1.39314e-08,False,nan|RHPA4259.7,1342312
1,130_bNAb_Combinations|1342312|cc|2|1|RHPA4259.7|5371,1,1.15142e-12,1.35438,14.2855,0.158907,1.39314e-08,False,nan|RHPA4259.7,1342312
1,130_bNAb_Combinations|1342312|cc|3|1|RHPA4259.7|5371,1,1.15142e-12,1.35438,0.981023,0.158907,1.39314e-08,False,nan|RHPA4259.7,1342312
1,130_bNAb_Combinations|1342312|cc|4|1|RHPA4259.7|5371,1,1.15142e-12,1.35438,2.83947,0.158907,1.39314e-08,False,nan|RHPA4259.7,1342312
1,130_bNAb_Combinations|1342312|cc|5|1|RHPA4259.7|5371,1,1.15142e-12,1.35438,7.49022,0.158907,1.39314e-08,False,nan|RHPA4259.7,1342312
1,130_bNAb_Combinations|1342312|cc|6|1|RHPA4259.7|5371,1,1.15142e-12,1.35438,3.65402,0.158907,1.39314e-08,False,nan|RHPA4259.7,1342312
1,130_bNAb_Combinations|1342312|cc|7|1|RHPA4259.7|5371,1,1.15142e-12,1.35438,24.3011,0.158907,1.39314e-08,False,nan|RHPA4259.7,1342312
1,130_bNAb_Combinations|1342312|cc|8|1|RHPA4259.7|5371,1,1.15142e-12,1.35438,4.98941,0.158907,1.39314e-08,False,nan|RHPA4259.7,1342312
1,130_bNAb_Combinations|1342312|sample|3|RHPA4259.7|5371,1,1.15142e-12,1.35438,35.2949,0.158907,1.39314e-08,True,VRC07-523LS|RHPA4259.7,1342312
1,130_bNAb_Combinations|1342312|sample|4|RHPA4259.7|5371,1,1.15142e-12,1.35438,41.6969,0.158907,1.39314e-08,True,VRC07-523LS|RHPA4259.7,1342312
1,130_bNAb_Combinations|1342312|vc|1|2|RHPA4259.7|5371,1,1.15142e-12,1.35438,22.6748,0.158907,1.39314e-08,False,nan|RHPA4259.7,1342312
1,130_bNAb_Combinations|1342312|vc|2|2|RHPA4259.7|5371,1,1.15142e-12,1.35438,0.376301,0.158907,1.39314e-08,False,nan|RHPA4259.7,1342312
1,130_bNAb_Combinations|1342312|vc|3|2|RHPA4259.7|5371,1,1.15142e-12,1.35438,0.0932236,0.158907,1.39314e-08,False,nan|RHPA4259.7,1342312
1,130_bNAb_Combinations|1342312|vc|4|2|RHPA4259.7|5371,1,1.15142e-12,1.35438,0.225603,0.158907,1.39314e-08,False,nan|RHPA4259.7,1342312
1,130_bNAb_Combinations|1342312|vc|5|2|RHPA4259.7|5371,1,1.15142e-12,1.35438,3.95079,0.158907,1.39314e-08,False,nan|RHPA4259.7,1342312
1,130_bNAb_Combinations|1342312|vc|6|2|RHPA4259.7|5371,1,1.15142e-12,1.35438,0.260815,0.158907,1.39314e-08,False,nan|RHPA4259.7,1342312
1,130_bNAb_Combinations|1342312|vc|7|2|RHPA4259.7|5371,1,1.15142e-12,1.35438,31.7938,0.158907,1.39314e-08,False,nan|RHPA4259.7,1342312
1,130_bNAb_Combinations|1342312|vc|8|2|RHPA4259.7|5371,1,1.15142e-12,1.35438,2.56722,0.158907,1.39314e-08,False,nan|RHPA4259.7,1342312
1,130_bNAb_Combinations|1342336|cc|1|1|nan|3430,1,1.15142e-12,1.35438,7.51597,0.158946,1.39315e-08,False,nan|3430,1342336
1,130_bNAb_Combinations|1342336|cc|2|1|nan|3430,1,1.15142e-12,1.35438,0.143249,0.158946,1.39315e-08,False,nan|3430,1342336
1,130_bNAb_Combinations|1342336|cc|3|1|nan|3430,1,1.15142e-12,1.35438,0.556845,0.158946,1.39315e-08,False,nan|3430,1342336
1,130_bNAb_Combinations|1342336|cc|4|1|nan|3430,1,1.15142e-12,1.35438,5.94978,0.158946,1.39315e-08,False,nan|3430,1342336
1,130_bNAb_Combinations|1342336|cc|5|1|nan|3430,1,1.15142e-12,1.35438,0.0321071,0.158946,1.39315e-08,False,nan|3430,1342336
1,130_bNAb_Combinations|1342336|cc|6|1|nan|3430,1,1.15142e-12,1.35438,24.0562,0.158946,1.39315e-08,False,nan|3430,1342336
1,130_bNAb_Combinations|1342336|cc|7|1|nan|3430,1,1.15142e-12,1.35438,0.113624,0.158946,1.39315e-08,False,nan|3430,1342336
1,130_bNAb_Combinations|1342336|cc|8|1|nan|3430,1,1.15142e-12,1.35438,1.77467,0.158946,1.39315e-08,False,nan|3430,1342336
1,130_bNAb_Combinations|1342336|sample|3|nan|3430,1,1.15142e-12,1.35438,26.4548,0.158946,1.39315e-08,True,VRC07-523LS|3430,1342336
1,130_bNAb_Combinations|1342336|sample|4|nan|3430,1,1.15142e-12,1.35438,26.2287,0.158946,1.39315e-08,True,VRC07-523LS|3430,1342336
1,130_bNAb_Combinations|1342336|sample|5|nan|3430,1,1.15142e-12,1.35438,91.0646,0.158946,1.39315e-08,True,VRC07-523LS|3430,1342336
1,130_bNAb_Combinations|1342336|vc|1|2|nan|3430,1,1.15142e-12,1.35438,3.89156,0.158946,1.39315e-08,False,nan|3430,1342336
1,130_bNAb_Combinations|1342336|vc|2|2|nan|3430,1,1.15142e-12,1.35438,0.72278,0.158946,1.39315e-08,False,nan|3430,1342336
1,130_bNAb_Combinations|1342336|vc|3|2|nan|3430,1,1.15142e-12,1.35438,280.044,0.158946,1.39315e-08,False,nan|3430,1342336
1,130_bNAb_Combinations|1342336|vc|4|2|nan|3430,1,1.15142e-12,1.35438,0.0731774,0.158946,1.39315e-08,False,nan|3430,1342336
1,130_bNAb_Combinations|1342336|vc|5|2|nan|3430,1,1.15142e-12,1.35438,42.1897,0.158946,1.39315e-08,False,nan|3430,1342336
1,130_bNAb_Combinations|1342336|vc|6|2|nan|3430,1,1.15142e-12,1.35438,0.0783712,0.158946,1.39315e-08,False,nan|3430,1342336
1,130_bNAb_Combinations|1342336|vc|7|2|nan|3430,1,1.15142e-12,1.35438,0.401107,0.158946,1.39315e-08,False,nan|3430,1342336
1,130_bNAb_Combinations|1342336|vc|8|2|nan|3430,1,1.15142e-12,1.35438,0.188635,0.158946,1.39315e-08,False,nan|3430,1342336
1,130_bNAb_Combinations|1342348|cc|1|1|nan|4166,1,1.15142e-12,1.35438,0.0450726,0.158907,1.39315e-08,False,nan|4166,1342348
1,130_bNAb_Combinations|1342348|cc|2|1|nan|4166,1,1.15142e-12,1.35438,0.887296,0.158907,1.39315e-08,False,nan|4166,1342348
1,130_bNAb_Combinations|1342348|cc|3|1|nan|4166,1,1.15142e-12,1.35438,2.23855,0.158907,1.39315e-08,False,nan|4166,1342348
1,130_bNAb_Combinations|1342348|cc|4|1|nan|4166,1,1.15142e-12,1.35438,1.50298,0.158907,1.39315e-08,False,nan|4166,1342348
1,130_bNAb_Combinations|1342348|cc|5|1|nan|4166,1,1.15142e-12,1.35438,0.193614,0.158907,1.39315e-08,False,nan|4166,1342348
1,130_bNAb_Combinations|1342348|cc|6|1|nan|4166,1,1.15142e-12,1.35438,0.60738,0.158907,1.39315e-08,False,nan|4166,1342348
1,130_bNAb_Combinations|1342348|cc|7|1|nan|4166,1,1.15142e-12,1.35438,15.2039,0.158907,1.39315e-08,False,nan|4166,1342348
1,130_bNAb_Combinations|1342348|cc|8|1|nan|4166,1,1.15142e-12,1.35438,5.05537,0.158907,1.39315e-08,False,nan|4166,1342348
1,130_bNAb_Combinations|1342348|sample|3|nan|4166,1,1.15142e-12,1.35438,47.2739,0.158907,1.39315e-08,True,VRC07-523LS|4166,1342348
1,130_bNAb_Combinations|1342348|sample|4|nan|4166,1,1.15142e-12,1.35438,45.595,0.158907,1.39315e-08,True,VRC07-523LS|4166,1342348
1,130_bNAb_Combinations|1342348|vc|1|2|nan|4166,1,1.15142e-12,1.35438,11.0855,0.158907,1.39315e-08,False,nan|4166,1342348
1,130_bNAb_Combinations|1342348|vc|2|2|nan|4166,1,1.15142e-12,1.35438,0.0123127,0.158907,1.39315e-08,False,nan|4166,1342348
1,130_bNAb_Combinations|1342348|vc|3|2|nan|4166,1,1.15142e-12,1.35438,0.970287,0.158907,1.39315e-08,False,nan|4166,1342348
1,130_bNAb_Combinations|1342348|vc|4|2|nan|4166,1,1.15142e-12,1.35438,0.0211353,0.158907,1.39315e-08,False,nan|4166,1342348
1,130_bNAb_Combinations|1342348|vc|5|2|nan|4166,1,1.15142e-12,1.35438,14.8981,0.158907,1.39315e-08,False,nan|4166,1342348
1,130_bNAb_Combinations|1342348|vc|6|2|nan|4166,1,1.15142e-12,1.35438,39.3169,0.158907,1.39315e-08,False,nan|4166,1342348
1,130_bNAb_Combinations|1342348|vc|7|2|nan|4166,1,1.15142e-12,1.35438,2.15105,0.158907,1.39315e-08,False,nan|4166,1342348
1,130_bNAb_Combinations|1342348|vc|8|2|nan|4166,1,1.15142e-12,1.35438,1.1416,0.158907,1.39315e-08,False,nan|4166,1342348
1,130_bNAb_Combinations|1342372|cc|1|1|nan|2944,1,1.15142e-12,1.35438,0.10778,0.158907,1.39315e-08,False,nan|2944,1342372
1,130_bNAb_Combinations|1342372|cc|2|1|nan|2944,1,1.15142e-12,1.35438,0.743516,0.158907,1.39315e-08,False,nan|2944,1342372
1,130_bNAb_Combinations|1342372|cc|3|1|nan|2944,1,1.15142e-12,1.35438,1.16189,0.158907,1.39315e-08,False,nan|2944,1342372
1,130_bNAb_Combinations|1342372|cc|4|1|nan|2944,1,1.15142e-12,1.35438,0.54104,0.158907,1.39315e-08,False,nan|2944,1342372
1,130_bNAb_Combinations|1342372|cc|5|1|nan|2944,1,1.15142e-12,1.35438,0.945057,0.158907,1.39315e-08,False,nan|2944,1342372
1,130_bNAb_Combinations|1342372|cc|6|1|nan|2944,1,1.15142e-12,1.35438,2.46098,0.158907,1.39315e-08,False,nan|2944,1342372
1,130_bNAb_Combinations|1342372|cc|7|1|nan|2944,1,1.15142e-12,1.35438,0.0867621,0.158907,1.39315e-08,False,nan|2944,1342372
1,130_bNAb_Combinations|1342372|cc|8|1|nan|2944,1,1.15142e-12,1.35438,2.29611,0.158907,1.39315e-08,False,nan|2944,1342372
1,130_bNAb_Combinations|1342372|sample|3|nan|2944,1,1.15142e-12,1.35438,15.4668,0.158907,1.39315e-08,True,VRC07-523LS|2944,1342372
1,130_bNAb_Combinations|1342372|sample|4|nan|2944,1,1.15142e-12,1.35438,12.1756,0.158907,1.39315e-08,True,VRC07-523LS|2944,1342372
1,130_bNAb_Combinations|1342372|vc|1|2|nan|2944,1,1.15142e-12,1.35438,0.476949,0.158907,1.39315e-08,False,nan|2944,1342372
1,130_bNAb_Combinations|1342372|vc|2|2|nan|2944,1,1.15142e-12,1.35438,0.443583,0.158907,1.39315e-08,False,nan|2944,1342372
1,130_bNAb_Combinations|1342372|vc|3|2|nan|2944,1,1.15142e-12,1.35438,0.153932,0.158907,1.39315e-08,False,nan|2944,1342372
1,130_bNAb_Combinations|1342372|vc|4|2|nan|2944,1,1.15142e-12,1.35438,0.448207,0.158907,1.39315e-08,False,nan|2944,1342372
1,130_bNAb_Combinations|1342372|vc|5|2|nan|2944,1,1.15142e-12,1.35438,0.0452373,0.158907,1.39315e-08,False,nan|2944,1342372
1,130_bNAb_Combinations|1342372|vc|6|2|nan|2944,1,1.15142e-12,1.35438,1.85147,0.158907,1.39315e-08,False,nan|2944,1342372
1,130_bNAb_Combinations|1342372|vc|7|2|nan|2944,1,1.15142e-12,1.35438,0.0529059,0.158907,1.39315e-08,False,nan|2944,1342372
1,130_bNAb_Combinations|1342372|vc|8|2|nan|2944,1,1.15142e-12,1.35438,0.152459,0.158907,1.39315e-08,False,nan|2944,1342372
1,130_bNAb_Combinations|1342384|cc|1|1|nan|2946,1,1.15142e-12,1.35438,4.20694,0.15891,1.38087e-08,False,nan|2946,1342384
1,130_bNAb_Combinations|1342384|cc|2|1|nan|2946,1,1.15142e-12,1.35438,0.0257275,0.15891,1.38087e-08,False,nan|2946,1342384
1,130_bNAb_Combinations|1342384|cc|3|1|nan|2946,1,1.15142e-12,1.35438,0.0331365,0.15891,1.38087e-08,False,nan|2946,1342384
1,130_bNAb_Combinations|1342384|cc|4|1|nan|2946,1,1.15142e-12,1.35438,0.160721,0.15891,1.38087e-08,False,nan|2946,1342384
1,130_bNAb_Combinations|1342384|cc|5|1|nan|2946,1,1.15142e-12,1.35438,0.204435,0.15891,1.38087e-08,False,nan|2946,1342384
1,130_bNAb_Combinations|1342384|cc|6|1|nan|2946,1,1.15142e-12,1.35438,0.0866969,0.15891,1.38087e-08,False,nan|2946,1342384
1,130_bNAb_Combinations|1342384|cc|7|1|nan|2946,1,1.15142e-12,1.35438,0.432372,0.15891,1.38087e-08,False,nan|2946,1342384
1,130_bNAb_Combinations|1342384|cc|8|1|nan|2946,1,1.15142e-12,1.35438,4.14243,0.15891,1.38087e-08,False,nan|2946,1342384
1,130_bNAb_Combinations|1342384|sample|3|nan|2946,1,1.15142e-12,1.35438,1.7634,0.15891,1.38087e-08,True,VRC07-523LS|2946,1342384
1,130_bNAb_Combinations|1342384|sample|4|nan|2946,1,1.15142e-12,1.35438,2.16228,0.15891,1.38087e-08,True,VRC07-523LS|2946,1342384
1,130_bNAb_Combinations|1342384|vc|1|2|nan|2946,1,1.15142e-12,1.35438,2.02001,0.15891,1.38087e-08,False,nan|2946,1342384
1,130_bNAb_Combinations|1342384|vc|2|2|nan|2946,1,1.15142e-12,1.35438,3.17112,0.15891,1.38087e-08,False,nan|2946,1342384
1,130_bNAb_Combinations|1342384|vc|3|2|nan|2946,1,1.15142e-12,1.35438,2.84884,0.15891,1.38087e-08,False,nan|2946,1342384
1,130_bNAb_Combinations|1342384|vc|4|2|nan|2946,1,1.15142e-12,1.35438,46.0829,0.15891,1.38087e-08,False,nan|2946,1342384
1,130_bNAb_Combinations|1342384|vc|5|2|nan|2946,1,1.15142e-12,1.35438,0.123367,0.15891,1.38087e-08,False,nan|2946,1342384
1,130_bNAb_Combinations|1342384|vc|6|2|nan|2946,1,1.15142e-12,1.35438,3.88271,0.15891,1.38087e-08,False,nan|2946,1342384
1,130_bNAb_Combinations|1342384|vc|7|2|nan|2946,1,1.15142e-12,1.35438,3.75996,0.15891,1.38087e-08,False,nan|2946,1342384
1,130_bNAb_Combinations|1342384|vc|8|2|nan|2946,1,1.15142e-12,1.35438,468.947,0.15891,1.38087e-08,False,nan|2946,1342384
1,130_bNAb_Combinations|1342396|cc|1|1|PVO.4|5024,1,1.15142e-12,1.35438,21.182,0.158927,1.39315e-08,False,nan|PVO.4,1342396
1,130_bNAb_Combinations|1342396|cc|2|1|PVO.4|5024,1,1.15142e-12,1.35438,0.753642,0.158927,1.39315e-08,False,nan|PVO.4,1342396
1,130_bNAb_Combinations|1342396|cc|3|1|PVO.4|5024,1,1.15142e-12,1.35438,0.559885,0.158927,1.39315e-08,False,nan|PVO.4,1342396
1,130_bNAb_Combinations|1342396|cc|4|1|PVO.4|5024,1,1.15142e-12,1.35438,6.40427,0.158927,1.39315e-08,False,nan|PVO.4,1342396
1,130_bNAb_Combinations|1342396|cc|5|1|PVO.4|5024,1,1.15142e-12,1.35438,8.23076,0.158927,1.39315e-08,False,nan|PVO.4,1342396
1,130_bNAb_Combinations|1342396|cc|6|1|PVO.4|5024,1,1.15142e-12,1.35438,5.41471,0.158927,1.39315e-08,False,nan|PVO.4,1342396
1,130_bNAb_Combinations|1342396|cc|7|1|PVO.4|5024,1,1.15142e-12,1.35438,0.452051,0.158927,1.39315e-08,False,nan|PVO.4,1342396
1,130_bNAb_Combinations|1342396|cc|8|1|PVO.4|5024,1,1.15142e-12,1.35438,16.1698,0.158927,1.39315e-08,False,nan|PVO.4,1342396
1,130_bNAb_Combinations|1342396|sample|3|PVO.4|5024,1,1.15142e-12,1.35438,8.4358,0.158927,1.39315e-08,True,VRC07-523LS|PVO.4,1342396
1,130_bNAb_Combinations|1342396|sample|4|PVO.4|5024,1,1.15142e-12,1.35438,8.62423,0.158927,1.39315e-08,True,VRC07-523LS|PVO.4,1342396
1,130_bNAb_Combinations|1342396|vc|1|2|PVO.4|5024,1,1.15142e-12,1.35438,0.091566,0.158927,1.39315e-08,False,nan|PVO.4,1342396
1,130_bNAb_Combinations|1342396|vc|2|2|PVO.4|5024,1,1.15142e-12,1.35438,0.180079,0.158927,1.39315e-08,False,nan|PVO.4,1342396
1,130_bNAb_Combinations|1342396|vc|3|2|PVO.4|5024,1,1.15142e-12,1.35438,2.19616,0.158927,1.39315e-08,False,nan|PVO.4,1342396
1,130_bNAb_Combinations|1342396|vc|4|2|PVO.4|5024,1,1.15142e-12,1.35438,8.86622,0.158927,1.39315e-08,False,nan|PVO.4,1342396
1,130_bNAb_Combinations|1342396|vc|5|2|PVO.4|5024,1,1.15142e-12,1.35438,0.836925,0.158927,1.39315e-08,False,nan|PVO.4,1342396
1,130_bNAb_Combinations|1342396|vc|6|2|PVO.4|5024,1,1.15142e-12,1.35438,0.624424,0.158927,1.39315e-08,False,nan|PVO.4,1342396
1,130_bNAb_Combinations|1342396|vc|7|2|PVO.4|5024,1,1.15142e-12,1.35438,1.55844,0.158927,1.39315e-08,False,nan|PVO.4,1342396
1,130_bNAb_Combinations|1342396|vc|8|2|PVO.4|5024,1,1.15142e-12,1.35438,84.977,0.158927,1.39315e-08,False,nan|PVO.4,1342396
1,130_bNAb_Combinations|1342408|cc|1|1|nan|4168,1,1.15142e-12,1.35438,0.511208,0.158915,1.39267e-08,False,nan|4168,1342408
1,130_bNAb_Combinations|1342408|cc|2|1|nan|4168,1,1.15142e-12,1.35438,0.604802,0.158915,1.39267e-08,False,nan|4168,1342408
1,130_bNAb_Combinations|1342408|cc|3|1|nan|4168,1,1.15142e-12,1.35438,13.1644,0.158915,1.39267e-08,False,nan|4168,1342408
1,130_bNAb_Combinations|1342408|cc|4|1|nan|4168,1,1.15142e-12,1.35438,0.985704,0.158915,1.39267e-08,False,nan|4168,1342408
1,130_bNAb_Combinations|1342408|cc|5|1|nan|4168,1,1.15142e-12,1.35438,0.657807,0.158915,1.39267e-08,False,nan|4168,1342408
1,130_bNAb_Combinations|1342408|cc|6|1|nan|4168,1,1.15142e-12,1.35438,0.107669,0.158915,1.39267e-08,False,nan|4168,1342408
1,130_bNAb_Combinations|1342408|cc|7|1|nan|4168,1,1.15142e-12,1.35438,1.70845,0.158915,1.39267e-08,False,nan|4168,1342408
1,130_bNAb_Combinations|1342408|cc|8|1|nan|4168,1,1.15142e-12,1.35438,0.119889,0.158915,1.39267e-08,False,nan|4168,1342408
1,130_bNAb_Combinations|1342408|sample|3|nan|4168,1,1.15142e-12,1.35438,5.07472,0.158915,1.39267e-08,True,VRC07-523LS|4168,1342408
1,130_bNAb_Combinations|1342408|sample|4|nan|4168,1,1.15142e-12,1.35438,4.39791,0.158915,1.39267e-08,True,VRC07-523LS|4168,1342408
1,130_bNAb_Combinations|1342408|vc|1|2|nan|4168,1,1.15142e-12,1.35438,0.0611038,0.158915,1.39267e-08,False,nan|4168,1342408
1,130_bNAb_Combinations|1342408|vc|2|2|nan|4168,1,1.15142e-12,1.35438,22.5299,0.158915,1.39267e-08,False,nan|4168,1342408
1,130_bNAb_Combinations|1342408|vc|3|2|nan|4168,1,1.15142e-12,1.35438,1.95054,0.158915,1.39267e-08,False,nan|4168,1342408
1,130_bNAb_Combinations|1342408|vc|4|2|nan|4168,1,1.15142e-12,1.35438,1.45638,0.158915,1.39267e-08,False,nan|4168,1342408
1,130_bNAb_Combinations|1342408|vc|5|2|nan|4168,1,1.15142e-12,1.35438,1.47537,0.158915,1.39267e-08,False,nan|4168,1342408
1,130_bNAb_Combinations|1342408|vc|6|2|nan|4168,1,1.15142e-12,1.35438,0.362246,0.158915,1.39267e-08,False,nan|4168,1342408
1,130_bNAb_Combinations|1342408|vc|7|2|nan|4168,1,1.15142e-12,1.35438,97.2924,0.158915,1.39267e-08,False,nan|4168,1342408
1,130_bNAb_Combinations|1342408|vc|8|2|nan|4168,1,1.15142e-12,1.35438,2.10341,0.158915,1.39267e-08,False,nan|4168,1342408
1,704_VRC01_Concordance|1200432|cc|1|1|PVO.4|5024,1,1.15142e-12,1.35438,0.293649,0.158907,1.39315e-08,False,nan|PVO.4,1200432
1,704_VRC01_Concordance|1200432|cc|2|1|PVO.4|5024,1,1.15142e-12,1.35438,3.28309,0.158907,1.39315e-08,False,nan|PVO.4,1200432
1,704_VRC01_Concordance|1200432|cc|3|1|PVO.4|5024,1,1.15142e-12,1.35438,11.7639,0.158907,1.39315e-08,False,nan|PVO.4,1200432
1,704_VRC01_Concordance|1200432|cc|4|1|PVO.4|5024,1,1.15142e-12,1.35438,2.15264,0.158907,1.39315e-08,False,nan|PVO.4,1200432
1,704_VRC01_Concordance|1200432|cc|5|1|PVO.4|5024,1,1.15142e-12,1.35438,2.92325,0.158907,1.39315e-08,False,nan|PVO.4,1200432
1,704_VRC01_Concordance|1200432|cc|6|1|PVO.4|5024,1,1.15142e-12,1.35438,12.2646,0.158907,1.39315e-08,False,nan|PVO.4,1200432
1,704_VRC01_Concordance|1200432|cc|7|1|PVO.4|5024,1,1.15142e-12,1.35438,0.0215089,0.158907,1.39315e-08,False,nan|PVO.4,1200432
1,704_VRC01_Concordance|1200432|cc|8|1|PVO.4|5024,1,1.15142e-12,1.35438,11.5792,0.158907,1.39315e-08,False,nan|PVO.4,1200432
1,704_VRC01_Concordance|1200432|sample|10|PVO.4|5024,1,1.15142e-12,1.35438,1.5749,0.158907,1.39315e-08,True,Clinical VRC01|PVO.4,1200432
1,704_VRC01_Concordance|1200432|sample|11|PVO.4|5024,1,1.15142e-12,1.35438,2.63601,0.158907,1.39315e-08,True,Clinical VRC01|PVO.4,1200432
1,704_VRC01_Concordance|1200432|sample|12|PVO.4|5024,1,1.15142e-12,1.35438,3.06866,0.158907,1.39315e-08,True,Clinical VRC01|PVO.4,1200432
1,704_VRC01_Concordance|1200432|sample|3|PVO.4|5024,1,1.15142e-12,1.35438,3.48585,0.158907,1.39315e-08,True,Clinical VRC01|PVO.4,1200432
1,704_VRC01_Concordance|1200432|sample|4|PVO.4|5024,1,1.15142e-12,1.35438,1.9761,0.158907,1.39315e-08,True,Clinical VRC01|PVO.4,1200432
1,704_VRC01_Concordance|1200432|sample|5|PVO.4|5024,1,1.15142e-12,1.35438,1.68563,0.158907,1.39315e-08,True,Clinical VRC01|PVO.4,1200432
1,704_VRC01_Concordance|1200432|sample|6|PVO.4|5024,1,1.15142e-12,1.35438,1.52592,0.158907,1.39315e-08,True,Clinical VRC01|PVO.4,1200432
1,704_VRC01_Concordance|1200432|sample|7|PVO.4|5024,1,1.15142e-12,1.35438,2.69158,0.158907,1.39315e-08,True,Clinical VRC01|PVO.4,1200432
1,704_VRC01_Concordance|1200432|sample|8|PVO.4|5024,1,1.15142e-12,1.35438,2.59119,0.158907,1.39315e-08,True,Clinical VRC01|PVO.4,1200432
1,704_VRC01_Concordance|1200432|sample|9|PVO.4|5024,1,1.15142e-12,1.35438,1.7414,0.158907,1.39315e-08,True,Clinical VRC01|PVO.4,1200432
1,704_VRC01_Concordance|1200432|vc|1|2|PVO.4|5024,1,1.15142e-12,1.35438,1.35758,0.158907,1.39315e-08,False,nan|PVO.4,1200432
1,704_VRC01_Concordance|1200432|vc|2|2|PVO.4|5024,1,1.15142e-12,1.35438,5.78614,0.158907,1.39315e-08,False,nan|PVO.4,1200432
1,704_VRC01_Concordance|1200432|vc|3|2|PVO.4|5024,1,1.15142e-12,1.35438,1.31431,0.158907,1.39315e-08,False,nan|PVO.4,1200432
1,704_VRC01_Concordance|1200432|vc|4|2|PVO.4|5024,1,1.15142e-12,1.35438,0.115385,0.158907,1.39315e-08,False,nan|PVO.4,1200432
1,704_VRC01_Concordance|1200432|vc|5|2|PVO.4|5024,1,1.15142e-12,1.35438,1.02719,0.158907,1.39315e-08,False,nan|PVO.4,1200432
1,704_VRC01_Concordance|1200432|vc|6|2|PVO.4|5024,1,1.15142e-12,1.35438,20.2173,0.158907,1.39315e-08,False,nan|PVO.4,1200432
1,704_VRC01_Concordance|1200432|vc|7|2|PVO.4|5024,1,1.15142e-12,1.35438,4.55819,0.158907,1.39315e-08,False,nan|PVO.4,1200432
1,704_VRC01_Concordance|1200432|vc|8|2|PVO.4|5024,1,1.15142e-12,1.35438,117.721,0.158907,1.39315e-08,False,nan|PVO.4,1200432
