rep,id,U,L,m,e,alpha,k,goes_down,mab_virus,run_id
1,130_bNAb_Combinations|1313842|cc|1|1|nan|2946,1,2.24399e-07,1.5775,30.6102,0.159788,5.72602e-07,False,nan|2946,1313842
1,130_bNAb_Combinations|1313842|cc|2|1|nan|2946,1,386944,1.5775,30.6102,0.159788,5.72602e-07,False,nan|2946,1313842
1,130_bNAb_Combinations|1313842|cc|3|1|nan|2946,1,1.7637e+08,1.5775,30.6102,0.159788,5.72602e-07,False,nan|2946,1313842
1,130_bNAb_Combinations|1313842|cc|4|1|nan|2946,1,33102.3,1.5775,30.6102,0.159788,5.72602e-07,False,nan|2946,1313842
1,130_bNAb_Combinations|1313842|cc|5|1|nan|2946,1,0.0007728,1.5775,30.6102,0.159788,5.72602e-07,False,nan|2946,1313842
1,130_bNAb_Combinations|1313842|cc|6|1|nan|2946,1,82591.7,1.5775,30.6102,0.159788,5.72602e-07,False,nan|2946,1313842
1,130_bNAb_Combinations|1313842|cc|7|1|nan|2946,1,7.55397e-05,1.5775,30.6102,0.159788,5.72602e-07,False,nan|2946,1313842
1,130_bNAb_Combinations|1313842|cc|8|1|nan|2946,1,5.0848e+06,1.5775,30.6102,0.159788,5.72602e-07,False,nan|2946,1313842
1,130_bNAb_Combinations|1313842|sample|10|nan|2946,1,0.000398571,1.57756,2.20079,0.159788,5.72602e-07,True,PGT121|2946,1313842
1,130_bNAb_Combinations|1313842|sample|11|nan|2946,1,2.19896e-07,1.57754,1.93208,0.159788,5.72602e-07,True,VRC07-523LS|2946,1313842
1,130_bNAb_Combinations|1313842|sample|12|nan|2946,1,4.12414e-11,1.57754,1.93208,0.159788,5.72602e-07,True,VRC07-523LS|2946,1313842
1,130_bNAb_Combinations|1313842|sample|3|nan|2946,1,0.112516,0.947326,0.973539,0.159788,5.72602e-07,True,PGDM1400|2946,1313842
1,130_bNAb_Combinations|1313842|sample|4|nan|2946,1,0.0158411,0.947326,0.973539,0.159788,5.72602e-07,True,PGDM1400|2946,1313842
1,130_bNAb_Combinations|1313842|sample|5|nan|2946,1,0.0259175,0.947326,0.973539,0.159788,5.72602e-07,True,PGDM1400|2946,1313842
1,130_bNAb_Combinations|1313842|sample|6|nan|2946,1,0.0349942,0.947326,0.973539,0.159788,5.72602e-07,True,PGDM1400|2946,1313842
1,130_bNAb_Combinations|1313842|sample|7|nan|2946,1,0.000228698,1.57756,2.20079,0.159788,5.72602e-07,True,PGT121|2946,1313842
1,130_bNAb_Combinations|1313842|sample|8|nan|2946,1,3.65748e-05,1.57756,2.20079,0.159788,5.72602e-07,True,PGT121|2946,1313842
1,130_bNAb_Combinations|1313842|sample|9|nan|2946,1,0.00371367,1.57756,2.20079,0.159788,5.72602e-07,True,PGT121|2946,1313842
1,130_bNAb_Combinations|1313842|vc|1|2|nan|2946,1,1.72349e-13,1.5775,30.6102,0.159788,5.72602e-07,False,nan|2946,1313842
1,130_bNAb_Combinations|1313842|vc|2|2|nan|2946,1,526932,1.5775,30.6102,0.159788,5.72602e-07,False,nan|2946,1313842
1,130_bNAb_Combinations|1313842|vc|3|2|nan|2946,1,5.57883e+09,1.5775,30.6102,0.159788,5.72602e-07,False,nan|2946,1313842
1,130_bNAb_Combinations|1313842|vc|4|2|nan|2946,1,20975.2,1.5775,30.6102,0.159788,5.72602e-07,False,nan|2946,1313842
1,130_bNAb_Combinations|1313842|vc|5|2|nan|2946,1,3.56283,1.5775,30.6102,0.159788,5.72602e-07,False,nan|2946,1313842
1,130_bNAb_Combinations|1313842|vc|6|2|nan|2946,1,0.0224249,1.5775,30.6102,0.159788,5.72602e-07,False,nan|2946,1313842
1,130_bNAb_Combinations|1313842|vc|7|2|nan|2946,1,1.65454e+08,1.5775,30.6102,0.159788,5.72602e-07,False,nan|2946,1313842
1,130_bNAb_Combinations|1313842|vc|8|2|nan|2946,1,4.43116e-07,1.5775,30.6102,0.159788,5.72602e-07,False,nan|2946,1313842
1,130_bNAb_Combinations|1313860|cc|1|1|PVO.4|5024,1,2.44134e+10,1.5752,29.3097,0.159789,5.72439e-07,False,nan|PVO.4,1313860
1,130_bNAb_Combinations|1313860|cc|2|1|PVO.4|5024,1,0.088642,1.5752,29.3097,0.159789,5.72439e-07,False,nan|PVO.4,1313860
1,130_bNAb_Combinations|1313860|cc|3|1|PVO.4|5024,1,0.0130925,1.5752,29.3097,0.159789,5.72439e-07,False,nan|PVO.4,1313860
1,130_bNAb_Combinations|1313860|cc|4|1|PVO.4|5024,1,5.67979,1.5752,29.3097,0.159789,5.72439e-07,False,nan|PVO.4,1313860
1,130_bNAb_Combinations|1313860|cc|5|1|PVO.4|5024,1,1.30314,1.5752,29.3097,0.159789,5.72439e-07,False,nan|PVO.4,1313860
1,130_bNAb_Combinations|1313860|cc|6|1|PVO.4|5024,1,187549,1.5752,29.3097,0.159789,5.72439e-07,False,nan|PVO.4,1313860
1,130_bNAb_Combinations|1313860|cc|7|1|PVO.4|5024,1,2.09775e+07,1.5752,29.3097,0.159789,5.72439e-07,False,nan|PVO.4,1313860
1,130_bNAb_Combinations|1313860|cc|8|1|PVO.4|5024,1,278861,1.5752,29.3097,0.159789,5.72439e-07,False,nan|PVO.4,1313860
1,130_bNAb_Combinations|1313860|sample|10|PVO.4|5024,1,8.86846e-06,1.57754,7.10224,0.159789,5.72439e-07,True,PGT121|PVO.4,1313860
1,130_bNAb_Combinations|1313860|sample|11|PVO.4|5024,1,9.87288e-10,1.57757,8.36137,0.159789,5.72439e-07,True,VRC07-523LS|PVO.4,1313860
1,130_bNAb_Combinations|1313860|sample|12|PVO.4|5024,1,1.32651e-05,1.57757,8.36137,0.159789,5.72439e-07,True,VRC07-523LS|PVO.4,1313860
1,130_bNAb_Combinations|1313860|sample|3|PVO.4|5024,1,1.14288e-11,1.5777,0.778492,0.159789,5.72439e-07,True,PGDM1400|PVO.4,1313860
1,130_bNAb_Combinations|1313860|sample|4|PVO.4|5024,1,0.00609065,1.5777,0.778492,0.159789,5.72439e-07,True,PGDM1400|PVO.4,1313860
1,130_bNAb_Combinations|1313860|sample|5|PVO.4|5024,1,3.60402e-06,1.5777,0.778492,0.159789,5.72439e-07,True,PGDM1400|PVO.4,1313860
1,130_bNAb_Combinations|1313860|sample|6|PVO.4|5024,1,3.5709e-06,1.5777,0.778492,0.159789,5.72439e-07,True,PGDM1400|PVO.4,1313860
1,130_bNAb_Combinations|1313860|sample|7|PVO.4|5024,1,3.72754e-06,1.57754,7.10224,0.159789,5.72439e-07,True,PGT121|PVO.4,1313860
1,130_bNAb_Combinations|1313860|sample|8|PVO.4|5024,1,1.00672e-06,1.57754,7.10224,0.159789,5.72439e-07,True,PGT121|PVO.4,1313860
1,130_bNAb_Combinations|1313860|sample|9|PVO.4|5024,1,0.000750205,1.57754,7.10224,0.159789,5.72439e-07,True,PGT121|PVO.4,1313860
1,130_bNAb_Combinations|1313860|vc|1|2|PVO.4|5024,1,0.000641333,1.5752,29.3097,0.159789,5.72439e-07,False,nan|PVO.4,1313860
1,130_bNAb_Combinations|1313860|vc|2|2|PVO.4|5024,1,5.91231e-09,1.5752,29.3097,0.159789,5.72439e-07,False,nan|PVO.4,1313860
1,130_bNAb_Combinations|1313860|vc|3|2|PVO.4|5024,1,15.8175,1.5752,29.3097,0.159789,5.72439e-07,False,nan|PVO.4,1313860
1,130_bNAb_Combinations|1313860|vc|4|2|PVO.4|5024,1,1.05588,1.5752,29.3097,0.159789,5.72439e-07,False,nan|PVO.4,1313860
1,130_bNAb_Combinations|1313860|vc|5|2|PVO.4|5024,1,1.14191e-05,1.5752,29.3097,0.159789,5.72439e-07,False,nan|PVO.4,1313860
1,130_bNAb_Combinations|1313860|vc|6|2|PVO.4|5024,1,89984.5,1.5752,29.3097,0.159789,5.72439e-07,False,nan|PVO.4,1313860
1,130_bNAb_Combinations|1313860|vc|7|2|PVO.4|5024,1,2.1095e-07,1.5752,29.3097,0.159789,5.72439e-07,False,nan|PVO.4,1313860
1,130_bNAb_Combinations|1313860|vc|8|2|PVO.4|5024,1,1.14774e+06,1.5752,29.3097,0.159789,5.72439e-07,False,nan|PVO.4,1313860
1,130_bNAb_Combinations|1313884|cc|1|1|nan|4168,1,2.58299e+07,1.57715,5.57258,0.159793,5.72438e-07,False,nan|4168,1313884
1,130_bNAb_Combinations|1313884|cc|2|1|nan|4168,1,2.01864e-06,1.57715,5.57258,0.159793,5.72438e-07,False,nan|4168,1313884
1,130_bNAb_Combinations|1313884|cc|3|1|nan|4168,1,0.0588388,1.57715,5.57258,0.159793,5.72438e-07,False,nan|4168,1313884
1,130_bNAb_Combinations|1313884|cc|4|1|nan|4168,1,2.02321e-10,1.57715,5.57258,0.159793,5.72438e-07,False,nan|4168,1313884
1,130_bNAb_Combinations|1313884|cc|5|1|nan|4168,1,5.58999e-10,1.57715,5.57258,0.159793,5.72438e-07,False,nan|4168,1313884
1,130_bNAb_Combinations|1313884|cc|6|1|nan|4168,1,7.60424e-12,1.57715,5.57258,0.159793,5.72438e-07,False,nan|4168,1313884
1,130_bNAb_Combinations|1313884|cc|7|1|nan|4168,1,0.0167961,1.57715,5.57258,0.159793,5.72438e-07,False,nan|4168,1313884
1,130_bNAb_Combinations|1313884|cc|8|1|nan|4168,1,8.2225e-09,1.57715,5.57258,0.159793,5.72438e-07,False,nan|4168,1313884
1,130_bNAb_Combinations|1313884|sample|10|nan|4168,1,0.0222824,1.57756,0.738694,0.159793,5.72438e-07,True,PGT121|4168,1313884
1,130_bNAb_Combinations|1313884|sample|11|nan|4168,1,0.0001125,1.17688,5.48057,0.159793,5.72438e-07,True,VRC07-523LS|4168,1313884
1,130_bNAb_Combinations|1313884|sample|12|nan|4168,1,1.03005e-12,1.17688,5.48057,0.159793,5.72438e-07,True,VRC07-523LS|4168,1313884
1,130_bNAb_Combinations|1313884|sample|3|nan|4168,1,0.00135932,1.57754,0.214182,0.159793,5.72438e-07,True,PGDM1400|4168,1313884
1,130_bNAb_Combinations|1313884|sample|4|nan|4168,1,0.0930913,1.57754,0.214182,0.159793,5.72438e-07,True,PGDM1400|4168,1313884
1,130_bNAb_Combinations|1313884|sample|5|nan|4168,1,0.011456,1.57754,0.214182,0.159793,5.72438e-07,True,PGDM1400|4168,1313884
1,130_bNAb_Combinations|1313884|sample|6|nan|4168,1,0.0227495,1.57754,0.214182,0.159793,5.72438e-07,True,PGDM1400|4168,1313884
1,130_bNAb_Combinations|1313884|sample|7|nan|4168,1,8.10807e-12,1.57756,0.738694,0.159793,5.72438e-07,True,PGT121|4168,1313884
1,130_bNAb_Combinations|1313884|sample|8|nan|4168,1,0.0132354,1.57756,0.738694,0.159793,5.72438e-07,True,PGT121|4168,1313884
1,130_bNAb_Combinations|1313884|sample|9|nan|4168,1,0.0325056,1.57756,0.738694,0.159793,5.72438e-07,True,PGT121|4168,1313884
1,130_bNAb_Combinations|1313884|vc|1|2|nan|4168,1,113.108,1.57715,5.57258,0.159793,5.72438e-07,False,nan|4168,1313884
1,130_bNAb_Combinations|1313884|vc|2|2|nan|4168,1,1.78265e+06,1.57715,5.57258,0.159793,5.72438e-07,False,nan|4168,1313884
1,130_bNAb_Combinations|1313884|vc|3|2|nan|4168,1,0.000995314,1.57715,5.57258,0.159793,5.72438e-07,False,nan|4168,1313884
1,130_bNAb_Combinations|1313884|vc|4|2|nan|4168,1,0.066658,1.57715,5.57258,0.159793,5.72438e-07,False,nan|4168,1313884
1,130_bNAb_Combinations|1313884|vc|5|2|nan|4168,1,9.6418e-06,1.57715,5.57258,0.159793,5.72438e-07,False,nan|4168,1313884
1,130_bNAb_Combinations|1313884|vc|6|2|nan|4168,1,1963.91,1.57715,5.57258,0.159793,5.72438e-07,False,nan|4168,1313884
1,130_bNAb_Combinations|1313884|vc|7|2|nan|4168,1,9.60663e+11,1.57715,5.57258,0.159793,5.72438e-07,False,nan|4168,1313884
1,130_bNAb_Combinations|1313884|vc|8|2|nan|4168,1,68128.5,1.57715,5.57258,0.159793,5.72438e-07,False,nan|4168,1313884
1,130_bNAb_Combinations|1313920|cc|1|1|nan|1798,1,61.6275,1.57737,14.9812,0.159802,5.7253e-07,False,nan|1798,1313920
1,130_bNAb_Combinations|1313920|cc|2|1|nan|1798,1,107.154,1.57737,14.9812,0.159802,5.7253e-07,False,nan|1798,1313920
1,130_bNAb_Combinations|1313920|cc|3|1|nan|1798,1,0.33801,1.57737,14.9812,0.159802,5.7253e-07,False,nan|1798,1313920
1,130_bNAb_Combinations|1313920|cc|4|1|nan|1798,1,0.00731381,1.57737,14.9812,0.159802,5.7253e-07,False,nan|1798,1313920
1,130_bNAb_Combinations|1313920|cc|5|1|nan|1798,1,6.73993e-08,1.57737,14.9812,0.159802,5.7253e-07,False,nan|1798,1313920
1,130_bNAb_Combinations|1313920|cc|6|1|nan|1798,1,9.71715e-09,1.57737,14.9812,0.159802,5.7253e-07,False,nan|1798,1313920
1,130_bNAb_Combinations|1313920|cc|7|1|nan|1798,1,0.0621248,1.57737,14.9812,0.159802,5.7253e-07,False,nan|1798,1313920
1,130_bNAb_Combinations|1313920|cc|8|1|nan|1798,1,0.00760421,1.57737,14.9812,0.159802,5.7253e-07,False,nan|1798,1313920
1,130_bNAb_Combinations|1313920|sample|10|nan|1798,1,1.33723e-07,1.57752,17.2397,0.159802,5.7253e-07,True,PGT121|1798,1313920
1,130_bNAb_Combinations|1313920|sample|11|nan|1798,1,4.04099e-06,1.57751,2.63126,0.159802,5.7253e-07,True,VRC07-523LS|1798,1313920
1,130_bNAb_Combinations|1313920|sample|12|nan|1798,1,7.73842e-05,1.57751,2.63126,0.159802,5.7253e-07,True,VRC07-523LS|1798,1313920
1,130_bNAb_Combinations|1313920|sample|3|nan|1798,1,0.010808,0.641559,3.70416,0.159802,5.7253e-07,True,PGDM1400|1798,1313920
1,130_bNAb_Combinations|1313920|sample|4|nan|1798,1,0,0.641559,3.70416,0.159802,5.7253e-07,True,PGDM1400|1798,1313920
1,130_bNAb_Combinations|1313920|sample|5|nan|1798,1,0.0438854,0.641559,3.70416,0.159802,5.7253e-07,True,PGDM1400|1798,1313920
1,130_bNAb_Combinations|1313920|sample|6|nan|1798,1,0.0334317,0.641559,3.70416,0.159802,5.7253e-07,True,PGDM1400|1798,1313920
1,130_bNAb_Combinations|1313920|sample|7|nan|1798,1,1.47549e-06,1.57752,17.2397,0.159802,5.7253e-07,True,PGT121|1798,1313920
1,130_bNAb_Combinations|1313920|sample|8|nan|1798,1,5.44605e-05,1.57752,17.2397,0.159802,5.7253e-07,True,PGT121|1798,1313920
1,130_bNAb_Combinations|1313920|sample|9|nan|1798,1,1.40525e-08,1.57752,17.2397,0.159802,5.7253e-07,True,PGT121|1798,1313920
1,130_bNAb_Combinations|1313920|vc|1|2|nan|1798,1,7.95304e-09,1.57737,14.9812,0.159802,5.7253e-07,False,nan|1798,1313920
1,130_bNAb_Combinations|1313920|vc|2|2|nan|1798,1,9.37974e+10,1.57737,14.9812,0.159802,5.7253e-07,False,nan|1798,1313920
1,130_bNAb_Combinations|1313920|vc|3|2|nan|1798,1,5.14129e-09,1.57737,14.9812,0.159802,5.7253e-07,False,nan|1798,1313920
1,130_bNAb_Combinations|1313920|vc|4|2|nan|1798,1,0.0784215,1.57737,14.9812,0.159802,5.7253e-07,False,nan|1798,1313920
1,130_bNAb_Combinations|1313920|vc|5|2|nan|1798,1,2.43965e+07,1.57737,14.9812,0.159802,5.7253e-07,False,nan|1798,1313920
1,130_bNAb_Combinations|1313920|vc|6|2|nan|1798,1,0.382594,1.57737,14.9812,0.159802,5.7253e-07,False,nan|1798,1313920
1,130_bNAb_Combinations|1313920|vc|7|2|nan|1798,1,133.556,1.57737,14.9812,0.159802,5.7253e-07,False,nan|1798,1313920
1,130_bNAb_Combinations|1313920|vc|8|2|nan|1798,1,850940,1.57737,14.9812,0.159802,5.7253e-07,False,nan|1798,1313920
1,130_bNAb_Combinations|1313938|cc|1|1|TRO.11|8301,1,0.0248056,1.5775,9.66312,0.159792,5.7242e-07,False,nan|TRO.11,1313938
1,130_bNAb_Combinations|1313938|cc|2|1|TRO.11|8301,1,0.000147977,1.5775,9.66312,0.159792,5.7242e-07,False,nan|TRO.11,1313938
1,130_bNAb_Combinations|1313938|cc|3|1|TRO.11|8301,1,609.615,1.5775,9.66312,0.159792,5.7242e-07,False,nan|TRO.11,1313938
1,130_bNAb_Combinations|1313938|cc|4|1|TRO.11|8301,1,6.58468e-10,1.5775,9.66312,0.159792,5.7242e-07,False,nan|TRO.11,1313938
1,130_bNAb_Combinations|1313938|cc|5|1|TRO.11|8301,1,0.0269404,1.5775,9.66312,0.159792,5.7242e-07,False,nan|TRO.11,1313938
1,130_bNAb_Combinations|1313938|cc|6|1|TRO.11|8301,1,0.00268938,1.5775,9.66312,0.159792,5.7242e-07,False,nan|TRO.11,1313938
1,130_bNAb_Combinations|1313938|cc|7|1|TRO.11|8301,1,3.99052,1.5775,9.66312,0.159792,5.7242e-07,False,nan|TRO.11,1313938
1,130_bNAb_Combinations|1313938|cc|8|1|TRO.11|8301,1,5.76957e+08,1.5775,9.66312,0.159792,5.7242e-07,False,nan|TRO.11,1313938
1,130_bNAb_Combinations|1313938|sample|10|TRO.11|8301,1,0.000173018,1.57751,51.2049,0.159792,5.7242e-07,True,PGT121|TRO.11,1313938
1,130_bNAb_Combinations|1313938|sample|11|TRO.11|8301,1,9.03954e-11,1.5775,9.66732,0.159792,5.7242e-07,True,VRC07-523LS|TRO.11,1313938
1,130_bNAb_Combinations|1313938|sample|12|TRO.11|8301,1,5.7019e-16,1.5775,9.66733,0.159792,5.7242e-07,True,VRC07-523LS|TRO.11,1313938
1,130_bNAb_Combinations|1313938|sample|3|TRO.11|8301,1,8.15258e-11,1.57754,1.54727,0.159792,5.7242e-07,True,PGDM1400|TRO.11,1313938
1,130_bNAb_Combinations|1313938|sample|4|TRO.11|8301,1,0.0273313,1.57754,1.54727,0.159792,5.7242e-07,True,PGDM1400|TRO.11,1313938
1,130_bNAb_Combinations|1313938|sample|5|TRO.11|8301,1,0.0138911,1.57754,1.54727,0.159792,5.7242e-07,True,PGDM1400|TRO.11,1313938
1,130_bNAb_Combinations|1313938|sample|6|TRO.11|8301,1,0.00633421,1.57754,1.54727,0.159792,5.7242e-07,True,PGDM1400|TRO.11,1313938
1,130_bNAb_Combinations|1313938|sample|7|TRO.11|8301,1,2.51838e-09,1.57751,51.2049,0.159792,5.7242e-07,True,PGT121|TRO.11,1313938
1,130_bNAb_Combinations|1313938|sample|8|TRO.11|8301,1,2.29234e-07,1.57751,51.2049,0.159792,5.7242e-07,True,PGT121|TRO.11,1313938
1,130_bNAb_Combinations|1313938|sample|9|TRO.11|8301,1,0.000308093,1.57751,51.2049,0.159792,5.7242e-07,True,PGT121|TRO.11,1313938
1,130_bNAb_Combinations|1313938|vc|1|2|TRO.11|8301,1,1.92125e-07,1.5775,9.66312,0.159792,5.7242e-07,False,nan|TRO.11,1313938
1,130_bNAb_Combinations|1313938|vc|2|2|TRO.11|8301,1,112.837,1.5775,9.66312,0.159792,5.7242e-07,False,nan|TRO.11,1313938
1,130_bNAb_Combinations|1313938|vc|3|2|TRO.11|8301,1,2.82673e+08,1.5775,9.66312,0.159792,5.7242e-07,False,nan|TRO.11,1313938
1,130_bNAb_Combinations|1313938|vc|4|2|TRO.11|8301,1,5.65877e-08,1.5775,9.66312,0.159792,5.7242e-07,False,nan|TRO.11,1313938
1,130_bNAb_Combinations|1313938|vc|5|2|TRO.11|8301,1,4.36342e-07,1.5775,9.66312,0.159792,5.7242e-07,False,nan|TRO.11,1313938
1,130_bNAb_Combinations|1313938|vc|6|2|TRO.11|8301,1,6.94506e-08,1.5775,9.66312,0.159792,5.7242e-07,False,nan|TRO.11,1313938
1,130_bNAb_Combinations|1313938|vc|7|2|TRO.11|8301,1,55.2325,1.5775,9.66312,0.159792,5.7242e-07,False,nan|TRO.11,1313938
1,130_bNAb_Combinations|1313938|vc|8|2|TRO.11|8301,1,2.26088e+14,1.5775,9.66312,0.159792,5.7242e-07,False,nan|TRO.11,1313938
1,130_bNAb_Combinations|1313956|cc|1|1|Ce1176_A3|7023,1,2193.43,1.57787,106.256,0.159791,5.7244e-07,False,nan|Ce1176_A3,1313956
1,130_bNAb_Combinations|1313956|cc|2|1|Ce1176_A3|7023,1,847873,1.57787,106.256,0.159791,5.7244e-07,False,nan|Ce1176_A3,1313956
1,130_bNAb_Combinations|1313956|cc|3|1|Ce1176_A3|7023,1,0.000107527,1.57787,106.256,0.159791,5.7244e-07,False,nan|Ce1176_A3,1313956
1,130_bNAb_Combinations|1313956|cc|4|1|Ce1176_A3|7023,1,13.735,1.57787,106.256,0.159791,5.7244e-07,False,nan|Ce1176_A3,1313956
1,130_bNAb_Combinations|1313956|cc|5|1|Ce1176_A3|7023,1,1.84596e-13,1.57787,106.256,0.159791,5.7244e-07,False,nan|Ce1176_A3,1313956
1,130_bNAb_Combinations|1313956|cc|6|1|Ce1176_A3|7023,1,0.877512,1.57787,106.256,0.159791,5.7244e-07,False,nan|Ce1176_A3,1313956
1,130_bNAb_Combinations|1313956|cc|7|1|Ce1176_A3|7023,1,2.01873e-10,1.57787,106.256,0.159791,5.7244e-07,False,nan|Ce1176_A3,1313956
1,130_bNAb_Combinations|1313956|cc|8|1|Ce1176_A3|7023,1,276147,1.57787,106.256,0.159791,5.7244e-07,False,nan|Ce1176_A3,1313956
1,130_bNAb_Combinations|1313956|sample|10|Ce1176_A3|7023,1,0.000120782,1.57751,49.5371,0.159791,5.7244e-07,True,PGT121|Ce1176_A3,1313956
1,130_bNAb_Combinations|1313956|sample|11|Ce1176_A3|7023,1,3.58453e-10,1.57743,3.76245,0.159791,5.7244e-07,True,VRC07-523LS|Ce1176_A3,1313956
1,130_bNAb_Combinations|1313956|sample|12|Ce1176_A3|7023,1,1.28894e-09,1.57743,3.76245,0.159791,5.7244e-07,True,VRC07-523LS|Ce1176_A3,1313956
1,130_bNAb_Combinations|1313956|sample|3|Ce1176_A3|7023,1,3.67876e-07,1.57756,0.0890255,0.159791,5.7244e-07,True,PGDM1400|Ce1176_A3,1313956
1,130_bNAb_Combinations|1313956|sample|4|Ce1176_A3|7023,1,6.29097e-07,1.57756,0.0890255,0.159791,5.7244e-07,True,PGDM1400|Ce1176_A3,1313956
1,130_bNAb_Combinations|1313956|sample|5|Ce1176_A3|7023,1,2.51249e-10,1.57756,0.0890255,0.159791,5.7244e-07,True,PGDM1400|Ce1176_A3,1313956
1,130_bNAb_Combinations|1313956|sample|6|Ce1176_A3|7023,1,1.00904e-05,1.57756,0.0890255,0.159791,5.7244e-07,True,PGDM1400|Ce1176_A3,1313956
1,130_bNAb_Combinations|1313956|sample|7|Ce1176_A3|7023,1,7.92643e-08,1.57751,49.5371,0.159791,5.7244e-07,True,PGT121|Ce1176_A3,1313956
1,130_bNAb_Combinations|1313956|sample|8|Ce1176_A3|7023,1,2.03437e-09,1.57751,49.5371,0.159791,5.7244e-07,True,PGT121|Ce1176_A3,1313956
1,130_bNAb_Combinations|1313956|sample|9|Ce1176_A3|7023,1,4.1453e-15,1.57751,49.5371,0.159791,5.7244e-07,True,PGT121|Ce1176_A3,1313956
1,130_bNAb_Combinations|1313956|vc|1|2|Ce1176_A3|7023,1,34.1285,1.57787,106.256,0.159791,5.7244e-07,False,nan|Ce1176_A3,1313956
1,130_bNAb_Combinations|1313956|vc|2|2|Ce1176_A3|7023,1,0.566892,1.57787,106.256,0.159791,5.7244e-07,False,nan|Ce1176_A3,1313956
1,130_bNAb_Combinations|1313956|vc|3|2|Ce1176_A3|7023,1,1804.99,1.57787,106.256,0.159791,5.7244e-07,False,nan|Ce1176_A3,1313956
1,130_bNAb_Combinations|1313956|vc|4|2|Ce1176_A3|7023,1,0.002787,1.57787,106.256,0.159791,5.7244e-07,False,nan|Ce1176_A3,1313956
1,130_bNAb_Combinations|1313956|vc|5|2|Ce1176_A3|7023,1,114.071,1.57787,106.256,0.159791,5.7244e-07,False,nan|Ce1176_A3,1313956
1,130_bNAb_Combinations|1313956|vc|6|2|Ce1176_A3|7023,1,3.38088e-12,1.57787,106.256,0.159791,5.7244e-07,False,nan|Ce1176_A3,1313956
1,130_bNAb_Combinations|1313956|vc|7|2|Ce1176_A3|7023,1,0.148132,1.57787,106.256,0.159791,5.7244e-07,False,nan|Ce1176_A3,1313956
1,130_bNAb_Combinations|1313956|vc|8|2|Ce1176_A3|7023,1,1029.09,1.57787,106.256,0.159791,5.7244e-07,False,nan|Ce1176_A3,1313956
1,130_bNAb_Combinations|1313974|cc|1|1|nan|1176,1,0.226512,1.577,25.3582,0.296778,5.72384e-07,False,nan|1176,1313974
1,130_bNAb_Combinations|1313974|cc|2|1|nan|1176,1,12.5192,1.577,25.3582,0.296778,5.72384e-07,False,nan|1176,1313974
1,130_bNAb_Combinations|1313974|cc|3|1|nan|1176,1,0.00878354,1.577,25.3582,0.296778,5.72384e-07,False,nan|1176,1313974
1,130_bNAb_Combinations|1313974|cc|4|1|nan|1176,1,1.28916e-12,1.577,25.3582,0.296778,5.72384e-07,False,nan|1176,1313974
1,130_bNAb_Combinations|1313974|cc|5|1|nan|1176,1,2.15505e+06,1.577,25.3582,0.296778,5.72384e-07,False,nan|1176,1313974
1,130_bNAb_Combinations|1313974|cc|6|1|nan|1176,1,8.85072,1.577,25.3582,0.296778,5.72384e-07,False,nan|1176,1313974
1,130_bNAb_Combinations|1313974|cc|7|1|nan|1176,1,1.59323e+07,1.577,25.3582,0.296778,5.72384e-07,False,nan|1176,1313974
1,130_bNAb_Combinations|1313974|cc|8|1|nan|1176,1,0,1.577,25.3582,0.296778,5.72384e-07,False,nan|1176,1313974
1,130_bNAb_Combinations|1313974|sample|10|nan|1176,1,0.0628139,1.47231,0.441265,0.296778,5.72384e-07,True,PGT121|1176,1313974
1,130_bNAb_Combinations|1313974|sample|11|nan|1176,1,0.00579981,1.57746,15.8857,0.296778,5.72384e-07,True,VRC07-523LS|1176,1313974
1,130_bNAb_Combinations|1313974|sample|12|nan|1176,1,0.00582307,1.57746,15.8857,0.296778,5.72384e-07,True,VRC07-523LS|1176,1313974
1,130_bNAb_Combinations|1313974|sample|3|nan|1176,1,0.0146132,1.57758,8.6544,0.296778,5.72384e-07,True,PGDM1400|1176,1313974
1,130_bNAb_Combinations|1313974|sample|4|nan|1176,1,0.00710113,1.57758,8.6544,0.296778,5.72384e-07,True,PGDM1400|1176,1313974
1,130_bNAb_Combinations|1313974|sample|5|nan|1176,1,0.0257974,1.57758,8.6544,0.296778,5.72384e-07,True,PGDM1400|1176,1313974
1,130_bNAb_Combinations|1313974|sample|6|nan|1176,1,0.0507822,1.57758,8.6544,0.296778,5.72384e-07,True,PGDM1400|1176,1313974
1,130_bNAb_Combinations|1313974|sample|7|nan|1176,1,9.63353e-09,1.47231,0.441265,0.296778,5.72384e-07,True,PGT121|1176,1313974
1,130_bNAb_Combinations|1313974|sample|8|nan|1176,1,1.51763e-14,1.47231,0.441265,0.296778,5.72384e-07,True,PGT121|1176,1313974
1,130_bNAb_Combinations|1313974|sample|9|nan|1176,1,0.114249,1.47231,0.441265,0.296778,5.72384e-07,True,PGT121|1176,1313974
1,130_bNAb_Combinations|1313974|vc|1|2|nan|1176,1,6.71386e+12,1.577,25.3582,0.296778,5.72384e-07,False,nan|1176,1313974
1,130_bNAb_Combinations|1313974|vc|2|2|nan|1176,1,77053.2,1.577,25.3582,0.296778,5.72384e-07,False,nan|1176,1313974
1,130_bNAb_Combinations|1313974|vc|3|2|nan|1176,1,7.00369,1.577,25.3582,0.296778,5.72384e-07,False,nan|1176,1313974
1,130_bNAb_Combinations|1313974|vc|4|2|nan|1176,1,5550.91,1.577,25.3582,0.296778,5.72384e-07,False,nan|1176,1313974
1,130_bNAb_Combinations|1313974|vc|5|2|nan|1176,1,2.18632e-07,1.577,25.3582,0.296778,5.72384e-07,False,nan|1176,1313974
1,130_bNAb_Combinations|1313974|vc|6|2|nan|1176,1,0.357783,1.577,25.3582,0.296778,5.72384e-07,False,nan|1176,1313974
1,130_bNAb_Combinations|1313974|vc|7|2|nan|1176,1,0.000823157,1.577,25.3582,0.296778,5.72384e-07,False,nan|1176,1313974
1,130_bNAb_Combinations|1313974|vc|8|2|nan|1176,1,5.90983e-05,1.577,25.3582,0.296778,5.72384e-07,False,nan|1176,1313974
1,130_bNAb_Combinations|1313992|cc|1|1|RHPA4259.7|5371,1,1.47835e+09,1.57746,35.3932,0.15979,5.7243e-07,False,nan|RHPA4259.7,1313992
1,130_bNAb_Combinations|1313992|cc|2|1|RHPA4259.7|5371,1,4.35442e-08,1.57746,35.3932,0.15979,5.7243e-07,False,nan|RHPA4259.7,1313992
1,130_bNAb_Combinations|1313992|cc|3|1|RHPA4259.7|5371,1,175.565,1.57746,35.3932,0.15979,5.7243e-07,False,nan|RHPA4259.7,1313992
1,130_bNAb_Combinations|1313992|cc|4|1|RHPA4259.7|5371,1,0.00287586,1.57746,35.3932,0.15979,5.7243e-07,False,nan|RHPA4259.7,1313992
1,130_bNAb_Combinations|1313992|cc|5|1|RHPA4259.7|5371,1,9.41881,1.57746,35.3932,0.15979,5.7243e-07,False,nan|RHPA4259.7,1313992
1,130_bNAb_Combinations|1313992|cc|6|1|RHPA4259.7|5371,1,0.00183642,1.57746,35.3932,0.15979,5.7243e-07,False,nan|RHPA4259.7,1313992
1,130_bNAb_Combinations|1313992|cc|7|1|RHPA4259.7|5371,1,0.00665921,1.57746,35.3932,0.15979,5.7243e-07,False,nan|RHPA4259.7,1313992
1,130_bNAb_Combinations|1313992|cc|8|1|RHPA4259.7|5371,1,619.155,1.57746,35.3932,0.15979,5.7243e-07,False,nan|RHPA4259.7,1313992
1,130_bNAb_Combinations|1313992|sample|10|RHPA4259.7|5371,1,5.31223e-07,1.57746,45.3176,0.15979,5.7243e-07,True,PGT121|RHPA4259.7,1313992
1,130_bNAb_Combinations|1313992|sample|11|RHPA4259.7|5371,1,0.000297885,1.57749,38.1117,0.15979,5.7243e-07,True,VRC07-523LS|RHPA4259.7,1313992
1,130_bNAb_Combinations|1313992|sample|12|RHPA4259.7|5371,1,0,1.57749,38.1117,0.15979,5.7243e-07,True,VRC07-523LS|RHPA4259.7,1313992
1,130_bNAb_Combinations|1313992|sample|3|RHPA4259.7|5371,1,7.70918e-05,1.5775,2.36374,0.15979,5.7243e-07,True,PGDM1400|RHPA4259.7,1313992
1,130_bNAb_Combinations|1313992|sample|4|RHPA4259.7|5371,1,0.000421571,1.5775,2.36374,0.15979,5.7243e-07,True,PGDM1400|RHPA4259.7,1313992
1,130_bNAb_Combinations|1313992|sample|5|RHPA4259.7|5371,1,0.00257341,1.5775,2.36374,0.15979,5.7243e-07,True,PGDM1400|RHPA4259.7,1313992
1,130_bNAb_Combinations|1313992|sample|6|RHPA4259.7|5371,1,4.2451e-15,1.5775,2.36374,0.15979,5.7243e-07,True,PGDM1400|RHPA4259.7,1313992
1,130_bNAb_Combinations|1313992|sample|7|RHPA4259.7|5371,1,4.62513e-07,1.57746,45.3176,0.15979,5.7243e-07,True,PGT121|RHPA4259.7,1313992
1,130_bNAb_Combinations|1313992|sample|8|RHPA4259.7|5371,1,0.00034851,1.57746,45.3176,0.15979,5.7243e-07,True,PGT121|RHPA4259.7,1313992
1,130_bNAb_Combinations|1313992|sample|9|RHPA4259.7|5371,1,2.3678e-06,1.57746,45.3176,0.15979,5.7243e-07,True,PGT121|RHPA4259.7,1313992
1,130_bNAb_Combinations|1313992|vc|1|2|RHPA4259.7|5371,1,276.265,1.57746,35.3932,0.15979,5.7243e-07,False,nan|RHPA4259.7,1313992
1,130_bNAb_Combinations|1313992|vc|2|2|RHPA4259.7|5371,1,0.00759625,1.57746,35.3932,0.15979,5.7243e-07,False,nan|RHPA4259.7,1313992
1,130_bNAb_Combinations|1313992|vc|3|2|RHPA4259.7|5371,1,154.878,1.57746,35.3932,0.15979,5.7243e-07,False,nan|RHPA4259.7,1313992
1,130_bNAb_Combinations|1313992|vc|4|2|RHPA4259.7|5371,1,1.13893e+11,1.57746,35.3932,0.15979,5.7243e-07,False,nan|RHPA4259.7,1313992
1,130_bNAb_Combinations|1313992|vc|5|2|RHPA4259.7|5371,1,1.76581,1.57746,35.3932,0.15979,5.7243e-07,False,nan|RHPA4259.7,1313992
1,130_bNAb_Combinations|1313992|vc|6|2|RHPA4259.7|5371,1,1.12091e-09,1.57746,35.3932,0.15979,5.7243e-07,False,nan|RHPA4259.7,1313992
1,130_bNAb_Combinations|1313992|vc|7|2|RHPA4259.7|5371,1,103406,1.57746,35.3932,0.15979,5.7243e-07,False,nan|RHPA4259.7,1313992
1,130_bNAb_Combinations|1313992|vc|8|2|RHPA4259.7|5371,1,261107,1.57746,35.3932,0.15979,5.7243e-07,False,nan|RHPA4259.7,1313992
1,130_bNAb_Combinations|1314016|cc|1|1|nan|3430,1,3.86279e+10,1.57732,10.3914,0.159761,5.72435e-07,False,nan|3430,1314016
1,130_bNAb_Combinations|1314016|cc|2|1|nan|3430,1,2.38778e-08,1.57732,10.3914,0.159761,5.72435e-07,False,nan|3430,1314016
1,130_bNAb_Combinations|1314016|cc|3|1|nan|3430,1,1.04725e-08,1.57732,10.3914,0.159761,5.72435e-07,False,nan|3430,1314016
1,130_bNAb_Combinations|1314016|cc|4|1|nan|3430,1,0.0177632,1.57732,10.3914,0.159761,5.72435e-07,False,nan|3430,1314016
1,130_bNAb_Combinations|1314016|cc|5|1|nan|3430,1,27.6516,1.57732,10.3914,0.159761,5.72435e-07,False,nan|3430,1314016
1,130_bNAb_Combinations|1314016|cc|6|1|nan|3430,1,7.17336e+13,1.57732,10.3914,0.159761,5.72435e-07,False,nan|3430,1314016
1,130_bNAb_Combinations|1314016|cc|7|1|nan|3430,1,4.92842e-06,1.57732,10.3914,0.159761,5.72435e-07,False,nan|3430,1314016
1,130_bNAb_Combinations|1314016|cc|8|1|nan|3430,1,2.14139e+07,1.57732,10.3914,0.159761,5.72435e-07,False,nan|3430,1314016
1,130_bNAb_Combinations|1314016|sample|10|nan|3430,1,0.00543777,0.984509,23.4445,0.159761,5.72435e-07,True,PGT121|3430,1314016
1,130_bNAb_Combinations|1314016|sample|11|nan|3430,1,0.000229623,1.57751,23.5891,0.159761,5.72435e-07,True,VRC07-523LS|3430,1314016
1,130_bNAb_Combinations|1314016|sample|12|nan|3430,1,0.000560088,1.57751,23.5891,0.159761,5.72435e-07,True,VRC07-523LS|3430,1314016
1,130_bNAb_Combinations|1314016|sample|3|nan|3430,1,0.0117832,1.57752,268.158,0.159761,5.72435e-07,True,PGDM1400|3430,1314016
1,130_bNAb_Combinations|1314016|sample|4|nan|3430,1,0.00702518,1.57752,268.158,0.159761,5.72435e-07,True,PGDM1400|3430,1314016
1,130_bNAb_Combinations|1314016|sample|5|nan|3430,1,0.0106596,1.57752,268.158,0.159761,5.72435e-07,True,PGDM1400|3430,1314016
1,130_bNAb_Combinations|1314016|sample|6|nan|3430,1,0.00968435,1.57752,268.158,0.159761,5.72435e-07,True,PGDM1400|3430,1314016
1,130_bNAb_Combinations|1314016|sample|7|nan|3430,1,0.000159338,0.984509,23.4445,0.159761,5.72435e-07,True,PGT121|3430,1314016
1,130_bNAb_Combinations|1314016|sample|8|nan|3430,1,0.000896427,0.984509,23.4445,0.159761,5.72435e-07,True,PGT121|3430,1314016
1,130_bNAb_Combinations|1314016|sample|9|nan|3430,1,3.33014e-07,0.984509,23.4445,0.159761,5.72435e-07,True,PGT121|3430,1314016
1,130_bNAb_Combinations|1314016|vc|1|2|nan|3430,1,23.9545,1.57732,10.3914,0.159761,5.72435e-07,False,nan|3430,1314016
1,130_bNAb_Combinations|1314016|vc|2|2|nan|3430,1,6486.41,1.57732,10.3914,0.159761,5.72435e-07,False,nan|3430,1314016
1,130_bNAb_Combinations|1314016|vc|3|2|nan|3430,1,0.00467228,1.57732,10.3914,0.159761,5.72435e-07,False,nan|3430,1314016
1,130_bNAb_Combinations|1314016|vc|4|2|nan|3430,1,3210.09,1.57732,10.3914,0.159761,5.72435e-07,False,nan|3430,1314016
1,130_bNAb_Combinations|1314016|vc|5|2|nan|3430,1,0.000811301,1.57732,10.3914,0.159761,5.72435e-07,False,nan|3430,1314016
1,130_bNAb_Combinations|1314016|vc|6|2|nan|3430,1,1228.65,1.57732,10.3914,0.159761,5.72435e-07,False,nan|3430,1314016
1,130_bNAb_Combinations|1314016|vc|7|2|nan|3430,1,3.62589e-06,1.57732,10.3914,0.159761,5.72435e-07,False,nan|3430,1314016
1,130_bNAb_Combinations|1314016|vc|8|2|nan|3430,1,971677,1.57732,10.3914,0.159761,5.72435e-07,False,nan|3430,1314016
1,130_bNAb_Combinations|1314040|cc|1|1|nan|4166,1,0.00347025,1.57749,26.0112,0.159785,5.7241e-07,False,nan|4166,1314040
1,130_bNAb_Combinations|1314040|cc|2|1|nan|4166,1,2.58147e+13,1.57749,26.0112,0.159785,5.7241e-07,False,nan|4166,1314040
1,130_bNAb_Combinations|1314040|cc|3|1|nan|4166,1,164097,1.57749,26.0112,0.159785,5.7241e-07,False,nan|4166,1314040
1,130_bNAb_Combinations|1314040|cc|4|1|nan|4166,1,3.16877e-10,1.57749,26.0112,0.159785,5.7241e-07,False,nan|4166,1314040
1,130_bNAb_Combinations|1314040|cc|5|1|nan|4166,1,0.0265163,1.57749,26.0112,0.159785,5.7241e-07,False,nan|4166,1314040
1,130_bNAb_Combinations|1314040|cc|6|1|nan|4166,1,10754.5,1.57749,26.0112,0.159785,5.7241e-07,False,nan|4166,1314040
1,130_bNAb_Combinations|1314040|cc|7|1|nan|4166,1,0,1.57749,26.0112,0.159785,5.7241e-07,False,nan|4166,1314040
1,130_bNAb_Combinations|1314040|cc|8|1|nan|4166,1,0.0957938,1.57749,26.0112,0.159785,5.7241e-07,False,nan|4166,1314040
1,130_bNAb_Combinations|1314040|sample|10|nan|4166,1,1.79746e-05,1.66124,77.4146,0.159785,5.7241e-07,True,PGT121|4166,1314040
1,130_bNAb_Combinations|1314040|sample|11|nan|4166,1,2.28413e-05,1.57734,52.1913,0.159785,5.7241e-07,True,VRC07-523LS|4166,1314040
1,130_bNAb_Combinations|1314040|sample|12|nan|4166,1,2.0379e-07,1.57734,52.1913,0.159785,5.7241e-07,True,VRC07-523LS|4166,1314040
1,130_bNAb_Combinations|1314040|sample|3|nan|4166,1,0.005647,1.57752,115.814,0.159785,5.7241e-07,True,PGDM1400|4166,1314040
1,130_bNAb_Combinations|1314040|sample|4|nan|4166,1,0.0148822,1.57752,115.814,0.159785,5.7241e-07,True,PGDM1400|4166,1314040
1,130_bNAb_Combinations|1314040|sample|5|nan|4166,1,0.0133737,1.57752,115.814,0.159785,5.7241e-07,True,PGDM1400|4166,1314040
1,130_bNAb_Combinations|1314040|sample|6|nan|4166,1,0.0109639,1.57752,115.814,0.159785,5.7241e-07,True,PGDM1400|4166,1314040
1,130_bNAb_Combinations|1314040|sample|7|nan|4166,1,6.66162e-05,1.66124,77.4146,0.159785,5.7241e-07,True,PGT121|4166,1314040
1,130_bNAb_Combinations|1314040|sample|8|nan|4166,1,1.11547e-13,1.66124,77.4146,0.159785,5.7241e-07,True,PGT121|4166,1314040
1,130_bNAb_Combinations|1314040|sample|9|nan|4166,1,1.27773e-09,1.66124,77.4146,0.159785,5.7241e-07,True,PGT121|4166,1314040
1,130_bNAb_Combinations|1314040|vc|1|2|nan|4166,1,9.62939e-11,1.57749,26.0112,0.159785,5.7241e-07,False,nan|4166,1314040
1,130_bNAb_Combinations|1314040|vc|2|2|nan|4166,1,1.43519e+08,1.57749,26.0112,0.159785,5.7241e-07,False,nan|4166,1314040
1,130_bNAb_Combinations|1314040|vc|3|2|nan|4166,1,4.42167e-08,1.57749,26.0112,0.159785,5.7241e-07,False,nan|4166,1314040
1,130_bNAb_Combinations|1314040|vc|4|2|nan|4166,1,0.00537423,1.57749,26.0112,0.159785,5.7241e-07,False,nan|4166,1314040
1,130_bNAb_Combinations|1314040|vc|5|2|nan|4166,1,12.1515,1.57749,26.0112,0.159785,5.7241e-07,False,nan|4166,1314040
1,130_bNAb_Combinations|1314040|vc|6|2|nan|4166,1,2.46487e-08,1.57749,26.0112,0.159785,5.7241e-07,False,nan|4166,1314040
1,130_bNAb_Combinations|1314040|vc|7|2|nan|4166,1,5.40958e+14,1.57749,26.0112,0.159785,5.7241e-07,False,nan|4166,1314040
1,130_bNAb_Combinations|1314040|vc|8|2|nan|4166,1,589.249,1.57749,26.0112,0.159785,5.7241e-07,False,nan|4166,1314040
1,130_bNAb_Combinations|1314058|cc|1|1|nan|2944,1,3.34709,1.57737,39.2593,0.159773,5.72396e-07,False,nan|2944,1314058
1,130_bNAb_Combinations|1314058|cc|2|1|nan|2944,1,3.02907e-07,1.57737,39.2593,0.159773,5.72396e-07,False,nan|2944,1314058
1,130_bNAb_Combinations|1314058|cc|3|1|nan|2944,1,2.43938e+06,1.57737,39.2593,0.159773,5.72396e-07,False,nan|2944,1314058
1,130_bNAb_Combinations|1314058|cc|4|1|nan|2944,1,12.6518,1.57737,39.2593,0.159773,5.72396e-07,False,nan|2944,1314058
1,130_bNAb_Combinations|1314058|cc|5|1|nan|2944,1,11981.3,1.57737,39.2593,0.159773,5.72396e-07,False,nan|2944,1314058
1,130_bNAb_Combinations|1314058|cc|6|1|nan|2944,1,3.7123,1.57737,39.2593,0.159773,5.72396e-07,False,nan|2944,1314058
1,130_bNAb_Combinations|1314058|cc|7|1|nan|2944,1,1.35369e+09,1.57737,39.2593,0.159773,5.72396e-07,False,nan|2944,1314058
1,130_bNAb_Combinations|1314058|cc|8|1|nan|2944,1,1.23779e+06,1.57737,39.2593,0.159773,5.72396e-07,False,nan|2944,1314058
1,130_bNAb_Combinations|1314058|sample|10|nan|2944,1,1.37478e-08,1.57745,76.9819,0.159773,5.72396e-07,True,PGT121|2944,1314058
1,130_bNAb_Combinations|1314058|sample|11|nan|2944,1,4.12926e-10,1.54826,12.9562,0.159773,5.72396e-07,True,VRC07-523LS|2944,1314058
1,130_bNAb_Combinations|1314058|sample|12|nan|2944,1,2.61559e-06,1.54826,12.9562,0.159773,5.72396e-07,True,VRC07-523LS|2944,1314058
1,130_bNAb_Combinations|1314058|sample|3|nan|2944,1,0.00499939,1.57754,553.852,0.159773,5.72396e-07,True,PGDM1400|2944,1314058
1,130_bNAb_Combinations|1314058|sample|4|nan|2944,1,0.00657765,1.57754,553.852,0.159773,5.72396e-07,True,PGDM1400|2944,1314058
1,130_bNAb_Combinations|1314058|sample|5|nan|2944,1,0.00530023,1.57754,553.852,0.159773,5.72396e-07,True,PGDM1400|2944,1314058
1,130_bNAb_Combinations|1314058|sample|6|nan|2944,1,0.00366783,1.57754,553.852,0.159773,5.72396e-07,True,PGDM1400|2944,1314058
1,130_bNAb_Combinations|1314058|sample|7|nan|2944,1,0.0010326,1.57745,76.9819,0.159773,5.72396e-07,True,PGT121|2944,1314058
1,130_bNAb_Combinations|1314058|sample|8|nan|2944,1,0.00121859,1.57745,76.9819,0.159773,5.72396e-07,True,PGT121|2944,1314058
1,130_bNAb_Combinations|1314058|sample|9|nan|2944,1,4.8558e-08,1.57745,76.9819,0.159773,5.72396e-07,True,PGT121|2944,1314058
1,130_bNAb_Combinations|1314058|vc|1|2|nan|2944,1,3.23972e-08,1.57737,39.2593,0.159773,5.72396e-07,False,nan|2944,1314058
1,130_bNAb_Combinations|1314058|vc|2|2|nan|2944,1,148.456,1.57737,39.2593,0.159773,5.72396e-07,False,nan|2944,1314058
1,130_bNAb_Combinations|1314058|vc|3|2|nan|2944,1,0.00532656,1.57737,39.2593,0.159773,5.72396e-07,False,nan|2944,1314058
1,130_bNAb_Combinations|1314058|vc|4|2|nan|2944,1,3.92513e+09,1.57737,39.2593,0.159773,5.72396e-07,False,nan|2944,1314058
1,130_bNAb_Combinations|1314058|vc|5|2|nan|2944,1,3.45917e-06,1.57737,39.2593,0.159773,5.72396e-07,False,nan|2944,1314058
1,130_bNAb_Combinations|1314058|vc|6|2|nan|2944,1,0,1.57737,39.2593,0.159773,5.72396e-07,False,nan|2944,1314058
1,130_bNAb_Combinations|1314058|vc|7|2|nan|2944,1,15.3202,1.57737,39.2593,0.159773,5.72396e-07,False,nan|2944,1314058
1,130_bNAb_Combinations|1314058|vc|8|2|nan|2944,1,1.20843e-07,1.57737,39.2593,0.159773,5.72396e-07,False,nan|2944,1314058
1,130_bNAb_Combinations|1342240|cc|1|1|nan|1798,1,0.162742,1.57737,14.9812,0.159788,5.72717e-07,False,nan|1798,1342240
1,130_bNAb_Combinations|1342240|cc|2|1|nan|1798,1,0.0121002,1.57737,14.9812,0.159788,5.72717e-07,False,nan|1798,1342240
1,130_bNAb_Combinations|1342240|cc|3|1|nan|1798,1,0.00806085,1.57737,14.9812,0.159788,5.72717e-07,False,nan|1798,1342240
1,130_bNAb_Combinations|1342240|cc|4|1|nan|1798,1,12030.1,1.57737,14.9812,0.159788,5.72717e-07,False,nan|1798,1342240
1,130_bNAb_Combinations|1342240|cc|5|1|nan|1798,1,4.6842e+13,1.57737,14.9812,0.159788,5.72717e-07,False,nan|1798,1342240
1,130_bNAb_Combinations|1342240|cc|6|1|nan|1798,1,3753.69,1.57737,14.9812,0.159788,5.72717e-07,False,nan|1798,1342240
1,130_bNAb_Combinations|1342240|cc|7|1|nan|1798,1,0.000109546,1.57737,14.9812,0.159788,5.72717e-07,False,nan|1798,1342240
1,130_bNAb_Combinations|1342240|cc|8|1|nan|1798,1,0.120003,1.57737,14.9812,0.159788,5.72717e-07,False,nan|1798,1342240
1,130_bNAb_Combinations|1342240|sample|3|nan|1798,1,9.40702e-05,1.57751,2.63126,0.159788,5.72717e-07,True,VRC07-523LS|1798,1342240
1,130_bNAb_Combinations|1342240|sample|4|nan|1798,1,1.80521e-12,1.57751,2.63126,0.159788,5.72717e-07,True,VRC07-523LS|1798,1342240
1,130_bNAb_Combinations|1342240|sample|8|nan|1798,1,2.57426e-10,1.57751,2.63126,0.159788,5.72717e-07,True,VRC07-523LS|1798,1342240
1,130_bNAb_Combinations|1342240|vc|1|2|nan|1798,1,9.74988e-14,1.57737,14.9812,0.159788,5.72717e-07,False,nan|1798,1342240
1,130_bNAb_Combinations|1342240|vc|2|2|nan|1798,1,0.0118164,1.57737,14.9812,0.159788,5.72717e-07,False,nan|1798,1342240
1,130_bNAb_Combinations|1342240|vc|3|2|nan|1798,1,7.14846e-05,1.57737,14.9812,0.159788,5.72717e-07,False,nan|1798,1342240
1,130_bNAb_Combinations|1342240|vc|4|2|nan|1798,1,10.2107,1.57737,14.9812,0.159788,5.72717e-07,False,nan|1798,1342240
1,130_bNAb_Combinations|1342240|vc|5|2|nan|1798,1,1.09299e-06,1.57737,14.9812,0.159788,5.72717e-07,False,nan|1798,1342240
1,130_bNAb_Combinations|1342240|vc|6|2|nan|1798,1,0.463938,1.57737,14.9812,0.159788,5.72717e-07,False,nan|1798,1342240
1,130_bNAb_Combinations|1342240|vc|7|2|nan|1798,1,0.618233,1.57737,14.9812,0.159788,5.72717e-07,False,nan|1798,1342240
1,130_bNAb_Combinations|1342240|vc|8|2|nan|1798,1,2.17302e+09,1.57737,14.9812,0.159788,5.72717e-07,False,nan|1798,1342240
1,130_bNAb_Combinations|1342258|cc|1|1|TRO.11|8301,1,741.756,1.5775,9.66312,0.159793,5.68169e-07,False,nan|TRO.11,1342258
1,130_bNAb_Combinations|1342258|cc|2|1|TRO.11|8301,1,9.20777e-10,1.5775,9.66312,0.159793,5.68169e-07,False,nan|TRO.11,1342258
1,130_bNAb_Combinations|1342258|cc|3|1|TRO.11|8301,1,1.02827,1.5775,9.66312,0.159793,5.68169e-07,False,nan|TRO.11,1342258
1,130_bNAb_Combinations|1342258|cc|4|1|TRO.11|8301,1,1.93727e-05,1.5775,9.66312,0.159793,5.68169e-07,False,nan|TRO.11,1342258
1,130_bNAb_Combinations|1342258|cc|5|1|TRO.11|8301,1,196730,1.5775,9.66312,0.159793,5.68169e-07,False,nan|TRO.11,1342258
1,130_bNAb_Combinations|1342258|cc|6|1|TRO.11|8301,1,0.000218023,1.5775,9.66312,0.159793,5.68169e-07,False,nan|TRO.11,1342258
1,130_bNAb_Combinations|1342258|cc|7|1|TRO.11|8301,1,55120.2,1.5775,9.66312,0.159793,5.68169e-07,False,nan|TRO.11,1342258
1,130_bNAb_Combinations|1342258|cc|8|1|TRO.11|8301,1,0.876975,1.5775,9.66312,0.159793,5.68169e-07,False,nan|TRO.11,1342258
1,130_bNAb_Combinations|1342258|sample|3|TRO.11|8301,1,5.16779e-06,1.5775,9.66733,0.159793,5.68169e-07,True,VRC07-523LS|TRO.11,1342258
1,130_bNAb_Combinations|1342258|sample|4|TRO.11|8301,1,3.36026e-08,1.5775,9.66733,0.159793,5.68169e-07,True,VRC07-523LS|TRO.11,1342258
1,130_bNAb_Combinations|1342258|vc|1|2|TRO.11|8301,1,0.00117845,1.5775,9.66312,0.159793,5.68169e-07,False,nan|TRO.11,1342258
1,130_bNAb_Combinations|1342258|vc|2|2|TRO.11|8301,1,11250.9,1.5775,9.66312,0.159793,5.68169e-07,False,nan|TRO.11,1342258
1,130_bNAb_Combinations|1342258|vc|3|2|TRO.11|8301,1,195.333,1.5775,9.66312,0.159793,5.68169e-07,False,nan|TRO.11,1342258
1,130_bNAb_Combinations|1342258|vc|4|2|TRO.11|8301,1,0.331812,1.5775,9.66312,0.159793,5.68169e-07,False,nan|TRO.11,1342258
1,130_bNAb_Combinations|1342258|vc|5|2|TRO.11|8301,1,45038.6,1.5775,9.66312,0.159793,5.68169e-07,False,nan|TRO.11,1342258
1,130_bNAb_Combinations|1342258|vc|6|2|TRO.11|8301,1,0.000272552,1.5775,9.66312,0.159793,5.68169e-07,False,nan|TRO.11,1342258
1,130_bNAb_Combinations|1342258|vc|7|2|TRO.11|8301,1,130948,1.5775,9.66312,0.159793,5.68169e-07,False,nan|TRO.11,1342258
1,130_bNAb_Combinations|1342258|vc|8|2|TRO.11|8301,1,270.63,1.5775,9.66312,0.159793,5.68169e-07,False,nan|TRO.11,1342258
1,130_bNAb_Combinations|1342276|cc|1|1|Ce1176_A3|7023,1,8.91304e-12,1.57787,106.256,0.159786,5.72452e-07,False,nan|Ce1176_A3,1342276
1,130_bNAb_Combinations|1342276|cc|2|1|Ce1176_A3|7023,1,0.016844,1.57787,106.256,0.159786,5.72452e-07,False,nan|Ce1176_A3,1342276
1,130_bNAb_Combinations|1342276|cc|3|1|Ce1176_A3|7023,1,1308.28,1.57787,106.256,0.159786,5.72452e-07,False,nan|Ce1176_A3,1342276
1,130_bNAb_Combinations|1342276|cc|4|1|Ce1176_A3|7023,1,122.341,1.57787,106.256,0.159786,5.72452e-07,False,nan|Ce1176_A3,1342276
1,130_bNAb_Combinations|1342276|cc|5|1|Ce1176_A3|7023,1,4.06545,1.57787,106.256,0.159786,5.72452e-07,False,nan|Ce1176_A3,1342276
1,130_bNAb_Combinations|1342276|cc|6|1|Ce1176_A3|7023,1,1.72874e-12,1.57787,106.256,0.159786,5.72452e-07,False,nan|Ce1176_A3,1342276
1,130_bNAb_Combinations|1342276|cc|7|1|Ce1176_A3|7023,1,214.027,1.57787,106.256,0.159786,5.72452e-07,False,nan|Ce1176_A3,1342276
1,130_bNAb_Combinations|1342276|cc|8|1|Ce1176_A3|7023,1,3.39106e+11,1.57787,106.256,0.159786,5.72452e-07,False,nan|Ce1176_A3,1342276
1,130_bNAb_Combinations|1342276|sample|3|Ce1176_A3|7023,1,7.17267e-09,1.57743,3.76245,0.159786,5.72452e-07,True,VRC07-523LS|Ce1176_A3,1342276
1,130_bNAb_Combinations|1342276|sample|4|Ce1176_A3|7023,1,3.84279e-06,1.57743,3.76245,0.159786,5.72452e-07,True,VRC07-523LS|Ce1176_A3,1342276
1,130_bNAb_Combinations|1342276|vc|1|2|Ce1176_A3|7023,1,0.00381389,1.57787,106.256,0.159786,5.72452e-07,False,nan|Ce1176_A3,1342276
1,130_bNAb_Combinations|1342276|vc|2|2|Ce1176_A3|7023,1,2.10072e-06,1.57787,106.256,0.159786,5.72452e-07,False,nan|Ce1176_A3,1342276
1,130_bNAb_Combinations|1342276|vc|3|2|Ce1176_A3|7023,1,3.40594e+07,1.57787,106.256,0.159786,5.72452e-07,False,nan|Ce1176_A3,1342276
1,130_bNAb_Combinations|1342276|vc|4|2|Ce1176_A3|7023,1,0.0320843,1.57787,106.256,0.159786,5.72452e-07,False,nan|Ce1176_A3,1342276
1,130_bNAb_Combinations|1342276|vc|5|2|Ce1176_A3|7023,1,5.27928e-05,1.57787,106.256,0.159786,5.72452e-07,False,nan|Ce1176_A3,1342276
1,130_bNAb_Combinations|1342276|vc|6|2|Ce1176_A3|7023,1,7.41969e-10,1.57787,106.256,0.159786,5.72452e-07,False,nan|Ce1176_A3,1342276
1,130_bNAb_Combinations|1342276|vc|7|2|Ce1176_A3|7023,1,35214.1,1.57787,106.256,0.159786,5.72452e-07,False,nan|Ce1176_A3,1342276
1,130_bNAb_Combinations|1342276|vc|8|2|Ce1176_A3|7023,1,10.1726,1.57787,106.256,0.159786,5.72452e-07,False,nan|Ce1176_A3,1342276
1,130_bNAb_Combinations|1342294|cc|1|1|nan|1176,1,0.000772044,1.577,25.3582,0.159792,5.72411e-07,False,nan|1176,1342294
1,130_bNAb_Combinations|1342294|cc|2|1|nan|1176,1,2.33747,1.577,25.3582,0.159792,5.72411e-07,False,nan|1176,1342294
1,130_bNAb_Combinations|1342294|cc|3|1|nan|1176,1,2930.65,1.577,25.3582,0.159792,5.72411e-07,False,nan|1176,1342294
1,130_bNAb_Combinations|1342294|cc|4|1|nan|1176,1,384.857,1.577,25.3582,0.159792,5.72411e-07,False,nan|1176,1342294
1,130_bNAb_Combinations|1342294|cc|5|1|nan|1176,1,103.864,1.577,25.3582,0.159792,5.72411e-07,False,nan|1176,1342294
1,130_bNAb_Combinations|1342294|cc|6|1|nan|1176,1,312.413,1.577,25.3582,0.159792,5.72411e-07,False,nan|1176,1342294
1,130_bNAb_Combinations|1342294|cc|7|1|nan|1176,1,4.26674e-09,1.577,25.3582,0.159792,5.72411e-07,False,nan|1176,1342294
1,130_bNAb_Combinations|1342294|cc|8|1|nan|1176,1,1.45061e-05,1.577,25.3582,0.159792,5.72411e-07,False,nan|1176,1342294
1,130_bNAb_Combinations|1342294|sample|3|nan|1176,1,0.00408872,1.57746,15.8857,0.159792,5.72411e-07,True,VRC07-523LS|1176,1342294
1,130_bNAb_Combinations|1342294|sample|4|nan|1176,1,0.00448584,1.57746,15.8857,0.159792,5.72411e-07,True,VRC07-523LS|1176,1342294
1,130_bNAb_Combinations|1342294|sample|8|nan|1176,1,0.00504074,1.57746,15.8857,0.159792,5.72411e-07,True,VRC07-523LS|1176,1342294
1,130_bNAb_Combinations|1342294|vc|1|2|nan|1176,1,913.336,1.577,25.3582,0.159792,5.72411e-07,False,nan|1176,1342294
1,130_bNAb_Combinations|1342294|vc|2|2|nan|1176,1,0.000339215,1.577,25.3582,0.159792,5.72411e-07,False,nan|1176,1342294
1,130_bNAb_Combinations|1342294|vc|3|2|nan|1176,1,4.22369e+13,1.577,25.3582,0.159792,5.72411e-07,False,nan|1176,1342294
1,130_bNAb_Combinations|1342294|vc|4|2|nan|1176,1,8.97632e-05,1.577,25.3582,0.159792,5.72411e-07,False,nan|1176,1342294
1,130_bNAb_Combinations|1342294|vc|5|2|nan|1176,1,0.02189,1.577,25.3582,0.159792,5.72411e-07,False,nan|1176,1342294
1,130_bNAb_Combinations|1342294|vc|6|2|nan|1176,1,129.184,1.577,25.3582,0.159792,5.72411e-07,False,nan|1176,1342294
1,130_bNAb_Combinations|1342294|vc|7|2|nan|1176,1,0.797596,1.577,25.3582,0.159792,5.72411e-07,False,nan|1176,1342294
1,130_bNAb_Combinations|1342294|vc|8|2|nan|1176,1,0.124997,1.577,25.3582,0.159792,5.72411e-07,False,nan|1176,1342294
1,130_bNAb_Combinations|1342312|cc|1|1|RHPA4259.7|5371,1,68481.1,1.57746,35.3932,0.159787,5.72387e-07,False,nan|RHPA4259.7,1342312
1,130_bNAb_Combinations|1342312|cc|2|1|RHPA4259.7|5371,1,0.000101685,1.57746,35.3932,0.159787,5.72387e-07,False,nan|RHPA4259.7,1342312
1,130_bNAb_Combinations|1342312|cc|3|1|RHPA4259.7|5371,1,1.50387e-08,1.57746,35.3932,0.159787,5.72387e-07,False,nan|RHPA4259.7,1342312
1,130_bNAb_Combinations|1342312|cc|4|1|RHPA4259.7|5371,1,0.0502734,1.57746,35.3932,0.159787,5.72387e-07,False,nan|RHPA4259.7,1342312
1,130_bNAb_Combinations|1342312|cc|5|1|RHPA4259.7|5371,1,1.97213,1.57746,35.3932,0.159787,5.72387e-07,False,nan|RHPA4259.7,1342312
1,130_bNAb_Combinations|1342312|cc|6|1|RHPA4259.7|5371,1,6.58115e-06,1.57746,35.3932,0.159787,5.72387e-07,False,nan|RHPA4259.7,1342312
1,130_bNAb_Combinations|1342312|cc|7|1|RHPA4259.7|5371,1,2.56391,1.57746,35.3932,0.159787,5.72387e-07,False,nan|RHPA4259.7,1342312
1,130_bNAb_Combinations|1342312|cc|8|1|RHPA4259.7|5371,1,2.05668e+06,1.57746,35.3932,0.159787,5.72387e-07,False,nan|RHPA4259.7,1342312
1,130_bNAb_Combinations|1342312|sample|3|RHPA4259.7|5371,1,0.00027084,1.57749,38.1117,0.159787,5.72387e-07,True,VRC07-523LS|RHPA4259.7,1342312
1,130_bNAb_Combinations|1342312|sample|4|RHPA4259.7|5371,1,1.13346e-09,1.57749,38.1117,0.159787,5.72387e-07,True,VRC07-523LS|RHPA4259.7,1342312
1,130_bNAb_Combinations|1342312|vc|1|2|RHPA4259.7|5371,1,6.61609e-08,1.57746,35.3932,0.159787,5.72387e-07,False,nan|RHPA4259.7,1342312
1,130_bNAb_Combinations|1342312|vc|2|2|RHPA4259.7|5371,1,4776.27,1.57746,35.3932,0.159787,5.72387e-07,False,nan|RHPA4259.7,1342312
1,130_bNAb_Combinations|1342312|vc|3|2|RHPA4259.7|5371,1,8.79729e-09,1.57746,35.3932,0.159787,5.72387e-07,False,nan|RHPA4259.7,1342312
1,130_bNAb_Combinations|1342312|vc|4|2|RHPA4259.7|5371,1,56.3974,1.57746,35.3932,0.159787,5.72387e-07,False,nan|RHPA4259.7,1342312
1,130_bNAb_Combinations|1342312|vc|5|2|RHPA4259.7|5371,1,3.70702e+08,1.57746,35.3932,0.159787,5.72387e-07,False,nan|RHPA4259.7,1342312
1,130_bNAb_Combinations|1342312|vc|6|2|RHPA4259.7|5371,1,0.000102494,1.57746,35.3932,0.159787,5.72387e-07,False,nan|RHPA4259.7,1342312
1,130_bNAb_Combinations|1342312|vc|7|2|RHPA4259.7|5371,1,0.000628522,1.57746,35.3932,0.159787,5.72387e-07,False,nan|RHPA4259.7,1342312
1,130_bNAb_Combinations|1342312|vc|8|2|RHPA4259.7|5371,1,4.18342e-05,1.57746,35.3932,0.159787,5.72387e-07,False,nan|RHPA4259.7,1342312
1,130_bNAb_Combinations|1342336|cc|1|1|nan|3430,1,0.0275248,1.57732,10.3914,0.159787,5.72428e-07,False,nan|3430,1342336
1,130_bNAb_Combinations|1342336|cc|2|1|nan|3430,1,431.553,1.57732,10.3914,0.159787,5.72428e-07,False,nan|3430,1342336
1,130_bNAb_Combinations|1342336|cc|3|1|nan|3430,1,7.43093e-06,1.57732,10.3914,0.159787,5.72428e-07,False,nan|3430,1342336
1,130_bNAb_Combinations|1342336|cc|4|1|nan|3430,1,193.125,1.57732,10.3914,0.159787,5.72428e-07,False,nan|3430,1342336
1,130_bNAb_Combinations|1342336|cc|5|1|nan|3430,1,6.66953e+12,1.57732,10.3914,0.159787,5.72428e-07,False,nan|3430,1342336
1,130_bNAb_Combinations|1342336|cc|6|1|nan|3430,1,1.60068e-10,1.57732,10.3914,0.159787,5.72428e-07,False,nan|3430,1342336
1,130_bNAb_Combinations|1342336|cc|7|1|nan|3430,1,0.0122565,1.57732,10.3914,0.159787,5.72428e-07,False,nan|3430,1342336
1,130_bNAb_Combinations|1342336|cc|8|1|nan|3430,1,1.70791e-07,1.57732,10.3914,0.159787,5.72428e-07,False,nan|3430,1342336
1,130_bNAb_Combinations|1342336|sample|3|nan|3430,1,5.73039e-05,1.57751,23.5891,0.159787,5.72428e-07,True,VRC07-523LS|3430,1342336
1,130_bNAb_Combinations|1342336|sample|4|nan|3430,1,1.29966e-08,1.57751,23.5891,0.159787,5.72428e-07,True,VRC07-523LS|3430,1342336
1,130_bNAb_Combinations|1342336|sample|5|nan|3430,1,0.000542075,1.57751,23.5891,0.159787,5.72428e-07,True,VRC07-523LS|3430,1342336
1,130_bNAb_Combinations|1342336|vc|1|2|nan|3430,1,3.39347e+12,1.57732,10.3914,0.159787,5.72428e-07,False,nan|3430,1342336
1,130_bNAb_Combinations|1342336|vc|2|2|nan|3430,1,3.93145e+09,1.57732,10.3914,0.159787,5.72428e-07,False,nan|3430,1342336
1,130_bNAb_Combinations|1342336|vc|3|2|nan|3430,1,5.24722e-08,1.57732,10.3914,0.159787,5.72428e-07,False,nan|3430,1342336
1,130_bNAb_Combinations|1342336|vc|4|2|nan|3430,1,1.6686e+10,1.57732,10.3914,0.159787,5.72428e-07,False,nan|3430,1342336
1,130_bNAb_Combinations|1342336|vc|5|2|nan|3430,1,0.00220344,1.57732,10.3914,0.159787,5.72428e-07,False,nan|3430,1342336
1,130_bNAb_Combinations|1342336|vc|6|2|nan|3430,1,9.12114e-05,1.57732,10.3914,0.159787,5.72428e-07,False,nan|3430,1342336
1,130_bNAb_Combinations|1342336|vc|7|2|nan|3430,1,1.14772e+06,1.57732,10.3914,0.159787,5.72428e-07,False,nan|3430,1342336
1,130_bNAb_Combinations|1342336|vc|8|2|nan|3430,1,2.10976e-06,1.57732,10.3914,0.159787,5.72428e-07,False,nan|3430,1342336
1,130_bNAb_Combinations|1342348|cc|1|1|nan|4166,1,4.74282e+12,1.57749,26.0112,0.159762,5.72214e-07,False,nan|4166,1342348
1,130_bNAb_Combinations|1342348|cc|2|1|nan|4166,1,7.23718e-06,1.57749,26.0112,0.159762,5.72214e-07,False,nan|4166,1342348
1,130_bNAb_Combinations|1342348|cc|3|1|nan|4166,1,0.0213625,1.57749,26.0112,0.159762,5.72214e-07,False,nan|4166,1342348
1,130_bNAb_Combinations|1342348|cc|4|1|nan|4166,1,8.46064e-06,1.57749,26.0112,0.159762,5.72214e-07,False,nan|4166,1342348
1,130_bNAb_Combinations|1342348|cc|5|1|nan|4166,1,0.00297574,1.57749,26.0112,0.159762,5.72214e-07,False,nan|4166,1342348
1,130_bNAb_Combinations|1342348|cc|6|1|nan|4166,1,2.6464e+07,1.57749,26.0112,0.159762,5.72214e-07,False,nan|4166,1342348
1,130_bNAb_Combinations|1342348|cc|7|1|nan|4166,1,1.55758e-07,1.57749,26.0112,0.159762,5.72214e-07,False,nan|4166,1342348
1,130_bNAb_Combinations|1342348|cc|8|1|nan|4166,1,0.0405173,1.57749,26.0112,0.159762,5.72214e-07,False,nan|4166,1342348
1,130_bNAb_Combinations|1342348|sample|3|nan|4166,1,4.52175e-05,1.57734,52.1913,0.159762,5.72214e-07,True,VRC07-523LS|4166,1342348
1,130_bNAb_Combinations|1342348|sample|4|nan|4166,1,0.0001217,1.57734,52.1913,0.159762,5.72214e-07,True,VRC07-523LS|4166,1342348
1,130_bNAb_Combinations|1342348|vc|1|2|nan|4166,1,547.742,1.57749,26.0112,0.159762,5.72214e-07,False,nan|4166,1342348
1,130_bNAb_Combinations|1342348|vc|2|2|nan|4166,1,0.324955,1.57749,26.0112,0.159762,5.72214e-07,False,nan|4166,1342348
1,130_bNAb_Combinations|1342348|vc|3|2|nan|4166,1,4.56665e-05,1.57749,26.0112,0.159762,5.72214e-07,False,nan|4166,1342348
1,130_bNAb_Combinations|1342348|vc|4|2|nan|4166,1,1.09838e+13,1.57749,26.0112,0.159762,5.72214e-07,False,nan|4166,1342348
1,130_bNAb_Combinations|1342348|vc|5|2|nan|4166,1,4.57139,1.57749,26.0112,0.159762,5.72214e-07,False,nan|4166,1342348
1,130_bNAb_Combinations|1342348|vc|6|2|nan|4166,1,5096.84,1.57749,26.0112,0.159762,5.72214e-07,False,nan|4166,1342348
1,130_bNAb_Combinations|1342348|vc|7|2|nan|4166,1,17990.4,1.57749,26.0112,0.159762,5.72214e-07,False,nan|4166,1342348
1,130_bNAb_Combinations|1342348|vc|8|2|nan|4166,1,84576.1,1.57749,26.0112,0.159762,5.72214e-07,False,nan|4166,1342348
1,130_bNAb_Combinations|1342372|cc|1|1|nan|2944,1,3.68342e-05,1.57737,39.2593,0.159799,5.72526e-07,False,nan|2944,1342372
1,130_bNAb_Combinations|1342372|cc|2|1|nan|2944,1,4166.87,1.57737,39.2593,0.159799,5.72526e-07,False,nan|2944,1342372
1,130_bNAb_Combinations|1342372|cc|3|1|nan|2944,1,6.29487e-05,1.57737,39.2593,0.159799,5.72526e-07,False,nan|2944,1342372
1,130_bNAb_Combinations|1342372|cc|4|1|nan|2944,1,1514.31,1.57737,39.2593,0.159799,5.72526e-07,False,nan|2944,1342372
1,130_bNAb_Combinations|1342372|cc|5|1|nan|2944,1,1.67082e-07,1.57737,39.2593,0.159799,5.72526e-07,False,nan|2944,1342372
1,130_bNAb_Combinations|1342372|cc|6|1|nan|2944,1,6.53431e+07,1.57737,39.2593,0.159799,5.72526e-07,False,nan|2944,1342372
1,130_bNAb_Combinations|1342372|cc|7|1|nan|2944,1,3.86009e+09,1.57737,39.2593,0.159799,5.72526e-07,False,nan|2944,1342372
1,130_bNAb_Combinations|1342372|cc|8|1|nan|2944,1,0.10156,1.57737,39.2593,0.159799,5.72526e-07,False,nan|2944,1342372
1,130_bNAb_Combinations|1342372|sample|3|nan|2944,1,2.53861e-11,1.54826,12.9562,0.159799,5.72526e-07,True,VRC07-523LS|2944,1342372
1,130_bNAb_Combinations|1342372|sample|4|nan|2944,1,0.00246819,1.54826,12.9562,0.159799,5.72526e-07,True,VRC07-523LS|2944,1342372
1,130_bNAb_Combinations|1342372|vc|1|2|nan|2944,1,0.00162545,1.57737,39.2593,0.159799,5.72526e-07,False,nan|2944,1342372
1,130_bNAb_Combinations|1342372|vc|2|2|nan|2944,1,0.000846692,1.57737,39.2593,0.159799,5.72526e-07,False,nan|2944,1342372
1,130_bNAb_Combinations|1342372|vc|3|2|nan|2944,1,1435.15,1.57737,39.2593,0.159799,5.72526e-07,False,nan|2944,1342372
1,130_bNAb_Combinations|1342372|vc|4|2|nan|2944,1,138530,1.57737,39.2593,0.159799,5.72526e-07,False,nan|2944,1342372
1,130_bNAb_Combinations|1342372|vc|5|2|nan|2944,1,3.34796e+12,1.57737,39.2593,0.159799,5.72526e-07,False,nan|2944,1342372
1,130_bNAb_Combinations|1342372|vc|6|2|nan|2944,1,5.1926e+06,1.57737,39.2593,0.159799,5.72526e-07,False,nan|2944,1342372
1,130_bNAb_Combinations|1342372|vc|7|2|nan|2944,1,0.000884126,1.57737,39.2593,0.159799,5.72526e-07,False,nan|2944,1342372
1,130_bNAb_Combinations|1342372|vc|8|2|nan|2944,1,13913.3,1.57737,39.2593,0.159799,5.72526e-07,False,nan|2944,1342372
1,130_bNAb_Combinations|1342384|cc|1|1|nan|2946,1,0.0015185,1.5775,30.6102,0.0718423,5.72451e-07,False,nan|2946,1342384
1,130_bNAb_Combinations|1342384|cc|2|1|nan|2946,1,1.90174e-11,1.5775,30.6102,0.0718423,5.72451e-07,False,nan|2946,1342384
1,130_bNAb_Combinations|1342384|cc|3|1|nan|2946,1,1.83317e-09,1.5775,30.6102,0.0718423,5.72451e-07,False,nan|2946,1342384
1,130_bNAb_Combinations|1342384|cc|4|1|nan|2946,1,41.2348,1.5775,30.6102,0.0718423,5.72451e-07,False,nan|2946,1342384
1,130_bNAb_Combinations|1342384|cc|5|1|nan|2946,1,1.61866e-09,1.5775,30.6102,0.0718423,5.72451e-07,False,nan|2946,1342384
1,130_bNAb_Combinations|1342384|cc|6|1|nan|2946,1,638.855,1.5775,30.6102,0.0718423,5.72451e-07,False,nan|2946,1342384
1,130_bNAb_Combinations|1342384|cc|7|1|nan|2946,1,3.78214e-11,1.5775,30.6102,0.0718423,5.72451e-07,False,nan|2946,1342384
1,130_bNAb_Combinations|1342384|cc|8|1|nan|2946,1,1.49977e-08,1.5775,30.6102,0.0718423,5.72451e-07,False,nan|2946,1342384
1,130_bNAb_Combinations|1342384|sample|3|nan|2946,1,0.000530419,1.57754,1.93208,0.0718423,5.72451e-07,True,VRC07-523LS|2946,1342384
1,130_bNAb_Combinations|1342384|sample|4|nan|2946,1,1.94263e-13,1.57754,1.93208,0.0718423,5.72451e-07,True,VRC07-523LS|2946,1342384
1,130_bNAb_Combinations|1342384|vc|1|2|nan|2946,1,6.80822e+09,1.5775,30.6102,0.0718423,5.72451e-07,False,nan|2946,1342384
1,130_bNAb_Combinations|1342384|vc|2|2|nan|2946,1,2.57103e+10,1.5775,30.6102,0.0718423,5.72451e-07,False,nan|2946,1342384
1,130_bNAb_Combinations|1342384|vc|3|2|nan|2946,1,9.81926e+07,1.5775,30.6102,0.0718423,5.72451e-07,False,nan|2946,1342384
1,130_bNAb_Combinations|1342384|vc|4|2|nan|2946,1,6.30361e-07,1.5775,30.6102,0.0718423,5.72451e-07,False,nan|2946,1342384
1,130_bNAb_Combinations|1342384|vc|5|2|nan|2946,1,2.27112e+08,1.5775,30.6102,0.0718423,5.72451e-07,False,nan|2946,1342384
1,130_bNAb_Combinations|1342384|vc|6|2|nan|2946,1,212.842,1.5775,30.6102,0.0718423,5.72451e-07,False,nan|2946,1342384
1,130_bNAb_Combinations|1342384|vc|7|2|nan|2946,1,5.61023e-08,1.5775,30.6102,0.0718423,5.72451e-07,False,nan|2946,1342384
1,130_bNAb_Combinations|1342384|vc|8|2|nan|2946,1,0.000299642,1.5775,30.6102,0.0718423,5.72451e-07,False,nan|2946,1342384
1,130_bNAb_Combinations|1342396|cc|1|1|PVO.4|5024,1,0.000433483,1.5752,29.3097,0.159788,5.72292e-07,False,nan|PVO.4,1342396
1,130_bNAb_Combinations|1342396|cc|2|1|PVO.4|5024,1,0.00175746,1.5752,29.3097,0.159788,5.72292e-07,False,nan|PVO.4,1342396
1,130_bNAb_Combinations|1342396|cc|3|1|PVO.4|5024,1,2365.17,1.5752,29.3097,0.159788,5.72292e-07,False,nan|PVO.4,1342396
1,130_bNAb_Combinations|1342396|cc|4|1|PVO.4|5024,1,2.90758e+16,1.5752,29.3097,0.159788,5.72292e-07,False,nan|PVO.4,1342396
1,130_bNAb_Combinations|1342396|cc|5|1|PVO.4|5024,1,7.82605e-07,1.5752,29.3097,0.159788,5.72292e-07,False,nan|PVO.4,1342396
1,130_bNAb_Combinations|1342396|cc|6|1|PVO.4|5024,1,4.46899e-06,1.5752,29.3097,0.159788,5.72292e-07,False,nan|PVO.4,1342396
1,130_bNAb_Combinations|1342396|cc|7|1|PVO.4|5024,1,121375,1.5752,29.3097,0.159788,5.72292e-07,False,nan|PVO.4,1342396
1,130_bNAb_Combinations|1342396|cc|8|1|PVO.4|5024,1,0.000837545,1.5752,29.3097,0.159788,5.72292e-07,False,nan|PVO.4,1342396
1,130_bNAb_Combinations|1342396|sample|3|PVO.4|5024,1,0.000186311,1.57757,8.36137,0.159788,5.72292e-07,True,VRC07-523LS|PVO.4,1342396
1,130_bNAb_Combinations|1342396|sample|4|PVO.4|5024,1,1.3162e-11,1.57757,8.36137,0.159788,5.72292e-07,True,VRC07-523LS|PVO.4,1342396
1,130_bNAb_Combinations|1342396|vc|1|2|PVO.4|5024,1,72072,1.5752,29.3097,0.159788,5.72292e-07,False,nan|PVO.4,1342396
1,130_bNAb_Combinations|1342396|vc|2|2|PVO.4|5024,1,5.58752e-08,1.5752,29.3097,0.159788,5.72292e-07,False,nan|PVO.4,1342396
1,130_bNAb_Combinations|1342396|vc|3|2|PVO.4|5024,1,51627.4,1.5752,29.3097,0.159788,5.72292e-07,False,nan|PVO.4,1342396
1,130_bNAb_Combinations|1342396|vc|4|2|PVO.4|5024,1,0.00663947,1.5752,29.3097,0.159788,5.72292e-07,False,nan|PVO.4,1342396
1,130_bNAb_Combinations|1342396|vc|5|2|PVO.4|5024,1,12.0084,1.5752,29.3097,0.159788,5.72292e-07,False,nan|PVO.4,1342396
1,130_bNAb_Combinations|1342396|vc|6|2|PVO.4|5024,1,5.22978e-05,1.5752,29.3097,0.159788,5.72292e-07,False,nan|PVO.4,1342396
1,130_bNAb_Combinations|1342396|vc|7|2|PVO.4|5024,1,0.00749366,1.5752,29.3097,0.159788,5.72292e-07,False,nan|PVO.4,1342396
1,130_bNAb_Combinations|1342396|vc|8|2|PVO.4|5024,1,0.000191307,1.5752,29.3097,0.159788,5.72292e-07,False,nan|PVO.4,1342396
1,130_bNAb_Combinations|1342408|cc|1|1|nan|4168,1,5.06627e+07,1.57715,5.57258,0.159801,5.72448e-07,False,nan|4168,1342408
1,130_bNAb_Combinations|1342408|cc|2|1|nan|4168,1,6.56746e-06,1.57715,5.57258,0.159801,5.72448e-07,False,nan|4168,1342408
1,130_bNAb_Combinations|1342408|cc|3|1|nan|4168,1,12027.9,1.57715,5.57258,0.159801,5.72448e-07,False,nan|4168,1342408
1,130_bNAb_Combinations|1342408|cc|4|1|nan|4168,1,119939,1.57715,5.57258,0.159801,5.72448e-07,False,nan|4168,1342408
1,130_bNAb_Combinations|1342408|cc|5|1|nan|4168,1,99.4878,1.57715,5.57258,0.159801,5.72448e-07,False,nan|4168,1342408
1,130_bNAb_Combinations|1342408|cc|6|1|nan|4168,1,0.000134754,1.57715,5.57258,0.159801,5.72448e-07,False,nan|4168,1342408
1,130_bNAb_Combinations|1342408|cc|7|1|nan|4168,1,0.138436,1.57715,5.57258,0.159801,5.72448e-07,False,nan|4168,1342408
1,130_bNAb_Combinations|1342408|cc|8|1|nan|4168,1,9.47073e-06,1.57715,5.57258,0.159801,5.72448e-07,False,nan|4168,1342408
1,130_bNAb_Combinations|1342408|sample|3|nan|4168,1,6.72552e-08,1.17688,5.48057,0.159801,5.72448e-07,True,VRC07-523LS|4168,1342408
1,130_bNAb_Combinations|1342408|sample|4|nan|4168,1,7.12096e-06,1.17688,5.48057,0.159801,5.72448e-07,True,VRC07-523LS|4168,1342408
1,130_bNAb_Combinations|1342408|vc|1|2|nan|4168,1,1.08698e+06,1.57715,5.57258,0.159801,5.72448e-07,False,nan|4168,1342408
1,130_bNAb_Combinations|1342408|vc|2|2|nan|4168,1,4.94108e+11,1.57715,5.57258,0.159801,5.72448e-07,False,nan|4168,1342408
1,130_bNAb_Combinations|1342408|vc|3|2|nan|4168,1,47.9277,1.57715,5.57258,0.159801,5.72448e-07,False,nan|4168,1342408
1,130_bNAb_Combinations|1342408|vc|4|2|nan|4168,1,3.57021e-06,1.57715,5.57258,0.159801,5.72448e-07,False,nan|4168,1342408
1,130_bNAb_Combinations|1342408|vc|5|2|nan|4168,1,1.52156e-05,1.57715,5.57258,0.159801,5.72448e-07,False,nan|4168,1342408
1,130_bNAb_Combinations|1342408|vc|6|2|nan|4168,1,55.0607,1.57715,5.57258,0.159801,5.72448e-07,False,nan|4168,1342408
1,130_bNAb_Combinations|1342408|vc|7|2|nan|4168,1,7.27096e-05,1.57715,5.57258,0.159801,5.72448e-07,False,nan|4168,1342408
1,130_bNAb_Combinations|1342408|vc|8|2|nan|4168,1,7.49873e-06,1.57715,5.57258,0.159801,5.72448e-07,False,nan|4168,1342408
1,704_VRC01_Concordance|1200432|cc|1|1|PVO.4|5024,1,9.2695e+09,1.5752,29.3097,0.159789,5.72443e-07,False,nan|PVO.4,1200432
1,704_VRC01_Concordance|1200432|cc|2|1|PVO.4|5024,1,3.65652e-09,1.5752,29.3097,0.159789,5.72443e-07,False,nan|PVO.4,1200432
1,704_VRC01_Concordance|1200432|cc|3|1|PVO.4|5024,1,1.31072e-06,1.5752,29.3097,0.159789,5.72443e-07,False,nan|PVO.4,1200432
1,704_VRC01_Concordance|1200432|cc|4|1|PVO.4|5024,1,0.432476,1.5752,29.3097,0.159789,5.72443e-07,False,nan|PVO.4,1200432
1,704_VRC01_Concordance|1200432|cc|5|1|PVO.4|5024,1,11.8129,1.5752,29.3097,0.159789,5.72443e-07,False,nan|PVO.4,1200432
1,704_VRC01_Concordance|1200432|cc|6|1|PVO.4|5024,1,1.14314e-12,1.5752,29.3097,0.159789,5.72443e-07,False,nan|PVO.4,1200432
1,704_VRC01_Concordance|1200432|cc|7|1|PVO.4|5024,1,38.2942,1.5752,29.3097,0.159789,5.72443e-07,False,nan|PVO.4,1200432
1,704_VRC01_Concordance|1200432|cc|8|1|PVO.4|5024,1,13.3744,1.5752,29.3097,0.159789,5.72443e-07,False,nan|PVO.4,1200432
1,704_VRC01_Concordance|1200432|sample|10|PVO.4|5024,1,0.0251658,1.57753,1.72803,0.159789,5.72443e-07,True,Clinical VRC01|PVO.4,1200432
1,704_VRC01_Concordance|1200432|sample|11|PVO.4|5024,1,2.8268e-15,1.57753,1.72803,0.159789,5.72443e-07,True,Clinical VRC01|PVO.4,1200432
1,704_VRC01_Concordance|1200432|sample|12|PVO.4|5024,1,1.01575e-05,1.57753,1.72803,0.159789,5.72443e-07,True,Clinical VRC01|PVO.4,1200432
1,704_VRC01_Concordance|1200432|sample|3|PVO.4|5024,1,0.000138894,1.57753,1.72803,0.159789,5.72443e-07,True,Clinical VRC01|PVO.4,1200432
1,704_VRC01_Concordance|1200432|sample|4|PVO.4|5024,1,2.60894e-15,1.57753,1.72803,0.159789,5.72443e-07,True,Clinical VRC01|PVO.4,1200432
1,704_VRC01_Concordance|1200432|sample|5|PVO.4|5024,1,0.000842652,1.57753,1.72803,0.159789,5.72443e-07,True,Clinical VRC01|PVO.4,1200432
1,704_VRC01_Concordance|1200432|sample|6|PVO.4|5024,1,0.0270648,1.57753,1.72803,0.159789,5.72443e-07,True,Clinical VRC01|PVO.4,1200432
1,704_VRC01_Concordance|1200432|sample|7|PVO.4|5024,1,3.42681e-08,1.57753,1.72803,0.159789,5.72443e-07,True,Clinical VRC01|PVO.4,1200432
1,704_VRC01_Concordance|1200432|sample|8|PVO.4|5024,1,2.28671e-07,1.57753,1.72803,0.159789,5.72443e-07,True,Clinical VRC01|PVO.4,1200432
1,704_VRC01_Concordance|1200432|sample|9|PVO.4|5024,1,3.58379e-09,1.57753,1.72803,0.159789,5.72443e-07,True,Clinical VRC01|PVO.4,1200432
1,704_VRC01_Concordance|1200432|vc|1|2|PVO.4|5024,1,5.07188e+08,1.5752,29.3097,0.159789,5.72443e-07,False,nan|PVO.4,1200432
1,704_VRC01_Concordance|1200432|vc|2|2|PVO.4|5024,1,306.491,1.5752,29.3097,0.159789,5.72443e-07,False,nan|PVO.4,1200432
1,704_VRC01_Concordance|1200432|vc|3|2|PVO.4|5024,1,1.04467e-05,1.5752,29.3097,0.159789,5.72443e-07,False,nan|PVO.4,1200432
1,704_VRC01_Concordance|1200432|vc|4|2|PVO.4|5024,1,7.24009e-07,1.5752,29.3097,0.159789,5.72443e-07,False,nan|PVO.4,1200432
1,704_VRC01_Concordance|1200432|vc|5|2|PVO.4|5024,1,26110.7,1.5752,29.3097,0.159789,5.72443e-07,False,nan|PVO.4,1200432
1,704_VRC01_Concordance|1200432|vc|6|2|PVO.4|5024,1,4.65275e-07,1.5752,29.3097,0.159789,5.72443e-07,False,nan|PVO.4,1200432
1,704_VRC01_Concordance|1200432|vc|7|2|PVO.4|5024,1,7.68049e-05,1.5752,29.3097,0.159789,5.72443e-07,False,nan|PVO.4,1200432
1,704_VRC01_Concordance|1200432|vc|8|2|PVO.4|5024,1,4.72245e-09,1.5752,29.3097,0.159789,5.72443e-07,False,nan|PVO.4,1200432
