id,eta_U_SAEM,eta_L_SAEM,eta_m_SAEM,eta_e_SAEM,eta_s_SAEM,eta_alpha_SAEM,eta_k_SAEM,eta_U_mode,eta_L_mode,eta_m_mode,eta_e_mode,eta_s_mode,eta_alpha_mode,eta_k_mode,goes_down,mab_virus,run_id
130_bNAb_Combinations|1313842|cc|1|1|nan|2946,0,1.49647e-09,4.1576e-09,0,0,0,0,0,1.77316e-11,-2.83062e-12,0,0,0,0,False,nan|2946,1313842
130_bNAb_Combinations|1313842|cc|2|1|nan|2946,0,-1.59918e-09,6.77972e-10,0,0,0,0,0,-1.527e-11,1.00662e-11,0,0,0,0,False,nan|2946,1313842
130_bNAb_Combinations|1313842|cc|3|1|nan|2946,0,-6.53253e-09,-1.38551e-09,0,0,0,0,0,-4.17018e-11,7.14051e-12,0,0,0,0,False,nan|2946,1313842
130_bNAb_Combinations|1313842|cc|4|1|nan|2946,0,-7.76946e-09,-1.4776e-09,0,0,0,0,0,1.53562e-11,-1.12461e-11,0,0,0,0,False,nan|2946,1313842
130_bNAb_Combinations|1313842|cc|5|1|nan|2946,0,-1.33695e-09,1.02806e-09,0,0,0,0,0,4.13611e-11,-3.10623e-11,0,0,0,0,False,nan|2946,1313842
130_bNAb_Combinations|1313842|cc|6|1|nan|2946,0,-3.72868e-09,-1.87386e-09,0,0,0,0,0,-2.66391e-11,1.06843e-11,0,0,0,0,False,nan|2946,1313842
130_bNAb_Combinations|1313842|cc|7|1|nan|2946,0,8.45469e-10,7.62517e-10,0,0,0,0,0,1.75047e-11,2.32934e-11,0,0,0,0,False,nan|2946,1313842
130_bNAb_Combinations|1313842|cc|8|1|nan|2946,0,2.67341e-09,3.55535e-09,0,0,0,0,0,4.5274e-11,3.85869e-12,0,0,0,0,False,nan|2946,1313842
130_bNAb_Combinations|1313842|sample|10|nan|2946,0,5.1971e-09,7.29271e-10,0,0,0,0,0,4.6593e-11,2.33782e-11,0,0,0,0,True,PGT121|2946,1313842
130_bNAb_Combinations|1313842|sample|11|nan|2946,0,-6.91243e-09,-9.92406e-10,0,0,0,0,0,5.15055e-12,-8.45768e-12,0,0,0,0,True,VRC07-523LS|2946,1313842
130_bNAb_Combinations|1313842|sample|12|nan|2946,0,1.41682e-08,-1.69731e-09,0,0,0,0,0,2.44862e-11,8.35554e-12,0,0,0,0,True,VRC07-523LS|2946,1313842
130_bNAb_Combinations|1313842|sample|3|nan|2946,0,-9.72501e-10,8.21535e-10,0,0,0,0,0,-7.43761e-12,1.85265e-11,0,0,0,0,True,PGDM1400|2946,1313842
130_bNAb_Combinations|1313842|sample|4|nan|2946,0,4.29702e-10,-4.13859e-09,0,0,0,0,0,-3.02354e-11,-1.58762e-12,0,0,0,0,True,PGDM1400|2946,1313842
130_bNAb_Combinations|1313842|sample|5|nan|2946,0,-3.63139e-09,2.68504e-09,0,0,0,0,0,1.2677e-11,2.55316e-11,0,0,0,0,True,PGDM1400|2946,1313842
130_bNAb_Combinations|1313842|sample|6|nan|2946,0,2.06679e-10,-7.74338e-10,0,0,0,0,0,-3.61284e-11,-3.40528e-11,0,0,0,0,True,PGDM1400|2946,1313842
130_bNAb_Combinations|1313842|sample|7|nan|2946,0,3.61265e-09,1.05565e-09,0,0,0,0,0,1.64508e-11,6.45484e-12,0,0,0,0,True,PGT121|2946,1313842
130_bNAb_Combinations|1313842|sample|8|nan|2946,0,-4.03327e-09,8.34534e-10,0,0,0,0,0,2.59934e-11,1.74039e-12,0,0,0,0,True,PGT121|2946,1313842
130_bNAb_Combinations|1313842|sample|9|nan|2946,0,-8.51049e-10,-1.92401e-09,0,0,0,0,0,-4.24327e-11,-1.30207e-12,0,0,0,0,True,PGT121|2946,1313842
130_bNAb_Combinations|1313842|vc|1|2|nan|2946,0,7.96266e-09,9.46633e-10,0,0,0,0,0,-3.49516e-11,-9.85434e-13,0,0,0,0,False,nan|2946,1313842
130_bNAb_Combinations|1313842|vc|2|2|nan|2946,0,-2.16525e-09,-2.58255e-09,0,0,0,0,0,-1.91225e-11,8.19877e-12,0,0,0,0,False,nan|2946,1313842
130_bNAb_Combinations|1313842|vc|3|2|nan|2946,0,-1.59908e-09,-5.06439e-09,0,0,0,0,0,-2.42784e-12,1.22782e-11,0,0,0,0,False,nan|2946,1313842
130_bNAb_Combinations|1313842|vc|4|2|nan|2946,0,3.63207e-09,1.37189e-09,0,0,0,0,0,-1.87943e-11,-4.50795e-12,0,0,0,0,False,nan|2946,1313842
130_bNAb_Combinations|1313842|vc|5|2|nan|2946,0,-1.01791e-09,5.84967e-10,0,0,0,0,0,-4.74003e-11,-5.57554e-12,0,0,0,0,False,nan|2946,1313842
130_bNAb_Combinations|1313842|vc|6|2|nan|2946,0,6.75835e-09,2.48877e-09,0,0,0,0,0,4.17577e-11,-2.06417e-11,0,0,0,0,False,nan|2946,1313842
130_bNAb_Combinations|1313842|vc|7|2|nan|2946,0,-1.24114e-08,3.06318e-09,0,0,0,0,0,-2.40092e-11,-1.89178e-11,0,0,0,0,False,nan|2946,1313842
130_bNAb_Combinations|1313842|vc|8|2|nan|2946,0,-3.23513e-09,-3.90213e-10,0,0,0,0,0,-1.30367e-11,-1.51394e-11,0,0,0,0,False,nan|2946,1313842
130_bNAb_Combinations|1313860|cc|1|1|PVO.4|5024,0,-3.13121e-09,-1.95879e-09,0,0,0,0,0,1.31735e-11,1.18301e-11,0,0,0,0,False,nan|PVO.4,1313860
130_bNAb_Combinations|1313860|cc|2|1|PVO.4|5024,0,-6.87209e-10,-4.30028e-09,0,0,0,0,0,3.99947e-12,1.24141e-11,0,0,0,0,False,nan|PVO.4,1313860
130_bNAb_Combinations|1313860|cc|3|1|PVO.4|5024,0,-2.54222e-09,-1.38224e-09,0,0,0,0,0,3.74651e-11,-2.0064e-11,0,0,0,0,False,nan|PVO.4,1313860
130_bNAb_Combinations|1313860|cc|4|1|PVO.4|5024,0,9.7987e-09,5.81458e-11,0,0,0,0,0,1.11884e-11,-1.78795e-11,0,0,0,0,False,nan|PVO.4,1313860
130_bNAb_Combinations|1313860|cc|5|1|PVO.4|5024,0,2.09397e-10,3.2892e-09,0,0,0,0,0,-3.35678e-11,-6.82443e-12,0,0,0,0,False,nan|PVO.4,1313860
130_bNAb_Combinations|1313860|cc|6|1|PVO.4|5024,0,-3.57734e-09,-3.92661e-10,0,0,0,0,0,2.43414e-11,2.65897e-11,0,0,0,0,False,nan|PVO.4,1313860
130_bNAb_Combinations|1313860|cc|7|1|PVO.4|5024,0,2.82945e-09,-2.51596e-09,0,0,0,0,0,-5.80478e-11,-4.57656e-12,0,0,0,0,False,nan|PVO.4,1313860
130_bNAb_Combinations|1313860|cc|8|1|PVO.4|5024,0,-2.35899e-09,-4.27016e-09,0,0,0,0,0,-7.23954e-11,2.53404e-11,0,0,0,0,False,nan|PVO.4,1313860
130_bNAb_Combinations|1313860|sample|10|PVO.4|5024,0,-1.31444e-09,-2.0314e-10,0,0,0,0,0,-1.70655e-11,-1.44462e-12,0,0,0,0,True,PGT121|PVO.4,1313860
130_bNAb_Combinations|1313860|sample|11|PVO.4|5024,0,5.78572e-10,-3.06008e-09,0,0,0,0,0,-3.79385e-11,4.47864e-12,0,0,0,0,True,VRC07-523LS|PVO.4,1313860
130_bNAb_Combinations|1313860|sample|12|PVO.4|5024,0,3.88409e-10,5.5743e-10,0,0,0,0,0,-5.69269e-11,-4.38425e-11,0,0,0,0,True,VRC07-523LS|PVO.4,1313860
130_bNAb_Combinations|1313860|sample|3|PVO.4|5024,0,2.99546e-09,2.12001e-09,0,0,0,0,0,2.02518e-11,-4.11715e-12,0,0,0,0,True,PGDM1400|PVO.4,1313860
130_bNAb_Combinations|1313860|sample|4|PVO.4|5024,0,5.69906e-10,1.70938e-09,0,0,0,0,0,-2.99818e-11,-4.14593e-11,0,0,0,0,True,PGDM1400|PVO.4,1313860
130_bNAb_Combinations|1313860|sample|5|PVO.4|5024,0,3.50451e-10,-2.30278e-09,0,0,0,0,0,-2.80678e-11,-1.6469e-11,0,0,0,0,True,PGDM1400|PVO.4,1313860
130_bNAb_Combinations|1313860|sample|6|PVO.4|5024,0,-4.17102e-09,4.00785e-10,0,0,0,0,0,-5.11258e-11,7.43938e-12,0,0,0,0,True,PGDM1400|PVO.4,1313860
130_bNAb_Combinations|1313860|sample|7|PVO.4|5024,0,-6.6453e-11,9.68731e-10,0,0,0,0,0,-1.28138e-10,-8.90095e-11,0,0,0,0,True,PGT121|PVO.4,1313860
130_bNAb_Combinations|1313860|sample|8|PVO.4|5024,0,1.53848e-09,1.86655e-09,0,0,0,0,0,1.34923e-11,2.61673e-11,0,0,0,0,True,PGT121|PVO.4,1313860
130_bNAb_Combinations|1313860|sample|9|PVO.4|5024,0,-2.35785e-09,-4.32495e-09,0,0,0,0,0,1.86589e-11,-1.20888e-11,0,0,0,0,True,PGT121|PVO.4,1313860
130_bNAb_Combinations|1313860|vc|1|2|PVO.4|5024,0,-3.20531e-09,-1.70719e-09,0,0,0,0,0,-3.96714e-11,-1.91824e-11,0,0,0,0,False,nan|PVO.4,1313860
130_bNAb_Combinations|1313860|vc|2|2|PVO.4|5024,0,-3.39183e-09,-9.86463e-10,0,0,0,0,0,2.65885e-11,-1.58833e-11,0,0,0,0,False,nan|PVO.4,1313860
130_bNAb_Combinations|1313860|vc|3|2|PVO.4|5024,0,4.73301e-09,-3.2908e-09,0,0,0,0,0,6.41798e-11,3.11886e-11,0,0,0,0,False,nan|PVO.4,1313860
130_bNAb_Combinations|1313860|vc|4|2|PVO.4|5024,0,2.38779e-09,2.58021e-09,0,0,0,0,0,-1.69642e-11,2.03858e-11,0,0,0,0,False,nan|PVO.4,1313860
130_bNAb_Combinations|1313860|vc|5|2|PVO.4|5024,0,-2.90344e-09,-1.16807e-09,0,0,0,0,0,2.27516e-11,-2.49316e-11,0,0,0,0,False,nan|PVO.4,1313860
130_bNAb_Combinations|1313860|vc|6|2|PVO.4|5024,0,-1.26167e-08,6.40514e-10,0,0,0,0,0,-3.40066e-11,-1.81816e-11,0,0,0,0,False,nan|PVO.4,1313860
130_bNAb_Combinations|1313860|vc|7|2|PVO.4|5024,0,3.22963e-09,-1.41847e-09,0,0,0,0,0,-2.09468e-11,-2.07363e-11,0,0,0,0,False,nan|PVO.4,1313860
130_bNAb_Combinations|1313860|vc|8|2|PVO.4|5024,0,-2.84795e-09,3.47855e-10,0,0,0,0,0,-3.22142e-11,-7.88547e-12,0,0,0,0,False,nan|PVO.4,1313860
130_bNAb_Combinations|1313884|cc|1|1|nan|4168,0,5.18641e-09,-2.18927e-09,0,0,0,0,0,-5.83222e-11,1.38067e-12,0,0,0,0,False,nan|4168,1313884
130_bNAb_Combinations|1313884|cc|2|1|nan|4168,0,3.12243e-09,-2.14423e-09,0,0,0,0,0,1.23297e-11,1.95248e-11,0,0,0,0,False,nan|4168,1313884
130_bNAb_Combinations|1313884|cc|3|1|nan|4168,0,7.14979e-10,-1.88448e-09,0,0,0,0,0,5.38449e-11,-9.22751e-12,0,0,0,0,False,nan|4168,1313884
130_bNAb_Combinations|1313884|cc|4|1|nan|4168,0,-2.76824e-09,1.70792e-09,0,0,0,0,0,2.45706e-11,1.64819e-11,0,0,0,0,False,nan|4168,1313884
130_bNAb_Combinations|1313884|cc|5|1|nan|4168,0,-4.91362e-09,2.86332e-09,0,0,0,0,0,4.34319e-13,-2.44165e-11,0,0,0,0,False,nan|4168,1313884
130_bNAb_Combinations|1313884|cc|6|1|nan|4168,0,-7.12946e-09,-4.55532e-10,0,0,0,0,0,1.75975e-11,2.56866e-11,0,0,0,0,False,nan|4168,1313884
130_bNAb_Combinations|1313884|cc|7|1|nan|4168,0,1.25491e-09,-3.24839e-09,0,0,0,0,0,1.15259e-11,1.77911e-11,0,0,0,0,False,nan|4168,1313884
130_bNAb_Combinations|1313884|cc|8|1|nan|4168,0,-2.15077e-09,5.57513e-09,0,0,0,0,0,1.53024e-11,-2.05134e-11,0,0,0,0,False,nan|4168,1313884
130_bNAb_Combinations|1313884|sample|10|nan|4168,0,-6.61754e-10,2.40878e-09,0,0,0,0,0,1.15881e-11,1.12368e-11,0,0,0,0,True,PGT121|4168,1313884
130_bNAb_Combinations|1313884|sample|11|nan|4168,0,-1.65948e-09,9.21006e-10,0,0,0,0,0,3.56843e-11,-1.94387e-11,0,0,0,0,True,VRC07-523LS|4168,1313884
130_bNAb_Combinations|1313884|sample|12|nan|4168,0,-6.70861e-09,-2.53212e-09,0,0,0,0,0,7.24132e-11,2.1072e-11,0,0,0,0,True,VRC07-523LS|4168,1313884
130_bNAb_Combinations|1313884|sample|3|nan|4168,0,1.6377e-09,1.74081e-09,0,0,0,0,0,2.32561e-11,3.99529e-11,0,0,0,0,True,PGDM1400|4168,1313884
130_bNAb_Combinations|1313884|sample|4|nan|4168,0,3.67468e-09,-2.82895e-09,0,0,0,0,0,2.77134e-11,-2.44498e-11,0,0,0,0,True,PGDM1400|4168,1313884
130_bNAb_Combinations|1313884|sample|5|nan|4168,0,1.53049e-10,3.95655e-09,0,0,0,0,0,3.33285e-11,-3.66462e-12,0,0,0,0,True,PGDM1400|4168,1313884
130_bNAb_Combinations|1313884|sample|6|nan|4168,0,4.97838e-09,-2.00094e-10,0,0,0,0,0,-2.04019e-11,2.65175e-11,0,0,0,0,True,PGDM1400|4168,1313884
130_bNAb_Combinations|1313884|sample|7|nan|4168,0,1.37194e-09,-2.3378e-09,0,0,0,0,0,4.29647e-11,2.47218e-11,0,0,0,0,True,PGT121|4168,1313884
130_bNAb_Combinations|1313884|sample|8|nan|4168,0,-7.34958e-09,-2.48911e-09,0,0,0,0,0,3.07581e-11,2.01297e-11,0,0,0,0,True,PGT121|4168,1313884
130_bNAb_Combinations|1313884|sample|9|nan|4168,0,-1.63836e-09,-4.88302e-10,0,0,0,0,0,1.10616e-10,-1.62423e-11,0,0,0,0,True,PGT121|4168,1313884
130_bNAb_Combinations|1313884|vc|1|2|nan|4168,0,7.89967e-10,3.31767e-09,0,0,0,0,0,3.60529e-11,7.99383e-12,0,0,0,0,False,nan|4168,1313884
130_bNAb_Combinations|1313884|vc|2|2|nan|4168,0,-6.15093e-09,-1.8244e-09,0,0,0,0,0,2.45315e-12,3.08418e-11,0,0,0,0,False,nan|4168,1313884
130_bNAb_Combinations|1313884|vc|3|2|nan|4168,0,-3.85798e-09,-2.64037e-09,0,0,0,0,0,2.0365e-11,-1.2548e-11,0,0,0,0,False,nan|4168,1313884
130_bNAb_Combinations|1313884|vc|4|2|nan|4168,0,-7.51207e-09,2.06021e-09,0,0,0,0,0,1.47526e-12,2.09732e-11,0,0,0,0,False,nan|4168,1313884
130_bNAb_Combinations|1313884|vc|5|2|nan|4168,0,-1.80303e-09,-1.07361e-09,0,0,0,0,0,2.85132e-11,-1.09308e-11,0,0,0,0,False,nan|4168,1313884
130_bNAb_Combinations|1313884|vc|6|2|nan|4168,0,2.21632e-09,-6.71674e-10,0,0,0,0,0,2.74518e-11,-1.45639e-11,0,0,0,0,False,nan|4168,1313884
130_bNAb_Combinations|1313884|vc|7|2|nan|4168,0,2.70883e-09,3.34213e-09,0,0,0,0,0,2.05862e-11,2.58438e-11,0,0,0,0,False,nan|4168,1313884
130_bNAb_Combinations|1313884|vc|8|2|nan|4168,0,-1.1864e-09,-1.89141e-09,0,0,0,0,0,8.21121e-12,-2.37828e-11,0,0,0,0,False,nan|4168,1313884
130_bNAb_Combinations|1313920|cc|1|1|nan|1798,0,-1.13314e-09,3.77816e-09,0,0,0,0,0,3.09868e-11,-1.03118e-11,0,0,0,0,False,nan|1798,1313920
130_bNAb_Combinations|1313920|cc|2|1|nan|1798,0,-6.19164e-10,-3.30665e-09,0,0,0,0,0,-1.78275e-11,2.10147e-11,0,0,0,0,False,nan|1798,1313920
130_bNAb_Combinations|1313920|cc|3|1|nan|1798,0,5.12412e-09,1.17047e-09,0,0,0,0,0,1.72431e-11,1.89351e-11,0,0,0,0,False,nan|1798,1313920
130_bNAb_Combinations|1313920|cc|4|1|nan|1798,0,1.85139e-09,1.84455e-09,0,0,0,0,0,-9.77529e-12,-2.33482e-11,0,0,0,0,False,nan|1798,1313920
130_bNAb_Combinations|1313920|cc|5|1|nan|1798,0,2.06587e-10,9.06615e-10,0,0,0,0,0,1.62963e-11,-1.79985e-11,0,0,0,0,False,nan|1798,1313920
130_bNAb_Combinations|1313920|cc|6|1|nan|1798,0,1.37658e-09,5.97554e-11,0,0,0,0,0,4.22142e-11,6.43707e-12,0,0,0,0,False,nan|1798,1313920
130_bNAb_Combinations|1313920|cc|7|1|nan|1798,0,-1.68405e-09,2.67298e-09,0,0,0,0,0,3.09424e-11,-2.35623e-11,0,0,0,0,False,nan|1798,1313920
130_bNAb_Combinations|1313920|cc|8|1|nan|1798,0,5.57694e-09,-3.20027e-09,0,0,0,0,0,-2.19949e-11,1.53473e-11,0,0,0,0,False,nan|1798,1313920
130_bNAb_Combinations|1313920|sample|10|nan|1798,0,2.14131e-09,-1.52379e-09,0,0,0,0,0,-1.69731e-12,1.69735e-11,0,0,0,0,True,PGT121|1798,1313920
130_bNAb_Combinations|1313920|sample|11|nan|1798,0,-5.30515e-09,1.26051e-09,0,0,0,0,0,-7.13634e-11,-3.99503e-12,0,0,0,0,True,VRC07-523LS|1798,1313920
130_bNAb_Combinations|1313920|sample|12|nan|1798,0,-1.101e-09,-1.93063e-09,0,0,0,0,0,-4.1565e-11,3.84892e-12,0,0,0,0,True,VRC07-523LS|1798,1313920
130_bNAb_Combinations|1313920|sample|3|nan|1798,0,4.21519e-09,1.87091e-09,0,0,0,0,0,4.49987e-11,-4.81837e-14,0,0,0,0,True,PGDM1400|1798,1313920
130_bNAb_Combinations|1313920|sample|4|nan|1798,0,-4.40058e-10,-2.03465e-09,0,0,0,0,0,2.2274e-11,-1.15248e-11,0,0,0,0,True,PGDM1400|1798,1313920
130_bNAb_Combinations|1313920|sample|5|nan|1798,0,2.74841e-09,-4.98244e-11,0,0,0,0,0,4.16396e-11,-7.66609e-12,0,0,0,0,True,PGDM1400|1798,1313920
130_bNAb_Combinations|1313920|sample|6|nan|1798,0,1.75369e-09,2.33551e-09,0,0,0,0,0,1.75469e-11,-3.00477e-11,0,0,0,0,True,PGDM1400|1798,1313920
130_bNAb_Combinations|1313920|sample|7|nan|1798,0,-2.32779e-10,-3.26617e-09,0,0,0,0,0,2.89733e-11,1.96654e-12,0,0,0,0,True,PGT121|1798,1313920
130_bNAb_Combinations|1313920|sample|8|nan|1798,0,-3.08489e-09,-2.11022e-09,0,0,0,0,0,-3.00542e-11,5.38802e-12,0,0,0,0,True,PGT121|1798,1313920
130_bNAb_Combinations|1313920|sample|9|nan|1798,0,4.67889e-09,-2.93062e-09,0,0,0,0,0,2.7442e-11,-2.1142e-11,0,0,0,0,True,PGT121|1798,1313920
130_bNAb_Combinations|1313920|vc|1|2|nan|1798,0,-1.7414e-09,-1.81287e-10,0,0,0,0,0,4.62803e-11,1.4875e-11,0,0,0,0,False,nan|1798,1313920
130_bNAb_Combinations|1313920|vc|2|2|nan|1798,0,4.12218e-09,-2.9631e-09,0,0,0,0,0,-2.89546e-11,3.42351e-11,0,0,0,0,False,nan|1798,1313920
130_bNAb_Combinations|1313920|vc|3|2|nan|1798,0,2.2232e-09,2.59125e-09,0,0,0,0,0,3.90283e-11,4.54747e-13,0,0,0,0,False,nan|1798,1313920
130_bNAb_Combinations|1313920|vc|4|2|nan|1798,0,4.45376e-09,-1.60499e-09,0,0,0,0,0,-2.10143e-11,1.74896e-11,0,0,0,0,False,nan|1798,1313920
130_bNAb_Combinations|1313920|vc|5|2|nan|1798,0,6.65195e-09,5.58091e-09,0,0,0,0,0,-4.32721e-11,3.5274e-12,0,0,0,0,False,nan|1798,1313920
130_bNAb_Combinations|1313920|vc|6|2|nan|1798,0,-3.03578e-09,-5.85179e-09,0,0,0,0,0,4.33396e-11,-2.84777e-11,0,0,0,0,False,nan|1798,1313920
130_bNAb_Combinations|1313920|vc|7|2|nan|1798,0,-2.33993e-09,-9.46753e-10,0,0,0,0,0,-2.24984e-11,1.1847e-11,0,0,0,0,False,nan|1798,1313920
130_bNAb_Combinations|1313920|vc|8|2|nan|1798,0,-2.77861e-09,1.93808e-09,0,0,0,0,0,3.54561e-11,-2.25979e-11,0,0,0,0,False,nan|1798,1313920
130_bNAb_Combinations|1313938|cc|1|1|TRO.11|8301,0,3.57913e-09,-2.80199e-09,0,0,0,0,0,-9.47242e-12,1.64411e-11,0,0,0,0,False,nan|TRO.11,1313938
130_bNAb_Combinations|1313938|cc|2|1|TRO.11|8301,0,2.03333e-09,6.39496e-11,0,0,0,0,0,-1.55329e-11,1.97402e-11,0,0,0,0,False,nan|TRO.11,1313938
130_bNAb_Combinations|1313938|cc|3|1|TRO.11|8301,0,5.79142e-10,5.93352e-09,0,0,0,0,0,2.86895e-11,-5.49116e-13,0,0,0,0,False,nan|TRO.11,1313938
130_bNAb_Combinations|1313938|cc|4|1|TRO.11|8301,0,-3.00533e-09,2.69963e-09,0,0,0,0,0,-4.0933e-11,1.75411e-11,0,0,0,0,False,nan|TRO.11,1313938
130_bNAb_Combinations|1313938|cc|5|1|TRO.11|8301,0,2.59895e-10,-3.07061e-10,0,0,0,0,0,4.72027e-11,-1.19269e-11,0,0,0,0,False,nan|TRO.11,1313938
130_bNAb_Combinations|1313938|cc|6|1|TRO.11|8301,0,-1.03825e-10,-6.82433e-10,0,0,0,0,0,1.8388e-11,2.33764e-11,0,0,0,0,False,nan|TRO.11,1313938
130_bNAb_Combinations|1313938|cc|7|1|TRO.11|8301,0,-3.04821e-09,8.63897e-10,0,0,0,0,0,2.30092e-11,2.76126e-11,0,0,0,0,False,nan|TRO.11,1313938
130_bNAb_Combinations|1313938|cc|8|1|TRO.11|8301,0,-7.2383e-09,2.94433e-10,0,0,0,0,0,-1.5616e-11,-3.30447e-11,0,0,0,0,False,nan|TRO.11,1313938
130_bNAb_Combinations|1313938|sample|10|TRO.11|8301,0,4.52704e-09,-2.1005e-09,0,0,0,0,0,9.75753e-12,-2.57034e-11,0,0,0,0,True,PGT121|TRO.11,1313938
130_bNAb_Combinations|1313938|sample|11|TRO.11|8301,0,4.66804e-09,6.50291e-10,0,0,0,0,0,3.33964e-11,-1.37192e-11,0,0,0,0,True,VRC07-523LS|TRO.11,1313938
130_bNAb_Combinations|1313938|sample|12|TRO.11|8301,0,3.05036e-09,-1.59064e-09,0,0,0,0,0,-4.36797e-11,-1.2641e-11,0,0,0,0,True,VRC07-523LS|TRO.11,1313938
130_bNAb_Combinations|1313938|sample|3|TRO.11|8301,0,-3.19317e-09,3.20548e-09,0,0,0,0,0,2.98321e-11,-6.32605e-12,0,0,0,0,True,PGDM1400|TRO.11,1313938
130_bNAb_Combinations|1313938|sample|4|TRO.11|8301,0,-1.05313e-09,1.55873e-09,0,0,0,0,0,-6.36007e-11,1.03895e-11,0,0,0,0,True,PGDM1400|TRO.11,1313938
130_bNAb_Combinations|1313938|sample|5|TRO.11|8301,0,5.31303e-09,-5.19966e-10,0,0,0,0,0,8.7006e-12,-1.63856e-11,0,0,0,0,True,PGDM1400|TRO.11,1313938
130_bNAb_Combinations|1313938|sample|6|TRO.11|8301,0,-2.23125e-10,-6.11691e-10,0,0,0,0,0,2.11156e-11,2.54108e-11,0,0,0,0,True,PGDM1400|TRO.11,1313938
130_bNAb_Combinations|1313938|sample|7|TRO.11|8301,0,-2.67201e-10,7.92139e-10,0,0,0,0,0,-2.00293e-11,7.28539e-12,0,0,0,0,True,PGT121|TRO.11,1313938
130_bNAb_Combinations|1313938|sample|8|TRO.11|8301,0,-2.75348e-09,1.73186e-09,0,0,0,0,0,-4.80549e-11,1.74907e-11,0,0,0,0,True,PGT121|TRO.11,1313938
130_bNAb_Combinations|1313938|sample|9|TRO.11|8301,0,-1.56532e-09,4.57029e-09,0,0,0,0,0,-2.35145e-11,6.66556e-12,0,0,0,0,True,PGT121|TRO.11,1313938
130_bNAb_Combinations|1313938|vc|1|2|TRO.11|8301,0,2.74885e-10,6.54676e-10,0,0,0,0,0,-4.67093e-12,-1.79814e-11,0,0,0,0,False,nan|TRO.11,1313938
130_bNAb_Combinations|1313938|vc|2|2|TRO.11|8301,0,1.37587e-09,-4.48399e-10,0,0,0,0,0,-3.40425e-11,-1.48996e-11,0,0,0,0,False,nan|TRO.11,1313938
130_bNAb_Combinations|1313938|vc|3|2|TRO.11|8301,0,-4.94477e-10,-1.32794e-09,0,0,0,0,0,-2.0957e-11,-1.36391e-11,0,0,0,0,False,nan|TRO.11,1313938
130_bNAb_Combinations|1313938|vc|4|2|TRO.11|8301,0,6.62823e-09,-1.86458e-09,0,0,0,0,0,-3.5675e-11,1.78151e-11,0,0,0,0,False,nan|TRO.11,1313938
130_bNAb_Combinations|1313938|vc|5|2|TRO.11|8301,0,1.28146e-09,-1.00231e-09,0,0,0,0,0,1.15432e-11,1.59663e-11,0,0,0,0,False,nan|TRO.11,1313938
130_bNAb_Combinations|1313938|vc|6|2|TRO.11|8301,0,-4.35321e-10,-3.30739e-09,0,0,0,0,0,6.37801e-12,1.5806e-11,0,0,0,0,False,nan|TRO.11,1313938
130_bNAb_Combinations|1313938|vc|7|2|TRO.11|8301,0,7.07157e-09,-1.33896e-09,0,0,0,0,0,4.01914e-11,8.95728e-12,0,0,0,0,False,nan|TRO.11,1313938
130_bNAb_Combinations|1313938|vc|8|2|TRO.11|8301,0,-5.78379e-09,2.46134e-09,0,0,0,0,0,-4.77884e-12,-2.11346e-11,0,0,0,0,False,nan|TRO.11,1313938
130_bNAb_Combinations|1313956|cc|1|1|Ce1176_A3|7023,0,-1.87893e-09,5.54989e-10,0,0,0,0,0,-2.13074e-11,-1.57836e-11,0,0,0,0,False,nan|Ce1176_A3,1313956
130_bNAb_Combinations|1313956|cc|2|1|Ce1176_A3|7023,0,9.5063e-09,-3.98576e-09,0,0,0,0,0,1.15792e-11,-1.91627e-11,0,0,0,0,False,nan|Ce1176_A3,1313956
130_bNAb_Combinations|1313956|cc|3|1|Ce1176_A3|7023,0,4.60388e-09,-1.77319e-09,0,0,0,0,0,-4.75842e-12,1.87081e-11,0,0,0,0,False,nan|Ce1176_A3,1313956
130_bNAb_Combinations|1313956|cc|4|1|Ce1176_A3|7023,0,-1.37847e-10,3.03773e-09,0,0,0,0,0,-2.36753e-11,1.61482e-11,0,0,0,0,False,nan|Ce1176_A3,1313956
130_bNAb_Combinations|1313956|cc|5|1|Ce1176_A3|7023,0,7.25437e-10,-6.68549e-10,0,0,0,0,0,-2.06817e-11,-8.89222e-12,0,0,0,0,False,nan|Ce1176_A3,1313956
130_bNAb_Combinations|1313956|cc|6|1|Ce1176_A3|7023,0,-2.15621e-09,7.63638e-10,0,0,0,0,0,1.17701e-11,4.3856e-12,0,0,0,0,False,nan|Ce1176_A3,1313956
130_bNAb_Combinations|1313956|cc|7|1|Ce1176_A3|7023,0,-1.1897e-09,4.25946e-09,0,0,0,0,0,-2.96998e-11,2.40958e-11,0,0,0,0,False,nan|Ce1176_A3,1313956
130_bNAb_Combinations|1313956|cc|8|1|Ce1176_A3|7023,0,2.99362e-09,1.80405e-09,0,0,0,0,0,3.00293e-11,1.20615e-12,0,0,0,0,False,nan|Ce1176_A3,1313956
130_bNAb_Combinations|1313956|sample|10|Ce1176_A3|7023,0,2.34944e-09,-6.25045e-10,0,0,0,0,0,-9.09228e-12,1.93572e-11,0,0,0,0,True,PGT121|Ce1176_A3,1313956
130_bNAb_Combinations|1313956|sample|11|Ce1176_A3|7023,0,4.02293e-10,-3.51529e-09,0,0,0,0,0,4.54499e-11,-2.35487e-11,0,0,0,0,True,VRC07-523LS|Ce1176_A3,1313956
130_bNAb_Combinations|1313956|sample|12|Ce1176_A3|7023,0,6.33242e-09,1.59669e-09,0,0,0,0,0,-3.72857e-11,-7.6632e-12,0,0,0,0,True,VRC07-523LS|Ce1176_A3,1313956
130_bNAb_Combinations|1313956|sample|3|Ce1176_A3|7023,0,2.47835e-09,2.13877e-09,0,0,0,0,0,5.66924e-12,3.34168e-11,0,0,0,0,True,PGDM1400|Ce1176_A3,1313956
130_bNAb_Combinations|1313956|sample|4|Ce1176_A3|7023,0,2.07489e-09,-6.15248e-10,0,0,0,0,0,8.53539e-12,-2.00395e-11,0,0,0,0,True,PGDM1400|Ce1176_A3,1313956
130_bNAb_Combinations|1313956|sample|5|Ce1176_A3|7023,0,2.25404e-09,3.19244e-09,0,0,0,0,0,3.21227e-11,7.57305e-12,0,0,0,0,True,PGDM1400|Ce1176_A3,1313956
130_bNAb_Combinations|1313956|sample|6|Ce1176_A3|7023,0,1.50906e-09,2.86406e-09,0,0,0,0,0,-2.35811e-11,2.97007e-12,0,0,0,0,True,PGDM1400|Ce1176_A3,1313956
130_bNAb_Combinations|1313956|sample|7|Ce1176_A3|7023,0,4.32808e-09,-5.26901e-10,0,0,0,0,0,8.39329e-12,-1.57687e-11,0,0,0,0,True,PGT121|Ce1176_A3,1313956
130_bNAb_Combinations|1313956|sample|8|Ce1176_A3|7023,0,5.28256e-09,-7.83057e-10,0,0,0,0,0,3.13207e-11,7.48557e-12,0,0,0,0,True,PGT121|Ce1176_A3,1313956
130_bNAb_Combinations|1313956|sample|9|Ce1176_A3|7023,0,-3.92018e-10,7.12157e-10,0,0,0,0,0,-1.46816e-12,8.67265e-11,0,0,0,0,True,PGT121|Ce1176_A3,1313956
130_bNAb_Combinations|1313956|vc|1|2|Ce1176_A3|7023,0,4.17369e-10,-7.60716e-10,0,0,0,0,0,4.03357e-11,1.18474e-11,0,0,0,0,False,nan|Ce1176_A3,1313956
130_bNAb_Combinations|1313956|vc|2|2|Ce1176_A3|7023,0,5.31358e-09,7.83042e-10,0,0,0,0,0,-2.5528e-11,-6.47438e-12,0,0,0,0,False,nan|Ce1176_A3,1313956
130_bNAb_Combinations|1313956|vc|3|2|Ce1176_A3|7023,0,-4.93347e-10,-2.82983e-09,0,0,0,0,0,-6.01297e-12,-1.13458e-11,0,0,0,0,False,nan|Ce1176_A3,1313956
130_bNAb_Combinations|1313956|vc|4|2|Ce1176_A3|7023,0,8.09253e-10,2.00577e-09,0,0,0,0,0,-1.97873e-11,3.62443e-11,0,0,0,0,False,nan|Ce1176_A3,1313956
130_bNAb_Combinations|1313956|vc|5|2|Ce1176_A3|7023,0,9.20748e-10,-5.07338e-10,0,0,0,0,0,1.10449e-11,-3.04796e-11,0,0,0,0,False,nan|Ce1176_A3,1313956
130_bNAb_Combinations|1313956|vc|6|2|Ce1176_A3|7023,0,-1.30069e-10,-1.54286e-09,0,0,0,0,0,3.19575e-11,6.95133e-12,0,0,0,0,False,nan|Ce1176_A3,1313956
130_bNAb_Combinations|1313956|vc|7|2|Ce1176_A3|7023,0,6.56037e-09,-3.13619e-09,0,0,0,0,0,2.10028e-11,1.7796e-11,0,0,0,0,False,nan|Ce1176_A3,1313956
130_bNAb_Combinations|1313956|vc|8|2|Ce1176_A3|7023,0,-1.26128e-09,1.85704e-09,0,0,0,0,0,2.94103e-11,1.33138e-12,0,0,0,0,False,nan|Ce1176_A3,1313956
130_bNAb_Combinations|1313974|cc|1|1|nan|1176,0,-4.67563e-09,5.74443e-10,0,0,0,0,0,-5.09583e-11,1.18461e-12,0,0,0,0,False,nan|1176,1313974
130_bNAb_Combinations|1313974|cc|2|1|nan|1176,0,-2.20212e-09,-1.55073e-09,0,0,0,0,0,1.68878e-11,9.95781e-12,0,0,0,0,False,nan|1176,1313974
130_bNAb_Combinations|1313974|cc|3|1|nan|1176,0,-7.48416e-10,3.00552e-10,0,0,0,0,0,-2.1152e-11,9.29723e-12,0,0,0,0,False,nan|1176,1313974
130_bNAb_Combinations|1313974|cc|4|1|nan|1176,0,2.06603e-09,2.79581e-09,0,0,0,0,0,2.60592e-11,1.85689e-11,0,0,0,0,False,nan|1176,1313974
130_bNAb_Combinations|1313974|cc|5|1|nan|1176,0,6.41742e-10,2.23493e-09,0,0,0,0,0,-4.48548e-11,1.07581e-12,0,0,0,0,False,nan|1176,1313974
130_bNAb_Combinations|1313974|cc|6|1|nan|1176,0,3.62251e-09,-1.05252e-09,0,0,0,0,0,1.41878e-11,1.39297e-11,0,0,0,0,False,nan|1176,1313974
130_bNAb_Combinations|1313974|cc|7|1|nan|1176,0,1.49535e-10,-1.83951e-09,0,0,0,0,0,1.53415e-11,1.40079e-11,0,0,0,0,False,nan|1176,1313974
130_bNAb_Combinations|1313974|cc|8|1|nan|1176,0,1.34513e-09,-4.19402e-09,0,0,0,0,0,-2.62848e-11,4.38005e-12,0,0,0,0,False,nan|1176,1313974
130_bNAb_Combinations|1313974|sample|10|nan|1176,0,-7.84885e-10,1.1225e-09,0,0,0,0,0,1.28659e-11,2.24416e-11,0,0,0,0,True,PGT121|1176,1313974
130_bNAb_Combinations|1313974|sample|11|nan|1176,0,-1.27163e-09,5.46242e-09,0,0,0,0,0,-1.74918e-11,1.61704e-11,0,0,0,0,True,VRC07-523LS|1176,1313974
130_bNAb_Combinations|1313974|sample|12|nan|1176,0,-3.27041e-09,1.8851e-09,0,0,0,0,0,-1.99387e-11,-1.92246e-12,0,0,0,0,True,VRC07-523LS|1176,1313974
130_bNAb_Combinations|1313974|sample|3|nan|1176,0,-3.81037e-09,-2.25223e-09,0,0,0,0,0,-3.19864e-11,2.02314e-11,0,0,0,0,True,PGDM1400|1176,1313974
130_bNAb_Combinations|1313974|sample|4|nan|1176,0,7.40142e-10,3.76293e-10,0,0,0,0,0,-1.80389e-12,2.61964e-11,0,0,0,0,True,PGDM1400|1176,1313974
130_bNAb_Combinations|1313974|sample|5|nan|1176,0,-8.47916e-09,2.05328e-09,0,0,0,0,0,-1.88454e-11,1.5854e-13,0,0,0,0,True,PGDM1400|1176,1313974
130_bNAb_Combinations|1313974|sample|6|nan|1176,0,4.23131e-11,3.95717e-09,0,0,0,0,0,2.49085e-11,3.73147e-11,0,0,0,0,True,PGDM1400|1176,1313974
130_bNAb_Combinations|1313974|sample|7|nan|1176,0,2.31763e-09,-5.55892e-10,0,0,0,0,0,1.76812e-11,1.29905e-11,0,0,0,0,True,PGT121|1176,1313974
130_bNAb_Combinations|1313974|sample|8|nan|1176,0,5.13054e-09,-1.64327e-09,0,0,0,0,0,-2.34814e-11,1.90412e-11,0,0,0,0,True,PGT121|1176,1313974
130_bNAb_Combinations|1313974|sample|9|nan|1176,0,-8.39589e-09,9.9365e-10,0,0,0,0,0,-2.96914e-11,-5.57421e-12,0,0,0,0,True,PGT121|1176,1313974
130_bNAb_Combinations|1313974|vc|1|2|nan|1176,0,-3.08891e-09,-3.97451e-10,0,0,0,0,0,-1.13474e-11,1.44871e-11,0,0,0,0,False,nan|1176,1313974
130_bNAb_Combinations|1313974|vc|2|2|nan|1176,0,-4.1436e-10,2.08136e-09,0,0,0,0,0,4.46621e-11,1.95155e-12,0,0,0,0,False,nan|1176,1313974
130_bNAb_Combinations|1313974|vc|3|2|nan|1176,0,5.45966e-09,-1.56395e-09,0,0,0,0,0,-9.44986e-11,-8.201e-12,0,0,0,0,False,nan|1176,1313974
130_bNAb_Combinations|1313974|vc|4|2|nan|1176,0,6.70507e-10,-2.39604e-09,0,0,0,0,0,2.11369e-11,-2.55167e-11,0,0,0,0,False,nan|1176,1313974
130_bNAb_Combinations|1313974|vc|5|2|nan|1176,0,1.05414e-09,-1.11972e-09,0,0,0,0,0,-1.21911e-11,1.33313e-11,0,0,0,0,False,nan|1176,1313974
130_bNAb_Combinations|1313974|vc|6|2|nan|1176,0,-3.14792e-09,-3.03212e-09,0,0,0,0,0,-1.53841e-11,6.03806e-12,0,0,0,0,False,nan|1176,1313974
130_bNAb_Combinations|1313974|vc|7|2|nan|1176,0,-1.44232e-09,-3.47489e-09,0,0,0,0,0,3.90887e-11,-1.29941e-11,0,0,0,0,False,nan|1176,1313974
130_bNAb_Combinations|1313974|vc|8|2|nan|1176,0,-5.16516e-09,3.34219e-09,0,0,0,0,0,-2.70699e-11,-1.01985e-12,0,0,0,0,False,nan|1176,1313974
130_bNAb_Combinations|1313992|cc|1|1|RHPA4259.7|5371,0,1.02933e-09,-4.10528e-10,0,0,0,0,0,2.92371e-11,4.20697e-12,0,0,0,0,False,nan|RHPA4259.7,1313992
130_bNAb_Combinations|1313992|cc|2|1|RHPA4259.7|5371,0,5.79717e-09,-1.0137e-09,0,0,0,0,0,-5.59819e-12,-2.93334e-11,0,0,0,0,False,nan|RHPA4259.7,1313992
130_bNAb_Combinations|1313992|cc|3|1|RHPA4259.7|5371,0,5.7943e-10,-3.38057e-09,0,0,0,0,0,1.48326e-13,-1.27998e-11,0,0,0,0,False,nan|RHPA4259.7,1313992
130_bNAb_Combinations|1313992|cc|4|1|RHPA4259.7|5371,0,9.44584e-10,2.91772e-10,0,0,0,0,0,3.64464e-12,2.37388e-11,0,0,0,0,False,nan|RHPA4259.7,1313992
130_bNAb_Combinations|1313992|cc|5|1|RHPA4259.7|5371,0,8.06332e-09,1.0675e-09,0,0,0,0,0,9.13358e-12,2.10918e-11,0,0,0,0,False,nan|RHPA4259.7,1313992
130_bNAb_Combinations|1313992|cc|6|1|RHPA4259.7|5371,0,-1.09721e-08,2.89818e-11,0,0,0,0,0,-4.95932e-11,1.24067e-12,0,0,0,0,False,nan|RHPA4259.7,1313992
130_bNAb_Combinations|1313992|cc|7|1|RHPA4259.7|5371,0,8.96995e-10,-5.72655e-09,0,0,0,0,0,2.61222e-11,-1.73365e-11,0,0,0,0,False,nan|RHPA4259.7,1313992
130_bNAb_Combinations|1313992|cc|8|1|RHPA4259.7|5371,0,-5.99417e-10,-1.56408e-10,0,0,0,0,0,3.30922e-11,-4.72855e-12,0,0,0,0,False,nan|RHPA4259.7,1313992
130_bNAb_Combinations|1313992|sample|10|RHPA4259.7|5371,0,7.30693e-09,5.88771e-09,0,0,0,0,0,-3.03535e-11,-7.85538e-12,0,0,0,0,True,PGT121|RHPA4259.7,1313992
130_bNAb_Combinations|1313992|sample|11|RHPA4259.7|5371,0,3.35368e-10,-1.74747e-09,0,0,0,0,0,-1.21911e-11,-2.59004e-11,0,0,0,0,True,VRC07-523LS|RHPA4259.7,1313992
130_bNAb_Combinations|1313992|sample|12|RHPA4259.7|5371,0,7.47396e-11,-1.93694e-09,0,0,0,0,0,1.83045e-11,-1.36327e-11,0,0,0,0,True,VRC07-523LS|RHPA4259.7,1313992
130_bNAb_Combinations|1313992|sample|3|RHPA4259.7|5371,0,9.52198e-11,1.97385e-11,0,0,0,0,0,1.54747e-11,1.19322e-11,0,0,0,0,True,PGDM1400|RHPA4259.7,1313992
130_bNAb_Combinations|1313992|sample|4|RHPA4259.7|5371,0,1.39074e-10,-2.25199e-09,0,0,0,0,0,-2.19833e-11,-1.5191e-11,0,0,0,0,True,PGDM1400|RHPA4259.7,1313992
130_bNAb_Combinations|1313992|sample|5|RHPA4259.7|5371,0,4.77511e-10,-8.65306e-10,0,0,0,0,0,4.5044e-11,-1.36868e-11,0,0,0,0,True,PGDM1400|RHPA4259.7,1313992
130_bNAb_Combinations|1313992|sample|6|RHPA4259.7|5371,0,-1.67926e-09,-2.1263e-09,0,0,0,0,0,9.14646e-12,1.73599e-11,0,0,0,0,True,PGDM1400|RHPA4259.7,1313992
130_bNAb_Combinations|1313992|sample|7|RHPA4259.7|5371,0,-6.86155e-09,-3.04023e-09,0,0,0,0,0,-1.30589e-11,2.07456e-11,0,0,0,0,True,PGT121|RHPA4259.7,1313992
130_bNAb_Combinations|1313992|sample|8|RHPA4259.7|5371,0,-2.17131e-09,7.59036e-10,0,0,0,0,0,2.46185e-11,1.73239e-12,0,0,0,0,True,PGT121|RHPA4259.7,1313992
130_bNAb_Combinations|1313992|sample|9|RHPA4259.7|5371,0,5.00426e-10,-1.30528e-09,0,0,0,0,0,3.14593e-11,-6.84652e-12,0,0,0,0,True,PGT121|RHPA4259.7,1313992
130_bNAb_Combinations|1313992|vc|1|2|RHPA4259.7|5371,0,5.38322e-09,-2.35987e-09,0,0,0,0,0,3.82361e-11,-1.05028e-11,0,0,0,0,False,nan|RHPA4259.7,1313992
130_bNAb_Combinations|1313992|vc|2|2|RHPA4259.7|5371,0,-2.28448e-09,7.65561e-11,0,0,0,0,0,4.33937e-11,5.35316e-12,0,0,0,0,False,nan|RHPA4259.7,1313992
130_bNAb_Combinations|1313992|vc|3|2|RHPA4259.7|5371,0,-5.90118e-09,1.29605e-09,0,0,0,0,0,-7.47669e-11,-1.93046e-12,0,0,0,0,False,nan|RHPA4259.7,1313992
130_bNAb_Combinations|1313992|vc|4|2|RHPA4259.7|5371,0,-7.07843e-09,-7.102e-10,0,0,0,0,0,7.81153e-12,1.87054e-11,0,0,0,0,False,nan|RHPA4259.7,1313992
130_bNAb_Combinations|1313992|vc|5|2|RHPA4259.7|5371,0,-5.07811e-10,-1.93081e-09,0,0,0,0,0,6.81055e-12,5.7093e-11,0,0,0,0,False,nan|RHPA4259.7,1313992
130_bNAb_Combinations|1313992|vc|6|2|RHPA4259.7|5371,0,-1.02547e-09,2.84769e-09,0,0,0,0,0,5.16476e-11,1.31157e-11,0,0,0,0,False,nan|RHPA4259.7,1313992
130_bNAb_Combinations|1313992|vc|7|2|RHPA4259.7|5371,0,-4.09965e-09,1.39859e-09,0,0,0,0,0,2.33014e-11,1.84575e-12,0,0,0,0,False,nan|RHPA4259.7,1313992
130_bNAb_Combinations|1313992|vc|8|2|RHPA4259.7|5371,0,2.13573e-09,-2.46158e-09,0,0,0,0,0,4.81379e-11,-1.34837e-11,0,0,0,0,False,nan|RHPA4259.7,1313992
130_bNAb_Combinations|1314016|cc|1|1|nan|3430,0,3.52492e-09,4.4145e-09,0,0,0,0,0,6.34515e-12,1.42579e-11,0,0,0,0,False,nan|3430,1314016
130_bNAb_Combinations|1314016|cc|2|1|nan|3430,0,-5.10676e-09,5.16646e-10,0,0,0,0,0,-5.3979e-12,-1.52309e-11,0,0,0,0,False,nan|3430,1314016
130_bNAb_Combinations|1314016|cc|3|1|nan|3430,0,-2.81067e-09,8.10371e-09,0,0,0,0,0,9.54081e-12,2.65636e-11,0,0,0,0,False,nan|3430,1314016
130_bNAb_Combinations|1314016|cc|4|1|nan|3430,0,1.46363e-09,-1.95594e-09,0,0,0,0,0,3.32543e-11,6.80345e-13,0,0,0,0,False,nan|3430,1314016
130_bNAb_Combinations|1314016|cc|5|1|nan|3430,0,1.9997e-09,2.05403e-09,0,0,0,0,0,-1.05933e-10,1.4051e-12,0,0,0,0,False,nan|3430,1314016
130_bNAb_Combinations|1314016|cc|6|1|nan|3430,0,-4.27244e-09,2.63882e-09,0,0,0,0,0,1.02141e-11,-1.99347e-11,0,0,0,0,False,nan|3430,1314016
130_bNAb_Combinations|1314016|cc|7|1|nan|3430,0,1.45203e-09,-2.51724e-09,0,0,0,0,0,3.04627e-11,1.39226e-11,0,0,0,0,False,nan|3430,1314016
130_bNAb_Combinations|1314016|cc|8|1|nan|3430,0,5.50568e-09,-1.15473e-09,0,0,0,0,0,-5.29852e-11,2.11529e-11,0,0,0,0,False,nan|3430,1314016
130_bNAb_Combinations|1314016|sample|10|nan|3430,0,-5.2546e-09,-2.0237e-09,0,0,0,0,0,6.07003e-11,-1.06097e-11,0,0,0,0,True,PGT121|3430,1314016
130_bNAb_Combinations|1314016|sample|11|nan|3430,0,5.76383e-09,-1.41122e-09,0,0,0,0,0,3.57261e-11,2.46179e-11,0,0,0,0,True,VRC07-523LS|3430,1314016
130_bNAb_Combinations|1314016|sample|12|nan|3430,0,3.51583e-09,8.87938e-11,0,0,0,0,0,-3.3797e-11,1.86904e-11,0,0,0,0,True,VRC07-523LS|3430,1314016
130_bNAb_Combinations|1314016|sample|3|nan|3430,0,3.63179e-09,-2.07526e-09,0,0,0,0,0,-1.87184e-11,-1.47986e-11,0,0,0,0,True,PGDM1400|3430,1314016
130_bNAb_Combinations|1314016|sample|4|nan|3430,0,-1.16369e-09,2.73217e-09,0,0,0,0,0,1.65894e-11,-4.30922e-11,0,0,0,0,True,PGDM1400|3430,1314016
130_bNAb_Combinations|1314016|sample|5|nan|3430,0,1.82258e-09,-3.15899e-09,0,0,0,0,0,-1.57527e-11,-1.36408e-11,0,0,0,0,True,PGDM1400|3430,1314016
130_bNAb_Combinations|1314016|sample|6|nan|3430,0,4.40598e-10,1.47241e-09,0,0,0,0,0,-1.00329e-11,-3.32683e-11,0,0,0,0,True,PGDM1400|3430,1314016
130_bNAb_Combinations|1314016|sample|7|nan|3430,0,8.09808e-10,-2.01354e-09,0,0,0,0,0,-3.8066e-11,-1.30409e-11,0,0,0,0,True,PGT121|3430,1314016
130_bNAb_Combinations|1314016|sample|8|nan|3430,0,-1.30945e-09,2.89316e-09,0,0,0,0,0,-1.97509e-11,7.2824e-12,0,0,0,0,True,PGT121|3430,1314016
130_bNAb_Combinations|1314016|sample|9|nan|3430,0,2.30322e-09,-3.11634e-10,0,0,0,0,0,4.14366e-11,7.5896e-12,0,0,0,0,True,PGT121|3430,1314016
130_bNAb_Combinations|1314016|vc|1|2|nan|3430,0,-3.69121e-09,1.8816e-09,0,0,0,0,0,-8.69171e-12,1.00782e-11,0,0,0,0,False,nan|3430,1314016
130_bNAb_Combinations|1314016|vc|2|2|nan|3430,0,-4.21003e-09,8.58131e-10,0,0,0,0,0,2.74802e-12,-1.94516e-11,0,0,0,0,False,nan|3430,1314016
130_bNAb_Combinations|1314016|vc|3|2|nan|3430,0,6.65072e-09,2.22623e-09,0,0,0,0,0,-3.13518e-11,1.67966e-11,0,0,0,0,False,nan|3430,1314016
130_bNAb_Combinations|1314016|vc|4|2|nan|3430,0,-6.47997e-09,-1.05049e-09,0,0,0,0,0,-2.57936e-11,-3.62199e-12,0,0,0,0,False,nan|3430,1314016
130_bNAb_Combinations|1314016|vc|5|2|nan|3430,0,2.17923e-09,1.49284e-09,0,0,0,0,0,-2.91491e-11,-8.86002e-12,0,0,0,0,False,nan|3430,1314016
130_bNAb_Combinations|1314016|vc|6|2|nan|3430,0,1.25529e-09,4.32368e-09,0,0,0,0,0,2.58558e-11,1.80078e-12,0,0,0,0,False,nan|3430,1314016
130_bNAb_Combinations|1314016|vc|7|2|nan|3430,0,1.0784e-09,-2.53243e-09,0,0,0,0,0,-1.50102e-11,2.07896e-11,0,0,0,0,False,nan|3430,1314016
130_bNAb_Combinations|1314016|vc|8|2|nan|3430,0,-3.66055e-09,3.40853e-09,0,0,0,0,0,4.56764e-11,2.8638e-11,0,0,0,0,False,nan|3430,1314016
130_bNAb_Combinations|1314040|cc|1|1|nan|4166,0,-8.10552e-09,5.39464e-10,0,0,0,0,0,4.4138e-12,2.1249e-11,0,0,0,0,False,nan|4166,1314040
130_bNAb_Combinations|1314040|cc|2|1|nan|4166,0,9.7197e-09,1.68272e-09,0,0,0,0,0,2.02536e-11,-1.46922e-11,0,0,0,0,False,nan|4166,1314040
130_bNAb_Combinations|1314040|cc|3|1|nan|4166,0,-1.11397e-09,-6.41748e-11,0,0,0,0,0,3.49862e-11,8.56581e-12,0,0,0,0,False,nan|4166,1314040
130_bNAb_Combinations|1314040|cc|4|1|nan|4166,0,1.53316e-10,-3.05762e-10,0,0,0,0,0,9.32454e-12,2.22593e-11,0,0,0,0,False,nan|4166,1314040
130_bNAb_Combinations|1314040|cc|5|1|nan|4166,0,4.2667e-09,9.82021e-10,0,0,0,0,0,5.05329e-11,8.18368e-12,0,0,0,0,False,nan|4166,1314040
130_bNAb_Combinations|1314040|cc|6|1|nan|4166,0,2.90036e-09,1.69636e-10,0,0,0,0,0,-3.10441e-11,-2.23346e-11,0,0,0,0,False,nan|4166,1314040
130_bNAb_Combinations|1314040|cc|7|1|nan|4166,0,-5.29885e-09,-3.33952e-09,0,0,0,0,0,-1.47988e-11,-2.3149e-11,0,0,0,0,False,nan|4166,1314040
130_bNAb_Combinations|1314040|cc|8|1|nan|4166,0,6.5247e-09,-2.59966e-10,0,0,0,0,0,-3.54343e-11,2.31815e-13,0,0,0,0,False,nan|4166,1314040
130_bNAb_Combinations|1314040|sample|10|nan|4166,0,-8.1566e-09,-2.39191e-09,0,0,0,0,0,-5.6847e-11,-1.42522e-11,0,0,0,0,True,PGT121|4166,1314040
130_bNAb_Combinations|1314040|sample|11|nan|4166,0,4.18436e-09,3.44588e-09,0,0,0,0,0,-1.34639e-11,3.2041e-11,0,0,0,0,True,VRC07-523LS|4166,1314040
130_bNAb_Combinations|1314040|sample|12|nan|4166,0,1.84824e-09,-2.23749e-09,0,0,0,0,0,1.68132e-12,1.53577e-11,0,0,0,0,True,VRC07-523LS|4166,1314040
130_bNAb_Combinations|1314040|sample|3|nan|4166,0,5.83046e-09,9.47456e-10,0,0,0,0,0,3.03499e-11,2.30105e-12,0,0,0,0,True,PGDM1400|4166,1314040
130_bNAb_Combinations|1314040|sample|4|nan|4166,0,-1.82976e-09,-4.51216e-09,0,0,0,0,0,-1.86651e-11,3.3912e-11,0,0,0,0,True,PGDM1400|4166,1314040
130_bNAb_Combinations|1314040|sample|5|nan|4166,0,-8.85737e-10,1.97332e-09,0,0,0,0,0,-3.25624e-11,1.17115e-11,0,0,0,0,True,PGDM1400|4166,1314040
130_bNAb_Combinations|1314040|sample|6|nan|4166,0,1.69965e-09,-1.62323e-09,0,0,0,0,0,-2.96474e-12,3.06419e-11,0,0,0,0,True,PGDM1400|4166,1314040
130_bNAb_Combinations|1314040|sample|7|nan|4166,0,-1.13707e-10,4.51293e-09,0,0,0,0,0,3.42784e-11,-6.91081e-12,0,0,0,0,True,PGT121|4166,1314040
130_bNAb_Combinations|1314040|sample|8|nan|4166,0,-1.50313e-09,1.8495e-09,0,0,0,0,0,6.15152e-11,-1.62419e-11,0,0,0,0,True,PGT121|4166,1314040
130_bNAb_Combinations|1314040|sample|9|nan|4166,0,1.43029e-09,-4.33269e-09,0,0,0,0,0,-9.2637e-12,-1.81219e-11,0,0,0,0,True,PGT121|4166,1314040
130_bNAb_Combinations|1314040|vc|1|2|nan|4166,0,2.73287e-09,1.26975e-09,0,0,0,0,0,2.15206e-12,-2.57669e-11,0,0,0,0,False,nan|4166,1314040
130_bNAb_Combinations|1314040|vc|2|2|nan|4166,0,7.81212e-09,3.77317e-09,0,0,0,0,0,-2.58731e-11,6.90048e-12,0,0,0,0,False,nan|4166,1314040
130_bNAb_Combinations|1314040|vc|3|2|nan|4166,0,-1.70848e-09,-2.78228e-10,0,0,0,0,0,-2.7518e-11,1.07951e-11,0,0,0,0,False,nan|4166,1314040
130_bNAb_Combinations|1314040|vc|4|2|nan|4166,0,5.2851e-09,-1.51542e-09,0,0,0,0,0,7.21081e-11,-5.31175e-12,0,0,0,0,False,nan|4166,1314040
130_bNAb_Combinations|1314040|vc|5|2|nan|4166,0,6.61914e-09,7.44746e-10,0,0,0,0,0,-3.37161e-11,5.96412e-13,0,0,0,0,False,nan|4166,1314040
130_bNAb_Combinations|1314040|vc|6|2|nan|4166,0,-4.40529e-09,-4.50836e-09,0,0,0,0,0,8.34532e-12,-1.54528e-11,0,0,0,0,False,nan|4166,1314040
130_bNAb_Combinations|1314040|vc|7|2|nan|4166,0,2.26878e-09,-7.29626e-10,0,0,0,0,0,9.48663e-12,1.35336e-11,0,0,0,0,False,nan|4166,1314040
130_bNAb_Combinations|1314040|vc|8|2|nan|4166,0,9.01902e-09,2.56382e-09,0,0,0,0,0,-2.61924e-11,1.89151e-11,0,0,0,0,False,nan|4166,1314040
130_bNAb_Combinations|1314058|cc|1|1|nan|2944,0,3.48962e-09,-2.56609e-09,0,0,0,0,0,-2.08171e-11,-1.13127e-11,0,0,0,0,False,nan|2944,1314058
130_bNAb_Combinations|1314058|cc|2|1|nan|2944,0,-3.30302e-09,2.75687e-09,0,0,0,0,0,4.24878e-11,-9.30411e-12,0,0,0,0,False,nan|2944,1314058
130_bNAb_Combinations|1314058|cc|3|1|nan|2944,0,2.07027e-09,-5.72489e-09,0,0,0,0,0,-2.61382e-11,1.25113e-11,0,0,0,0,False,nan|2944,1314058
130_bNAb_Combinations|1314058|cc|4|1|nan|2944,0,-2.65359e-09,-4.83988e-09,0,0,0,0,0,1.53477e-12,-8.0953e-12,0,0,0,0,False,nan|2944,1314058
130_bNAb_Combinations|1314058|cc|5|1|nan|2944,0,1.64927e-09,3.96313e-09,0,0,0,0,0,2.4361e-11,1.94209e-11,0,0,0,0,False,nan|2944,1314058
130_bNAb_Combinations|1314058|cc|6|1|nan|2944,0,6.86392e-09,-4.29774e-09,0,0,0,0,0,3.57812e-11,-2.64206e-11,0,0,0,0,False,nan|2944,1314058
130_bNAb_Combinations|1314058|cc|7|1|nan|2944,0,3.50261e-09,-1.36242e-09,0,0,0,0,0,2.53912e-11,-1.13567e-11,0,0,0,0,False,nan|2944,1314058
130_bNAb_Combinations|1314058|cc|8|1|nan|2944,0,-2.77714e-09,-1.37345e-09,0,0,0,0,0,-2.58353e-11,-6.70974e-12,0,0,0,0,False,nan|2944,1314058
130_bNAb_Combinations|1314058|sample|10|nan|2944,0,-1.66827e-09,-9.67069e-10,0,0,0,0,0,3.5417e-11,2.10406e-11,0,0,0,0,True,PGT121|2944,1314058
130_bNAb_Combinations|1314058|sample|11|nan|2944,0,-3.77069e-09,-3.83624e-09,0,0,0,0,0,-3.47784e-11,3.50431e-12,0,0,0,0,True,VRC07-523LS|2944,1314058
130_bNAb_Combinations|1314058|sample|12|nan|2944,0,3.31979e-09,-5.54256e-10,0,0,0,0,0,4.0199e-11,1.20615e-12,0,0,0,0,True,VRC07-523LS|2944,1314058
130_bNAb_Combinations|1314058|sample|3|nan|2944,0,2.98771e-09,-1.56353e-09,0,0,0,0,0,-3.18154e-11,1.75089e-11,0,0,0,0,True,PGDM1400|2944,1314058
130_bNAb_Combinations|1314058|sample|4|nan|2944,0,-1.59691e-09,1.62996e-09,0,0,0,0,0,-1.87139e-11,-3.45024e-12,0,0,0,0,True,PGDM1400|2944,1314058
130_bNAb_Combinations|1314058|sample|5|nan|2944,0,4.82414e-09,-2.90728e-09,0,0,0,0,0,-1.53015e-11,3.85803e-12,0,0,0,0,True,PGDM1400|2944,1314058
130_bNAb_Combinations|1314058|sample|6|nan|2944,0,-1.0053e-08,-5.25278e-10,0,0,0,0,0,1.36477e-11,2.14551e-11,0,0,0,0,True,PGDM1400|2944,1314058
130_bNAb_Combinations|1314058|sample|7|nan|2944,0,-2.54348e-10,5.53057e-10,0,0,0,0,0,-2.45404e-11,5.27134e-13,0,0,0,0,True,PGT121|2944,1314058
130_bNAb_Combinations|1314058|sample|8|nan|2944,0,-1.92343e-09,2.47954e-10,0,0,0,0,0,-1.59783e-12,2.31005e-11,0,0,0,0,True,PGT121|2944,1314058
130_bNAb_Combinations|1314058|sample|9|nan|2944,0,-8.82557e-10,-9.55621e-10,0,0,0,0,0,-3.60592e-11,-1.1589e-11,0,0,0,0,True,PGT121|2944,1314058
130_bNAb_Combinations|1314058|vc|1|2|nan|2944,0,2.27929e-09,-4.10776e-10,0,0,0,0,0,-5.42855e-12,-1.19753e-11,0,0,0,0,False,nan|2944,1314058
130_bNAb_Combinations|1314058|vc|2|2|nan|2944,0,2.6926e-09,2.42274e-09,0,0,0,0,0,-4.92495e-11,7.36757e-11,0,0,0,0,False,nan|2944,1314058
130_bNAb_Combinations|1314058|vc|3|2|nan|2944,0,-2.23238e-09,7.29783e-10,0,0,0,0,0,5.55467e-12,-9.97602e-12,0,0,0,0,False,nan|2944,1314058
130_bNAb_Combinations|1314058|vc|4|2|nan|2944,0,-2.57282e-09,-7.12938e-10,0,0,0,0,0,-3.47544e-11,-4.35207e-14,0,0,0,0,False,nan|2944,1314058
130_bNAb_Combinations|1314058|vc|5|2|nan|2944,0,1.27535e-09,1.8757e-09,0,0,0,0,0,-3.7871e-11,1.3431e-11,0,0,0,0,False,nan|2944,1314058
130_bNAb_Combinations|1314058|vc|6|2|nan|2944,0,-1.71101e-10,6.53888e-10,0,0,0,0,0,-1.05373e-11,-2.19003e-11,0,0,0,0,False,nan|2944,1314058
130_bNAb_Combinations|1314058|vc|7|2|nan|2944,0,2.13859e-09,4.06391e-09,0,0,0,0,0,-2.0739e-11,-5.17542e-12,0,0,0,0,False,nan|2944,1314058
130_bNAb_Combinations|1314058|vc|8|2|nan|2944,0,4.25449e-09,-1.21684e-09,0,0,0,0,0,-1.17515e-11,1.77458e-11,0,0,0,0,False,nan|2944,1314058
130_bNAb_Combinations|1342240|cc|1|1|nan|1798,0,1.31712e-09,1.81479e-09,0,0,0,0,0,4.54037e-12,-2.08602e-11,0,0,0,0,False,nan|1798,1342240
130_bNAb_Combinations|1342240|cc|2|1|nan|1798,0,-3.23277e-09,9.63019e-10,0,0,0,0,0,2.73648e-12,-1.94429e-11,0,0,0,0,False,nan|1798,1342240
130_bNAb_Combinations|1342240|cc|3|1|nan|1798,0,4.25306e-09,-5.91298e-09,0,0,0,0,0,-3.5401e-11,2.54099e-11,0,0,0,0,False,nan|1798,1342240
130_bNAb_Combinations|1342240|cc|4|1|nan|1798,0,9.58446e-10,-2.87997e-09,0,0,0,0,0,-9.60565e-12,-5.90061e-12,0,0,0,0,False,nan|1798,1342240
130_bNAb_Combinations|1342240|cc|5|1|nan|1798,0,-1.23225e-08,-2.09666e-09,0,0,0,0,0,3.52474e-11,-1.34164e-11,0,0,0,0,False,nan|1798,1342240
130_bNAb_Combinations|1342240|cc|6|1|nan|1798,0,2.45357e-09,1.97101e-10,0,0,0,0,0,8.43947e-12,-2.11577e-11,0,0,0,0,False,nan|1798,1342240
130_bNAb_Combinations|1342240|cc|7|1|nan|1798,0,5.39324e-09,-3.52622e-10,0,0,0,0,0,-2.90878e-11,5.21672e-12,0,0,0,0,False,nan|1798,1342240
130_bNAb_Combinations|1342240|cc|8|1|nan|1798,0,1.22344e-09,-1.2961e-09,0,0,0,0,0,1.71401e-11,2.4575e-11,0,0,0,0,False,nan|1798,1342240
130_bNAb_Combinations|1342240|sample|3|nan|1798,0,-6.32922e-09,-1.55118e-10,0,0,0,0,0,-2.06857e-12,-1.02633e-11,0,0,0,0,True,VRC07-523LS|1798,1342240
130_bNAb_Combinations|1342240|sample|4|nan|1798,0,4.72485e-10,1.49903e-09,0,0,0,0,0,-1.4686e-11,1.18647e-11,0,0,0,0,True,VRC07-523LS|1798,1342240
130_bNAb_Combinations|1342240|sample|8|nan|1798,0,-6.14496e-10,2.74997e-09,0,0,0,0,0,-7.27418e-12,2.71303e-11,0,0,0,0,True,VRC07-523LS|1798,1342240
130_bNAb_Combinations|1342240|vc|1|2|nan|1798,0,8.28573e-09,2.74591e-09,0,0,0,0,0,-3.93925e-11,1.1017e-11,0,0,0,0,False,nan|1798,1342240
130_bNAb_Combinations|1342240|vc|2|2|nan|1798,0,2.86091e-09,3.40493e-09,0,0,0,0,0,5.06519e-11,-1.68221e-11,0,0,0,0,False,nan|1798,1342240
130_bNAb_Combinations|1342240|vc|3|2|nan|1798,0,2.92662e-09,2.05875e-09,0,0,0,0,0,3.39302e-11,4.95954e-11,0,0,0,0,False,nan|1798,1342240
130_bNAb_Combinations|1342240|vc|4|2|nan|1798,0,-5.17852e-09,1.36996e-09,0,0,0,0,0,-3.29887e-11,-1.10321e-11,0,0,0,0,False,nan|1798,1342240
130_bNAb_Combinations|1342240|vc|5|2|nan|1798,0,-1.33217e-09,-3.24585e-09,0,0,0,0,0,-4.4805e-11,-2.25575e-11,0,0,0,0,False,nan|1798,1342240
130_bNAb_Combinations|1342240|vc|6|2|nan|1798,0,-5.41316e-09,4.31168e-10,0,0,0,0,0,7.55378e-11,9.21707e-13,0,0,0,0,False,nan|1798,1342240
130_bNAb_Combinations|1342240|vc|7|2|nan|1798,0,3.12811e-09,4.5247e-09,0,0,0,0,0,1.38343e-11,1.29536e-11,0,0,0,0,False,nan|1798,1342240
130_bNAb_Combinations|1342240|vc|8|2|nan|1798,0,-2.89457e-09,-7.9849e-10,0,0,0,0,0,3.6307e-11,7.23865e-13,0,0,0,0,False,nan|1798,1342240
130_bNAb_Combinations|1342258|cc|1|1|TRO.11|8301,0,8.79938e-09,1.05345e-09,0,0,0,0,0,2.9448e-11,6.13154e-12,0,0,0,0,False,nan|TRO.11,1342258
130_bNAb_Combinations|1342258|cc|2|1|TRO.11|8301,0,1.9603e-09,-1.16667e-09,0,0,0,0,0,-3.91007e-11,2.02505e-11,0,0,0,0,False,nan|TRO.11,1342258
130_bNAb_Combinations|1342258|cc|3|1|TRO.11|8301,0,1.29497e-09,1.00618e-09,0,0,0,0,0,-2.77778e-12,-1.39795e-11,0,0,0,0,False,nan|TRO.11,1342258
130_bNAb_Combinations|1342258|cc|4|1|TRO.11|8301,0,1.49322e-09,9.20782e-10,0,0,0,0,0,1.10147e-11,2.04767e-11,0,0,0,0,False,nan|TRO.11,1342258
130_bNAb_Combinations|1342258|cc|5|1|TRO.11|8301,0,-1.758e-09,-1.10276e-09,0,0,0,0,0,1.45826e-11,1.54956e-11,0,0,0,0,False,nan|TRO.11,1342258
130_bNAb_Combinations|1342258|cc|6|1|TRO.11|8301,0,-8.01933e-10,2.39822e-09,0,0,0,0,0,2.31077e-11,3.77103e-11,0,0,0,0,False,nan|TRO.11,1342258
130_bNAb_Combinations|1342258|cc|7|1|TRO.11|8301,0,3.90784e-09,1.8861e-09,0,0,0,0,0,5.11986e-11,-4.21367e-11,0,0,0,0,False,nan|TRO.11,1342258
130_bNAb_Combinations|1342258|cc|8|1|TRO.11|8301,0,2.70905e-09,1.83086e-09,0,0,0,0,0,1.30012e-11,-3.6755e-11,0,0,0,0,False,nan|TRO.11,1342258
130_bNAb_Combinations|1342258|sample|3|TRO.11|8301,0,-5.4351e-09,1.97537e-09,0,0,0,0,0,-6.04938e-12,8.73746e-12,0,0,0,0,True,VRC07-523LS|TRO.11,1342258
130_bNAb_Combinations|1342258|sample|4|TRO.11|8301,0,2.37146e-09,-3.09766e-09,0,0,0,0,0,2.90266e-11,-1.62483e-11,0,0,0,0,True,VRC07-523LS|TRO.11,1342258
130_bNAb_Combinations|1342258|vc|1|2|TRO.11|8301,0,2.84425e-11,-4.29905e-10,0,0,0,0,0,2.4837e-11,1.07403e-11,0,0,0,0,False,nan|TRO.11,1342258
130_bNAb_Combinations|1342258|vc|2|2|TRO.11|8301,0,-2.15375e-09,1.40594e-09,0,0,0,0,0,-3.08282e-11,-3.48854e-11,0,0,0,0,False,nan|TRO.11,1342258
130_bNAb_Combinations|1342258|vc|3|2|TRO.11|8301,0,6.09014e-09,1.53445e-09,0,0,0,0,0,7.48912e-12,1.71425e-11,0,0,0,0,False,nan|TRO.11,1342258
130_bNAb_Combinations|1342258|vc|4|2|TRO.11|8301,0,-3.30718e-09,-2.16321e-09,0,0,0,0,0,2.72133e-11,-6.69464e-12,0,0,0,0,False,nan|TRO.11,1342258
130_bNAb_Combinations|1342258|vc|5|2|TRO.11|8301,0,-1.34001e-09,3.88024e-09,0,0,0,0,0,-1.75286e-11,9.11315e-12,0,0,0,0,False,nan|TRO.11,1342258
130_bNAb_Combinations|1342258|vc|6|2|TRO.11|8301,0,-1.28299e-09,8.34293e-10,0,0,0,0,0,-2.13238e-11,1.15072e-11,0,0,0,0,False,nan|TRO.11,1342258
130_bNAb_Combinations|1342258|vc|7|2|TRO.11|8301,0,-1.14953e-08,2.79855e-09,0,0,0,0,0,9.68559e-12,-1.51386e-11,0,0,0,0,False,nan|TRO.11,1342258
130_bNAb_Combinations|1342258|vc|8|2|TRO.11|8301,0,5.11611e-09,-9.57073e-10,0,0,0,0,0,9.45377e-12,-1.59557e-11,0,0,0,0,False,nan|TRO.11,1342258
130_bNAb_Combinations|1342276|cc|1|1|Ce1176_A3|7023,0,-1.4722e-09,2.38533e-09,0,0,0,0,0,-7.24665e-12,2.77325e-11,0,0,0,0,False,nan|Ce1176_A3,1342276
130_bNAb_Combinations|1342276|cc|2|1|Ce1176_A3|7023,0,6.4724e-09,1.89189e-09,0,0,0,0,0,-4.47526e-11,1.47446e-11,0,0,0,0,False,nan|Ce1176_A3,1342276
130_bNAb_Combinations|1342276|cc|3|1|Ce1176_A3|7023,0,-1.49422e-10,4.58173e-10,0,0,0,0,0,-6.03717e-11,1.75002e-11,0,0,0,0,False,nan|Ce1176_A3,1342276
130_bNAb_Combinations|1342276|cc|4|1|Ce1176_A3|7023,0,-2.41406e-10,-2.90239e-10,0,0,0,0,0,2.52265e-11,7.75291e-12,0,0,0,0,False,nan|Ce1176_A3,1342276
130_bNAb_Combinations|1342276|cc|5|1|Ce1176_A3|7023,0,-4.45782e-09,3.42625e-09,0,0,0,0,0,1.14437e-11,1.45008e-11,0,0,0,0,False,nan|Ce1176_A3,1342276
130_bNAb_Combinations|1342276|cc|6|1|Ce1176_A3|7023,0,-8.31722e-09,-2.47481e-09,0,0,0,0,0,-2.5342e-11,1.82627e-11,0,0,0,0,False,nan|Ce1176_A3,1342276
130_bNAb_Combinations|1342276|cc|7|1|Ce1176_A3|7023,0,8.20753e-09,2.16781e-09,0,0,0,0,0,4.00471e-11,-1.08531e-11,0,0,0,0,False,nan|Ce1176_A3,1342276
130_bNAb_Combinations|1342276|cc|8|1|Ce1176_A3|7023,0,-3.02986e-09,-2.42291e-09,0,0,0,0,0,9.81704e-12,-2.23386e-11,0,0,0,0,False,nan|Ce1176_A3,1342276
130_bNAb_Combinations|1342276|sample|3|Ce1176_A3|7023,0,1.97716e-09,-2.32416e-09,0,0,0,0,0,2.36451e-11,4.21041e-12,0,0,0,0,True,VRC07-523LS|Ce1176_A3,1342276
130_bNAb_Combinations|1342276|sample|4|Ce1176_A3|7023,0,4.57e-09,2.93094e-11,0,0,0,0,0,9.43121e-11,-2.28377e-11,0,0,0,0,True,VRC07-523LS|Ce1176_A3,1342276
130_bNAb_Combinations|1342276|vc|1|2|Ce1176_A3|7023,0,-1.55125e-09,-4.14306e-09,0,0,0,0,0,-4.65894e-12,-1.20584e-11,0,0,0,0,False,nan|Ce1176_A3,1342276
130_bNAb_Combinations|1342276|vc|2|2|Ce1176_A3|7023,0,-3.97414e-10,2.81058e-09,0,0,0,0,0,-1.27174e-11,2.12372e-11,0,0,0,0,False,nan|Ce1176_A3,1342276
130_bNAb_Combinations|1342276|vc|3|2|Ce1176_A3|7023,0,5.70396e-10,2.2451e-10,0,0,0,0,0,4.20401e-11,1.36109e-11,0,0,0,0,False,nan|Ce1176_A3,1342276
130_bNAb_Combinations|1342276|vc|4|2|Ce1176_A3|7023,0,6.838e-10,1.00696e-09,0,0,0,0,0,-1.83435e-11,1.19065e-11,0,0,0,0,False,nan|Ce1176_A3,1342276
130_bNAb_Combinations|1342276|vc|5|2|Ce1176_A3|7023,0,-2.10258e-10,-3.1953e-10,0,0,0,0,0,-1.60769e-11,-1.15519e-11,0,0,0,0,False,nan|Ce1176_A3,1342276
130_bNAb_Combinations|1342276|vc|6|2|Ce1176_A3|7023,0,-2.69414e-09,-8.00354e-10,0,0,0,0,0,-3.37241e-12,2.50142e-11,0,0,0,0,False,nan|Ce1176_A3,1342276
130_bNAb_Combinations|1342276|vc|7|2|Ce1176_A3|7023,0,9.60145e-09,-3.00864e-10,0,0,0,0,0,4.85345e-11,-3.26188e-11,0,0,0,0,False,nan|Ce1176_A3,1342276
130_bNAb_Combinations|1342276|vc|8|2|Ce1176_A3|7023,0,3.99012e-09,-1.63608e-09,0,0,0,0,0,-2.20366e-11,-1.76144e-11,0,0,0,0,False,nan|Ce1176_A3,1342276
130_bNAb_Combinations|1342294|cc|1|1|nan|1176,0,1.26778e-09,-1.91975e-09,0,0,0,0,0,-2.57057e-11,8.11551e-12,0,0,0,0,False,nan|1176,1342294
130_bNAb_Combinations|1342294|cc|2|1|nan|1176,0,-5.86791e-09,3.28818e-09,0,0,0,0,0,-1.07541e-11,-9.96248e-12,0,0,0,0,False,nan|1176,1342294
130_bNAb_Combinations|1342294|cc|3|1|nan|1176,0,-2.36622e-09,3.74642e-11,0,0,0,0,0,1.59375e-11,-7.13007e-12,0,0,0,0,False,nan|1176,1342294
130_bNAb_Combinations|1342294|cc|4|1|nan|1176,0,-5.66322e-10,1.36767e-09,0,0,0,0,0,-3.27933e-11,1.69484e-11,0,0,0,0,False,nan|1176,1342294
130_bNAb_Combinations|1342294|cc|5|1|nan|1176,0,2.48829e-09,-3.92881e-09,0,0,0,0,0,-4.22755e-11,3.58262e-11,0,0,0,0,False,nan|1176,1342294
130_bNAb_Combinations|1342294|cc|6|1|nan|1176,0,-4.2042e-09,1.74516e-09,0,0,0,0,0,-1.38334e-11,-7.76956e-12,0,0,0,0,False,nan|1176,1342294
130_bNAb_Combinations|1342294|cc|7|1|nan|1176,0,-1.95219e-09,-2.60186e-10,0,0,0,0,0,2.05178e-11,1.48495e-11,0,0,0,0,False,nan|1176,1342294
130_bNAb_Combinations|1342294|cc|8|1|nan|1176,0,-3.44464e-09,4.98401e-09,0,0,0,0,0,4.09628e-12,2.19036e-11,0,0,0,0,False,nan|1176,1342294
130_bNAb_Combinations|1342294|sample|3|nan|1176,0,-3.51389e-09,3.78333e-09,0,0,0,0,0,8.94609e-11,2.57872e-11,0,0,0,0,True,VRC07-523LS|1176,1342294
130_bNAb_Combinations|1342294|sample|4|nan|1176,0,1.53093e-09,2.67895e-09,0,0,0,0,0,2.35296e-11,1.27618e-11,0,0,0,0,True,VRC07-523LS|1176,1342294
130_bNAb_Combinations|1342294|sample|8|nan|1176,0,5.53004e-09,1.75339e-10,0,0,0,0,0,5.22062e-11,-1.56126e-11,0,0,0,0,True,VRC07-523LS|1176,1342294
130_bNAb_Combinations|1342294|vc|1|2|nan|1176,0,3.35089e-09,-7.94869e-10,0,0,0,0,0,4.65672e-11,-2.26641e-12,0,0,0,0,False,nan|1176,1342294
130_bNAb_Combinations|1342294|vc|2|2|nan|1176,0,-2.95906e-09,3.92651e-09,0,0,0,0,0,-5.39924e-12,1.4879e-11,0,0,0,0,False,nan|1176,1342294
130_bNAb_Combinations|1342294|vc|3|2|nan|1176,0,3.25161e-09,3.12804e-09,0,0,0,0,0,1.81677e-11,2.7937e-11,0,0,0,0,False,nan|1176,1342294
130_bNAb_Combinations|1342294|vc|4|2|nan|1176,0,2.21404e-10,-3.81598e-10,0,0,0,0,0,-6.46097e-11,-4.52238e-12,0,0,0,0,False,nan|1176,1342294
130_bNAb_Combinations|1342294|vc|5|2|nan|1176,0,-2.00703e-09,-4.77336e-09,0,0,0,0,0,-2.37881e-11,-1.56037e-11,0,0,0,0,False,nan|1176,1342294
130_bNAb_Combinations|1342294|vc|6|2|nan|1176,0,8.45626e-09,2.55207e-09,0,0,0,0,0,-3.23874e-11,-8.16613e-12,0,0,0,0,False,nan|1176,1342294
130_bNAb_Combinations|1342294|vc|7|2|nan|1176,0,-2.55811e-10,-1.9994e-09,0,0,0,0,0,2.69669e-11,-5.20473e-13,0,0,0,0,False,nan|1176,1342294
130_bNAb_Combinations|1342294|vc|8|2|nan|1176,0,-3.90616e-09,-2.41955e-09,0,0,0,0,0,-5.68559e-11,-6.76192e-12,0,0,0,0,False,nan|1176,1342294
130_bNAb_Combinations|1342312|cc|1|1|RHPA4259.7|5371,0,-6.70979e-09,-5.57024e-09,0,0,0,0,0,1.00733e-11,1.12154e-11,0,0,0,0,False,nan|RHPA4259.7,1342312
130_bNAb_Combinations|1342312|cc|2|1|RHPA4259.7|5371,0,1.5418e-09,3.31495e-09,0,0,0,0,0,2.39311e-11,3.45916e-11,0,0,0,0,False,nan|RHPA4259.7,1342312
130_bNAb_Combinations|1342312|cc|3|1|RHPA4259.7|5371,0,-2.05615e-10,-2.98976e-11,0,0,0,0,0,6.64047e-12,-1.90645e-11,0,0,0,0,False,nan|RHPA4259.7,1342312
130_bNAb_Combinations|1342312|cc|4|1|RHPA4259.7|5371,0,3.7782e-09,-1.21651e-09,0,0,0,0,0,1.77458e-12,3.7604e-11,0,0,0,0,False,nan|RHPA4259.7,1342312
130_bNAb_Combinations|1342312|cc|5|1|RHPA4259.7|5371,0,-1.18292e-08,-8.04215e-10,0,0,0,0,0,1.0924e-10,-1.45598e-11,0,0,0,0,False,nan|RHPA4259.7,1342312
130_bNAb_Combinations|1342312|cc|6|1|RHPA4259.7|5371,0,-3.67488e-09,9.11762e-10,0,0,0,0,0,-2.471e-11,9.13913e-12,0,0,0,0,False,nan|RHPA4259.7,1342312
130_bNAb_Combinations|1342312|cc|7|1|RHPA4259.7|5371,0,6.51411e-09,6.51346e-09,0,0,0,0,0,4.27494e-11,6.95055e-12,0,0,0,0,False,nan|RHPA4259.7,1342312
130_bNAb_Combinations|1342312|cc|8|1|RHPA4259.7|5371,0,5.26927e-09,4.80038e-10,0,0,0,0,0,-2.75504e-11,-2.52538e-11,0,0,0,0,False,nan|RHPA4259.7,1342312
130_bNAb_Combinations|1342312|sample|3|RHPA4259.7|5371,0,2.97995e-09,2.23976e-09,0,0,0,0,0,-7.98162e-11,1.29099e-11,0,0,0,0,True,VRC07-523LS|RHPA4259.7,1342312
130_bNAb_Combinations|1342312|sample|4|RHPA4259.7|5371,0,7.95695e-09,-2.20647e-09,0,0,0,0,0,-1.45199e-11,1.88722e-11,0,0,0,0,True,VRC07-523LS|RHPA4259.7,1342312
130_bNAb_Combinations|1342312|vc|1|2|RHPA4259.7|5371,0,-8.74268e-09,-3.71069e-09,0,0,0,0,0,-4.96998e-11,-1.23227e-11,0,0,0,0,False,nan|RHPA4259.7,1342312
130_bNAb_Combinations|1342312|vc|2|2|RHPA4259.7|5371,0,-2.4019e-09,3.14532e-09,0,0,0,0,0,-5.56177e-12,1.83574e-11,0,0,0,0,False,nan|RHPA4259.7,1342312
130_bNAb_Combinations|1342312|vc|3|2|RHPA4259.7|5371,0,-4.85042e-10,8.65549e-10,0,0,0,0,0,1.35416e-11,-9.29379e-12,0,0,0,0,False,nan|RHPA4259.7,1342312
130_bNAb_Combinations|1342312|vc|4|2|RHPA4259.7|5371,0,-3.52562e-09,-1.13337e-09,0,0,0,0,0,6.02007e-12,-4.53187e-11,0,0,0,0,False,nan|RHPA4259.7,1342312
130_bNAb_Combinations|1342312|vc|5|2|RHPA4259.7|5371,0,4.29058e-09,1.43376e-09,0,0,0,0,0,8.97886e-11,2.18713e-11,0,0,0,0,False,nan|RHPA4259.7,1342312
130_bNAb_Combinations|1342312|vc|6|2|RHPA4259.7|5371,0,5.22115e-09,1.94892e-09,0,0,0,0,0,3.22817e-11,1.0148e-11,0,0,0,0,False,nan|RHPA4259.7,1342312
130_bNAb_Combinations|1342312|vc|7|2|RHPA4259.7|5371,0,-1.3378e-09,-1.40669e-09,0,0,0,0,0,-4.76588e-11,-2.64709e-11,0,0,0,0,False,nan|RHPA4259.7,1342312
130_bNAb_Combinations|1342312|vc|8|2|RHPA4259.7|5371,0,3.60024e-09,2.54678e-09,0,0,0,0,0,-3.89457e-11,1.29197e-11,0,0,0,0,False,nan|RHPA4259.7,1342312
130_bNAb_Combinations|1342336|cc|1|1|nan|3430,0,-2.17601e-09,-5.38579e-09,0,0,0,0,0,1.27987e-12,1.836e-11,0,0,0,0,False,nan|3430,1342336
130_bNAb_Combinations|1342336|cc|2|1|nan|3430,0,1.82843e-09,2.26187e-09,0,0,0,0,0,3.44778e-11,2.75491e-11,0,0,0,0,False,nan|3430,1342336
130_bNAb_Combinations|1342336|cc|3|1|nan|3430,0,1.50153e-09,-1.54841e-09,0,0,0,0,0,-7.26308e-12,2.82081e-11,0,0,0,0,False,nan|3430,1342336
130_bNAb_Combinations|1342336|cc|4|1|nan|3430,0,2.20491e-09,-1.13013e-09,0,0,0,0,0,1.50528e-11,-8.62244e-12,0,0,0,0,False,nan|3430,1342336
130_bNAb_Combinations|1342336|cc|5|1|nan|3430,0,2.72716e-09,4.06971e-10,0,0,0,0,0,4.03819e-11,1.61866e-11,0,0,0,0,False,nan|3430,1342336
130_bNAb_Combinations|1342336|cc|6|1|nan|3430,0,-4.26842e-09,8.24142e-10,0,0,0,0,0,1.54041e-11,3.34259e-11,0,0,0,0,False,nan|3430,1342336
130_bNAb_Combinations|1342336|cc|7|1|nan|3430,0,8.48072e-09,-2.83433e-09,0,0,0,0,0,1.76263e-11,-7.22689e-12,0,0,0,0,False,nan|3430,1342336
130_bNAb_Combinations|1342336|cc|8|1|nan|3430,0,-5.70633e-09,1.12065e-09,0,0,0,0,0,-1.15525e-11,4.30549e-11,0,0,0,0,False,nan|3430,1342336
130_bNAb_Combinations|1342336|sample|3|nan|3430,0,-1.59848e-11,1.37422e-09,0,0,0,0,0,-4.13927e-11,-2.11819e-12,0,0,0,0,True,VRC07-523LS|3430,1342336
130_bNAb_Combinations|1342336|sample|4|nan|3430,0,3.77818e-09,4.75354e-09,0,0,0,0,0,-2.24301e-11,2.66849e-11,0,0,0,0,True,VRC07-523LS|3430,1342336
130_bNAb_Combinations|1342336|sample|5|nan|3430,0,1.50447e-09,5.15329e-10,0,0,0,0,0,6.66027e-11,-5.27515e-11,0,0,0,0,True,VRC07-523LS|3430,1342336
130_bNAb_Combinations|1342336|vc|1|2|nan|3430,0,-7.12943e-09,1.45001e-09,0,0,0,0,0,1.22133e-11,-2.04221e-11,0,0,0,0,False,nan|3430,1342336
130_bNAb_Combinations|1342336|vc|2|2|nan|3430,0,7.39351e-09,-8.01254e-10,0,0,0,0,0,-3.21974e-11,-2.74891e-12,0,0,0,0,False,nan|3430,1342336
130_bNAb_Combinations|1342336|vc|3|2|nan|3430,0,-8.02363e-09,-2.42534e-09,0,0,0,0,0,4.8173e-11,8.97105e-12,0,0,0,0,False,nan|3430,1342336
130_bNAb_Combinations|1342336|vc|4|2|nan|3430,0,-1.20534e-09,8.06455e-10,0,0,0,0,0,1.363e-11,1.82852e-11,0,0,0,0,False,nan|3430,1342336
130_bNAb_Combinations|1342336|vc|5|2|nan|3430,0,5.55871e-09,8.25257e-10,0,0,0,0,0,1.89484e-11,1.78602e-11,0,0,0,0,False,nan|3430,1342336
130_bNAb_Combinations|1342336|vc|6|2|nan|3430,0,-7.48116e-09,-8.09596e-10,0,0,0,0,0,3.47677e-11,8.8678e-12,0,0,0,0,False,nan|3430,1342336
130_bNAb_Combinations|1342336|vc|7|2|nan|3430,0,3.62101e-09,2.79082e-09,0,0,0,0,0,3.32863e-11,-6.1755e-12,0,0,0,0,False,nan|3430,1342336
130_bNAb_Combinations|1342336|vc|8|2|nan|3430,0,5.3428e-09,-2.66374e-09,0,0,0,0,0,5.61862e-12,1.7975e-11,0,0,0,0,False,nan|3430,1342336
130_bNAb_Combinations|1342348|cc|1|1|nan|4166,0,-3.21313e-09,3.14485e-10,0,0,0,0,0,7.27374e-12,-6.50962e-11,0,0,0,0,False,nan|4166,1342348
130_bNAb_Combinations|1342348|cc|2|1|nan|4166,0,-3.19145e-09,-1.50598e-09,0,0,0,0,0,-3.45661e-11,4.6525e-12,0,0,0,0,False,nan|4166,1342348
130_bNAb_Combinations|1342348|cc|3|1|nan|4166,0,8.14386e-09,-4.03349e-09,0,0,0,0,0,-1.21503e-12,-1.93263e-11,0,0,0,0,False,nan|4166,1342348
130_bNAb_Combinations|1342348|cc|4|1|nan|4166,0,-6.59386e-09,2.8455e-10,0,0,0,0,0,9.39071e-12,1.96587e-11,0,0,0,0,False,nan|4166,1342348
130_bNAb_Combinations|1342348|cc|5|1|nan|4166,0,-2.3231e-09,5.43441e-10,0,0,0,0,0,4.70495e-11,-2.8697e-12,0,0,0,0,False,nan|4166,1342348
130_bNAb_Combinations|1342348|cc|6|1|nan|4166,0,1.81378e-09,-9.57171e-10,0,0,0,0,0,-2.59326e-11,4.41669e-12,0,0,0,0,False,nan|4166,1342348
130_bNAb_Combinations|1342348|cc|7|1|nan|4166,0,-1.64937e-09,-4.4797e-10,0,0,0,0,0,-4.03766e-12,3.92661e-11,0,0,0,0,False,nan|4166,1342348
130_bNAb_Combinations|1342348|cc|8|1|nan|4166,0,4.4463e-09,3.08465e-09,0,0,0,0,0,3.74714e-11,4.95359e-12,0,0,0,0,False,nan|4166,1342348
130_bNAb_Combinations|1342348|sample|3|nan|4166,0,1.06621e-09,1.18648e-09,0,0,0,0,0,1.00959e-11,2.04929e-11,0,0,0,0,True,VRC07-523LS|4166,1342348
130_bNAb_Combinations|1342348|sample|4|nan|4166,0,2.18751e-09,6.91576e-11,0,0,0,0,0,3.02611e-11,-3.42225e-11,0,0,0,0,True,VRC07-523LS|4166,1342348
130_bNAb_Combinations|1342348|vc|1|2|nan|4166,0,9.88863e-09,-8.31783e-10,0,0,0,0,0,2.98406e-11,1.09244e-11,0,0,0,0,False,nan|4166,1342348
130_bNAb_Combinations|1342348|vc|2|2|nan|4166,0,-9.90768e-09,-4.69726e-09,0,0,0,0,0,3.06555e-11,-6.49369e-12,0,0,0,0,False,nan|4166,1342348
130_bNAb_Combinations|1342348|vc|3|2|nan|4166,0,-3.26761e-09,2.46155e-09,0,0,0,0,0,-4.57323e-12,-1.50611e-11,0,0,0,0,False,nan|4166,1342348
130_bNAb_Combinations|1342348|vc|4|2|nan|4166,0,1.86086e-09,1.4084e-09,0,0,0,0,0,3.75309e-11,3.42615e-13,0,0,0,0,False,nan|4166,1342348
130_bNAb_Combinations|1342348|vc|5|2|nan|4166,0,-2.36454e-09,-2.3678e-10,0,0,0,0,0,-6.88578e-11,-1.10882e-11,0,0,0,0,False,nan|4166,1342348
130_bNAb_Combinations|1342348|vc|6|2|nan|4166,0,-4.11199e-09,2.35079e-10,0,0,0,0,0,-2.9341e-12,-2.37124e-11,0,0,0,0,False,nan|4166,1342348
130_bNAb_Combinations|1342348|vc|7|2|nan|4166,0,-3.42851e-09,7.58972e-10,0,0,0,0,0,1.81726e-11,5.31308e-12,0,0,0,0,False,nan|4166,1342348
130_bNAb_Combinations|1342348|vc|8|2|nan|4166,0,8.05844e-12,1.0807e-09,0,0,0,0,0,3.63443e-12,2.06557e-11,0,0,0,0,False,nan|4166,1342348
130_bNAb_Combinations|1342372|cc|1|1|nan|2944,0,2.66276e-09,6.10204e-10,0,0,0,0,0,4.8292e-11,3.1255e-12,0,0,0,0,False,nan|2944,1342372
130_bNAb_Combinations|1342372|cc|2|1|nan|2944,0,-6.16234e-09,3.60633e-09,0,0,0,0,0,-3.05418e-11,4.47509e-12,0,0,0,0,False,nan|2944,1342372
130_bNAb_Combinations|1342372|cc|3|1|nan|2944,0,4.58268e-09,-2.10087e-09,0,0,0,0,0,-2.33067e-11,2.06071e-11,0,0,0,0,False,nan|2944,1342372
130_bNAb_Combinations|1342372|cc|4|1|nan|2944,0,-4.41073e-09,-1.65888e-09,0,0,0,0,0,4.58922e-12,-1.49352e-11,0,0,0,0,False,nan|2944,1342372
130_bNAb_Combinations|1342372|cc|5|1|nan|2944,0,4.00222e-09,2.84115e-09,0,0,0,0,0,3.75922e-11,-9.56524e-12,0,0,0,0,False,nan|2944,1342372
130_bNAb_Combinations|1342372|cc|6|1|nan|2944,0,4.07141e-09,2.15428e-09,0,0,0,0,0,-5.31646e-11,-2.19198e-11,0,0,0,0,False,nan|2944,1342372
130_bNAb_Combinations|1342372|cc|7|1|nan|2944,0,4.37086e-10,-8.54016e-10,0,0,0,0,0,-2.61844e-11,1.47482e-11,0,0,0,0,False,nan|2944,1342372
130_bNAb_Combinations|1342372|cc|8|1|nan|2944,0,-4.94153e-10,1.07502e-09,0,0,0,0,0,1.44844e-11,1.3459e-11,0,0,0,0,False,nan|2944,1342372
130_bNAb_Combinations|1342372|sample|3|nan|2944,0,6.25327e-10,6.8582e-10,0,0,0,0,0,1.26592e-11,8.1406e-12,0,0,0,0,True,VRC07-523LS|2944,1342372
130_bNAb_Combinations|1342372|sample|4|nan|2944,0,-4.40688e-09,-1.74979e-09,0,0,0,0,0,4.58957e-11,9.08829e-12,0,0,0,0,True,VRC07-523LS|2944,1342372
130_bNAb_Combinations|1342372|vc|1|2|nan|2944,0,5.28391e-09,-1.54772e-09,0,0,0,0,0,2.2732e-11,-1.3459e-11,0,0,0,0,False,nan|2944,1342372
130_bNAb_Combinations|1342372|vc|2|2|nan|2944,0,1.96465e-10,-3.73415e-09,0,0,0,0,0,-3.69802e-11,-1.78182e-11,0,0,0,0,False,nan|2944,1342372
130_bNAb_Combinations|1342372|vc|3|2|nan|2944,0,2.79666e-09,-3.3652e-10,0,0,0,0,0,4.60858e-11,4.71223e-12,0,0,0,0,False,nan|2944,1342372
130_bNAb_Combinations|1342372|vc|4|2|nan|2944,0,-1.42351e-10,-5.86713e-10,0,0,0,0,0,-2.6148e-12,2.1247e-11,0,0,0,0,False,nan|2944,1342372
130_bNAb_Combinations|1342372|vc|5|2|nan|2944,0,-4.20707e-10,1.0344e-09,0,0,0,0,0,2.99609e-11,3.27991e-11,0,0,0,0,False,nan|2944,1342372
130_bNAb_Combinations|1342372|vc|6|2|nan|2944,0,-5.95266e-09,-2.77128e-09,0,0,0,0,0,3.45839e-11,4.04032e-12,0,0,0,0,False,nan|2944,1342372
130_bNAb_Combinations|1342372|vc|7|2|nan|2944,0,-6.54871e-09,-5.34922e-10,0,0,0,0,0,1.96287e-11,1.86113e-11,0,0,0,0,False,nan|2944,1342372
130_bNAb_Combinations|1342372|vc|8|2|nan|2944,0,-4.66267e-09,1.69838e-09,0,0,0,0,0,1.60449e-11,-5.44498e-12,0,0,0,0,False,nan|2944,1342372
130_bNAb_Combinations|1342384|cc|1|1|nan|2946,0,-1.73926e-09,7.79223e-10,0,0,0,0,0,-1.5393e-11,-1.91238e-11,0,0,0,0,False,nan|2946,1342384
130_bNAb_Combinations|1342384|cc|2|1|nan|2946,0,7.46896e-09,-4.9517e-09,0,0,0,0,0,2.1978e-11,-1.79039e-11,0,0,0,0,False,nan|2946,1342384
130_bNAb_Combinations|1342384|cc|3|1|nan|2946,0,2.30239e-09,1.43111e-09,0,0,0,0,0,-3.21725e-11,2.24829e-11,0,0,0,0,False,nan|2946,1342384
130_bNAb_Combinations|1342384|cc|4|1|nan|2946,0,-4.8476e-09,-5.67449e-10,0,0,0,0,0,-1.17213e-11,-1.57914e-11,0,0,0,0,False,nan|2946,1342384
130_bNAb_Combinations|1342384|cc|5|1|nan|2946,0,4.12195e-09,-6.18908e-10,0,0,0,0,0,9.8499e-13,-1.48757e-11,0,0,0,0,False,nan|2946,1342384
130_bNAb_Combinations|1342384|cc|6|1|nan|2946,0,-1.53767e-09,8.85349e-10,0,0,0,0,0,1.2764e-11,6.73817e-12,0,0,0,0,False,nan|2946,1342384
130_bNAb_Combinations|1342384|cc|7|1|nan|2946,0,-6.29875e-09,2.59546e-09,0,0,0,0,0,-4.24381e-11,-4.73177e-12,0,0,0,0,False,nan|2946,1342384
130_bNAb_Combinations|1342384|cc|8|1|nan|2946,0,-2.70716e-09,9.13499e-10,0,0,0,0,0,-4.48215e-11,-1.7617e-12,0,0,0,0,False,nan|2946,1342384
130_bNAb_Combinations|1342384|sample|3|nan|2946,0,-5.80562e-09,3.04225e-09,0,0,0,0,0,-1.42579e-11,1.83564e-11,0,0,0,0,True,VRC07-523LS|2946,1342384
130_bNAb_Combinations|1342384|sample|4|nan|2946,0,-9.53655e-10,-1.39774e-09,0,0,0,0,0,-2.51257e-11,4.7673e-12,0,0,0,0,True,VRC07-523LS|2946,1342384
130_bNAb_Combinations|1342384|vc|1|2|nan|2946,0,7.20947e-09,1.54077e-09,0,0,0,0,0,2.83751e-11,1.27263e-11,0,0,0,0,False,nan|2946,1342384
130_bNAb_Combinations|1342384|vc|2|2|nan|2946,0,-1.1899e-10,2.65737e-09,0,0,0,0,0,-3.45479e-11,1.10472e-11,0,0,0,0,False,nan|2946,1342384
130_bNAb_Combinations|1342384|vc|3|2|nan|2946,0,4.40288e-09,-3.01746e-11,0,0,0,0,0,-4.66089e-11,-1.2415e-11,0,0,0,0,False,nan|2946,1342384
130_bNAb_Combinations|1342384|vc|4|2|nan|2946,0,-6.03563e-09,4.65971e-09,0,0,0,0,0,-3.25424e-11,1.1342e-12,0,0,0,0,False,nan|2946,1342384
130_bNAb_Combinations|1342384|vc|5|2|nan|2946,0,2.51948e-09,-4.15486e-09,0,0,0,0,0,-2.58744e-11,1.07296e-11,0,0,0,0,False,nan|2946,1342384
130_bNAb_Combinations|1342384|vc|6|2|nan|2946,0,2.72202e-09,3.62904e-10,0,0,0,0,0,-2.16498e-11,1.26437e-11,0,0,0,0,False,nan|2946,1342384
130_bNAb_Combinations|1342384|vc|7|2|nan|2946,0,-4.92881e-10,-3.22744e-09,0,0,0,0,0,1.10107e-11,2.40217e-11,0,0,0,0,False,nan|2946,1342384
130_bNAb_Combinations|1342384|vc|8|2|nan|2946,0,4.63423e-09,-4.48484e-10,0,0,0,0,0,-8.33777e-12,1.32414e-11,0,0,0,0,False,nan|2946,1342384
130_bNAb_Combinations|1342396|cc|1|1|PVO.4|5024,0,6.205e-09,3.03641e-09,0,0,0,0,0,-1.85274e-11,2.39044e-11,0,0,0,0,False,nan|PVO.4,1342396
130_bNAb_Combinations|1342396|cc|2|1|PVO.4|5024,0,3.62963e-09,-3.4717e-09,0,0,0,0,0,-7.81508e-12,1.44565e-11,0,0,0,0,False,nan|PVO.4,1342396
130_bNAb_Combinations|1342396|cc|3|1|PVO.4|5024,0,-6.85101e-09,-4.08441e-09,0,0,0,0,0,2.31939e-11,-1.5449e-11,0,0,0,0,False,nan|PVO.4,1342396
130_bNAb_Combinations|1342396|cc|4|1|PVO.4|5024,0,2.60141e-09,-2.1724e-09,0,0,0,0,0,3.31086e-11,-1.92057e-12,0,0,0,0,False,nan|PVO.4,1342396
130_bNAb_Combinations|1342396|cc|5|1|PVO.4|5024,0,1.90368e-09,2.89088e-09,0,0,0,0,0,5.62181e-11,-1.00615e-11,0,0,0,0,False,nan|PVO.4,1342396
130_bNAb_Combinations|1342396|cc|6|1|PVO.4|5024,0,6.67319e-09,1.24596e-09,0,0,0,0,0,-2.51816e-11,1.9296e-11,0,0,0,0,False,nan|PVO.4,1342396
130_bNAb_Combinations|1342396|cc|7|1|PVO.4|5024,0,1.62218e-09,-1.07338e-09,0,0,0,0,0,6.96865e-12,-4.47353e-12,0,0,0,0,False,nan|PVO.4,1342396
130_bNAb_Combinations|1342396|cc|8|1|PVO.4|5024,0,-1.60933e-09,-5.14683e-09,0,0,0,0,0,-1.45572e-11,-4.5122e-11,0,0,0,0,False,nan|PVO.4,1342396
130_bNAb_Combinations|1342396|sample|3|PVO.4|5024,0,-3.87261e-09,-2.03112e-09,0,0,0,0,0,-1.77209e-11,1.56755e-11,0,0,0,0,True,VRC07-523LS|PVO.4,1342396
130_bNAb_Combinations|1342396|sample|4|PVO.4|5024,0,-1.71256e-09,-1.75219e-09,0,0,0,0,0,2.85638e-11,-1.56664e-11,0,0,0,0,True,VRC07-523LS|PVO.4,1342396
130_bNAb_Combinations|1342396|vc|1|2|PVO.4|5024,0,3.58259e-09,2.33624e-09,0,0,0,0,0,-5.44498e-11,-3.70008e-11,0,0,0,0,False,nan|PVO.4,1342396
130_bNAb_Combinations|1342396|vc|2|2|PVO.4|5024,0,2.87862e-09,4.84725e-10,0,0,0,0,0,-7.78524e-11,7.17199e-11,0,0,0,0,False,nan|PVO.4,1342396
130_bNAb_Combinations|1342396|vc|3|2|PVO.4|5024,0,-7.21928e-09,2.98179e-10,0,0,0,0,0,2.27161e-11,2.32592e-12,0,0,0,0,False,nan|PVO.4,1342396
130_bNAb_Combinations|1342396|vc|4|2|PVO.4|5024,0,-3.66188e-09,3.16774e-09,0,0,0,0,0,-1.95399e-14,-1.6767e-11,0,0,0,0,False,nan|PVO.4,1342396
130_bNAb_Combinations|1342396|vc|5|2|PVO.4|5024,0,-1.2404e-09,2.87986e-09,0,0,0,0,0,-4.02753e-11,8.05822e-12,0,0,0,0,False,nan|PVO.4,1342396
130_bNAb_Combinations|1342396|vc|6|2|PVO.4|5024,0,-1.01219e-08,6.80751e-10,0,0,0,0,0,1.49489e-11,-1.46395e-11,0,0,0,0,False,nan|PVO.4,1342396
130_bNAb_Combinations|1342396|vc|7|2|PVO.4|5024,0,6.91728e-09,5.27403e-10,0,0,0,0,0,5.94014e-12,-1.54206e-11,0,0,0,0,False,nan|PVO.4,1342396
130_bNAb_Combinations|1342396|vc|8|2|PVO.4|5024,0,1.38542e-09,2.20679e-09,0,0,0,0,0,-8.97682e-12,-1.3508e-11,0,0,0,0,False,nan|PVO.4,1342396
130_bNAb_Combinations|1342408|cc|1|1|nan|4168,0,1.80397e-09,-1.84574e-10,0,0,0,0,0,-3.56151e-11,-1.27169e-11,0,0,0,0,False,nan|4168,1342408
130_bNAb_Combinations|1342408|cc|2|1|nan|4168,0,-1.06971e-09,-2.91259e-09,0,0,0,0,0,-2.12816e-11,1.11879e-11,0,0,0,0,False,nan|4168,1342408
130_bNAb_Combinations|1342408|cc|3|1|nan|4168,0,6.13431e-09,1.89908e-09,0,0,0,0,0,-5.32721e-11,-7.72005e-12,0,0,0,0,False,nan|4168,1342408
130_bNAb_Combinations|1342408|cc|4|1|nan|4168,0,-1.79584e-09,-8.08761e-10,0,0,0,0,0,5.36371e-12,-1.69849e-11,0,0,0,0,False,nan|4168,1342408
130_bNAb_Combinations|1342408|cc|5|1|nan|4168,0,3.10904e-10,3.32342e-09,0,0,0,0,0,-7.21823e-12,1.07236e-11,0,0,0,0,False,nan|4168,1342408
130_bNAb_Combinations|1342408|cc|6|1|nan|4168,0,4.04261e-09,1.06364e-09,0,0,0,0,0,1.44169e-11,-4.38827e-12,0,0,0,0,False,nan|4168,1342408
130_bNAb_Combinations|1342408|cc|7|1|nan|4168,0,2.44622e-09,-2.51798e-09,0,0,0,0,0,-4.55591e-11,-1.29829e-12,0,0,0,0,False,nan|4168,1342408
130_bNAb_Combinations|1342408|cc|8|1|nan|4168,0,3.59422e-09,-1.7024e-09,0,0,0,0,0,-6.76348e-12,-1.99039e-11,0,0,0,0,False,nan|4168,1342408
130_bNAb_Combinations|1342408|sample|3|nan|4168,0,9.39203e-09,4.07513e-09,0,0,0,0,0,-1.20357e-11,9.10871e-12,0,0,0,0,True,VRC07-523LS|4168,1342408
130_bNAb_Combinations|1342408|sample|4|nan|4168,0,-9.1162e-10,-2.94802e-09,0,0,0,0,0,-4.66258e-11,1.41644e-11,0,0,0,0,True,VRC07-523LS|4168,1342408
130_bNAb_Combinations|1342408|vc|1|2|nan|4168,0,-2.70028e-09,1.23264e-09,0,0,0,0,0,1.2701e-13,-1.6636e-11,0,0,0,0,False,nan|4168,1342408
130_bNAb_Combinations|1342408|vc|2|2|nan|4168,0,2.74384e-09,-1.32007e-09,0,0,0,0,0,3.27596e-11,-1.86167e-11,0,0,0,0,False,nan|4168,1342408
130_bNAb_Combinations|1342408|vc|3|2|nan|4168,0,-6.50149e-09,1.75995e-09,0,0,0,0,0,1.59961e-11,9.43778e-12,0,0,0,0,False,nan|4168,1342408
130_bNAb_Combinations|1342408|vc|4|2|nan|4168,0,-5.22819e-09,-2.32951e-09,0,0,0,0,0,2.56319e-11,3.62135e-11,0,0,0,0,False,nan|4168,1342408
130_bNAb_Combinations|1342408|vc|5|2|nan|4168,0,-2.17995e-09,-4.80964e-10,0,0,0,0,0,2.45679e-11,8.78009e-12,0,0,0,0,False,nan|4168,1342408
130_bNAb_Combinations|1342408|vc|6|2|nan|4168,0,4.02678e-10,5.72336e-10,0,0,0,0,0,-9.57545e-12,-9.23439e-12,0,0,0,0,False,nan|4168,1342408
130_bNAb_Combinations|1342408|vc|7|2|nan|4168,0,-9.50715e-09,-2.01675e-09,0,0,0,0,0,1.4917e-11,-5.84555e-12,0,0,0,0,False,nan|4168,1342408
130_bNAb_Combinations|1342408|vc|8|2|nan|4168,0,3.62169e-09,-8.6431e-10,0,0,0,0,0,-5.74261e-11,-8.0409e-12,0,0,0,0,False,nan|4168,1342408
704_VRC01_Concordance|1200432|cc|1|1|PVO.4|5024,0,-2.55049e-09,-1.71545e-09,0,0,0,0,0,5.26663e-11,-2.18436e-12,0,0,0,0,False,nan|PVO.4,1200432
704_VRC01_Concordance|1200432|cc|2|1|PVO.4|5024,0,6.89025e-10,2.26772e-09,0,0,0,0,0,-2.05151e-11,-1.75522e-11,0,0,0,0,False,nan|PVO.4,1200432
704_VRC01_Concordance|1200432|cc|3|1|PVO.4|5024,0,-2.74926e-09,7.82543e-10,0,0,0,0,0,3.4369e-11,-1.24715e-11,0,0,0,0,False,nan|PVO.4,1200432
704_VRC01_Concordance|1200432|cc|4|1|PVO.4|5024,0,-1.38302e-09,-1.92504e-10,0,0,0,0,0,-5.94218e-11,1.97398e-12,0,0,0,0,False,nan|PVO.4,1200432
704_VRC01_Concordance|1200432|cc|5|1|PVO.4|5024,0,5.66654e-09,2.17406e-09,0,0,0,0,0,-5.48006e-12,2.15941e-11,0,0,0,0,False,nan|PVO.4,1200432
704_VRC01_Concordance|1200432|cc|6|1|PVO.4|5024,0,-4.79204e-09,-4.47698e-09,0,0,0,0,0,-3.59952e-11,4.02356e-12,0,0,0,0,False,nan|PVO.4,1200432
704_VRC01_Concordance|1200432|cc|7|1|PVO.4|5024,0,1.47443e-09,4.45421e-09,0,0,0,0,0,-3.06466e-11,3.0284e-11,0,0,0,0,False,nan|PVO.4,1200432
704_VRC01_Concordance|1200432|cc|8|1|PVO.4|5024,0,-1.99069e-09,4.49309e-10,0,0,0,0,0,-4.054e-11,1.23274e-11,0,0,0,0,False,nan|PVO.4,1200432
704_VRC01_Concordance|1200432|sample|10|PVO.4|5024,0,8.78522e-09,-3.5098e-09,0,0,0,0,0,-3.12483e-11,-2.6052e-11,0,0,0,0,True,Clinical VRC01|PVO.4,1200432
704_VRC01_Concordance|1200432|sample|11|PVO.4|5024,0,4.82868e-10,2.10043e-09,0,0,0,0,0,-2.84373e-11,1.00244e-11,0,0,0,0,True,Clinical VRC01|PVO.4,1200432
704_VRC01_Concordance|1200432|sample|12|PVO.4|5024,0,-1.50655e-09,5.95574e-10,0,0,0,0,0,-1.20939e-11,1.08251e-11,0,0,0,0,True,Clinical VRC01|PVO.4,1200432
704_VRC01_Concordance|1200432|sample|3|PVO.4|5024,0,-1.87689e-09,-4.8298e-09,0,0,0,0,0,1.83142e-11,1.8773e-11,0,0,0,0,True,Clinical VRC01|PVO.4,1200432
704_VRC01_Concordance|1200432|sample|4|PVO.4|5024,0,3.10282e-09,-1.71619e-09,0,0,0,0,0,2.10414e-11,-1.9087e-12,0,0,0,0,True,Clinical VRC01|PVO.4,1200432
704_VRC01_Concordance|1200432|sample|5|PVO.4|5024,0,-4.47783e-10,-2.10683e-09,0,0,0,0,0,-9.42713e-12,2.83653e-11,0,0,0,0,True,Clinical VRC01|PVO.4,1200432
704_VRC01_Concordance|1200432|sample|6|PVO.4|5024,0,-1.04608e-08,2.53046e-09,0,0,0,0,0,4.32152e-11,1.99485e-11,0,0,0,0,True,Clinical VRC01|PVO.4,1200432
704_VRC01_Concordance|1200432|sample|7|PVO.4|5024,0,2.98121e-10,-4.00406e-09,0,0,0,0,0,2.86593e-11,-5.70566e-12,0,0,0,0,True,Clinical VRC01|PVO.4,1200432
704_VRC01_Concordance|1200432|sample|8|PVO.4|5024,0,4.06391e-09,2.55947e-09,0,0,0,0,0,-8.06599e-12,1.25175e-11,0,0,0,0,True,Clinical VRC01|PVO.4,1200432
704_VRC01_Concordance|1200432|sample|9|PVO.4|5024,0,-2.02128e-09,1.32454e-09,0,0,0,0,0,3.73386e-11,2.36877e-12,0,0,0,0,True,Clinical VRC01|PVO.4,1200432
704_VRC01_Concordance|1200432|vc|1|2|PVO.4|5024,0,4.49035e-09,-3.61366e-09,0,0,0,0,0,2.6624e-11,-2.54277e-11,0,0,0,0,False,nan|PVO.4,1200432
704_VRC01_Concordance|1200432|vc|2|2|PVO.4|5024,0,-2.70118e-09,-1.16847e-09,0,0,0,0,0,-1.35572e-11,3.01148e-12,0,0,0,0,False,nan|PVO.4,1200432
704_VRC01_Concordance|1200432|vc|3|2|PVO.4|5024,0,-6.20653e-10,-3.87285e-11,0,0,0,0,0,-5.9309e-11,2.54197e-12,0,0,0,0,False,nan|PVO.4,1200432
704_VRC01_Concordance|1200432|vc|4|2|PVO.4|5024,0,6.75889e-10,8.37347e-10,0,0,0,0,0,-2.80487e-12,3.27849e-11,0,0,0,0,False,nan|PVO.4,1200432
704_VRC01_Concordance|1200432|vc|5|2|PVO.4|5024,0,-2.28411e-09,4.5248e-09,0,0,0,0,0,-1.71925e-11,1.90297e-11,0,0,0,0,False,nan|PVO.4,1200432
704_VRC01_Concordance|1200432|vc|6|2|PVO.4|5024,0,1.05013e-08,-9.78259e-11,0,0,0,0,0,-4.24727e-12,-2.11253e-11,0,0,0,0,False,nan|PVO.4,1200432
704_VRC01_Concordance|1200432|vc|7|2|PVO.4|5024,0,4.07329e-09,1.96293e-09,0,0,0,0,0,4.99742e-11,-5.99309e-12,0,0,0,0,False,nan|PVO.4,1200432
704_VRC01_Concordance|1200432|vc|8|2|PVO.4|5024,0,-3.07654e-09,-5.95721e-11,0,0,0,0,0,-2.57714e-11,-1.36997e-11,0,0,0,0,False,nan|PVO.4,1200432
