id,eta_U_SAEM,eta_L_SAEM,eta_m_SAEM,eta_e_SAEM,eta_alpha_SAEM,eta_k_SAEM,eta_U_mode,eta_L_mode,eta_m_mode,eta_e_mode,eta_alpha_mode,eta_k_mode,goes_down,mab_virus,run_id
130_bNAb_Combinations|1313842|cc|1|1|nan|2946,0,0,-2.04754e-09,-0.0352873,0,0,0,0,-8.21565e-15,-2.33865e-07,0,0,False,nan|2946,1313842
130_bNAb_Combinations|1313842|cc|2|1|nan|2946,0,0,-3.46665e-09,-0.283834,0,0,0,0,-5.32907e-15,2.00941e-07,0,0,False,nan|2946,1313842
130_bNAb_Combinations|1313842|cc|3|1|nan|2946,0,0,-1.96882e-09,0.365313,0,0,0,0,9.99201e-16,5.49191e-07,0,0,False,nan|2946,1313842
130_bNAb_Combinations|1313842|cc|4|1|nan|2946,0,0,-3.32866e-09,0.169475,0,0,0,0,-2.55351e-15,1.7262e-07,0,0,False,nan|2946,1313842
130_bNAb_Combinations|1313842|cc|5|1|nan|2946,0,0,8.86321e-10,-0.077316,0,0,0,0,-8.10463e-15,-2.15151e-07,0,0,False,nan|2946,1313842
130_bNAb_Combinations|1313842|cc|6|1|nan|2946,0,0,1.01418e-10,0.300454,0,0,0,0,1.88738e-15,-2.93292e-07,0,0,False,nan|2946,1313842
130_bNAb_Combinations|1313842|cc|7|1|nan|2946,0,0,2.242e-09,-0.174083,0,0,0,0,5.21805e-15,3.00057e-07,0,0,False,nan|2946,1313842
130_bNAb_Combinations|1313842|cc|8|1|nan|2946,0,0,-2.30911e-09,0.243055,0,0,0,0,-9.21485e-15,8.95277e-08,0,0,False,nan|2946,1313842
130_bNAb_Combinations|1313842|sample|10|nan|2946,0,0,-4.48243e-09,1.1081,0,0,0,0,1.90736e-13,1.11705,0,0,True,PGT121|2946,1313842
130_bNAb_Combinations|1313842|sample|11|nan|2946,0,0,1.14369e-09,0.389449,0,0,0,0,3.9746e-14,0.383734,0,0,True,VRC07-523LS|2946,1313842
130_bNAb_Combinations|1313842|sample|12|nan|2946,0,0,3.25084e-09,0.517518,0,0,0,0,-3.30846e-14,0.554963,0,0,True,VRC07-523LS|2946,1313842
130_bNAb_Combinations|1313842|sample|3|nan|2946,0,0,7.57354e-09,-0.0729652,0,0,0,0,-1.04583e-13,0.0410951,0,0,True,PGDM1400|2946,1313842
130_bNAb_Combinations|1313842|sample|4|nan|2946,0,0,4.20611e-09,0.190708,0,0,0,0,-9.25926e-14,0.195386,0,0,True,PGDM1400|2946,1313842
130_bNAb_Combinations|1313842|sample|5|nan|2946,0,0,6.83883e-10,0.0859619,0,0,0,0,1.77358e-13,0.0985041,0,0,True,PGDM1400|2946,1313842
130_bNAb_Combinations|1313842|sample|6|nan|2946,0,0,-2.30771e-09,-0.125709,0,0,0,0,1.40721e-13,-0.0522128,0,0,True,PGDM1400|2946,1313842
130_bNAb_Combinations|1313842|sample|7|nan|2946,0,0,-6.75232e-10,0.890408,0,0,0,0,-8.4821e-14,0.885198,0,0,True,PGT121|2946,1313842
130_bNAb_Combinations|1313842|sample|8|nan|2946,0,0,-9.76409e-10,0.944672,0,0,0,0,1.13243e-14,0.958258,0,0,True,PGT121|2946,1313842
130_bNAb_Combinations|1313842|sample|9|nan|2946,0,0,5.32751e-09,1.13755,0,0,0,0,6.83342e-14,1.12624,0,0,True,PGT121|2946,1313842
130_bNAb_Combinations|1313842|vc|1|2|nan|2946,0,0,-9.14789e-10,-0.259579,0,0,0,0,-6.77236e-15,-2.29567e-07,0,0,False,nan|2946,1313842
130_bNAb_Combinations|1313842|vc|2|2|nan|2946,0,0,1.30277e-09,0.0421406,0,0,0,0,-4.77396e-15,1.36412e-07,0,0,False,nan|2946,1313842
130_bNAb_Combinations|1313842|vc|3|2|nan|2946,0,0,-1.54976e-09,0.163131,0,0,0,0,1.33227e-15,-2.18583e-07,0,0,False,nan|2946,1313842
130_bNAb_Combinations|1313842|vc|4|2|nan|2946,0,0,2.24153e-09,-0.0857814,0,0,0,0,6.32827e-15,-4.25415e-07,0,0,False,nan|2946,1313842
130_bNAb_Combinations|1313842|vc|5|2|nan|2946,0,0,2.90405e-09,-0.296626,0,0,0,0,-5.55112e-16,4.06061e-07,0,0,False,nan|2946,1313842
130_bNAb_Combinations|1313842|vc|6|2|nan|2946,0,0,-2.7359e-09,0.20624,0,0,0,0,0,-4.56308e-07,0,0,False,nan|2946,1313842
130_bNAb_Combinations|1313842|vc|7|2|nan|2946,0,0,2.21286e-09,-0.181865,0,0,0,0,-3.10862e-15,-3.01262e-07,0,0,False,nan|2946,1313842
130_bNAb_Combinations|1313842|vc|8|2|nan|2946,0,0,5.1891e-09,-0.163032,0,0,0,0,1.44329e-15,-2.90164e-07,0,0,False,nan|2946,1313842
130_bNAb_Combinations|1313860|cc|1|1|PVO.4|5024,0,0,2.94752e-09,0.307354,0,0,0,0,4.44089e-16,-2.13216e-07,0,0,False,nan|PVO.4,1313860
130_bNAb_Combinations|1313860|cc|2|1|PVO.4|5024,0,0,-1.18477e-09,-0.0644937,0,0,0,0,3.55271e-15,2.05162e-07,0,0,False,nan|PVO.4,1313860
130_bNAb_Combinations|1313860|cc|3|1|PVO.4|5024,0,0,2.63223e-09,0.313741,0,0,0,0,-5.10703e-15,3.53287e-07,0,0,False,nan|PVO.4,1313860
130_bNAb_Combinations|1313860|cc|4|1|PVO.4|5024,0,0,-1.13683e-09,0.0692987,0,0,0,0,1.26565e-14,-2.95629e-07,0,0,False,nan|PVO.4,1313860
130_bNAb_Combinations|1313860|cc|5|1|PVO.4|5024,0,0,3.8033e-09,0.0642349,0,0,0,0,2.88658e-15,-4.11678e-07,0,0,False,nan|PVO.4,1313860
130_bNAb_Combinations|1313860|cc|6|1|PVO.4|5024,0,0,2.37095e-09,0.00248147,0,0,0,0,3.10862e-15,2.14719e-07,0,0,False,nan|PVO.4,1313860
130_bNAb_Combinations|1313860|cc|7|1|PVO.4|5024,0,0,-1.15353e-09,0.217579,0,0,0,0,-5.77316e-15,4.62662e-08,0,0,False,nan|PVO.4,1313860
130_bNAb_Combinations|1313860|cc|8|1|PVO.4|5024,0,0,-9.64416e-11,-0.32307,0,0,0,0,2.22045e-15,-4.34499e-07,0,0,False,nan|PVO.4,1313860
130_bNAb_Combinations|1313860|sample|10|PVO.4|5024,0,0,3.82479e-09,1.97849,0,0,0,0,-9.2093e-14,1.9654,0,0,True,PGT121|PVO.4,1313860
130_bNAb_Combinations|1313860|sample|11|PVO.4|5024,0,0,-4.82415e-09,1.99517,0,0,0,0,1.18239e-13,2.03294,0,0,True,VRC07-523LS|PVO.4,1313860
130_bNAb_Combinations|1313860|sample|12|PVO.4|5024,0,0,2.7546e-09,2.08088,0,0,0,0,3.3451e-13,2.10567,0,0,True,VRC07-523LS|PVO.4,1313860
130_bNAb_Combinations|1313860|sample|3|PVO.4|5024,0,0,1.88681e-09,-0.0125147,0,0,0,0,-1.94289e-14,-0.0214276,0,0,True,PGDM1400|PVO.4,1313860
130_bNAb_Combinations|1313860|sample|4|PVO.4|5024,0,0,-6.29454e-11,-0.0542776,0,0,0,0,1.18794e-13,-0.0512672,0,0,True,PGDM1400|PVO.4,1313860
130_bNAb_Combinations|1313860|sample|5|PVO.4|5024,0,0,-6.04294e-09,0.0687143,0,0,0,0,-4.07008e-13,0.0638979,0,0,True,PGDM1400|PVO.4,1313860
130_bNAb_Combinations|1313860|sample|6|PVO.4|5024,0,0,-2.58286e-09,0.212737,0,0,0,0,-1.43441e-13,0.170969,0,0,True,PGDM1400|PVO.4,1313860
130_bNAb_Combinations|1313860|sample|7|PVO.4|5024,0,0,-8.64426e-10,1.92735,0,0,0,0,1.65534e-13,1.93974,0,0,True,PGT121|PVO.4,1313860
130_bNAb_Combinations|1313860|sample|8|PVO.4|5024,0,0,8.25302e-09,1.97196,0,0,0,0,1.7053e-13,1.95456,0,0,True,PGT121|PVO.4,1313860
130_bNAb_Combinations|1313860|sample|9|PVO.4|5024,0,0,1.09833e-09,1.98988,0,0,0,0,1.13687e-13,1.99621,0,0,True,PGT121|PVO.4,1313860
130_bNAb_Combinations|1313860|vc|1|2|PVO.4|5024,0,0,7.52727e-10,-0.300062,0,0,0,0,2.55351e-15,2.55801e-07,0,0,False,nan|PVO.4,1313860
130_bNAb_Combinations|1313860|vc|2|2|PVO.4|5024,0,0,9.48569e-10,0.364437,0,0,0,0,-5.9952e-15,2.47703e-08,0,0,False,nan|PVO.4,1313860
130_bNAb_Combinations|1313860|vc|3|2|PVO.4|5024,0,0,5.7708e-10,0.163215,0,0,0,0,-2.33147e-15,-2.85214e-07,0,0,False,nan|PVO.4,1313860
130_bNAb_Combinations|1313860|vc|4|2|PVO.4|5024,0,0,3.24191e-09,0.306229,0,0,0,0,4.10783e-15,-4.09607e-07,0,0,False,nan|PVO.4,1313860
130_bNAb_Combinations|1313860|vc|5|2|PVO.4|5024,0,0,-6.26479e-09,-0.0620179,0,0,0,0,-2.22045e-15,1.26384e-07,0,0,False,nan|PVO.4,1313860
130_bNAb_Combinations|1313860|vc|6|2|PVO.4|5024,0,0,-4.71454e-09,0.202734,0,0,0,0,8.88178e-16,-1.47817e-07,0,0,False,nan|PVO.4,1313860
130_bNAb_Combinations|1313860|vc|7|2|PVO.4|5024,0,0,-6.52983e-09,-0.623628,0,0,0,0,6.66134e-15,4.54926e-08,0,0,False,nan|PVO.4,1313860
130_bNAb_Combinations|1313860|vc|8|2|PVO.4|5024,0,0,-2.06622e-11,-0.116433,0,0,0,0,-5.9952e-15,-5.66118e-07,0,0,False,nan|PVO.4,1313860
130_bNAb_Combinations|1313884|cc|1|1|nan|4168,0,0,-4.21075e-09,0.127402,0,0,0,0,-9.76996e-15,3.54162e-07,0,0,False,nan|4168,1313884
130_bNAb_Combinations|1313884|cc|2|1|nan|4168,0,0,4.50484e-09,0.00210322,0,0,0,0,5.32907e-15,2.05364e-07,0,0,False,nan|4168,1313884
130_bNAb_Combinations|1313884|cc|3|1|nan|4168,0,0,1.53149e-11,-0.161242,0,0,0,0,-4.66294e-15,2.73803e-07,0,0,False,nan|4168,1313884
130_bNAb_Combinations|1313884|cc|4|1|nan|4168,0,0,4.84419e-09,-0.249579,0,0,0,0,6.88338e-15,6.98549e-08,0,0,False,nan|4168,1313884
130_bNAb_Combinations|1313884|cc|5|1|nan|4168,0,0,-1.13595e-09,0.165555,0,0,0,0,-5.9952e-15,-1.35537e-07,0,0,False,nan|4168,1313884
130_bNAb_Combinations|1313884|cc|6|1|nan|4168,0,0,-2.06909e-10,-0.0322622,0,0,0,0,-8.21565e-15,-5.44448e-08,0,0,False,nan|4168,1313884
130_bNAb_Combinations|1313884|cc|7|1|nan|4168,0,0,-3.34968e-09,0.000643701,0,0,0,0,-7.88258e-15,-3.34527e-09,0,0,False,nan|4168,1313884
130_bNAb_Combinations|1313884|cc|8|1|nan|4168,0,0,-1.73143e-09,0.0408923,0,0,0,0,7.77156e-15,-4.44368e-08,0,0,False,nan|4168,1313884
130_bNAb_Combinations|1313884|sample|10|nan|4168,0,0,-1.79806e-09,3.38561,0,0,0,0,7.99361e-14,3.36731,0,0,True,PGT121|4168,1313884
130_bNAb_Combinations|1313884|sample|11|nan|4168,0,0,2.5281e-09,2.37887,0,0,0,0,2.11216e-13,2.38219,0,0,True,VRC07-523LS|4168,1313884
130_bNAb_Combinations|1313884|sample|12|nan|4168,0,0,-1.65502e-09,2.50521,0,0,0,0,-3.81362e-14,2.54257,0,0,True,VRC07-523LS|4168,1313884
130_bNAb_Combinations|1313884|sample|3|nan|4168,0,0,-2.14503e-09,-1.18879,0,0,0,0,1.60483e-13,-1.10925,0,0,True,PGDM1400|4168,1313884
130_bNAb_Combinations|1313884|sample|4|nan|4168,0,0,1.19119e-08,-1.21941,0,0,0,0,1.37168e-13,-1.22477,0,0,True,PGDM1400|4168,1313884
130_bNAb_Combinations|1313884|sample|5|nan|4168,0,0,-1.61445e-08,-1.14166,0,0,0,0,-2.89518e-13,-1.16312,0,0,True,PGDM1400|4168,1313884
130_bNAb_Combinations|1313884|sample|6|nan|4168,0,0,4.55029e-09,-1.26006,0,0,0,0,-3.92464e-13,-1.22175,0,0,True,PGDM1400|4168,1313884
130_bNAb_Combinations|1313884|sample|7|nan|4168,0,0,1.60853e-09,2.87638,0,0,0,0,6.03961e-14,2.91774,0,0,True,PGT121|4168,1313884
130_bNAb_Combinations|1313884|sample|8|nan|4168,0,0,-1.03262e-10,2.95986,0,0,0,0,1.63092e-13,2.9735,0,0,True,PGT121|4168,1313884
130_bNAb_Combinations|1313884|sample|9|nan|4168,0,0,1.82693e-09,3.21068,0,0,0,0,3.66374e-14,3.20545,0,0,True,PGT121|4168,1313884
130_bNAb_Combinations|1313884|vc|1|2|nan|4168,0,0,2.39202e-09,0.0516975,0,0,0,0,-7.99361e-15,-2.36044e-07,0,0,False,nan|4168,1313884
130_bNAb_Combinations|1313884|vc|2|2|nan|4168,0,0,1.70315e-09,-0.0872921,0,0,0,0,6.66134e-16,-2.65952e-07,0,0,False,nan|4168,1313884
130_bNAb_Combinations|1313884|vc|3|2|nan|4168,0,0,6.51927e-09,-0.02069,0,0,0,0,5.77316e-15,-2.01751e-07,0,0,False,nan|4168,1313884
130_bNAb_Combinations|1313884|vc|4|2|nan|4168,0,0,-4.6818e-09,-0.170584,0,0,0,0,2.22045e-15,-2.06896e-07,0,0,False,nan|4168,1313884
130_bNAb_Combinations|1313884|vc|5|2|nan|4168,0,0,3.63162e-09,-0.187009,0,0,0,0,9.99201e-16,2.86735e-07,0,0,False,nan|4168,1313884
130_bNAb_Combinations|1313884|vc|6|2|nan|4168,0,0,7.10869e-10,0.113961,0,0,0,0,-3.33067e-15,2.18417e-07,0,0,False,nan|4168,1313884
130_bNAb_Combinations|1313884|vc|7|2|nan|4168,0,0,-2.61227e-09,-0.30606,0,0,0,0,2.77556e-15,2.1118e-07,0,0,False,nan|4168,1313884
130_bNAb_Combinations|1313884|vc|8|2|nan|4168,0,0,-2.93061e-09,-0.290845,0,0,0,0,-2.22045e-15,-2.56059e-07,0,0,False,nan|4168,1313884
130_bNAb_Combinations|1313920|cc|1|1|nan|1798,0,0,4.26782e-09,-0.391987,0,0,0,0,-2.77556e-15,-2.99802e-07,0,0,False,nan|1798,1313920
130_bNAb_Combinations|1313920|cc|2|1|nan|1798,0,0,-2.46504e-09,-0.0621906,0,0,0,0,8.43769e-15,-3.01155e-07,0,0,False,nan|1798,1313920
130_bNAb_Combinations|1313920|cc|3|1|nan|1798,0,0,8.71578e-09,-0.382631,0,0,0,0,8.88178e-16,2.00273e-07,0,0,False,nan|1798,1313920
130_bNAb_Combinations|1313920|cc|4|1|nan|1798,0,0,3.14577e-09,-0.329069,0,0,0,0,5.21805e-15,-4.98965e-09,0,0,False,nan|1798,1313920
130_bNAb_Combinations|1313920|cc|5|1|nan|1798,0,0,2.26793e-09,0.126204,0,0,0,0,4.32987e-15,-8.1168e-08,0,0,False,nan|1798,1313920
130_bNAb_Combinations|1313920|cc|6|1|nan|1798,0,0,1.29765e-09,0.437969,0,0,0,0,4.88498e-15,1.53614e-07,0,0,False,nan|1798,1313920
130_bNAb_Combinations|1313920|cc|7|1|nan|1798,0,0,1.7254e-09,-0.281347,0,0,0,0,-2.66454e-15,5.33577e-07,0,0,False,nan|1798,1313920
130_bNAb_Combinations|1313920|cc|8|1|nan|1798,0,0,2.05375e-10,-0.19845,0,0,0,0,-4.77396e-15,3.48436e-07,0,0,False,nan|1798,1313920
130_bNAb_Combinations|1313920|sample|10|nan|1798,0,0,2.69618e-09,3.05019,0,0,0,0,-1.44551e-13,3.09086,0,0,True,PGT121|1798,1313920
130_bNAb_Combinations|1313920|sample|11|nan|1798,0,0,5.67442e-09,0.829449,0,0,0,0,6.10623e-15,0.868014,0,0,True,VRC07-523LS|1798,1313920
130_bNAb_Combinations|1313920|sample|12|nan|1798,0,0,4.68843e-09,0.788719,0,0,0,0,2.04059e-13,0.823544,0,0,True,VRC07-523LS|1798,1313920
130_bNAb_Combinations|1313920|sample|3|nan|1798,0,0,4.20972e-09,1.37726,0,0,0,0,1.0103e-13,1.41351,0,0,True,PGDM1400|1798,1313920
130_bNAb_Combinations|1313920|sample|4|nan|1798,0,0,1.33207e-09,1.43533,0,0,0,0,5.19584e-14,1.55147,0,0,True,PGDM1400|1798,1313920
130_bNAb_Combinations|1313920|sample|5|nan|1798,0,0,-7.40291e-09,1.26989,0,0,0,0,-3.55271e-14,1.22143,0,0,True,PGDM1400|1798,1313920
130_bNAb_Combinations|1313920|sample|6|nan|1798,0,0,9.64077e-09,1.43889,0,0,0,0,7.89369e-14,1.45431,0,0,True,PGDM1400|1798,1313920
130_bNAb_Combinations|1313920|sample|7|nan|1798,0,0,-2.49255e-09,2.70586,0,0,0,0,-3.61933e-14,2.79305,0,0,True,PGT121|1798,1313920
130_bNAb_Combinations|1313920|sample|8|nan|1798,0,0,4.35991e-09,2.83332,0,0,0,0,1.6348e-13,2.85602,0,0,True,PGT121|1798,1313920
130_bNAb_Combinations|1313920|sample|9|nan|1798,0,0,4.52262e-10,2.98398,0,0,0,0,-1.58651e-13,3.02611,0,0,True,PGT121|1798,1313920
130_bNAb_Combinations|1313920|vc|1|2|nan|1798,0,0,1.92959e-09,0.149244,0,0,0,0,5.21805e-15,7.24341e-08,0,0,False,nan|1798,1313920
130_bNAb_Combinations|1313920|vc|2|2|nan|1798,0,0,1.4299e-09,-0.364566,0,0,0,0,-2.77556e-15,-1.51553e-07,0,0,False,nan|1798,1313920
130_bNAb_Combinations|1313920|vc|3|2|nan|1798,0,0,6.4287e-10,0.0225694,0,0,0,0,7.43849e-15,-2.66183e-07,0,0,False,nan|1798,1313920
130_bNAb_Combinations|1313920|vc|4|2|nan|1798,0,0,-2.24131e-09,0.0253003,0,0,0,0,-1.39333e-14,-6.95656e-07,0,0,False,nan|1798,1313920
130_bNAb_Combinations|1313920|vc|5|2|nan|1798,0,0,-7.29541e-11,0.143364,0,0,0,0,7.21645e-15,2.07621e-07,0,0,False,nan|1798,1313920
130_bNAb_Combinations|1313920|vc|6|2|nan|1798,0,0,-2.67055e-09,0.094299,0,0,0,0,4.27436e-15,2.27212e-07,0,0,False,nan|1798,1313920
130_bNAb_Combinations|1313920|vc|7|2|nan|1798,0,0,-4.02713e-09,0.292628,0,0,0,0,6.55032e-15,3.24142e-07,0,0,False,nan|1798,1313920
130_bNAb_Combinations|1313920|vc|8|2|nan|1798,0,0,-3.27693e-09,0.164123,0,0,0,0,-7.77156e-16,3.86724e-07,0,0,False,nan|1798,1313920
130_bNAb_Combinations|1313938|cc|1|1|TRO.11|8301,0,0,-5.02258e-10,-0.141979,0,0,0,0,-3.94129e-15,1.66677e-07,0,0,False,nan|TRO.11,1313938
130_bNAb_Combinations|1313938|cc|2|1|TRO.11|8301,0,0,2.73584e-09,0.0719992,0,0,0,0,3.60822e-15,5.19499e-08,0,0,False,nan|TRO.11,1313938
130_bNAb_Combinations|1313938|cc|3|1|TRO.11|8301,0,0,-4.83505e-09,0.138595,0,0,0,0,-2.498e-15,3.31738e-07,0,0,False,nan|TRO.11,1313938
130_bNAb_Combinations|1313938|cc|4|1|TRO.11|8301,0,0,-2.12047e-09,0.225098,0,0,0,0,-2.94209e-15,4.53236e-08,0,0,False,nan|TRO.11,1313938
130_bNAb_Combinations|1313938|cc|5|1|TRO.11|8301,0,0,-3.92772e-10,0.404641,0,0,0,0,-1.44329e-15,2.45144e-07,0,0,False,nan|TRO.11,1313938
130_bNAb_Combinations|1313938|cc|6|1|TRO.11|8301,0,0,-6.49443e-09,-0.224756,0,0,0,0,-9.4369e-16,4.44994e-07,0,0,False,nan|TRO.11,1313938
130_bNAb_Combinations|1313938|cc|7|1|TRO.11|8301,0,0,-1.27818e-09,0.474605,0,0,0,0,-1.32672e-14,-4.13754e-09,0,0,False,nan|TRO.11,1313938
130_bNAb_Combinations|1313938|cc|8|1|TRO.11|8301,0,0,-7.7886e-10,0.144863,0,0,0,0,3.55271e-15,-8.98432e-08,0,0,False,nan|TRO.11,1313938
130_bNAb_Combinations|1313938|sample|10|TRO.11|8301,0,0,2.24623e-09,3.95221,0,0,0,0,8.77076e-15,3.97644,0,0,True,PGT121|TRO.11,1313938
130_bNAb_Combinations|1313938|sample|11|TRO.11|8301,0,0,1.84442e-09,2.13338,0,0,0,0,1.62426e-13,2.14843,0,0,True,VRC07-523LS|TRO.11,1313938
130_bNAb_Combinations|1313938|sample|12|TRO.11|8301,0,0,3.58283e-09,2.20731,0,0,0,0,-1.87406e-13,2.20035,0,0,True,VRC07-523LS|TRO.11,1313938
130_bNAb_Combinations|1313938|sample|3|TRO.11|8301,0,0,-3.59755e-09,0.707015,0,0,0,0,3.06061e-13,0.75154,0,0,True,PGDM1400|TRO.11,1313938
130_bNAb_Combinations|1313938|sample|4|TRO.11|8301,0,0,-2.50116e-09,0.81968,0,0,0,0,8.29892e-14,0.833706,0,0,True,PGDM1400|TRO.11,1313938
130_bNAb_Combinations|1313938|sample|5|TRO.11|8301,0,0,-1.69411e-09,0.850415,0,0,0,0,8.88178e-16,0.877979,0,0,True,PGDM1400|TRO.11,1313938
130_bNAb_Combinations|1313938|sample|6|TRO.11|8301,0,0,-3.95246e-09,0.829659,0,0,0,0,-9.85323e-14,0.861536,0,0,True,PGDM1400|TRO.11,1313938
130_bNAb_Combinations|1313938|sample|7|TRO.11|8301,0,0,-9.63989e-10,3.84966,0,0,0,0,2.83329e-13,3.85039,0,0,True,PGT121|TRO.11,1313938
130_bNAb_Combinations|1313938|sample|8|TRO.11|8301,0,0,-8.64951e-10,3.82958,0,0,0,0,9.07052e-14,3.81685,0,0,True,PGT121|TRO.11,1313938
130_bNAb_Combinations|1313938|sample|9|TRO.11|8301,0,0,-1.51654e-09,4.01031,0,0,0,0,1.0747e-13,4.0166,0,0,True,PGT121|TRO.11,1313938
130_bNAb_Combinations|1313938|vc|1|2|TRO.11|8301,0,0,-3.27903e-09,-0.0813944,0,0,0,0,2.498e-15,-1.69267e-07,0,0,False,nan|TRO.11,1313938
130_bNAb_Combinations|1313938|vc|2|2|TRO.11|8301,0,0,-1.19364e-10,-0.547079,0,0,0,0,-6.10623e-16,2.57521e-07,0,0,False,nan|TRO.11,1313938
130_bNAb_Combinations|1313938|vc|3|2|TRO.11|8301,0,0,-2.66434e-09,-0.0318518,0,0,0,0,-9.27036e-15,-1.40521e-07,0,0,False,nan|TRO.11,1313938
130_bNAb_Combinations|1313938|vc|4|2|TRO.11|8301,0,0,4.46275e-10,0.0990446,0,0,0,0,3.16414e-15,1.61294e-07,0,0,False,nan|TRO.11,1313938
130_bNAb_Combinations|1313938|vc|5|2|TRO.11|8301,0,0,-9.80165e-10,-0.209599,0,0,0,0,-1.06026e-14,-2.94568e-07,0,0,False,nan|TRO.11,1313938
130_bNAb_Combinations|1313938|vc|6|2|TRO.11|8301,0,0,-1.5688e-09,0.0683701,0,0,0,0,-2.27596e-15,2.92773e-07,0,0,False,nan|TRO.11,1313938
130_bNAb_Combinations|1313938|vc|7|2|TRO.11|8301,0,0,-5.63022e-10,0.0604977,0,0,0,0,4.71845e-15,-3.83398e-08,0,0,False,nan|TRO.11,1313938
130_bNAb_Combinations|1313938|vc|8|2|TRO.11|8301,0,0,5.08206e-09,0.181691,0,0,0,0,-1.11577e-14,-1.21185e-08,0,0,False,nan|TRO.11,1313938
130_bNAb_Combinations|1313956|cc|1|1|Ce1176_A3|7023,0,0,6.19156e-09,0.111575,0,0,0,0,5.32907e-15,2.29222e-07,0,0,False,nan|Ce1176_A3,1313956
130_bNAb_Combinations|1313956|cc|2|1|Ce1176_A3|7023,0,0,5.85199e-09,-0.0643686,0,0,0,0,-6.55032e-15,-1.03665e-07,0,0,False,nan|Ce1176_A3,1313956
130_bNAb_Combinations|1313956|cc|3|1|Ce1176_A3|7023,0,0,1.05265e-09,0.17377,0,0,0,0,9.4369e-15,4.08539e-08,0,0,False,nan|Ce1176_A3,1313956
130_bNAb_Combinations|1313956|cc|4|1|Ce1176_A3|7023,0,0,-3.60371e-09,-0.230798,0,0,0,0,-7.88258e-15,4.76049e-08,0,0,False,nan|Ce1176_A3,1313956
130_bNAb_Combinations|1313956|cc|5|1|Ce1176_A3|7023,0,0,3.93339e-09,0.172476,0,0,0,0,-1.43219e-14,3.64636e-07,0,0,False,nan|Ce1176_A3,1313956
130_bNAb_Combinations|1313956|cc|6|1|Ce1176_A3|7023,0,0,5.44221e-09,0.131559,0,0,0,0,5.21805e-15,-1.55159e-07,0,0,False,nan|Ce1176_A3,1313956
130_bNAb_Combinations|1313956|cc|7|1|Ce1176_A3|7023,0,0,1.90065e-09,0.10205,0,0,0,0,2.66454e-15,4.53178e-07,0,0,False,nan|Ce1176_A3,1313956
130_bNAb_Combinations|1313956|cc|8|1|Ce1176_A3|7023,0,0,8.92765e-09,-0.0261511,0,0,0,0,1.22125e-15,1.81952e-07,0,0,False,nan|Ce1176_A3,1313956
130_bNAb_Combinations|1313956|sample|10|Ce1176_A3|7023,0,0,4.35346e-09,3.78044,0,0,0,0,1.29452e-13,3.80822,0,0,True,PGT121|Ce1176_A3,1313956
130_bNAb_Combinations|1313956|sample|11|Ce1176_A3|7023,0,0,4.09474e-09,1.17572,0,0,0,0,-2.51466e-13,1.18177,0,0,True,VRC07-523LS|Ce1176_A3,1313956
130_bNAb_Combinations|1313956|sample|12|Ce1176_A3|7023,0,0,5.23238e-09,1.25926,0,0,0,0,-1.07914e-13,1.27192,0,0,True,VRC07-523LS|Ce1176_A3,1313956
130_bNAb_Combinations|1313956|sample|3|Ce1176_A3|7023,0,0,-1.0176e-08,0.199832,0,0,0,0,8.88178e-15,0.188248,0,0,True,PGDM1400|Ce1176_A3,1313956
130_bNAb_Combinations|1313956|sample|4|Ce1176_A3|7023,0,0,1.5502e-09,0.217511,0,0,0,0,1.62537e-13,0.249726,0,0,True,PGDM1400|Ce1176_A3,1313956
130_bNAb_Combinations|1313956|sample|5|Ce1176_A3|7023,0,0,-1.9563e-09,-0.0681853,0,0,0,0,5.04041e-14,-0.0604708,0,0,True,PGDM1400|Ce1176_A3,1313956
130_bNAb_Combinations|1313956|sample|6|Ce1176_A3|7023,0,0,-3.2317e-09,0.210827,0,0,0,0,7.4829e-14,0.200989,0,0,True,PGDM1400|Ce1176_A3,1313956
130_bNAb_Combinations|1313956|sample|7|Ce1176_A3|7023,0,0,-5.2689e-09,3.69088,0,0,0,0,3.70037e-13,3.68697,0,0,True,PGT121|Ce1176_A3,1313956
130_bNAb_Combinations|1313956|sample|8|Ce1176_A3|7023,0,0,-4.04008e-09,3.59195,0,0,0,0,2.47136e-13,3.6634,0,0,True,PGT121|Ce1176_A3,1313956
130_bNAb_Combinations|1313956|sample|9|Ce1176_A3|7023,0,0,2.74099e-09,3.83477,0,0,0,0,3.01981e-13,3.84856,0,0,True,PGT121|Ce1176_A3,1313956
130_bNAb_Combinations|1313956|vc|1|2|Ce1176_A3|7023,0,0,-2.65983e-09,-0.0618731,0,0,0,0,4.77396e-15,2.06665e-07,0,0,False,nan|Ce1176_A3,1313956
130_bNAb_Combinations|1313956|vc|2|2|Ce1176_A3|7023,0,0,-1.02859e-09,0.282879,0,0,0,0,-5.55112e-15,3.65416e-08,0,0,False,nan|Ce1176_A3,1313956
130_bNAb_Combinations|1313956|vc|3|2|Ce1176_A3|7023,0,0,-8.9595e-09,0.054633,0,0,0,0,3.88578e-15,-3.21862e-07,0,0,False,nan|Ce1176_A3,1313956
130_bNAb_Combinations|1313956|vc|4|2|Ce1176_A3|7023,0,0,-3.68197e-09,-0.107316,0,0,0,0,-6.32827e-15,4.18917e-09,0,0,False,nan|Ce1176_A3,1313956
130_bNAb_Combinations|1313956|vc|5|2|Ce1176_A3|7023,0,0,2.78656e-10,0.0507068,0,0,0,0,0,1.07726e-07,0,0,False,nan|Ce1176_A3,1313956
130_bNAb_Combinations|1313956|vc|6|2|Ce1176_A3|7023,0,0,6.14836e-12,0.480934,0,0,0,0,-5.44009e-15,1.02824e-07,0,0,False,nan|Ce1176_A3,1313956
130_bNAb_Combinations|1313956|vc|7|2|Ce1176_A3|7023,0,0,-1.29475e-09,0.405185,0,0,0,0,3.33067e-16,2.13034e-07,0,0,False,nan|Ce1176_A3,1313956
130_bNAb_Combinations|1313956|vc|8|2|Ce1176_A3|7023,0,0,6.06485e-09,0.0577983,0,0,0,0,-2.66454e-15,-5.45635e-08,0,0,False,nan|Ce1176_A3,1313956
130_bNAb_Combinations|1313974|cc|1|1|nan|1176,0,0,-1.16378e-09,-0.467219,0,0,0,0,-1.33227e-15,-2.60324e-07,0,0,False,nan|1176,1313974
130_bNAb_Combinations|1313974|cc|2|1|nan|1176,0,0,3.33113e-09,-0.271688,0,0,0,0,1.11022e-15,-3.81495e-07,0,0,False,nan|1176,1313974
130_bNAb_Combinations|1313974|cc|3|1|nan|1176,0,0,1.35711e-09,-0.220453,0,0,0,0,6.66134e-16,2.68585e-07,0,0,False,nan|1176,1313974
130_bNAb_Combinations|1313974|cc|4|1|nan|1176,0,0,-1.6552e-10,-0.180245,0,0,0,0,5.10703e-15,-2.28107e-07,0,0,False,nan|1176,1313974
130_bNAb_Combinations|1313974|cc|5|1|nan|1176,0,0,-4.57971e-09,-0.209306,0,0,0,0,4.88498e-15,3.72369e-07,0,0,False,nan|1176,1313974
130_bNAb_Combinations|1313974|cc|6|1|nan|1176,0,0,-3.35317e-10,-0.31076,0,0,0,0,-7.32747e-15,6.52434e-09,0,0,False,nan|1176,1313974
130_bNAb_Combinations|1313974|cc|7|1|nan|1176,0,0,1.34963e-09,0.0156527,0,0,0,0,1.13243e-14,1.68777e-07,0,0,False,nan|1176,1313974
130_bNAb_Combinations|1313974|cc|8|1|nan|1176,0,0,1.2589e-09,-0.0428476,0,0,0,0,8.88178e-15,1.6753e-07,0,0,False,nan|1176,1313974
130_bNAb_Combinations|1313974|sample|10|nan|1176,0,0,-2.02076e-09,-0.258483,0,0,0,0,-8.10463e-15,-0.219123,0,0,True,PGT121|1176,1313974
130_bNAb_Combinations|1313974|sample|11|nan|1176,0,0,8.50783e-09,2.87674,0,0,0,0,1.3517e-13,2.85445,0,0,True,VRC07-523LS|1176,1313974
130_bNAb_Combinations|1313974|sample|12|nan|1176,0,0,-1.48283e-10,3.16875,0,0,0,0,2.09277e-14,3.17825,0,0,True,VRC07-523LS|1176,1313974
130_bNAb_Combinations|1313974|sample|3|nan|1176,0,0,6.87472e-09,4.04251,0,0,0,0,1.2973e-13,4.12372,0,0,True,PGDM1400|1176,1313974
130_bNAb_Combinations|1313974|sample|4|nan|1176,0,0,-5.07221e-09,4.23212,0,0,0,0,1.69698e-13,4.28948,0,0,True,PGDM1400|1176,1313974
130_bNAb_Combinations|1313974|sample|5|nan|1176,0,0,4.43486e-09,3.98756,0,0,0,0,-1.15241e-13,4.02149,0,0,True,PGDM1400|1176,1313974
130_bNAb_Combinations|1313974|sample|6|nan|1176,0,0,8.44425e-09,3.84428,0,0,0,0,-9.39804e-14,3.94796,0,0,True,PGDM1400|1176,1313974
130_bNAb_Combinations|1313974|sample|7|nan|1176,0,0,9.10779e-09,0.0154631,0,0,0,0,6.04516e-14,0.0998787,0,0,True,PGT121|1176,1313974
130_bNAb_Combinations|1313974|sample|8|nan|1176,0,0,7.65242e-09,0.189149,0,0,0,0,-6.91669e-14,0.172868,0,0,True,PGT121|1176,1313974
130_bNAb_Combinations|1313974|sample|9|nan|1176,0,0,4.74835e-09,-0.315453,0,0,0,0,6.10068e-14,-0.28638,0,0,True,PGT121|1176,1313974
130_bNAb_Combinations|1313974|vc|1|2|nan|1176,0,0,-3.43827e-09,0.0192563,0,0,0,0,-4.66294e-15,1.92567e-07,0,0,False,nan|1176,1313974
130_bNAb_Combinations|1313974|vc|2|2|nan|1176,0,0,-4.45737e-09,0.128302,0,0,0,0,-5.10703e-15,3.82928e-07,0,0,False,nan|1176,1313974
130_bNAb_Combinations|1313974|vc|3|2|nan|1176,0,0,-4.82838e-09,0.200416,0,0,0,0,4.66294e-15,1.13805e-07,0,0,False,nan|1176,1313974
130_bNAb_Combinations|1313974|vc|4|2|nan|1176,0,0,-5.76374e-09,-0.0549074,0,0,0,0,-4.66294e-15,2.1719e-07,0,0,False,nan|1176,1313974
130_bNAb_Combinations|1313974|vc|5|2|nan|1176,0,0,2.64948e-09,-0.136341,0,0,0,0,5.9952e-15,3.11988e-07,0,0,False,nan|1176,1313974
130_bNAb_Combinations|1313974|vc|6|2|nan|1176,0,0,3.39569e-09,0.116825,0,0,0,0,-8.88178e-16,-4.61238e-07,0,0,False,nan|1176,1313974
130_bNAb_Combinations|1313974|vc|7|2|nan|1176,0,0,4.71093e-09,0.138501,0,0,0,0,7.77156e-15,1.23143e-07,0,0,False,nan|1176,1313974
130_bNAb_Combinations|1313974|vc|8|2|nan|1176,0,0,-3.03419e-09,0.063457,0,0,0,0,9.32587e-15,7.93893e-08,0,0,False,nan|1176,1313974
130_bNAb_Combinations|1313992|cc|1|1|RHPA4259.7|5371,0,0,7.02808e-09,0.0110307,0,0,0,0,6.66134e-15,-1.02883e-08,0,0,False,nan|RHPA4259.7,1313992
130_bNAb_Combinations|1313992|cc|2|1|RHPA4259.7|5371,0,0,8.75248e-10,-0.0601704,0,0,0,0,-3.33067e-15,-2.88101e-07,0,0,False,nan|RHPA4259.7,1313992
130_bNAb_Combinations|1313992|cc|3|1|RHPA4259.7|5371,0,0,1.20555e-09,-0.16909,0,0,0,0,-2.22045e-15,-1.69515e-07,0,0,False,nan|RHPA4259.7,1313992
130_bNAb_Combinations|1313992|cc|4|1|RHPA4259.7|5371,0,0,-1.00698e-11,-0.0225292,0,0,0,0,-4.88498e-15,-2.58968e-07,0,0,False,nan|RHPA4259.7,1313992
130_bNAb_Combinations|1313992|cc|5|1|RHPA4259.7|5371,0,0,-1.62289e-09,0.133527,0,0,0,0,-2.22045e-16,2.76076e-07,0,0,False,nan|RHPA4259.7,1313992
130_bNAb_Combinations|1313992|cc|6|1|RHPA4259.7|5371,0,0,-1.00745e-09,0.079548,0,0,0,0,1.22125e-14,7.45084e-07,0,0,False,nan|RHPA4259.7,1313992
130_bNAb_Combinations|1313992|cc|7|1|RHPA4259.7|5371,0,0,-2.76684e-09,-0.0415652,0,0,0,0,7.54952e-15,-2.46287e-07,0,0,False,nan|RHPA4259.7,1313992
130_bNAb_Combinations|1313992|cc|8|1|RHPA4259.7|5371,0,0,2.46e-09,-0.208453,0,0,0,0,1.11022e-15,-3.35834e-07,0,0,False,nan|RHPA4259.7,1313992
130_bNAb_Combinations|1313992|sample|10|RHPA4259.7|5371,0,0,6.22345e-09,3.77936,0,0,0,0,3.99458e-13,3.74802,0,0,True,PGT121|RHPA4259.7,1313992
130_bNAb_Combinations|1313992|sample|11|RHPA4259.7|5371,0,0,4.28648e-09,4.03207,0,0,0,0,-2.05225e-13,4.05328,0,0,True,VRC07-523LS|RHPA4259.7,1313992
130_bNAb_Combinations|1313992|sample|12|RHPA4259.7|5371,0,0,-1.43223e-09,3.77451,0,0,0,0,-3.01925e-13,3.77745,0,0,True,VRC07-523LS|RHPA4259.7,1313992
130_bNAb_Combinations|1313992|sample|3|RHPA4259.7|5371,0,0,-3.20369e-10,0.704173,0,0,0,0,-1.72973e-13,0.738246,0,0,True,PGDM1400|RHPA4259.7,1313992
130_bNAb_Combinations|1313992|sample|4|RHPA4259.7|5371,0,0,1.94127e-09,0.716463,0,0,0,0,4.35429e-13,0.720307,0,0,True,PGDM1400|RHPA4259.7,1313992
130_bNAb_Combinations|1313992|sample|5|RHPA4259.7|5371,0,0,2.34197e-09,0.887685,0,0,0,0,-1.55209e-13,0.905022,0,0,True,PGDM1400|RHPA4259.7,1313992
130_bNAb_Combinations|1313992|sample|6|RHPA4259.7|5371,0,0,5.12839e-09,0.876537,0,0,0,0,-9.60343e-14,0.8881,0,0,True,PGDM1400|RHPA4259.7,1313992
130_bNAb_Combinations|1313992|sample|7|RHPA4259.7|5371,0,0,2.73116e-09,3.6928,0,0,0,0,-4.54969e-13,3.75495,0,0,True,PGT121|RHPA4259.7,1313992
130_bNAb_Combinations|1313992|sample|8|RHPA4259.7|5371,0,0,-5.17026e-10,3.59946,0,0,0,0,-2.52021e-13,3.61353,0,0,True,PGT121|RHPA4259.7,1313992
130_bNAb_Combinations|1313992|sample|9|RHPA4259.7|5371,0,0,-5.30285e-09,3.74792,0,0,0,0,-1.12244e-13,3.71166,0,0,True,PGT121|RHPA4259.7,1313992
130_bNAb_Combinations|1313992|vc|1|2|RHPA4259.7|5371,0,0,2.06485e-09,-0.0688851,0,0,0,0,1.11022e-15,-3.80496e-07,0,0,False,nan|RHPA4259.7,1313992
130_bNAb_Combinations|1313992|vc|2|2|RHPA4259.7|5371,0,0,-2.83852e-10,0.0231578,0,0,0,0,-6.66134e-16,2.82413e-07,0,0,False,nan|RHPA4259.7,1313992
130_bNAb_Combinations|1313992|vc|3|2|RHPA4259.7|5371,0,0,1.73781e-09,-0.103044,0,0,0,0,-1.11022e-15,3.32287e-07,0,0,False,nan|RHPA4259.7,1313992
130_bNAb_Combinations|1313992|vc|4|2|RHPA4259.7|5371,0,0,6.55173e-09,0.211845,0,0,0,0,9.10383e-15,9.79662e-08,0,0,False,nan|RHPA4259.7,1313992
130_bNAb_Combinations|1313992|vc|5|2|RHPA4259.7|5371,0,0,-1.36593e-09,-0.293114,0,0,0,0,4.21885e-15,1.27734e-07,0,0,False,nan|RHPA4259.7,1313992
130_bNAb_Combinations|1313992|vc|6|2|RHPA4259.7|5371,0,0,4.77165e-10,-0.163723,0,0,0,0,-6.43929e-15,-9.58569e-08,0,0,False,nan|RHPA4259.7,1313992
130_bNAb_Combinations|1313992|vc|7|2|RHPA4259.7|5371,0,0,-3.32561e-10,0.0376626,0,0,0,0,1.55431e-15,1.30588e-07,0,0,False,nan|RHPA4259.7,1313992
130_bNAb_Combinations|1313992|vc|8|2|RHPA4259.7|5371,0,0,-3.52531e-09,0.567218,0,0,0,0,3.33067e-15,-1.7347e-08,0,0,False,nan|RHPA4259.7,1313992
130_bNAb_Combinations|1314016|cc|1|1|nan|3430,0,0,-4.54369e-09,0.156163,0,0,0,0,1.14908e-14,-3.48422e-07,0,0,False,nan|3430,1314016
130_bNAb_Combinations|1314016|cc|2|1|nan|3430,0,0,3.93862e-09,0.223069,0,0,0,0,-5.44009e-15,1.09224e-07,0,0,False,nan|3430,1314016
130_bNAb_Combinations|1314016|cc|3|1|nan|3430,0,0,5.75243e-09,0.0200668,0,0,0,0,1.17684e-14,1.39588e-07,0,0,False,nan|3430,1314016
130_bNAb_Combinations|1314016|cc|4|1|nan|3430,0,0,4.38442e-09,0.0215441,0,0,0,0,7.77156e-16,3.42743e-07,0,0,False,nan|3430,1314016
130_bNAb_Combinations|1314016|cc|5|1|nan|3430,0,0,2.09435e-09,0.232737,0,0,0,0,6.71685e-15,2.62102e-07,0,0,False,nan|3430,1314016
130_bNAb_Combinations|1314016|cc|6|1|nan|3430,0,0,1.6397e-09,-0.266207,0,0,0,0,6.27276e-15,2.1756e-07,0,0,False,nan|3430,1314016
130_bNAb_Combinations|1314016|cc|7|1|nan|3430,0,0,2.78851e-09,0.126111,0,0,0,0,9.99201e-16,3.88865e-07,0,0,False,nan|3430,1314016
130_bNAb_Combinations|1314016|cc|8|1|nan|3430,0,0,1.49849e-09,-0.104436,0,0,0,0,-7.38298e-15,1.32266e-07,0,0,False,nan|3430,1314016
130_bNAb_Combinations|1314016|sample|10|nan|3430,0,0,1.65713e-09,3.51662,0,0,0,0,-2.59515e-13,3.54989,0,0,True,PGT121|3430,1314016
130_bNAb_Combinations|1314016|sample|11|nan|3430,0,0,4.73856e-09,3.01902,0,0,0,0,-9.30367e-14,3.04281,0,0,True,VRC07-523LS|3430,1314016
130_bNAb_Combinations|1314016|sample|12|nan|3430,0,0,1.66887e-09,3.12959,0,0,0,0,3.44169e-13,3.11138,0,0,True,VRC07-523LS|3430,1314016
130_bNAb_Combinations|1314016|sample|3|nan|3430,0,0,-3.75348e-09,5.9413,0,0,0,0,-6.24084e-14,5.99326,0,0,True,PGDM1400|3430,1314016
130_bNAb_Combinations|1314016|sample|4|nan|3430,0,0,-4.13847e-09,5.86936,0,0,0,0,-1.46647e-13,5.9364,0,0,True,PGDM1400|3430,1314016
130_bNAb_Combinations|1314016|sample|5|nan|3430,0,0,2.58861e-09,6.02945,0,0,0,0,1.42233e-13,6.06515,0,0,True,PGDM1400|3430,1314016
130_bNAb_Combinations|1314016|sample|6|nan|3430,0,0,-1.93937e-09,6.2078,0,0,0,0,1.63904e-13,6.19258,0,0,True,PGDM1400|3430,1314016
130_bNAb_Combinations|1314016|sample|7|nan|3430,0,0,-3.27584e-09,3.23278,0,0,0,0,7.09433e-14,3.25597,0,0,True,PGT121|3430,1314016
130_bNAb_Combinations|1314016|sample|8|nan|3430,0,0,1.76201e-10,3.30015,0,0,0,0,1.01016e-13,3.29787,0,0,True,PGT121|3430,1314016
130_bNAb_Combinations|1314016|sample|9|nan|3430,0,0,-3.97741e-10,3.53808,0,0,0,0,1.12119e-13,3.55464,0,0,True,PGT121|3430,1314016
130_bNAb_Combinations|1314016|vc|1|2|nan|3430,0,0,-4.23984e-10,-0.0471662,0,0,0,0,4.44089e-15,-2.84654e-08,0,0,False,nan|3430,1314016
130_bNAb_Combinations|1314016|vc|2|2|nan|3430,0,0,5.469e-09,-0.183724,0,0,0,0,-6.32827e-15,3.73542e-07,0,0,False,nan|3430,1314016
130_bNAb_Combinations|1314016|vc|3|2|nan|3430,0,0,-3.24882e-09,-0.0948513,0,0,0,0,0,-2.91215e-07,0,0,False,nan|3430,1314016
130_bNAb_Combinations|1314016|vc|4|2|nan|3430,0,0,-1.9321e-10,0.404614,0,0,0,0,3.16414e-15,-2.29824e-07,0,0,False,nan|3430,1314016
130_bNAb_Combinations|1314016|vc|5|2|nan|3430,0,0,4.82039e-10,-0.0123855,0,0,0,0,-2.66454e-15,2.10334e-07,0,0,False,nan|3430,1314016
130_bNAb_Combinations|1314016|vc|6|2|nan|3430,0,0,-1.82929e-09,-0.4875,0,0,0,0,1.55431e-15,-2.55462e-07,0,0,False,nan|3430,1314016
130_bNAb_Combinations|1314016|vc|7|2|nan|3430,0,0,-1.47627e-09,-0.311107,0,0,0,0,-6.55032e-15,4.25423e-07,0,0,False,nan|3430,1314016
130_bNAb_Combinations|1314016|vc|8|2|nan|3430,0,0,3.08372e-09,-0.204083,0,0,0,0,2.83107e-15,-7.24506e-08,0,0,False,nan|3430,1314016
130_bNAb_Combinations|1314040|cc|1|1|nan|4166,0,0,2.26852e-09,0.128797,0,0,0,0,1.17684e-14,-1.00738e-07,0,0,False,nan|4166,1314040
130_bNAb_Combinations|1314040|cc|2|1|nan|4166,0,0,2.32677e-09,-0.0144366,0,0,0,0,7.10543e-15,-1.38463e-07,0,0,False,nan|4166,1314040
130_bNAb_Combinations|1314040|cc|3|1|nan|4166,0,0,-7.01385e-10,0.150532,0,0,0,0,2.22045e-15,-4.6998e-07,0,0,False,nan|4166,1314040
130_bNAb_Combinations|1314040|cc|4|1|nan|4166,0,0,1.38318e-09,-0.0132043,0,0,0,0,3.33067e-16,-2.96124e-07,0,0,False,nan|4166,1314040
130_bNAb_Combinations|1314040|cc|5|1|nan|4166,0,0,7.69398e-10,-0.114612,0,0,0,0,1.88738e-15,4.6029e-07,0,0,False,nan|4166,1314040
130_bNAb_Combinations|1314040|cc|6|1|nan|4166,0,0,-5.50497e-09,-0.139462,0,0,0,0,4.44089e-16,-2.82937e-07,0,0,False,nan|4166,1314040
130_bNAb_Combinations|1314040|cc|7|1|nan|4166,0,0,-9.8116e-10,-0.310121,0,0,0,0,5.21805e-15,1.66816e-07,0,0,False,nan|4166,1314040
130_bNAb_Combinations|1314040|cc|8|1|nan|4166,0,0,-2.13603e-10,0.250626,0,0,0,0,2.55351e-15,-2.75236e-07,0,0,False,nan|4166,1314040
130_bNAb_Combinations|1314040|sample|10|nan|4166,0,0,5.98635e-09,4.56583,0,0,0,0,2.65565e-13,4.56179,0,0,True,PGT121|4166,1314040
130_bNAb_Combinations|1314040|sample|11|nan|4166,0,0,-3.6281e-10,3.92257,0,0,0,0,-2.48357e-13,3.92393,0,0,True,VRC07-523LS|4166,1314040
130_bNAb_Combinations|1314040|sample|12|nan|4166,0,0,-6.14789e-09,4.04126,0,0,0,0,2.44582e-13,4.04404,0,0,True,VRC07-523LS|4166,1314040
130_bNAb_Combinations|1314040|sample|3|nan|4166,0,0,-1.43409e-09,5.42588,0,0,0,0,1.00892e-14,5.42285,0,0,True,PGDM1400|4166,1314040
130_bNAb_Combinations|1314040|sample|4|nan|4166,0,0,-5.37976e-09,5.05658,0,0,0,0,8.46406e-14,5.12353,0,0,True,PGDM1400|4166,1314040
130_bNAb_Combinations|1314040|sample|5|nan|4166,0,0,-5.65477e-09,5.28463,0,0,0,0,7.34673e-14,5.29394,0,0,True,PGDM1400|4166,1314040
130_bNAb_Combinations|1314040|sample|6|nan|4166,0,0,1.19276e-08,5.14643,0,0,0,0,9.52797e-14,5.23841,0,0,True,PGDM1400|4166,1314040
130_bNAb_Combinations|1314040|sample|7|nan|4166,0,0,7.10434e-09,4.16996,0,0,0,0,3.65707e-13,4.27539,0,0,True,PGT121|4166,1314040
130_bNAb_Combinations|1314040|sample|8|nan|4166,0,0,-7.54565e-10,4.2106,0,0,0,0,-1.7375e-13,4.21628,0,0,True,PGT121|4166,1314040
130_bNAb_Combinations|1314040|sample|9|nan|4166,0,0,2.42246e-11,4.30402,0,0,0,0,-2.94209e-14,4.30058,0,0,True,PGT121|4166,1314040
130_bNAb_Combinations|1314040|vc|1|2|nan|4166,0,0,9.80534e-09,-0.00130108,0,0,0,0,2.66454e-15,-4.13697e-08,0,0,False,nan|4166,1314040
130_bNAb_Combinations|1314040|vc|2|2|nan|4166,0,0,-4.9632e-09,0.0544409,0,0,0,0,-3.55271e-15,-2.94292e-07,0,0,False,nan|4166,1314040
130_bNAb_Combinations|1314040|vc|3|2|nan|4166,0,0,2.40907e-09,-0.41317,0,0,0,0,6.66134e-15,-5.14563e-07,0,0,False,nan|4166,1314040
130_bNAb_Combinations|1314040|vc|4|2|nan|4166,0,0,-1.50381e-09,0.150962,0,0,0,0,3.33067e-16,-3.47683e-07,0,0,False,nan|4166,1314040
130_bNAb_Combinations|1314040|vc|5|2|nan|4166,0,0,6.14841e-10,0.0500421,0,0,0,0,2.66454e-15,3.27479e-07,0,0,False,nan|4166,1314040
130_bNAb_Combinations|1314040|vc|6|2|nan|4166,0,0,-4.35598e-09,0.110262,0,0,0,0,-3.33067e-16,4.01575e-07,0,0,False,nan|4166,1314040
130_bNAb_Combinations|1314040|vc|7|2|nan|4166,0,0,4.73786e-10,-0.2047,0,0,0,0,5.55112e-15,-2.39616e-07,0,0,False,nan|4166,1314040
130_bNAb_Combinations|1314040|vc|8|2|nan|4166,0,0,9.75217e-10,0.141603,0,0,0,0,4.88498e-15,-3.52723e-08,0,0,False,nan|4166,1314040
130_bNAb_Combinations|1314058|cc|1|1|nan|2944,0,0,-4.58305e-10,-0.124063,0,0,0,0,1.22125e-15,-4.03507e-07,0,0,False,nan|2944,1314058
130_bNAb_Combinations|1314058|cc|2|1|nan|2944,0,0,-4.51516e-09,-0.210101,0,0,0,0,2.16493e-15,1.73682e-07,0,0,False,nan|2944,1314058
130_bNAb_Combinations|1314058|cc|3|1|nan|2944,0,0,3.75865e-10,-0.0539429,0,0,0,0,-2.498e-15,2.43717e-07,0,0,False,nan|2944,1314058
130_bNAb_Combinations|1314058|cc|4|1|nan|2944,0,0,-2.92795e-10,-0.281619,0,0,0,0,3.71925e-15,-2.94549e-07,0,0,False,nan|2944,1314058
130_bNAb_Combinations|1314058|cc|5|1|nan|2944,0,0,-6.00967e-09,0.0337821,0,0,0,0,-4.60743e-15,-9.5999e-08,0,0,False,nan|2944,1314058
130_bNAb_Combinations|1314058|cc|6|1|nan|2944,0,0,-6.47891e-09,0.190526,0,0,0,0,3.9968e-15,-1.85111e-07,0,0,False,nan|2944,1314058
130_bNAb_Combinations|1314058|cc|7|1|nan|2944,0,0,3.61176e-09,0.0101189,0,0,0,0,-2.22045e-16,-2.85654e-07,0,0,False,nan|2944,1314058
130_bNAb_Combinations|1314058|cc|8|1|nan|2944,0,0,-1.35461e-09,0.316546,0,0,0,0,1.16573e-15,5.86121e-07,0,0,False,nan|2944,1314058
130_bNAb_Combinations|1314058|sample|10|nan|2944,0,0,-1.19484e-08,4.4525,0,0,0,0,-1.35614e-13,4.46397,0,0,True,PGT121|2944,1314058
130_bNAb_Combinations|1314058|sample|11|nan|2944,0,0,-3.09411e-09,2.45039,0,0,0,0,-1.25844e-13,2.4717,0,0,True,VRC07-523LS|2944,1314058
130_bNAb_Combinations|1314058|sample|12|nan|2944,0,0,9.67836e-10,2.45975,0,0,0,0,-2.75224e-13,2.45997,0,0,True,VRC07-523LS|2944,1314058
130_bNAb_Combinations|1314058|sample|3|nan|2944,0,0,1.15259e-08,6.42453,0,0,0,0,1.57957e-13,6.38892,0,0,True,PGDM1400|2944,1314058
130_bNAb_Combinations|1314058|sample|4|nan|2944,0,0,2.2747e-09,6.59337,0,0,0,0,-6.35603e-15,6.45649,0,0,True,PGDM1400|2944,1314058
130_bNAb_Combinations|1314058|sample|5|nan|2944,0,0,-7.54314e-09,6.57947,0,0,0,0,-3.38396e-13,6.5852,0,0,True,PGDM1400|2944,1314058
130_bNAb_Combinations|1314058|sample|6|nan|2944,0,0,-3.06933e-09,6.85137,0,0,0,0,1.24012e-13,6.8857,0,0,True,PGDM1400|2944,1314058
130_bNAb_Combinations|1314058|sample|7|nan|2944,0,0,-2.59135e-09,4.5638,0,0,0,0,-8.75966e-14,4.54319,0,0,True,PGT121|2944,1314058
130_bNAb_Combinations|1314058|sample|8|nan|2944,0,0,-3.20315e-09,4.33222,0,0,0,0,-5.4956e-14,4.31243,0,0,True,PGT121|2944,1314058
130_bNAb_Combinations|1314058|sample|9|nan|2944,0,0,6.5276e-09,4.61349,0,0,0,0,1.26177e-13,4.57799,0,0,True,PGT121|2944,1314058
130_bNAb_Combinations|1314058|vc|1|2|nan|2944,0,0,2.2135e-09,-0.263723,0,0,0,0,1.38778e-14,-6.22791e-08,0,0,False,nan|2944,1314058
130_bNAb_Combinations|1314058|vc|2|2|nan|2944,0,0,-4.57185e-09,0.0807009,0,0,0,0,-4.44089e-15,1.12982e-07,0,0,False,nan|2944,1314058
130_bNAb_Combinations|1314058|vc|3|2|nan|2944,0,0,-2.21262e-10,0.321378,0,0,0,0,5.82867e-15,1.77401e-07,0,0,False,nan|2944,1314058
130_bNAb_Combinations|1314058|vc|4|2|nan|2944,0,0,-4.93708e-10,-0.172563,0,0,0,0,0,4.62229e-07,0,0,False,nan|2944,1314058
130_bNAb_Combinations|1314058|vc|5|2|nan|2944,0,0,-2.60676e-09,-0.0884078,0,0,0,0,2.498e-15,2.22719e-07,0,0,False,nan|2944,1314058
130_bNAb_Combinations|1314058|vc|6|2|nan|2944,0,0,-6.26127e-09,0.175347,0,0,0,0,2.16493e-15,3.79081e-07,0,0,False,nan|2944,1314058
130_bNAb_Combinations|1314058|vc|7|2|nan|2944,0,0,2.95896e-09,-0.18081,0,0,0,0,9.9365e-15,1.01513e-07,0,0,False,nan|2944,1314058
130_bNAb_Combinations|1314058|vc|8|2|nan|2944,0,0,4.91356e-09,0.222253,0,0,0,0,-1.83187e-15,-2.32398e-07,0,0,False,nan|2944,1314058
130_bNAb_Combinations|1342240|cc|1|1|nan|1798,0,0,-3.81713e-09,-0.246327,0,0,0,0,-3.9968e-15,-4.66771e-07,0,0,False,nan|1798,1342240
130_bNAb_Combinations|1342240|cc|2|1|nan|1798,0,0,-1.73702e-09,0.165811,0,0,0,0,-3.77476e-15,-1.6023e-07,0,0,False,nan|1798,1342240
130_bNAb_Combinations|1342240|cc|3|1|nan|1798,0,0,4.11828e-09,-0.151884,0,0,0,0,-3.05311e-15,-4.09712e-07,0,0,False,nan|1798,1342240
130_bNAb_Combinations|1342240|cc|4|1|nan|1798,0,0,-1.0274e-08,0.0241692,0,0,0,0,-4.16334e-15,-2.9927e-07,0,0,False,nan|1798,1342240
130_bNAb_Combinations|1342240|cc|5|1|nan|1798,0,0,5.69359e-09,-0.339432,0,0,0,0,-3.33067e-16,1.84332e-07,0,0,False,nan|1798,1342240
130_bNAb_Combinations|1342240|cc|6|1|nan|1798,0,0,2.24954e-09,0.085966,0,0,0,0,-7.43849e-15,3.42799e-07,0,0,False,nan|1798,1342240
130_bNAb_Combinations|1342240|cc|7|1|nan|1798,0,0,6.93489e-09,-0.109546,0,0,0,0,-8.77076e-15,1.27355e-07,0,0,False,nan|1798,1342240
130_bNAb_Combinations|1342240|cc|8|1|nan|1798,0,0,3.74275e-09,0.645156,0,0,0,0,8.10463e-15,2.83828e-07,0,0,False,nan|1798,1342240
130_bNAb_Combinations|1342240|sample|10|nan|1798,0,0,-4.21645e-10,1.78108,0,0,0,0,-4.4631e-14,1.79405,0,0,True,PGT121 + VRC07-523LS|1798,1342240
130_bNAb_Combinations|1342240|sample|11|nan|1798,0,0,-5.27937e-09,2.09418,0,0,0,0,2.11609e-13,2.14125,0,0,True,PGT121 + VRC07-523LS|1798,1342240
130_bNAb_Combinations|1342240|sample|12|nan|1798,0,0,1.39227e-09,2.12447,0,0,0,0,-1.29452e-13,2.13266,0,0,True,PGT121 + VRC07-523LS|1798,1342240
130_bNAb_Combinations|1342240|sample|3|nan|1798,0,0,-7.06938e-09,0.627734,0,0,0,0,-3.4861e-13,0.64047,0,0,True,VRC07-523LS|1798,1342240
130_bNAb_Combinations|1342240|sample|4|nan|1798,0,0,-6.12077e-09,0.644553,0,0,0,0,-2.4003e-13,0.677291,0,0,True,VRC07-523LS|1798,1342240
130_bNAb_Combinations|1342240|sample|5|nan|1798,0,0,-6.75478e-10,1.1833,0,0,0,0,-1.27065e-13,1.2011,0,0,True,PGDM1400 + VRC07-523LS|1798,1342240
130_bNAb_Combinations|1342240|sample|6|nan|1798,0,0,7.08726e-09,1.14884,0,0,0,0,-2.35867e-13,1.21678,0,0,True,PGDM1400 + VRC07-523LS|1798,1342240
130_bNAb_Combinations|1342240|sample|7|nan|1798,0,0,6.75252e-09,1.41593,0,0,0,0,-2.51077e-13,1.4432,0,0,True,PGDM1400 + VRC07-523LS|1798,1342240
130_bNAb_Combinations|1342240|sample|8|nan|1798,0,0,-6.27018e-09,1.3965,0,0,0,0,9.10383e-14,1.46224,0,0,True,PGDM1400 + VRC07-523LS|1798,1342240
130_bNAb_Combinations|1342240|sample|9|nan|1798,0,0,1.58729e-09,1.63455,0,0,0,0,-2.43583e-13,1.64041,0,0,True,PGT121 + VRC07-523LS|1798,1342240
130_bNAb_Combinations|1342240|vc|1|2|nan|1798,0,0,4.64139e-09,-0.253785,0,0,0,0,3.77476e-15,2.86757e-07,0,0,False,nan|1798,1342240
130_bNAb_Combinations|1342240|vc|2|2|nan|1798,0,0,3.97096e-09,-0.153689,0,0,0,0,2.33147e-15,-3.44986e-07,0,0,False,nan|1798,1342240
130_bNAb_Combinations|1342240|vc|3|2|nan|1798,0,0,1.20969e-09,-0.243855,0,0,0,0,4.10783e-15,-1.28286e-07,0,0,False,nan|1798,1342240
130_bNAb_Combinations|1342240|vc|4|2|nan|1798,0,0,1.63366e-09,0.0382334,0,0,0,0,4.4964e-15,4.18761e-07,0,0,False,nan|1798,1342240
130_bNAb_Combinations|1342240|vc|5|2|nan|1798,0,0,2.06285e-09,0.107308,0,0,0,0,-5.66214e-15,-1.40402e-08,0,0,False,nan|1798,1342240
130_bNAb_Combinations|1342240|vc|6|2|nan|1798,0,0,5.56206e-10,0.198912,0,0,0,0,-4.996e-16,-2.95388e-07,0,0,False,nan|1798,1342240
130_bNAb_Combinations|1342240|vc|7|2|nan|1798,0,0,-2.68663e-09,-0.299162,0,0,0,0,1.09912e-14,8.18199e-08,0,0,False,nan|1798,1342240
130_bNAb_Combinations|1342240|vc|8|2|nan|1798,0,0,-2.07159e-09,-0.107114,0,0,0,0,-8.88178e-16,-6.49647e-07,0,0,False,nan|1798,1342240
130_bNAb_Combinations|1342258|cc|1|1|TRO.11|8301,0,0,3.69136e-10,-0.113791,0,0,0,0,-8.88178e-16,5.48937e-07,0,0,False,nan|TRO.11,1342258
130_bNAb_Combinations|1342258|cc|2|1|TRO.11|8301,0,0,-6.27277e-09,0.377964,0,0,0,0,-2.83107e-15,2.59153e-07,0,0,False,nan|TRO.11,1342258
130_bNAb_Combinations|1342258|cc|3|1|TRO.11|8301,0,0,4.79001e-09,-0.275951,0,0,0,0,2.38698e-15,-1.38766e-07,0,0,False,nan|TRO.11,1342258
130_bNAb_Combinations|1342258|cc|4|1|TRO.11|8301,0,0,-2.38055e-09,-0.172826,0,0,0,0,-6.10623e-16,2.16138e-07,0,0,False,nan|TRO.11,1342258
130_bNAb_Combinations|1342258|cc|5|1|TRO.11|8301,0,0,6.07099e-09,0.309595,0,0,0,0,-5.16254e-15,-2.92649e-07,0,0,False,nan|TRO.11,1342258
130_bNAb_Combinations|1342258|cc|6|1|TRO.11|8301,0,0,-5.80126e-09,0.263717,0,0,0,0,-7.04992e-15,-1.73935e-07,0,0,False,nan|TRO.11,1342258
130_bNAb_Combinations|1342258|cc|7|1|TRO.11|8301,0,0,-2.96179e-09,-0.137485,0,0,0,0,9.21485e-15,2.83412e-07,0,0,False,nan|TRO.11,1342258
130_bNAb_Combinations|1342258|cc|8|1|TRO.11|8301,0,0,-7.8371e-10,0.230972,0,0,0,0,-6.38378e-15,-2.76813e-07,0,0,False,nan|TRO.11,1342258
130_bNAb_Combinations|1342258|sample|10|TRO.11|8301,0,0,2.9871e-09,2.88359,0,0,0,0,-4.70735e-14,2.89261,0,0,True,PGT121 + VRC07-523LS|TRO.11,1342258
130_bNAb_Combinations|1342258|sample|11|TRO.11|8301,0,0,1.12557e-08,3.28016,0,0,0,0,1.5693e-13,3.3012,0,0,True,PGT121 + VRC07-523LS|TRO.11,1342258
130_bNAb_Combinations|1342258|sample|12|TRO.11|8301,0,0,-5.31034e-09,3.51714,0,0,0,0,-2.47802e-13,3.49032,0,0,True,PGT121 + VRC07-523LS|TRO.11,1342258
130_bNAb_Combinations|1342258|sample|3|TRO.11|8301,0,0,-5.88474e-09,2.0988,0,0,0,0,-3.28626e-14,2.14792,0,0,True,VRC07-523LS|TRO.11,1342258
130_bNAb_Combinations|1342258|sample|4|TRO.11|8301,0,0,-4.72961e-09,2.06169,0,0,0,0,-3.16192e-13,2.0524,0,0,True,VRC07-523LS|TRO.11,1342258
130_bNAb_Combinations|1342258|sample|5|TRO.11|8301,0,0,1.6269e-09,1.97177,0,0,0,0,-3.34177e-14,1.99392,0,0,True,PGDM1400 + VRC07-523LS|TRO.11,1342258
130_bNAb_Combinations|1342258|sample|6|TRO.11|8301,0,0,-1.46237e-09,1.97951,0,0,0,0,8.43769e-15,1.95722,0,0,True,PGDM1400 + VRC07-523LS|TRO.11,1342258
130_bNAb_Combinations|1342258|sample|7|TRO.11|8301,0,0,-6.81221e-09,1.96544,0,0,0,0,-1.66422e-13,1.98671,0,0,True,PGDM1400 + VRC07-523LS|TRO.11,1342258
130_bNAb_Combinations|1342258|sample|8|TRO.11|8301,0,0,3.75094e-09,1.97379,0,0,0,0,2.72005e-13,1.96618,0,0,True,PGDM1400 + VRC07-523LS|TRO.11,1342258
130_bNAb_Combinations|1342258|sample|9|TRO.11|8301,0,0,1.20096e-09,2.7897,0,0,0,0,-1.97009e-13,2.8287,0,0,True,PGT121 + VRC07-523LS|TRO.11,1342258
130_bNAb_Combinations|1342258|vc|1|2|TRO.11|8301,0,0,-4.53955e-09,0.177096,0,0,0,0,4.32987e-15,2.13696e-08,0,0,False,nan|TRO.11,1342258
130_bNAb_Combinations|1342258|vc|2|2|TRO.11|8301,0,0,1.67556e-09,0.264035,0,0,0,0,2.9976e-15,2.59209e-07,0,0,False,nan|TRO.11,1342258
130_bNAb_Combinations|1342258|vc|3|2|TRO.11|8301,0,0,5.27174e-09,0.0626311,0,0,0,0,-1.06581e-14,1.21165e-07,0,0,False,nan|TRO.11,1342258
130_bNAb_Combinations|1342258|vc|4|2|TRO.11|8301,0,0,2.12698e-09,0.0657141,0,0,0,0,4.82947e-15,-1.53127e-08,0,0,False,nan|TRO.11,1342258
130_bNAb_Combinations|1342258|vc|5|2|TRO.11|8301,0,0,5.72309e-09,-0.0905173,0,0,0,0,5.4956e-15,-2.21915e-07,0,0,False,nan|TRO.11,1342258
130_bNAb_Combinations|1342258|vc|6|2|TRO.11|8301,0,0,-8.81704e-10,0.450772,0,0,0,0,7.21645e-16,-3.24897e-07,0,0,False,nan|TRO.11,1342258
130_bNAb_Combinations|1342258|vc|7|2|TRO.11|8301,0,0,-1.62715e-09,-0.0772384,0,0,0,0,-4.71845e-15,-1.11717e-07,0,0,False,nan|TRO.11,1342258
130_bNAb_Combinations|1342258|vc|8|2|TRO.11|8301,0,0,-2.2289e-09,0.0216617,0,0,0,0,-2.94209e-15,-3.90863e-07,0,0,False,nan|TRO.11,1342258
130_bNAb_Combinations|1342276|cc|1|1|Ce1176_A3|7023,0,0,-7.39837e-11,-0.268565,0,0,0,0,3.33067e-15,3.33542e-07,0,0,False,nan|Ce1176_A3,1342276
130_bNAb_Combinations|1342276|cc|2|1|Ce1176_A3|7023,0,0,-1.91746e-09,0.321877,0,0,0,0,-5.55112e-15,-1.30687e-07,0,0,False,nan|Ce1176_A3,1342276
130_bNAb_Combinations|1342276|cc|3|1|Ce1176_A3|7023,0,0,1.06867e-09,0.0982139,0,0,0,0,1.0103e-14,-1.49021e-07,0,0,False,nan|Ce1176_A3,1342276
130_bNAb_Combinations|1342276|cc|4|1|Ce1176_A3|7023,0,0,-2.94519e-09,-0.304518,0,0,0,0,-7.43849e-15,-3.52548e-07,0,0,False,nan|Ce1176_A3,1342276
130_bNAb_Combinations|1342276|cc|5|1|Ce1176_A3|7023,0,0,-1.7026e-09,-0.252882,0,0,0,0,-8.65974e-15,6.00581e-07,0,0,False,nan|Ce1176_A3,1342276
130_bNAb_Combinations|1342276|cc|6|1|Ce1176_A3|7023,0,0,2.84695e-09,-0.43781,0,0,0,0,-9.88098e-15,-5.32461e-08,0,0,False,nan|Ce1176_A3,1342276
130_bNAb_Combinations|1342276|cc|7|1|Ce1176_A3|7023,0,0,-3.51979e-10,-0.141509,0,0,0,0,7.43849e-15,-6.94677e-08,0,0,False,nan|Ce1176_A3,1342276
130_bNAb_Combinations|1342276|cc|8|1|Ce1176_A3|7023,0,0,3.04654e-09,0.190182,0,0,0,0,-7.43849e-15,3.28296e-07,0,0,False,nan|Ce1176_A3,1342276
130_bNAb_Combinations|1342276|sample|10|Ce1176_A3|7023,0,0,-5.47342e-10,2.32466,0,0,0,0,1.33671e-13,2.36925,0,0,True,PGT121 + VRC07-523LS|Ce1176_A3,1342276
130_bNAb_Combinations|1342276|sample|11|Ce1176_A3|7023,0,0,9.94727e-09,2.84067,0,0,0,0,1.77192e-13,2.8546,0,0,True,PGT121 + VRC07-523LS|Ce1176_A3,1342276
130_bNAb_Combinations|1342276|sample|12|Ce1176_A3|7023,0,0,-6.31794e-09,3.11267,0,0,0,0,-1.3789e-13,3.06981,0,0,True,PGT121 + VRC07-523LS|Ce1176_A3,1342276
130_bNAb_Combinations|1342276|sample|3|Ce1176_A3|7023,0,0,-7.35145e-09,1.01413,0,0,0,0,-5.11813e-14,1.0119,0,0,True,VRC07-523LS|Ce1176_A3,1342276
130_bNAb_Combinations|1342276|sample|4|Ce1176_A3|7023,0,0,-6.37641e-10,0.978192,0,0,0,0,8.37108e-14,0.970933,0,0,True,VRC07-523LS|Ce1176_A3,1342276
130_bNAb_Combinations|1342276|sample|5|Ce1176_A3|7023,0,0,-6.33408e-09,1.4108,0,0,0,0,2.06668e-13,1.43028,0,0,True,PGDM1400 + VRC07-523LS|Ce1176_A3,1342276
130_bNAb_Combinations|1342276|sample|6|Ce1176_A3|7023,0,0,1.20432e-09,1.39174,0,0,0,0,3.41394e-14,1.42183,0,0,True,PGDM1400 + VRC07-523LS|Ce1176_A3,1342276
130_bNAb_Combinations|1342276|sample|7|Ce1176_A3|7023,0,0,5.03375e-09,1.36901,0,0,0,0,-1.98896e-13,1.37937,0,0,True,PGDM1400 + VRC07-523LS|Ce1176_A3,1342276
130_bNAb_Combinations|1342276|sample|8|Ce1176_A3|7023,0,0,8.61502e-09,1.45566,0,0,0,0,-9.99201e-16,1.47935,0,0,True,PGDM1400 + VRC07-523LS|Ce1176_A3,1342276
130_bNAb_Combinations|1342276|sample|9|Ce1176_A3|7023,0,0,8.00347e-10,2.36624,0,0,0,0,3.71148e-13,2.3434,0,0,True,PGT121 + VRC07-523LS|Ce1176_A3,1342276
130_bNAb_Combinations|1342276|vc|1|2|Ce1176_A3|7023,0,0,1.67221e-09,0.476665,0,0,0,0,4.44089e-16,-2.8725e-07,0,0,False,nan|Ce1176_A3,1342276
130_bNAb_Combinations|1342276|vc|2|2|Ce1176_A3|7023,0,0,-3.11908e-09,0.0633497,0,0,0,0,-5.88418e-15,-1.60912e-07,0,0,False,nan|Ce1176_A3,1342276
130_bNAb_Combinations|1342276|vc|3|2|Ce1176_A3|7023,0,0,-6.17224e-09,-0.199098,0,0,0,0,-7.88258e-15,-3.09669e-07,0,0,False,nan|Ce1176_A3,1342276
130_bNAb_Combinations|1342276|vc|4|2|Ce1176_A3|7023,0,0,4.64064e-09,0.35646,0,0,0,0,5.66214e-15,-3.64363e-07,0,0,False,nan|Ce1176_A3,1342276
130_bNAb_Combinations|1342276|vc|5|2|Ce1176_A3|7023,0,0,1.03802e-08,-0.127203,0,0,0,0,-1.77636e-15,2.04443e-07,0,0,False,nan|Ce1176_A3,1342276
130_bNAb_Combinations|1342276|vc|6|2|Ce1176_A3|7023,0,0,5.6793e-09,-0.196067,0,0,0,0,1.66533e-15,-2.2401e-07,0,0,False,nan|Ce1176_A3,1342276
130_bNAb_Combinations|1342276|vc|7|2|Ce1176_A3|7023,0,0,2.83665e-09,0.203683,0,0,0,0,1.66533e-15,-2.68007e-07,0,0,False,nan|Ce1176_A3,1342276
130_bNAb_Combinations|1342276|vc|8|2|Ce1176_A3|7023,0,0,-2.6636e-09,-0.27567,0,0,0,0,1.22125e-15,-2.63242e-07,0,0,False,nan|Ce1176_A3,1342276
130_bNAb_Combinations|1342294|cc|1|1|nan|1176,0,0,5.07106e-09,-0.0424928,0,0,0,0,-1.11022e-15,3.28867e-07,0,0,False,nan|1176,1342294
130_bNAb_Combinations|1342294|cc|2|1|nan|1176,0,0,2.05925e-09,0.312965,0,0,0,0,-1.9984e-15,8.573e-08,0,0,False,nan|1176,1342294
130_bNAb_Combinations|1342294|cc|3|1|nan|1176,0,0,-5.04632e-09,0.208862,0,0,0,0,-5.55112e-15,2.24333e-08,0,0,False,nan|1176,1342294
130_bNAb_Combinations|1342294|cc|4|1|nan|1176,0,0,-5.40608e-09,0.0323643,0,0,0,0,1.9984e-15,2.66606e-07,0,0,False,nan|1176,1342294
130_bNAb_Combinations|1342294|cc|5|1|nan|1176,0,0,5.3889e-11,0.42213,0,0,0,0,-1.55431e-15,1.95101e-07,0,0,False,nan|1176,1342294
130_bNAb_Combinations|1342294|cc|6|1|nan|1176,0,0,4.24273e-09,0.156515,0,0,0,0,1.55431e-15,3.37141e-07,0,0,False,nan|1176,1342294
130_bNAb_Combinations|1342294|cc|7|1|nan|1176,0,0,-1.17645e-09,-0.017493,0,0,0,0,-3.9968e-15,-3.06417e-08,0,0,False,nan|1176,1342294
130_bNAb_Combinations|1342294|cc|8|1|nan|1176,0,0,3.89424e-09,0.0644005,0,0,0,0,-3.33067e-15,-4.45934e-07,0,0,False,nan|1176,1342294
130_bNAb_Combinations|1342294|sample|10|nan|1176,0,0,-8.67481e-09,2.62581,0,0,0,0,2.11692e-13,2.68098,0,0,True,PGT121 + VRC07-523LS|1176,1342294
130_bNAb_Combinations|1342294|sample|11|nan|1176,0,0,-4.2824e-09,2.73271,0,0,0,0,1.94678e-13,2.7515,0,0,True,PGT121 + VRC07-523LS|1176,1342294
130_bNAb_Combinations|1342294|sample|12|nan|1176,0,0,-4.87481e-09,3.0317,0,0,0,0,-3.91104e-13,2.96195,0,0,True,PGT121 + VRC07-523LS|1176,1342294
130_bNAb_Combinations|1342294|sample|3|nan|1176,0,0,-1.33791e-08,3.16944,0,0,0,0,-2.18159e-14,3.19442,0,0,True,VRC07-523LS|1176,1342294
130_bNAb_Combinations|1342294|sample|4|nan|1176,0,0,2.92358e-09,2.99936,0,0,0,0,-4.40203e-14,3.01437,0,0,True,VRC07-523LS|1176,1342294
130_bNAb_Combinations|1342294|sample|5|nan|1176,0,0,-4.57352e-09,3.26285,0,0,0,0,5.83977e-14,3.21378,0,0,True,PGDM1400 + VRC07-523LS|1176,1342294
130_bNAb_Combinations|1342294|sample|6|nan|1176,0,0,-7.41378e-09,3.38056,0,0,0,0,-1.0747e-13,3.37743,0,0,True,PGDM1400 + VRC07-523LS|1176,1342294
130_bNAb_Combinations|1342294|sample|7|nan|1176,0,0,8.96983e-10,3.56418,0,0,0,0,3.14082e-13,3.59156,0,0,True,PGDM1400 + VRC07-523LS|1176,1342294
130_bNAb_Combinations|1342294|sample|8|nan|1176,0,0,2.33356e-09,3.39878,0,0,0,0,-1.88738e-15,3.38493,0,0,True,PGDM1400 + VRC07-523LS|1176,1342294
130_bNAb_Combinations|1342294|sample|9|nan|1176,0,0,7.29164e-09,2.67106,0,0,0,0,-1.40832e-13,2.71327,0,0,True,PGT121 + VRC07-523LS|1176,1342294
130_bNAb_Combinations|1342294|vc|1|2|nan|1176,0,0,2.96512e-09,-0.437786,0,0,0,0,-2.66454e-15,-3.15544e-07,0,0,False,nan|1176,1342294
130_bNAb_Combinations|1342294|vc|2|2|nan|1176,0,0,3.64295e-09,-0.0531637,0,0,0,0,7.77156e-15,2.04483e-07,0,0,False,nan|1176,1342294
130_bNAb_Combinations|1342294|vc|3|2|nan|1176,0,0,-4.77263e-09,-0.0956683,0,0,0,0,-1.11022e-15,3.06453e-07,0,0,False,nan|1176,1342294
130_bNAb_Combinations|1342294|vc|4|2|nan|1176,0,0,7.21196e-10,-0.188587,0,0,0,0,1.33227e-15,-2.43501e-07,0,0,False,nan|1176,1342294
130_bNAb_Combinations|1342294|vc|5|2|nan|1176,0,0,-2.77014e-09,0.136571,0,0,0,0,-5.10703e-15,9.47135e-08,0,0,False,nan|1176,1342294
130_bNAb_Combinations|1342294|vc|6|2|nan|1176,0,0,-3.11902e-09,0.000330066,0,0,0,0,-8.21565e-15,4.24831e-13,0,0,False,nan|1176,1342294
130_bNAb_Combinations|1342294|vc|7|2|nan|1176,0,0,-3.03332e-09,-0.170602,0,0,0,0,3.77476e-15,2.76887e-09,0,0,False,nan|1176,1342294
130_bNAb_Combinations|1342294|vc|8|2|nan|1176,0,0,-3.77982e-10,0.224682,0,0,0,0,9.10383e-15,-2.99741e-08,0,0,False,nan|1176,1342294
130_bNAb_Combinations|1342312|cc|1|1|RHPA4259.7|5371,0,0,-4.05737e-09,-0.181623,0,0,0,0,8.43769e-15,3.26669e-07,0,0,False,nan|RHPA4259.7,1342312
130_bNAb_Combinations|1342312|cc|2|1|RHPA4259.7|5371,0,0,1.0318e-09,-0.28533,0,0,0,0,-9.99201e-15,-2.18499e-07,0,0,False,nan|RHPA4259.7,1342312
130_bNAb_Combinations|1342312|cc|3|1|RHPA4259.7|5371,0,0,-5.95122e-10,-0.105097,0,0,0,0,-1.11022e-15,-3.84018e-07,0,0,False,nan|RHPA4259.7,1342312
130_bNAb_Combinations|1342312|cc|4|1|RHPA4259.7|5371,0,0,5.98045e-09,-0.110042,0,0,0,0,9.76996e-15,4.7209e-08,0,0,False,nan|RHPA4259.7,1342312
130_bNAb_Combinations|1342312|cc|5|1|RHPA4259.7|5371,0,0,5.54885e-09,-0.056468,0,0,0,0,-3.33067e-15,-4.06032e-07,0,0,False,nan|RHPA4259.7,1342312
130_bNAb_Combinations|1342312|cc|6|1|RHPA4259.7|5371,0,0,7.38362e-10,0.210736,0,0,0,0,-2.66454e-15,3.37203e-07,0,0,False,nan|RHPA4259.7,1342312
130_bNAb_Combinations|1342312|cc|7|1|RHPA4259.7|5371,0,0,-5.83111e-09,0.301541,0,0,0,0,-6.66134e-16,-3.09625e-07,0,0,False,nan|RHPA4259.7,1342312
130_bNAb_Combinations|1342312|cc|8|1|RHPA4259.7|5371,0,0,-4.00516e-09,-0.303851,0,0,0,0,5.9952e-15,-1.04157e-07,0,0,False,nan|RHPA4259.7,1342312
130_bNAb_Combinations|1342312|sample|10|RHPA4259.7|5371,0,0,2.91656e-09,3.65198,0,0,0,0,4.02511e-13,3.65201,0,0,True,PGT121 + VRC07-523LS|RHPA4259.7,1342312
130_bNAb_Combinations|1342312|sample|11|RHPA4259.7|5371,0,0,-4.4695e-09,4.00037,0,0,0,0,1.62759e-13,3.99989,0,0,True,PGT121 + VRC07-523LS|RHPA4259.7,1342312
130_bNAb_Combinations|1342312|sample|12|RHPA4259.7|5371,0,0,-1.11654e-09,3.99544,0,0,0,0,3.59157e-14,4.00157,0,0,True,PGT121 + VRC07-523LS|RHPA4259.7,1342312
130_bNAb_Combinations|1342312|sample|3|RHPA4259.7|5371,0,0,9.22387e-09,3.45272,0,0,0,0,1.06637e-13,3.46601,0,0,True,VRC07-523LS|RHPA4259.7,1342312
130_bNAb_Combinations|1342312|sample|4|RHPA4259.7|5371,0,0,-8.3845e-09,3.5099,0,0,0,0,-5.96745e-14,3.55207,0,0,True,VRC07-523LS|RHPA4259.7,1342312
130_bNAb_Combinations|1342312|sample|5|RHPA4259.7|5371,0,0,3.29329e-09,3.27987,0,0,0,0,-2.14162e-13,3.28115,0,0,True,PGDM1400 + VRC07-523LS|RHPA4259.7,1342312
130_bNAb_Combinations|1342312|sample|6|RHPA4259.7|5371,0,0,-2.98477e-09,3.35187,0,0,0,0,-1.23235e-14,3.36062,0,0,True,PGDM1400 + VRC07-523LS|RHPA4259.7,1342312
130_bNAb_Combinations|1342312|sample|7|RHPA4259.7|5371,0,0,1.76125e-09,3.2382,0,0,0,0,5.56111e-13,3.272,0,0,True,PGDM1400 + VRC07-523LS|RHPA4259.7,1342312
130_bNAb_Combinations|1342312|sample|8|RHPA4259.7|5371,0,0,9.11892e-09,3.2821,0,0,0,0,2.10942e-14,3.2714,0,0,True,PGDM1400 + VRC07-523LS|RHPA4259.7,1342312
130_bNAb_Combinations|1342312|sample|9|RHPA4259.7|5371,0,0,4.8317e-09,3.60156,0,0,0,0,2.82274e-13,3.61028,0,0,True,PGT121 + VRC07-523LS|RHPA4259.7,1342312
130_bNAb_Combinations|1342312|vc|1|2|RHPA4259.7|5371,0,0,-3.28861e-09,0.1846,0,0,0,0,-1.9984e-15,1.29892e-07,0,0,False,nan|RHPA4259.7,1342312
130_bNAb_Combinations|1342312|vc|2|2|RHPA4259.7|5371,0,0,2.8799e-09,0.254882,0,0,0,0,-6.88338e-15,-7.63417e-08,0,0,False,nan|RHPA4259.7,1342312
130_bNAb_Combinations|1342312|vc|3|2|RHPA4259.7|5371,0,0,-6.61704e-09,-0.156844,0,0,0,0,1.55431e-15,1.91273e-07,0,0,False,nan|RHPA4259.7,1342312
130_bNAb_Combinations|1342312|vc|4|2|RHPA4259.7|5371,0,0,-3.13142e-09,-0.225134,0,0,0,0,2.44249e-15,-3.33407e-07,0,0,False,nan|RHPA4259.7,1342312
130_bNAb_Combinations|1342312|vc|5|2|RHPA4259.7|5371,0,0,-1.21093e-09,0.135954,0,0,0,0,-3.9968e-15,-3.25768e-07,0,0,False,nan|RHPA4259.7,1342312
130_bNAb_Combinations|1342312|vc|6|2|RHPA4259.7|5371,0,0,1.11906e-09,0.134667,0,0,0,0,-8.88178e-16,-3.36026e-07,0,0,False,nan|RHPA4259.7,1342312
130_bNAb_Combinations|1342312|vc|7|2|RHPA4259.7|5371,0,0,7.29803e-10,-0.00995498,0,0,0,0,2.66454e-15,5.73256e-07,0,0,False,nan|RHPA4259.7,1342312
130_bNAb_Combinations|1342312|vc|8|2|RHPA4259.7|5371,0,0,-1.11446e-09,0.13244,0,0,0,0,1.22125e-14,-2.22525e-07,0,0,False,nan|RHPA4259.7,1342312
130_bNAb_Combinations|1342336|cc|1|1|nan|3430,0,0,1.01318e-10,0.495213,0,0,0,0,1.15463e-14,-6.90206e-08,0,0,False,nan|3430,1342336
130_bNAb_Combinations|1342336|cc|2|1|nan|3430,0,0,-1.57851e-09,0.0385157,0,0,0,0,-4.38538e-15,-6.82558e-07,0,0,False,nan|3430,1342336
130_bNAb_Combinations|1342336|cc|3|1|nan|3430,0,0,9.48061e-10,0.114538,0,0,0,0,7.93809e-15,-6.07666e-07,0,0,False,nan|3430,1342336
130_bNAb_Combinations|1342336|cc|4|1|nan|3430,0,0,6.31597e-11,-0.0555173,0,0,0,0,-1.26565e-14,-1.75367e-08,0,0,False,nan|3430,1342336
130_bNAb_Combinations|1342336|cc|5|1|nan|3430,0,0,3.82615e-09,0.00152062,0,0,0,0,8.77076e-15,-7.34026e-08,0,0,False,nan|3430,1342336
130_bNAb_Combinations|1342336|cc|6|1|nan|3430,0,0,-1.11803e-10,-0.0817396,0,0,0,0,-6.99441e-15,2.62664e-07,0,0,False,nan|3430,1342336
130_bNAb_Combinations|1342336|cc|7|1|nan|3430,0,0,-8.62476e-10,0.127173,0,0,0,0,-8.54872e-15,2.85571e-07,0,0,False,nan|3430,1342336
130_bNAb_Combinations|1342336|cc|8|1|nan|3430,0,0,1.99113e-10,-0.187241,0,0,0,0,1.14353e-14,2.71449e-08,0,0,False,nan|3430,1342336
130_bNAb_Combinations|1342336|sample|10|nan|3430,0,0,2.51359e-09,3.19903,0,0,0,0,-3.67484e-14,3.22875,0,0,True,PGT121 + VRC07-523LS|3430,1342336
130_bNAb_Combinations|1342336|sample|11|nan|3430,0,0,-5.77134e-09,3.64633,0,0,0,0,1.90292e-13,3.63926,0,0,True,PGT121 + VRC07-523LS|3430,1342336
130_bNAb_Combinations|1342336|sample|12|nan|3430,0,0,-1.34975e-09,3.38687,0,0,0,0,2.61346e-13,3.38515,0,0,True,PGT121 + VRC07-523LS|3430,1342336
130_bNAb_Combinations|1342336|sample|3|nan|3430,0,0,2.6119e-09,2.95728,0,0,0,0,1.80633e-13,2.99766,0,0,True,VRC07-523LS|3430,1342336
130_bNAb_Combinations|1342336|sample|4|nan|3430,0,0,5.1285e-11,2.95489,0,0,0,0,-1.28786e-14,2.93445,0,0,True,VRC07-523LS|3430,1342336
130_bNAb_Combinations|1342336|sample|5|nan|3430,0,0,-7.15472e-09,4.745,0,0,0,0,1.89238e-13,4.70777,0,0,True,PGDM1400 + VRC07-523LS|3430,1342336
130_bNAb_Combinations|1342336|sample|6|nan|3430,0,0,-2.27167e-09,4.95174,0,0,0,0,-1.64951e-13,4.96631,0,0,True,PGDM1400 + VRC07-523LS|3430,1342336
130_bNAb_Combinations|1342336|sample|7|nan|3430,0,0,-7.34819e-10,5.93153,0,0,0,0,-9.11493e-14,5.91253,0,0,True,PGDM1400 + VRC07-523LS|3430,1342336
130_bNAb_Combinations|1342336|sample|8|nan|3430,0,0,-5.96337e-10,5.43341,0,0,0,0,-1.24234e-13,5.42735,0,0,True,PGDM1400 + VRC07-523LS|3430,1342336
130_bNAb_Combinations|1342336|sample|9|nan|3430,0,0,4.36494e-09,3.20143,0,0,0,0,1.35336e-13,3.20704,0,0,True,PGT121 + VRC07-523LS|3430,1342336
130_bNAb_Combinations|1342336|vc|1|2|nan|3430,0,0,-7.68191e-10,-0.14104,0,0,0,0,6.77236e-15,8.02233e-08,0,0,False,nan|3430,1342336
130_bNAb_Combinations|1342336|vc|2|2|nan|3430,0,0,3.06679e-11,-0.139834,0,0,0,0,9.4369e-16,3.97588e-07,0,0,False,nan|3430,1342336
130_bNAb_Combinations|1342336|vc|3|2|nan|3430,0,0,1.18704e-09,0.335048,0,0,0,0,4.10783e-15,3.97655e-07,0,0,False,nan|3430,1342336
130_bNAb_Combinations|1342336|vc|4|2|nan|3430,0,0,-5.51295e-09,-0.447657,0,0,0,0,-4.71845e-15,2.26486e-07,0,0,False,nan|3430,1342336
130_bNAb_Combinations|1342336|vc|5|2|nan|3430,0,0,-3.15558e-10,-0.330859,0,0,0,0,-3.55271e-15,-4.82211e-07,0,0,False,nan|3430,1342336
130_bNAb_Combinations|1342336|vc|6|2|nan|3430,0,0,-1.33784e-09,0.159973,0,0,0,0,7.60503e-15,-1.55749e-07,0,0,False,nan|3430,1342336
130_bNAb_Combinations|1342336|vc|7|2|nan|3430,0,0,4.24801e-09,0.031967,0,0,0,0,3.38618e-15,2.39014e-07,0,0,False,nan|3430,1342336
130_bNAb_Combinations|1342336|vc|8|2|nan|3430,0,0,4.36638e-09,-0.244422,0,0,0,0,-1.14353e-14,4.23978e-07,0,0,False,nan|3430,1342336
130_bNAb_Combinations|1342348|cc|1|1|nan|4166,0,0,-3.17036e-09,-0.034701,0,0,0,0,-6.66134e-16,2.13779e-07,0,0,False,nan|4166,1342348
130_bNAb_Combinations|1342348|cc|2|1|nan|4166,0,0,-3.40246e-09,0.0879705,0,0,0,0,-1.33227e-15,-4.01778e-07,0,0,False,nan|4166,1342348
130_bNAb_Combinations|1342348|cc|3|1|nan|4166,0,0,-4.95969e-09,0.193401,0,0,0,0,-1.11022e-14,3.25819e-08,0,0,False,nan|4166,1342348
130_bNAb_Combinations|1342348|cc|4|1|nan|4166,0,0,-1.58044e-09,-0.0755557,0,0,0,0,-6.66134e-15,-1.50671e-07,0,0,False,nan|4166,1342348
130_bNAb_Combinations|1342348|cc|5|1|nan|4166,0,0,-1.4595e-09,-0.451568,0,0,0,0,-1.08802e-14,3.19646e-07,0,0,False,nan|4166,1342348
130_bNAb_Combinations|1342348|cc|6|1|nan|4166,0,0,-5.37483e-10,-0.177924,0,0,0,0,-3.10862e-15,-2.54224e-07,0,0,False,nan|4166,1342348
130_bNAb_Combinations|1342348|cc|7|1|nan|4166,0,0,3.33565e-09,0.225655,0,0,0,0,8.65974e-15,9.83529e-08,0,0,False,nan|4166,1342348
130_bNAb_Combinations|1342348|cc|8|1|nan|4166,0,0,-7.18608e-09,0.0603171,0,0,0,0,-7.10543e-15,-7.04022e-08,0,0,False,nan|4166,1342348
130_bNAb_Combinations|1342348|sample|10|nan|4166,0,0,4.14938e-09,3.86471,0,0,0,0,-1.92735e-13,3.85467,0,0,True,PGT121 + VRC07-523LS|4166,1342348
130_bNAb_Combinations|1342348|sample|11|nan|4166,0,0,-1.09857e-08,4.3358,0,0,0,0,2.47247e-13,4.35986,0,0,True,PGT121 + VRC07-523LS|4166,1342348
130_bNAb_Combinations|1342348|sample|12|nan|4166,0,0,-3.1576e-09,4.27423,0,0,0,0,2.38476e-13,4.25607,0,0,True,PGT121 + VRC07-523LS|4166,1342348
130_bNAb_Combinations|1342348|sample|3|nan|4166,0,0,-1.33131e-09,3.61887,0,0,0,0,1.92624e-13,3.63461,0,0,True,VRC07-523LS|4166,1342348
130_bNAb_Combinations|1342348|sample|4|nan|4166,0,0,2.37475e-09,3.70814,0,0,0,0,-8.32667e-15,3.73893,0,0,True,VRC07-523LS|4166,1342348
130_bNAb_Combinations|1342348|sample|5|nan|4166,0,0,-4.06004e-09,4.23609,0,0,0,0,-2.07612e-14,4.26859,0,0,True,PGDM1400 + VRC07-523LS|4166,1342348
130_bNAb_Combinations|1342348|sample|6|nan|4166,0,0,3.69028e-10,4.13561,0,0,0,0,-2.9543e-13,4.1505,0,0,True,PGDM1400 + VRC07-523LS|4166,1342348
130_bNAb_Combinations|1342348|sample|7|nan|4166,0,0,2.09607e-09,4.92379,0,0,0,0,5.19307e-13,4.96526,0,0,True,PGDM1400 + VRC07-523LS|4166,1342348
130_bNAb_Combinations|1342348|sample|8|nan|4166,0,0,-6.69592e-09,4.62535,0,0,0,0,-3.88578e-15,4.54751,0,0,True,PGDM1400 + VRC07-523LS|4166,1342348
130_bNAb_Combinations|1342348|sample|9|nan|4166,0,0,1.28596e-09,3.76412,0,0,0,0,1.33116e-13,3.76445,0,0,True,PGT121 + VRC07-523LS|4166,1342348
130_bNAb_Combinations|1342348|vc|1|2|nan|4166,0,0,-3.37619e-09,-0.0665729,0,0,0,0,4.44089e-15,-7.2281e-08,0,0,False,nan|4166,1342348
130_bNAb_Combinations|1342348|vc|2|2|nan|4166,0,0,-1.2065e-09,0.335723,0,0,0,0,0,2.43454e-07,0,0,False,nan|4166,1342348
130_bNAb_Combinations|1342348|vc|3|2|nan|4166,0,0,-1.68707e-09,0.169007,0,0,0,0,2.88658e-15,2.69e-07,0,0,False,nan|4166,1342348
130_bNAb_Combinations|1342348|vc|4|2|nan|4166,0,0,1.17499e-09,0.156263,0,0,0,0,-1.33227e-15,-8.99341e-08,0,0,False,nan|4166,1342348
130_bNAb_Combinations|1342348|vc|5|2|nan|4166,0,0,-1.99273e-09,0.246906,0,0,0,0,-2.33147e-15,6.35249e-08,0,0,False,nan|4166,1342348
130_bNAb_Combinations|1342348|vc|6|2|nan|4166,0,0,-1.66759e-09,0.0852156,0,0,0,0,2.55351e-15,2.74541e-07,0,0,False,nan|4166,1342348
130_bNAb_Combinations|1342348|vc|7|2|nan|4166,0,0,3.92015e-09,0.179919,0,0,0,0,-2.22045e-16,3.8984e-07,0,0,False,nan|4166,1342348
130_bNAb_Combinations|1342348|vc|8|2|nan|4166,0,0,4.47972e-09,-0.116636,0,0,0,0,4.21885e-15,2.98161e-07,0,0,False,nan|4166,1342348
130_bNAb_Combinations|1342372|cc|1|1|nan|2944,0,0,-2.97865e-09,-0.0981759,0,0,0,0,0,3.52665e-07,0,0,False,nan|2944,1342372
130_bNAb_Combinations|1342372|cc|2|1|nan|2944,0,0,2.89477e-09,-0.0576206,0,0,0,0,4.44089e-15,1.29626e-07,0,0,False,nan|2944,1342372
130_bNAb_Combinations|1342372|cc|3|1|nan|2944,0,0,6.37165e-09,-0.0878549,0,0,0,0,1.38778e-15,2.78653e-07,0,0,False,nan|2944,1342372
130_bNAb_Combinations|1342372|cc|4|1|nan|2944,0,0,4.64677e-09,-0.0826345,0,0,0,0,2.22045e-16,3.38727e-07,0,0,False,nan|2944,1342372
130_bNAb_Combinations|1342372|cc|5|1|nan|2944,0,0,-9.83987e-10,-0.0768182,0,0,0,0,-3.27516e-15,2.304e-08,0,0,False,nan|2944,1342372
130_bNAb_Combinations|1342372|cc|6|1|nan|2944,0,0,3.2363e-09,-0.143732,0,0,0,0,9.99201e-16,3.05656e-07,0,0,False,nan|2944,1342372
130_bNAb_Combinations|1342372|cc|7|1|nan|2944,0,0,2.47101e-09,0.359099,0,0,0,0,-8.27116e-15,3.13589e-07,0,0,False,nan|2944,1342372
130_bNAb_Combinations|1342372|cc|8|1|nan|2944,0,0,1.68893e-09,0.244504,0,0,0,0,7.21645e-16,2.26292e-07,0,0,False,nan|2944,1342372
130_bNAb_Combinations|1342372|sample|10|nan|2944,0,0,-9.8774e-09,3.23482,0,0,0,0,-2.22822e-13,3.19638,0,0,True,PGT121 + VRC07-523LS|2944,1342372
130_bNAb_Combinations|1342372|sample|11|nan|2944,0,0,6.51192e-09,3.70024,0,0,0,0,-7.4496e-14,3.72338,0,0,True,PGT121 + VRC07-523LS|2944,1342372
130_bNAb_Combinations|1342372|sample|12|nan|2944,0,0,6.58358e-10,3.54395,0,0,0,0,-1.36557e-14,3.59161,0,0,True,PGT121 + VRC07-523LS|2944,1342372
130_bNAb_Combinations|1342372|sample|3|nan|2944,0,0,-3.4542e-09,2.38395,0,0,0,0,2.16493e-13,2.40883,0,0,True,VRC07-523LS|2944,1342372
130_bNAb_Combinations|1342372|sample|4|nan|2944,0,0,1.86281e-09,2.54892,0,0,0,0,-5.37348e-14,2.56902,0,0,True,VRC07-523LS|2944,1342372
130_bNAb_Combinations|1342372|sample|5|nan|2944,0,0,5.96804e-09,5.09611,0,0,0,0,3.86496e-13,5.07534,0,0,True,PGDM1400 + VRC07-523LS|2944,1342372
130_bNAb_Combinations|1342372|sample|6|nan|2944,0,0,9.06426e-09,5.23354,0,0,0,0,1.57652e-14,5.18479,0,0,True,PGDM1400 + VRC07-523LS|2944,1342372
130_bNAb_Combinations|1342372|sample|7|nan|2944,0,0,4.25735e-10,6.71668,0,0,0,0,2.27984e-13,6.71966,0,0,True,PGDM1400 + VRC07-523LS|2944,1342372
130_bNAb_Combinations|1342372|sample|8|nan|2944,0,0,-5.49426e-09,6.2459,0,0,0,0,-1.18516e-14,6.344,0,0,True,PGDM1400 + VRC07-523LS|2944,1342372
130_bNAb_Combinations|1342372|sample|9|nan|2944,0,0,-4.98818e-09,3.05173,0,0,0,0,1.09468e-13,3.06776,0,0,True,PGT121 + VRC07-523LS|2944,1342372
130_bNAb_Combinations|1342372|vc|1|2|nan|2944,0,0,2.40926e-09,0.516168,0,0,0,0,-1.05471e-15,-5.44484e-07,0,0,False,nan|2944,1342372
130_bNAb_Combinations|1342372|vc|2|2|nan|2944,0,0,3.83534e-09,0.149355,0,0,0,0,4.4964e-15,-3.26915e-07,0,0,False,nan|2944,1342372
130_bNAb_Combinations|1342372|vc|3|2|nan|2944,0,0,-5.76044e-09,0.0205307,0,0,0,0,-3.88578e-16,2.77993e-07,0,0,False,nan|2944,1342372
130_bNAb_Combinations|1342372|vc|4|2|nan|2944,0,0,-6.15446e-09,0.0189029,0,0,0,0,3.21965e-15,-2.12814e-07,0,0,False,nan|2944,1342372
130_bNAb_Combinations|1342372|vc|5|2|nan|2944,0,0,-5.32715e-09,0.319921,0,0,0,0,-6.4948e-15,1.43261e-07,0,0,False,nan|2944,1342372
130_bNAb_Combinations|1342372|vc|6|2|nan|2944,0,0,-5.42874e-09,-0.01364,0,0,0,0,-5.60663e-15,-2.76697e-07,0,0,False,nan|2944,1342372
130_bNAb_Combinations|1342372|vc|7|2|nan|2944,0,0,-7.16841e-10,0.0665756,0,0,0,0,3.94129e-15,-3.8119e-07,0,0,False,nan|2944,1342372
130_bNAb_Combinations|1342372|vc|8|2|nan|2944,0,0,5.63839e-10,-0.375075,0,0,0,0,2.83107e-15,3.13547e-07,0,0,False,nan|2944,1342372
130_bNAb_Combinations|1342384|cc|1|1|nan|2946,0,0,1.02217e-09,0.117505,0,0,0,0,4.996e-15,-3.77986e-07,0,0,False,nan|2946,1342384
130_bNAb_Combinations|1342384|cc|2|1|nan|2946,0,0,-1.42073e-09,0.101442,0,0,0,0,-5.9952e-15,-2.14704e-07,0,0,False,nan|2946,1342384
130_bNAb_Combinations|1342384|cc|3|1|nan|2946,0,0,5.3955e-09,0.36678,0,0,0,0,-1.66533e-15,-5.60774e-07,0,0,False,nan|2946,1342384
130_bNAb_Combinations|1342384|cc|4|1|nan|2946,0,0,4.4106e-09,-0.0747324,0,0,0,0,1.06581e-14,8.73443e-08,0,0,False,nan|2946,1342384
130_bNAb_Combinations|1342384|cc|5|1|nan|2946,0,0,-1.8308e-09,-0.211898,0,0,0,0,3.33067e-16,3.15563e-07,0,0,False,nan|2946,1342384
130_bNAb_Combinations|1342384|cc|6|1|nan|2946,0,0,-1.43979e-09,0.408412,0,0,0,0,-2.33147e-15,3.83626e-07,0,0,False,nan|2946,1342384
130_bNAb_Combinations|1342384|cc|7|1|nan|2946,0,0,1.08161e-09,0.388711,0,0,0,0,-5.44009e-15,4.39511e-07,0,0,False,nan|2946,1342384
130_bNAb_Combinations|1342384|cc|8|1|nan|2946,0,0,3.65023e-09,-0.0445741,0,0,0,0,-5.55112e-16,4.25975e-07,0,0,False,nan|2946,1342384
130_bNAb_Combinations|1342384|sample|10|nan|2946,0,0,-2.23755e-09,0.690178,0,0,0,0,1.24234e-13,0.687538,0,0,True,PGT121 + VRC07-523LS|2946,1342384
130_bNAb_Combinations|1342384|sample|11|nan|2946,0,0,-1.56794e-09,0.809587,0,0,0,0,-2.27596e-13,0.828483,0,0,True,PGT121 + VRC07-523LS|2946,1342384
130_bNAb_Combinations|1342384|sample|12|nan|2946,0,0,-9.3165e-10,0.969718,0,0,0,0,-5.09592e-14,0.988079,0,0,True,PGT121 + VRC07-523LS|2946,1342384
130_bNAb_Combinations|1342384|sample|3|nan|2946,0,0,4.37811e-09,0.265987,0,0,0,0,-3.41283e-13,0.268547,0,0,True,VRC07-523LS|2946,1342384
130_bNAb_Combinations|1342384|sample|4|nan|2946,0,0,1.96562e-09,0.184261,0,0,0,0,-3.16303e-13,0.218432,0,0,True,VRC07-523LS|2946,1342384
130_bNAb_Combinations|1342384|sample|5|nan|2946,0,0,-4.60738e-09,0.548926,0,0,0,0,4.13281e-13,0.528688,0,0,True,PGDM1400 + VRC07-523LS|2946,1342384
130_bNAb_Combinations|1342384|sample|6|nan|2946,0,0,-8.15609e-09,0.457204,0,0,0,0,-2.90323e-14,0.469247,0,0,True,PGDM1400 + VRC07-523LS|2946,1342384
130_bNAb_Combinations|1342384|sample|7|nan|2946,0,0,4.21749e-09,0.627959,0,0,0,0,-3.74145e-14,0.641467,0,0,True,PGDM1400 + VRC07-523LS|2946,1342384
130_bNAb_Combinations|1342384|sample|8|nan|2946,0,0,9.3456e-09,0.604827,0,0,0,0,-4.42868e-13,0.595383,0,0,True,PGDM1400 + VRC07-523LS|2946,1342384
130_bNAb_Combinations|1342384|sample|9|nan|2946,0,0,-6.52517e-09,0.565175,0,0,0,0,2.36922e-13,0.593875,0,0,True,PGT121 + VRC07-523LS|2946,1342384
130_bNAb_Combinations|1342384|vc|1|2|nan|2946,0,0,-7.48113e-09,0.280881,0,0,0,0,9.99201e-16,4.52027e-07,0,0,False,nan|2946,1342384
130_bNAb_Combinations|1342384|vc|2|2|nan|2946,0,0,1.39849e-09,0.202811,0,0,0,0,4.32987e-15,5.08057e-08,0,0,False,nan|2946,1342384
130_bNAb_Combinations|1342384|vc|3|2|nan|2946,0,0,-8.71146e-10,0.0321578,0,0,0,0,-6.66134e-16,1.64481e-07,0,0,False,nan|2946,1342384
130_bNAb_Combinations|1342384|vc|4|2|nan|2946,0,0,-4.29629e-09,0.114142,0,0,0,0,-4.44089e-15,-1.58149e-07,0,0,False,nan|2946,1342384
130_bNAb_Combinations|1342384|vc|5|2|nan|2946,0,0,-1.41852e-09,0.0633966,0,0,0,0,2.9976e-15,2.90118e-07,0,0,False,nan|2946,1342384
130_bNAb_Combinations|1342384|vc|6|2|nan|2946,0,0,3.34276e-09,-0.129572,0,0,0,0,-2.22045e-15,3.03593e-07,0,0,False,nan|2946,1342384
130_bNAb_Combinations|1342384|vc|7|2|nan|2946,0,0,2.36445e-10,-0.00692924,0,0,0,0,-1.17684e-14,-5.96875e-08,0,0,False,nan|2946,1342384
130_bNAb_Combinations|1342384|vc|8|2|nan|2946,0,0,5.93258e-09,0.0866082,0,0,0,0,3.44169e-15,4.20228e-07,0,0,False,nan|2946,1342384
130_bNAb_Combinations|1342396|cc|1|1|PVO.4|5024,0,0,-3.59645e-09,-0.0119679,0,0,0,0,1.77636e-15,5.96099e-08,0,0,False,nan|PVO.4,1342396
130_bNAb_Combinations|1342396|cc|2|1|PVO.4|5024,0,0,3.27077e-09,0.25274,0,0,0,0,-7.99361e-15,1.36849e-07,0,0,False,nan|PVO.4,1342396
130_bNAb_Combinations|1342396|cc|3|1|PVO.4|5024,0,0,4.21281e-10,0.267271,0,0,0,0,1.55431e-15,1.59405e-07,0,0,False,nan|PVO.4,1342396
130_bNAb_Combinations|1342396|cc|4|1|PVO.4|5024,0,0,3.27993e-09,-0.295824,0,0,0,0,2.55351e-15,-1.77552e-07,0,0,False,nan|PVO.4,1342396
130_bNAb_Combinations|1342396|cc|5|1|PVO.4|5024,0,0,2.89156e-09,-0.23621,0,0,0,0,-8.10463e-15,-7.91676e-08,0,0,False,nan|PVO.4,1342396
130_bNAb_Combinations|1342396|cc|6|1|PVO.4|5024,0,0,-3.33272e-10,-0.0277017,0,0,0,0,6.66134e-16,-3.94296e-07,0,0,False,nan|PVO.4,1342396
130_bNAb_Combinations|1342396|cc|7|1|PVO.4|5024,0,0,1.95253e-09,-0.296565,0,0,0,0,-2.77556e-15,-1.65417e-07,0,0,False,nan|PVO.4,1342396
130_bNAb_Combinations|1342396|cc|8|1|PVO.4|5024,0,0,-1.16867e-09,-0.0294921,0,0,0,0,1.9984e-15,-3.73553e-07,0,0,False,nan|PVO.4,1342396
130_bNAb_Combinations|1342396|sample|10|PVO.4|5024,0,0,4.46811e-09,2.08546,0,0,0,0,2.91378e-13,2.03012,0,0,True,PGT121 + VRC07-523LS|PVO.4,1342396
130_bNAb_Combinations|1342396|sample|11|PVO.4|5024,0,0,-6.85069e-10,2.14412,0,0,0,0,1.91847e-13,2.16857,0,0,True,PGT121 + VRC07-523LS|PVO.4,1342396
130_bNAb_Combinations|1342396|sample|12|PVO.4|5024,0,0,-3.39589e-09,2.09539,0,0,0,0,-4.41869e-14,2.09624,0,0,True,PGT121 + VRC07-523LS|PVO.4,1342396
130_bNAb_Combinations|1342396|sample|3|PVO.4|5024,0,0,-9.36635e-09,2.00505,0,0,0,0,1.23013e-13,2.02747,0,0,True,VRC07-523LS|PVO.4,1342396
130_bNAb_Combinations|1342396|sample|4|PVO.4|5024,0,0,1.46932e-09,1.88141,0,0,0,0,2.36478e-13,1.878,0,0,True,VRC07-523LS|PVO.4,1342396
130_bNAb_Combinations|1342396|sample|5|PVO.4|5024,0,0,6.65584e-09,1.82331,0,0,0,0,-3.9968e-14,1.89226,0,0,True,PGDM1400 + VRC07-523LS|PVO.4,1342396
130_bNAb_Combinations|1342396|sample|6|PVO.4|5024,0,0,-9.30776e-09,1.86549,0,0,0,0,-1.01696e-13,1.90258,0,0,True,PGDM1400 + VRC07-523LS|PVO.4,1342396
130_bNAb_Combinations|1342396|sample|7|PVO.4|5024,0,0,-4.28782e-09,1.71732,0,0,0,0,-1.75415e-14,1.72709,0,0,True,PGDM1400 + VRC07-523LS|PVO.4,1342396
130_bNAb_Combinations|1342396|sample|8|PVO.4|5024,0,0,-1.58696e-09,1.70912,0,0,0,0,-1.90958e-14,1.75551,0,0,True,PGDM1400 + VRC07-523LS|PVO.4,1342396
130_bNAb_Combinations|1342396|sample|9|PVO.4|5024,0,0,-7.13764e-09,2.08187,0,0,0,0,1.65423e-13,2.06354,0,0,True,PGT121 + VRC07-523LS|PVO.4,1342396
130_bNAb_Combinations|1342396|vc|1|2|PVO.4|5024,0,0,-4.10099e-09,0.00705268,0,0,0,0,1.33227e-15,3.73381e-07,0,0,False,nan|PVO.4,1342396
130_bNAb_Combinations|1342396|vc|2|2|PVO.4|5024,0,0,-3.06167e-09,0.00961382,0,0,0,0,8.43769e-15,4.38571e-07,0,0,False,nan|PVO.4,1342396
130_bNAb_Combinations|1342396|vc|3|2|PVO.4|5024,0,0,-7.63065e-09,0.0312273,0,0,0,0,-1.17684e-14,2.1203e-07,0,0,False,nan|PVO.4,1342396
130_bNAb_Combinations|1342396|vc|4|2|PVO.4|5024,0,0,2.77664e-09,0.168309,0,0,0,0,-6.10623e-15,-4.95971e-07,0,0,False,nan|PVO.4,1342396
130_bNAb_Combinations|1342396|vc|5|2|PVO.4|5024,0,0,1.50361e-09,0.106212,0,0,0,0,1.66533e-15,4.28937e-07,0,0,False,nan|PVO.4,1342396
130_bNAb_Combinations|1342396|vc|6|2|PVO.4|5024,0,0,-1.06023e-08,0.194128,0,0,0,0,1.55431e-15,-5.5693e-07,0,0,False,nan|PVO.4,1342396
130_bNAb_Combinations|1342396|vc|7|2|PVO.4|5024,0,0,-7.90905e-10,0.0348364,0,0,0,0,-9.99201e-16,-3.99445e-07,0,0,False,nan|PVO.4,1342396
130_bNAb_Combinations|1342396|vc|8|2|PVO.4|5024,0,0,-6.63261e-10,-0.183249,0,0,0,0,2.22045e-16,-3.71475e-07,0,0,False,nan|PVO.4,1342396
130_bNAb_Combinations|1342408|cc|1|1|nan|4168,0,0,-1.54555e-10,-0.0432223,0,0,0,0,1.44329e-15,2.40711e-07,0,0,False,nan|4168,1342408
130_bNAb_Combinations|1342408|cc|2|1|nan|4168,0,0,9.01181e-10,0.189417,0,0,0,0,3.77476e-15,-1.33469e-07,0,0,False,nan|4168,1342408
130_bNAb_Combinations|1342408|cc|3|1|nan|4168,0,0,-3.81126e-09,-0.364115,0,0,0,0,1.04361e-14,-1.43701e-07,0,0,False,nan|4168,1342408
130_bNAb_Combinations|1342408|cc|4|1|nan|4168,0,0,-3.46765e-09,0.218359,0,0,0,0,0,2.29679e-07,0,0,False,nan|4168,1342408
130_bNAb_Combinations|1342408|cc|5|1|nan|4168,0,0,4.85354e-09,0.398663,0,0,0,0,-8.43769e-15,-3.29636e-07,0,0,False,nan|4168,1342408
130_bNAb_Combinations|1342408|cc|6|1|nan|4168,0,0,-2.01861e-09,-0.145092,0,0,0,0,2.22045e-16,-2.7925e-07,0,0,False,nan|4168,1342408
130_bNAb_Combinations|1342408|cc|7|1|nan|4168,0,0,2.38964e-11,-0.14773,0,0,0,0,-3.66374e-15,3.52118e-07,0,0,False,nan|4168,1342408
130_bNAb_Combinations|1342408|cc|8|1|nan|4168,0,0,-8.92621e-10,-0.195488,0,0,0,0,1.02141e-14,1.15458e-07,0,0,False,nan|4168,1342408
130_bNAb_Combinations|1342408|sample|10|nan|4168,0,0,-1.61633e-08,2.77299,0,0,0,0,1.46792e-13,2.75568,0,0,True,PGT121 + VRC07-523LS|4168,1342408
130_bNAb_Combinations|1342408|sample|11|nan|4168,0,0,-7.21557e-09,2.6768,0,0,0,0,1.23561e-13,2.72101,0,0,True,PGT121 + VRC07-523LS|4168,1342408
130_bNAb_Combinations|1342408|sample|12|nan|4168,0,0,5.00033e-09,2.90145,0,0,0,0,2.33688e-13,2.91691,0,0,True,PGT121 + VRC07-523LS|4168,1342408
130_bNAb_Combinations|1342408|sample|3|nan|4168,0,0,-3.44207e-09,2.1035,0,0,0,0,1.51476e-14,2.12286,0,0,True,VRC07-523LS|4168,1342408
130_bNAb_Combinations|1342408|sample|4|nan|4168,0,0,-1.13749e-09,1.99789,0,0,0,0,-3.18565e-14,2.00637,0,0,True,VRC07-523LS|4168,1342408
130_bNAb_Combinations|1342408|sample|5|nan|4168,0,0,-2.5175e-09,1.72384,0,0,0,0,5.52197e-14,1.72691,0,0,True,PGDM1400 + VRC07-523LS|4168,1342408
130_bNAb_Combinations|1342408|sample|6|nan|4168,0,0,1.48781e-09,1.61071,0,0,0,0,-1.7332e-13,1.62831,0,0,True,PGDM1400 + VRC07-523LS|4168,1342408
130_bNAb_Combinations|1342408|sample|7|nan|4168,0,0,7.12589e-09,1.54348,0,0,0,0,3.15553e-13,1.56582,0,0,True,PGDM1400 + VRC07-523LS|4168,1342408
130_bNAb_Combinations|1342408|sample|8|nan|4168,0,0,5.05664e-09,1.66563,0,0,0,0,3.7377e-13,1.6685,0,0,True,PGDM1400 + VRC07-523LS|4168,1342408
130_bNAb_Combinations|1342408|sample|9|nan|4168,0,0,-1.60688e-09,2.62464,0,0,0,0,-2.8786e-13,2.60699,0,0,True,PGT121 + VRC07-523LS|4168,1342408
130_bNAb_Combinations|1342408|vc|1|2|nan|4168,0,0,-5.11052e-09,0.323719,0,0,0,0,2.22045e-15,-5.98261e-07,0,0,False,nan|4168,1342408
130_bNAb_Combinations|1342408|vc|2|2|nan|4168,0,0,2.41899e-09,-0.160194,0,0,0,0,-1.44329e-15,-3.66702e-07,0,0,False,nan|4168,1342408
130_bNAb_Combinations|1342408|vc|3|2|nan|4168,0,0,-1.97459e-09,-0.279956,0,0,0,0,6.88338e-15,4.51045e-07,0,0,False,nan|4168,1342408
130_bNAb_Combinations|1342408|vc|4|2|nan|4168,0,0,2.50326e-09,-0.0285676,0,0,0,0,-1.33227e-15,2.86471e-07,0,0,False,nan|4168,1342408
130_bNAb_Combinations|1342408|vc|5|2|nan|4168,0,0,-5.09499e-09,-0.0162479,0,0,0,0,-2.22045e-16,2.52719e-07,0,0,False,nan|4168,1342408
130_bNAb_Combinations|1342408|vc|6|2|nan|4168,0,0,2.62808e-09,-0.107885,0,0,0,0,-1.33227e-15,4.02252e-07,0,0,False,nan|4168,1342408
130_bNAb_Combinations|1342408|vc|7|2|nan|4168,0,0,3.33887e-09,-0.0907272,0,0,0,0,1.13243e-14,1.31409e-07,0,0,False,nan|4168,1342408
130_bNAb_Combinations|1342408|vc|8|2|nan|4168,0,0,7.09011e-09,0.0157025,0,0,0,0,6.21725e-15,1.97128e-07,0,0,False,nan|4168,1342408
704_VRC01_Concordance|1200432|cc|1|1|PVO.4|5024,0,0,4.51853e-09,0.330584,0,0,0,0,4.21885e-15,8.86227e-09,0,0,False,nan|PVO.4,1200432
704_VRC01_Concordance|1200432|cc|2|1|PVO.4|5024,0,0,2.90746e-09,0.276296,0,0,0,0,-3.66374e-15,4.56368e-07,0,0,False,nan|PVO.4,1200432
704_VRC01_Concordance|1200432|cc|3|1|PVO.4|5024,0,0,-1.04837e-09,0.165611,0,0,0,0,-4.44089e-16,-2.88273e-07,0,0,False,nan|PVO.4,1200432
704_VRC01_Concordance|1200432|cc|4|1|PVO.4|5024,0,0,4.39237e-09,-0.0213662,0,0,0,0,8.43769e-15,1.92618e-07,0,0,False,nan|PVO.4,1200432
704_VRC01_Concordance|1200432|cc|5|1|PVO.4|5024,0,0,6.94516e-09,-0.078799,0,0,0,0,-1.11022e-14,1.58229e-07,0,0,False,nan|PVO.4,1200432
704_VRC01_Concordance|1200432|cc|6|1|PVO.4|5024,0,0,-5.86971e-10,0.258444,0,0,0,0,-4.44089e-15,2.80593e-07,0,0,False,nan|PVO.4,1200432
704_VRC01_Concordance|1200432|cc|7|1|PVO.4|5024,0,0,-7.0445e-09,0.0731654,0,0,0,0,0,3.47139e-07,0,0,False,nan|PVO.4,1200432
704_VRC01_Concordance|1200432|cc|8|1|PVO.4|5024,0,0,-1.23023e-09,-0.0926101,0,0,0,0,-8.88178e-16,2.53375e-07,0,0,False,nan|PVO.4,1200432
704_VRC01_Concordance|1200432|sample|10|PVO.4|5024,0,0,1.01743e-08,0.342704,0,0,0,0,-3.10973e-13,0.33661,0,0,True,Clinical VRC01|PVO.4,1200432
704_VRC01_Concordance|1200432|sample|11|PVO.4|5024,0,0,5.60936e-09,0.755806,0,0,0,0,1.41998e-13,0.735646,0,0,True,Clinical VRC01|PVO.4,1200432
704_VRC01_Concordance|1200432|sample|12|PVO.4|5024,0,0,3.32557e-10,0.86237,0,0,0,0,-8.80962e-14,0.846344,0,0,True,Clinical VRC01|PVO.4,1200432
704_VRC01_Concordance|1200432|sample|3|PVO.4|5024,0,0,2.08932e-09,1.09225,0,0,0,0,-1.25178e-13,1.09357,0,0,True,Clinical VRC01|PVO.4,1200432
704_VRC01_Concordance|1200432|sample|4|PVO.4|5024,0,0,-5.53166e-09,0.568111,0,0,0,0,4.14391e-13,0.548839,0,0,True,Clinical VRC01|PVO.4,1200432
704_VRC01_Concordance|1200432|sample|5|PVO.4|5024,0,0,-2.54558e-09,0.405811,0,0,0,0,2.74225e-14,0.39258,0,0,True,Clinical VRC01|PVO.4,1200432
704_VRC01_Concordance|1200432|sample|6|PVO.4|5024,0,0,4.31841e-09,0.350699,0,0,0,0,2.34091e-13,0.324943,0,0,True,Clinical VRC01|PVO.4,1200432
704_VRC01_Concordance|1200432|sample|7|PVO.4|5024,0,0,9.02032e-10,0.885531,0,0,0,0,2.42528e-13,0.872886,0,0,True,Clinical VRC01|PVO.4,1200432
704_VRC01_Concordance|1200432|sample|8|PVO.4|5024,0,0,5.52036e-10,0.795057,0,0,0,0,-3.59046e-13,0.806078,0,0,True,Clinical VRC01|PVO.4,1200432
704_VRC01_Concordance|1200432|sample|9|PVO.4|5024,0,0,-2.04561e-09,0.520966,0,0,0,0,-1.70253e-13,0.490529,0,0,True,Clinical VRC01|PVO.4,1200432
704_VRC01_Concordance|1200432|vc|1|2|PVO.4|5024,0,0,-2.86912e-09,0.0951051,0,0,0,0,2.22045e-16,3.54974e-07,0,0,False,nan|PVO.4,1200432
704_VRC01_Concordance|1200432|vc|2|2|PVO.4|5024,0,0,4.71244e-10,-0.341795,0,0,0,0,-4.44089e-15,1.96712e-07,0,0,False,nan|PVO.4,1200432
704_VRC01_Concordance|1200432|vc|3|2|PVO.4|5024,0,0,-3.81564e-09,0.247759,0,0,0,0,-3.10862e-15,-1.95779e-07,0,0,False,nan|PVO.4,1200432
704_VRC01_Concordance|1200432|vc|4|2|PVO.4|5024,0,0,3.42356e-09,0.139643,0,0,0,0,-1.9984e-15,-3.01295e-07,0,0,False,nan|PVO.4,1200432
704_VRC01_Concordance|1200432|vc|5|2|PVO.4|5024,0,0,-4.63591e-09,0.126247,0,0,0,0,-2.22045e-16,-2.26557e-07,0,0,False,nan|PVO.4,1200432
704_VRC01_Concordance|1200432|vc|6|2|PVO.4|5024,0,0,3.12938e-09,-0.287012,0,0,0,0,-1.33227e-15,3.29559e-07,0,0,False,nan|PVO.4,1200432
704_VRC01_Concordance|1200432|vc|7|2|PVO.4|5024,0,0,-1.09771e-09,0.129579,0,0,0,0,-3.33067e-16,4.70812e-07,0,0,False,nan|PVO.4,1200432
704_VRC01_Concordance|1200432|vc|8|2|PVO.4|5024,0,0,-1.65303e-09,0.366154,0,0,0,0,-3.21965e-15,2.29752e-07,0,0,False,nan|PVO.4,1200432
