rep,id,eta_U,eta_L,eta_m,eta_e,eta_alpha,eta_k,goes_down,mab_virus,run_id
1,130_bNAb_Combinations|1313842|cc|1|1|nan|2946,0,1.57609e-08,-1.84354e-08,3.68989e-08,0,0,False,nan|2946,1313842
1,130_bNAb_Combinations|1313842|cc|2|1|nan|2946,0,7.71005e-09,2.2323e-08,4.89538e-08,0,0,False,nan|2946,1313842
1,130_bNAb_Combinations|1313842|cc|3|1|nan|2946,0,-2.8154e-09,-1.48552e-08,1.67565e-08,0,0,False,nan|2946,1313842
1,130_bNAb_Combinations|1313842|cc|4|1|nan|2946,0,-2.01633e-08,-1.07481e-08,1.05466e-08,0,0,False,nan|2946,1313842
1,130_bNAb_Combinations|1313842|cc|5|1|nan|2946,0,-1.96635e-08,-4.57884e-08,-1.51775e-08,0,0,False,nan|2946,1313842
1,130_bNAb_Combinations|1313842|cc|6|1|nan|2946,0,1.17464e-08,7.21958e-09,3.31843e-08,0,0,False,nan|2946,1313842
1,130_bNAb_Combinations|1313842|cc|7|1|nan|2946,0,-2.72673e-08,2.94202e-09,-1.59866e-08,0,0,False,nan|2946,1313842
1,130_bNAb_Combinations|1313842|cc|8|1|nan|2946,0,-1.8567e-08,-7.47053e-09,2.65036e-10,0,0,False,nan|2946,1313842
1,130_bNAb_Combinations|1313842|sample|10|nan|2946,0,-4.33972e-09,3.28635e-08,-2.25654e-09,0,0,True,PGT121|2946,1313842
1,130_bNAb_Combinations|1313842|sample|11|nan|2946,0,-2.01208e-08,4.67772e-09,-2.50778e-08,0,0,True,VRC07-523LS|2946,1313842
1,130_bNAb_Combinations|1313842|sample|12|nan|2946,0,-2.48732e-09,-1.69334e-08,-1.0767e-08,0,0,True,VRC07-523LS|2946,1313842
1,130_bNAb_Combinations|1313842|sample|3|nan|2946,0,1.78365e-08,2.14435e-08,-2.34014e-08,0,0,True,PGDM1400|2946,1313842
1,130_bNAb_Combinations|1313842|sample|4|nan|2946,0,5.77515e-09,-3.71411e-08,-1.27914e-08,0,0,True,PGDM1400|2946,1313842
1,130_bNAb_Combinations|1313842|sample|5|nan|2946,0,-1.18351e-09,1.3434e-08,1.27885e-09,0,0,True,PGDM1400|2946,1313842
1,130_bNAb_Combinations|1313842|sample|6|nan|2946,0,2.77711e-08,-3.27654e-08,1.88758e-08,0,0,True,PGDM1400|2946,1313842
1,130_bNAb_Combinations|1313842|sample|7|nan|2946,0,1.53799e-08,-1.32999e-08,-2.34601e-08,0,0,True,PGT121|2946,1313842
1,130_bNAb_Combinations|1313842|sample|8|nan|2946,0,4.91703e-10,4.54208e-08,4.23584e-08,0,0,True,PGT121|2946,1313842
1,130_bNAb_Combinations|1313842|sample|9|nan|2946,0,-1.44704e-08,4.28028e-08,1.29098e-08,0,0,True,PGT121|2946,1313842
1,130_bNAb_Combinations|1313842|vc|1|2|nan|2946,0,-1.02446e-08,-1.76447e-08,-5.46706e-08,0,0,False,nan|2946,1313842
1,130_bNAb_Combinations|1313842|vc|2|2|nan|2946,0,-8.73143e-10,-5.9197e-08,-5.22472e-08,0,0,False,nan|2946,1313842
1,130_bNAb_Combinations|1313842|vc|3|2|nan|2946,0,-1.57151e-08,-3.1198e-08,-6.28887e-08,0,0,False,nan|2946,1313842
1,130_bNAb_Combinations|1313842|vc|4|2|nan|2946,0,2.71417e-08,1.57583e-08,-2.99899e-08,0,0,False,nan|2946,1313842
1,130_bNAb_Combinations|1313842|vc|5|2|nan|2946,0,2.60892e-08,3.04379e-08,-4.72324e-08,0,0,False,nan|2946,1313842
1,130_bNAb_Combinations|1313842|vc|6|2|nan|2946,0,-1.49696e-08,-1.27495e-08,5.22106e-08,0,0,False,nan|2946,1313842
1,130_bNAb_Combinations|1313842|vc|7|2|nan|2946,0,1.40991e-08,2.4059e-08,3.22261e-08,0,0,False,nan|2946,1313842
1,130_bNAb_Combinations|1313842|vc|8|2|nan|2946,0,3.41999e-09,-3.02011e-08,-1.93154e-08,0,0,False,nan|2946,1313842
1,130_bNAb_Combinations|1313860|cc|1|1|PVO.4|5024,0,1.42609e-08,2.21599e-08,9.62228e-08,0,0,False,nan|PVO.4,1313860
1,130_bNAb_Combinations|1313860|cc|2|1|PVO.4|5024,0,2.52791e-09,2.24924e-08,8.52332e-08,0,0,False,nan|PVO.4,1313860
1,130_bNAb_Combinations|1313860|cc|3|1|PVO.4|5024,0,-1.63686e-08,2.27367e-08,-3.77539e-08,0,0,False,nan|PVO.4,1313860
1,130_bNAb_Combinations|1313860|cc|4|1|PVO.4|5024,0,1.16741e-08,-1.4017e-08,1.22997e-07,0,0,False,nan|PVO.4,1313860
1,130_bNAb_Combinations|1313860|cc|5|1|PVO.4|5024,0,2.08608e-08,2.36435e-08,2.09504e-08,0,0,False,nan|PVO.4,1313860
1,130_bNAb_Combinations|1313860|cc|6|1|PVO.4|5024,0,-1.57898e-08,-4.20873e-08,5.47522e-08,0,0,False,nan|PVO.4,1313860
1,130_bNAb_Combinations|1313860|cc|7|1|PVO.4|5024,0,-1.89465e-08,-2.83626e-08,3.54695e-08,0,0,False,nan|PVO.4,1313860
1,130_bNAb_Combinations|1313860|cc|8|1|PVO.4|5024,0,2.87866e-08,1.86057e-08,-3.67662e-08,0,0,False,nan|PVO.4,1313860
1,130_bNAb_Combinations|1313860|sample|10|PVO.4|5024,0,-2.36918e-08,1.96477e-08,-3.04318e-08,0,0,True,PGT121|PVO.4,1313860
1,130_bNAb_Combinations|1313860|sample|11|PVO.4|5024,0,-1.18756e-08,-3.93074e-08,-9.78496e-08,0,0,True,VRC07-523LS|PVO.4,1313860
1,130_bNAb_Combinations|1313860|sample|12|PVO.4|5024,0,1.12047e-08,-1.31326e-08,-1.82494e-08,0,0,True,VRC07-523LS|PVO.4,1313860
1,130_bNAb_Combinations|1313860|sample|3|PVO.4|5024,0,-8.67128e-09,-3.30313e-08,-4.97226e-08,0,0,True,PGDM1400|PVO.4,1313860
1,130_bNAb_Combinations|1313860|sample|4|PVO.4|5024,0,1.37228e-08,4.01039e-08,1.96156e-08,0,0,True,PGDM1400|PVO.4,1313860
1,130_bNAb_Combinations|1313860|sample|5|PVO.4|5024,0,2.50864e-09,-4.20604e-09,8.10863e-08,0,0,True,PGDM1400|PVO.4,1313860
1,130_bNAb_Combinations|1313860|sample|6|PVO.4|5024,0,2.22967e-08,-6.05248e-09,-3.29532e-08,0,0,True,PGDM1400|PVO.4,1313860
1,130_bNAb_Combinations|1313860|sample|7|PVO.4|5024,0,-7.4962e-09,2.02056e-08,1.01626e-07,0,0,True,PGT121|PVO.4,1313860
1,130_bNAb_Combinations|1313860|sample|8|PVO.4|5024,0,-1.86759e-08,1.1805e-08,2.20255e-08,0,0,True,PGT121|PVO.4,1313860
1,130_bNAb_Combinations|1313860|sample|9|PVO.4|5024,0,2.33483e-10,-9.51792e-10,7.42917e-09,0,0,True,PGT121|PVO.4,1313860
1,130_bNAb_Combinations|1313860|vc|1|2|PVO.4|5024,0,-1.33569e-08,-2.39485e-08,5.21444e-09,0,0,False,nan|PVO.4,1313860
1,130_bNAb_Combinations|1313860|vc|2|2|PVO.4|5024,0,-2.47029e-09,-1.16115e-09,1.24904e-08,0,0,False,nan|PVO.4,1313860
1,130_bNAb_Combinations|1313860|vc|3|2|PVO.4|5024,0,-1.63828e-08,-3.98902e-10,2.67462e-08,0,0,False,nan|PVO.4,1313860
1,130_bNAb_Combinations|1313860|vc|4|2|PVO.4|5024,0,2.40378e-08,8.69504e-09,5.10101e-08,0,0,False,nan|PVO.4,1313860
1,130_bNAb_Combinations|1313860|vc|5|2|PVO.4|5024,0,-1.65584e-08,-3.46155e-08,-2.40858e-08,0,0,False,nan|PVO.4,1313860
1,130_bNAb_Combinations|1313860|vc|6|2|PVO.4|5024,0,-4.67642e-09,-1.45146e-08,1.15888e-08,0,0,False,nan|PVO.4,1313860
1,130_bNAb_Combinations|1313860|vc|7|2|PVO.4|5024,0,9.95051e-09,2.73326e-08,1.14355e-09,0,0,False,nan|PVO.4,1313860
1,130_bNAb_Combinations|1313860|vc|8|2|PVO.4|5024,0,-5.71615e-09,2.35982e-08,6.91042e-08,0,0,False,nan|PVO.4,1313860
1,130_bNAb_Combinations|1313884|cc|1|1|nan|4168,0,2.91224e-08,2.2937e-08,-7.78234e-08,0,0,False,nan|4168,1313884
1,130_bNAb_Combinations|1313884|cc|2|1|nan|4168,0,5.92929e-09,-2.39529e-08,-4.6791e-08,0,0,False,nan|4168,1313884
1,130_bNAb_Combinations|1313884|cc|3|1|nan|4168,0,-4.97488e-09,-1.23108e-08,8.26029e-09,0,0,False,nan|4168,1313884
1,130_bNAb_Combinations|1313884|cc|4|1|nan|4168,0,8.21743e-11,-4.97279e-08,5.74225e-08,0,0,False,nan|4168,1313884
1,130_bNAb_Combinations|1313884|cc|5|1|nan|4168,0,-3.49666e-08,-5.14227e-08,2.04532e-08,0,0,False,nan|4168,1313884
1,130_bNAb_Combinations|1313884|cc|6|1|nan|4168,0,-9.09059e-09,-1.05192e-08,1.00717e-08,0,0,False,nan|4168,1313884
1,130_bNAb_Combinations|1313884|cc|7|1|nan|4168,0,6.81297e-09,-4.23694e-10,-3.43653e-08,0,0,False,nan|4168,1313884
1,130_bNAb_Combinations|1313884|cc|8|1|nan|4168,0,1.73135e-08,2.49185e-08,-8.25596e-08,0,0,False,nan|4168,1313884
1,130_bNAb_Combinations|1313884|sample|10|nan|4168,0,-5.65802e-10,1.62732e-08,3.61965e-08,0,0,True,PGT121|4168,1313884
1,130_bNAb_Combinations|1313884|sample|11|nan|4168,0,2.95446e-08,-4.06891e-08,1.83076e-08,0,0,True,VRC07-523LS|4168,1313884
1,130_bNAb_Combinations|1313884|sample|12|nan|4168,0,-1.73207e-08,-4.76516e-08,3.30312e-08,0,0,True,VRC07-523LS|4168,1313884
1,130_bNAb_Combinations|1313884|sample|3|nan|4168,0,2.05209e-08,4.71231e-09,8.3163e-08,0,0,True,PGDM1400|4168,1313884
1,130_bNAb_Combinations|1313884|sample|4|nan|4168,0,1.23696e-08,4.81694e-09,3.255e-08,0,0,True,PGDM1400|4168,1313884
1,130_bNAb_Combinations|1313884|sample|5|nan|4168,0,7.53018e-09,-1.77124e-08,-1.72309e-08,0,0,True,PGDM1400|4168,1313884
1,130_bNAb_Combinations|1313884|sample|6|nan|4168,0,4.54901e-09,1.22974e-08,-1.45164e-08,0,0,True,PGDM1400|4168,1313884
1,130_bNAb_Combinations|1313884|sample|7|nan|4168,0,5.42154e-08,7.66649e-09,-1.80541e-08,0,0,True,PGT121|4168,1313884
1,130_bNAb_Combinations|1313884|sample|8|nan|4168,0,1.75109e-08,-7.41141e-08,2.89202e-08,0,0,True,PGT121|4168,1313884
1,130_bNAb_Combinations|1313884|sample|9|nan|4168,0,1.59351e-08,-1.03157e-08,2.37695e-08,0,0,True,PGT121|4168,1313884
1,130_bNAb_Combinations|1313884|vc|1|2|nan|4168,0,9.45527e-09,2.80817e-08,4.09454e-08,0,0,False,nan|4168,1313884
1,130_bNAb_Combinations|1313884|vc|2|2|nan|4168,0,-4.48488e-09,4.3112e-08,-1.94538e-08,0,0,False,nan|4168,1313884
1,130_bNAb_Combinations|1313884|vc|3|2|nan|4168,0,-2.63129e-08,1.54858e-08,5.50441e-08,0,0,False,nan|4168,1313884
1,130_bNAb_Combinations|1313884|vc|4|2|nan|4168,0,-2.1778e-08,-3.8e-08,4.08227e-08,0,0,False,nan|4168,1313884
1,130_bNAb_Combinations|1313884|vc|5|2|nan|4168,0,-8.79288e-09,2.78515e-08,1.09791e-08,0,0,False,nan|4168,1313884
1,130_bNAb_Combinations|1313884|vc|6|2|nan|4168,0,-1.25344e-08,2.82838e-08,-4.78866e-08,0,0,False,nan|4168,1313884
1,130_bNAb_Combinations|1313884|vc|7|2|nan|4168,0,3.26197e-09,1.02413e-08,5.6434e-08,0,0,False,nan|4168,1313884
1,130_bNAb_Combinations|1313884|vc|8|2|nan|4168,0,1.77367e-08,-1.04064e-08,-6.32122e-08,0,0,False,nan|4168,1313884
1,130_bNAb_Combinations|1313920|cc|1|1|nan|1798,0,2.85409e-08,3.98078e-09,7.95268e-08,0,0,False,nan|1798,1313920
1,130_bNAb_Combinations|1313920|cc|2|1|nan|1798,0,2.20701e-08,-2.86335e-08,-4.13357e-08,0,0,False,nan|1798,1313920
1,130_bNAb_Combinations|1313920|cc|3|1|nan|1798,0,-3.04577e-09,4.29166e-08,4.96156e-08,0,0,False,nan|1798,1313920
1,130_bNAb_Combinations|1313920|cc|4|1|nan|1798,0,7.07821e-09,-2.55415e-09,1.71715e-08,0,0,False,nan|1798,1313920
1,130_bNAb_Combinations|1313920|cc|5|1|nan|1798,0,3.95111e-09,-3.42492e-08,4.12091e-08,0,0,False,nan|1798,1313920
1,130_bNAb_Combinations|1313920|cc|6|1|nan|1798,0,-3.40198e-08,-5.42877e-09,-9.16492e-09,0,0,False,nan|1798,1313920
1,130_bNAb_Combinations|1313920|cc|7|1|nan|1798,0,-8.91234e-09,5.30395e-08,3.8469e-08,0,0,False,nan|1798,1313920
1,130_bNAb_Combinations|1313920|cc|8|1|nan|1798,0,4.16763e-09,-3.05209e-08,4.54202e-08,0,0,False,nan|1798,1313920
1,130_bNAb_Combinations|1313920|sample|10|nan|1798,0,-1.90297e-08,4.06838e-08,-2.61719e-08,0,0,True,PGT121|1798,1313920
1,130_bNAb_Combinations|1313920|sample|11|nan|1798,0,-1.99432e-08,-1.54645e-08,-1.57359e-08,0,0,True,VRC07-523LS|1798,1313920
1,130_bNAb_Combinations|1313920|sample|12|nan|1798,0,-1.77049e-08,3.61646e-08,4.94226e-09,0,0,True,VRC07-523LS|1798,1313920
1,130_bNAb_Combinations|1313920|sample|3|nan|1798,0,8.39199e-09,2.92407e-08,2.07055e-08,0,0,True,PGDM1400|1798,1313920
1,130_bNAb_Combinations|1313920|sample|4|nan|1798,0,-2.50314e-08,1.84415e-09,2.77785e-08,0,0,True,PGDM1400|1798,1313920
1,130_bNAb_Combinations|1313920|sample|5|nan|1798,0,6.59956e-09,1.51159e-08,2.34022e-08,0,0,True,PGDM1400|1798,1313920
1,130_bNAb_Combinations|1313920|sample|6|nan|1798,0,8.45547e-09,-1.80351e-08,2.16535e-08,0,0,True,PGDM1400|1798,1313920
1,130_bNAb_Combinations|1313920|sample|7|nan|1798,0,-1.424e-08,-6.0851e-09,-3.61414e-08,0,0,True,PGT121|1798,1313920
1,130_bNAb_Combinations|1313920|sample|8|nan|1798,0,-1.22964e-08,-6.40498e-08,1.65704e-08,0,0,True,PGT121|1798,1313920
1,130_bNAb_Combinations|1313920|sample|9|nan|1798,0,6.23011e-09,1.80718e-08,4.39846e-08,0,0,True,PGT121|1798,1313920
1,130_bNAb_Combinations|1313920|vc|1|2|nan|1798,0,1.01884e-08,1.90641e-08,-2.35882e-08,0,0,False,nan|1798,1313920
1,130_bNAb_Combinations|1313920|vc|2|2|nan|1798,0,2.29229e-08,-4.87661e-08,7.95168e-08,0,0,False,nan|1798,1313920
1,130_bNAb_Combinations|1313920|vc|3|2|nan|1798,0,9.90704e-09,-4.72737e-09,-2.64751e-08,0,0,False,nan|1798,1313920
1,130_bNAb_Combinations|1313920|vc|4|2|nan|1798,0,9.67619e-09,1.61915e-08,-8.5275e-08,0,0,False,nan|1798,1313920
1,130_bNAb_Combinations|1313920|vc|5|2|nan|1798,0,-9.48184e-09,2.78608e-08,-3.28562e-08,0,0,False,nan|1798,1313920
1,130_bNAb_Combinations|1313920|vc|6|2|nan|1798,0,-1.29603e-08,3.36647e-08,5.78596e-08,0,0,False,nan|1798,1313920
1,130_bNAb_Combinations|1313920|vc|7|2|nan|1798,0,2.4312e-08,2.09566e-08,4.08388e-08,0,0,False,nan|1798,1313920
1,130_bNAb_Combinations|1313920|vc|8|2|nan|1798,0,1.77468e-08,4.32181e-09,-2.36e-08,0,0,False,nan|1798,1313920
1,130_bNAb_Combinations|1313938|cc|1|1|TRO.11|8301,0,1.56907e-08,5.05837e-09,-5.48473e-08,0,0,False,nan|TRO.11,1313938
1,130_bNAb_Combinations|1313938|cc|2|1|TRO.11|8301,0,1.24894e-08,5.57371e-08,-1.60038e-09,0,0,False,nan|TRO.11,1313938
1,130_bNAb_Combinations|1313938|cc|3|1|TRO.11|8301,0,-4.22655e-09,-1.76156e-08,-3.19865e-08,0,0,False,nan|TRO.11,1313938
1,130_bNAb_Combinations|1313938|cc|4|1|TRO.11|8301,0,-1.22254e-08,-2.93592e-08,2.99324e-08,0,0,False,nan|TRO.11,1313938
1,130_bNAb_Combinations|1313938|cc|5|1|TRO.11|8301,0,6.76667e-09,-3.1762e-08,-1.57499e-08,0,0,False,nan|TRO.11,1313938
1,130_bNAb_Combinations|1313938|cc|6|1|TRO.11|8301,0,1.75318e-08,-1.39591e-08,2.82639e-08,0,0,False,nan|TRO.11,1313938
1,130_bNAb_Combinations|1313938|cc|7|1|TRO.11|8301,0,1.33283e-08,2.94582e-09,3.40923e-08,0,0,False,nan|TRO.11,1313938
1,130_bNAb_Combinations|1313938|cc|8|1|TRO.11|8301,0,-3.02903e-09,7.15019e-09,2.12881e-08,0,0,False,nan|TRO.11,1313938
1,130_bNAb_Combinations|1313938|sample|10|TRO.11|8301,0,5.05324e-09,-3.1712e-08,-2.16718e-08,0,0,True,PGT121|TRO.11,1313938
1,130_bNAb_Combinations|1313938|sample|11|TRO.11|8301,0,-3.76741e-09,-3.80323e-08,-5.12025e-08,0,0,True,VRC07-523LS|TRO.11,1313938
1,130_bNAb_Combinations|1313938|sample|12|TRO.11|8301,0,1.91532e-08,3.96679e-09,-1.97128e-09,0,0,True,VRC07-523LS|TRO.11,1313938
1,130_bNAb_Combinations|1313938|sample|3|TRO.11|8301,0,-2.68855e-08,6.37858e-08,-3.56399e-08,0,0,True,PGDM1400|TRO.11,1313938
1,130_bNAb_Combinations|1313938|sample|4|TRO.11|8301,0,-1.50732e-08,5.43296e-08,-8.16474e-09,0,0,True,PGDM1400|TRO.11,1313938
1,130_bNAb_Combinations|1313938|sample|5|TRO.11|8301,0,2.8646e-09,4.92615e-08,-2.53001e-08,0,0,True,PGDM1400|TRO.11,1313938
1,130_bNAb_Combinations|1313938|sample|6|TRO.11|8301,0,-1.43473e-08,-4.54004e-08,-4.34349e-08,0,0,True,PGDM1400|TRO.11,1313938
1,130_bNAb_Combinations|1313938|sample|7|TRO.11|8301,0,6.27042e-09,2.76466e-08,-2.07758e-08,0,0,True,PGT121|TRO.11,1313938
1,130_bNAb_Combinations|1313938|sample|8|TRO.11|8301,0,1.87928e-09,9.95822e-09,5.93536e-08,0,0,True,PGT121|TRO.11,1313938
1,130_bNAb_Combinations|1313938|sample|9|TRO.11|8301,0,-7.46301e-09,-1.35115e-08,-1.0379e-08,0,0,True,PGT121|TRO.11,1313938
1,130_bNAb_Combinations|1313938|vc|1|2|TRO.11|8301,0,-1.16619e-08,-6.18271e-09,4.33254e-09,0,0,False,nan|TRO.11,1313938
1,130_bNAb_Combinations|1313938|vc|2|2|TRO.11|8301,0,5.61307e-09,-3.8419e-08,2.13051e-09,0,0,False,nan|TRO.11,1313938
1,130_bNAb_Combinations|1313938|vc|3|2|TRO.11|8301,0,-1.5053e-08,3.37118e-08,-2.94318e-08,0,0,False,nan|TRO.11,1313938
1,130_bNAb_Combinations|1313938|vc|4|2|TRO.11|8301,0,2.09995e-08,-2.18738e-08,6.61012e-08,0,0,False,nan|TRO.11,1313938
1,130_bNAb_Combinations|1313938|vc|5|2|TRO.11|8301,0,-9.68375e-09,1.15613e-08,-2.09027e-08,0,0,False,nan|TRO.11,1313938
1,130_bNAb_Combinations|1313938|vc|6|2|TRO.11|8301,0,4.14205e-08,-2.36619e-08,-3.34034e-08,0,0,False,nan|TRO.11,1313938
1,130_bNAb_Combinations|1313938|vc|7|2|TRO.11|8301,0,9.26656e-09,-3.12785e-08,-5.23599e-08,0,0,False,nan|TRO.11,1313938
1,130_bNAb_Combinations|1313938|vc|8|2|TRO.11|8301,0,-3.64884e-09,-3.49307e-08,-3.03965e-08,0,0,False,nan|TRO.11,1313938
1,130_bNAb_Combinations|1313956|cc|1|1|Ce1176_A3|7023,0,8.39266e-09,-1.46975e-08,-1.94931e-08,0,0,False,nan|Ce1176_A3,1313956
1,130_bNAb_Combinations|1313956|cc|2|1|Ce1176_A3|7023,0,-4.84371e-09,6.46762e-09,3.19301e-09,0,0,False,nan|Ce1176_A3,1313956
1,130_bNAb_Combinations|1313956|cc|3|1|Ce1176_A3|7023,0,4.87042e-10,-1.84128e-08,-3.27841e-08,0,0,False,nan|Ce1176_A3,1313956
1,130_bNAb_Combinations|1313956|cc|4|1|Ce1176_A3|7023,0,-4.0772e-08,3.35865e-08,-2.06305e-08,0,0,False,nan|Ce1176_A3,1313956
1,130_bNAb_Combinations|1313956|cc|5|1|Ce1176_A3|7023,0,-4.00434e-09,-2.55627e-08,1.71592e-08,0,0,False,nan|Ce1176_A3,1313956
1,130_bNAb_Combinations|1313956|cc|6|1|Ce1176_A3|7023,0,1.55154e-08,1.5362e-08,-6.20659e-08,0,0,False,nan|Ce1176_A3,1313956
1,130_bNAb_Combinations|1313956|cc|7|1|Ce1176_A3|7023,0,-5.7514e-09,-6.72181e-08,1.47254e-08,0,0,False,nan|Ce1176_A3,1313956
1,130_bNAb_Combinations|1313956|cc|8|1|Ce1176_A3|7023,0,1.48607e-08,3.75191e-09,-4.70331e-08,0,0,False,nan|Ce1176_A3,1313956
1,130_bNAb_Combinations|1313956|sample|10|Ce1176_A3|7023,0,2.30953e-08,-3.31808e-08,-5.6223e-08,0,0,True,PGT121|Ce1176_A3,1313956
1,130_bNAb_Combinations|1313956|sample|11|Ce1176_A3|7023,0,-2.64139e-08,-3.7449e-08,8.04208e-08,0,0,True,VRC07-523LS|Ce1176_A3,1313956
1,130_bNAb_Combinations|1313956|sample|12|Ce1176_A3|7023,0,8.40041e-09,2.06491e-08,5.32234e-09,0,0,True,VRC07-523LS|Ce1176_A3,1313956
1,130_bNAb_Combinations|1313956|sample|3|Ce1176_A3|7023,0,-1.40742e-09,6.42865e-09,3.27972e-08,0,0,True,PGDM1400|Ce1176_A3,1313956
1,130_bNAb_Combinations|1313956|sample|4|Ce1176_A3|7023,0,3.42578e-09,3.13382e-08,5.3186e-08,0,0,True,PGDM1400|Ce1176_A3,1313956
1,130_bNAb_Combinations|1313956|sample|5|Ce1176_A3|7023,0,3.19034e-08,1.31466e-08,-4.33849e-08,0,0,True,PGDM1400|Ce1176_A3,1313956
1,130_bNAb_Combinations|1313956|sample|6|Ce1176_A3|7023,0,1.28864e-08,4.44136e-08,-7.38618e-08,0,0,True,PGDM1400|Ce1176_A3,1313956
1,130_bNAb_Combinations|1313956|sample|7|Ce1176_A3|7023,0,2.36703e-10,1.92542e-09,-2.36198e-08,0,0,True,PGT121|Ce1176_A3,1313956
1,130_bNAb_Combinations|1313956|sample|8|Ce1176_A3|7023,0,-9.90809e-10,-4.02744e-08,8.48482e-09,0,0,True,PGT121|Ce1176_A3,1313956
1,130_bNAb_Combinations|1313956|sample|9|Ce1176_A3|7023,0,-7.64388e-10,-1.27758e-09,-2.68378e-08,0,0,True,PGT121|Ce1176_A3,1313956
1,130_bNAb_Combinations|1313956|vc|1|2|Ce1176_A3|7023,0,1.42186e-08,2.23136e-08,-1.81815e-08,0,0,False,nan|Ce1176_A3,1313956
1,130_bNAb_Combinations|1313956|vc|2|2|Ce1176_A3|7023,0,3.21055e-08,5.96227e-08,1.70533e-08,0,0,False,nan|Ce1176_A3,1313956
1,130_bNAb_Combinations|1313956|vc|3|2|Ce1176_A3|7023,0,2.98877e-09,1.01616e-08,-1.47427e-08,0,0,False,nan|Ce1176_A3,1313956
1,130_bNAb_Combinations|1313956|vc|4|2|Ce1176_A3|7023,0,9.80478e-09,-1.24557e-08,5.46337e-08,0,0,False,nan|Ce1176_A3,1313956
1,130_bNAb_Combinations|1313956|vc|5|2|Ce1176_A3|7023,0,-5.68921e-09,-3.00581e-09,1.83314e-08,0,0,False,nan|Ce1176_A3,1313956
1,130_bNAb_Combinations|1313956|vc|6|2|Ce1176_A3|7023,0,-2.8803e-08,3.34359e-08,1.47253e-08,0,0,False,nan|Ce1176_A3,1313956
1,130_bNAb_Combinations|1313956|vc|7|2|Ce1176_A3|7023,0,-2.06765e-08,3.88734e-08,2.97604e-08,0,0,False,nan|Ce1176_A3,1313956
1,130_bNAb_Combinations|1313956|vc|8|2|Ce1176_A3|7023,0,-4.93678e-09,-4.82651e-10,-3.1172e-08,0,0,False,nan|Ce1176_A3,1313956
1,130_bNAb_Combinations|1313974|cc|1|1|nan|1176,0,3.98651e-08,-3.22866e-08,-2.18201e-08,0,0,False,nan|1176,1313974
1,130_bNAb_Combinations|1313974|cc|2|1|nan|1176,0,1.30584e-08,-8.74945e-09,3.59612e-08,0,0,False,nan|1176,1313974
1,130_bNAb_Combinations|1313974|cc|3|1|nan|1176,0,6.06892e-09,2.18593e-08,-1.95711e-08,0,0,False,nan|1176,1313974
1,130_bNAb_Combinations|1313974|cc|4|1|nan|1176,0,4.06698e-09,-3.0121e-08,4.24707e-08,0,0,False,nan|1176,1313974
1,130_bNAb_Combinations|1313974|cc|5|1|nan|1176,0,-2.35023e-10,-3.08527e-08,-1.42291e-08,0,0,False,nan|1176,1313974
1,130_bNAb_Combinations|1313974|cc|6|1|nan|1176,0,-3.06134e-10,4.9233e-08,-7.57444e-09,0,0,False,nan|1176,1313974
1,130_bNAb_Combinations|1313974|cc|7|1|nan|1176,0,4.10403e-08,8.78745e-09,-4.63749e-09,0,0,False,nan|1176,1313974
1,130_bNAb_Combinations|1313974|cc|8|1|nan|1176,0,-6.58067e-09,1.74726e-08,-5.24673e-09,0,0,False,nan|1176,1313974
1,130_bNAb_Combinations|1313974|sample|10|nan|1176,0,1.39494e-08,1.15084e-08,6.02453e-08,0,0,True,PGT121|1176,1313974
1,130_bNAb_Combinations|1313974|sample|11|nan|1176,0,-6.80275e-09,4.93996e-10,5.33042e-08,0,0,True,VRC07-523LS|1176,1313974
1,130_bNAb_Combinations|1313974|sample|12|nan|1176,0,1.588e-08,1.67937e-08,-1.43769e-08,0,0,True,VRC07-523LS|1176,1313974
1,130_bNAb_Combinations|1313974|sample|3|nan|1176,0,-1.04269e-10,-1.41897e-08,2.0468e-08,0,0,True,PGDM1400|1176,1313974
1,130_bNAb_Combinations|1313974|sample|4|nan|1176,0,-2.76043e-08,1.79226e-08,4.5089e-08,0,0,True,PGDM1400|1176,1313974
1,130_bNAb_Combinations|1313974|sample|5|nan|1176,0,5.52523e-09,5.89302e-09,4.74645e-08,0,0,True,PGDM1400|1176,1313974
1,130_bNAb_Combinations|1313974|sample|6|nan|1176,0,1.36429e-08,-2.51486e-08,-2.17335e-08,0,0,True,PGDM1400|1176,1313974
1,130_bNAb_Combinations|1313974|sample|7|nan|1176,0,5.76612e-09,-3.0066e-08,2.9405e-08,0,0,True,PGT121|1176,1313974
1,130_bNAb_Combinations|1313974|sample|8|nan|1176,0,1.55692e-08,9.52424e-09,3.67157e-08,0,0,True,PGT121|1176,1313974
1,130_bNAb_Combinations|1313974|sample|9|nan|1176,0,1.05437e-08,1.44243e-08,-1.82602e-08,0,0,True,PGT121|1176,1313974
1,130_bNAb_Combinations|1313974|vc|1|2|nan|1176,0,3.32393e-09,-2.7168e-08,-7.7252e-08,0,0,False,nan|1176,1313974
1,130_bNAb_Combinations|1313974|vc|2|2|nan|1176,0,-1.46285e-08,3.44593e-09,-1.35436e-08,0,0,False,nan|1176,1313974
1,130_bNAb_Combinations|1313974|vc|3|2|nan|1176,0,1.9811e-08,-1.74015e-08,-4.68345e-08,0,0,False,nan|1176,1313974
1,130_bNAb_Combinations|1313974|vc|4|2|nan|1176,0,-7.85784e-09,-1.89866e-08,-6.21856e-09,0,0,False,nan|1176,1313974
1,130_bNAb_Combinations|1313974|vc|5|2|nan|1176,0,-8.46977e-09,1.47737e-08,-2.50792e-08,0,0,False,nan|1176,1313974
1,130_bNAb_Combinations|1313974|vc|6|2|nan|1176,0,1.40592e-08,7.27163e-09,7.73675e-09,0,0,False,nan|1176,1313974
1,130_bNAb_Combinations|1313974|vc|7|2|nan|1176,0,2.83872e-08,1.09845e-08,-6.82398e-08,0,0,False,nan|1176,1313974
1,130_bNAb_Combinations|1313974|vc|8|2|nan|1176,0,-1.73193e-09,6.82162e-09,-8.61478e-08,0,0,False,nan|1176,1313974
1,130_bNAb_Combinations|1313992|cc|1|1|RHPA4259.7|5371,0,-2.44699e-08,-1.77822e-08,5.68293e-08,0,0,False,nan|RHPA4259.7,1313992
1,130_bNAb_Combinations|1313992|cc|2|1|RHPA4259.7|5371,0,-7.03061e-10,3.42909e-10,3.89856e-09,0,0,False,nan|RHPA4259.7,1313992
1,130_bNAb_Combinations|1313992|cc|3|1|RHPA4259.7|5371,0,-2.00546e-09,-1.40843e-09,-1.78824e-08,0,0,False,nan|RHPA4259.7,1313992
1,130_bNAb_Combinations|1313992|cc|4|1|RHPA4259.7|5371,0,-1.91859e-08,-3.16137e-08,-3.30153e-08,0,0,False,nan|RHPA4259.7,1313992
1,130_bNAb_Combinations|1313992|cc|5|1|RHPA4259.7|5371,0,-1.18995e-08,4.87353e-09,-3.72667e-08,0,0,False,nan|RHPA4259.7,1313992
1,130_bNAb_Combinations|1313992|cc|6|1|RHPA4259.7|5371,0,-1.15136e-08,-9.34975e-09,-9.4119e-10,0,0,False,nan|RHPA4259.7,1313992
1,130_bNAb_Combinations|1313992|cc|7|1|RHPA4259.7|5371,0,-1.33304e-08,-5.01478e-08,-2.0828e-08,0,0,False,nan|RHPA4259.7,1313992
1,130_bNAb_Combinations|1313992|cc|8|1|RHPA4259.7|5371,0,1.34074e-08,2.97109e-08,-2.61782e-08,0,0,False,nan|RHPA4259.7,1313992
1,130_bNAb_Combinations|1313992|sample|10|RHPA4259.7|5371,0,1.08899e-09,-6.10825e-09,-1.73161e-08,0,0,True,PGT121|RHPA4259.7,1313992
1,130_bNAb_Combinations|1313992|sample|11|RHPA4259.7|5371,0,4.10254e-09,2.31344e-08,9.02368e-08,0,0,True,VRC07-523LS|RHPA4259.7,1313992
1,130_bNAb_Combinations|1313992|sample|12|RHPA4259.7|5371,0,-1.12819e-08,-3.4287e-08,-1.63682e-08,0,0,True,VRC07-523LS|RHPA4259.7,1313992
1,130_bNAb_Combinations|1313992|sample|3|RHPA4259.7|5371,0,3.85548e-09,2.47628e-08,3.059e-08,0,0,True,PGDM1400|RHPA4259.7,1313992
1,130_bNAb_Combinations|1313992|sample|4|RHPA4259.7|5371,0,-4.83217e-08,-4.15948e-08,-5.55876e-09,0,0,True,PGDM1400|RHPA4259.7,1313992
1,130_bNAb_Combinations|1313992|sample|5|RHPA4259.7|5371,0,-6.08541e-09,-1.21218e-08,-5.39452e-09,0,0,True,PGDM1400|RHPA4259.7,1313992
1,130_bNAb_Combinations|1313992|sample|6|RHPA4259.7|5371,0,9.77526e-09,1.55895e-08,1.62491e-08,0,0,True,PGDM1400|RHPA4259.7,1313992
1,130_bNAb_Combinations|1313992|sample|7|RHPA4259.7|5371,0,-2.9131e-08,-2.50935e-08,-3.44018e-08,0,0,True,PGT121|RHPA4259.7,1313992
1,130_bNAb_Combinations|1313992|sample|8|RHPA4259.7|5371,0,-2.21872e-09,3.16709e-09,9.86913e-09,0,0,True,PGT121|RHPA4259.7,1313992
1,130_bNAb_Combinations|1313992|sample|9|RHPA4259.7|5371,0,-3.1948e-08,1.68978e-08,-6.26085e-08,0,0,True,PGT121|RHPA4259.7,1313992
1,130_bNAb_Combinations|1313992|vc|1|2|RHPA4259.7|5371,0,1.14708e-08,-4.65917e-08,-4.26633e-08,0,0,False,nan|RHPA4259.7,1313992
1,130_bNAb_Combinations|1313992|vc|2|2|RHPA4259.7|5371,0,6.68576e-09,9.73742e-09,2.5678e-09,0,0,False,nan|RHPA4259.7,1313992
1,130_bNAb_Combinations|1313992|vc|3|2|RHPA4259.7|5371,0,1.78389e-09,-3.20759e-08,-8.99449e-08,0,0,False,nan|RHPA4259.7,1313992
1,130_bNAb_Combinations|1313992|vc|4|2|RHPA4259.7|5371,0,-2.29316e-08,-1.84005e-08,2.49862e-08,0,0,False,nan|RHPA4259.7,1313992
1,130_bNAb_Combinations|1313992|vc|5|2|RHPA4259.7|5371,0,-7.00016e-09,4.48866e-08,1.1093e-08,0,0,False,nan|RHPA4259.7,1313992
1,130_bNAb_Combinations|1313992|vc|6|2|RHPA4259.7|5371,0,9.96969e-09,8.25392e-10,-6.16422e-08,0,0,False,nan|RHPA4259.7,1313992
1,130_bNAb_Combinations|1313992|vc|7|2|RHPA4259.7|5371,0,-1.2534e-08,-7.92928e-09,7.26379e-08,0,0,False,nan|RHPA4259.7,1313992
1,130_bNAb_Combinations|1313992|vc|8|2|RHPA4259.7|5371,0,1.20196e-08,2.3272e-08,-7.81013e-08,0,0,False,nan|RHPA4259.7,1313992
1,130_bNAb_Combinations|1314016|cc|1|1|nan|3430,0,1.20471e-08,-7.15053e-09,-2.49332e-08,0,0,False,nan|3430,1314016
1,130_bNAb_Combinations|1314016|cc|2|1|nan|3430,0,1.66931e-09,3.84416e-09,1.95382e-08,0,0,False,nan|3430,1314016
1,130_bNAb_Combinations|1314016|cc|3|1|nan|3430,0,-2.58913e-08,1.20246e-08,-4.95153e-08,0,0,False,nan|3430,1314016
1,130_bNAb_Combinations|1314016|cc|4|1|nan|3430,0,-1.08895e-08,1.75808e-08,3.16008e-08,0,0,False,nan|3430,1314016
1,130_bNAb_Combinations|1314016|cc|5|1|nan|3430,0,2.36965e-08,3.07149e-08,-1.22525e-08,0,0,False,nan|3430,1314016
1,130_bNAb_Combinations|1314016|cc|6|1|nan|3430,0,-5.00897e-09,-1.08626e-08,-1.8575e-08,0,0,False,nan|3430,1314016
1,130_bNAb_Combinations|1314016|cc|7|1|nan|3430,0,-4.21897e-08,-1.47785e-08,2.52448e-08,0,0,False,nan|3430,1314016
1,130_bNAb_Combinations|1314016|cc|8|1|nan|3430,0,5.84663e-09,-2.27185e-08,9.05984e-09,0,0,False,nan|3430,1314016
1,130_bNAb_Combinations|1314016|sample|10|nan|3430,0,-2.4163e-08,-1.17082e-08,-3.8313e-08,0,0,True,PGT121|3430,1314016
1,130_bNAb_Combinations|1314016|sample|11|nan|3430,0,-1.78563e-08,5.64333e-09,2.85297e-08,0,0,True,VRC07-523LS|3430,1314016
1,130_bNAb_Combinations|1314016|sample|12|nan|3430,0,-6.56557e-09,-2.59037e-08,1.58217e-08,0,0,True,VRC07-523LS|3430,1314016
1,130_bNAb_Combinations|1314016|sample|3|nan|3430,0,-1.06146e-08,4.73759e-09,-6.00764e-08,0,0,True,PGDM1400|3430,1314016
1,130_bNAb_Combinations|1314016|sample|4|nan|3430,0,-7.97795e-09,-1.16043e-08,1.65921e-08,0,0,True,PGDM1400|3430,1314016
1,130_bNAb_Combinations|1314016|sample|5|nan|3430,0,-8.60567e-09,-4.79771e-08,-2.76414e-08,0,0,True,PGDM1400|3430,1314016
1,130_bNAb_Combinations|1314016|sample|6|nan|3430,0,-1.91743e-08,2.94596e-08,1.77936e-08,0,0,True,PGDM1400|3430,1314016
1,130_bNAb_Combinations|1314016|sample|7|nan|3430,0,3.18095e-08,-1.08129e-08,5.24056e-08,0,0,True,PGT121|3430,1314016
1,130_bNAb_Combinations|1314016|sample|8|nan|3430,0,1.19364e-08,1.16977e-08,-7.27122e-08,0,0,True,PGT121|3430,1314016
1,130_bNAb_Combinations|1314016|sample|9|nan|3430,0,-2.6837e-08,-1.13869e-08,5.02614e-09,0,0,True,PGT121|3430,1314016
1,130_bNAb_Combinations|1314016|vc|1|2|nan|3430,0,-9.75984e-09,2.04926e-08,1.86689e-08,0,0,False,nan|3430,1314016
1,130_bNAb_Combinations|1314016|vc|2|2|nan|3430,0,-3.36914e-09,-2.29186e-09,-4.18939e-08,0,0,False,nan|3430,1314016
1,130_bNAb_Combinations|1314016|vc|3|2|nan|3430,0,-1.75162e-09,4.65243e-08,-7.42991e-08,0,0,False,nan|3430,1314016
1,130_bNAb_Combinations|1314016|vc|4|2|nan|3430,0,7.3929e-09,-1.37629e-08,-4.16466e-08,0,0,False,nan|3430,1314016
1,130_bNAb_Combinations|1314016|vc|5|2|nan|3430,0,1.89713e-08,3.60176e-08,2.76833e-08,0,0,False,nan|3430,1314016
1,130_bNAb_Combinations|1314016|vc|6|2|nan|3430,0,-8.22891e-09,-2.08996e-08,-4.02936e-08,0,0,False,nan|3430,1314016
1,130_bNAb_Combinations|1314016|vc|7|2|nan|3430,0,1.21253e-08,-3.30082e-08,3.12559e-08,0,0,False,nan|3430,1314016
1,130_bNAb_Combinations|1314016|vc|8|2|nan|3430,0,1.29616e-08,-3.10505e-08,1.85851e-08,0,0,False,nan|3430,1314016
1,130_bNAb_Combinations|1314040|cc|1|1|nan|4166,0,1.15316e-08,-6.77742e-08,-7.97522e-09,0,0,False,nan|4166,1314040
1,130_bNAb_Combinations|1314040|cc|2|1|nan|4166,0,4.51548e-09,-1.2443e-09,-7.55513e-08,0,0,False,nan|4166,1314040
1,130_bNAb_Combinations|1314040|cc|3|1|nan|4166,0,-9.57277e-09,-5.94684e-08,-1.08953e-07,0,0,False,nan|4166,1314040
1,130_bNAb_Combinations|1314040|cc|4|1|nan|4166,0,-2.07486e-08,-1.72607e-08,-8.4646e-08,0,0,False,nan|4166,1314040
1,130_bNAb_Combinations|1314040|cc|5|1|nan|4166,0,-5.07526e-09,2.48378e-09,-3.45631e-08,0,0,False,nan|4166,1314040
1,130_bNAb_Combinations|1314040|cc|6|1|nan|4166,0,2.91048e-08,2.76654e-08,3.97874e-09,0,0,False,nan|4166,1314040
1,130_bNAb_Combinations|1314040|cc|7|1|nan|4166,0,-4.76305e-09,-4.9749e-08,6.69888e-08,0,0,False,nan|4166,1314040
1,130_bNAb_Combinations|1314040|cc|8|1|nan|4166,0,-2.49041e-08,4.63462e-09,3.2967e-08,0,0,False,nan|4166,1314040
1,130_bNAb_Combinations|1314040|sample|10|nan|4166,0,-6.55587e-09,-2.4046e-08,4.67331e-08,0,0,True,PGT121|4166,1314040
1,130_bNAb_Combinations|1314040|sample|11|nan|4166,0,-2.31755e-08,4.37706e-10,7.42181e-09,0,0,True,VRC07-523LS|4166,1314040
1,130_bNAb_Combinations|1314040|sample|12|nan|4166,0,-3.65007e-09,-5.45595e-08,3.32937e-09,0,0,True,VRC07-523LS|4166,1314040
1,130_bNAb_Combinations|1314040|sample|3|nan|4166,0,3.1037e-08,1.89911e-08,-6.02545e-08,0,0,True,PGDM1400|4166,1314040
1,130_bNAb_Combinations|1314040|sample|4|nan|4166,0,6.12895e-09,-3.89751e-08,5.27166e-09,0,0,True,PGDM1400|4166,1314040
1,130_bNAb_Combinations|1314040|sample|5|nan|4166,0,2.99136e-08,-4.56795e-08,8.13632e-08,0,0,True,PGDM1400|4166,1314040
1,130_bNAb_Combinations|1314040|sample|6|nan|4166,0,1.24189e-08,3.17096e-08,6.19542e-09,0,0,True,PGDM1400|4166,1314040
1,130_bNAb_Combinations|1314040|sample|7|nan|4166,0,6.79701e-09,-2.61918e-08,6.14404e-08,0,0,True,PGT121|4166,1314040
1,130_bNAb_Combinations|1314040|sample|8|nan|4166,0,1.63739e-08,-3.48017e-08,2.14356e-08,0,0,True,PGT121|4166,1314040
1,130_bNAb_Combinations|1314040|sample|9|nan|4166,0,-2.41616e-08,-3.09971e-08,-4.13229e-09,0,0,True,PGT121|4166,1314040
1,130_bNAb_Combinations|1314040|vc|1|2|nan|4166,0,-2.58702e-08,2.3852e-09,2.24682e-08,0,0,False,nan|4166,1314040
1,130_bNAb_Combinations|1314040|vc|2|2|nan|4166,0,3.74294e-09,-3.46801e-09,-1.04293e-08,0,0,False,nan|4166,1314040
1,130_bNAb_Combinations|1314040|vc|3|2|nan|4166,0,3.86759e-08,-3.84155e-08,2.07277e-08,0,0,False,nan|4166,1314040
1,130_bNAb_Combinations|1314040|vc|4|2|nan|4166,0,-6.35397e-09,-1.25841e-08,-5.95657e-08,0,0,False,nan|4166,1314040
1,130_bNAb_Combinations|1314040|vc|5|2|nan|4166,0,-1.57406e-08,1.71708e-08,1.73307e-08,0,0,False,nan|4166,1314040
1,130_bNAb_Combinations|1314040|vc|6|2|nan|4166,0,1.41686e-08,6.53493e-09,-8.74593e-09,0,0,False,nan|4166,1314040
1,130_bNAb_Combinations|1314040|vc|7|2|nan|4166,0,1.58804e-09,9.93942e-09,-9.23667e-08,0,0,False,nan|4166,1314040
1,130_bNAb_Combinations|1314040|vc|8|2|nan|4166,0,1.14684e-08,1.54537e-08,-5.34652e-08,0,0,False,nan|4166,1314040
1,130_bNAb_Combinations|1314058|cc|1|1|nan|2944,0,7.56378e-09,7.88722e-09,3.98097e-08,0,0,False,nan|2944,1314058
1,130_bNAb_Combinations|1314058|cc|2|1|nan|2944,0,4.65078e-09,1.30735e-08,-4.72011e-08,0,0,False,nan|2944,1314058
1,130_bNAb_Combinations|1314058|cc|3|1|nan|2944,0,-2.94404e-08,-3.97852e-08,1.46179e-08,0,0,False,nan|2944,1314058
1,130_bNAb_Combinations|1314058|cc|4|1|nan|2944,0,6.27248e-09,-2.78548e-08,-3.69294e-09,0,0,False,nan|2944,1314058
1,130_bNAb_Combinations|1314058|cc|5|1|nan|2944,0,6.78781e-09,5.17529e-08,3.54503e-09,0,0,False,nan|2944,1314058
1,130_bNAb_Combinations|1314058|cc|6|1|nan|2944,0,-1.71267e-08,-1.22055e-08,-9.64527e-09,0,0,False,nan|2944,1314058
1,130_bNAb_Combinations|1314058|cc|7|1|nan|2944,0,-5.41494e-10,1.46763e-08,6.34909e-09,0,0,False,nan|2944,1314058
1,130_bNAb_Combinations|1314058|cc|8|1|nan|2944,0,-2.93674e-09,6.77734e-09,-6.15798e-09,0,0,False,nan|2944,1314058
1,130_bNAb_Combinations|1314058|sample|10|nan|2944,0,-9.93935e-09,-7.6378e-09,1.2713e-08,0,0,True,PGT121|2944,1314058
1,130_bNAb_Combinations|1314058|sample|11|nan|2944,0,-4.44416e-09,-5.98672e-09,-5.62387e-08,0,0,True,VRC07-523LS|2944,1314058
1,130_bNAb_Combinations|1314058|sample|12|nan|2944,0,-1.50247e-08,-2.98591e-08,-3.38205e-08,0,0,True,VRC07-523LS|2944,1314058
1,130_bNAb_Combinations|1314058|sample|3|nan|2944,0,-2.49076e-08,3.1889e-08,8.18665e-08,0,0,True,PGDM1400|2944,1314058
1,130_bNAb_Combinations|1314058|sample|4|nan|2944,0,1.11682e-08,-8.16701e-09,1.29782e-08,0,0,True,PGDM1400|2944,1314058
1,130_bNAb_Combinations|1314058|sample|5|nan|2944,0,2.7975e-09,-1.11478e-08,-6.85539e-08,0,0,True,PGDM1400|2944,1314058
1,130_bNAb_Combinations|1314058|sample|6|nan|2944,0,-2.59827e-08,-5.13549e-09,8.8218e-08,0,0,True,PGDM1400|2944,1314058
1,130_bNAb_Combinations|1314058|sample|7|nan|2944,0,2.25572e-09,3.93718e-08,-9.2827e-09,0,0,True,PGT121|2944,1314058
1,130_bNAb_Combinations|1314058|sample|8|nan|2944,0,1.08837e-08,-4.45797e-08,2.92264e-08,0,0,True,PGT121|2944,1314058
1,130_bNAb_Combinations|1314058|sample|9|nan|2944,0,-1.69139e-08,5.54994e-08,2.17958e-08,0,0,True,PGT121|2944,1314058
1,130_bNAb_Combinations|1314058|vc|1|2|nan|2944,0,-2.89807e-08,5.14432e-09,-3.86194e-08,0,0,False,nan|2944,1314058
1,130_bNAb_Combinations|1314058|vc|2|2|nan|2944,0,4.89213e-09,5.00701e-09,-7.37265e-09,0,0,False,nan|2944,1314058
1,130_bNAb_Combinations|1314058|vc|3|2|nan|2944,0,9.61223e-09,-3.243e-08,1.93655e-08,0,0,False,nan|2944,1314058
1,130_bNAb_Combinations|1314058|vc|4|2|nan|2944,0,-2.51357e-08,4.14883e-08,2.93883e-08,0,0,False,nan|2944,1314058
1,130_bNAb_Combinations|1314058|vc|5|2|nan|2944,0,-8.8916e-09,-4.21558e-08,4.38262e-09,0,0,False,nan|2944,1314058
1,130_bNAb_Combinations|1314058|vc|6|2|nan|2944,0,9.85541e-09,1.77506e-08,-7.5596e-08,0,0,False,nan|2944,1314058
1,130_bNAb_Combinations|1314058|vc|7|2|nan|2944,0,2.31069e-08,2.9592e-08,4.18972e-08,0,0,False,nan|2944,1314058
1,130_bNAb_Combinations|1314058|vc|8|2|nan|2944,0,-2.00433e-08,-9.38033e-09,6.73108e-09,0,0,False,nan|2944,1314058
1,130_bNAb_Combinations|1342240|cc|1|1|nan|1798,0,-1.94369e-08,-1.76464e-08,1.39215e-08,0,0,False,nan|1798,1342240
1,130_bNAb_Combinations|1342240|cc|2|1|nan|1798,0,-2.20781e-08,-3.94999e-08,-7.41199e-08,0,0,False,nan|1798,1342240
1,130_bNAb_Combinations|1342240|cc|3|1|nan|1798,0,-1.87585e-08,-1.15567e-08,3.34563e-08,0,0,False,nan|1798,1342240
1,130_bNAb_Combinations|1342240|cc|4|1|nan|1798,0,8.40061e-09,6.07686e-09,3.52988e-08,0,0,False,nan|1798,1342240
1,130_bNAb_Combinations|1342240|cc|5|1|nan|1798,0,-1.10238e-08,-2.20374e-08,4.32111e-08,0,0,False,nan|1798,1342240
1,130_bNAb_Combinations|1342240|cc|6|1|nan|1798,0,2.214e-08,3.85172e-08,-9.73955e-08,0,0,False,nan|1798,1342240
1,130_bNAb_Combinations|1342240|cc|7|1|nan|1798,0,-1.30116e-08,-3.73573e-08,1.39846e-08,0,0,False,nan|1798,1342240
1,130_bNAb_Combinations|1342240|cc|8|1|nan|1798,0,1.1824e-08,2.9176e-08,-6.4064e-08,0,0,False,nan|1798,1342240
1,130_bNAb_Combinations|1342240|sample|3|nan|1798,0,8.41345e-09,5.35157e-08,-3.46415e-08,0,0,True,VRC07-523LS|1798,1342240
1,130_bNAb_Combinations|1342240|sample|4|nan|1798,0,2.4889e-09,1.29251e-08,5.19197e-08,0,0,True,VRC07-523LS|1798,1342240
1,130_bNAb_Combinations|1342240|sample|8|nan|1798,0,3.10309e-08,1.16746e-08,-6.26216e-08,0,0,True,VRC07-523LS|1798,1342240
1,130_bNAb_Combinations|1342240|vc|1|2|nan|1798,0,3.1974e-09,-2.31174e-08,-4.22051e-08,0,0,False,nan|1798,1342240
1,130_bNAb_Combinations|1342240|vc|2|2|nan|1798,0,-2.12779e-08,-2.54763e-08,-4.60346e-08,0,0,False,nan|1798,1342240
1,130_bNAb_Combinations|1342240|vc|3|2|nan|1798,0,1.49154e-08,-2.51654e-08,4.05325e-08,0,0,False,nan|1798,1342240
1,130_bNAb_Combinations|1342240|vc|4|2|nan|1798,0,2.30952e-09,2.28581e-08,-7.23687e-08,0,0,False,nan|1798,1342240
1,130_bNAb_Combinations|1342240|vc|5|2|nan|1798,0,-2.28098e-08,1.04843e-08,-1.54378e-08,0,0,False,nan|1798,1342240
1,130_bNAb_Combinations|1342240|vc|6|2|nan|1798,0,9.12476e-09,-1.34209e-08,6.27851e-08,0,0,False,nan|1798,1342240
1,130_bNAb_Combinations|1342240|vc|7|2|nan|1798,0,-1.46594e-08,-4.09516e-08,-2.70604e-08,0,0,False,nan|1798,1342240
1,130_bNAb_Combinations|1342240|vc|8|2|nan|1798,0,-1.90403e-08,5.59765e-08,7.92999e-08,0,0,False,nan|1798,1342240
1,130_bNAb_Combinations|1342258|cc|1|1|TRO.11|8301,0,-2.73406e-09,-1.39112e-08,-4.98292e-08,0,0,False,nan|TRO.11,1342258
1,130_bNAb_Combinations|1342258|cc|2|1|TRO.11|8301,0,-8.36956e-09,-5.62045e-08,-3.83264e-08,0,0,False,nan|TRO.11,1342258
1,130_bNAb_Combinations|1342258|cc|3|1|TRO.11|8301,0,-1.25507e-08,3.02895e-08,-5.47822e-08,0,0,False,nan|TRO.11,1342258
1,130_bNAb_Combinations|1342258|cc|4|1|TRO.11|8301,0,9.66952e-09,-2.57969e-08,-7.05819e-08,0,0,False,nan|TRO.11,1342258
1,130_bNAb_Combinations|1342258|cc|5|1|TRO.11|8301,0,-2.40808e-09,2.44608e-08,-2.72277e-08,0,0,False,nan|TRO.11,1342258
1,130_bNAb_Combinations|1342258|cc|6|1|TRO.11|8301,0,1.68475e-09,9.34442e-09,-5.34473e-08,0,0,False,nan|TRO.11,1342258
1,130_bNAb_Combinations|1342258|cc|7|1|TRO.11|8301,0,-1.82632e-08,3.07476e-09,-7.86099e-09,0,0,False,nan|TRO.11,1342258
1,130_bNAb_Combinations|1342258|cc|8|1|TRO.11|8301,0,1.60454e-08,-3.83847e-08,-2.26881e-08,0,0,False,nan|TRO.11,1342258
1,130_bNAb_Combinations|1342258|sample|3|TRO.11|8301,0,3.18862e-08,1.56757e-08,2.84713e-09,0,0,True,VRC07-523LS|TRO.11,1342258
1,130_bNAb_Combinations|1342258|sample|4|TRO.11|8301,0,-1.31144e-08,1.02886e-08,-5.2753e-08,0,0,True,VRC07-523LS|TRO.11,1342258
1,130_bNAb_Combinations|1342258|vc|1|2|TRO.11|8301,0,-6.85079e-09,-1.41182e-08,-3.58258e-08,0,0,False,nan|TRO.11,1342258
1,130_bNAb_Combinations|1342258|vc|2|2|TRO.11|8301,0,1.6704e-08,2.86672e-08,5.67952e-08,0,0,False,nan|TRO.11,1342258
1,130_bNAb_Combinations|1342258|vc|3|2|TRO.11|8301,0,2.3771e-08,5.088e-08,-7.10041e-09,0,0,False,nan|TRO.11,1342258
1,130_bNAb_Combinations|1342258|vc|4|2|TRO.11|8301,0,-1.43502e-08,4.2802e-08,7.45679e-08,0,0,False,nan|TRO.11,1342258
1,130_bNAb_Combinations|1342258|vc|5|2|TRO.11|8301,0,-8.9052e-09,3.13147e-08,8.96096e-08,0,0,False,nan|TRO.11,1342258
1,130_bNAb_Combinations|1342258|vc|6|2|TRO.11|8301,0,-1.05735e-08,5.44433e-08,1.41919e-08,0,0,False,nan|TRO.11,1342258
1,130_bNAb_Combinations|1342258|vc|7|2|TRO.11|8301,0,2.39979e-08,-2.07767e-09,5.8466e-08,0,0,False,nan|TRO.11,1342258
1,130_bNAb_Combinations|1342258|vc|8|2|TRO.11|8301,0,3.45875e-09,3.39426e-08,-5.42383e-08,0,0,False,nan|TRO.11,1342258
1,130_bNAb_Combinations|1342276|cc|1|1|Ce1176_A3|7023,0,-7.53441e-09,2.45948e-08,2.49256e-08,0,0,False,nan|Ce1176_A3,1342276
1,130_bNAb_Combinations|1342276|cc|2|1|Ce1176_A3|7023,0,1.98213e-08,-2.15348e-08,4.15493e-09,0,0,False,nan|Ce1176_A3,1342276
1,130_bNAb_Combinations|1342276|cc|3|1|Ce1176_A3|7023,0,6.61084e-09,-1.09397e-08,-2.07823e-09,0,0,False,nan|Ce1176_A3,1342276
1,130_bNAb_Combinations|1342276|cc|4|1|Ce1176_A3|7023,0,-3.76068e-09,2.43454e-08,2.23551e-08,0,0,False,nan|Ce1176_A3,1342276
1,130_bNAb_Combinations|1342276|cc|5|1|Ce1176_A3|7023,0,-1.16262e-08,-8.26963e-09,-6.43654e-08,0,0,False,nan|Ce1176_A3,1342276
1,130_bNAb_Combinations|1342276|cc|6|1|Ce1176_A3|7023,0,-3.46891e-08,-3.4949e-08,1.16104e-08,0,0,False,nan|Ce1176_A3,1342276
1,130_bNAb_Combinations|1342276|cc|7|1|Ce1176_A3|7023,0,3.26025e-08,2.62929e-08,-4.45436e-08,0,0,False,nan|Ce1176_A3,1342276
1,130_bNAb_Combinations|1342276|cc|8|1|Ce1176_A3|7023,0,2.56331e-09,-1.64936e-08,-7.68845e-09,0,0,False,nan|Ce1176_A3,1342276
1,130_bNAb_Combinations|1342276|sample|3|Ce1176_A3|7023,0,-2.0031e-08,-1.56977e-08,5.57771e-08,0,0,True,VRC07-523LS|Ce1176_A3,1342276
1,130_bNAb_Combinations|1342276|sample|4|Ce1176_A3|7023,0,1.87702e-08,-3.92933e-08,5.05264e-08,0,0,True,VRC07-523LS|Ce1176_A3,1342276
1,130_bNAb_Combinations|1342276|vc|1|2|Ce1176_A3|7023,0,1.63423e-09,7.59534e-09,-8.31847e-08,0,0,False,nan|Ce1176_A3,1342276
1,130_bNAb_Combinations|1342276|vc|2|2|Ce1176_A3|7023,0,-2.99981e-08,2.03744e-08,-5.46966e-08,0,0,False,nan|Ce1176_A3,1342276
1,130_bNAb_Combinations|1342276|vc|3|2|Ce1176_A3|7023,0,4.40115e-09,1.55331e-08,2.71741e-08,0,0,False,nan|Ce1176_A3,1342276
1,130_bNAb_Combinations|1342276|vc|4|2|Ce1176_A3|7023,0,-9.38775e-09,2.36385e-08,4.74491e-08,0,0,False,nan|Ce1176_A3,1342276
1,130_bNAb_Combinations|1342276|vc|5|2|Ce1176_A3|7023,0,-2.52398e-09,5.89418e-09,3.62455e-08,0,0,False,nan|Ce1176_A3,1342276
1,130_bNAb_Combinations|1342276|vc|6|2|Ce1176_A3|7023,0,-9.66065e-10,8.04024e-10,-2.27997e-08,0,0,False,nan|Ce1176_A3,1342276
1,130_bNAb_Combinations|1342276|vc|7|2|Ce1176_A3|7023,0,-1.56491e-08,-4.7781e-08,-3.07732e-08,0,0,False,nan|Ce1176_A3,1342276
1,130_bNAb_Combinations|1342276|vc|8|2|Ce1176_A3|7023,0,2.73267e-08,-5.37113e-09,9.90968e-08,0,0,False,nan|Ce1176_A3,1342276
1,130_bNAb_Combinations|1342294|cc|1|1|nan|1176,0,-1.26169e-08,-2.2077e-08,-7.79767e-08,0,0,False,nan|1176,1342294
1,130_bNAb_Combinations|1342294|cc|2|1|nan|1176,0,1.10312e-09,-2.62862e-08,-4.75578e-08,0,0,False,nan|1176,1342294
1,130_bNAb_Combinations|1342294|cc|3|1|nan|1176,0,2.11074e-08,-3.7202e-08,2.00456e-08,0,0,False,nan|1176,1342294
1,130_bNAb_Combinations|1342294|cc|4|1|nan|1176,0,-9.93053e-09,-9.13984e-09,-6.37991e-09,0,0,False,nan|1176,1342294
1,130_bNAb_Combinations|1342294|cc|5|1|nan|1176,0,9.4822e-09,-3.26778e-08,-5.89653e-08,0,0,False,nan|1176,1342294
1,130_bNAb_Combinations|1342294|cc|6|1|nan|1176,0,-1.06962e-08,-3.02103e-08,-5.06802e-08,0,0,False,nan|1176,1342294
1,130_bNAb_Combinations|1342294|cc|7|1|nan|1176,0,-1.97687e-08,6.69999e-09,-5.54906e-09,0,0,False,nan|1176,1342294
1,130_bNAb_Combinations|1342294|cc|8|1|nan|1176,0,-7.46635e-09,1.05932e-08,-4.72654e-10,0,0,False,nan|1176,1342294
1,130_bNAb_Combinations|1342294|sample|3|nan|1176,0,8.89049e-09,-3.69548e-08,4.11713e-08,0,0,True,VRC07-523LS|1176,1342294
1,130_bNAb_Combinations|1342294|sample|4|nan|1176,0,3.29166e-08,-5.28833e-08,2.52117e-08,0,0,True,VRC07-523LS|1176,1342294
1,130_bNAb_Combinations|1342294|sample|8|nan|1176,0,3.08003e-08,-3.86024e-08,3.21234e-08,0,0,True,VRC07-523LS|1176,1342294
1,130_bNAb_Combinations|1342294|vc|1|2|nan|1176,0,2.51854e-09,-1.58602e-08,7.48867e-08,0,0,False,nan|1176,1342294
1,130_bNAb_Combinations|1342294|vc|2|2|nan|1176,0,-1.5856e-09,-5.31342e-08,5.12331e-08,0,0,False,nan|1176,1342294
1,130_bNAb_Combinations|1342294|vc|3|2|nan|1176,0,-1.19416e-08,2.31252e-08,-3.22751e-08,0,0,False,nan|1176,1342294
1,130_bNAb_Combinations|1342294|vc|4|2|nan|1176,0,2.05319e-08,-2.89473e-08,-1.87503e-08,0,0,False,nan|1176,1342294
1,130_bNAb_Combinations|1342294|vc|5|2|nan|1176,0,-1.66554e-08,1.56789e-08,4.56719e-08,0,0,False,nan|1176,1342294
1,130_bNAb_Combinations|1342294|vc|6|2|nan|1176,0,-3.44765e-08,2.53256e-09,5.13446e-08,0,0,False,nan|1176,1342294
1,130_bNAb_Combinations|1342294|vc|7|2|nan|1176,0,-1.89019e-08,-8.88364e-09,1.29226e-08,0,0,False,nan|1176,1342294
1,130_bNAb_Combinations|1342294|vc|8|2|nan|1176,0,8.25086e-10,-6.72063e-09,1.01634e-08,0,0,False,nan|1176,1342294
1,130_bNAb_Combinations|1342312|cc|1|1|RHPA4259.7|5371,0,1.38499e-08,7.48399e-08,-3.5565e-08,0,0,False,nan|RHPA4259.7,1342312
1,130_bNAb_Combinations|1342312|cc|2|1|RHPA4259.7|5371,0,1.02483e-08,3.00537e-08,1.06568e-08,0,0,False,nan|RHPA4259.7,1342312
1,130_bNAb_Combinations|1342312|cc|3|1|RHPA4259.7|5371,0,-2.41795e-09,1.91694e-08,-1.36523e-07,0,0,False,nan|RHPA4259.7,1342312
1,130_bNAb_Combinations|1342312|cc|4|1|RHPA4259.7|5371,0,-1.35791e-08,8.50375e-09,-2.75142e-08,0,0,False,nan|RHPA4259.7,1342312
1,130_bNAb_Combinations|1342312|cc|5|1|RHPA4259.7|5371,0,5.98439e-09,-5.39126e-09,-1.91608e-08,0,0,False,nan|RHPA4259.7,1342312
1,130_bNAb_Combinations|1342312|cc|6|1|RHPA4259.7|5371,0,-1.62975e-08,3.09631e-09,4.34453e-08,0,0,False,nan|RHPA4259.7,1342312
1,130_bNAb_Combinations|1342312|cc|7|1|RHPA4259.7|5371,0,-1.60273e-09,-2.15713e-08,-5.54779e-09,0,0,False,nan|RHPA4259.7,1342312
1,130_bNAb_Combinations|1342312|cc|8|1|RHPA4259.7|5371,0,-1.83094e-09,-5.23249e-08,8.27667e-08,0,0,False,nan|RHPA4259.7,1342312
1,130_bNAb_Combinations|1342312|sample|3|RHPA4259.7|5371,0,1.30304e-08,-2.7089e-08,1.04292e-08,0,0,True,VRC07-523LS|RHPA4259.7,1342312
1,130_bNAb_Combinations|1342312|sample|4|RHPA4259.7|5371,0,6.47487e-09,-1.97077e-08,5.28276e-08,0,0,True,VRC07-523LS|RHPA4259.7,1342312
1,130_bNAb_Combinations|1342312|vc|1|2|RHPA4259.7|5371,0,-2.1744e-08,-4.94327e-08,5.33369e-09,0,0,False,nan|RHPA4259.7,1342312
1,130_bNAb_Combinations|1342312|vc|2|2|RHPA4259.7|5371,0,7.9091e-09,2.3921e-08,3.78768e-08,0,0,False,nan|RHPA4259.7,1342312
1,130_bNAb_Combinations|1342312|vc|3|2|RHPA4259.7|5371,0,1.47521e-08,-1.41309e-08,4.20385e-08,0,0,False,nan|RHPA4259.7,1342312
1,130_bNAb_Combinations|1342312|vc|4|2|RHPA4259.7|5371,0,-1.07933e-08,-1.76526e-08,-5.74801e-09,0,0,False,nan|RHPA4259.7,1342312
1,130_bNAb_Combinations|1342312|vc|5|2|RHPA4259.7|5371,0,-6.37542e-09,-5.80197e-09,-2.35534e-08,0,0,False,nan|RHPA4259.7,1342312
1,130_bNAb_Combinations|1342312|vc|6|2|RHPA4259.7|5371,0,-1.91374e-08,-3.11604e-08,-4.98805e-08,0,0,False,nan|RHPA4259.7,1342312
1,130_bNAb_Combinations|1342312|vc|7|2|RHPA4259.7|5371,0,4.84199e-09,3.33689e-08,-2.11436e-08,0,0,False,nan|RHPA4259.7,1342312
1,130_bNAb_Combinations|1342312|vc|8|2|RHPA4259.7|5371,0,2.78512e-08,8.93906e-10,-1.62309e-08,0,0,False,nan|RHPA4259.7,1342312
1,130_bNAb_Combinations|1342336|cc|1|1|nan|3430,0,-2.46508e-08,-1.21568e-08,-5.85412e-08,0,0,False,nan|3430,1342336
1,130_bNAb_Combinations|1342336|cc|2|1|nan|3430,0,-7.4506e-09,2.6521e-08,1.4702e-09,0,0,False,nan|3430,1342336
1,130_bNAb_Combinations|1342336|cc|3|1|nan|3430,0,1.28734e-08,-1.68738e-08,4.4087e-08,0,0,False,nan|3430,1342336
1,130_bNAb_Combinations|1342336|cc|4|1|nan|3430,0,-9.99202e-09,-3.39081e-09,-2.52965e-08,0,0,False,nan|3430,1342336
1,130_bNAb_Combinations|1342336|cc|5|1|nan|3430,0,1.51565e-08,-1.28976e-08,-3.3903e-10,0,0,False,nan|3430,1342336
1,130_bNAb_Combinations|1342336|cc|6|1|nan|3430,0,-1.26795e-09,1.677e-08,-4.66104e-08,0,0,False,nan|3430,1342336
1,130_bNAb_Combinations|1342336|cc|7|1|nan|3430,0,-9.76691e-09,-8.12638e-09,-6.0698e-08,0,0,False,nan|3430,1342336
1,130_bNAb_Combinations|1342336|cc|8|1|nan|3430,0,-1.74285e-10,-1.98676e-08,2.68807e-08,0,0,False,nan|3430,1342336
1,130_bNAb_Combinations|1342336|sample|3|nan|3430,0,-2.79737e-09,5.58507e-08,-7.00577e-08,0,0,True,VRC07-523LS|3430,1342336
1,130_bNAb_Combinations|1342336|sample|4|nan|3430,0,-3.92814e-09,3.78766e-08,-5.84178e-08,0,0,True,VRC07-523LS|3430,1342336
1,130_bNAb_Combinations|1342336|sample|5|nan|3430,0,4.66585e-10,3.72369e-09,4.66068e-08,0,0,True,VRC07-523LS|3430,1342336
1,130_bNAb_Combinations|1342336|vc|1|2|nan|3430,0,1.55122e-08,-3.93979e-08,-9.98377e-09,0,0,False,nan|3430,1342336
1,130_bNAb_Combinations|1342336|vc|2|2|nan|3430,0,-1.78187e-08,-2.87574e-08,2.71573e-08,0,0,False,nan|3430,1342336
1,130_bNAb_Combinations|1342336|vc|3|2|nan|3430,0,-1.97735e-08,-4.29436e-08,8.4241e-09,0,0,False,nan|3430,1342336
1,130_bNAb_Combinations|1342336|vc|4|2|nan|3430,0,-1.78233e-08,5.56208e-08,8.87735e-08,0,0,False,nan|3430,1342336
1,130_bNAb_Combinations|1342336|vc|5|2|nan|3430,0,1.82983e-08,4.09024e-09,-2.2483e-08,0,0,False,nan|3430,1342336
1,130_bNAb_Combinations|1342336|vc|6|2|nan|3430,0,-1.12451e-08,3.93389e-08,-2.13126e-08,0,0,False,nan|3430,1342336
1,130_bNAb_Combinations|1342336|vc|7|2|nan|3430,0,2.01147e-08,-1.91159e-08,-5.74411e-08,0,0,False,nan|3430,1342336
1,130_bNAb_Combinations|1342336|vc|8|2|nan|3430,0,-3.07509e-08,-1.47958e-08,3.1869e-08,0,0,False,nan|3430,1342336
1,130_bNAb_Combinations|1342348|cc|1|1|nan|4166,0,-1.60203e-09,-4.00742e-08,1.44681e-09,0,0,False,nan|4166,1342348
1,130_bNAb_Combinations|1342348|cc|2|1|nan|4166,0,4.81106e-09,-2.55314e-08,1.24019e-08,0,0,False,nan|4166,1342348
1,130_bNAb_Combinations|1342348|cc|3|1|nan|4166,0,1.98474e-09,1.74691e-08,-5.31574e-09,0,0,False,nan|4166,1342348
1,130_bNAb_Combinations|1342348|cc|4|1|nan|4166,0,-4.29234e-09,-3.12812e-08,-2.18368e-08,0,0,False,nan|4166,1342348
1,130_bNAb_Combinations|1342348|cc|5|1|nan|4166,0,-1.17694e-08,-4.66609e-08,4.07988e-08,0,0,False,nan|4166,1342348
1,130_bNAb_Combinations|1342348|cc|6|1|nan|4166,0,-1.31139e-08,-2.62072e-08,-2.81967e-08,0,0,False,nan|4166,1342348
1,130_bNAb_Combinations|1342348|cc|7|1|nan|4166,0,-1.3492e-08,-6.21376e-09,1.24295e-10,0,0,False,nan|4166,1342348
1,130_bNAb_Combinations|1342348|cc|8|1|nan|4166,0,-2.50539e-08,-8.87374e-09,5.25076e-08,0,0,False,nan|4166,1342348
1,130_bNAb_Combinations|1342348|sample|3|nan|4166,0,8.03126e-09,3.73568e-08,3.00659e-08,0,0,True,VRC07-523LS|4166,1342348
1,130_bNAb_Combinations|1342348|sample|4|nan|4166,0,-1.5719e-08,-3.90406e-09,2.32425e-08,0,0,True,VRC07-523LS|4166,1342348
1,130_bNAb_Combinations|1342348|vc|1|2|nan|4166,0,-2.67817e-08,4.10599e-09,2.57056e-08,0,0,False,nan|4166,1342348
1,130_bNAb_Combinations|1342348|vc|2|2|nan|4166,0,-1.4561e-08,5.75388e-09,-7.81325e-08,0,0,False,nan|4166,1342348
1,130_bNAb_Combinations|1342348|vc|3|2|nan|4166,0,2.02818e-08,-3.73356e-09,-3.30434e-08,0,0,False,nan|4166,1342348
1,130_bNAb_Combinations|1342348|vc|4|2|nan|4166,0,-2.74535e-08,3.53992e-08,-6.97421e-09,0,0,False,nan|4166,1342348
1,130_bNAb_Combinations|1342348|vc|5|2|nan|4166,0,1.13714e-08,3.04517e-09,2.38243e-08,0,0,False,nan|4166,1342348
1,130_bNAb_Combinations|1342348|vc|6|2|nan|4166,0,2.32164e-08,-3.94699e-08,1.824e-08,0,0,False,nan|4166,1342348
1,130_bNAb_Combinations|1342348|vc|7|2|nan|4166,0,-1.74485e-08,1.67749e-08,7.5885e-09,0,0,False,nan|4166,1342348
1,130_bNAb_Combinations|1342348|vc|8|2|nan|4166,0,1.07542e-09,1.16121e-09,5.60533e-08,0,0,False,nan|4166,1342348
1,130_bNAb_Combinations|1342372|cc|1|1|nan|2944,0,-6.29562e-09,-2.37231e-08,-7.75416e-08,0,0,False,nan|2944,1342372
1,130_bNAb_Combinations|1342372|cc|2|1|nan|2944,0,1.51218e-08,2.37588e-08,-3.91114e-08,0,0,False,nan|2944,1342372
1,130_bNAb_Combinations|1342372|cc|3|1|nan|2944,0,-8.49742e-09,3.44478e-09,5.35447e-08,0,0,False,nan|2944,1342372
1,130_bNAb_Combinations|1342372|cc|4|1|nan|2944,0,-6.58583e-09,5.46787e-08,-4.42679e-09,0,0,False,nan|2944,1342372
1,130_bNAb_Combinations|1342372|cc|5|1|nan|2944,0,1.63239e-08,5.93457e-08,-1.09155e-08,0,0,False,nan|2944,1342372
1,130_bNAb_Combinations|1342372|cc|6|1|nan|2944,0,-7.02919e-10,-6.60109e-08,1.58444e-08,0,0,False,nan|2944,1342372
1,130_bNAb_Combinations|1342372|cc|7|1|nan|2944,0,3.62681e-08,3.0344e-08,3.97221e-08,0,0,False,nan|2944,1342372
1,130_bNAb_Combinations|1342372|cc|8|1|nan|2944,0,-1.23029e-08,8.78816e-09,-1.91411e-08,0,0,False,nan|2944,1342372
1,130_bNAb_Combinations|1342372|sample|3|nan|2944,0,-7.26757e-09,-5.22088e-09,6.91177e-08,0,0,True,VRC07-523LS|2944,1342372
1,130_bNAb_Combinations|1342372|sample|4|nan|2944,0,2.25323e-08,1.37578e-08,-8.05911e-09,0,0,True,VRC07-523LS|2944,1342372
1,130_bNAb_Combinations|1342372|vc|1|2|nan|2944,0,-6.21166e-09,-3.45975e-09,-2.80643e-08,0,0,False,nan|2944,1342372
1,130_bNAb_Combinations|1342372|vc|2|2|nan|2944,0,-3.29115e-08,1.13615e-08,-7.89113e-08,0,0,False,nan|2944,1342372
1,130_bNAb_Combinations|1342372|vc|3|2|nan|2944,0,1.84573e-08,3.84433e-09,-5.92044e-08,0,0,False,nan|2944,1342372
1,130_bNAb_Combinations|1342372|vc|4|2|nan|2944,0,2.3907e-08,3.18682e-08,-4.51819e-10,0,0,False,nan|2944,1342372
1,130_bNAb_Combinations|1342372|vc|5|2|nan|2944,0,3.31869e-09,2.00211e-08,6.98642e-08,0,0,False,nan|2944,1342372
1,130_bNAb_Combinations|1342372|vc|6|2|nan|2944,0,1.20602e-08,1.77927e-08,-9.21349e-09,0,0,False,nan|2944,1342372
1,130_bNAb_Combinations|1342372|vc|7|2|nan|2944,0,1.66877e-08,-6.27178e-09,-5.34269e-08,0,0,False,nan|2944,1342372
1,130_bNAb_Combinations|1342372|vc|8|2|nan|2944,0,-1.6306e-08,-5.13818e-08,1.91597e-08,0,0,False,nan|2944,1342372
1,130_bNAb_Combinations|1342384|cc|1|1|nan|2946,0,-8.24432e-09,-2.48208e-08,4.79108e-08,0,0,False,nan|2946,1342384
1,130_bNAb_Combinations|1342384|cc|2|1|nan|2946,0,-4.2853e-09,-4.45964e-09,-3.60609e-08,0,0,False,nan|2946,1342384
1,130_bNAb_Combinations|1342384|cc|3|1|nan|2946,0,1.36307e-09,9.49934e-09,-3.88082e-08,0,0,False,nan|2946,1342384
1,130_bNAb_Combinations|1342384|cc|4|1|nan|2946,0,2.44249e-08,6.09633e-09,-3.30392e-08,0,0,False,nan|2946,1342384
1,130_bNAb_Combinations|1342384|cc|5|1|nan|2946,0,5.54278e-09,5.46967e-09,2.83619e-08,0,0,False,nan|2946,1342384
1,130_bNAb_Combinations|1342384|cc|6|1|nan|2946,0,-2.0664e-08,-2.45305e-08,2.93669e-08,0,0,False,nan|2946,1342384
1,130_bNAb_Combinations|1342384|cc|7|1|nan|2946,0,-1.07009e-08,-3.44042e-08,-4.37392e-08,0,0,False,nan|2946,1342384
1,130_bNAb_Combinations|1342384|cc|8|1|nan|2946,0,1.68485e-08,-2.42556e-08,-4.77275e-08,0,0,False,nan|2946,1342384
1,130_bNAb_Combinations|1342384|sample|3|nan|2946,0,-2.32623e-08,-3.06167e-08,2.19739e-08,0,0,True,VRC07-523LS|2946,1342384
1,130_bNAb_Combinations|1342384|sample|4|nan|2946,0,2.65149e-08,-7.53018e-09,3.76934e-08,0,0,True,VRC07-523LS|2946,1342384
1,130_bNAb_Combinations|1342384|vc|1|2|nan|2946,0,-1.23418e-08,4.98742e-09,-3.02135e-08,0,0,False,nan|2946,1342384
1,130_bNAb_Combinations|1342384|vc|2|2|nan|2946,0,-2.14247e-08,2.01634e-09,2.8853e-08,0,0,False,nan|2946,1342384
1,130_bNAb_Combinations|1342384|vc|3|2|nan|2946,0,1.01358e-08,-1.00687e-08,-1.3274e-08,0,0,False,nan|2946,1342384
1,130_bNAb_Combinations|1342384|vc|4|2|nan|2946,0,-1.68032e-08,1.01423e-09,2.87448e-08,0,0,False,nan|2946,1342384
1,130_bNAb_Combinations|1342384|vc|5|2|nan|2946,0,1.29053e-08,-5.39641e-09,2.01609e-08,0,0,False,nan|2946,1342384
1,130_bNAb_Combinations|1342384|vc|6|2|nan|2946,0,-2.18386e-09,-1.62054e-08,-2.84147e-10,0,0,False,nan|2946,1342384
1,130_bNAb_Combinations|1342384|vc|7|2|nan|2946,0,5.35708e-09,2.42217e-08,-3.39379e-08,0,0,False,nan|2946,1342384
1,130_bNAb_Combinations|1342384|vc|8|2|nan|2946,0,2.15963e-08,-2.88081e-08,1.12092e-07,0,0,False,nan|2946,1342384
1,130_bNAb_Combinations|1342396|cc|1|1|PVO.4|5024,0,8.36394e-09,-1.72635e-08,3.89808e-08,0,0,False,nan|PVO.4,1342396
1,130_bNAb_Combinations|1342396|cc|2|1|PVO.4|5024,0,-9.58122e-09,-1.01278e-08,-5.95293e-08,0,0,False,nan|PVO.4,1342396
1,130_bNAb_Combinations|1342396|cc|3|1|PVO.4|5024,0,2.83246e-09,-4.29179e-08,-1.15896e-07,0,0,False,nan|PVO.4,1342396
1,130_bNAb_Combinations|1342396|cc|4|1|PVO.4|5024,0,1.4316e-08,1.22661e-08,-1.43997e-08,0,0,False,nan|PVO.4,1342396
1,130_bNAb_Combinations|1342396|cc|5|1|PVO.4|5024,0,-3.83875e-09,5.36078e-08,-4.63772e-08,0,0,False,nan|PVO.4,1342396
1,130_bNAb_Combinations|1342396|cc|6|1|PVO.4|5024,0,-3.59049e-09,-1.61089e-09,2.27497e-08,0,0,False,nan|PVO.4,1342396
1,130_bNAb_Combinations|1342396|cc|7|1|PVO.4|5024,0,1.7136e-08,-1.66924e-08,1.78428e-09,0,0,False,nan|PVO.4,1342396
1,130_bNAb_Combinations|1342396|cc|8|1|PVO.4|5024,0,-8.11468e-09,2.80319e-08,-5.9802e-08,0,0,False,nan|PVO.4,1342396
1,130_bNAb_Combinations|1342396|sample|3|PVO.4|5024,0,-2.11252e-08,-1.13643e-08,9.33068e-08,0,0,True,VRC07-523LS|PVO.4,1342396
1,130_bNAb_Combinations|1342396|sample|4|PVO.4|5024,0,-1.08942e-08,-1.23546e-08,-5.41993e-08,0,0,True,VRC07-523LS|PVO.4,1342396
1,130_bNAb_Combinations|1342396|vc|1|2|PVO.4|5024,0,-9.74053e-09,-4.43112e-08,-2.63056e-08,0,0,False,nan|PVO.4,1342396
1,130_bNAb_Combinations|1342396|vc|2|2|PVO.4|5024,0,-1.13067e-08,6.98556e-09,-8.29547e-08,0,0,False,nan|PVO.4,1342396
1,130_bNAb_Combinations|1342396|vc|3|2|PVO.4|5024,0,1.4105e-08,3.83446e-08,1.39142e-08,0,0,False,nan|PVO.4,1342396
1,130_bNAb_Combinations|1342396|vc|4|2|PVO.4|5024,0,-9.24167e-10,3.05466e-08,1.99432e-08,0,0,False,nan|PVO.4,1342396
1,130_bNAb_Combinations|1342396|vc|5|2|PVO.4|5024,0,9.86831e-09,3.61287e-08,-1.05627e-08,0,0,False,nan|PVO.4,1342396
1,130_bNAb_Combinations|1342396|vc|6|2|PVO.4|5024,0,2.60535e-09,-5.87519e-08,-2.63307e-08,0,0,False,nan|PVO.4,1342396
1,130_bNAb_Combinations|1342396|vc|7|2|PVO.4|5024,0,-1.84974e-08,-3.78437e-08,5.1013e-08,0,0,False,nan|PVO.4,1342396
1,130_bNAb_Combinations|1342396|vc|8|2|PVO.4|5024,0,7.21791e-09,2.3792e-08,8.94836e-09,0,0,False,nan|PVO.4,1342396
1,130_bNAb_Combinations|1342408|cc|1|1|nan|4168,0,9.28407e-09,3.44774e-08,4.66005e-08,0,0,False,nan|4168,1342408
1,130_bNAb_Combinations|1342408|cc|2|1|nan|4168,0,-1.01542e-08,-1.49259e-08,2.07707e-08,0,0,False,nan|4168,1342408
1,130_bNAb_Combinations|1342408|cc|3|1|nan|4168,0,-1.77195e-08,3.37818e-08,1.18126e-08,0,0,False,nan|4168,1342408
1,130_bNAb_Combinations|1342408|cc|4|1|nan|4168,0,-4.02299e-09,-7.70686e-09,3.81119e-08,0,0,False,nan|4168,1342408
1,130_bNAb_Combinations|1342408|cc|5|1|nan|4168,0,-2.39652e-08,-1.38079e-08,3.2793e-08,0,0,False,nan|4168,1342408
1,130_bNAb_Combinations|1342408|cc|6|1|nan|4168,0,-4.89827e-09,-4.40184e-08,-3.25469e-08,0,0,False,nan|4168,1342408
1,130_bNAb_Combinations|1342408|cc|7|1|nan|4168,0,6.32577e-09,4.16564e-09,-6.58025e-08,0,0,False,nan|4168,1342408
1,130_bNAb_Combinations|1342408|cc|8|1|nan|4168,0,2.48185e-09,5.08278e-09,7.85743e-08,0,0,False,nan|4168,1342408
1,130_bNAb_Combinations|1342408|sample|3|nan|4168,0,6.06332e-09,-2.41008e-08,4.47137e-08,0,0,True,VRC07-523LS|4168,1342408
1,130_bNAb_Combinations|1342408|sample|4|nan|4168,0,1.65566e-08,-1.19108e-08,2.53863e-08,0,0,True,VRC07-523LS|4168,1342408
1,130_bNAb_Combinations|1342408|vc|1|2|nan|4168,0,4.89976e-09,2.46578e-08,-2.36593e-08,0,0,False,nan|4168,1342408
1,130_bNAb_Combinations|1342408|vc|2|2|nan|4168,0,9.77408e-10,-6.36073e-08,8.47898e-08,0,0,False,nan|4168,1342408
1,130_bNAb_Combinations|1342408|vc|3|2|nan|4168,0,-2.41006e-08,-2.99925e-08,7.37975e-08,0,0,False,nan|4168,1342408
1,130_bNAb_Combinations|1342408|vc|4|2|nan|4168,0,-1.05906e-11,-8.02743e-09,-1.5003e-08,0,0,False,nan|4168,1342408
1,130_bNAb_Combinations|1342408|vc|5|2|nan|4168,0,-9.44675e-09,6.06296e-08,4.88884e-08,0,0,False,nan|4168,1342408
1,130_bNAb_Combinations|1342408|vc|6|2|nan|4168,0,-2.82687e-08,7.24571e-09,-5.73759e-08,0,0,False,nan|4168,1342408
1,130_bNAb_Combinations|1342408|vc|7|2|nan|4168,0,-1.1104e-08,8.12067e-09,-3.00586e-08,0,0,False,nan|4168,1342408
1,130_bNAb_Combinations|1342408|vc|8|2|nan|4168,0,2.49045e-08,-2.193e-08,4.25946e-08,0,0,False,nan|4168,1342408
1,704_VRC01_Concordance|1200432|cc|1|1|PVO.4|5024,0,-1.2913e-08,-5.35028e-09,2.08997e-08,0,0,False,nan|PVO.4,1200432
1,704_VRC01_Concordance|1200432|cc|2|1|PVO.4|5024,0,1.94085e-09,1.66276e-08,-5.60782e-08,0,0,False,nan|PVO.4,1200432
1,704_VRC01_Concordance|1200432|cc|3|1|PVO.4|5024,0,-2.30195e-10,-1.44201e-08,-9.93044e-09,0,0,False,nan|PVO.4,1200432
1,704_VRC01_Concordance|1200432|cc|4|1|PVO.4|5024,0,-9.4445e-10,-1.78054e-08,-4.30539e-08,0,0,False,nan|PVO.4,1200432
1,704_VRC01_Concordance|1200432|cc|5|1|PVO.4|5024,0,1.65045e-08,4.33554e-09,-8.96914e-08,0,0,False,nan|PVO.4,1200432
1,704_VRC01_Concordance|1200432|cc|6|1|PVO.4|5024,0,5.9313e-09,2.04347e-08,-1.02825e-07,0,0,False,nan|PVO.4,1200432
1,704_VRC01_Concordance|1200432|cc|7|1|PVO.4|5024,0,-1.44573e-08,-1.64952e-09,1.44989e-09,0,0,False,nan|PVO.4,1200432
1,704_VRC01_Concordance|1200432|cc|8|1|PVO.4|5024,0,-2.35661e-08,3.12234e-08,-9.69424e-09,0,0,False,nan|PVO.4,1200432
1,704_VRC01_Concordance|1200432|sample|10|PVO.4|5024,0,1.57386e-08,4.54041e-08,2.24163e-09,0,0,True,Clinical VRC01|PVO.4,1200432
1,704_VRC01_Concordance|1200432|sample|11|PVO.4|5024,0,-5.91863e-09,7.48751e-09,4.39645e-08,0,0,True,Clinical VRC01|PVO.4,1200432
1,704_VRC01_Concordance|1200432|sample|12|PVO.4|5024,0,2.92401e-08,-8.01582e-09,-9.31583e-08,0,0,True,Clinical VRC01|PVO.4,1200432
1,704_VRC01_Concordance|1200432|sample|3|PVO.4|5024,0,7.78984e-09,-1.44805e-08,2.02872e-08,0,0,True,Clinical VRC01|PVO.4,1200432
1,704_VRC01_Concordance|1200432|sample|4|PVO.4|5024,0,5.96907e-09,-3.85685e-08,1.95638e-08,0,0,True,Clinical VRC01|PVO.4,1200432
1,704_VRC01_Concordance|1200432|sample|5|PVO.4|5024,0,1.24584e-08,1.32085e-08,-6.0864e-08,0,0,True,Clinical VRC01|PVO.4,1200432
1,704_VRC01_Concordance|1200432|sample|6|PVO.4|5024,0,-9.54689e-09,1.01941e-08,3.6857e-09,0,0,True,Clinical VRC01|PVO.4,1200432
1,704_VRC01_Concordance|1200432|sample|7|PVO.4|5024,0,-3.55383e-09,-4.38819e-09,-4.54041e-08,0,0,True,Clinical VRC01|PVO.4,1200432
1,704_VRC01_Concordance|1200432|sample|8|PVO.4|5024,0,-8.90586e-09,1.0189e-08,8.46108e-08,0,0,True,Clinical VRC01|PVO.4,1200432
1,704_VRC01_Concordance|1200432|sample|9|PVO.4|5024,0,-2.45994e-09,-4.55922e-09,8.00692e-08,0,0,True,Clinical VRC01|PVO.4,1200432
1,704_VRC01_Concordance|1200432|vc|1|2|PVO.4|5024,0,-2.65086e-08,2.48377e-08,1.04533e-07,0,0,False,nan|PVO.4,1200432
1,704_VRC01_Concordance|1200432|vc|2|2|PVO.4|5024,0,-1.34147e-08,-2.30412e-08,3.48611e-08,0,0,False,nan|PVO.4,1200432
1,704_VRC01_Concordance|1200432|vc|3|2|PVO.4|5024,0,1.78843e-08,1.39061e-08,6.11461e-08,0,0,False,nan|PVO.4,1200432
1,704_VRC01_Concordance|1200432|vc|4|2|PVO.4|5024,0,-1.33494e-08,2.7401e-08,2.53384e-08,0,0,False,nan|PVO.4,1200432
1,704_VRC01_Concordance|1200432|vc|5|2|PVO.4|5024,0,-1.9894e-08,1.19426e-08,6.59106e-08,0,0,False,nan|PVO.4,1200432
1,704_VRC01_Concordance|1200432|vc|6|2|PVO.4|5024,0,8.45706e-10,-5.2908e-08,-5.8029e-08,0,0,False,nan|PVO.4,1200432
1,704_VRC01_Concordance|1200432|vc|7|2|PVO.4|5024,0,4.30398e-09,5.8365e-08,2.62462e-08,0,0,False,nan|PVO.4,1200432
1,704_VRC01_Concordance|1200432|vc|8|2|PVO.4|5024,0,6.18974e-09,7.11355e-09,7.892e-08,0,0,False,nan|PVO.4,1200432
