rep,id,U,L,m,e,alpha,k,goes_down,mab_virus,run_id
1,130_bNAb_Combinations|1313842|cc|1|1|nan|2946,1,1.42772e-07,0.214342,0.0117352,0.137528,2.86559e-16,False,nan|2946,1313842
1,130_bNAb_Combinations|1313842|cc|2|1|nan|2946,1,1.42772e-07,0.214342,113.558,0.137528,2.86559e-16,False,nan|2946,1313842
1,130_bNAb_Combinations|1313842|cc|3|1|nan|2946,1,1.42772e-07,0.214342,0.00570981,0.137528,2.86559e-16,False,nan|2946,1313842
1,130_bNAb_Combinations|1313842|cc|4|1|nan|2946,1,1.42772e-07,0.214342,0.730898,0.137528,2.86559e-16,False,nan|2946,1313842
1,130_bNAb_Combinations|1313842|cc|5|1|nan|2946,1,1.42772e-07,0.214342,213.705,0.137528,2.86559e-16,False,nan|2946,1313842
1,130_bNAb_Combinations|1313842|cc|6|1|nan|2946,1,1.42772e-07,0.214342,0.27347,0.137528,2.86559e-16,False,nan|2946,1313842
1,130_bNAb_Combinations|1313842|cc|7|1|nan|2946,1,1.42772e-07,0.214342,1.6213,0.137528,2.86559e-16,False,nan|2946,1313842
1,130_bNAb_Combinations|1313842|cc|8|1|nan|2946,1,1.42772e-07,0.214342,0.943812,0.137528,2.86559e-16,False,nan|2946,1313842
1,130_bNAb_Combinations|1313842|sample|10|nan|2946,1,4.20813e-08,1.54686,2.426,0.137528,2.86559e-16,True,PGT121|2946,1313842
1,130_bNAb_Combinations|1313842|sample|11|nan|2946,1,9.17783e-09,1.6082,1.74136,0.137528,2.86559e-16,True,VRC07-523LS|2946,1313842
1,130_bNAb_Combinations|1313842|sample|12|nan|2946,1,9.17783e-09,1.6082,2.43614,0.137528,2.86559e-16,True,VRC07-523LS|2946,1313842
1,130_bNAb_Combinations|1313842|sample|3|nan|2946,1,1.88508e-09,0.812125,0.976537,0.137528,2.86559e-16,True,PGDM1400|2946,1313842
1,130_bNAb_Combinations|1313842|sample|4|nan|2946,1,1.88508e-09,0.812125,1.58484,0.137528,2.86559e-16,True,PGDM1400|2946,1313842
1,130_bNAb_Combinations|1313842|sample|5|nan|2946,1,1.88508e-09,0.812125,0.955522,0.137528,2.86559e-16,True,PGDM1400|2946,1313842
1,130_bNAb_Combinations|1313842|sample|6|nan|2946,1,1.88508e-09,0.812125,0.745455,0.137528,2.86559e-16,True,PGDM1400|2946,1313842
1,130_bNAb_Combinations|1313842|sample|7|nan|2946,1,4.20813e-08,1.54686,1.96931,0.137528,2.86559e-16,True,PGT121|2946,1313842
1,130_bNAb_Combinations|1313842|sample|8|nan|2946,1,4.20813e-08,1.54686,2.42246,0.137528,2.86559e-16,True,PGT121|2946,1313842
1,130_bNAb_Combinations|1313842|sample|9|nan|2946,1,4.20813e-08,1.54686,2.44528,0.137528,2.86559e-16,True,PGT121|2946,1313842
1,130_bNAb_Combinations|1313842|vc|1|2|nan|2946,1,1.42772e-07,0.214342,0.080944,0.137528,2.86559e-16,False,nan|2946,1313842
1,130_bNAb_Combinations|1313842|vc|2|2|nan|2946,1,1.42772e-07,0.214342,5.85254,0.137528,2.86559e-16,False,nan|2946,1313842
1,130_bNAb_Combinations|1313842|vc|3|2|nan|2946,1,1.42772e-07,0.214342,0.701941,0.137528,2.86559e-16,False,nan|2946,1313842
1,130_bNAb_Combinations|1313842|vc|4|2|nan|2946,1,1.42772e-07,0.214342,37.7934,0.137528,2.86559e-16,False,nan|2946,1313842
1,130_bNAb_Combinations|1313842|vc|5|2|nan|2946,1,1.42772e-07,0.214342,0.734446,0.137528,2.86559e-16,False,nan|2946,1313842
1,130_bNAb_Combinations|1313842|vc|6|2|nan|2946,1,1.42772e-07,0.214342,17.2183,0.137528,2.86559e-16,False,nan|2946,1313842
1,130_bNAb_Combinations|1313842|vc|7|2|nan|2946,1,1.42772e-07,0.214342,3.57974,0.137528,2.86559e-16,False,nan|2946,1313842
1,130_bNAb_Combinations|1313842|vc|8|2|nan|2946,1,1.42772e-07,0.214342,72.4902,0.137528,2.86559e-16,False,nan|2946,1313842
1,130_bNAb_Combinations|1313860|cc|1|1|PVO.4|5024,1,7.02524e-08,0.345948,11.1887,0.137528,2.86559e-16,False,nan|PVO.4,1313860
1,130_bNAb_Combinations|1313860|cc|2|1|PVO.4|5024,1,7.02524e-08,0.345948,0.231261,0.137528,2.86559e-16,False,nan|PVO.4,1313860
1,130_bNAb_Combinations|1313860|cc|3|1|PVO.4|5024,1,7.02524e-08,0.345948,0.0562978,0.137528,2.86559e-16,False,nan|PVO.4,1313860
1,130_bNAb_Combinations|1313860|cc|4|1|PVO.4|5024,1,7.02524e-08,0.345948,0.796586,0.137528,2.86559e-16,False,nan|PVO.4,1313860
1,130_bNAb_Combinations|1313860|cc|5|1|PVO.4|5024,1,7.02524e-08,0.345948,5.77428,0.137528,2.86559e-16,False,nan|PVO.4,1313860
1,130_bNAb_Combinations|1313860|cc|6|1|PVO.4|5024,1,7.02524e-08,0.345948,0.358058,0.137528,2.86559e-16,False,nan|PVO.4,1313860
1,130_bNAb_Combinations|1313860|cc|7|1|PVO.4|5024,1,7.02524e-08,0.345948,0.0715279,0.137528,2.86559e-16,False,nan|PVO.4,1313860
1,130_bNAb_Combinations|1313860|cc|8|1|PVO.4|5024,1,7.02524e-08,0.345948,6.13313,0.137528,2.86559e-16,False,nan|PVO.4,1313860
1,130_bNAb_Combinations|1313860|sample|10|PVO.4|5024,1,8.40916e-07,1.46622,7.58831,0.137528,2.86559e-16,True,PGT121|PVO.4,1313860
1,130_bNAb_Combinations|1313860|sample|11|PVO.4|5024,1,1.88422e-07,1.75611,8.31535,0.137528,2.86559e-16,True,VRC07-523LS|PVO.4,1313860
1,130_bNAb_Combinations|1313860|sample|12|PVO.4|5024,1,1.88422e-07,1.75611,8.32807,0.137528,2.86559e-16,True,VRC07-523LS|PVO.4,1313860
1,130_bNAb_Combinations|1313860|sample|3|PVO.4|5024,1,1.69063e-07,1.34586,0.846527,0.137528,2.86559e-16,True,PGDM1400|PVO.4,1313860
1,130_bNAb_Combinations|1313860|sample|4|PVO.4|5024,1,1.69063e-07,1.34586,0.852721,0.137528,2.86559e-16,True,PGDM1400|PVO.4,1313860
1,130_bNAb_Combinations|1313860|sample|5|PVO.4|5024,1,1.69063e-07,1.34586,0.8406,0.137528,2.86559e-16,True,PGDM1400|PVO.4,1313860
1,130_bNAb_Combinations|1313860|sample|6|PVO.4|5024,1,1.69063e-07,1.34586,1.04989,0.137528,2.86559e-16,True,PGDM1400|PVO.4,1313860
1,130_bNAb_Combinations|1313860|sample|7|PVO.4|5024,1,8.40915e-07,1.46622,7.29711,0.137528,2.86559e-16,True,PGT121|PVO.4,1313860
1,130_bNAb_Combinations|1313860|sample|8|PVO.4|5024,1,8.40916e-07,1.46622,6.96668,0.137528,2.86559e-16,True,PGT121|PVO.4,1313860
1,130_bNAb_Combinations|1313860|sample|9|PVO.4|5024,1,8.40916e-07,1.46622,8.40902,0.137528,2.86559e-16,True,PGT121|PVO.4,1313860
1,130_bNAb_Combinations|1313860|vc|1|2|PVO.4|5024,1,7.02524e-08,0.345948,0.194095,0.137528,2.86559e-16,False,nan|PVO.4,1313860
1,130_bNAb_Combinations|1313860|vc|2|2|PVO.4|5024,1,7.02524e-08,0.345948,53.1847,0.137528,2.86559e-16,False,nan|PVO.4,1313860
1,130_bNAb_Combinations|1313860|vc|3|2|PVO.4|5024,1,7.02524e-08,0.345948,0.025361,0.137528,2.86559e-16,False,nan|PVO.4,1313860
1,130_bNAb_Combinations|1313860|vc|4|2|PVO.4|5024,1,7.02524e-08,0.345948,0.0279543,0.137528,2.86559e-16,False,nan|PVO.4,1313860
1,130_bNAb_Combinations|1313860|vc|5|2|PVO.4|5024,1,7.02524e-08,0.345948,0.314242,0.137528,2.86559e-16,False,nan|PVO.4,1313860
1,130_bNAb_Combinations|1313860|vc|6|2|PVO.4|5024,1,7.02524e-08,0.345948,28.7594,0.137528,2.86559e-16,False,nan|PVO.4,1313860
1,130_bNAb_Combinations|1313860|vc|7|2|PVO.4|5024,1,7.02524e-08,0.345948,0.357826,0.137528,2.86559e-16,False,nan|PVO.4,1313860
1,130_bNAb_Combinations|1313860|vc|8|2|PVO.4|5024,1,7.02524e-08,0.345948,44.8206,0.137528,2.86559e-16,False,nan|PVO.4,1313860
1,130_bNAb_Combinations|1313884|cc|1|1|nan|4168,1,1.34647e-07,0.108959,0.468128,0.0973973,2.86559e-16,False,nan|4168,1313884
1,130_bNAb_Combinations|1313884|cc|2|1|nan|4168,1,1.34647e-07,0.108959,0.00786744,0.0973973,2.86559e-16,False,nan|4168,1313884
1,130_bNAb_Combinations|1313884|cc|3|1|nan|4168,1,1.34647e-07,0.108959,1415.37,0.0973973,2.86559e-16,False,nan|4168,1313884
1,130_bNAb_Combinations|1313884|cc|4|1|nan|4168,1,1.34647e-07,0.108959,1.58197,0.0973973,2.86559e-16,False,nan|4168,1313884
1,130_bNAb_Combinations|1313884|cc|5|1|nan|4168,1,1.34647e-07,0.108959,580.773,0.0973973,2.86559e-16,False,nan|4168,1313884
1,130_bNAb_Combinations|1313884|cc|6|1|nan|4168,1,1.34647e-07,0.108959,0.232058,0.0973973,2.86559e-16,False,nan|4168,1313884
1,130_bNAb_Combinations|1313884|cc|7|1|nan|4168,1,1.34647e-07,0.108959,0.576503,0.0973973,2.86559e-16,False,nan|4168,1313884
1,130_bNAb_Combinations|1313884|cc|8|1|nan|4168,1,1.34647e-07,0.108959,0.230963,0.0973973,2.86559e-16,False,nan|4168,1313884
1,130_bNAb_Combinations|1313884|sample|10|nan|4168,1,4.97705e-10,0.486716,14.9942,0.0973973,2.86559e-16,True,PGT121|4168,1313884
1,130_bNAb_Combinations|1313884|sample|11|nan|4168,1,2.5239e-09,1.05993,9.819,0.0973973,2.86559e-16,True,VRC07-523LS|4168,1313884
1,130_bNAb_Combinations|1313884|sample|12|nan|4168,1,2.5239e-09,1.05993,12.2969,0.0973973,2.86559e-16,True,VRC07-523LS|4168,1313884
1,130_bNAb_Combinations|1313884|sample|3|nan|4168,1,8.80962e-07,1.14188,0.302005,0.0973973,2.86559e-16,True,PGDM1400|4168,1313884
1,130_bNAb_Combinations|1313884|sample|4|nan|4168,1,8.80962e-07,1.14188,0.256439,0.0973973,2.86559e-16,True,PGDM1400|4168,1313884
1,130_bNAb_Combinations|1313884|sample|5|nan|4168,1,8.80962e-07,1.14188,0.274371,0.0973973,2.86559e-16,True,PGDM1400|4168,1313884
1,130_bNAb_Combinations|1313884|sample|6|nan|4168,1,8.80962e-07,1.14188,0.318101,0.0973973,2.86559e-16,True,PGDM1400|4168,1313884
1,130_bNAb_Combinations|1313884|sample|7|nan|4168,1,4.97705e-10,0.486716,12.9091,0.0973973,2.86559e-16,True,PGT121|4168,1313884
1,130_bNAb_Combinations|1313884|sample|8|nan|4168,1,4.97705e-10,0.486716,17.2592,0.0973973,2.86559e-16,True,PGT121|4168,1313884
1,130_bNAb_Combinations|1313884|sample|9|nan|4168,1,4.97705e-10,0.486716,19.2414,0.0973973,2.86559e-16,True,PGT121|4168,1313884
1,130_bNAb_Combinations|1313884|vc|1|2|nan|4168,1,1.34647e-07,0.108959,27.6557,0.0973973,2.86559e-16,False,nan|4168,1313884
1,130_bNAb_Combinations|1313884|vc|2|2|nan|4168,1,1.34647e-07,0.108959,0.0143568,0.0973973,2.86559e-16,False,nan|4168,1313884
1,130_bNAb_Combinations|1313884|vc|3|2|nan|4168,1,1.34647e-07,0.108959,14.3112,0.0973973,2.86559e-16,False,nan|4168,1313884
1,130_bNAb_Combinations|1313884|vc|4|2|nan|4168,1,1.34647e-07,0.108959,2.70382,0.0973973,2.86559e-16,False,nan|4168,1313884
1,130_bNAb_Combinations|1313884|vc|5|2|nan|4168,1,1.34647e-07,0.108959,0.272077,0.0973973,2.86559e-16,False,nan|4168,1313884
1,130_bNAb_Combinations|1313884|vc|6|2|nan|4168,1,1.34647e-07,0.108959,2.28825,0.0973973,2.86559e-16,False,nan|4168,1313884
1,130_bNAb_Combinations|1313884|vc|7|2|nan|4168,1,1.34647e-07,0.108959,0.139946,0.0973973,2.86559e-16,False,nan|4168,1313884
1,130_bNAb_Combinations|1313884|vc|8|2|nan|4168,1,1.34647e-07,0.108959,0.935115,0.0973973,2.86559e-16,False,nan|4168,1313884
1,130_bNAb_Combinations|1313920|cc|1|1|nan|1798,1,4.56992e-08,1.20371,0.245794,0.137528,2.86559e-16,False,nan|1798,1313920
1,130_bNAb_Combinations|1313920|cc|2|1|nan|1798,1,4.56992e-08,1.20371,34.5527,0.137528,2.86559e-16,False,nan|1798,1313920
1,130_bNAb_Combinations|1313920|cc|3|1|nan|1798,1,4.56992e-08,1.20371,20.8095,0.137528,2.86559e-16,False,nan|1798,1313920
1,130_bNAb_Combinations|1313920|cc|4|1|nan|1798,1,4.56992e-08,1.20371,6.97978,0.137528,2.86559e-16,False,nan|1798,1313920
1,130_bNAb_Combinations|1313920|cc|5|1|nan|1798,1,4.56992e-08,1.20371,0.232193,0.137528,2.86559e-16,False,nan|1798,1313920
1,130_bNAb_Combinations|1313920|cc|6|1|nan|1798,1,4.56992e-08,1.20371,0.28096,0.137528,2.86559e-16,False,nan|1798,1313920
1,130_bNAb_Combinations|1313920|cc|7|1|nan|1798,1,4.56992e-08,1.20371,2.00588,0.137528,2.86559e-16,False,nan|1798,1313920
1,130_bNAb_Combinations|1313920|cc|8|1|nan|1798,1,4.56992e-08,1.20371,6.05199,0.137528,2.86559e-16,False,nan|1798,1313920
1,130_bNAb_Combinations|1313920|sample|10|nan|1798,1,5.27727e-08,1.57472,20.3238,0.137528,2.86559e-16,True,PGT121|1798,1313920
1,130_bNAb_Combinations|1313920|sample|11|nan|1798,1,1.16974e-08,1.74524,2.77248,0.137528,2.86559e-16,True,VRC07-523LS|1798,1313920
1,130_bNAb_Combinations|1313920|sample|12|nan|1798,1,1.16974e-08,1.74524,2.67593,0.137528,2.86559e-16,True,VRC07-523LS|1798,1313920
1,130_bNAb_Combinations|1313920|sample|3|nan|1798,1,9.02404e-08,0.569717,4.70267,0.137528,2.86559e-16,True,PGDM1400|1798,1313920
1,130_bNAb_Combinations|1313920|sample|4|nan|1798,1,9.02404e-08,0.569717,4.454,0.137528,2.86559e-16,True,PGDM1400|1798,1313920
1,130_bNAb_Combinations|1313920|sample|5|nan|1798,1,9.02404e-08,0.569717,2.96345,0.137528,2.86559e-16,True,PGDM1400|1798,1313920
1,130_bNAb_Combinations|1313920|sample|6|nan|1798,1,9.02404e-08,0.569717,4.03582,0.137528,2.86559e-16,True,PGDM1400|1798,1313920
1,130_bNAb_Combinations|1313920|sample|7|nan|1798,1,5.27727e-08,1.57472,14.3981,0.137528,2.86559e-16,True,PGT121|1798,1313920
1,130_bNAb_Combinations|1313920|sample|8|nan|1798,1,5.27727e-08,1.57472,16.4937,0.137528,2.86559e-16,True,PGT121|1798,1313920
1,130_bNAb_Combinations|1313920|sample|9|nan|1798,1,5.27727e-08,1.57472,17.2727,0.137528,2.86559e-16,True,PGT121|1798,1313920
1,130_bNAb_Combinations|1313920|vc|1|2|nan|1798,1,4.56992e-08,1.20371,2.13224,0.137528,2.86559e-16,False,nan|1798,1313920
1,130_bNAb_Combinations|1313920|vc|2|2|nan|1798,1,4.56992e-08,1.20371,0.366897,0.137528,2.86559e-16,False,nan|1798,1313920
1,130_bNAb_Combinations|1313920|vc|3|2|nan|1798,1,4.56992e-08,1.20371,0.108543,0.137528,2.86559e-16,False,nan|1798,1313920
1,130_bNAb_Combinations|1313920|vc|4|2|nan|1798,1,4.56992e-08,1.20371,0.0915262,0.137528,2.86559e-16,False,nan|1798,1313920
1,130_bNAb_Combinations|1313920|vc|5|2|nan|1798,1,4.56992e-08,1.20371,6.87162,0.137528,2.86559e-16,False,nan|1798,1313920
1,130_bNAb_Combinations|1313920|vc|6|2|nan|1798,1,4.56992e-08,1.20371,17.1699,0.137528,2.86559e-16,False,nan|1798,1313920
1,130_bNAb_Combinations|1313920|vc|7|2|nan|1798,1,4.56992e-08,1.20371,2.12761,0.137528,2.86559e-16,False,nan|1798,1313920
1,130_bNAb_Combinations|1313920|vc|8|2|nan|1798,1,4.56992e-08,1.20371,3.69217,0.137528,2.86559e-16,False,nan|1798,1313920
1,130_bNAb_Combinations|1313938|cc|1|1|TRO.11|8301,1,4.9111e-08,0.830622,4.64756,0.137528,2.86559e-16,False,nan|TRO.11,1313938
1,130_bNAb_Combinations|1313938|cc|2|1|TRO.11|8301,1,4.9111e-08,0.830622,0.885154,0.137528,2.86559e-16,False,nan|TRO.11,1313938
1,130_bNAb_Combinations|1313938|cc|3|1|TRO.11|8301,1,4.9111e-08,0.830622,0.216853,0.137528,2.86559e-16,False,nan|TRO.11,1313938
1,130_bNAb_Combinations|1313938|cc|4|1|TRO.11|8301,1,4.9111e-08,0.830622,0.22718,0.137528,2.86559e-16,False,nan|TRO.11,1313938
1,130_bNAb_Combinations|1313938|cc|5|1|TRO.11|8301,1,4.9111e-08,0.830622,1.4162,0.137528,2.86559e-16,False,nan|TRO.11,1313938
1,130_bNAb_Combinations|1313938|cc|6|1|TRO.11|8301,1,4.9111e-08,0.830622,0.0625465,0.137528,2.86559e-16,False,nan|TRO.11,1313938
1,130_bNAb_Combinations|1313938|cc|7|1|TRO.11|8301,1,4.9111e-08,0.830622,50.2437,0.137528,2.86559e-16,False,nan|TRO.11,1313938
1,130_bNAb_Combinations|1313938|cc|8|1|TRO.11|8301,1,4.9111e-08,0.830622,4.13265,0.137528,2.86559e-16,False,nan|TRO.11,1313938
1,130_bNAb_Combinations|1313938|sample|10|TRO.11|8301,1,1.13812e-08,1.7882,47.8334,0.137528,2.86559e-16,True,PGT121|TRO.11,1313938
1,130_bNAb_Combinations|1313938|sample|11|TRO.11|8301,1,8.5873e-06,1.9305,7.7134,0.137528,2.86559e-16,True,VRC07-523LS|TRO.11,1313938
1,130_bNAb_Combinations|1313938|sample|12|TRO.11|8301,1,8.5873e-06,1.9305,8.51618,0.137528,2.86559e-16,True,VRC07-523LS|TRO.11,1313938
1,130_bNAb_Combinations|1313938|sample|3|TRO.11|8301,1,1.14117e-06,1.25117,2.01609,0.137528,2.86559e-16,True,PGDM1400|TRO.11,1313938
1,130_bNAb_Combinations|1313938|sample|4|TRO.11|8301,1,1.14117e-06,1.25117,2.04187,0.137528,2.86559e-16,True,PGDM1400|TRO.11,1313938
1,130_bNAb_Combinations|1313938|sample|5|TRO.11|8301,1,1.14117e-06,1.25117,1.46283,0.137528,2.86559e-16,True,PGDM1400|TRO.11,1313938
1,130_bNAb_Combinations|1313938|sample|6|TRO.11|8301,1,1.14117e-06,1.25117,2.05173,0.137528,2.86559e-16,True,PGDM1400|TRO.11,1313938
1,130_bNAb_Combinations|1313938|sample|7|TRO.11|8301,1,1.13812e-08,1.78821,33.8999,0.137528,2.86559e-16,True,PGT121|TRO.11,1313938
1,130_bNAb_Combinations|1313938|sample|8|TRO.11|8301,1,1.13812e-08,1.78821,43.0124,0.137528,2.86559e-16,True,PGT121|TRO.11,1313938
1,130_bNAb_Combinations|1313938|sample|9|TRO.11|8301,1,1.13812e-08,1.78821,47.8415,0.137528,2.86559e-16,True,PGT121|TRO.11,1313938
1,130_bNAb_Combinations|1313938|vc|1|2|TRO.11|8301,1,4.9111e-08,0.830622,1336.95,0.137528,2.86559e-16,False,nan|TRO.11,1313938
1,130_bNAb_Combinations|1313938|vc|2|2|TRO.11|8301,1,4.9111e-08,0.830622,44.095,0.137528,2.86559e-16,False,nan|TRO.11,1313938
1,130_bNAb_Combinations|1313938|vc|3|2|TRO.11|8301,1,4.9111e-08,0.830622,2.26181,0.137528,2.86559e-16,False,nan|TRO.11,1313938
1,130_bNAb_Combinations|1313938|vc|4|2|TRO.11|8301,1,4.9111e-08,0.830622,6.61221,0.137528,2.86559e-16,False,nan|TRO.11,1313938
1,130_bNAb_Combinations|1313938|vc|5|2|TRO.11|8301,1,4.9111e-08,0.830622,0.556794,0.137528,2.86559e-16,False,nan|TRO.11,1313938
1,130_bNAb_Combinations|1313938|vc|6|2|TRO.11|8301,1,4.9111e-08,0.830622,1.63912,0.137528,2.86559e-16,False,nan|TRO.11,1313938
1,130_bNAb_Combinations|1313938|vc|7|2|TRO.11|8301,1,4.9111e-08,0.830622,0.0691229,0.137528,2.86559e-16,False,nan|TRO.11,1313938
1,130_bNAb_Combinations|1313938|vc|8|2|TRO.11|8301,1,4.9111e-08,0.830622,0.0333034,0.137528,2.86559e-16,False,nan|TRO.11,1313938
1,130_bNAb_Combinations|1313956|cc|1|1|Ce1176_A3|7023,1,3.35118e-08,0.556194,137.182,0.137528,2.86559e-16,False,nan|Ce1176_A3,1313956
1,130_bNAb_Combinations|1313956|cc|2|1|Ce1176_A3|7023,1,3.35118e-08,0.556194,0.174896,0.137528,2.86559e-16,False,nan|Ce1176_A3,1313956
1,130_bNAb_Combinations|1313956|cc|3|1|Ce1176_A3|7023,1,3.35118e-08,0.556194,35.1633,0.137528,2.86559e-16,False,nan|Ce1176_A3,1313956
1,130_bNAb_Combinations|1313956|cc|4|1|Ce1176_A3|7023,1,3.35118e-08,0.556194,4.23388,0.137528,2.86559e-16,False,nan|Ce1176_A3,1313956
1,130_bNAb_Combinations|1313956|cc|5|1|Ce1176_A3|7023,1,3.35118e-08,0.556194,0.0210186,0.137528,2.86559e-16,False,nan|Ce1176_A3,1313956
1,130_bNAb_Combinations|1313956|cc|6|1|Ce1176_A3|7023,1,3.35118e-08,0.556194,0.0408187,0.137528,2.86559e-16,False,nan|Ce1176_A3,1313956
1,130_bNAb_Combinations|1313956|cc|7|1|Ce1176_A3|7023,1,3.35118e-08,0.556194,0.207513,0.137528,2.86559e-16,False,nan|Ce1176_A3,1313956
1,130_bNAb_Combinations|1313956|cc|8|1|Ce1176_A3|7023,1,3.35118e-08,0.556194,0.000676544,0.137528,2.86559e-16,False,nan|Ce1176_A3,1313956
1,130_bNAb_Combinations|1313956|sample|10|Ce1176_A3|7023,1,2.03684e-09,1.9079,46.9268,0.137528,2.86559e-16,True,PGT121|Ce1176_A3,1313956
1,130_bNAb_Combinations|1313956|sample|11|Ce1176_A3|7023,1,2.00114e-08,1.58058,4.27934,0.137528,2.86559e-16,True,VRC07-523LS|Ce1176_A3,1313956
1,130_bNAb_Combinations|1313956|sample|12|Ce1176_A3|7023,1,2.00114e-08,1.58058,4.85223,0.137528,2.86559e-16,True,VRC07-523LS|Ce1176_A3,1313956
1,130_bNAb_Combinations|1313956|sample|3|Ce1176_A3|7023,1,1.89504e-06,0.525944,1.17062,0.137528,2.86559e-16,True,PGDM1400|Ce1176_A3,1313956
1,130_bNAb_Combinations|1313956|sample|4|Ce1176_A3|7023,1,1.89504e-06,0.525944,1.75074,0.137528,2.86559e-16,True,PGDM1400|Ce1176_A3,1313956
1,130_bNAb_Combinations|1313956|sample|5|Ce1176_A3|7023,1,1.89504e-06,0.525944,1.01438,0.137528,2.86559e-16,True,PGDM1400|Ce1176_A3,1313956
1,130_bNAb_Combinations|1313956|sample|6|Ce1176_A3|7023,1,1.89505e-06,0.525944,1.23947,0.137528,2.86559e-16,True,PGDM1400|Ce1176_A3,1313956
1,130_bNAb_Combinations|1313956|sample|7|Ce1176_A3|7023,1,2.03684e-09,1.9079,28.0553,0.137528,2.86559e-16,True,PGT121|Ce1176_A3,1313956
1,130_bNAb_Combinations|1313956|sample|8|Ce1176_A3|7023,1,2.03684e-09,1.9079,35.4374,0.137528,2.86559e-16,True,PGT121|Ce1176_A3,1313956
1,130_bNAb_Combinations|1313956|sample|9|Ce1176_A3|7023,1,2.03684e-09,1.9079,38.3709,0.137528,2.86559e-16,True,PGT121|Ce1176_A3,1313956
1,130_bNAb_Combinations|1313956|vc|1|2|Ce1176_A3|7023,1,3.35118e-08,0.556194,0.184984,0.137528,2.86559e-16,False,nan|Ce1176_A3,1313956
1,130_bNAb_Combinations|1313956|vc|2|2|Ce1176_A3|7023,1,3.35118e-08,0.556194,0.43164,0.137528,2.86559e-16,False,nan|Ce1176_A3,1313956
1,130_bNAb_Combinations|1313956|vc|3|2|Ce1176_A3|7023,1,3.35118e-08,0.556194,0.235834,0.137528,2.86559e-16,False,nan|Ce1176_A3,1313956
1,130_bNAb_Combinations|1313956|vc|4|2|Ce1176_A3|7023,1,3.35118e-08,0.556194,2.76674,0.137528,2.86559e-16,False,nan|Ce1176_A3,1313956
1,130_bNAb_Combinations|1313956|vc|5|2|Ce1176_A3|7023,1,3.35118e-08,0.556194,0.245152,0.137528,2.86559e-16,False,nan|Ce1176_A3,1313956
1,130_bNAb_Combinations|1313956|vc|6|2|Ce1176_A3|7023,1,3.35118e-08,0.556194,0.0253298,0.137528,2.86559e-16,False,nan|Ce1176_A3,1313956
1,130_bNAb_Combinations|1313956|vc|7|2|Ce1176_A3|7023,1,3.35118e-08,0.556194,19.1589,0.137528,2.86559e-16,False,nan|Ce1176_A3,1313956
1,130_bNAb_Combinations|1313956|vc|8|2|Ce1176_A3|7023,1,3.35118e-08,0.556194,1.68069,0.137528,2.86559e-16,False,nan|Ce1176_A3,1313956
1,130_bNAb_Combinations|1313974|cc|1|1|nan|1176,1,2.74167e-08,0.565952,10.9005,0.209684,2.86548e-16,False,nan|1176,1313974
1,130_bNAb_Combinations|1313974|cc|2|1|nan|1176,1,2.74167e-08,0.565952,64.4857,0.209684,2.86548e-16,False,nan|1176,1313974
1,130_bNAb_Combinations|1313974|cc|3|1|nan|1176,1,2.74167e-08,0.565952,129.702,0.209684,2.86548e-16,False,nan|1176,1313974
1,130_bNAb_Combinations|1313974|cc|4|1|nan|1176,1,2.74167e-08,0.565952,1.21438,0.209684,2.86548e-16,False,nan|1176,1313974
1,130_bNAb_Combinations|1313974|cc|5|1|nan|1176,1,2.74167e-08,0.565952,0.384917,0.209684,2.86548e-16,False,nan|1176,1313974
1,130_bNAb_Combinations|1313974|cc|6|1|nan|1176,1,2.74167e-08,0.565952,0.582666,0.209684,2.86548e-16,False,nan|1176,1313974
1,130_bNAb_Combinations|1313974|cc|7|1|nan|1176,1,2.74167e-08,0.565952,0.0284525,0.209684,2.86548e-16,False,nan|1176,1313974
1,130_bNAb_Combinations|1313974|cc|8|1|nan|1176,1,2.74167e-08,0.565952,0.00912921,0.209684,2.86548e-16,False,nan|1176,1313974
1,130_bNAb_Combinations|1313974|sample|10|nan|1176,1,3.57947e-07,0.932572,0.578643,0.209684,2.86548e-16,True,PGT121|1176,1313974
1,130_bNAb_Combinations|1313974|sample|11|nan|1176,1,1.3324e-07,1.27829,17.3943,0.209684,2.86548e-16,True,VRC07-523LS|1176,1313974
1,130_bNAb_Combinations|1313974|sample|12|nan|1176,1,1.3324e-07,1.27829,33.0586,0.209684,2.86548e-16,True,VRC07-523LS|1176,1313974
1,130_bNAb_Combinations|1313974|sample|3|nan|1176,1,6.91983e-08,0.705908,44.6627,0.209684,2.86548e-16,True,PGDM1400|1176,1313974
1,130_bNAb_Combinations|1313974|sample|4|nan|1176,1,6.91983e-08,0.705908,48.2749,0.209684,2.86548e-16,True,PGDM1400|1176,1313974
1,130_bNAb_Combinations|1313974|sample|5|nan|1176,1,6.91983e-08,0.705908,38.0944,0.209684,2.86548e-16,True,PGDM1400|1176,1313974
1,130_bNAb_Combinations|1313974|sample|6|nan|1176,1,6.91983e-08,0.705908,30.5575,0.209684,2.86548e-16,True,PGDM1400|1176,1313974
1,130_bNAb_Combinations|1313974|sample|7|nan|1176,1,3.57947e-07,0.932572,0.797656,0.209684,2.86548e-16,True,PGT121|1176,1313974
1,130_bNAb_Combinations|1313974|sample|8|nan|1176,1,3.57947e-07,0.932572,0.909301,0.209684,2.86548e-16,True,PGT121|1176,1313974
1,130_bNAb_Combinations|1313974|sample|9|nan|1176,1,3.57947e-07,0.932572,0.550853,0.209684,2.86548e-16,True,PGT121|1176,1313974
1,130_bNAb_Combinations|1313974|vc|1|2|nan|1176,1,2.74167e-08,0.565952,2.17275,0.209684,2.86548e-16,False,nan|1176,1313974
1,130_bNAb_Combinations|1313974|vc|2|2|nan|1176,1,2.74167e-08,0.565952,0.293252,0.209684,2.86548e-16,False,nan|1176,1313974
1,130_bNAb_Combinations|1313974|vc|3|2|nan|1176,1,2.74167e-08,0.565952,134.164,0.209684,2.86548e-16,False,nan|1176,1313974
1,130_bNAb_Combinations|1313974|vc|4|2|nan|1176,1,2.74167e-08,0.565952,14.0994,0.209684,2.86548e-16,False,nan|1176,1313974
1,130_bNAb_Combinations|1313974|vc|5|2|nan|1176,1,2.74167e-08,0.565952,1.72397,0.209684,2.86548e-16,False,nan|1176,1313974
1,130_bNAb_Combinations|1313974|vc|6|2|nan|1176,1,2.74167e-08,0.565952,0.0482388,0.209684,2.86548e-16,False,nan|1176,1313974
1,130_bNAb_Combinations|1313974|vc|7|2|nan|1176,1,2.74167e-08,0.565952,0.317705,0.209684,2.86548e-16,False,nan|1176,1313974
1,130_bNAb_Combinations|1313974|vc|8|2|nan|1176,1,2.74167e-08,0.565952,2.38933,0.209684,2.86548e-16,False,nan|1176,1313974
1,130_bNAb_Combinations|1313992|cc|1|1|RHPA4259.7|5371,1,4.11028e-08,0.286807,267.717,0.137524,2.86559e-16,False,nan|RHPA4259.7,1313992
1,130_bNAb_Combinations|1313992|cc|2|1|RHPA4259.7|5371,1,4.11028e-08,0.286807,0.0239876,0.137524,2.86559e-16,False,nan|RHPA4259.7,1313992
1,130_bNAb_Combinations|1313992|cc|3|1|RHPA4259.7|5371,1,4.11028e-08,0.286807,0.658463,0.137524,2.86559e-16,False,nan|RHPA4259.7,1313992
1,130_bNAb_Combinations|1313992|cc|4|1|RHPA4259.7|5371,1,4.11028e-08,0.286807,28.1952,0.137524,2.86559e-16,False,nan|RHPA4259.7,1313992
1,130_bNAb_Combinations|1313992|cc|5|1|RHPA4259.7|5371,1,4.11028e-08,0.286807,0.02383,0.137524,2.86559e-16,False,nan|RHPA4259.7,1313992
1,130_bNAb_Combinations|1313992|cc|6|1|RHPA4259.7|5371,1,4.11028e-08,0.286807,2181.28,0.137524,2.86559e-16,False,nan|RHPA4259.7,1313992
1,130_bNAb_Combinations|1313992|cc|7|1|RHPA4259.7|5371,1,4.11028e-08,0.286807,0.021363,0.137524,2.86559e-16,False,nan|RHPA4259.7,1313992
1,130_bNAb_Combinations|1313992|cc|8|1|RHPA4259.7|5371,1,4.11028e-08,0.286807,0.0612066,0.137524,2.86559e-16,False,nan|RHPA4259.7,1313992
1,130_bNAb_Combinations|1313992|sample|10|RHPA4259.7|5371,1,3.50172e-07,1.93284,34.5682,0.137524,2.86559e-16,True,PGT121|RHPA4259.7,1313992
1,130_bNAb_Combinations|1313992|sample|11|RHPA4259.7|5371,1,3.63494e-07,1.56764,56.8606,0.137524,2.86559e-16,True,VRC07-523LS|RHPA4259.7,1313992
1,130_bNAb_Combinations|1313992|sample|12|RHPA4259.7|5371,1,3.63494e-07,1.56764,49.7415,0.137524,2.86559e-16,True,VRC07-523LS|RHPA4259.7,1313992
1,130_bNAb_Combinations|1313992|sample|3|RHPA4259.7|5371,1,1.56297e-08,1.60941,2.2268,0.137524,2.86559e-16,True,PGDM1400|RHPA4259.7,1313992
1,130_bNAb_Combinations|1313992|sample|4|RHPA4259.7|5371,1,1.56297e-08,1.60941,2.05144,0.137524,2.86559e-16,True,PGDM1400|RHPA4259.7,1313992
1,130_bNAb_Combinations|1313992|sample|5|RHPA4259.7|5371,1,1.56297e-08,1.60941,2.13789,0.137524,2.86559e-16,True,PGDM1400|RHPA4259.7,1313992
1,130_bNAb_Combinations|1313992|sample|6|RHPA4259.7|5371,1,1.56297e-08,1.60941,2.25259,0.137524,2.86559e-16,True,PGDM1400|RHPA4259.7,1313992
1,130_bNAb_Combinations|1313992|sample|7|RHPA4259.7|5371,1,3.50172e-07,1.93284,33.0802,0.137524,2.86559e-16,True,PGT121|RHPA4259.7,1313992
1,130_bNAb_Combinations|1313992|sample|8|RHPA4259.7|5371,1,3.50172e-07,1.93284,27.9196,0.137524,2.86559e-16,True,PGT121|RHPA4259.7,1313992
1,130_bNAb_Combinations|1313992|sample|9|RHPA4259.7|5371,1,3.50172e-07,1.93284,29.2219,0.137524,2.86559e-16,True,PGT121|RHPA4259.7,1313992
1,130_bNAb_Combinations|1313992|vc|1|2|RHPA4259.7|5371,1,4.11028e-08,0.286807,234.993,0.137524,2.86559e-16,False,nan|RHPA4259.7,1313992
1,130_bNAb_Combinations|1313992|vc|2|2|RHPA4259.7|5371,1,4.11028e-08,0.286807,0.0122196,0.137524,2.86559e-16,False,nan|RHPA4259.7,1313992
1,130_bNAb_Combinations|1313992|vc|3|2|RHPA4259.7|5371,1,4.11028e-08,0.286807,0.0252274,0.137524,2.86559e-16,False,nan|RHPA4259.7,1313992
1,130_bNAb_Combinations|1313992|vc|4|2|RHPA4259.7|5371,1,4.11028e-08,0.286807,43.3082,0.137524,2.86559e-16,False,nan|RHPA4259.7,1313992
1,130_bNAb_Combinations|1313992|vc|5|2|RHPA4259.7|5371,1,4.11028e-08,0.286807,11.5298,0.137524,2.86559e-16,False,nan|RHPA4259.7,1313992
1,130_bNAb_Combinations|1313992|vc|6|2|RHPA4259.7|5371,1,4.11028e-08,0.286807,0.031369,0.137524,2.86559e-16,False,nan|RHPA4259.7,1313992
1,130_bNAb_Combinations|1313992|vc|7|2|RHPA4259.7|5371,1,4.11028e-08,0.286807,10.9516,0.137524,2.86559e-16,False,nan|RHPA4259.7,1313992
1,130_bNAb_Combinations|1313992|vc|8|2|RHPA4259.7|5371,1,4.11028e-08,0.286807,0.0550382,0.137524,2.86559e-16,False,nan|RHPA4259.7,1313992
1,130_bNAb_Combinations|1314016|cc|1|1|nan|3430,1,4.05987e-08,0.826048,1.33396,0.137528,2.86559e-16,False,nan|3430,1314016
1,130_bNAb_Combinations|1314016|cc|2|1|nan|3430,1,4.05987e-08,0.826048,0.156185,0.137528,2.86559e-16,False,nan|3430,1314016
1,130_bNAb_Combinations|1314016|cc|3|1|nan|3430,1,4.05987e-08,0.826048,0.187743,0.137528,2.86559e-16,False,nan|3430,1314016
1,130_bNAb_Combinations|1314016|cc|4|1|nan|3430,1,4.05987e-08,0.826048,0.540957,0.137528,2.86559e-16,False,nan|3430,1314016
1,130_bNAb_Combinations|1314016|cc|5|1|nan|3430,1,4.05987e-08,0.826048,294.981,0.137528,2.86559e-16,False,nan|3430,1314016
1,130_bNAb_Combinations|1314016|cc|6|1|nan|3430,1,4.05987e-08,0.826048,1.76621,0.137528,2.86559e-16,False,nan|3430,1314016
1,130_bNAb_Combinations|1314016|cc|7|1|nan|3430,1,4.05987e-08,0.826048,0.453022,0.137528,2.86559e-16,False,nan|3430,1314016
1,130_bNAb_Combinations|1314016|cc|8|1|nan|3430,1,4.05987e-08,0.826048,8.46793,0.137528,2.86559e-16,False,nan|3430,1314016
1,130_bNAb_Combinations|1314016|sample|10|nan|3430,1,5.38057e-08,1.04952,28.8254,0.137528,2.86559e-16,True,PGT121|3430,1314016
1,130_bNAb_Combinations|1314016|sample|11|nan|3430,1,1.63275e-08,1.59477,21.0502,0.137528,2.86559e-16,True,VRC07-523LS|3430,1314016
1,130_bNAb_Combinations|1314016|sample|12|nan|3430,1,1.63275e-08,1.59477,24.6256,0.137528,2.86559e-16,True,VRC07-523LS|3430,1314016
1,130_bNAb_Combinations|1314016|sample|3|nan|3430,1,1.281e-06,1.03665,373.989,0.137528,2.86559e-16,True,PGDM1400|3430,1314016
1,130_bNAb_Combinations|1314016|sample|4|nan|3430,1,1.281e-06,1.03665,329.813,0.137528,2.86559e-16,True,PGDM1400|3430,1314016
1,130_bNAb_Combinations|1314016|sample|5|nan|3430,1,1.281e-06,1.03665,324.145,0.137528,2.86559e-16,True,PGDM1400|3430,1314016
1,130_bNAb_Combinations|1314016|sample|6|nan|3430,1,1.281e-06,1.03665,384.913,0.137528,2.86559e-16,True,PGDM1400|3430,1314016
1,130_bNAb_Combinations|1314016|sample|7|nan|3430,1,5.38057e-08,1.04952,20.1508,0.137528,2.86559e-16,True,PGT121|3430,1314016
1,130_bNAb_Combinations|1314016|sample|8|nan|3430,1,5.38057e-08,1.04952,16.413,0.137528,2.86559e-16,True,PGT121|3430,1314016
1,130_bNAb_Combinations|1314016|sample|9|nan|3430,1,5.38057e-08,1.04952,24.3957,0.137528,2.86559e-16,True,PGT121|3430,1314016
1,130_bNAb_Combinations|1314016|vc|1|2|nan|3430,1,4.05987e-08,0.826048,0.121172,0.137528,2.86559e-16,False,nan|3430,1314016
1,130_bNAb_Combinations|1314016|vc|2|2|nan|3430,1,4.05987e-08,0.826048,0.838305,0.137528,2.86559e-16,False,nan|3430,1314016
1,130_bNAb_Combinations|1314016|vc|3|2|nan|3430,1,4.05987e-08,0.826048,0.0433859,0.137528,2.86559e-16,False,nan|3430,1314016
1,130_bNAb_Combinations|1314016|vc|4|2|nan|3430,1,4.05987e-08,0.826048,31.2868,0.137528,2.86559e-16,False,nan|3430,1314016
1,130_bNAb_Combinations|1314016|vc|5|2|nan|3430,1,4.05987e-08,0.826048,5.96917,0.137528,2.86559e-16,False,nan|3430,1314016
1,130_bNAb_Combinations|1314016|vc|6|2|nan|3430,1,4.05987e-08,0.826048,0.00523009,0.137528,2.86559e-16,False,nan|3430,1314016
1,130_bNAb_Combinations|1314016|vc|7|2|nan|3430,1,4.05987e-08,0.826048,17.4884,0.137528,2.86559e-16,False,nan|3430,1314016
1,130_bNAb_Combinations|1314016|vc|8|2|nan|3430,1,4.05987e-08,0.826048,0.0991978,0.137528,2.86559e-16,False,nan|3430,1314016
1,130_bNAb_Combinations|1314040|cc|1|1|nan|4166,1,1.01199e-08,0.420618,0.241185,0.166034,2.86559e-16,False,nan|4166,1314040
1,130_bNAb_Combinations|1314040|cc|2|1|nan|4166,1,1.01199e-08,0.420618,5.6074,0.166034,2.86559e-16,False,nan|4166,1314040
1,130_bNAb_Combinations|1314040|cc|3|1|nan|4166,1,1.01199e-08,0.420618,44.0379,0.166034,2.86559e-16,False,nan|4166,1314040
1,130_bNAb_Combinations|1314040|cc|4|1|nan|4166,1,1.01199e-08,0.420618,1.83397,0.166034,2.86559e-16,False,nan|4166,1314040
1,130_bNAb_Combinations|1314040|cc|5|1|nan|4166,1,1.01199e-08,0.420618,0.0418524,0.166034,2.86559e-16,False,nan|4166,1314040
1,130_bNAb_Combinations|1314040|cc|6|1|nan|4166,1,1.01199e-08,0.420618,0.00649586,0.166034,2.86559e-16,False,nan|4166,1314040
1,130_bNAb_Combinations|1314040|cc|7|1|nan|4166,1,1.01199e-08,0.420618,0.949593,0.166034,2.86559e-16,False,nan|4166,1314040
1,130_bNAb_Combinations|1314040|cc|8|1|nan|4166,1,1.01199e-08,0.420618,0.421657,0.166034,2.86559e-16,False,nan|4166,1314040
1,130_bNAb_Combinations|1314040|sample|10|nan|4166,1,4.42709e-08,1.64974,97.7041,0.166034,2.86559e-16,True,PGT121|4166,1314040
1,130_bNAb_Combinations|1314040|sample|11|nan|4166,1,9.37955e-09,1.70353,55.5245,0.166034,2.86559e-16,True,VRC07-523LS|4166,1314040
1,130_bNAb_Combinations|1314040|sample|12|nan|4166,1,9.37955e-09,1.70353,60.1741,0.166034,2.86559e-16,True,VRC07-523LS|4166,1314040
1,130_bNAb_Combinations|1314040|sample|3|nan|4166,1,6.27426e-09,1.03176,168.05,0.166034,2.86559e-16,True,PGDM1400|4166,1314040
1,130_bNAb_Combinations|1314040|sample|4|nan|4166,1,6.27426e-09,1.03176,138.063,0.166034,2.86559e-16,True,PGDM1400|4166,1314040
1,130_bNAb_Combinations|1314040|sample|5|nan|4166,1,6.27426e-09,1.03176,128.959,0.166034,2.86559e-16,True,PGDM1400|4166,1314040
1,130_bNAb_Combinations|1314040|sample|6|nan|4166,1,6.27426e-09,1.03176,161.003,0.166034,2.86559e-16,True,PGDM1400|4166,1314040
1,130_bNAb_Combinations|1314040|sample|7|nan|4166,1,4.42709e-08,1.64974,71.2963,0.166034,2.86559e-16,True,PGT121|4166,1314040
1,130_bNAb_Combinations|1314040|sample|8|nan|4166,1,4.42709e-08,1.64974,66.5855,0.166034,2.86559e-16,True,PGT121|4166,1314040
1,130_bNAb_Combinations|1314040|sample|9|nan|4166,1,4.42709e-08,1.64974,71.3651,0.166034,2.86559e-16,True,PGT121|4166,1314040
1,130_bNAb_Combinations|1314040|vc|1|2|nan|4166,1,1.01199e-08,0.420618,0.64662,0.166034,2.86559e-16,False,nan|4166,1314040
1,130_bNAb_Combinations|1314040|vc|2|2|nan|4166,1,1.01199e-08,0.420618,0.0672289,0.166034,2.86559e-16,False,nan|4166,1314040
1,130_bNAb_Combinations|1314040|vc|3|2|nan|4166,1,1.01199e-08,0.420618,0.0204304,0.166034,2.86559e-16,False,nan|4166,1314040
1,130_bNAb_Combinations|1314040|vc|4|2|nan|4166,1,1.01199e-08,0.420618,2.87841,0.166034,2.86559e-16,False,nan|4166,1314040
1,130_bNAb_Combinations|1314040|vc|5|2|nan|4166,1,1.01199e-08,0.420618,71.3934,0.166034,2.86559e-16,False,nan|4166,1314040
1,130_bNAb_Combinations|1314040|vc|6|2|nan|4166,1,1.01199e-08,0.420618,4.97008,0.166034,2.86559e-16,False,nan|4166,1314040
1,130_bNAb_Combinations|1314040|vc|7|2|nan|4166,1,1.01199e-08,0.420618,0.022018,0.166034,2.86559e-16,False,nan|4166,1314040
1,130_bNAb_Combinations|1314040|vc|8|2|nan|4166,1,1.01199e-08,0.420618,1.06092,0.166034,2.86559e-16,False,nan|4166,1314040
1,130_bNAb_Combinations|1314058|cc|1|1|nan|2944,1,9.51846e-08,0.45769,9.30459,0.226375,2.86559e-16,False,nan|2944,1314058
1,130_bNAb_Combinations|1314058|cc|2|1|nan|2944,1,9.51846e-08,0.45769,0.422206,0.226375,2.86559e-16,False,nan|2944,1314058
1,130_bNAb_Combinations|1314058|cc|3|1|nan|2944,1,9.51846e-08,0.45769,38.5516,0.226375,2.86559e-16,False,nan|2944,1314058
1,130_bNAb_Combinations|1314058|cc|4|1|nan|2944,1,9.51846e-08,0.45769,0.0390652,0.226375,2.86559e-16,False,nan|2944,1314058
1,130_bNAb_Combinations|1314058|cc|5|1|nan|2944,1,9.51846e-08,0.45769,0.833646,0.226375,2.86559e-16,False,nan|2944,1314058
1,130_bNAb_Combinations|1314058|cc|6|1|nan|2944,1,9.51846e-08,0.45769,11.7577,0.226375,2.86559e-16,False,nan|2944,1314058
1,130_bNAb_Combinations|1314058|cc|7|1|nan|2944,1,9.51846e-08,0.45769,75.3141,0.226375,2.86559e-16,False,nan|2944,1314058
1,130_bNAb_Combinations|1314058|cc|8|1|nan|2944,1,9.51846e-08,0.45769,10.1045,0.226375,2.86559e-16,False,nan|2944,1314058
1,130_bNAb_Combinations|1314058|sample|10|nan|2944,1,3.50804e-07,1.62072,70.9599,0.226375,2.86559e-16,True,PGT121|2944,1314058
1,130_bNAb_Combinations|1314058|sample|11|nan|2944,1,7.60634e-08,1.64702,8.7901,0.226375,2.86559e-16,True,VRC07-523LS|2944,1314058
1,130_bNAb_Combinations|1314058|sample|12|nan|2944,1,7.60634e-08,1.64702,12.281,0.226375,2.86559e-16,True,VRC07-523LS|2944,1314058
1,130_bNAb_Combinations|1314058|sample|3|nan|2944,1,3.69073e-07,31.5103,132.87,0.226375,2.86559e-16,True,PGDM1400|2944,1314058
1,130_bNAb_Combinations|1314058|sample|4|nan|2944,1,3.69073e-07,31.5103,134.682,0.226375,2.86559e-16,True,PGDM1400|2944,1314058
1,130_bNAb_Combinations|1314058|sample|5|nan|2944,1,3.69073e-07,31.5103,72.5841,0.226375,2.86559e-16,True,PGDM1400|2944,1314058
1,130_bNAb_Combinations|1314058|sample|6|nan|2944,1,3.69073e-07,31.5103,73.5221,0.226375,2.86559e-16,True,PGDM1400|2944,1314058
1,130_bNAb_Combinations|1314058|sample|7|nan|2944,1,3.50804e-07,1.62072,69.396,0.226375,2.86559e-16,True,PGT121|2944,1314058
1,130_bNAb_Combinations|1314058|sample|8|nan|2944,1,3.50804e-07,1.62072,55.0243,0.226375,2.86559e-16,True,PGT121|2944,1314058
1,130_bNAb_Combinations|1314058|sample|9|nan|2944,1,3.50804e-07,1.62072,79.2086,0.226375,2.86559e-16,True,PGT121|2944,1314058
1,130_bNAb_Combinations|1314058|vc|1|2|nan|2944,1,9.51846e-08,0.45769,0.157179,0.226375,2.86559e-16,False,nan|2944,1314058
1,130_bNAb_Combinations|1314058|vc|2|2|nan|2944,1,9.51846e-08,0.45769,0.460381,0.226375,2.86559e-16,False,nan|2944,1314058
1,130_bNAb_Combinations|1314058|vc|3|2|nan|2944,1,9.51846e-08,0.45769,1.14607,0.226375,2.86559e-16,False,nan|2944,1314058
1,130_bNAb_Combinations|1314058|vc|4|2|nan|2944,1,9.51846e-08,0.45769,0.418929,0.226375,2.86559e-16,False,nan|2944,1314058
1,130_bNAb_Combinations|1314058|vc|5|2|nan|2944,1,9.51846e-08,0.45769,0.0329671,0.226375,2.86559e-16,False,nan|2944,1314058
1,130_bNAb_Combinations|1314058|vc|6|2|nan|2944,1,9.51846e-08,0.45769,0.237117,0.226375,2.86559e-16,False,nan|2944,1314058
1,130_bNAb_Combinations|1314058|vc|7|2|nan|2944,1,9.51846e-08,0.45769,0.00681716,0.226375,2.86559e-16,False,nan|2944,1314058
1,130_bNAb_Combinations|1314058|vc|8|2|nan|2944,1,9.51846e-08,0.45769,145.949,0.226375,2.86559e-16,False,nan|2944,1314058
1,130_bNAb_Combinations|1342240|cc|1|1|nan|1798,1,4.56992e-08,1.20371,4.83795,0.137528,2.86559e-16,False,nan|1798,1342240
1,130_bNAb_Combinations|1342240|cc|2|1|nan|1798,1,4.56992e-08,1.20371,6.43682,0.137528,2.86559e-16,False,nan|1798,1342240
1,130_bNAb_Combinations|1342240|cc|3|1|nan|1798,1,4.56992e-08,1.20371,0.372463,0.137528,2.86559e-16,False,nan|1798,1342240
1,130_bNAb_Combinations|1342240|cc|4|1|nan|1798,1,4.56992e-08,1.20371,2.26681,0.137528,2.86559e-16,False,nan|1798,1342240
1,130_bNAb_Combinations|1342240|cc|5|1|nan|1798,1,4.56992e-08,1.20371,0.00504187,0.137528,2.86559e-16,False,nan|1798,1342240
1,130_bNAb_Combinations|1342240|cc|6|1|nan|1798,1,4.56992e-08,1.20371,0.0372189,0.137528,2.86559e-16,False,nan|1798,1342240
1,130_bNAb_Combinations|1342240|cc|7|1|nan|1798,1,4.56992e-08,1.20371,5.76284,0.137528,2.86559e-16,False,nan|1798,1342240
1,130_bNAb_Combinations|1342240|cc|8|1|nan|1798,1,4.56992e-08,1.20371,0.895183,0.137528,2.86559e-16,False,nan|1798,1342240
1,130_bNAb_Combinations|1342240|sample|3|nan|1798,1,1.16974e-08,1.74524,2.12128,0.137528,2.86559e-16,True,VRC07-523LS|1798,1342240
1,130_bNAb_Combinations|1342240|sample|4|nan|1798,1,1.16974e-08,1.74524,1.96669,0.137528,2.86559e-16,True,VRC07-523LS|1798,1342240
1,130_bNAb_Combinations|1342240|sample|8|nan|1798,1,1.16974e-08,1.74524,5.64679,0.137528,2.86559e-16,True,VRC07-523LS|1798,1342240
1,130_bNAb_Combinations|1342240|vc|1|2|nan|1798,1,4.56992e-08,1.20371,0.0727238,0.137528,2.86559e-16,False,nan|1798,1342240
1,130_bNAb_Combinations|1342240|vc|2|2|nan|1798,1,4.56992e-08,1.20371,1.31336,0.137528,2.86559e-16,False,nan|1798,1342240
1,130_bNAb_Combinations|1342240|vc|3|2|nan|1798,1,4.56992e-08,1.20371,0.797524,0.137528,2.86559e-16,False,nan|1798,1342240
1,130_bNAb_Combinations|1342240|vc|4|2|nan|1798,1,4.56992e-08,1.20371,0.786802,0.137528,2.86559e-16,False,nan|1798,1342240
1,130_bNAb_Combinations|1342240|vc|5|2|nan|1798,1,4.56992e-08,1.20371,0.0994929,0.137528,2.86559e-16,False,nan|1798,1342240
1,130_bNAb_Combinations|1342240|vc|6|2|nan|1798,1,4.56992e-08,1.20371,0.0404047,0.137528,2.86559e-16,False,nan|1798,1342240
1,130_bNAb_Combinations|1342240|vc|7|2|nan|1798,1,4.56992e-08,1.20371,24.2792,0.137528,2.86559e-16,False,nan|1798,1342240
1,130_bNAb_Combinations|1342240|vc|8|2|nan|1798,1,4.56992e-08,1.20371,72.9155,0.137528,2.86559e-16,False,nan|1798,1342240
1,130_bNAb_Combinations|1342258|cc|1|1|TRO.11|8301,1,4.9111e-08,0.830622,0.0392867,0.137528,2.86557e-16,False,nan|TRO.11,1342258
1,130_bNAb_Combinations|1342258|cc|2|1|TRO.11|8301,1,4.9111e-08,0.830622,42.5619,0.137528,2.86557e-16,False,nan|TRO.11,1342258
1,130_bNAb_Combinations|1342258|cc|3|1|TRO.11|8301,1,4.9111e-08,0.830622,0.459205,0.137528,2.86557e-16,False,nan|TRO.11,1342258
1,130_bNAb_Combinations|1342258|cc|4|1|TRO.11|8301,1,4.9111e-08,0.830622,0.512373,0.137528,2.86557e-16,False,nan|TRO.11,1342258
1,130_bNAb_Combinations|1342258|cc|5|1|TRO.11|8301,1,4.9111e-08,0.830622,0.310371,0.137528,2.86557e-16,False,nan|TRO.11,1342258
1,130_bNAb_Combinations|1342258|cc|6|1|TRO.11|8301,1,4.9111e-08,0.830622,57.2747,0.137528,2.86557e-16,False,nan|TRO.11,1342258
1,130_bNAb_Combinations|1342258|cc|7|1|TRO.11|8301,1,4.9111e-08,0.830622,1.09776,0.137528,2.86557e-16,False,nan|TRO.11,1342258
1,130_bNAb_Combinations|1342258|cc|8|1|TRO.11|8301,1,4.9111e-08,0.830622,0.51341,0.137528,2.86557e-16,False,nan|TRO.11,1342258
1,130_bNAb_Combinations|1342258|sample|3|TRO.11|8301,1,8.5873e-06,1.9305,7.77708,0.137528,2.86557e-16,True,VRC07-523LS|TRO.11,1342258
1,130_bNAb_Combinations|1342258|sample|4|TRO.11|8301,1,8.5873e-06,1.9305,6.7331,0.137528,2.86557e-16,True,VRC07-523LS|TRO.11,1342258
1,130_bNAb_Combinations|1342258|vc|1|2|TRO.11|8301,1,4.9111e-08,0.830622,258.963,0.137528,2.86557e-16,False,nan|TRO.11,1342258
1,130_bNAb_Combinations|1342258|vc|2|2|TRO.11|8301,1,4.9111e-08,0.830622,2.22524,0.137528,2.86557e-16,False,nan|TRO.11,1342258
1,130_bNAb_Combinations|1342258|vc|3|2|TRO.11|8301,1,4.9111e-08,0.830622,0.843986,0.137528,2.86557e-16,False,nan|TRO.11,1342258
1,130_bNAb_Combinations|1342258|vc|4|2|TRO.11|8301,1,4.9111e-08,0.830622,14.9991,0.137528,2.86557e-16,False,nan|TRO.11,1342258
1,130_bNAb_Combinations|1342258|vc|5|2|TRO.11|8301,1,4.9111e-08,0.830622,0.826988,0.137528,2.86557e-16,False,nan|TRO.11,1342258
1,130_bNAb_Combinations|1342258|vc|6|2|TRO.11|8301,1,4.9111e-08,0.830622,4.5968,0.137528,2.86557e-16,False,nan|TRO.11,1342258
1,130_bNAb_Combinations|1342258|vc|7|2|TRO.11|8301,1,4.9111e-08,0.830622,2.58348,0.137528,2.86557e-16,False,nan|TRO.11,1342258
1,130_bNAb_Combinations|1342258|vc|8|2|TRO.11|8301,1,4.9111e-08,0.830622,0.00812122,0.137528,2.86557e-16,False,nan|TRO.11,1342258
1,130_bNAb_Combinations|1342276|cc|1|1|Ce1176_A3|7023,1,3.35118e-08,0.556194,0.0122733,0.137528,2.86559e-16,False,nan|Ce1176_A3,1342276
1,130_bNAb_Combinations|1342276|cc|2|1|Ce1176_A3|7023,1,3.35118e-08,0.556194,0.401045,0.137528,2.86559e-16,False,nan|Ce1176_A3,1342276
1,130_bNAb_Combinations|1342276|cc|3|1|Ce1176_A3|7023,1,3.35118e-08,0.556194,3.38868,0.137528,2.86559e-16,False,nan|Ce1176_A3,1342276
1,130_bNAb_Combinations|1342276|cc|4|1|Ce1176_A3|7023,1,3.35118e-08,0.556194,1.82321,0.137528,2.86559e-16,False,nan|Ce1176_A3,1342276
1,130_bNAb_Combinations|1342276|cc|5|1|Ce1176_A3|7023,1,3.35118e-08,0.556194,0.319215,0.137528,2.86559e-16,False,nan|Ce1176_A3,1342276
1,130_bNAb_Combinations|1342276|cc|6|1|Ce1176_A3|7023,1,3.35118e-08,0.556194,0.722594,0.137528,2.86559e-16,False,nan|Ce1176_A3,1342276
1,130_bNAb_Combinations|1342276|cc|7|1|Ce1176_A3|7023,1,3.35118e-08,0.556194,0.0202282,0.137528,2.86559e-16,False,nan|Ce1176_A3,1342276
1,130_bNAb_Combinations|1342276|cc|8|1|Ce1176_A3|7023,1,3.35118e-08,0.556194,2.26328,0.137528,2.86559e-16,False,nan|Ce1176_A3,1342276
1,130_bNAb_Combinations|1342276|sample|3|Ce1176_A3|7023,1,2.00114e-08,1.58058,3.45482,0.137528,2.86559e-16,True,VRC07-523LS|Ce1176_A3,1342276
1,130_bNAb_Combinations|1342276|sample|4|Ce1176_A3|7023,1,2.00114e-08,1.58058,3.3122,0.137528,2.86559e-16,True,VRC07-523LS|Ce1176_A3,1342276
1,130_bNAb_Combinations|1342276|vc|1|2|Ce1176_A3|7023,1,3.35118e-08,0.556194,0.17363,0.137528,2.86559e-16,False,nan|Ce1176_A3,1342276
1,130_bNAb_Combinations|1342276|vc|2|2|Ce1176_A3|7023,1,3.35118e-08,0.556194,0.480277,0.137528,2.86559e-16,False,nan|Ce1176_A3,1342276
1,130_bNAb_Combinations|1342276|vc|3|2|Ce1176_A3|7023,1,3.35118e-08,0.556194,9.09129,0.137528,2.86559e-16,False,nan|Ce1176_A3,1342276
1,130_bNAb_Combinations|1342276|vc|4|2|Ce1176_A3|7023,1,3.35118e-08,0.556194,0.573748,0.137528,2.86559e-16,False,nan|Ce1176_A3,1342276
1,130_bNAb_Combinations|1342276|vc|5|2|Ce1176_A3|7023,1,3.35118e-08,0.556194,9.45601,0.137528,2.86559e-16,False,nan|Ce1176_A3,1342276
1,130_bNAb_Combinations|1342276|vc|6|2|Ce1176_A3|7023,1,3.35118e-08,0.556194,19.6424,0.137528,2.86559e-16,False,nan|Ce1176_A3,1342276
1,130_bNAb_Combinations|1342276|vc|7|2|Ce1176_A3|7023,1,3.35118e-08,0.556194,0.304304,0.137528,2.86559e-16,False,nan|Ce1176_A3,1342276
1,130_bNAb_Combinations|1342276|vc|8|2|Ce1176_A3|7023,1,3.35118e-08,0.556194,0.436869,0.137528,2.86559e-16,False,nan|Ce1176_A3,1342276
1,130_bNAb_Combinations|1342294|cc|1|1|nan|1176,1,2.74167e-08,0.565952,28.0514,0.137528,2.86559e-16,False,nan|1176,1342294
1,130_bNAb_Combinations|1342294|cc|2|1|nan|1176,1,2.74167e-08,0.565952,0.0030573,0.137528,2.86559e-16,False,nan|1176,1342294
1,130_bNAb_Combinations|1342294|cc|3|1|nan|1176,1,2.74167e-08,0.565952,0.599389,0.137528,2.86559e-16,False,nan|1176,1342294
1,130_bNAb_Combinations|1342294|cc|4|1|nan|1176,1,2.74167e-08,0.565952,4.1827,0.137528,2.86559e-16,False,nan|1176,1342294
1,130_bNAb_Combinations|1342294|cc|5|1|nan|1176,1,2.74167e-08,0.565952,0.260844,0.137528,2.86559e-16,False,nan|1176,1342294
1,130_bNAb_Combinations|1342294|cc|6|1|nan|1176,1,2.74167e-08,0.565952,0.218094,0.137528,2.86559e-16,False,nan|1176,1342294
1,130_bNAb_Combinations|1342294|cc|7|1|nan|1176,1,2.74167e-08,0.565952,0.072152,0.137528,2.86559e-16,False,nan|1176,1342294
1,130_bNAb_Combinations|1342294|cc|8|1|nan|1176,1,2.74167e-08,0.565952,0.128031,0.137528,2.86559e-16,False,nan|1176,1342294
1,130_bNAb_Combinations|1342294|sample|3|nan|1176,1,1.3324e-07,1.27829,22.4263,0.137528,2.86559e-16,True,VRC07-523LS|1176,1342294
1,130_bNAb_Combinations|1342294|sample|4|nan|1176,1,1.3324e-07,1.27829,16.9053,0.137528,2.86559e-16,True,VRC07-523LS|1176,1342294
1,130_bNAb_Combinations|1342294|sample|8|nan|1176,1,1.3324e-07,1.27829,6.1272,0.137528,2.86559e-16,True,VRC07-523LS|1176,1342294
1,130_bNAb_Combinations|1342294|vc|1|2|nan|1176,1,2.74167e-08,0.565952,2.22374,0.137528,2.86559e-16,False,nan|1176,1342294
1,130_bNAb_Combinations|1342294|vc|2|2|nan|1176,1,2.74167e-08,0.565952,0.783689,0.137528,2.86559e-16,False,nan|1176,1342294
1,130_bNAb_Combinations|1342294|vc|3|2|nan|1176,1,2.74167e-08,0.565952,0.40271,0.137528,2.86559e-16,False,nan|1176,1342294
1,130_bNAb_Combinations|1342294|vc|4|2|nan|1176,1,2.74167e-08,0.565952,19.5484,0.137528,2.86559e-16,False,nan|1176,1342294
1,130_bNAb_Combinations|1342294|vc|5|2|nan|1176,1,2.74167e-08,0.565952,0.0187073,0.137528,2.86559e-16,False,nan|1176,1342294
1,130_bNAb_Combinations|1342294|vc|6|2|nan|1176,1,2.74167e-08,0.565952,0.217297,0.137528,2.86559e-16,False,nan|1176,1342294
1,130_bNAb_Combinations|1342294|vc|7|2|nan|1176,1,2.74167e-08,0.565952,0.042334,0.137528,2.86559e-16,False,nan|1176,1342294
1,130_bNAb_Combinations|1342294|vc|8|2|nan|1176,1,2.74167e-08,0.565952,0.380441,0.137528,2.86559e-16,False,nan|1176,1342294
1,130_bNAb_Combinations|1342312|cc|1|1|RHPA4259.7|5371,1,4.11028e-08,0.286807,7.24743,0.106558,2.86559e-16,False,nan|RHPA4259.7,1342312
1,130_bNAb_Combinations|1342312|cc|2|1|RHPA4259.7|5371,1,4.11028e-08,0.286807,0.36508,0.106558,2.86559e-16,False,nan|RHPA4259.7,1342312
1,130_bNAb_Combinations|1342312|cc|3|1|RHPA4259.7|5371,1,4.11028e-08,0.286807,1.13084,0.106558,2.86559e-16,False,nan|RHPA4259.7,1342312
1,130_bNAb_Combinations|1342312|cc|4|1|RHPA4259.7|5371,1,4.11028e-08,0.286807,0.0793466,0.106558,2.86559e-16,False,nan|RHPA4259.7,1342312
1,130_bNAb_Combinations|1342312|cc|5|1|RHPA4259.7|5371,1,4.11028e-08,0.286807,0.011084,0.106558,2.86559e-16,False,nan|RHPA4259.7,1342312
1,130_bNAb_Combinations|1342312|cc|6|1|RHPA4259.7|5371,1,4.11028e-08,0.286807,0.722826,0.106558,2.86559e-16,False,nan|RHPA4259.7,1342312
1,130_bNAb_Combinations|1342312|cc|7|1|RHPA4259.7|5371,1,4.11028e-08,0.286807,4.31971,0.106558,2.86559e-16,False,nan|RHPA4259.7,1342312
1,130_bNAb_Combinations|1342312|cc|8|1|RHPA4259.7|5371,1,4.11028e-08,0.286807,1.55363,0.106558,2.86559e-16,False,nan|RHPA4259.7,1342312
1,130_bNAb_Combinations|1342312|sample|3|RHPA4259.7|5371,1,3.63494e-07,1.56764,29.4461,0.106558,2.86559e-16,True,VRC07-523LS|RHPA4259.7,1342312
1,130_bNAb_Combinations|1342312|sample|4|RHPA4259.7|5371,1,3.63494e-07,1.56764,36.4967,0.106558,2.86559e-16,True,VRC07-523LS|RHPA4259.7,1342312
1,130_bNAb_Combinations|1342312|vc|1|2|RHPA4259.7|5371,1,4.11028e-08,0.286807,0.0568913,0.106558,2.86559e-16,False,nan|RHPA4259.7,1342312
1,130_bNAb_Combinations|1342312|vc|2|2|RHPA4259.7|5371,1,4.11028e-08,0.286807,130.317,0.106558,2.86559e-16,False,nan|RHPA4259.7,1342312
1,130_bNAb_Combinations|1342312|vc|3|2|RHPA4259.7|5371,1,4.11028e-08,0.286807,2.12414,0.106558,2.86559e-16,False,nan|RHPA4259.7,1342312
1,130_bNAb_Combinations|1342312|vc|4|2|RHPA4259.7|5371,1,4.11028e-08,0.286807,1.05793,0.106558,2.86559e-16,False,nan|RHPA4259.7,1342312
1,130_bNAb_Combinations|1342312|vc|5|2|RHPA4259.7|5371,1,4.11028e-08,0.286807,1.40825,0.106558,2.86559e-16,False,nan|RHPA4259.7,1342312
1,130_bNAb_Combinations|1342312|vc|6|2|RHPA4259.7|5371,1,4.11028e-08,0.286807,17.6116,0.106558,2.86559e-16,False,nan|RHPA4259.7,1342312
1,130_bNAb_Combinations|1342312|vc|7|2|RHPA4259.7|5371,1,4.11028e-08,0.286807,0.228665,0.106558,2.86559e-16,False,nan|RHPA4259.7,1342312
1,130_bNAb_Combinations|1342312|vc|8|2|RHPA4259.7|5371,1,4.11028e-08,0.286807,6.41949,0.106558,2.86559e-16,False,nan|RHPA4259.7,1342312
1,130_bNAb_Combinations|1342336|cc|1|1|nan|3430,1,4.05987e-08,0.826048,0.465236,0.137532,2.86559e-16,False,nan|3430,1342336
1,130_bNAb_Combinations|1342336|cc|2|1|nan|3430,1,4.05987e-08,0.826048,0.0106693,0.137532,2.86559e-16,False,nan|3430,1342336
1,130_bNAb_Combinations|1342336|cc|3|1|nan|3430,1,4.05987e-08,0.826048,0.261385,0.137532,2.86559e-16,False,nan|3430,1342336
1,130_bNAb_Combinations|1342336|cc|4|1|nan|3430,1,4.05987e-08,0.826048,0.0998938,0.137532,2.86559e-16,False,nan|3430,1342336
1,130_bNAb_Combinations|1342336|cc|5|1|nan|3430,1,4.05987e-08,0.826048,0.186048,0.137532,2.86559e-16,False,nan|3430,1342336
1,130_bNAb_Combinations|1342336|cc|6|1|nan|3430,1,4.05987e-08,0.826048,0.913994,0.137532,2.86559e-16,False,nan|3430,1342336
1,130_bNAb_Combinations|1342336|cc|7|1|nan|3430,1,4.05987e-08,0.826048,0.346371,0.137532,2.86559e-16,False,nan|3430,1342336
1,130_bNAb_Combinations|1342336|cc|8|1|nan|3430,1,4.05987e-08,0.826048,0.543694,0.137532,2.86559e-16,False,nan|3430,1342336
1,130_bNAb_Combinations|1342336|sample|3|nan|3430,1,1.63275e-08,1.59477,22.8839,0.137532,2.86559e-16,True,VRC07-523LS|3430,1342336
1,130_bNAb_Combinations|1342336|sample|4|nan|3430,1,1.63275e-08,1.59477,20.8308,0.137532,2.86559e-16,True,VRC07-523LS|3430,1342336
1,130_bNAb_Combinations|1342336|sample|5|nan|3430,1,1.63275e-08,1.59477,137.878,0.137532,2.86559e-16,True,VRC07-523LS|3430,1342336
1,130_bNAb_Combinations|1342336|vc|1|2|nan|3430,1,4.05987e-08,0.826048,1.24812,0.137532,2.86559e-16,False,nan|3430,1342336
1,130_bNAb_Combinations|1342336|vc|2|2|nan|3430,1,4.05987e-08,0.826048,60.4257,0.137532,2.86559e-16,False,nan|3430,1342336
1,130_bNAb_Combinations|1342336|vc|3|2|nan|3430,1,4.05987e-08,0.826048,0.476379,0.137532,2.86559e-16,False,nan|3430,1342336
1,130_bNAb_Combinations|1342336|vc|4|2|nan|3430,1,4.05987e-08,0.826048,0.139401,0.137532,2.86559e-16,False,nan|3430,1342336
1,130_bNAb_Combinations|1342336|vc|5|2|nan|3430,1,4.05987e-08,0.826048,0.656055,0.137532,2.86559e-16,False,nan|3430,1342336
1,130_bNAb_Combinations|1342336|vc|6|2|nan|3430,1,4.05987e-08,0.826048,15.8753,0.137532,2.86559e-16,False,nan|3430,1342336
1,130_bNAb_Combinations|1342336|vc|7|2|nan|3430,1,4.05987e-08,0.826048,20.6198,0.137532,2.86559e-16,False,nan|3430,1342336
1,130_bNAb_Combinations|1342336|vc|8|2|nan|3430,1,4.05987e-08,0.826048,1.32508,0.137532,2.86559e-16,False,nan|3430,1342336
1,130_bNAb_Combinations|1342348|cc|1|1|nan|4166,1,1.01199e-08,0.420618,0.223701,0.137528,2.86559e-16,False,nan|4166,1342348
1,130_bNAb_Combinations|1342348|cc|2|1|nan|4166,1,1.01199e-08,0.420618,0.0752969,0.137528,2.86559e-16,False,nan|4166,1342348
1,130_bNAb_Combinations|1342348|cc|3|1|nan|4166,1,1.01199e-08,0.420618,1.221,0.137528,2.86559e-16,False,nan|4166,1342348
1,130_bNAb_Combinations|1342348|cc|4|1|nan|4166,1,1.01199e-08,0.420618,11.5685,0.137528,2.86559e-16,False,nan|4166,1342348
1,130_bNAb_Combinations|1342348|cc|5|1|nan|4166,1,1.01199e-08,0.420618,2.10593,0.137528,2.86559e-16,False,nan|4166,1342348
1,130_bNAb_Combinations|1342348|cc|6|1|nan|4166,1,1.01199e-08,0.420618,10.8081,0.137528,2.86559e-16,False,nan|4166,1342348
1,130_bNAb_Combinations|1342348|cc|7|1|nan|4166,1,1.01199e-08,0.420618,0.906079,0.137528,2.86559e-16,False,nan|4166,1342348
1,130_bNAb_Combinations|1342348|cc|8|1|nan|4166,1,1.01199e-08,0.420618,0.833506,0.137528,2.86559e-16,False,nan|4166,1342348
1,130_bNAb_Combinations|1342348|sample|3|nan|4166,1,9.37955e-09,1.70353,35.8363,0.137528,2.86559e-16,True,VRC07-523LS|4166,1342348
1,130_bNAb_Combinations|1342348|sample|4|nan|4166,1,9.37955e-09,1.70353,46.6296,0.137528,2.86559e-16,True,VRC07-523LS|4166,1342348
1,130_bNAb_Combinations|1342348|vc|1|2|nan|4166,1,1.01199e-08,0.420618,1.04922,0.137528,2.86559e-16,False,nan|4166,1342348
1,130_bNAb_Combinations|1342348|vc|2|2|nan|4166,1,1.01199e-08,0.420618,70.4374,0.137528,2.86559e-16,False,nan|4166,1342348
1,130_bNAb_Combinations|1342348|vc|3|2|nan|4166,1,1.01199e-08,0.420618,0.0132942,0.137528,2.86559e-16,False,nan|4166,1342348
1,130_bNAb_Combinations|1342348|vc|4|2|nan|4166,1,1.01199e-08,0.420618,4.99697,0.137528,2.86559e-16,False,nan|4166,1342348
1,130_bNAb_Combinations|1342348|vc|5|2|nan|4166,1,1.01199e-08,0.420618,5.47243,0.137528,2.86559e-16,False,nan|4166,1342348
1,130_bNAb_Combinations|1342348|vc|6|2|nan|4166,1,1.01199e-08,0.420618,0.00602275,0.137528,2.86559e-16,False,nan|4166,1342348
1,130_bNAb_Combinations|1342348|vc|7|2|nan|4166,1,1.01199e-08,0.420618,5.98899,0.137528,2.86559e-16,False,nan|4166,1342348
1,130_bNAb_Combinations|1342348|vc|8|2|nan|4166,1,1.01199e-08,0.420618,0.612936,0.137528,2.86559e-16,False,nan|4166,1342348
1,130_bNAb_Combinations|1342372|cc|1|1|nan|2944,1,9.51846e-08,0.45769,0.278675,0.137528,2.86559e-16,False,nan|2944,1342372
1,130_bNAb_Combinations|1342372|cc|2|1|nan|2944,1,9.51846e-08,0.45769,75.7089,0.137528,2.86559e-16,False,nan|2944,1342372
1,130_bNAb_Combinations|1342372|cc|3|1|nan|2944,1,9.51846e-08,0.45769,0.748055,0.137528,2.86559e-16,False,nan|2944,1342372
1,130_bNAb_Combinations|1342372|cc|4|1|nan|2944,1,9.51846e-08,0.45769,2.13731,0.137528,2.86559e-16,False,nan|2944,1342372
1,130_bNAb_Combinations|1342372|cc|5|1|nan|2944,1,9.51846e-08,0.45769,4.92478,0.137528,2.86559e-16,False,nan|2944,1342372
1,130_bNAb_Combinations|1342372|cc|6|1|nan|2944,1,9.51846e-08,0.45769,0.0167031,0.137528,2.86559e-16,False,nan|2944,1342372
1,130_bNAb_Combinations|1342372|cc|7|1|nan|2944,1,9.51846e-08,0.45769,2.28228,0.137528,2.86559e-16,False,nan|2944,1342372
1,130_bNAb_Combinations|1342372|cc|8|1|nan|2944,1,9.51846e-08,0.45769,5.69814,0.137528,2.86559e-16,False,nan|2944,1342372
1,130_bNAb_Combinations|1342372|sample|3|nan|2944,1,7.60634e-08,1.64702,11.8248,0.137528,2.86559e-16,True,VRC07-523LS|2944,1342372
1,130_bNAb_Combinations|1342372|sample|4|nan|2944,1,7.60634e-08,1.64702,12.9417,0.137528,2.86559e-16,True,VRC07-523LS|2944,1342372
1,130_bNAb_Combinations|1342372|vc|1|2|nan|2944,1,9.51846e-08,0.45769,3.18484,0.137528,2.86559e-16,False,nan|2944,1342372
1,130_bNAb_Combinations|1342372|vc|2|2|nan|2944,1,9.51846e-08,0.45769,48.8595,0.137528,2.86559e-16,False,nan|2944,1342372
1,130_bNAb_Combinations|1342372|vc|3|2|nan|2944,1,9.51846e-08,0.45769,0.785253,0.137528,2.86559e-16,False,nan|2944,1342372
1,130_bNAb_Combinations|1342372|vc|4|2|nan|2944,1,9.51846e-08,0.45769,4.3571,0.137528,2.86559e-16,False,nan|2944,1342372
1,130_bNAb_Combinations|1342372|vc|5|2|nan|2944,1,9.51846e-08,0.45769,0.246308,0.137528,2.86559e-16,False,nan|2944,1342372
1,130_bNAb_Combinations|1342372|vc|6|2|nan|2944,1,9.51846e-08,0.45769,15.6837,0.137528,2.86559e-16,False,nan|2944,1342372
1,130_bNAb_Combinations|1342372|vc|7|2|nan|2944,1,9.51846e-08,0.45769,0.00760681,0.137528,2.86559e-16,False,nan|2944,1342372
1,130_bNAb_Combinations|1342372|vc|8|2|nan|2944,1,9.51845e-08,0.45769,0.0460067,0.137528,2.86559e-16,False,nan|2944,1342372
1,130_bNAb_Combinations|1342384|cc|1|1|nan|2946,1,1.42772e-07,0.214342,0.0956969,0.10246,2.86559e-16,False,nan|2946,1342384
1,130_bNAb_Combinations|1342384|cc|2|1|nan|2946,1,1.42772e-07,0.214342,0.103991,0.10246,2.86559e-16,False,nan|2946,1342384
1,130_bNAb_Combinations|1342384|cc|3|1|nan|2946,1,1.42772e-07,0.214342,1.76185,0.10246,2.86559e-16,False,nan|2946,1342384
1,130_bNAb_Combinations|1342384|cc|4|1|nan|2946,1,1.42772e-07,0.214342,0.00515267,0.10246,2.86559e-16,False,nan|2946,1342384
1,130_bNAb_Combinations|1342384|cc|5|1|nan|2946,1,1.42772e-07,0.214342,0.611134,0.10246,2.86559e-16,False,nan|2946,1342384
1,130_bNAb_Combinations|1342384|cc|6|1|nan|2946,1,1.42772e-07,0.214342,0.423667,0.10246,2.86559e-16,False,nan|2946,1342384
1,130_bNAb_Combinations|1342384|cc|7|1|nan|2946,1,1.42772e-07,0.214342,2.38995,0.10246,2.86559e-16,False,nan|2946,1342384
1,130_bNAb_Combinations|1342384|cc|8|1|nan|2946,1,1.42772e-07,0.214342,0.00726474,0.10246,2.86559e-16,False,nan|2946,1342384
1,130_bNAb_Combinations|1342384|sample|3|nan|2946,1,9.17783e-09,1.6082,1.47043,0.10246,2.86559e-16,True,VRC07-523LS|2946,1342384
1,130_bNAb_Combinations|1342384|sample|4|nan|2946,1,9.17783e-09,1.6082,1.65547,0.10246,2.86559e-16,True,VRC07-523LS|2946,1342384
1,130_bNAb_Combinations|1342384|vc|1|2|nan|2946,1,1.42772e-07,0.214342,0.0103229,0.10246,2.86559e-16,False,nan|2946,1342384
1,130_bNAb_Combinations|1342384|vc|2|2|nan|2946,1,1.42772e-07,0.214342,6.24607,0.10246,2.86559e-16,False,nan|2946,1342384
1,130_bNAb_Combinations|1342384|vc|3|2|nan|2946,1,1.42771e-07,0.214342,0.0822658,0.10246,2.86559e-16,False,nan|2946,1342384
1,130_bNAb_Combinations|1342384|vc|4|2|nan|2946,1,1.42772e-07,0.214342,8.64003,0.10246,2.86559e-16,False,nan|2946,1342384
1,130_bNAb_Combinations|1342384|vc|5|2|nan|2946,1,1.42772e-07,0.214342,2.78119,0.10246,2.86559e-16,False,nan|2946,1342384
1,130_bNAb_Combinations|1342384|vc|6|2|nan|2946,1,1.42772e-07,0.214342,6.27863,0.10246,2.86559e-16,False,nan|2946,1342384
1,130_bNAb_Combinations|1342384|vc|7|2|nan|2946,1,1.42772e-07,0.214342,0.294211,0.10246,2.86559e-16,False,nan|2946,1342384
1,130_bNAb_Combinations|1342384|vc|8|2|nan|2946,1,1.42772e-07,0.214342,5.50798,0.10246,2.86559e-16,False,nan|2946,1342384
1,130_bNAb_Combinations|1342396|cc|1|1|PVO.4|5024,1,7.02524e-08,0.345948,0.0483397,0.137528,2.86559e-16,False,nan|PVO.4,1342396
1,130_bNAb_Combinations|1342396|cc|2|1|PVO.4|5024,1,7.02524e-08,0.345948,0.0149694,0.137528,2.86559e-16,False,nan|PVO.4,1342396
1,130_bNAb_Combinations|1342396|cc|3|1|PVO.4|5024,1,7.02524e-08,0.345948,0.312254,0.137528,2.86559e-16,False,nan|PVO.4,1342396
1,130_bNAb_Combinations|1342396|cc|4|1|PVO.4|5024,1,7.02524e-08,0.345948,98.5707,0.137528,2.86559e-16,False,nan|PVO.4,1342396
1,130_bNAb_Combinations|1342396|cc|5|1|PVO.4|5024,1,7.02524e-08,0.345948,0.13911,0.137528,2.86559e-16,False,nan|PVO.4,1342396
1,130_bNAb_Combinations|1342396|cc|6|1|PVO.4|5024,1,7.02524e-08,0.345948,0.106951,0.137528,2.86559e-16,False,nan|PVO.4,1342396
1,130_bNAb_Combinations|1342396|cc|7|1|PVO.4|5024,1,7.02524e-08,0.345948,0.861242,0.137528,2.86559e-16,False,nan|PVO.4,1342396
1,130_bNAb_Combinations|1342396|cc|8|1|PVO.4|5024,1,7.02524e-08,0.345948,13.0657,0.137528,2.86559e-16,False,nan|PVO.4,1342396
1,130_bNAb_Combinations|1342396|sample|3|PVO.4|5024,1,1.88422e-07,1.75611,7.75872,0.137528,2.86559e-16,True,VRC07-523LS|PVO.4,1342396
1,130_bNAb_Combinations|1342396|sample|4|PVO.4|5024,1,1.88422e-07,1.75611,6.20028,0.137528,2.86559e-16,True,VRC07-523LS|PVO.4,1342396
1,130_bNAb_Combinations|1342396|vc|1|2|PVO.4|5024,1,7.02524e-08,0.345948,0.0130031,0.137528,2.86559e-16,False,nan|PVO.4,1342396
1,130_bNAb_Combinations|1342396|vc|2|2|PVO.4|5024,1,7.02524e-08,0.345948,4.94284,0.137528,2.86559e-16,False,nan|PVO.4,1342396
1,130_bNAb_Combinations|1342396|vc|3|2|PVO.4|5024,1,7.02524e-08,0.345948,1.49078,0.137528,2.86559e-16,False,nan|PVO.4,1342396
1,130_bNAb_Combinations|1342396|vc|4|2|PVO.4|5024,1,7.02524e-08,0.345948,0.409757,0.137528,2.86559e-16,False,nan|PVO.4,1342396
1,130_bNAb_Combinations|1342396|vc|5|2|PVO.4|5024,1,7.02524e-08,0.345948,1.48784,0.137528,2.86559e-16,False,nan|PVO.4,1342396
1,130_bNAb_Combinations|1342396|vc|6|2|PVO.4|5024,1,7.02524e-08,0.345948,286.243,0.137528,2.86559e-16,False,nan|PVO.4,1342396
1,130_bNAb_Combinations|1342396|vc|7|2|PVO.4|5024,1,7.02524e-08,0.345948,1.83235,0.137528,2.86559e-16,False,nan|PVO.4,1342396
1,130_bNAb_Combinations|1342396|vc|8|2|PVO.4|5024,1,7.02524e-08,0.345948,0.342282,0.137528,2.86559e-16,False,nan|PVO.4,1342396
1,130_bNAb_Combinations|1342408|cc|1|1|nan|4168,1,1.34647e-07,0.108959,0.0338277,0.137528,2.86559e-16,False,nan|4168,1342408
1,130_bNAb_Combinations|1342408|cc|2|1|nan|4168,1,1.34647e-07,0.108959,0.520831,0.137528,2.86559e-16,False,nan|4168,1342408
1,130_bNAb_Combinations|1342408|cc|3|1|nan|4168,1,1.34647e-07,0.108959,2.78408,0.137528,2.86559e-16,False,nan|4168,1342408
1,130_bNAb_Combinations|1342408|cc|4|1|nan|4168,1,1.34647e-07,0.108959,70.5865,0.137528,2.86559e-16,False,nan|4168,1342408
1,130_bNAb_Combinations|1342408|cc|5|1|nan|4168,1,1.34647e-07,0.108959,0.0218098,0.137528,2.86559e-16,False,nan|4168,1342408
1,130_bNAb_Combinations|1342408|cc|6|1|nan|4168,1,1.34647e-07,0.108959,10.1256,0.137528,2.86559e-16,False,nan|4168,1342408
1,130_bNAb_Combinations|1342408|cc|7|1|nan|4168,1,1.34647e-07,0.108959,0.144009,0.137528,2.86559e-16,False,nan|4168,1342408
1,130_bNAb_Combinations|1342408|cc|8|1|nan|4168,1,1.34647e-07,0.108959,0.0163724,0.137528,2.86559e-16,False,nan|4168,1342408
1,130_bNAb_Combinations|1342408|sample|3|nan|4168,1,2.5239e-09,1.05993,6.30549,0.137528,2.86559e-16,True,VRC07-523LS|4168,1342408
1,130_bNAb_Combinations|1342408|sample|4|nan|4168,1,2.5239e-09,1.05993,6.06104,0.137528,2.86559e-16,True,VRC07-523LS|4168,1342408
1,130_bNAb_Combinations|1342408|vc|1|2|nan|4168,1,1.34647e-07,0.108959,0.00760455,0.137528,2.86559e-16,False,nan|4168,1342408
1,130_bNAb_Combinations|1342408|vc|2|2|nan|4168,1,1.34647e-07,0.108959,0.0619071,0.137528,2.86559e-16,False,nan|4168,1342408
1,130_bNAb_Combinations|1342408|vc|3|2|nan|4168,1,1.34647e-07,0.108959,0.0675469,0.137528,2.86559e-16,False,nan|4168,1342408
1,130_bNAb_Combinations|1342408|vc|4|2|nan|4168,1,1.34647e-07,0.108959,6.84472,0.137528,2.86559e-16,False,nan|4168,1342408
1,130_bNAb_Combinations|1342408|vc|5|2|nan|4168,1,1.34647e-07,0.108959,0.00604986,0.137528,2.86559e-16,False,nan|4168,1342408
1,130_bNAb_Combinations|1342408|vc|6|2|nan|4168,1,1.34647e-07,0.108959,0.39224,0.137528,2.86559e-16,False,nan|4168,1342408
1,130_bNAb_Combinations|1342408|vc|7|2|nan|4168,1,1.34647e-07,0.108959,8.93334,0.137528,2.86559e-16,False,nan|4168,1342408
1,130_bNAb_Combinations|1342408|vc|8|2|nan|4168,1,1.34647e-07,0.108959,0.380701,0.137528,2.86559e-16,False,nan|4168,1342408
1,704_VRC01_Concordance|1200432|cc|1|1|PVO.4|5024,1,7.02524e-08,0.345948,1.73474,0.137528,2.86559e-16,False,nan|PVO.4,1200432
1,704_VRC01_Concordance|1200432|cc|2|1|PVO.4|5024,1,7.02524e-08,0.345948,66.3164,0.137528,2.86559e-16,False,nan|PVO.4,1200432
1,704_VRC01_Concordance|1200432|cc|3|1|PVO.4|5024,1,7.02524e-08,0.345948,3.78068,0.137528,2.86559e-16,False,nan|PVO.4,1200432
1,704_VRC01_Concordance|1200432|cc|4|1|PVO.4|5024,1,7.02524e-08,0.345948,614.713,0.137528,2.86559e-16,False,nan|PVO.4,1200432
1,704_VRC01_Concordance|1200432|cc|5|1|PVO.4|5024,1,7.02524e-08,0.345948,0.0204435,0.137528,2.86559e-16,False,nan|PVO.4,1200432
1,704_VRC01_Concordance|1200432|cc|6|1|PVO.4|5024,1,7.02524e-08,0.345948,0.195628,0.137528,2.86559e-16,False,nan|PVO.4,1200432
1,704_VRC01_Concordance|1200432|cc|7|1|PVO.4|5024,1,7.02524e-08,0.345948,0.00267162,0.137528,2.86559e-16,False,nan|PVO.4,1200432
1,704_VRC01_Concordance|1200432|cc|8|1|PVO.4|5024,1,7.02524e-08,0.345948,0.273661,0.137528,2.86559e-16,False,nan|PVO.4,1200432
1,704_VRC01_Concordance|1200432|sample|10|PVO.4|5024,1,4.1687e-08,1.45192,1.5939,0.137528,2.86559e-16,True,Clinical VRC01|PVO.4,1200432
1,704_VRC01_Concordance|1200432|sample|11|PVO.4|5024,1,4.1687e-08,1.45192,2.28079,0.137528,2.86559e-16,True,Clinical VRC01|PVO.4,1200432
1,704_VRC01_Concordance|1200432|sample|12|PVO.4|5024,1,4.1687e-08,1.45192,2.42262,0.137528,2.86559e-16,True,Clinical VRC01|PVO.4,1200432
1,704_VRC01_Concordance|1200432|sample|3|PVO.4|5024,1,4.1687e-08,1.45192,2.78509,0.137528,2.86559e-16,True,Clinical VRC01|PVO.4,1200432
1,704_VRC01_Concordance|1200432|sample|4|PVO.4|5024,1,4.1687e-08,1.45192,1.64447,0.137528,2.86559e-16,True,Clinical VRC01|PVO.4,1200432
1,704_VRC01_Concordance|1200432|sample|5|PVO.4|5024,1,4.1687e-08,1.45192,1.60748,0.137528,2.86559e-16,True,Clinical VRC01|PVO.4,1200432
1,704_VRC01_Concordance|1200432|sample|6|PVO.4|5024,1,4.1687e-08,1.45192,1.48003,0.137528,2.86559e-16,True,Clinical VRC01|PVO.4,1200432
1,704_VRC01_Concordance|1200432|sample|7|PVO.4|5024,1,4.1687e-08,1.45192,2.25222,0.137528,2.86559e-16,True,Clinical VRC01|PVO.4,1200432
1,704_VRC01_Concordance|1200432|sample|8|PVO.4|5024,1,4.1687e-08,1.45192,2.22209,0.137528,2.86559e-16,True,Clinical VRC01|PVO.4,1200432
1,704_VRC01_Concordance|1200432|sample|9|PVO.4|5024,1,4.1687e-08,1.45192,1.61358,0.137528,2.86559e-16,True,Clinical VRC01|PVO.4,1200432
1,704_VRC01_Concordance|1200432|vc|1|2|PVO.4|5024,1,7.02524e-08,0.345948,0.812998,0.137528,2.86559e-16,False,nan|PVO.4,1200432
1,704_VRC01_Concordance|1200432|vc|2|2|PVO.4|5024,1,7.02524e-08,0.345948,0.0167461,0.137528,2.86559e-16,False,nan|PVO.4,1200432
1,704_VRC01_Concordance|1200432|vc|3|2|PVO.4|5024,1,7.02524e-08,0.345948,3.45999,0.137528,2.86559e-16,False,nan|PVO.4,1200432
1,704_VRC01_Concordance|1200432|vc|4|2|PVO.4|5024,1,7.02524e-08,0.345948,3.91106,0.137528,2.86559e-16,False,nan|PVO.4,1200432
1,704_VRC01_Concordance|1200432|vc|5|2|PVO.4|5024,1,7.02524e-08,0.345948,0.260228,0.137528,2.86559e-16,False,nan|PVO.4,1200432
1,704_VRC01_Concordance|1200432|vc|6|2|PVO.4|5024,1,7.02524e-08,0.345948,3.74529,0.137528,2.86559e-16,False,nan|PVO.4,1200432
1,704_VRC01_Concordance|1200432|vc|7|2|PVO.4|5024,1,7.02524e-08,0.345948,28.2763,0.137528,2.86559e-16,False,nan|PVO.4,1200432
1,704_VRC01_Concordance|1200432|vc|8|2|PVO.4|5024,1,7.02524e-08,0.345948,0.908656,0.137528,2.86559e-16,False,nan|PVO.4,1200432
