id,U_SAEM,L_SAEM,m_SAEM,e_SAEM,s_SAEM,alpha_SAEM,k_SAEM,U_mode,L_mode,m_mode,e_mode,s_mode,alpha_mode,k_mode,goes_down,mab_virus,run_id
130_bNAb_Combinations|1313842|cc|1|1|nan|2946,1,0.0141852,0.669916,32305.3,74.895,0.42595,0.753583,1,0.0141852,0.669896,1,74.6402,0.42352,0.739633,False,nan|2946,1313842
130_bNAb_Combinations|1313842|cc|2|1|nan|2946,1,0.0141852,0.669916,21551.1,74.895,0.42595,0.753583,1,0.0141852,0.669896,1,74.6402,0.42352,0.739633,False,nan|2946,1313842
130_bNAb_Combinations|1313842|cc|3|1|nan|2946,1,0.0141852,0.669916,1183.26,74.895,0.42595,0.753583,1,0.0141852,0.669896,1,74.6402,0.42352,0.739633,False,nan|2946,1313842
130_bNAb_Combinations|1313842|cc|4|1|nan|2946,1,0.0141852,0.669916,1100.64,74.895,0.42595,0.753583,1,0.0141852,0.669896,1,74.6402,0.42352,0.739633,False,nan|2946,1313842
130_bNAb_Combinations|1313842|cc|5|1|nan|2946,1,0.0141852,0.669916,24103.2,74.895,0.42595,0.753583,1,0.0141852,0.669896,1,74.6402,0.42352,0.739633,False,nan|2946,1313842
130_bNAb_Combinations|1313842|cc|6|1|nan|2946,1,0.0141852,0.669916,1073.62,74.895,0.42595,0.753583,1,0.0141852,0.669896,1,74.6402,0.42352,0.739633,False,nan|2946,1313842
130_bNAb_Combinations|1313842|cc|7|1|nan|2946,1,0.0141852,0.669916,39894.5,74.895,0.42595,0.753583,1,0.0141852,0.669896,1,74.6402,0.42352,0.739633,False,nan|2946,1313842
130_bNAb_Combinations|1313842|cc|8|1|nan|2946,1,0.0141852,0.669916,1726.14,74.895,0.42595,0.753583,1,0.0141852,0.669896,1,74.6402,0.42352,0.739633,False,nan|2946,1313842
130_bNAb_Combinations|1313842|sample|10|nan|2946,1,0.00517504,0.669916,0.00306094,74.895,0.42595,0.753583,1,0.00517504,0.669896,0.00339824,74.6401,0.42352,0.739633,True,PGT121|2946,1313842
130_bNAb_Combinations|1313842|sample|11|nan|2946,1,0.00219589,0.669916,0.0023283,74.895,0.42595,0.753583,1,0.00219589,0.669896,0.00234492,74.6401,0.42352,0.739633,True,VRC07-523LS|2946,1313842
130_bNAb_Combinations|1313842|sample|12|nan|2946,1,0.00219589,0.669916,0.0026237,74.895,0.42595,0.753583,1,0.00219589,0.669896,0.00277975,74.6401,0.42352,0.739633,True,VRC07-523LS|2946,1313842
130_bNAb_Combinations|1313842|sample|3|nan|2946,1,0.0587335,0.669916,0.000817197,74.895,0.42595,0.753583,1,0.0587335,0.669896,0.000928686,74.6401,0.42352,0.739633,True,PGDM1400|2946,1313842
130_bNAb_Combinations|1313842|sample|4|nan|2946,1,0.0587335,0.669916,0.00106112,74.895,0.42595,0.753583,1,0.0587335,0.669896,0.00103047,74.6401,0.42352,0.739633,True,PGDM1400|2946,1313842
130_bNAb_Combinations|1313842|sample|5|nan|2946,1,0.0587335,0.669916,0.00110453,74.895,0.42595,0.753583,1,0.0587335,0.669896,0.00103718,74.6401,0.42352,0.739633,True,PGDM1400|2946,1313842
130_bNAb_Combinations|1313842|sample|6|nan|2946,1,0.0587335,0.669916,0.000616638,74.895,0.42595,0.753583,1,0.0587335,0.669896,0.000681281,74.6401,0.42352,0.739633,True,PGDM1400|2946,1313842
130_bNAb_Combinations|1313842|sample|7|nan|2946,1,0.00517504,0.669916,0.00279048,74.895,0.42595,0.753583,1,0.00517504,0.669896,0.00279849,74.6401,0.42352,0.739633,True,PGT121|2946,1313842
130_bNAb_Combinations|1313842|sample|8|nan|2946,1,0.00517504,0.669916,0.00310641,74.895,0.42595,0.753583,1,0.00517504,0.669896,0.00289252,74.6401,0.42352,0.739633,True,PGT121|2946,1313842
130_bNAb_Combinations|1313842|sample|9|nan|2946,1,0.00517504,0.669916,0.00356404,74.895,0.42595,0.753583,1,0.00517504,0.669896,0.00350044,74.6401,0.42352,0.739633,True,PGT121|2946,1313842
130_bNAb_Combinations|1313842|vc|1|2|nan|2946,1,0.0141852,0.669916,1325.07,74.895,0.42595,0.753583,1,0.0141852,0.669896,1,74.6402,0.42352,0.739633,False,nan|2946,1313842
130_bNAb_Combinations|1313842|vc|2|2|nan|2946,1,0.0141852,0.669916,3292.23,74.895,0.42595,0.753583,1,0.0141852,0.669896,1,74.6402,0.42352,0.739633,False,nan|2946,1313842
130_bNAb_Combinations|1313842|vc|3|2|nan|2946,1,0.0141852,0.669916,13846.7,74.895,0.42595,0.753583,1,0.0141852,0.669896,1,74.6402,0.42352,0.739633,False,nan|2946,1313842
130_bNAb_Combinations|1313842|vc|4|2|nan|2946,1,0.0141852,0.669916,38764.5,74.895,0.42595,0.753583,1,0.0141852,0.669896,1,74.6402,0.42352,0.739633,False,nan|2946,1313842
130_bNAb_Combinations|1313842|vc|5|2|nan|2946,1,0.0141852,0.669916,15397.1,74.895,0.42595,0.753583,1,0.0141852,0.669896,1,74.6402,0.42352,0.739633,False,nan|2946,1313842
130_bNAb_Combinations|1313842|vc|6|2|nan|2946,1,0.0141852,0.669916,1598.97,74.895,0.42595,0.753583,1,0.0141852,0.669896,1,74.6402,0.42352,0.739633,False,nan|2946,1313842
130_bNAb_Combinations|1313842|vc|7|2|nan|2946,1,0.0141852,0.669916,8543.04,74.895,0.42595,0.753583,1,0.0141852,0.669896,1,74.6402,0.42352,0.739633,False,nan|2946,1313842
130_bNAb_Combinations|1313842|vc|8|2|nan|2946,1,0.0141852,0.669916,5625.78,74.895,0.42595,0.753583,1,0.0141852,0.669896,1,74.6402,0.42352,0.739633,False,nan|2946,1313842
130_bNAb_Combinations|1313860|cc|1|1|PVO.4|5024,1,0.00266244,0.669916,60069.1,74.895,0.191132,0.896428,1,0.00266244,0.669896,1,74.6402,0.195425,0.890006,False,nan|PVO.4,1313860
130_bNAb_Combinations|1313860|cc|2|1|PVO.4|5024,1,0.00266244,0.669916,5386.07,74.895,0.191132,0.896428,1,0.00266244,0.669896,1,74.6402,0.195425,0.890006,False,nan|PVO.4,1313860
130_bNAb_Combinations|1313860|cc|3|1|PVO.4|5024,1,0.00266244,0.669916,1327.04,74.895,0.191132,0.896428,1,0.00266244,0.669896,1,74.6402,0.195425,0.890006,False,nan|PVO.4,1313860
130_bNAb_Combinations|1313860|cc|4|1|PVO.4|5024,1,0.00266244,0.669916,2923.55,74.895,0.191132,0.896428,1,0.00266244,0.669896,1,74.6402,0.195425,0.890006,False,nan|PVO.4,1313860
130_bNAb_Combinations|1313860|cc|5|1|PVO.4|5024,1,0.00266244,0.669916,1052.94,74.895,0.191132,0.896428,1,0.00266244,0.669896,1,74.6402,0.195425,0.890006,False,nan|PVO.4,1313860
130_bNAb_Combinations|1313860|cc|6|1|PVO.4|5024,1,0.00266244,0.669916,4179.97,74.895,0.191132,0.896428,1,0.00266244,0.669896,1,74.6402,0.195425,0.890006,False,nan|PVO.4,1313860
130_bNAb_Combinations|1313860|cc|7|1|PVO.4|5024,1,0.00266244,0.669916,950.739,74.895,0.191132,0.896428,1,0.00266244,0.669896,1,74.6402,0.195425,0.890006,False,nan|PVO.4,1313860
130_bNAb_Combinations|1313860|cc|8|1|PVO.4|5024,1,0.00266244,0.669916,886.152,74.895,0.191132,0.896428,1,0.00266244,0.669896,1,74.6402,0.195425,0.890006,False,nan|PVO.4,1313860
130_bNAb_Combinations|1313860|sample|10|PVO.4|5024,1,0.003134,0.669916,0.00933617,74.895,0.191132,0.896428,1,0.003134,0.669896,0.00895805,74.6401,0.195425,0.890006,True,PGT121|PVO.4,1313860
130_bNAb_Combinations|1313860|sample|11|PVO.4|5024,1,0.00094459,0.669916,0.0119387,74.895,0.191132,0.896428,1,0.00094459,0.669896,0.0113866,74.6401,0.195425,0.890006,True,VRC07-523LS|PVO.4,1313860
130_bNAb_Combinations|1313860|sample|12|PVO.4|5024,1,0.00094459,0.669916,0.0126073,74.895,0.191132,0.896428,1,0.00094459,0.669896,0.0125056,74.6401,0.195425,0.890006,True,VRC07-523LS|PVO.4,1313860
130_bNAb_Combinations|1313860|sample|3|PVO.4|5024,1,0.00147082,0.669916,0.00116499,74.895,0.191132,0.896428,1,0.00147082,0.669896,0.00111226,74.6401,0.195425,0.890006,True,PGDM1400|PVO.4,1313860
130_bNAb_Combinations|1313860|sample|4|PVO.4|5024,1,0.00147082,0.669916,0.000969178,74.895,0.191132,0.896428,1,0.00147082,0.669896,0.00108477,74.6401,0.195425,0.890006,True,PGDM1400|PVO.4,1313860
130_bNAb_Combinations|1313860|sample|5|PVO.4|5024,1,0.00147082,0.669916,0.00105026,74.895,0.191132,0.896428,1,0.00147082,0.669896,0.0010009,74.6401,0.195425,0.890006,True,PGDM1400|PVO.4,1313860
130_bNAb_Combinations|1313860|sample|6|PVO.4|5024,1,0.00147082,0.669916,0.0011854,74.895,0.191132,0.896428,1,0.00147082,0.669896,0.00117273,74.6401,0.195425,0.890006,True,PGDM1400|PVO.4,1313860
130_bNAb_Combinations|1313860|sample|7|PVO.4|5024,1,0.003134,0.669916,0.00862151,74.895,0.191132,0.896428,1,0.003134,0.669896,0.00870279,74.6401,0.195425,0.890006,True,PGT121|PVO.4,1313860
130_bNAb_Combinations|1313860|sample|8|PVO.4|5024,1,0.003134,0.669916,0.00893866,74.895,0.191132,0.896428,1,0.003134,0.669896,0.00883087,74.6401,0.195425,0.890006,True,PGT121|PVO.4,1313860
130_bNAb_Combinations|1313860|sample|9|PVO.4|5024,1,0.003134,0.669916,0.00916068,74.895,0.191132,0.896428,1,0.003134,0.669896,0.0091851,74.6401,0.195425,0.890006,True,PGT121|PVO.4,1313860
130_bNAb_Combinations|1313860|vc|1|2|PVO.4|5024,1,0.00266244,0.669916,1.77923e+06,74.895,0.191132,0.896428,1,0.00266244,0.669896,1,74.6402,0.195425,0.890006,False,nan|PVO.4,1313860
130_bNAb_Combinations|1313860|vc|2|2|PVO.4|5024,1,0.00266244,0.669916,1871.89,74.895,0.191132,0.896428,1,0.00266244,0.669896,1,74.6402,0.195425,0.890006,False,nan|PVO.4,1313860
130_bNAb_Combinations|1313860|vc|3|2|PVO.4|5024,1,0.00266244,0.669916,9762.87,74.895,0.191132,0.896428,1,0.00266244,0.669896,1,74.6402,0.195425,0.890006,False,nan|PVO.4,1313860
130_bNAb_Combinations|1313860|vc|4|2|PVO.4|5024,1,0.00266244,0.669916,4986.02,74.895,0.191132,0.896428,1,0.00266244,0.669896,1,74.6402,0.195425,0.890006,False,nan|PVO.4,1313860
130_bNAb_Combinations|1313860|vc|5|2|PVO.4|5024,1,0.00266244,0.669916,5567.94,74.895,0.191132,0.896428,1,0.00266244,0.669896,1,74.6402,0.195425,0.890006,False,nan|PVO.4,1313860
130_bNAb_Combinations|1313860|vc|6|2|PVO.4|5024,1,0.00266244,0.669916,1972.62,74.895,0.191132,0.896428,1,0.00266244,0.669896,1,74.6402,0.195425,0.890006,False,nan|PVO.4,1313860
130_bNAb_Combinations|1313860|vc|7|2|PVO.4|5024,1,0.00266244,0.669916,10839.5,74.895,0.191132,0.896428,1,0.00266244,0.669896,1,74.6402,0.195425,0.890006,False,nan|PVO.4,1313860
130_bNAb_Combinations|1313860|vc|8|2|PVO.4|5024,1,0.00266244,0.669916,978.32,74.895,0.191132,0.896428,1,0.00266244,0.669896,1,74.6402,0.195425,0.890006,False,nan|PVO.4,1313860
130_bNAb_Combinations|1313884|cc|1|1|nan|4168,1,0.00433518,0.669916,3407.23,74.895,0.42595,0.89636,1,0.00433518,0.669896,1,74.6402,0.42352,0.889935,False,nan|4168,1313884
130_bNAb_Combinations|1313884|cc|2|1|nan|4168,1,0.00433518,0.669916,29670.3,74.895,0.42595,0.89636,1,0.00433518,0.669896,1,74.6402,0.42352,0.889935,False,nan|4168,1313884
130_bNAb_Combinations|1313884|cc|3|1|nan|4168,1,0.00433518,0.669916,23491.3,74.895,0.42595,0.89636,1,0.00433518,0.669896,1,74.6402,0.42352,0.889935,False,nan|4168,1313884
130_bNAb_Combinations|1313884|cc|4|1|nan|4168,1,0.00433518,0.669916,16443.6,74.895,0.42595,0.89636,1,0.00433518,0.669896,1,74.6402,0.42352,0.889935,False,nan|4168,1313884
130_bNAb_Combinations|1313884|cc|5|1|nan|4168,1,0.00433518,0.669916,131658,74.895,0.42595,0.89636,1,0.00433518,0.669896,1,74.6402,0.42352,0.889935,False,nan|4168,1313884
130_bNAb_Combinations|1313884|cc|6|1|nan|4168,1,0.00433518,0.669916,4448.81,74.895,0.42595,0.89636,1,0.00433518,0.669896,1,74.6402,0.42352,0.889935,False,nan|4168,1313884
130_bNAb_Combinations|1313884|cc|7|1|nan|4168,1,0.00433518,0.669916,543.333,74.895,0.42595,0.89636,1,0.00433518,0.669896,1,74.6402,0.42352,0.889935,False,nan|4168,1313884
130_bNAb_Combinations|1313884|cc|8|1|nan|4168,1,0.00433518,0.669916,1618.47,74.895,0.42595,0.89636,1,0.00433518,0.669896,0.999999,74.6402,0.42352,0.889935,False,nan|4168,1313884
130_bNAb_Combinations|1313884|sample|10|nan|4168,1,0.112591,0.669916,0.0245615,74.895,0.42595,0.89636,1,0.112591,0.669896,0.0240938,74.6401,0.42352,0.889935,True,PGT121|4168,1313884
130_bNAb_Combinations|1313884|sample|11|nan|4168,1,0.00908131,0.669916,0.00705904,74.895,0.42595,0.89636,1,0.00908131,0.669896,0.00684332,74.6401,0.42352,0.889935,True,VRC07-523LS|4168,1313884
130_bNAb_Combinations|1313884|sample|12|nan|4168,1,0.00908131,0.669916,0.00709558,74.895,0.42595,0.89636,1,0.00908131,0.669896,0.00736866,74.6401,0.42352,0.889935,True,VRC07-523LS|4168,1313884
130_bNAb_Combinations|1313884|sample|3|nan|4168,1,0.0374265,0.669916,0.000292098,74.895,0.42595,0.89636,1,0.0374265,0.669896,0.000336695,74.6401,0.42352,0.889935,True,PGDM1400|4168,1313884
130_bNAb_Combinations|1313884|sample|4|nan|4168,1,0.0374265,0.669916,0.000266704,74.895,0.42595,0.89636,1,0.0374265,0.669896,0.00029439,74.6401,0.42352,0.889935,True,PGDM1400|4168,1313884
130_bNAb_Combinations|1313884|sample|5|nan|4168,1,0.0374265,0.669916,0.000357573,74.895,0.42595,0.89636,1,0.0374265,0.669896,0.000353682,74.6401,0.42352,0.889935,True,PGDM1400|4168,1313884
130_bNAb_Combinations|1313884|sample|6|nan|4168,1,0.0374265,0.669916,0.000338521,74.895,0.42595,0.89636,1,0.0374265,0.669896,0.000331856,74.6401,0.42352,0.889935,True,PGDM1400|4168,1313884
130_bNAb_Combinations|1313884|sample|7|nan|4168,1,0.112591,0.669916,0.0128469,74.895,0.42595,0.89636,1,0.112591,0.669896,0.0126473,74.6401,0.42352,0.889935,True,PGT121|4168,1313884
130_bNAb_Combinations|1313884|sample|8|nan|4168,1,0.112591,0.669916,0.0158058,74.895,0.42595,0.89636,1,0.112591,0.669896,0.0155432,74.6401,0.42352,0.889935,True,PGT121|4168,1313884
130_bNAb_Combinations|1313884|sample|9|nan|4168,1,0.112591,0.669916,0.0180976,74.895,0.42595,0.89636,1,0.112591,0.669896,0.0174012,74.6401,0.42352,0.889935,True,PGT121|4168,1313884
130_bNAb_Combinations|1313884|vc|1|2|nan|4168,1,0.00433518,0.669916,2686.2,74.895,0.42595,0.89636,1,0.00433518,0.669896,1,74.6402,0.42352,0.889935,False,nan|4168,1313884
130_bNAb_Combinations|1313884|vc|2|2|nan|4168,1,0.00433518,0.669916,948.608,74.895,0.42595,0.89636,1,0.00433518,0.669896,1,74.6402,0.42352,0.889935,False,nan|4168,1313884
130_bNAb_Combinations|1313884|vc|3|2|nan|4168,1,0.00433518,0.669916,15668.7,74.895,0.42595,0.89636,1,0.00433518,0.669896,1,74.6402,0.42352,0.889935,False,nan|4168,1313884
130_bNAb_Combinations|1313884|vc|4|2|nan|4168,1,0.00433518,0.669916,2977.21,74.895,0.42595,0.89636,1,0.00433518,0.669896,0.999999,74.6402,0.42352,0.889935,False,nan|4168,1313884
130_bNAb_Combinations|1313884|vc|5|2|nan|4168,1,0.00433518,0.669916,35973.3,74.895,0.42595,0.89636,1,0.00433518,0.669896,1,74.6402,0.42352,0.889935,False,nan|4168,1313884
130_bNAb_Combinations|1313884|vc|6|2|nan|4168,1,0.00433518,0.669916,897.293,74.895,0.42595,0.89636,1,0.00433518,0.669896,1,74.6402,0.42352,0.889935,False,nan|4168,1313884
130_bNAb_Combinations|1313884|vc|7|2|nan|4168,1,0.00433518,0.669916,438.717,74.895,0.42595,0.89636,1,0.00433518,0.669896,1,74.6402,0.42352,0.889935,False,nan|4168,1313884
130_bNAb_Combinations|1313884|vc|8|2|nan|4168,1,0.00433518,0.669916,11899.2,74.895,0.42595,0.89636,1,0.00433518,0.669896,1,74.6402,0.42352,0.889935,False,nan|4168,1313884
130_bNAb_Combinations|1313920|cc|1|1|nan|1798,1,0.00818535,0.669916,5485.99,74.895,0.42595,0.89636,1,0.00818535,0.669896,1,74.6402,0.42352,0.889935,False,nan|1798,1313920
130_bNAb_Combinations|1313920|cc|2|1|nan|1798,1,0.00818535,0.669916,1300.19,74.895,0.42595,0.89636,1,0.00818535,0.669896,1,74.6402,0.42352,0.889935,False,nan|1798,1313920
130_bNAb_Combinations|1313920|cc|3|1|nan|1798,1,0.00818535,0.669916,2421.91,74.895,0.42595,0.89636,1,0.00818535,0.669896,1,74.6402,0.42352,0.889935,False,nan|1798,1313920
130_bNAb_Combinations|1313920|cc|4|1|nan|1798,1,0.00818535,0.669916,1061.28,74.895,0.42595,0.89636,1,0.00818535,0.669896,1,74.6402,0.42352,0.889935,False,nan|1798,1313920
130_bNAb_Combinations|1313920|cc|5|1|nan|1798,1,0.00818535,0.669916,33732.1,74.895,0.42595,0.89636,1,0.00818535,0.669896,1,74.6402,0.42352,0.889935,False,nan|1798,1313920
130_bNAb_Combinations|1313920|cc|6|1|nan|1798,1,0.00818535,0.669916,1768.97,74.895,0.42595,0.89636,1,0.00818535,0.669896,1,74.6402,0.42352,0.889935,False,nan|1798,1313920
130_bNAb_Combinations|1313920|cc|7|1|nan|1798,1,0.00818535,0.669916,99575.6,74.895,0.42595,0.89636,1,0.00818535,0.669896,1,74.6402,0.42352,0.889935,False,nan|1798,1313920
130_bNAb_Combinations|1313920|cc|8|1|nan|1798,1,0.00818535,0.669916,3063.38,74.895,0.42595,0.89636,1,0.00818535,0.669896,1,74.6402,0.42352,0.889935,False,nan|1798,1313920
130_bNAb_Combinations|1313920|sample|10|nan|1798,1,0.000241909,0.669916,0.027848,74.895,0.42595,0.89636,1,0.000241909,0.669896,0.0272105,74.6401,0.42352,0.889935,True,PGT121|1798,1313920
130_bNAb_Combinations|1313920|sample|11|nan|1798,1,0.0014963,0.669916,0.00412491,74.895,0.42595,0.89636,1,0.0014963,0.669896,0.00443442,74.6401,0.42352,0.889935,True,VRC07-523LS|1798,1313920
130_bNAb_Combinations|1313920|sample|12|nan|1798,1,0.0014963,0.669916,0.00417159,74.895,0.42595,0.89636,1,0.0014963,0.669896,0.00397124,74.6401,0.42352,0.889935,True,VRC07-523LS|1798,1313920
130_bNAb_Combinations|1313920|sample|3|nan|1798,1,0.138128,0.669916,0.00554964,74.895,0.42595,0.89636,1,0.138128,0.669896,0.00551862,74.6401,0.42352,0.889935,True,PGDM1400|1798,1313920
130_bNAb_Combinations|1313920|sample|4|nan|1798,1,0.138128,0.669916,0.00614312,74.895,0.42595,0.89636,1,0.138128,0.669896,0.00611747,74.6401,0.42352,0.889935,True,PGDM1400|1798,1313920
130_bNAb_Combinations|1313920|sample|5|nan|1798,1,0.138128,0.669916,0.00609643,74.895,0.42595,0.89636,1,0.138128,0.669896,0.00569942,74.6401,0.42352,0.889935,True,PGDM1400|1798,1313920
130_bNAb_Combinations|1313920|sample|6|nan|1798,1,0.138128,0.669916,0.00869424,74.895,0.42595,0.89636,1,0.138128,0.669896,0.00894007,74.6401,0.42352,0.889935,True,PGDM1400|1798,1313920
130_bNAb_Combinations|1313920|sample|7|nan|1798,1,0.000241909,0.669916,0.0188071,74.895,0.42595,0.89636,1,0.000241909,0.669896,0.0202273,74.6401,0.42352,0.889935,True,PGT121|1798,1313920
130_bNAb_Combinations|1313920|sample|8|nan|1798,1,0.000241909,0.669916,0.0206459,74.895,0.42595,0.89636,1,0.000241909,0.669896,0.0215546,74.6401,0.42352,0.889935,True,PGT121|1798,1313920
130_bNAb_Combinations|1313920|sample|9|nan|1798,1,0.000241909,0.669916,0.024932,74.895,0.42595,0.89636,1,0.000241909,0.669896,0.0252804,74.6401,0.42352,0.889935,True,PGT121|1798,1313920
130_bNAb_Combinations|1313920|vc|1|2|nan|1798,1,0.00818535,0.669916,321.236,74.895,0.42595,0.89636,1,0.00818535,0.669896,1,74.6402,0.42352,0.889935,False,nan|1798,1313920
130_bNAb_Combinations|1313920|vc|2|2|nan|1798,1,0.00818535,0.669916,2391.1,74.895,0.42595,0.89636,1,0.00818535,0.669896,1,74.6402,0.42352,0.889935,False,nan|1798,1313920
130_bNAb_Combinations|1313920|vc|3|2|nan|1798,1,0.00818535,0.669916,3366.03,74.895,0.42595,0.89636,1,0.00818535,0.669896,1,74.6402,0.42352,0.889935,False,nan|1798,1313920
130_bNAb_Combinations|1313920|vc|4|2|nan|1798,1,0.00818535,0.669916,4522.52,74.895,0.42595,0.89636,1,0.00818535,0.669896,1,74.6402,0.42352,0.889935,False,nan|1798,1313920
130_bNAb_Combinations|1313920|vc|5|2|nan|1798,1,0.00818535,0.669916,2305.47,74.895,0.42595,0.89636,1,0.00818535,0.669896,1,74.6402,0.42352,0.889935,False,nan|1798,1313920
130_bNAb_Combinations|1313920|vc|6|2|nan|1798,1,0.00818535,0.669916,3265.18,74.895,0.42595,0.89636,1,0.00818535,0.669896,1,74.6402,0.42352,0.889935,False,nan|1798,1313920
130_bNAb_Combinations|1313920|vc|7|2|nan|1798,1,0.00818535,0.669916,3430.16,74.895,0.42595,0.89636,1,0.00818535,0.669896,1,74.6402,0.42352,0.889935,False,nan|1798,1313920
130_bNAb_Combinations|1313920|vc|8|2|nan|1798,1,0.00818535,0.669916,32061.5,74.895,0.42595,0.89636,1,0.00818535,0.669896,1,74.6402,0.42352,0.889935,False,nan|1798,1313920
130_bNAb_Combinations|1313938|cc|1|1|TRO.11|8301,1,0.0266445,0.669916,25109.9,74.895,0.05576,0.00817494,1,0.0266445,0.669896,1,74.6402,0.0528996,0.000104189,False,nan|TRO.11,1313938
130_bNAb_Combinations|1313938|cc|2|1|TRO.11|8301,1,0.0266445,0.669916,858.18,74.895,0.05576,0.00817494,1,0.0266445,0.669896,1,74.6402,0.0528996,0.000104189,False,nan|TRO.11,1313938
130_bNAb_Combinations|1313938|cc|3|1|TRO.11|8301,1,0.0266445,0.669916,1251.14,74.895,0.05576,0.00817494,1,0.0266445,0.669896,1,74.6402,0.0528996,0.000104189,False,nan|TRO.11,1313938
130_bNAb_Combinations|1313938|cc|4|1|TRO.11|8301,1,0.0266445,0.669916,19647.2,74.895,0.05576,0.00817494,1,0.0266445,0.669896,1,74.6402,0.0528996,0.000104189,False,nan|TRO.11,1313938
130_bNAb_Combinations|1313938|cc|5|1|TRO.11|8301,1,0.0266445,0.669916,2840.3,74.895,0.05576,0.00817494,1,0.0266445,0.669896,1,74.6402,0.0528996,0.000104189,False,nan|TRO.11,1313938
130_bNAb_Combinations|1313938|cc|6|1|TRO.11|8301,1,0.0266445,0.669916,88873.6,74.895,0.05576,0.00817494,1,0.0266445,0.669896,1,74.6402,0.0528996,0.000104189,False,nan|TRO.11,1313938
130_bNAb_Combinations|1313938|cc|7|1|TRO.11|8301,1,0.0266445,0.669916,1047.24,74.895,0.05576,0.00817494,1,0.0266445,0.669896,1,74.6402,0.0528996,0.000104189,False,nan|TRO.11,1313938
130_bNAb_Combinations|1313938|cc|8|1|TRO.11|8301,1,0.0266445,0.669916,10727.4,74.895,0.05576,0.00817494,1,0.0266445,0.669896,1,74.6402,0.0528996,0.000104189,False,nan|TRO.11,1313938
130_bNAb_Combinations|1313938|sample|10|TRO.11|8301,1,0.000309789,0.669916,0.0708292,74.895,0.05576,0.00817494,1,0.000309789,0.669896,0.0732435,74.6401,0.0528996,0.000104189,True,PGT121|TRO.11,1313938
130_bNAb_Combinations|1313938|sample|11|TRO.11|8301,1,0.000763383,0.669916,0.0131516,74.895,0.05576,0.00817494,1,0.000763383,0.669896,0.013339,74.6401,0.0528996,0.000104189,True,VRC07-523LS|TRO.11,1313938
130_bNAb_Combinations|1313938|sample|12|TRO.11|8301,1,0.000763383,0.669916,0.0141387,74.895,0.05576,0.00817494,1,0.000763383,0.669896,0.0143794,74.6401,0.0528996,0.000104189,True,VRC07-523LS|TRO.11,1313938
130_bNAb_Combinations|1313938|sample|3|TRO.11|8301,1,0.000233207,0.669916,0.00182171,74.895,0.05576,0.00817494,1,0.000233207,0.669896,0.00185041,74.6401,0.0528996,0.000104189,True,PGDM1400|TRO.11,1313938
130_bNAb_Combinations|1313938|sample|4|TRO.11|8301,1,0.000233207,0.669916,0.00186729,74.895,0.05576,0.00817494,1,0.000233207,0.669896,0.00184118,74.6401,0.0528996,0.000104189,True,PGDM1400|TRO.11,1313938
130_bNAb_Combinations|1313938|sample|5|TRO.11|8301,1,0.000233207,0.669916,0.00134942,74.895,0.05576,0.00817494,1,0.000233207,0.669896,0.00149608,74.6401,0.0528996,0.000104189,True,PGDM1400|TRO.11,1313938
130_bNAb_Combinations|1313938|sample|6|TRO.11|8301,1,0.000233207,0.669916,0.00156079,74.895,0.05576,0.00817494,1,0.000233207,0.669896,0.00150779,74.6401,0.0528996,0.000104189,True,PGDM1400|TRO.11,1313938
130_bNAb_Combinations|1313938|sample|7|TRO.11|8301,1,0.000309789,0.669916,0.0650283,74.895,0.05576,0.00817494,1,0.000309789,0.669896,0.0659689,74.6401,0.0528996,0.000104189,True,PGT121|TRO.11,1313938
130_bNAb_Combinations|1313938|sample|8|TRO.11|8301,1,0.000309789,0.669916,0.0590872,74.895,0.05576,0.00817494,1,0.000309789,0.669896,0.0622723,74.6401,0.0528996,0.000104189,True,PGT121|TRO.11,1313938
130_bNAb_Combinations|1313938|sample|9|TRO.11|8301,1,0.000309789,0.669916,0.0732465,74.895,0.05576,0.00817494,1,0.000309789,0.669896,0.0743396,74.6401,0.0528996,0.000104189,True,PGT121|TRO.11,1313938
130_bNAb_Combinations|1313938|vc|1|2|TRO.11|8301,1,0.0266445,0.669916,6212.19,74.895,0.05576,0.00817494,1,0.0266445,0.669896,1,74.6402,0.0528996,0.000104189,False,nan|TRO.11,1313938
130_bNAb_Combinations|1313938|vc|2|2|TRO.11|8301,1,0.0266445,0.669916,112315,74.895,0.05576,0.00817494,1,0.0266445,0.669896,1,74.6402,0.0528996,0.000104189,False,nan|TRO.11,1313938
130_bNAb_Combinations|1313938|vc|3|2|TRO.11|8301,1,0.0266445,0.669916,9045.55,74.895,0.05576,0.00817494,1,0.0266445,0.669896,1,74.6402,0.0528996,0.000104189,False,nan|TRO.11,1313938
130_bNAb_Combinations|1313938|vc|4|2|TRO.11|8301,1,0.0266445,0.669916,2354.63,74.895,0.05576,0.00817494,1,0.0266445,0.669896,1,74.6402,0.0528996,0.000104189,False,nan|TRO.11,1313938
130_bNAb_Combinations|1313938|vc|5|2|TRO.11|8301,1,0.0266445,0.669916,3613.44,74.895,0.05576,0.00817494,1,0.0266445,0.669896,1,74.6402,0.0528996,0.000104189,False,nan|TRO.11,1313938
130_bNAb_Combinations|1313938|vc|6|2|TRO.11|8301,1,0.0266445,0.669916,18114.5,74.895,0.05576,0.00817494,1,0.0266445,0.669896,1,74.6402,0.0528996,0.000104189,False,nan|TRO.11,1313938
130_bNAb_Combinations|1313938|vc|7|2|TRO.11|8301,1,0.0266445,0.669916,1848.77,74.895,0.05576,0.00817494,1,0.0266445,0.669896,1,74.6402,0.0528996,0.000104189,False,nan|TRO.11,1313938
130_bNAb_Combinations|1313938|vc|8|2|TRO.11|8301,1,0.0266445,0.669916,4381.98,74.895,0.05576,0.00817494,1,0.0266445,0.669896,1,74.6402,0.0528996,0.000104189,False,nan|TRO.11,1313938
130_bNAb_Combinations|1313956|cc|1|1|Ce1176_A3|7023,1,0.0227183,0.669916,1292.47,74.895,0.42595,0.896377,1,0.0227183,0.669896,1,74.6402,0.42352,0.889953,False,nan|Ce1176_A3,1313956
130_bNAb_Combinations|1313956|cc|2|1|Ce1176_A3|7023,1,0.0227183,0.669916,236919,74.895,0.42595,0.896377,1,0.0227183,0.669896,1,74.6402,0.42352,0.889953,False,nan|Ce1176_A3,1313956
130_bNAb_Combinations|1313956|cc|3|1|Ce1176_A3|7023,1,0.0227183,0.669916,35341.3,74.895,0.42595,0.896377,1,0.0227183,0.669896,1,74.6402,0.42352,0.889953,False,nan|Ce1176_A3,1313956
130_bNAb_Combinations|1313956|cc|4|1|Ce1176_A3|7023,1,0.0227183,0.669916,2064.85,74.895,0.42595,0.896377,1,0.0227183,0.669896,1,74.6402,0.42352,0.889953,False,nan|Ce1176_A3,1313956
130_bNAb_Combinations|1313956|cc|5|1|Ce1176_A3|7023,1,0.0227183,0.669916,10767.2,74.895,0.42595,0.896377,1,0.0227183,0.669896,1,74.6402,0.42352,0.889953,False,nan|Ce1176_A3,1313956
130_bNAb_Combinations|1313956|cc|6|1|Ce1176_A3|7023,1,0.0227183,0.669916,3710.46,74.895,0.42595,0.896377,1,0.0227183,0.669896,1,74.6402,0.42352,0.889953,False,nan|Ce1176_A3,1313956
130_bNAb_Combinations|1313956|cc|7|1|Ce1176_A3|7023,1,0.0227183,0.669916,7089.47,74.895,0.42595,0.896377,1,0.0227183,0.669896,1,74.6402,0.42352,0.889953,False,nan|Ce1176_A3,1313956
130_bNAb_Combinations|1313956|cc|8|1|Ce1176_A3|7023,1,0.0227183,0.669916,3055.34,74.895,0.42595,0.896377,1,0.0227183,0.669896,1,74.6402,0.42352,0.889953,False,nan|Ce1176_A3,1313956
130_bNAb_Combinations|1313956|sample|10|Ce1176_A3|7023,1,0.00105981,0.669916,0.0725092,74.895,0.42595,0.896377,1,0.00105981,0.669896,0.073474,74.6401,0.42352,0.889953,True,PGT121|Ce1176_A3,1313956
130_bNAb_Combinations|1313956|sample|11|Ce1176_A3|7023,1,0.00299553,0.669916,0.00553072,74.895,0.42595,0.896377,1,0.00299553,0.669896,0.00557878,74.6401,0.42352,0.889953,True,VRC07-523LS|Ce1176_A3,1313956
130_bNAb_Combinations|1313956|sample|12|Ce1176_A3|7023,1,0.00299553,0.669916,0.00603095,74.895,0.42595,0.896377,1,0.00299553,0.669896,0.00621232,74.6401,0.42352,0.889953,True,VRC07-523LS|Ce1176_A3,1313956
130_bNAb_Combinations|1313956|sample|3|Ce1176_A3|7023,1,0.197222,0.669916,0.00285669,74.895,0.42595,0.896377,1,0.197222,0.669896,0.00292485,74.6401,0.42352,0.889953,True,PGDM1400|Ce1176_A3,1313956
130_bNAb_Combinations|1313956|sample|4|Ce1176_A3|7023,1,0.197222,0.669916,0.00332324,74.895,0.42595,0.896377,1,0.197222,0.669896,0.00335549,74.6401,0.42352,0.889953,True,PGDM1400|Ce1176_A3,1313956
130_bNAb_Combinations|1313956|sample|5|Ce1176_A3|7023,1,0.197222,0.669916,0.0017423,74.895,0.42595,0.896377,1,0.197222,0.669896,0.0017558,74.6401,0.42352,0.889953,True,PGDM1400|Ce1176_A3,1313956
130_bNAb_Combinations|1313956|sample|6|Ce1176_A3|7023,1,0.197222,0.669916,0.00236794,74.895,0.42595,0.896377,1,0.197222,0.669896,0.00224083,74.6401,0.42352,0.889953,True,PGDM1400|Ce1176_A3,1313956
130_bNAb_Combinations|1313956|sample|7|Ce1176_A3|7023,1,0.00105981,0.669916,0.0613693,74.895,0.42595,0.896377,1,0.00105981,0.669896,0.0610559,74.6401,0.42352,0.889953,True,PGT121|Ce1176_A3,1313956
130_bNAb_Combinations|1313956|sample|8|Ce1176_A3|7023,1,0.00105981,0.669916,0.0564601,74.895,0.42595,0.896377,1,0.00105981,0.669896,0.0589486,74.6401,0.42352,0.889953,True,PGT121|Ce1176_A3,1313956
130_bNAb_Combinations|1313956|sample|9|Ce1176_A3|7023,1,0.00105981,0.669916,0.070956,74.895,0.42595,0.896377,1,0.00105981,0.669896,0.0709415,74.6401,0.42352,0.889953,True,PGT121|Ce1176_A3,1313956
130_bNAb_Combinations|1313956|vc|1|2|Ce1176_A3|7023,1,0.0227183,0.669916,745.253,74.895,0.42595,0.896377,1,0.0227183,0.669896,1,74.6402,0.42352,0.889953,False,nan|Ce1176_A3,1313956
130_bNAb_Combinations|1313956|vc|2|2|Ce1176_A3|7023,1,0.0227183,0.669916,216511,74.895,0.42595,0.896377,1,0.0227183,0.669896,1,74.6402,0.42352,0.889953,False,nan|Ce1176_A3,1313956
130_bNAb_Combinations|1313956|vc|3|2|Ce1176_A3|7023,1,0.0227183,0.669916,122272,74.895,0.42595,0.896377,1,0.0227183,0.669896,1,74.6402,0.42352,0.889953,False,nan|Ce1176_A3,1313956
130_bNAb_Combinations|1313956|vc|4|2|Ce1176_A3|7023,1,0.0227183,0.669916,5013.6,74.895,0.42595,0.896377,1,0.0227183,0.669896,1,74.6402,0.42352,0.889953,False,nan|Ce1176_A3,1313956
130_bNAb_Combinations|1313956|vc|5|2|Ce1176_A3|7023,1,0.0227183,0.669916,385603,74.895,0.42595,0.896377,1,0.0227183,0.669896,1,74.6402,0.42352,0.889953,False,nan|Ce1176_A3,1313956
130_bNAb_Combinations|1313956|vc|6|2|Ce1176_A3|7023,1,0.0227183,0.669916,2034.66,74.895,0.42595,0.896377,1,0.0227183,0.669896,1,74.6402,0.42352,0.889953,False,nan|Ce1176_A3,1313956
130_bNAb_Combinations|1313956|vc|7|2|Ce1176_A3|7023,1,0.0227183,0.669916,2169.02,74.895,0.42595,0.896377,1,0.0227183,0.669896,1,74.6402,0.42352,0.889953,False,nan|Ce1176_A3,1313956
130_bNAb_Combinations|1313956|vc|8|2|Ce1176_A3|7023,1,0.0227183,0.669916,8768.58,74.895,0.42595,0.896377,1,0.0227183,0.669896,1,74.6402,0.42352,0.889953,False,nan|Ce1176_A3,1313956
130_bNAb_Combinations|1313974|cc|1|1|nan|1176,1,0.00157202,0.669916,12149.9,74.895,1.02197,0.89636,1,0.00157202,0.669896,1,74.6402,1.01675,0.889935,False,nan|1176,1313974
130_bNAb_Combinations|1313974|cc|2|1|nan|1176,1,0.00157202,0.669916,5645.12,74.895,1.02197,0.89636,1,0.00157202,0.669896,1,74.6402,1.01675,0.889935,False,nan|1176,1313974
130_bNAb_Combinations|1313974|cc|3|1|nan|1176,1,0.00157202,0.669916,10444.1,74.895,1.02197,0.89636,1,0.00157202,0.669896,1,74.6402,1.01675,0.889935,False,nan|1176,1313974
130_bNAb_Combinations|1313974|cc|4|1|nan|1176,1,0.00157202,0.669916,808.698,74.895,1.02197,0.89636,1,0.00157202,0.669896,1,74.6402,1.01675,0.889935,False,nan|1176,1313974
130_bNAb_Combinations|1313974|cc|5|1|nan|1176,1,0.00157202,0.669916,746.092,74.895,1.02197,0.89636,1,0.00157202,0.669896,1,74.6402,1.01675,0.889935,False,nan|1176,1313974
130_bNAb_Combinations|1313974|cc|6|1|nan|1176,1,0.00157202,0.669916,1046.66,74.895,1.02197,0.89636,1,0.00157202,0.669896,1,74.6402,1.01675,0.889935,False,nan|1176,1313974
130_bNAb_Combinations|1313974|cc|7|1|nan|1176,1,0.00157202,0.669916,1405.58,74.895,1.02197,0.89636,1,0.00157202,0.669896,1,74.6402,1.01675,0.889935,False,nan|1176,1313974
130_bNAb_Combinations|1313974|cc|8|1|nan|1176,1,0.00157202,0.669916,21945.7,74.895,1.02197,0.89636,1,0.00157202,0.669896,1,74.6402,1.01675,0.889935,False,nan|1176,1313974
130_bNAb_Combinations|1313974|sample|10|nan|1176,1,0.157567,0.669916,0.0010969,74.895,1.02197,0.89636,1,0.157567,0.669896,0.00114066,74.6401,1.01675,0.889935,True,PGT121|1176,1313974
130_bNAb_Combinations|1313974|sample|11|nan|1176,1,0.00200295,0.669916,0.0165465,74.895,1.02197,0.89636,1,0.00200295,0.669896,0.0174357,74.6401,1.01675,0.889935,True,VRC07-523LS|1176,1313974
130_bNAb_Combinations|1313974|sample|12|nan|1176,1,0.00200295,0.669916,0.0224676,74.895,1.02197,0.89636,1,0.00200295,0.669896,0.0224556,74.6401,1.01675,0.889935,True,VRC07-523LS|1176,1313974
130_bNAb_Combinations|1313974|sample|3|nan|1176,1,0.0404028,0.669916,0.0459747,74.895,1.02197,0.89636,1,0.0404028,0.669896,0.0454303,74.6401,1.01675,0.889935,True,PGDM1400|1176,1313974
130_bNAb_Combinations|1313974|sample|4|nan|1176,1,0.0404028,0.669916,0.0374423,74.895,1.02197,0.89636,1,0.0404028,0.669896,0.0369989,74.6401,1.01675,0.889935,True,PGDM1400|1176,1313974
130_bNAb_Combinations|1313974|sample|5|nan|1176,1,0.0404028,0.669916,0.0348326,74.895,1.02197,0.89636,1,0.0404028,0.669896,0.0340232,74.6401,1.01675,0.889935,True,PGDM1400|1176,1313974
130_bNAb_Combinations|1313974|sample|6|nan|1176,1,0.0404028,0.669916,0.0304509,74.895,1.02197,0.89636,1,0.0404028,0.669896,0.0325741,74.6401,1.01675,0.889935,True,PGDM1400|1176,1313974
130_bNAb_Combinations|1313974|sample|7|nan|1176,1,0.157567,0.669916,0.00145343,74.895,1.02197,0.89636,1,0.157567,0.669896,0.00143997,74.6401,1.01675,0.889935,True,PGT121|1176,1313974
130_bNAb_Combinations|1313974|sample|8|nan|1176,1,0.157567,0.669916,0.00151284,74.895,1.02197,0.89636,1,0.157567,0.669896,0.00148184,74.6401,1.01675,0.889935,True,PGT121|1176,1313974
130_bNAb_Combinations|1313974|sample|9|nan|1176,1,0.157567,0.669916,0.001308,74.895,1.02197,0.89636,1,0.157567,0.669896,0.00130575,74.6401,1.01675,0.889935,True,PGT121|1176,1313974
130_bNAb_Combinations|1313974|vc|1|2|nan|1176,1,0.00157202,0.669916,589.38,74.895,1.02197,0.89636,1,0.00157202,0.669896,1,74.6402,1.01675,0.889935,False,nan|1176,1313974
130_bNAb_Combinations|1313974|vc|2|2|nan|1176,1,0.00157202,0.669916,50731.1,74.895,1.02197,0.89636,1,0.00157202,0.669896,0.999999,74.6402,1.01675,0.889935,False,nan|1176,1313974
130_bNAb_Combinations|1313974|vc|3|2|nan|1176,1,0.00157202,0.669916,2055.89,74.895,1.02197,0.89636,1,0.00157202,0.669896,1,74.6402,1.01675,0.889935,False,nan|1176,1313974
130_bNAb_Combinations|1313974|vc|4|2|nan|1176,1,0.00157202,0.669916,1180.98,74.895,1.02197,0.89636,1,0.00157202,0.669896,1,74.6402,1.01675,0.889935,False,nan|1176,1313974
130_bNAb_Combinations|1313974|vc|5|2|nan|1176,1,0.00157202,0.669916,1316.31,74.895,1.02197,0.89636,1,0.00157202,0.669896,1,74.6402,1.01675,0.889935,False,nan|1176,1313974
130_bNAb_Combinations|1313974|vc|6|2|nan|1176,1,0.00157202,0.669916,2987.73,74.895,1.02197,0.89636,1,0.00157202,0.669896,1,74.6402,1.01675,0.889935,False,nan|1176,1313974
130_bNAb_Combinations|1313974|vc|7|2|nan|1176,1,0.00157202,0.669916,504.117,74.895,1.02197,0.89636,1,0.00157202,0.669896,1,74.6402,1.01675,0.889935,False,nan|1176,1313974
130_bNAb_Combinations|1313974|vc|8|2|nan|1176,1,0.00157202,0.669916,3952.02,74.895,1.02197,0.89636,1,0.00157202,0.669896,1,74.6402,1.01675,0.889935,False,nan|1176,1313974
130_bNAb_Combinations|1313992|cc|1|1|RHPA4259.7|5371,1,0.0071045,0.669916,4264.4,74.895,0.897782,1.05149,1,0.00710451,0.669896,1,74.6402,0.875503,1.04099,False,nan|RHPA4259.7,1313992
130_bNAb_Combinations|1313992|cc|2|1|RHPA4259.7|5371,1,0.00710451,0.669916,7160.93,74.895,0.897782,1.05149,1,0.00710451,0.669896,1,74.6402,0.875503,1.04099,False,nan|RHPA4259.7,1313992
130_bNAb_Combinations|1313992|cc|3|1|RHPA4259.7|5371,1,0.0071045,0.669916,891.869,74.895,0.897782,1.05149,1,0.00710451,0.669896,1,74.6402,0.875503,1.04099,False,nan|RHPA4259.7,1313992
130_bNAb_Combinations|1313992|cc|4|1|RHPA4259.7|5371,1,0.0071045,0.669916,821.341,74.895,0.897782,1.05149,1,0.00710451,0.669896,1,74.6402,0.875503,1.04099,False,nan|RHPA4259.7,1313992
130_bNAb_Combinations|1313992|cc|5|1|RHPA4259.7|5371,1,0.00710451,0.669916,1597.45,74.895,0.897782,1.05149,1,0.00710451,0.669896,1,74.6402,0.875503,1.04099,False,nan|RHPA4259.7,1313992
130_bNAb_Combinations|1313992|cc|6|1|RHPA4259.7|5371,1,0.0071045,0.669916,1884.11,74.895,0.897782,1.05149,1,0.00710451,0.669896,1,74.6402,0.875503,1.04099,False,nan|RHPA4259.7,1313992
130_bNAb_Combinations|1313992|cc|7|1|RHPA4259.7|5371,1,0.0071045,0.669916,4619.13,74.895,0.897782,1.05149,1,0.00710451,0.669896,1,74.6402,0.875503,1.04099,False,nan|RHPA4259.7,1313992
130_bNAb_Combinations|1313992|cc|8|1|RHPA4259.7|5371,1,0.0071045,0.669916,1135.93,74.895,0.897782,1.05149,1,0.00710451,0.669896,1,74.6402,0.875503,1.04099,False,nan|RHPA4259.7,1313992
130_bNAb_Combinations|1313992|sample|10|RHPA4259.7|5371,1,0.00236308,0.669916,0.0661963,74.895,0.897782,1.05149,1,0.00236308,0.669896,0.0635795,74.6401,0.875503,1.04099,True,PGT121|RHPA4259.7,1313992
130_bNAb_Combinations|1313992|sample|11|RHPA4259.7|5371,1,0.0016429,0.669916,0.0766369,74.895,0.897782,1.05149,1,0.0016429,0.669896,0.0757618,74.6401,0.875503,1.04099,True,VRC07-523LS|RHPA4259.7,1313992
130_bNAb_Combinations|1313992|sample|12|RHPA4259.7|5371,1,0.0016429,0.669916,0.0492522,74.895,0.897782,1.05149,1,0.0016429,0.669896,0.0493227,74.6401,0.875503,1.04099,True,VRC07-523LS|RHPA4259.7,1313992
130_bNAb_Combinations|1313992|sample|3|RHPA4259.7|5371,1,0.00373072,0.669916,0.00250945,74.895,0.897782,1.05149,1,0.00373072,0.669896,0.00259938,74.6401,0.875503,1.04099,True,PGDM1400|RHPA4259.7,1313992
130_bNAb_Combinations|1313992|sample|4|RHPA4259.7|5371,1,0.00373072,0.669916,0.00258126,74.895,0.897782,1.05149,1,0.00373072,0.669896,0.00255566,74.6401,0.875503,1.04099,True,PGDM1400|RHPA4259.7,1313992
130_bNAb_Combinations|1313992|sample|5|RHPA4259.7|5371,1,0.00373072,0.669916,0.00317249,74.895,0.897782,1.05149,1,0.00373072,0.669896,0.00333061,74.6401,0.875503,1.04099,True,PGDM1400|RHPA4259.7,1313992
130_bNAb_Combinations|1313992|sample|6|RHPA4259.7|5371,1,0.00373072,0.669916,0.00351551,74.895,0.897782,1.05149,1,0.00373072,0.669896,0.00333213,74.6401,0.875503,1.04099,True,PGDM1400|RHPA4259.7,1313992
130_bNAb_Combinations|1313992|sample|7|RHPA4259.7|5371,1,0.00236308,0.669916,0.0610635,74.895,0.897782,1.05149,1,0.00236308,0.669896,0.0623217,74.6401,0.875503,1.04099,True,PGT121|RHPA4259.7,1313992
130_bNAb_Combinations|1313992|sample|8|RHPA4259.7|5371,1,0.00236308,0.669916,0.0523005,74.895,0.897782,1.05149,1,0.00236308,0.669896,0.0535337,74.6401,0.875503,1.04099,True,PGT121|RHPA4259.7,1313992
130_bNAb_Combinations|1313992|sample|9|RHPA4259.7|5371,1,0.00236308,0.669916,0.0554588,74.895,0.897782,1.05149,1,0.00236308,0.669896,0.0609627,74.6401,0.875503,1.04099,True,PGT121|RHPA4259.7,1313992
130_bNAb_Combinations|1313992|vc|1|2|RHPA4259.7|5371,1,0.00710451,0.669916,5600.29,74.895,0.897782,1.05149,1,0.00710451,0.669896,1,74.6402,0.875503,1.04099,False,nan|RHPA4259.7,1313992
130_bNAb_Combinations|1313992|vc|2|2|RHPA4259.7|5371,1,0.00710451,0.669916,872.778,74.895,0.897782,1.05149,1,0.00710451,0.669896,1,74.6402,0.875503,1.04099,False,nan|RHPA4259.7,1313992
130_bNAb_Combinations|1313992|vc|3|2|RHPA4259.7|5371,1,0.00710451,0.669916,2096.14,74.895,0.897782,1.05149,1,0.00710451,0.669896,1,74.6402,0.875503,1.04099,False,nan|RHPA4259.7,1313992
130_bNAb_Combinations|1313992|vc|4|2|RHPA4259.7|5371,1,0.0071045,0.669916,25583.6,74.895,0.897782,1.05149,1,0.00710451,0.669896,1,74.6402,0.875503,1.04099,False,nan|RHPA4259.7,1313992
130_bNAb_Combinations|1313992|vc|5|2|RHPA4259.7|5371,1,0.00710451,0.669916,1204.78,74.895,0.897782,1.05149,1,0.00710451,0.669896,1,74.6402,0.875503,1.04099,False,nan|RHPA4259.7,1313992
130_bNAb_Combinations|1313992|vc|6|2|RHPA4259.7|5371,1,0.0071045,0.669916,2950.92,74.895,0.897782,1.05149,1,0.00710451,0.669896,1,74.6402,0.875503,1.04099,False,nan|RHPA4259.7,1313992
130_bNAb_Combinations|1313992|vc|7|2|RHPA4259.7|5371,1,0.0071045,0.669916,40003.8,74.895,0.897782,1.05149,1,0.00710451,0.669896,1,74.6402,0.875503,1.04099,False,nan|RHPA4259.7,1313992
130_bNAb_Combinations|1313992|vc|8|2|RHPA4259.7|5371,1,0.00710451,0.669916,3520.52,74.895,0.897782,1.05149,1,0.00710451,0.669896,1,74.6402,0.875503,1.04099,False,nan|RHPA4259.7,1313992
130_bNAb_Combinations|1314016|cc|1|1|nan|3430,1,0.0130751,0.669916,3544.07,74.895,0.42595,1.2004,1,0.0130751,0.669896,1,74.6402,0.42352,1.16872,False,nan|3430,1314016
130_bNAb_Combinations|1314016|cc|2|1|nan|3430,1,0.0130751,0.669916,5132.19,74.895,0.42595,1.2004,1,0.0130751,0.669896,1,74.6402,0.42352,1.16872,False,nan|3430,1314016
130_bNAb_Combinations|1314016|cc|3|1|nan|3430,1,0.0130751,0.669916,4269.69,74.895,0.42595,1.2004,1,0.0130751,0.669896,1,74.6402,0.42352,1.16872,False,nan|3430,1314016
130_bNAb_Combinations|1314016|cc|4|1|nan|3430,1,0.0130751,0.669916,683.813,74.895,0.42595,1.2004,1,0.0130751,0.669896,1,74.6402,0.42352,1.16872,False,nan|3430,1314016
130_bNAb_Combinations|1314016|cc|5|1|nan|3430,1,0.0130751,0.669916,2437.11,74.895,0.42595,1.2004,1,0.0130751,0.669896,1,74.6402,0.42352,1.16872,False,nan|3430,1314016
130_bNAb_Combinations|1314016|cc|6|1|nan|3430,1,0.0130751,0.669916,1472.91,74.895,0.42595,1.2004,1,0.0130751,0.669896,1,74.6402,0.42352,1.16872,False,nan|3430,1314016
130_bNAb_Combinations|1314016|cc|7|1|nan|3430,1,0.0130751,0.669916,9348,74.895,0.42595,1.2004,1,0.0130751,0.669896,1,74.6402,0.42352,1.16872,False,nan|3430,1314016
130_bNAb_Combinations|1314016|cc|8|1|nan|3430,1,0.0130751,0.669916,1833.66,74.895,0.42595,1.2004,1,0.0130751,0.669896,1,74.6402,0.42352,1.16872,False,nan|3430,1314016
130_bNAb_Combinations|1314016|sample|10|nan|3430,1,0.0147262,0.669916,0.0253247,74.895,0.42595,1.2004,1,0.0147262,0.669896,0.025018,74.6401,0.42352,1.16872,True,PGT121|3430,1314016
130_bNAb_Combinations|1314016|sample|11|nan|3430,1,0.00104854,0.669916,0.0316337,74.895,0.42595,1.2004,1,0.00104854,0.669896,0.0317448,74.6401,0.42352,1.16872,True,VRC07-523LS|3430,1314016
130_bNAb_Combinations|1314016|sample|12|nan|3430,1,0.00104854,0.669916,0.0317743,74.895,0.42595,1.2004,1,0.00104854,0.669896,0.0316996,74.6401,0.42352,1.16872,True,VRC07-523LS|3430,1314016
130_bNAb_Combinations|1314016|sample|3|nan|3430,1,0.00337853,0.669916,0.304415,74.895,0.42595,1.2004,1,0.00337853,0.669896,0.304933,74.6401,0.42352,1.16872,True,PGDM1400|3430,1314016
130_bNAb_Combinations|1314016|sample|4|nan|3430,1,0.00337853,0.669916,0.29787,74.895,0.42595,1.2004,1,0.00337853,0.669896,0.300207,74.6401,0.42352,1.16872,True,PGDM1400|3430,1314016
130_bNAb_Combinations|1314016|sample|5|nan|3430,1,0.00337853,0.669916,0.284955,74.895,0.42595,1.2004,1,0.00337853,0.669896,0.274168,74.6401,0.42352,1.16872,True,PGDM1400|3430,1314016
130_bNAb_Combinations|1314016|sample|6|nan|3430,1,0.00337853,0.669916,0.324975,74.895,0.42595,1.2004,1,0.00337853,0.669896,0.372568,74.6401,0.42352,1.16872,True,PGDM1400|3430,1314016
130_bNAb_Combinations|1314016|sample|7|nan|3430,1,0.0147262,0.669916,0.0189657,74.895,0.42595,1.2004,1,0.0147262,0.669896,0.0185458,74.6401,0.42352,1.16872,True,PGT121|3430,1314016
130_bNAb_Combinations|1314016|sample|8|nan|3430,1,0.0147262,0.669916,0.0205248,74.895,0.42595,1.2004,1,0.0147262,0.669896,0.0202066,74.6401,0.42352,1.16872,True,PGT121|3430,1314016
130_bNAb_Combinations|1314016|sample|9|nan|3430,1,0.0147262,0.669916,0.0236826,74.895,0.42595,1.2004,1,0.0147262,0.669896,0.0241132,74.6401,0.42352,1.16872,True,PGT121|3430,1314016
130_bNAb_Combinations|1314016|vc|1|2|nan|3430,1,0.0130751,0.669916,2337.47,74.895,0.42595,1.2004,1,0.0130751,0.669896,1,74.6402,0.42352,1.16872,False,nan|3430,1314016
130_bNAb_Combinations|1314016|vc|2|2|nan|3430,1,0.0130751,0.669916,373642,74.895,0.42595,1.2004,1,0.0130751,0.669896,1,74.6402,0.42352,1.16872,False,nan|3430,1314016
130_bNAb_Combinations|1314016|vc|3|2|nan|3430,1,0.0130751,0.669916,1084.79,74.895,0.42595,1.2004,1,0.0130751,0.669896,1,74.6402,0.42352,1.16872,False,nan|3430,1314016
130_bNAb_Combinations|1314016|vc|4|2|nan|3430,1,0.0130751,0.669916,7377.07,74.895,0.42595,1.2004,1,0.0130751,0.669896,1,74.6402,0.42352,1.16872,False,nan|3430,1314016
130_bNAb_Combinations|1314016|vc|5|2|nan|3430,1,0.0130751,0.669916,787.776,74.895,0.42595,1.2004,1,0.0130751,0.669896,1,74.6402,0.42352,1.16872,False,nan|3430,1314016
130_bNAb_Combinations|1314016|vc|6|2|nan|3430,1,0.0130751,0.669916,8930.53,74.895,0.42595,1.2004,1,0.0130751,0.669896,1,74.6402,0.42352,1.16872,False,nan|3430,1314016
130_bNAb_Combinations|1314016|vc|7|2|nan|3430,1,0.0130751,0.669916,1630.14,74.895,0.42595,1.2004,1,0.0130751,0.669896,1,74.6402,0.42352,1.16872,False,nan|3430,1314016
130_bNAb_Combinations|1314016|vc|8|2|nan|3430,1,0.0130751,0.669916,13403.5,74.895,0.42595,1.2004,1,0.0130751,0.669896,1,74.6402,0.42352,1.16872,False,nan|3430,1314016
130_bNAb_Combinations|1314040|cc|1|1|nan|4166,1,0.0394998,0.669916,8928.17,74.895,0.425986,0.89636,1,0.0394998,0.669896,1,74.6402,0.423558,0.889935,False,nan|4166,1314040
130_bNAb_Combinations|1314040|cc|2|1|nan|4166,1,0.0394998,0.669916,4015.2,74.895,0.425986,0.89636,1,0.0394998,0.669896,1,74.6402,0.423558,0.889935,False,nan|4166,1314040
130_bNAb_Combinations|1314040|cc|3|1|nan|4166,1,0.0394998,0.669916,27931.7,74.895,0.425986,0.89636,1,0.0394998,0.669896,1,74.6402,0.423558,0.889935,False,nan|4166,1314040
130_bNAb_Combinations|1314040|cc|4|1|nan|4166,1,0.0394998,0.669916,4157.88,74.895,0.425986,0.89636,1,0.0394998,0.669896,1,74.6402,0.423558,0.889935,False,nan|4166,1314040
130_bNAb_Combinations|1314040|cc|5|1|nan|4166,1,0.0394998,0.669916,747.185,74.895,0.425986,0.89636,1,0.0394998,0.669896,1,74.6402,0.423558,0.889935,False,nan|4166,1314040
130_bNAb_Combinations|1314040|cc|6|1|nan|4166,1,0.0394998,0.669916,26045.4,74.895,0.425986,0.89636,1,0.0394998,0.669896,1,74.6402,0.423558,0.889935,False,nan|4166,1314040
130_bNAb_Combinations|1314040|cc|7|1|nan|4166,1,0.0394998,0.669916,9023.11,74.895,0.425986,0.89636,1,0.0394998,0.669896,1,74.6402,0.423558,0.889935,False,nan|4166,1314040
130_bNAb_Combinations|1314040|cc|8|1|nan|4166,1,0.0394998,0.669916,682.819,74.895,0.425986,0.89636,1,0.0394998,0.669896,1,74.6402,0.423558,0.889935,False,nan|4166,1314040
130_bNAb_Combinations|1314040|sample|10|nan|4166,1,0.00208416,0.669916,0.140128,74.895,0.425986,0.89636,1,0.00208416,0.669896,0.143927,74.6401,0.423558,0.889935,True,PGT121|4166,1314040
130_bNAb_Combinations|1314040|sample|11|nan|4166,1,0.00152711,0.669916,0.0706987,74.895,0.425986,0.89636,1,0.00152711,0.669896,0.0707456,74.6401,0.423558,0.889935,True,VRC07-523LS|4166,1314040
130_bNAb_Combinations|1314040|sample|12|nan|4166,1,0.00152711,0.669916,0.0824635,74.895,0.425986,0.89636,1,0.00152711,0.669896,0.0855081,74.6401,0.423558,0.889935,True,VRC07-523LS|4166,1314040
130_bNAb_Combinations|1314040|sample|3|nan|4166,1,0.00960882,0.669916,0.173447,74.895,0.425986,0.89636,1,0.00960882,0.669896,0.17575,74.6401,0.423558,0.889935,True,PGDM1400|4166,1314040
130_bNAb_Combinations|1314040|sample|4|nan|4166,1,0.00960882,0.669916,0.141285,74.895,0.425986,0.89636,1,0.00960882,0.669896,0.148441,74.6401,0.423558,0.889935,True,PGDM1400|4166,1314040
130_bNAb_Combinations|1314040|sample|5|nan|4166,1,0.00960882,0.669916,0.154264,74.895,0.425986,0.89636,1,0.00960882,0.669896,0.159383,74.6401,0.423558,0.889935,True,PGDM1400|4166,1314040
130_bNAb_Combinations|1314040|sample|6|nan|4166,1,0.00960882,0.669916,0.151859,74.895,0.425986,0.89636,1,0.00960882,0.669896,0.154263,74.6401,0.423558,0.889935,True,PGDM1400|4166,1314040
130_bNAb_Combinations|1314040|sample|7|nan|4166,1,0.00208416,0.669916,0.104401,74.895,0.425986,0.89636,1,0.00208416,0.669896,0.105575,74.6401,0.423558,0.889935,True,PGT121|4166,1314040
130_bNAb_Combinations|1314040|sample|8|nan|4166,1,0.00208416,0.669916,0.0941028,74.895,0.425986,0.89636,1,0.00208416,0.669896,0.0986097,74.6401,0.423558,0.889935,True,PGT121|4166,1314040
130_bNAb_Combinations|1314040|sample|9|nan|4166,1,0.00208416,0.669916,0.106757,74.895,0.425986,0.89636,1,0.00208416,0.669896,0.109882,74.6401,0.423558,0.889935,True,PGT121|4166,1314040
130_bNAb_Combinations|1314040|vc|1|2|nan|4166,1,0.0394998,0.669916,229195,74.895,0.425986,0.89636,1,0.0394998,0.669896,1,74.6402,0.423558,0.889935,False,nan|4166,1314040
130_bNAb_Combinations|1314040|vc|2|2|nan|4166,1,0.0394998,0.669916,3544.46,74.895,0.425986,0.89636,1,0.0394998,0.669896,1,74.6402,0.423558,0.889935,False,nan|4166,1314040
130_bNAb_Combinations|1314040|vc|3|2|nan|4166,1,0.0394998,0.669916,1409,74.895,0.425986,0.89636,1,0.0394998,0.669896,1,74.6402,0.423558,0.889935,False,nan|4166,1314040
130_bNAb_Combinations|1314040|vc|4|2|nan|4166,1,0.0394998,0.669916,3965.59,74.895,0.425986,0.89636,1,0.0394998,0.669896,1,74.6402,0.423558,0.889935,False,nan|4166,1314040
130_bNAb_Combinations|1314040|vc|5|2|nan|4166,1,0.0394998,0.669916,43994.8,74.895,0.425986,0.89636,1,0.0394998,0.669896,1,74.6402,0.423558,0.889935,False,nan|4166,1314040
130_bNAb_Combinations|1314040|vc|6|2|nan|4166,1,0.0394998,0.669916,1718.18,74.895,0.425986,0.89636,1,0.0394998,0.669896,0.999999,74.6402,0.423558,0.889935,False,nan|4166,1314040
130_bNAb_Combinations|1314040|vc|7|2|nan|4166,1,0.0394998,0.669916,791.583,74.895,0.425986,0.89636,1,0.0394998,0.669896,1,74.6402,0.423558,0.889935,False,nan|4166,1314040
130_bNAb_Combinations|1314040|vc|8|2|nan|4166,1,0.0394998,0.669916,5535.58,74.895,0.425986,0.89636,1,0.0394998,0.669896,0.999999,74.6402,0.423558,0.889935,False,nan|4166,1314040
130_bNAb_Combinations|1314058|cc|1|1|nan|2944,1,0.00547642,0.669916,542.371,74.895,0.582306,0.89636,1,0.00547642,0.669896,0.999999,74.6402,0.576045,0.889935,False,nan|2944,1314058
130_bNAb_Combinations|1314058|cc|2|1|nan|2944,1,0.00547642,0.669916,38823,74.895,0.582306,0.89636,1,0.00547642,0.669896,1,74.6402,0.576045,0.889935,False,nan|2944,1314058
130_bNAb_Combinations|1314058|cc|3|1|nan|2944,1,0.00547642,0.669916,116574,74.895,0.582306,0.89636,1,0.00547642,0.669896,1,74.6402,0.576045,0.889935,False,nan|2944,1314058
130_bNAb_Combinations|1314058|cc|4|1|nan|2944,1,0.00547642,0.669916,2308.48,74.895,0.582306,0.89636,1,0.00547642,0.669896,1,74.6402,0.576045,0.889935,False,nan|2944,1314058
130_bNAb_Combinations|1314058|cc|5|1|nan|2944,1,0.00547642,0.669916,14059.3,74.895,0.582306,0.89636,1,0.00547642,0.669896,1,74.6402,0.576045,0.889935,False,nan|2944,1314058
130_bNAb_Combinations|1314058|cc|6|1|nan|2944,1,0.00547642,0.669916,61963.8,74.895,0.582306,0.89636,1,0.00547642,0.669896,1,74.6402,0.576045,0.889935,False,nan|2944,1314058
130_bNAb_Combinations|1314058|cc|7|1|nan|2944,1,0.00547642,0.669916,4034.09,74.895,0.582306,0.89636,1,0.00547642,0.669896,1,74.6402,0.576045,0.889935,False,nan|2944,1314058
130_bNAb_Combinations|1314058|cc|8|1|nan|2944,1,0.00547642,0.669916,12653.9,74.895,0.582306,0.89636,1,0.00547642,0.669896,1,74.6402,0.576045,0.889935,False,nan|2944,1314058
130_bNAb_Combinations|1314058|sample|10|nan|2944,1,0.00236754,0.669916,0.107259,74.895,0.582306,0.89636,1,0.00236754,0.669896,0.10602,74.6401,0.576045,0.889935,True,PGT121|2944,1314058
130_bNAb_Combinations|1314058|sample|11|nan|2944,1,0.000712506,0.669916,0.0147772,74.895,0.582306,0.89636,1,0.000712506,0.669896,0.015971,74.6401,0.576045,0.889935,True,VRC07-523LS|2944,1314058
130_bNAb_Combinations|1314058|sample|12|nan|2944,1,0.000712506,0.669916,0.0149124,74.895,0.582306,0.89636,1,0.000712506,0.669896,0.0142113,74.6401,0.576045,0.889935,True,VRC07-523LS|2944,1314058
130_bNAb_Combinations|1314058|sample|3|nan|2944,1,0.00422244,0.669916,0.64457,74.895,0.582306,0.89636,1,0.00422244,0.669896,0.643531,74.6401,0.576045,0.889935,True,PGDM1400|2944,1314058
130_bNAb_Combinations|1314058|sample|4|nan|2944,1,0.00422244,0.669916,0.65464,74.895,0.582306,0.89636,1,0.00422244,0.669896,0.686725,74.6401,0.576045,0.889935,True,PGDM1400|2944,1314058
130_bNAb_Combinations|1314058|sample|5|nan|2944,1,0.00422244,0.669916,0.705424,74.895,0.582306,0.89636,1,0.00422244,0.669896,0.721297,74.6401,0.576045,0.889935,True,PGDM1400|2944,1314058
130_bNAb_Combinations|1314058|sample|6|nan|2944,1,0.00422244,0.669916,0.878379,74.895,0.582306,0.89636,1,0.00422244,0.669896,0.937279,74.6401,0.576045,0.889935,True,PGDM1400|2944,1314058
130_bNAb_Combinations|1314058|sample|7|nan|2944,1,0.00236754,0.669916,0.116993,74.895,0.582306,0.89636,1,0.00236754,0.669896,0.11635,74.6401,0.576045,0.889935,True,PGT121|2944,1314058
130_bNAb_Combinations|1314058|sample|8|nan|2944,1,0.00236754,0.669916,0.0940478,74.895,0.582306,0.89636,1,0.00236754,0.669896,0.0921086,74.6401,0.576045,0.889935,True,PGT121|2944,1314058
130_bNAb_Combinations|1314058|sample|9|nan|2944,1,0.00236754,0.669916,0.115584,74.895,0.582306,0.89636,1,0.00236754,0.669896,0.118588,74.6401,0.576045,0.889935,True,PGT121|2944,1314058
130_bNAb_Combinations|1314058|vc|1|2|nan|2944,1,0.00547642,0.669916,2872.45,74.895,0.582306,0.89636,1,0.00547642,0.669896,1,74.6402,0.576045,0.889935,False,nan|2944,1314058
130_bNAb_Combinations|1314058|vc|2|2|nan|2944,1,0.00547642,0.669916,20390.7,74.895,0.582306,0.89636,1,0.00547642,0.669896,1,74.6402,0.576045,0.889935,False,nan|2944,1314058
130_bNAb_Combinations|1314058|vc|3|2|nan|2944,1,0.00547642,0.669916,21726.2,74.895,0.582306,0.89636,1,0.00547642,0.669896,1,74.6402,0.576045,0.889935,False,nan|2944,1314058
130_bNAb_Combinations|1314058|vc|4|2|nan|2944,1,0.00547642,0.669916,67062.1,74.895,0.582306,0.89636,1,0.00547642,0.669896,1,74.6402,0.576045,0.889935,False,nan|2944,1314058
130_bNAb_Combinations|1314058|vc|5|2|nan|2944,1,0.00547642,0.669916,23541.4,74.895,0.582306,0.89636,1,0.00547642,0.669896,1,74.6402,0.576045,0.889935,False,nan|2944,1314058
130_bNAb_Combinations|1314058|vc|6|2|nan|2944,1,0.00547642,0.669916,1716.63,74.895,0.582306,0.89636,1,0.00547642,0.669896,1,74.6402,0.576045,0.889935,False,nan|2944,1314058
130_bNAb_Combinations|1314058|vc|7|2|nan|2944,1,0.00547642,0.669916,1166.94,74.895,0.582306,0.89636,1,0.00547642,0.669896,1,74.6402,0.576045,0.889935,False,nan|2944,1314058
130_bNAb_Combinations|1314058|vc|8|2|nan|2944,1,0.00547642,0.669916,2561.82,74.895,0.582306,0.89636,1,0.00547642,0.669896,1,74.6402,0.576045,0.889935,False,nan|2944,1314058
130_bNAb_Combinations|1342240|cc|1|1|nan|1798,1,0.00818535,0.669916,500.45,74.895,0.425833,0.89636,1,0.00818535,0.669896,1,74.6402,0.423403,0.889935,False,nan|1798,1342240
130_bNAb_Combinations|1342240|cc|2|1|nan|1798,1,0.00818535,0.669916,1219.33,74.895,0.425833,0.89636,1,0.00818535,0.669896,1,74.6402,0.423403,0.889935,False,nan|1798,1342240
130_bNAb_Combinations|1342240|cc|3|1|nan|1798,1,0.00818535,0.669916,3691.3,74.895,0.425833,0.89636,1,0.00818535,0.669896,1,74.6402,0.423403,0.889935,False,nan|1798,1342240
130_bNAb_Combinations|1342240|cc|4|1|nan|1798,1,0.00818535,0.669916,54206.5,74.895,0.425833,0.89636,1,0.00818535,0.669896,1,74.6402,0.423403,0.889935,False,nan|1798,1342240
130_bNAb_Combinations|1342240|cc|5|1|nan|1798,1,0.00818535,0.669916,91022.8,74.895,0.425833,0.89636,1,0.00818535,0.669896,1,74.6402,0.423403,0.889935,False,nan|1798,1342240
130_bNAb_Combinations|1342240|cc|6|1|nan|1798,1,0.00818535,0.669916,5619.76,74.895,0.425833,0.89636,1,0.00818535,0.669896,1,74.6402,0.423403,0.889935,False,nan|1798,1342240
130_bNAb_Combinations|1342240|cc|7|1|nan|1798,1,0.00818535,0.669916,655.923,74.895,0.425833,0.89636,1,0.00818535,0.669896,1,74.6402,0.423403,0.889935,False,nan|1798,1342240
130_bNAb_Combinations|1342240|cc|8|1|nan|1798,1,0.00818535,0.669916,6419.91,74.895,0.425833,0.89636,1,0.00818535,0.669896,1,74.6402,0.423403,0.889935,False,nan|1798,1342240
130_bNAb_Combinations|1342240|sample|3|nan|1798,1,0.0014963,0.669916,0.00286435,74.895,0.425833,0.89636,1,0.0014963,0.669896,0.00305083,74.6401,0.423403,0.889935,True,VRC07-523LS|1798,1342240
130_bNAb_Combinations|1342240|sample|4|nan|1798,1,0.0014963,0.669916,0.00304233,74.895,0.425833,0.89636,1,0.0014963,0.669896,0.00314769,74.6401,0.423403,0.889935,True,VRC07-523LS|1798,1342240
130_bNAb_Combinations|1342240|sample|8|nan|1798,1,0.0014963,0.669916,1365.42,74.895,0.425833,0.89636,1,0.0014963,0.669896,1,74.6401,0.423403,0.889935,True,VRC07-523LS|1798,1342240
130_bNAb_Combinations|1342240|vc|1|2|nan|1798,1,0.00818535,0.669916,6182.07,74.895,0.425833,0.89636,1,0.00818535,0.669896,1,74.6402,0.423403,0.889935,False,nan|1798,1342240
130_bNAb_Combinations|1342240|vc|2|2|nan|1798,1,0.00818535,0.669916,3803.94,74.895,0.425833,0.89636,1,0.00818535,0.669896,1,74.6402,0.423403,0.889935,False,nan|1798,1342240
130_bNAb_Combinations|1342240|vc|3|2|nan|1798,1,0.00818535,0.669916,1406.37,74.895,0.425833,0.89636,1,0.00818535,0.669896,1,74.6402,0.423403,0.889935,False,nan|1798,1342240
130_bNAb_Combinations|1342240|vc|4|2|nan|1798,1,0.00818535,0.669916,4159.91,74.895,0.425833,0.89636,1,0.00818535,0.669896,1,74.6402,0.423403,0.889935,False,nan|1798,1342240
130_bNAb_Combinations|1342240|vc|5|2|nan|1798,1,0.00818535,0.669916,20777.8,74.895,0.425833,0.89636,1,0.00818535,0.669896,0.999999,74.6402,0.423403,0.889935,False,nan|1798,1342240
130_bNAb_Combinations|1342240|vc|6|2|nan|1798,1,0.00818535,0.669916,7798.67,74.895,0.425833,0.89636,1,0.00818535,0.669896,1,74.6402,0.423403,0.889935,False,nan|1798,1342240
130_bNAb_Combinations|1342240|vc|7|2|nan|1798,1,0.00818535,0.669916,95951,74.895,0.425833,0.89636,1,0.00818535,0.669896,1,74.6402,0.423403,0.889935,False,nan|1798,1342240
130_bNAb_Combinations|1342240|vc|8|2|nan|1798,1,0.00818535,0.669916,37922.8,74.895,0.425833,0.89636,1,0.00818535,0.669896,1,74.6402,0.423403,0.889935,False,nan|1798,1342240
130_bNAb_Combinations|1342258|cc|1|1|TRO.11|8301,1,0.0266445,0.669916,639421,74.895,0.0801377,0.894069,1,0.0266445,0.669896,1,74.6402,0.0753235,0.887543,False,nan|TRO.11,1342258
130_bNAb_Combinations|1342258|cc|2|1|TRO.11|8301,1,0.0266445,0.669916,5982.69,74.895,0.0801377,0.894069,1,0.0266445,0.669896,1,74.6402,0.0753235,0.887543,False,nan|TRO.11,1342258
130_bNAb_Combinations|1342258|cc|3|1|TRO.11|8301,1,0.0266445,0.669916,14805,74.895,0.0801377,0.894069,1,0.0266445,0.669896,1,74.6402,0.0753235,0.887543,False,nan|TRO.11,1342258
130_bNAb_Combinations|1342258|cc|4|1|TRO.11|8301,1,0.0266445,0.669916,1150.27,74.895,0.0801377,0.894069,1,0.0266445,0.669896,1,74.6402,0.0753235,0.887543,False,nan|TRO.11,1342258
130_bNAb_Combinations|1342258|cc|5|1|TRO.11|8301,1,0.0266445,0.669916,1554.29,74.895,0.0801377,0.894069,1,0.0266445,0.669896,1,74.6402,0.0753235,0.887543,False,nan|TRO.11,1342258
130_bNAb_Combinations|1342258|cc|6|1|TRO.11|8301,1,0.0266445,0.669916,100720,74.895,0.0801377,0.894069,1,0.0266445,0.669896,1,74.6402,0.0753235,0.887543,False,nan|TRO.11,1342258
130_bNAb_Combinations|1342258|cc|7|1|TRO.11|8301,1,0.0266445,0.669916,6888.7,74.895,0.0801377,0.894069,1,0.0266445,0.669896,1,74.6402,0.0753235,0.887543,False,nan|TRO.11,1342258
130_bNAb_Combinations|1342258|cc|8|1|TRO.11|8301,1,0.0266445,0.669916,1076.65,74.895,0.0801377,0.894069,1,0.0266445,0.669896,1,74.6402,0.0753235,0.887543,False,nan|TRO.11,1342258
130_bNAb_Combinations|1342258|sample|3|TRO.11|8301,1,0.000763383,0.669916,0.012602,74.895,0.0801377,0.894069,1,0.000763383,0.669896,0.0131963,74.6401,0.0753235,0.887543,True,VRC07-523LS|TRO.11,1342258
130_bNAb_Combinations|1342258|sample|4|TRO.11|8301,1,0.000763383,0.669916,0.0121365,74.895,0.0801377,0.894069,1,0.000763383,0.669896,0.0122144,74.6401,0.0753235,0.887543,True,VRC07-523LS|TRO.11,1342258
130_bNAb_Combinations|1342258|vc|1|2|TRO.11|8301,1,0.0266445,0.669916,51151.9,74.895,0.0801377,0.894069,1,0.0266445,0.669896,1,74.6402,0.0753235,0.887543,False,nan|TRO.11,1342258
130_bNAb_Combinations|1342258|vc|2|2|TRO.11|8301,1,0.0266445,0.669916,24081.9,74.895,0.0801377,0.894069,1,0.0266445,0.669896,1,74.6402,0.0753235,0.887543,False,nan|TRO.11,1342258
130_bNAb_Combinations|1342258|vc|3|2|TRO.11|8301,1,0.0266445,0.669916,1169.94,74.895,0.0801377,0.894069,1,0.0266445,0.669896,1,74.6402,0.0753235,0.887543,False,nan|TRO.11,1342258
130_bNAb_Combinations|1342258|vc|4|2|TRO.11|8301,1,0.0266445,0.669916,6400.36,74.895,0.0801377,0.894069,1,0.0266445,0.669896,1,74.6402,0.0753235,0.887543,False,nan|TRO.11,1342258
130_bNAb_Combinations|1342258|vc|5|2|TRO.11|8301,1,0.0266445,0.669916,21792.4,74.895,0.0801377,0.894069,1,0.0266445,0.669896,1,74.6402,0.0753235,0.887543,False,nan|TRO.11,1342258
130_bNAb_Combinations|1342258|vc|6|2|TRO.11|8301,1,0.0266445,0.669916,2314.89,74.895,0.0801377,0.894069,1,0.0266445,0.669896,1,74.6402,0.0753235,0.887543,False,nan|TRO.11,1342258
130_bNAb_Combinations|1342258|vc|7|2|TRO.11|8301,1,0.0266445,0.669916,6126.63,74.895,0.0801377,0.894069,1,0.0266445,0.669896,1,74.6402,0.0753235,0.887543,False,nan|TRO.11,1342258
130_bNAb_Combinations|1342258|vc|8|2|TRO.11|8301,1,0.0266445,0.669916,8407.32,74.895,0.0801377,0.894069,1,0.0266445,0.669896,1,74.6402,0.0753235,0.887543,False,nan|TRO.11,1342258
130_bNAb_Combinations|1342276|cc|1|1|Ce1176_A3|7023,1,0.0227183,0.669916,976.471,74.895,0.583646,0.89636,1,0.0227183,0.669896,1,74.6402,0.578606,0.889935,False,nan|Ce1176_A3,1342276
130_bNAb_Combinations|1342276|cc|2|1|Ce1176_A3|7023,1,0.0227183,0.669916,477227,74.895,0.583646,0.89636,1,0.0227183,0.669896,1,74.6402,0.578606,0.889935,False,nan|Ce1176_A3,1342276
130_bNAb_Combinations|1342276|cc|3|1|Ce1176_A3|7023,1,0.0227183,0.669916,2751.1,74.895,0.583646,0.89636,1,0.0227183,0.669896,1,74.6402,0.578606,0.889935,False,nan|Ce1176_A3,1342276
130_bNAb_Combinations|1342276|cc|4|1|Ce1176_A3|7023,1,0.0227183,0.669916,16244.2,74.895,0.583646,0.89636,1,0.0227183,0.669896,1,74.6402,0.578606,0.889935,False,nan|Ce1176_A3,1342276
130_bNAb_Combinations|1342276|cc|5|1|Ce1176_A3|7023,1,0.0227183,0.669916,3761.16,74.895,0.583646,0.89636,1,0.0227183,0.669896,1,74.6402,0.578606,0.889935,False,nan|Ce1176_A3,1342276
130_bNAb_Combinations|1342276|cc|6|1|Ce1176_A3|7023,1,0.0227183,0.669916,12513.2,74.895,0.583646,0.89636,1,0.0227183,0.669896,1,74.6402,0.578606,0.889935,False,nan|Ce1176_A3,1342276
130_bNAb_Combinations|1342276|cc|7|1|Ce1176_A3|7023,1,0.0227183,0.669916,2698.31,74.895,0.583646,0.89636,1,0.0227183,0.669896,1,74.6402,0.578606,0.889935,False,nan|Ce1176_A3,1342276
130_bNAb_Combinations|1342276|cc|8|1|Ce1176_A3|7023,1,0.0227183,0.669916,3449.64,74.895,0.583646,0.89636,1,0.0227183,0.669896,1,74.6402,0.578606,0.889935,False,nan|Ce1176_A3,1342276
130_bNAb_Combinations|1342276|sample|3|Ce1176_A3|7023,1,0.00299553,0.669916,0.00410794,74.895,0.583646,0.89636,1,0.00299553,0.669896,0.00429639,74.6401,0.578606,0.889935,True,VRC07-523LS|Ce1176_A3,1342276
130_bNAb_Combinations|1342276|sample|4|Ce1176_A3|7023,1,0.00299553,0.669916,0.00402285,74.895,0.583646,0.89636,1,0.00299553,0.669896,0.00398311,74.6401,0.578606,0.889935,True,VRC07-523LS|Ce1176_A3,1342276
130_bNAb_Combinations|1342276|vc|1|2|Ce1176_A3|7023,1,0.0227183,0.669916,1083.8,74.895,0.583646,0.89636,1,0.0227183,0.669896,1,74.6402,0.578606,0.889935,False,nan|Ce1176_A3,1342276
130_bNAb_Combinations|1342276|vc|2|2|Ce1176_A3|7023,1,0.0227183,0.669916,3481.46,74.895,0.583646,0.89636,1,0.0227183,0.669896,1,74.6402,0.578606,0.889935,False,nan|Ce1176_A3,1342276
130_bNAb_Combinations|1342276|vc|3|2|Ce1176_A3|7023,1,0.0227183,0.669916,4678.53,74.895,0.583646,0.89636,1,0.0227183,0.669896,1,74.6402,0.578606,0.889935,False,nan|Ce1176_A3,1342276
130_bNAb_Combinations|1342276|vc|4|2|Ce1176_A3|7023,1,0.0227183,0.669916,4249.54,74.895,0.583646,0.89636,1,0.0227183,0.669896,1,74.6402,0.578606,0.889935,False,nan|Ce1176_A3,1342276
130_bNAb_Combinations|1342276|vc|5|2|Ce1176_A3|7023,1,0.0227183,0.669916,6499.44,74.895,0.583646,0.89636,1,0.0227183,0.669896,1,74.6402,0.578606,0.889935,False,nan|Ce1176_A3,1342276
130_bNAb_Combinations|1342276|vc|6|2|Ce1176_A3|7023,1,0.0227183,0.669916,3551.17,74.895,0.583646,0.89636,1,0.0227183,0.669896,1,74.6402,0.578606,0.889935,False,nan|Ce1176_A3,1342276
130_bNAb_Combinations|1342276|vc|7|2|Ce1176_A3|7023,1,0.0227183,0.669916,36740.2,74.895,0.583646,0.89636,1,0.0227183,0.669896,1,74.6402,0.578606,0.889935,False,nan|Ce1176_A3,1342276
130_bNAb_Combinations|1342276|vc|8|2|Ce1176_A3|7023,1,0.0227183,0.669916,5489.18,74.895,0.583646,0.89636,1,0.0227183,0.669896,1,74.6402,0.578606,0.889935,False,nan|Ce1176_A3,1342276
130_bNAb_Combinations|1342294|cc|1|1|nan|1176,1,0.00157202,0.669916,9583.52,74.895,0.42595,0.697525,1,0.00157202,0.669896,1,74.6402,0.42352,0.692619,False,nan|1176,1342294
130_bNAb_Combinations|1342294|cc|2|1|nan|1176,1,0.00157202,0.669916,130154,74.895,0.42595,0.697525,1,0.00157202,0.669896,1,74.6402,0.42352,0.692619,False,nan|1176,1342294
130_bNAb_Combinations|1342294|cc|3|1|nan|1176,1,0.00157202,0.669916,3648.48,74.895,0.42595,0.697525,1,0.00157202,0.669896,1,74.6402,0.42352,0.692619,False,nan|1176,1342294
130_bNAb_Combinations|1342294|cc|4|1|nan|1176,1,0.00157202,0.669916,3421.98,74.895,0.42595,0.697525,1,0.00157202,0.669896,1,74.6402,0.42352,0.692619,False,nan|1176,1342294
130_bNAb_Combinations|1342294|cc|5|1|nan|1176,1,0.00157202,0.669916,11435.3,74.895,0.42595,0.697525,1,0.00157202,0.669896,1,74.6402,0.42352,0.692619,False,nan|1176,1342294
130_bNAb_Combinations|1342294|cc|6|1|nan|1176,1,0.00157202,0.669916,688.573,74.895,0.42595,0.697525,1,0.00157202,0.669896,1,74.6402,0.42352,0.692619,False,nan|1176,1342294
130_bNAb_Combinations|1342294|cc|7|1|nan|1176,1,0.00157202,0.669916,7267.71,74.895,0.42595,0.697525,1,0.00157202,0.669896,1,74.6402,0.42352,0.692619,False,nan|1176,1342294
130_bNAb_Combinations|1342294|cc|8|1|nan|1176,1,0.00157202,0.669916,22126.9,74.895,0.42595,0.697525,1,0.00157202,0.669896,1,74.6402,0.42352,0.692619,False,nan|1176,1342294
130_bNAb_Combinations|1342294|sample|3|nan|1176,1,0.00200295,0.669916,0.0223835,74.895,0.42595,0.697525,1,0.00200295,0.669896,0.0227186,74.6401,0.42352,0.692619,True,VRC07-523LS|1176,1342294
130_bNAb_Combinations|1342294|sample|4|nan|1176,1,0.00200295,0.669916,0.0201668,74.895,0.42595,0.697525,1,0.00200295,0.669896,0.0206191,74.6401,0.42352,0.692619,True,VRC07-523LS|1176,1342294
130_bNAb_Combinations|1342294|sample|8|nan|1176,1,0.00200295,0.669916,1582.24,74.895,0.42595,0.697525,1,0.00200295,0.669896,1,74.6401,0.42352,0.692619,True,VRC07-523LS|1176,1342294
130_bNAb_Combinations|1342294|vc|1|2|nan|1176,1,0.00157202,0.669916,310.547,74.895,0.42595,0.697525,1,0.00157202,0.669896,1,74.6402,0.42352,0.692619,False,nan|1176,1342294
130_bNAb_Combinations|1342294|vc|2|2|nan|1176,1,0.00157202,0.669916,7437.65,74.895,0.42595,0.697525,1,0.00157202,0.669896,1,74.6402,0.42352,0.692619,False,nan|1176,1342294
130_bNAb_Combinations|1342294|vc|3|2|nan|1176,1,0.00157202,0.669916,1190.84,74.895,0.42595,0.697525,1,0.00157202,0.669896,1,74.6402,0.42352,0.692619,False,nan|1176,1342294
130_bNAb_Combinations|1342294|vc|4|2|nan|1176,1,0.00157202,0.669916,2055.68,74.895,0.42595,0.697525,1,0.00157202,0.669896,1,74.6402,0.42352,0.692619,False,nan|1176,1342294
130_bNAb_Combinations|1342294|vc|5|2|nan|1176,1,0.00157202,0.669916,8429.3,74.895,0.42595,0.697525,1,0.00157202,0.669896,1,74.6402,0.42352,0.692619,False,nan|1176,1342294
130_bNAb_Combinations|1342294|vc|6|2|nan|1176,1,0.00157202,0.669916,20399.9,74.895,0.42595,0.697525,1,0.00157202,0.669896,0.999999,74.6402,0.42352,0.692619,False,nan|1176,1342294
130_bNAb_Combinations|1342294|vc|7|2|nan|1176,1,0.00157202,0.669916,15080.8,74.895,0.42595,0.697525,1,0.00157202,0.669896,1,74.6402,0.42352,0.692619,False,nan|1176,1342294
130_bNAb_Combinations|1342294|vc|8|2|nan|1176,1,0.00157202,0.669916,3089.98,74.895,0.42595,0.697525,1,0.00157202,0.669896,1,74.6402,0.42352,0.692619,False,nan|1176,1342294
130_bNAb_Combinations|1342312|cc|1|1|RHPA4259.7|5371,1,0.0071045,0.669916,24060.2,74.895,0.42595,1.10425,1,0.00710451,0.669896,1,74.6402,0.42352,1.09835,False,nan|RHPA4259.7,1342312
130_bNAb_Combinations|1342312|cc|2|1|RHPA4259.7|5371,1,0.0071045,0.669916,518044,74.895,0.42595,1.10425,1,0.00710451,0.669896,1,74.6402,0.42352,1.09835,False,nan|RHPA4259.7,1342312
130_bNAb_Combinations|1342312|cc|3|1|RHPA4259.7|5371,1,0.00710451,0.669916,1551.57,74.895,0.42595,1.10425,1,0.00710451,0.669896,1,74.6402,0.42352,1.09835,False,nan|RHPA4259.7,1342312
130_bNAb_Combinations|1342312|cc|4|1|RHPA4259.7|5371,1,0.00710451,0.669916,4534.59,74.895,0.42595,1.10425,1,0.00710451,0.669896,1,74.6402,0.42352,1.09835,False,nan|RHPA4259.7,1342312
130_bNAb_Combinations|1342312|cc|5|1|RHPA4259.7|5371,1,0.0071045,0.669916,8228.98,74.895,0.42595,1.10425,1,0.00710451,0.669896,1,74.6402,0.42352,1.09835,False,nan|RHPA4259.7,1342312
130_bNAb_Combinations|1342312|cc|6|1|RHPA4259.7|5371,1,0.0071045,0.669916,28640.2,74.895,0.42595,1.10425,1,0.00710451,0.669896,1,74.6402,0.42352,1.09835,False,nan|RHPA4259.7,1342312
130_bNAb_Combinations|1342312|cc|7|1|RHPA4259.7|5371,1,0.00710451,0.669916,1433.53,74.895,0.42595,1.10425,1,0.00710451,0.669896,1,74.6402,0.42352,1.09835,False,nan|RHPA4259.7,1342312
130_bNAb_Combinations|1342312|cc|8|1|RHPA4259.7|5371,1,0.00710451,0.669916,4258.48,74.895,0.42595,1.10425,1,0.00710451,0.669896,1,74.6402,0.42352,1.09835,False,nan|RHPA4259.7,1342312
130_bNAb_Combinations|1342312|sample|3|RHPA4259.7|5371,1,0.0016429,0.669916,0.0423028,74.895,0.42595,1.10425,1,0.0016429,0.669896,0.0439272,74.6401,0.42352,1.09835,True,VRC07-523LS|RHPA4259.7,1342312
130_bNAb_Combinations|1342312|sample|4|RHPA4259.7|5371,1,0.0016429,0.669916,0.0462787,74.895,0.42595,1.10425,1,0.0016429,0.669896,0.0471508,74.6401,0.42352,1.09835,True,VRC07-523LS|RHPA4259.7,1342312
130_bNAb_Combinations|1342312|vc|1|2|RHPA4259.7|5371,1,0.00710451,0.669916,473.655,74.895,0.42595,1.10425,1,0.00710451,0.669896,1,74.6402,0.42352,1.09835,False,nan|RHPA4259.7,1342312
130_bNAb_Combinations|1342312|vc|2|2|RHPA4259.7|5371,1,0.00710451,0.669916,2413.48,74.895,0.42595,1.10425,1,0.00710451,0.669896,1,74.6402,0.42352,1.09835,False,nan|RHPA4259.7,1342312
130_bNAb_Combinations|1342312|vc|3|2|RHPA4259.7|5371,1,0.00710451,0.669916,7713.15,74.895,0.42595,1.10425,1,0.00710451,0.669896,1,74.6402,0.42352,1.09835,False,nan|RHPA4259.7,1342312
130_bNAb_Combinations|1342312|vc|4|2|RHPA4259.7|5371,1,0.00710451,0.669916,2408.41,74.895,0.42595,1.10425,1,0.00710451,0.669896,1,74.6402,0.42352,1.09835,False,nan|RHPA4259.7,1342312
130_bNAb_Combinations|1342312|vc|5|2|RHPA4259.7|5371,1,0.00710451,0.669916,5800.67,74.895,0.42595,1.10425,1,0.00710451,0.669896,1,74.6402,0.42352,1.09835,False,nan|RHPA4259.7,1342312
130_bNAb_Combinations|1342312|vc|6|2|RHPA4259.7|5371,1,0.00710451,0.669916,13342.7,74.895,0.42595,1.10425,1,0.00710451,0.669896,1,74.6402,0.42352,1.09835,False,nan|RHPA4259.7,1342312
130_bNAb_Combinations|1342312|vc|7|2|RHPA4259.7|5371,1,0.00710451,0.669916,2156.04,74.895,0.42595,1.10425,1,0.00710451,0.669896,1,74.6402,0.42352,1.09835,False,nan|RHPA4259.7,1342312
130_bNAb_Combinations|1342312|vc|8|2|RHPA4259.7|5371,1,0.0071045,0.669916,552.421,74.895,0.42595,1.10425,1,0.00710451,0.669896,1,74.6402,0.42352,1.09835,False,nan|RHPA4259.7,1342312
130_bNAb_Combinations|1342336|cc|1|1|nan|3430,1,0.0130751,0.669916,2533.61,74.895,0.42595,0.896359,1,0.0130751,0.669896,1,74.6402,0.42352,0.889934,False,nan|3430,1342336
130_bNAb_Combinations|1342336|cc|2|1|nan|3430,1,0.0130751,0.669916,2257.88,74.895,0.42595,0.896359,1,0.0130751,0.669896,1,74.6402,0.42352,0.889934,False,nan|3430,1342336
130_bNAb_Combinations|1342336|cc|3|1|nan|3430,1,0.0130751,0.669916,3889.38,74.895,0.42595,0.896359,1,0.0130751,0.669896,1,74.6402,0.42352,0.889934,False,nan|3430,1342336
130_bNAb_Combinations|1342336|cc|4|1|nan|3430,1,0.0130751,0.669916,54156.9,74.895,0.42595,0.896359,1,0.0130751,0.669896,1,74.6402,0.42352,0.889934,False,nan|3430,1342336
130_bNAb_Combinations|1342336|cc|5|1|nan|3430,1,0.0130751,0.669916,671.305,74.895,0.42595,0.896359,1,0.0130751,0.669896,1,74.6402,0.42352,0.889934,False,nan|3430,1342336
130_bNAb_Combinations|1342336|cc|6|1|nan|3430,1,0.0130751,0.669916,3515.6,74.895,0.42595,0.896359,1,0.0130751,0.669896,1,74.6402,0.42352,0.889934,False,nan|3430,1342336
130_bNAb_Combinations|1342336|cc|7|1|nan|3430,1,0.0130751,0.669916,5777.21,74.895,0.42595,0.896359,1,0.0130751,0.669896,1,74.6402,0.42352,0.889934,False,nan|3430,1342336
130_bNAb_Combinations|1342336|cc|8|1|nan|3430,1,0.0130751,0.669916,498826,74.895,0.42595,0.896359,1,0.0130751,0.669896,1,74.6402,0.42352,0.889934,False,nan|3430,1342336
130_bNAb_Combinations|1342336|sample|3|nan|3430,1,0.00104854,0.669916,0.0274268,74.895,0.42595,0.896359,1,0.00104854,0.669896,0.0285663,74.6401,0.42352,0.889934,True,VRC07-523LS|3430,1342336
130_bNAb_Combinations|1342336|sample|4|nan|3430,1,0.00104854,0.669916,0.0294725,74.895,0.42595,0.896359,1,0.00104854,0.669896,0.0277761,74.6401,0.42352,0.889934,True,VRC07-523LS|3430,1342336
130_bNAb_Combinations|1342336|sample|5|nan|3430,1,0.00104854,0.669916,5049.74,74.895,0.42595,0.896359,1,0.00104854,0.669896,1,74.6401,0.42352,0.889934,True,VRC07-523LS|3430,1342336
130_bNAb_Combinations|1342336|vc|1|2|nan|3430,1,0.0130751,0.669916,17075.9,74.895,0.42595,0.896359,1,0.0130751,0.669896,1,74.6402,0.42352,0.889934,False,nan|3430,1342336
130_bNAb_Combinations|1342336|vc|2|2|nan|3430,1,0.0130751,0.669916,6888.4,74.895,0.42595,0.896359,1,0.0130751,0.669896,1,74.6402,0.42352,0.889934,False,nan|3430,1342336
130_bNAb_Combinations|1342336|vc|3|2|nan|3430,1,0.0130751,0.669916,1811.87,74.895,0.42595,0.896359,1,0.0130751,0.669896,1,74.6402,0.42352,0.889934,False,nan|3430,1342336
130_bNAb_Combinations|1342336|vc|4|2|nan|3430,1,0.0130751,0.669916,6263.57,74.895,0.42595,0.896359,1,0.0130751,0.669896,1,74.6402,0.42352,0.889934,False,nan|3430,1342336
130_bNAb_Combinations|1342336|vc|5|2|nan|3430,1,0.0130751,0.669916,4547.68,74.895,0.42595,0.896359,1,0.0130751,0.669896,1,74.6402,0.42352,0.889934,False,nan|3430,1342336
130_bNAb_Combinations|1342336|vc|6|2|nan|3430,1,0.0130751,0.669916,2339.07,74.895,0.42595,0.896359,1,0.0130751,0.669896,1,74.6402,0.42352,0.889934,False,nan|3430,1342336
130_bNAb_Combinations|1342336|vc|7|2|nan|3430,1,0.0130751,0.669916,591.694,74.895,0.42595,0.896359,1,0.0130751,0.669896,1,74.6402,0.42352,0.889934,False,nan|3430,1342336
130_bNAb_Combinations|1342336|vc|8|2|nan|3430,1,0.0130751,0.669916,741.531,74.895,0.42595,0.896359,1,0.0130751,0.669896,1,74.6402,0.42352,0.889934,False,nan|3430,1342336
130_bNAb_Combinations|1342348|cc|1|1|nan|4166,1,0.0394998,0.669916,4280.84,74.895,0.42595,1.07096,1,0.0394998,0.669896,0.999999,74.6402,0.42352,1.06416,False,nan|4166,1342348
130_bNAb_Combinations|1342348|cc|2|1|nan|4166,1,0.0394998,0.669916,4790.3,74.895,0.42595,1.07096,1,0.0394998,0.669896,1,74.6402,0.42352,1.06416,False,nan|4166,1342348
130_bNAb_Combinations|1342348|cc|3|1|nan|4166,1,0.0394998,0.669916,4235.01,74.895,0.42595,1.07096,1,0.0394998,0.669896,1,74.6402,0.42352,1.06416,False,nan|4166,1342348
130_bNAb_Combinations|1342348|cc|4|1|nan|4166,1,0.0394998,0.669916,4693.38,74.895,0.42595,1.07096,1,0.0394998,0.669896,1,74.6402,0.42352,1.06416,False,nan|4166,1342348
130_bNAb_Combinations|1342348|cc|5|1|nan|4166,1,0.0394998,0.669916,89389.8,74.895,0.42595,1.07096,1,0.0394998,0.669896,1,74.6402,0.42352,1.06416,False,nan|4166,1342348
130_bNAb_Combinations|1342348|cc|6|1|nan|4166,1,0.0394998,0.669916,3585.35,74.895,0.42595,1.07096,1,0.0394998,0.669896,1,74.6402,0.42352,1.06416,False,nan|4166,1342348
130_bNAb_Combinations|1342348|cc|7|1|nan|4166,1,0.0394998,0.669916,3647.38,74.895,0.42595,1.07096,1,0.0394998,0.669896,1,74.6402,0.42352,1.06416,False,nan|4166,1342348
130_bNAb_Combinations|1342348|cc|8|1|nan|4166,1,0.0394998,0.669916,6006.09,74.895,0.42595,1.07096,1,0.0394998,0.669896,1,74.6402,0.42352,1.06416,False,nan|4166,1342348
130_bNAb_Combinations|1342348|sample|3|nan|4166,1,0.00152711,0.669916,0.0566145,74.895,0.42595,1.07096,1,0.00152711,0.669896,0.058091,74.6401,0.42352,1.06416,True,VRC07-523LS|4166,1342348
130_bNAb_Combinations|1342348|sample|4|nan|4166,1,0.00152711,0.669916,0.065235,74.895,0.42595,1.07096,1,0.00152711,0.669896,0.0636199,74.6401,0.42352,1.06416,True,VRC07-523LS|4166,1342348
130_bNAb_Combinations|1342348|vc|1|2|nan|4166,1,0.0394998,0.669916,2851.55,74.895,0.42595,1.07096,1,0.0394998,0.669896,1,74.6402,0.42352,1.06416,False,nan|4166,1342348
130_bNAb_Combinations|1342348|vc|2|2|nan|4166,1,0.0394998,0.669916,2873.69,74.895,0.42595,1.07096,1,0.0394998,0.669896,1,74.6402,0.42352,1.06416,False,nan|4166,1342348
130_bNAb_Combinations|1342348|vc|3|2|nan|4166,1,0.0394998,0.669916,108148,74.895,0.42595,1.07096,1,0.0394998,0.669896,1,74.6402,0.42352,1.06416,False,nan|4166,1342348
130_bNAb_Combinations|1342348|vc|4|2|nan|4166,1,0.0394998,0.669916,480.949,74.895,0.42595,1.07096,1,0.0394998,0.669896,1,74.6402,0.42352,1.06416,False,nan|4166,1342348
130_bNAb_Combinations|1342348|vc|5|2|nan|4166,1,0.0394998,0.669916,1346.25,74.895,0.42595,1.07096,1,0.0394998,0.669896,1,74.6402,0.42352,1.06416,False,nan|4166,1342348
130_bNAb_Combinations|1342348|vc|6|2|nan|4166,1,0.0394998,0.669916,3342.05,74.895,0.42595,1.07096,1,0.0394998,0.669896,1,74.6402,0.42352,1.06416,False,nan|4166,1342348
130_bNAb_Combinations|1342348|vc|7|2|nan|4166,1,0.0394998,0.669916,1987.66,74.895,0.42595,1.07096,1,0.0394998,0.669896,1,74.6402,0.42352,1.06416,False,nan|4166,1342348
130_bNAb_Combinations|1342348|vc|8|2|nan|4166,1,0.0394998,0.669916,41164.7,74.895,0.42595,1.07096,1,0.0394998,0.669896,1,74.6402,0.42352,1.06416,False,nan|4166,1342348
130_bNAb_Combinations|1342372|cc|1|1|nan|2944,1,0.00547642,0.669916,2928.5,74.895,0.479912,0.895452,1,0.00547642,0.669896,1,74.6402,0.476305,0.889014,False,nan|2944,1342372
130_bNAb_Combinations|1342372|cc|2|1|nan|2944,1,0.00547642,0.669916,489.05,74.895,0.479912,0.895452,1,0.00547642,0.669896,1,74.6402,0.476305,0.889014,False,nan|2944,1342372
130_bNAb_Combinations|1342372|cc|3|1|nan|2944,1,0.00547642,0.669916,1455.25,74.895,0.479912,0.895452,1,0.00547642,0.669896,1,74.6402,0.476305,0.889014,False,nan|2944,1342372
130_bNAb_Combinations|1342372|cc|4|1|nan|2944,1,0.00547642,0.669916,5228.92,74.895,0.479912,0.895452,1,0.00547642,0.669896,1,74.6402,0.476305,0.889014,False,nan|2944,1342372
130_bNAb_Combinations|1342372|cc|5|1|nan|2944,1,0.00547642,0.669916,11922.9,74.895,0.479912,0.895452,1,0.00547642,0.669896,1,74.6402,0.476305,0.889014,False,nan|2944,1342372
130_bNAb_Combinations|1342372|cc|6|1|nan|2944,1,0.00547642,0.669916,1148.66,74.895,0.479912,0.895452,1,0.00547642,0.669896,1,74.6402,0.476305,0.889014,False,nan|2944,1342372
130_bNAb_Combinations|1342372|cc|7|1|nan|2944,1,0.00547642,0.669916,737.26,74.895,0.479912,0.895452,1,0.00547642,0.669896,1,74.6402,0.476305,0.889014,False,nan|2944,1342372
130_bNAb_Combinations|1342372|cc|8|1|nan|2944,1,0.00547642,0.669916,4185.87,74.895,0.479912,0.895452,1,0.00547642,0.669896,1,74.6402,0.476305,0.889014,False,nan|2944,1342372
130_bNAb_Combinations|1342372|sample|3|nan|2944,1,0.000712506,0.669916,0.0162075,74.895,0.479912,0.895452,1,0.000712506,0.669896,0.0150358,74.6401,0.476305,0.889014,True,VRC07-523LS|2944,1342372
130_bNAb_Combinations|1342372|sample|4|nan|2944,1,0.000712506,0.669916,0.0163506,74.895,0.479912,0.895452,1,0.000712506,0.669896,0.0173425,74.6401,0.476305,0.889014,True,VRC07-523LS|2944,1342372
130_bNAb_Combinations|1342372|vc|1|2|nan|2944,1,0.00547642,0.669916,2633.62,74.895,0.479912,0.895452,1,0.00547642,0.669896,1,74.6402,0.476305,0.889014,False,nan|2944,1342372
130_bNAb_Combinations|1342372|vc|2|2|nan|2944,1,0.00547642,0.669916,1109.14,74.895,0.479912,0.895452,1,0.00547642,0.669896,1,74.6402,0.476305,0.889014,False,nan|2944,1342372
130_bNAb_Combinations|1342372|vc|3|2|nan|2944,1,0.00547642,0.669916,7204.32,74.895,0.479912,0.895452,1,0.00547642,0.669896,1,74.6402,0.476305,0.889014,False,nan|2944,1342372
130_bNAb_Combinations|1342372|vc|4|2|nan|2944,1,0.00547642,0.669916,30304.9,74.895,0.479912,0.895452,1,0.00547642,0.669896,1,74.6402,0.476305,0.889014,False,nan|2944,1342372
130_bNAb_Combinations|1342372|vc|5|2|nan|2944,1,0.00547642,0.669916,4341.54,74.895,0.479912,0.895452,1,0.00547642,0.669896,1,74.6402,0.476305,0.889014,False,nan|2944,1342372
130_bNAb_Combinations|1342372|vc|6|2|nan|2944,1,0.00547642,0.669916,18514.9,74.895,0.479912,0.895452,1,0.00547642,0.669896,1,74.6402,0.476305,0.889014,False,nan|2944,1342372
130_bNAb_Combinations|1342372|vc|7|2|nan|2944,1,0.00547642,0.669916,937.019,74.895,0.479912,0.895452,1,0.00547642,0.669896,1,74.6402,0.476305,0.889014,False,nan|2944,1342372
130_bNAb_Combinations|1342372|vc|8|2|nan|2944,1,0.00547642,0.669916,80585.2,74.895,0.479912,0.895452,1,0.00547642,0.669896,1,74.6402,0.476305,0.889014,False,nan|2944,1342372
130_bNAb_Combinations|1342384|cc|1|1|nan|2946,1,0.0141852,0.669916,1432.98,74.895,0.42595,0.89636,1,0.0141852,0.669896,1,74.6402,0.42352,0.889935,False,nan|2946,1342384
130_bNAb_Combinations|1342384|cc|2|1|nan|2946,1,0.0141852,0.669916,1037.79,74.895,0.42595,0.89636,1,0.0141852,0.669896,1,74.6402,0.42352,0.889935,False,nan|2946,1342384
130_bNAb_Combinations|1342384|cc|3|1|nan|2946,1,0.0141852,0.669916,3182.9,74.895,0.42595,0.89636,1,0.0141852,0.669896,1,74.6402,0.42352,0.889935,False,nan|2946,1342384
130_bNAb_Combinations|1342384|cc|4|1|nan|2946,1,0.0141852,0.669916,4426.51,74.895,0.42595,0.89636,1,0.0141852,0.669896,1,74.6402,0.42352,0.889935,False,nan|2946,1342384
130_bNAb_Combinations|1342384|cc|5|1|nan|2946,1,0.0141852,0.669916,7274.83,74.895,0.42595,0.89636,1,0.0141852,0.669896,1,74.6402,0.42352,0.889935,False,nan|2946,1342384
130_bNAb_Combinations|1342384|cc|6|1|nan|2946,1,0.0141852,0.669916,143890,74.895,0.42595,0.89636,1,0.0141852,0.669896,1,74.6402,0.42352,0.889935,False,nan|2946,1342384
130_bNAb_Combinations|1342384|cc|7|1|nan|2946,1,0.0141852,0.669916,292171,74.895,0.42595,0.89636,1,0.0141852,0.669896,1,74.6402,0.42352,0.889935,False,nan|2946,1342384
130_bNAb_Combinations|1342384|cc|8|1|nan|2946,1,0.0141852,0.669916,6706.23,74.895,0.42595,0.89636,1,0.0141852,0.669896,1,74.6402,0.42352,0.889935,False,nan|2946,1342384
130_bNAb_Combinations|1342384|sample|3|nan|2946,1,0.00219589,0.669916,0.00215571,74.895,0.42595,0.89636,1,0.00219589,0.669896,0.00225202,74.6401,0.42352,0.889935,True,VRC07-523LS|2946,1342384
130_bNAb_Combinations|1342384|sample|4|nan|2946,1,0.00219589,0.669916,0.00216127,74.895,0.42595,0.89636,1,0.00219589,0.669896,0.00215072,74.6401,0.42352,0.889935,True,VRC07-523LS|2946,1342384
130_bNAb_Combinations|1342384|vc|1|2|nan|2946,1,0.0141852,0.669916,64268.2,74.895,0.42595,0.89636,1,0.0141852,0.669896,1,74.6402,0.42352,0.889935,False,nan|2946,1342384
130_bNAb_Combinations|1342384|vc|2|2|nan|2946,1,0.0141852,0.669916,257921,74.895,0.42595,0.89636,1,0.0141852,0.669896,1,74.6402,0.42352,0.889935,False,nan|2946,1342384
130_bNAb_Combinations|1342384|vc|3|2|nan|2946,1,0.0141852,0.669916,3788.33,74.895,0.42595,0.89636,1,0.0141852,0.669896,0.999999,74.6402,0.42352,0.889935,False,nan|2946,1342384
130_bNAb_Combinations|1342384|vc|4|2|nan|2946,1,0.0141852,0.669916,792.231,74.895,0.42595,0.89636,1,0.0141852,0.669896,1,74.6402,0.42352,0.889935,False,nan|2946,1342384
130_bNAb_Combinations|1342384|vc|5|2|nan|2946,1,0.0141852,0.669916,110773,74.895,0.42595,0.89636,1,0.0141852,0.669896,1,74.6402,0.42352,0.889935,False,nan|2946,1342384
130_bNAb_Combinations|1342384|vc|6|2|nan|2946,1,0.0141852,0.669916,3317.71,74.895,0.42595,0.89636,1,0.0141852,0.669896,1,74.6402,0.42352,0.889935,False,nan|2946,1342384
130_bNAb_Combinations|1342384|vc|7|2|nan|2946,1,0.0141852,0.669916,948.591,74.895,0.42595,0.89636,1,0.0141852,0.669896,1,74.6402,0.42352,0.889935,False,nan|2946,1342384
130_bNAb_Combinations|1342384|vc|8|2|nan|2946,1,0.0141852,0.669916,5170.85,74.895,0.42595,0.89636,1,0.0141852,0.669896,1,74.6402,0.42352,0.889935,False,nan|2946,1342384
130_bNAb_Combinations|1342396|cc|1|1|PVO.4|5024,1,0.00266244,0.669916,42257.3,74.895,0.425957,1.55908,1,0.00266244,0.669896,1,74.6402,0.423527,1.57841,False,nan|PVO.4,1342396
130_bNAb_Combinations|1342396|cc|2|1|PVO.4|5024,1,0.00266244,0.669916,4084.54,74.895,0.425957,1.55908,1,0.00266244,0.669896,1,74.6402,0.423527,1.57841,False,nan|PVO.4,1342396
130_bNAb_Combinations|1342396|cc|3|1|PVO.4|5024,1,0.00266244,0.669916,1896.12,74.895,0.425957,1.55908,1,0.00266244,0.669896,1,74.6402,0.423527,1.57841,False,nan|PVO.4,1342396
130_bNAb_Combinations|1342396|cc|4|1|PVO.4|5024,1,0.00266244,0.669916,42194.2,74.895,0.425957,1.55908,1,0.00266244,0.669896,1,74.6402,0.423527,1.57841,False,nan|PVO.4,1342396
130_bNAb_Combinations|1342396|cc|5|1|PVO.4|5024,1,0.00266244,0.669916,6131.79,74.895,0.425957,1.55908,1,0.00266244,0.669896,1,74.6402,0.423527,1.57841,False,nan|PVO.4,1342396
130_bNAb_Combinations|1342396|cc|6|1|PVO.4|5024,1,0.00266244,0.669916,121258,74.895,0.425957,1.55908,1,0.00266244,0.669896,1,74.6402,0.423527,1.57841,False,nan|PVO.4,1342396
130_bNAb_Combinations|1342396|cc|7|1|PVO.4|5024,1,0.00266244,0.669916,4172.14,74.895,0.425957,1.55908,1,0.00266244,0.669896,1,74.6402,0.423527,1.57841,False,nan|PVO.4,1342396
130_bNAb_Combinations|1342396|cc|8|1|PVO.4|5024,1,0.00266244,0.669916,17976.6,74.895,0.425957,1.55908,1,0.00266244,0.669896,1,74.6402,0.423527,1.57841,False,nan|PVO.4,1342396
130_bNAb_Combinations|1342396|sample|3|PVO.4|5024,1,0.00094459,0.669916,0.0110945,74.895,0.425957,1.55908,1,0.00094459,0.669896,0.0117408,74.6401,0.423527,1.57841,True,VRC07-523LS|PVO.4,1342396
130_bNAb_Combinations|1342396|sample|4|PVO.4|5024,1,0.00094459,0.669916,0.0101053,74.895,0.425957,1.55908,1,0.00094459,0.669896,0.0102018,74.6401,0.423527,1.57841,True,VRC07-523LS|PVO.4,1342396
130_bNAb_Combinations|1342396|vc|1|2|PVO.4|5024,1,0.00266244,0.669916,23007.8,74.895,0.425957,1.55908,1,0.00266244,0.669896,1,74.6402,0.423527,1.57841,False,nan|PVO.4,1342396
130_bNAb_Combinations|1342396|vc|2|2|PVO.4|5024,1,0.00266244,0.669916,4769.31,74.895,0.425957,1.55908,1,0.00266244,0.669896,1,74.6402,0.423527,1.57841,False,nan|PVO.4,1342396
130_bNAb_Combinations|1342396|vc|3|2|PVO.4|5024,1,0.00266244,0.669916,25062.4,74.895,0.425957,1.55908,1,0.00266244,0.669896,1,74.6402,0.423527,1.57841,False,nan|PVO.4,1342396
130_bNAb_Combinations|1342396|vc|4|2|PVO.4|5024,1,0.00266244,0.669916,3700.52,74.895,0.425957,1.55908,1,0.00266244,0.669896,1,74.6402,0.423527,1.57841,False,nan|PVO.4,1342396
130_bNAb_Combinations|1342396|vc|5|2|PVO.4|5024,1,0.00266244,0.669916,5270.33,74.895,0.425957,1.55908,1,0.00266244,0.669896,1,74.6402,0.423527,1.57841,False,nan|PVO.4,1342396
130_bNAb_Combinations|1342396|vc|6|2|PVO.4|5024,1,0.00266244,0.669916,740652,74.895,0.425957,1.55908,1,0.00266244,0.669896,1,74.6402,0.423527,1.57841,False,nan|PVO.4,1342396
130_bNAb_Combinations|1342396|vc|7|2|PVO.4|5024,1,0.00266244,0.669916,2247.37,74.895,0.425957,1.55908,1,0.00266244,0.669896,1,74.6402,0.423527,1.57841,False,nan|PVO.4,1342396
130_bNAb_Combinations|1342396|vc|8|2|PVO.4|5024,1,0.00266244,0.669916,32869.1,74.895,0.425957,1.55908,1,0.00266244,0.669896,1,74.6402,0.423527,1.57841,False,nan|PVO.4,1342396
130_bNAb_Combinations|1342408|cc|1|1|nan|4168,1,0.00433518,0.669916,1712.19,74.895,0.42595,0.89636,1,0.00433518,0.669896,1,74.6402,0.42352,0.889935,False,nan|4168,1342408
130_bNAb_Combinations|1342408|cc|2|1|nan|4168,1,0.00433518,0.669916,11481,74.895,0.42595,0.89636,1,0.00433518,0.669896,1,74.6402,0.42352,0.889935,False,nan|4168,1342408
130_bNAb_Combinations|1342408|cc|3|1|nan|4168,1,0.00433518,0.669916,10500.9,74.895,0.42595,0.89636,1,0.00433518,0.669896,1,74.6402,0.42352,0.889935,False,nan|4168,1342408
130_bNAb_Combinations|1342408|cc|4|1|nan|4168,1,0.00433518,0.669916,15022.1,74.895,0.42595,0.89636,1,0.00433518,0.669896,1,74.6402,0.42352,0.889935,False,nan|4168,1342408
130_bNAb_Combinations|1342408|cc|5|1|nan|4168,1,0.00433518,0.669916,6722.46,74.895,0.42595,0.89636,1,0.00433518,0.669896,1,74.6402,0.42352,0.889935,False,nan|4168,1342408
130_bNAb_Combinations|1342408|cc|6|1|nan|4168,1,0.00433518,0.669916,13449.5,74.895,0.42595,0.89636,1,0.00433518,0.669896,1,74.6402,0.42352,0.889935,False,nan|4168,1342408
130_bNAb_Combinations|1342408|cc|7|1|nan|4168,1,0.00433518,0.669916,13602.5,74.895,0.42595,0.89636,1,0.00433518,0.669896,1,74.6402,0.42352,0.889935,False,nan|4168,1342408
130_bNAb_Combinations|1342408|cc|8|1|nan|4168,1,0.00433518,0.669916,2043.21,74.895,0.42595,0.89636,1,0.00433518,0.669896,1,74.6402,0.42352,0.889935,False,nan|4168,1342408
130_bNAb_Combinations|1342408|sample|3|nan|4168,1,0.00908131,0.669916,0.00535532,74.895,0.42595,0.89636,1,0.00908131,0.669896,0.00524149,74.6401,0.42352,0.889935,True,VRC07-523LS|4168,1342408
130_bNAb_Combinations|1342408|sample|4|nan|4168,1,0.00908131,0.669916,0.00419155,74.895,0.42595,0.89636,1,0.00908131,0.669896,0.00428321,74.6401,0.42352,0.889935,True,VRC07-523LS|4168,1342408
130_bNAb_Combinations|1342408|vc|1|2|nan|4168,1,0.00433518,0.669916,21646.8,74.895,0.42595,0.89636,1,0.00433518,0.669896,1,74.6402,0.42352,0.889935,False,nan|4168,1342408
130_bNAb_Combinations|1342408|vc|2|2|nan|4168,1,0.00433518,0.669916,1357.19,74.895,0.42595,0.89636,1,0.00433518,0.669896,1,74.6402,0.42352,0.889935,False,nan|4168,1342408
130_bNAb_Combinations|1342408|vc|3|2|nan|4168,1,0.00433518,0.669916,10972.4,74.895,0.42595,0.89636,1,0.00433518,0.669896,1,74.6402,0.42352,0.889935,False,nan|4168,1342408
130_bNAb_Combinations|1342408|vc|4|2|nan|4168,1,0.00433518,0.669916,16927.2,74.895,0.42595,0.89636,1,0.00433518,0.669896,1,74.6402,0.42352,0.889935,False,nan|4168,1342408
130_bNAb_Combinations|1342408|vc|5|2|nan|4168,1,0.00433518,0.669916,3391.33,74.895,0.42595,0.89636,1,0.00433518,0.669896,1,74.6402,0.42352,0.889935,False,nan|4168,1342408
130_bNAb_Combinations|1342408|vc|6|2|nan|4168,1,0.00433518,0.669916,8679.97,74.895,0.42595,0.89636,1,0.00433518,0.669896,1,74.6402,0.42352,0.889935,False,nan|4168,1342408
130_bNAb_Combinations|1342408|vc|7|2|nan|4168,1,0.00433518,0.669916,13867.8,74.895,0.42595,0.89636,1,0.00433518,0.669896,1,74.6402,0.42352,0.889935,False,nan|4168,1342408
130_bNAb_Combinations|1342408|vc|8|2|nan|4168,1,0.00433518,0.669916,8848.23,74.895,0.42595,0.89636,1,0.00433518,0.669896,1,74.6402,0.42352,0.889935,False,nan|4168,1342408
704_VRC01_Concordance|1200432|cc|1|1|PVO.4|5024,1,0.00266244,0.669916,685.407,74.895,0.42595,0.89636,1,0.00266244,0.669896,1,74.6402,0.42352,0.889935,False,nan|PVO.4,1200432
704_VRC01_Concordance|1200432|cc|2|1|PVO.4|5024,1,0.00266244,0.669916,1231.86,74.895,0.42595,0.89636,1,0.00266244,0.669896,1,74.6402,0.42352,0.889935,False,nan|PVO.4,1200432
704_VRC01_Concordance|1200432|cc|3|1|PVO.4|5024,1,0.00266244,0.669916,1440.42,74.895,0.42595,0.89636,1,0.00266244,0.669896,1,74.6402,0.42352,0.889935,False,nan|PVO.4,1200432
704_VRC01_Concordance|1200432|cc|4|1|PVO.4|5024,1,0.00266244,0.669916,1559.61,74.895,0.42595,0.89636,1,0.00266244,0.669896,1,74.6402,0.42352,0.889935,False,nan|PVO.4,1200432
704_VRC01_Concordance|1200432|cc|5|1|PVO.4|5024,1,0.00266244,0.669916,19938,74.895,0.42595,0.89636,1,0.00266244,0.669896,1,74.6402,0.42352,0.889935,False,nan|PVO.4,1200432
704_VRC01_Concordance|1200432|cc|6|1|PVO.4|5024,1,0.00266244,0.669916,8924.13,74.895,0.42595,0.89636,1,0.00266244,0.669896,1,74.6402,0.42352,0.889935,False,nan|PVO.4,1200432
704_VRC01_Concordance|1200432|cc|7|1|PVO.4|5024,1,0.00266244,0.669916,42110.7,74.895,0.42595,0.89636,1,0.00266244,0.669896,1,74.6402,0.42352,0.889935,False,nan|PVO.4,1200432
704_VRC01_Concordance|1200432|cc|8|1|PVO.4|5024,1,0.00266244,0.669916,1722.71,74.895,0.42595,0.89636,1,0.00266244,0.669896,1,74.6402,0.42352,0.889935,False,nan|PVO.4,1200432
704_VRC01_Concordance|1200432|sample|10|PVO.4|5024,1,0.00383278,0.669916,0.00171882,74.895,0.42595,0.89636,1,0.00383278,0.669896,0.00180969,74.6401,0.42352,0.889935,True,Clinical VRC01|PVO.4,1200432
704_VRC01_Concordance|1200432|sample|11|PVO.4|5024,1,0.00383278,0.669916,0.00265322,74.895,0.42595,0.89636,1,0.00383278,0.669896,0.00264183,74.6401,0.42352,0.889935,True,Clinical VRC01|PVO.4,1200432
704_VRC01_Concordance|1200432|sample|12|PVO.4|5024,1,0.00383278,0.669916,0.0027187,74.895,0.42595,0.89636,1,0.00383278,0.669896,0.00275408,74.6401,0.42352,0.889935,True,Clinical VRC01|PVO.4,1200432
704_VRC01_Concordance|1200432|sample|3|PVO.4|5024,1,0.00383278,0.669916,0.00346149,74.895,0.42595,0.89636,1,0.00383278,0.669896,0.00360228,74.6401,0.42352,0.889935,True,Clinical VRC01|PVO.4,1200432
704_VRC01_Concordance|1200432|sample|4|PVO.4|5024,1,0.00383278,0.669916,0.00220081,74.895,0.42595,0.89636,1,0.00383278,0.669896,0.00213228,74.6401,0.42352,0.889935,True,Clinical VRC01|PVO.4,1200432
704_VRC01_Concordance|1200432|sample|5|PVO.4|5024,1,0.00383278,0.669916,0.00185814,74.895,0.42595,0.89636,1,0.00383278,0.669896,0.00191586,74.6401,0.42352,0.889935,True,Clinical VRC01|PVO.4,1200432
704_VRC01_Concordance|1200432|sample|6|PVO.4|5024,1,0.00383278,0.669916,0.00159208,74.895,0.42595,0.89636,1,0.00383278,0.669896,0.0017045,74.6401,0.42352,0.889935,True,Clinical VRC01|PVO.4,1200432
704_VRC01_Concordance|1200432|sample|7|PVO.4|5024,1,0.00383278,0.669916,0.00309825,74.895,0.42595,0.89636,1,0.00383278,0.669896,0.00295076,74.6401,0.42352,0.889935,True,Clinical VRC01|PVO.4,1200432
704_VRC01_Concordance|1200432|sample|8|PVO.4|5024,1,0.00383278,0.669916,0.00294489,74.895,0.42595,0.89636,1,0.00383278,0.669896,0.00274091,74.6401,0.42352,0.889935,True,Clinical VRC01|PVO.4,1200432
704_VRC01_Concordance|1200432|sample|9|PVO.4|5024,1,0.00383278,0.669916,0.002151,74.895,0.42595,0.89636,1,0.00383278,0.669896,0.00199592,74.6401,0.42352,0.889935,True,Clinical VRC01|PVO.4,1200432
704_VRC01_Concordance|1200432|vc|1|2|PVO.4|5024,1,0.00266244,0.669916,1983.2,74.895,0.42595,0.89636,1,0.00266244,0.669896,1,74.6402,0.42352,0.889935,False,nan|PVO.4,1200432
704_VRC01_Concordance|1200432|vc|2|2|PVO.4|5024,1,0.00266244,0.669916,2949.73,74.895,0.42595,0.89636,1,0.00266244,0.669896,1,74.6402,0.42352,0.889935,False,nan|PVO.4,1200432
704_VRC01_Concordance|1200432|vc|3|2|PVO.4|5024,1,0.00266244,0.669916,772.839,74.895,0.42595,0.89636,1,0.00266244,0.669896,1,74.6402,0.42352,0.889935,False,nan|PVO.4,1200432
704_VRC01_Concordance|1200432|vc|4|2|PVO.4|5024,1,0.00266244,0.669916,4978.82,74.895,0.42595,0.89636,1,0.00266244,0.669896,1,74.6402,0.42352,0.889935,False,nan|PVO.4,1200432
704_VRC01_Concordance|1200432|vc|5|2|PVO.4|5024,1,0.00266244,0.669916,372.976,74.895,0.42595,0.89636,1,0.00266244,0.669896,1,74.6402,0.42352,0.889935,False,nan|PVO.4,1200432
704_VRC01_Concordance|1200432|vc|6|2|PVO.4|5024,1,0.00266244,0.669916,5007.54,74.895,0.42595,0.89636,1,0.00266244,0.669896,1,74.6402,0.42352,0.889935,False,nan|PVO.4,1200432
704_VRC01_Concordance|1200432|vc|7|2|PVO.4|5024,1,0.00266244,0.669916,43305.9,74.895,0.42595,0.89636,1,0.00266244,0.669896,1,74.6402,0.42352,0.889935,False,nan|PVO.4,1200432
704_VRC01_Concordance|1200432|vc|8|2|PVO.4|5024,1,0.00266244,0.669916,27301.6,74.895,0.42595,0.89636,1,0.00266244,0.669896,1,74.6402,0.42352,0.889935,False,nan|PVO.4,1200432
