rep,id,eta_U,eta_L,eta_m,eta_e,eta_s,eta_alpha,eta_k,goes_down,mab_virus,run_id
1,130_bNAb_Combinations|1313842|cc|1|1|nan|2946,0,9.70004,0.0922653,7.96845e-08,0,0,0,False,nan|2946,1313842
1,130_bNAb_Combinations|1313842|cc|2|1|nan|2946,0,10.916,0.00579401,3.15032e-09,0,0,0,False,nan|2946,1313842
1,130_bNAb_Combinations|1313842|cc|3|1|nan|2946,0,-0.489572,-0.0608765,1.31647e-07,0,0,0,False,nan|2946,1313842
1,130_bNAb_Combinations|1313842|cc|4|1|nan|2946,0,1.40605,-0.131865,1.27556e-07,0,0,0,False,nan|2946,1313842
1,130_bNAb_Combinations|1313842|cc|5|1|nan|2946,0,3.25683,-0.0253067,1.21623e-07,0,0,0,False,nan|2946,1313842
1,130_bNAb_Combinations|1313842|cc|6|1|nan|2946,0,-6.07411,-0.158902,-4.98601e-08,0,0,0,False,nan|2946,1313842
1,130_bNAb_Combinations|1313842|cc|7|1|nan|2946,0,-8.07808,-0.0584099,9.41164e-08,0,0,0,False,nan|2946,1313842
1,130_bNAb_Combinations|1313842|cc|8|1|nan|2946,0,8.17474,-0.0488417,-1.02616e-07,0,0,0,False,nan|2946,1313842
1,130_bNAb_Combinations|1313842|sample|10|nan|2946,0,-5.57647,-0.00987139,4.64676e-08,0,0,0,True,PGT121|2946,1313842
1,130_bNAb_Combinations|1313842|sample|11|nan|2946,0,-12.8395,-0.0502012,-2.33335e-08,0,0,0,True,VRC07-523LS|2946,1313842
1,130_bNAb_Combinations|1313842|sample|12|nan|2946,0,-16.4868,-0.0801621,-8.88417e-08,0,0,0,True,VRC07-523LS|2946,1313842
1,130_bNAb_Combinations|1313842|sample|3|nan|2946,0,-8.69843,0.00535311,-1.14918e-07,0,0,0,True,PGDM1400|2946,1313842
1,130_bNAb_Combinations|1313842|sample|4|nan|2946,0,-10.4109,-0.0105755,-6.67362e-08,0,0,0,True,PGDM1400|2946,1313842
1,130_bNAb_Combinations|1313842|sample|5|nan|2946,0,-2.77268,-0.059892,-2.28958e-08,0,0,0,True,PGDM1400|2946,1313842
1,130_bNAb_Combinations|1313842|sample|6|nan|2946,0,-2.17774,-0.0383436,1.15924e-07,0,0,0,True,PGDM1400|2946,1313842
1,130_bNAb_Combinations|1313842|sample|7|nan|2946,0,-5.40629,-0.00360096,-2.25059e-09,0,0,0,True,PGT121|2946,1313842
1,130_bNAb_Combinations|1313842|sample|8|nan|2946,0,-3.97028,-0.0184271,5.4786e-09,0,0,0,True,PGT121|2946,1313842
1,130_bNAb_Combinations|1313842|sample|9|nan|2946,0,-6.16862,-0.00166711,-1.66694e-08,0,0,0,True,PGT121|2946,1313842
1,130_bNAb_Combinations|1313842|vc|1|2|nan|2946,0,0.766464,0.125104,-1.12105e-08,0,0,0,False,nan|2946,1313842
1,130_bNAb_Combinations|1313842|vc|2|2|nan|2946,0,3.07677,0.0110647,8.69329e-08,0,0,0,False,nan|2946,1313842
1,130_bNAb_Combinations|1313842|vc|3|2|nan|2946,0,4.67783,-0.00879538,-7.95374e-08,0,0,0,False,nan|2946,1313842
1,130_bNAb_Combinations|1313842|vc|4|2|nan|2946,0,8.75487,-0.0346063,2.33494e-09,0,0,0,False,nan|2946,1313842
1,130_bNAb_Combinations|1313842|vc|5|2|nan|2946,0,6.81326,-0.0277532,4.91209e-09,0,0,0,False,nan|2946,1313842
1,130_bNAb_Combinations|1313842|vc|6|2|nan|2946,0,-0.476408,-0.0787409,6.19073e-08,0,0,0,False,nan|2946,1313842
1,130_bNAb_Combinations|1313842|vc|7|2|nan|2946,0,5.13747,-0.164393,8.13168e-08,0,0,0,False,nan|2946,1313842
1,130_bNAb_Combinations|1313842|vc|8|2|nan|2946,0,-9.11374,0.068284,-6.61394e-08,0,0,0,False,nan|2946,1313842
1,130_bNAb_Combinations|1313860|cc|1|1|PVO.4|5024,0,-2.90466,-0.0450315,-4.55401e-08,0,0,0,False,nan|PVO.4,1313860
1,130_bNAb_Combinations|1313860|cc|2|1|PVO.4|5024,0,-6.88024,-0.0966355,-3.00269e-08,0,0,0,False,nan|PVO.4,1313860
1,130_bNAb_Combinations|1313860|cc|3|1|PVO.4|5024,0,5.4985,-0.0610905,2.83252e-08,0,0,0,False,nan|PVO.4,1313860
1,130_bNAb_Combinations|1313860|cc|4|1|PVO.4|5024,0,2.68867,0.0488802,-3.67865e-08,0,0,0,False,nan|PVO.4,1313860
1,130_bNAb_Combinations|1313860|cc|5|1|PVO.4|5024,0,-1.50176,0.133247,2.56303e-08,0,0,0,False,nan|PVO.4,1313860
1,130_bNAb_Combinations|1313860|cc|6|1|PVO.4|5024,0,7.90544,-0.107724,3.99727e-08,0,0,0,False,nan|PVO.4,1313860
1,130_bNAb_Combinations|1313860|cc|7|1|PVO.4|5024,0,15.1457,-0.0799255,-2.14634e-08,0,0,0,False,nan|PVO.4,1313860
1,130_bNAb_Combinations|1313860|cc|8|1|PVO.4|5024,0,-7.94026,0.184857,-2.46921e-08,0,0,0,False,nan|PVO.4,1313860
1,130_bNAb_Combinations|1313860|sample|10|PVO.4|5024,0,-8.46635,-0.0949891,2.91202e-08,0,0,0,True,PGT121|PVO.4,1313860
1,130_bNAb_Combinations|1313860|sample|11|PVO.4|5024,0,-17.1968,0.0137631,-1.03739e-07,0,0,0,True,VRC07-523LS|PVO.4,1313860
1,130_bNAb_Combinations|1313860|sample|12|PVO.4|5024,0,-7.51439,-0.0119414,-6.65893e-08,0,0,0,True,VRC07-523LS|PVO.4,1313860
1,130_bNAb_Combinations|1313860|sample|3|PVO.4|5024,0,-10.1747,-0.0116633,1.21854e-07,0,0,0,True,PGDM1400|PVO.4,1313860
1,130_bNAb_Combinations|1313860|sample|4|PVO.4|5024,0,-13.3194,-0.0447401,-4.82769e-08,0,0,0,True,PGDM1400|PVO.4,1313860
1,130_bNAb_Combinations|1313860|sample|5|PVO.4|5024,0,-4.74263,-0.0447807,8.93324e-08,0,0,0,True,PGDM1400|PVO.4,1313860
1,130_bNAb_Combinations|1313860|sample|6|PVO.4|5024,0,-6.38108,-0.0724211,4.00122e-08,0,0,0,True,PGDM1400|PVO.4,1313860
1,130_bNAb_Combinations|1313860|sample|7|PVO.4|5024,0,-16.6614,-0.0681822,1.75494e-08,0,0,0,True,PGT121|PVO.4,1313860
1,130_bNAb_Combinations|1313860|sample|8|PVO.4|5024,0,-6.92276,-0.0717493,-1.8266e-08,0,0,0,True,PGT121|PVO.4,1313860
1,130_bNAb_Combinations|1313860|sample|9|PVO.4|5024,0,-6.05838,-0.0765364,2.44428e-09,0,0,0,True,PGT121|PVO.4,1313860
1,130_bNAb_Combinations|1313860|vc|1|2|PVO.4|5024,0,1.67913,-0.0245588,-6.37674e-09,0,0,0,False,nan|PVO.4,1313860
1,130_bNAb_Combinations|1313860|vc|2|2|PVO.4|5024,0,19.2579,0.0316628,7.59987e-08,0,0,0,False,nan|PVO.4,1313860
1,130_bNAb_Combinations|1313860|vc|3|2|PVO.4|5024,0,13.6723,0.0548325,9.36234e-08,0,0,0,False,nan|PVO.4,1313860
1,130_bNAb_Combinations|1313860|vc|4|2|PVO.4|5024,0,4.37781,-0.0183004,-6.09174e-08,0,0,0,False,nan|PVO.4,1313860
1,130_bNAb_Combinations|1313860|vc|5|2|PVO.4|5024,0,-2.01923,-0.110013,-1.46595e-08,0,0,0,False,nan|PVO.4,1313860
1,130_bNAb_Combinations|1313860|vc|6|2|PVO.4|5024,0,-2.00035,-0.0285402,-6.44256e-08,0,0,0,False,nan|PVO.4,1313860
1,130_bNAb_Combinations|1313860|vc|7|2|PVO.4|5024,0,-5.70487,0.0336225,-6.26106e-08,0,0,0,False,nan|PVO.4,1313860
1,130_bNAb_Combinations|1313860|vc|8|2|PVO.4|5024,0,12.1421,-0.0296119,9.40323e-09,0,0,0,False,nan|PVO.4,1313860
1,130_bNAb_Combinations|1313884|cc|1|1|nan|4168,0,13.2235,0.129979,2.85725e-08,0,0,0,False,nan|4168,1313884
1,130_bNAb_Combinations|1313884|cc|2|1|nan|4168,0,13.3368,-0.096006,4.22447e-08,0,0,0,False,nan|4168,1313884
1,130_bNAb_Combinations|1313884|cc|3|1|nan|4168,0,-12.6119,-0.0359749,-9.02697e-08,0,0,0,False,nan|4168,1313884
1,130_bNAb_Combinations|1313884|cc|4|1|nan|4168,0,4.35738,-0.0530839,-6.17821e-08,0,0,0,False,nan|4168,1313884
1,130_bNAb_Combinations|1313884|cc|5|1|nan|4168,0,-14.2334,0.0830481,-7.55058e-08,0,0,0,False,nan|4168,1313884
1,130_bNAb_Combinations|1313884|cc|6|1|nan|4168,0,-11.4419,-0.0199088,-2.83999e-08,0,0,0,False,nan|4168,1313884
1,130_bNAb_Combinations|1313884|cc|7|1|nan|4168,0,5.5086,-0.00893331,-1.68437e-08,0,0,0,False,nan|4168,1313884
1,130_bNAb_Combinations|1313884|cc|8|1|nan|4168,0,10.7602,-0.0228192,-8.65978e-09,0,0,0,False,nan|4168,1313884
1,130_bNAb_Combinations|1313884|sample|10|nan|4168,0,-2.29339,0.158254,-1.29497e-08,0,0,0,True,PGT121|4168,1313884
1,130_bNAb_Combinations|1313884|sample|11|nan|4168,0,-4.56102,0.0131488,6.48769e-08,0,0,0,True,VRC07-523LS|4168,1313884
1,130_bNAb_Combinations|1313884|sample|12|nan|4168,0,-4.93202,0.0278252,3.26303e-08,0,0,0,True,VRC07-523LS|4168,1313884
1,130_bNAb_Combinations|1313884|sample|3|nan|4168,0,-2.90403,0.0357229,-2.67211e-08,0,0,0,True,PGDM1400|4168,1313884
1,130_bNAb_Combinations|1313884|sample|4|nan|4168,0,-1.80175,-0.0469243,-4.18636e-08,0,0,0,True,PGDM1400|4168,1313884
1,130_bNAb_Combinations|1313884|sample|5|nan|4168,0,-2.70283,0.0564126,3.45348e-08,0,0,0,True,PGDM1400|4168,1313884
1,130_bNAb_Combinations|1313884|sample|6|nan|4168,0,-2.867,0.0244725,2.86145e-08,0,0,0,True,PGDM1400|4168,1313884
1,130_bNAb_Combinations|1313884|sample|7|nan|4168,0,-1.87525,0.111362,-9.97866e-08,0,0,0,True,PGT121|4168,1313884
1,130_bNAb_Combinations|1313884|sample|8|nan|4168,0,-1.67586,0.234911,-8.39052e-08,0,0,0,True,PGT121|4168,1313884
1,130_bNAb_Combinations|1313884|sample|9|nan|4168,0,-1.80153,0.131075,6.52351e-10,0,0,0,True,PGT121|4168,1313884
1,130_bNAb_Combinations|1313884|vc|1|2|nan|4168,0,8.29591,-0.00548078,-1.18667e-07,0,0,0,False,nan|4168,1313884
1,130_bNAb_Combinations|1313884|vc|2|2|nan|4168,0,8.50927,-0.0245687,2.93716e-08,0,0,0,False,nan|4168,1313884
1,130_bNAb_Combinations|1313884|vc|3|2|nan|4168,0,6.186,-0.194707,2.71452e-08,0,0,0,False,nan|4168,1313884
1,130_bNAb_Combinations|1313884|vc|4|2|nan|4168,0,-2.84831,-0.0643759,3.92375e-08,0,0,0,False,nan|4168,1313884
1,130_bNAb_Combinations|1313884|vc|5|2|nan|4168,0,16.4129,0.105545,2.26861e-08,0,0,0,False,nan|4168,1313884
1,130_bNAb_Combinations|1313884|vc|6|2|nan|4168,0,0.726301,-0.107776,-5.045e-08,0,0,0,False,nan|4168,1313884
1,130_bNAb_Combinations|1313884|vc|7|2|nan|4168,0,-2.84847,0.0547454,-4.96951e-08,0,0,0,False,nan|4168,1313884
1,130_bNAb_Combinations|1313884|vc|8|2|nan|4168,0,2.42593,-0.010563,-1.01603e-07,0,0,0,False,nan|4168,1313884
1,130_bNAb_Combinations|1313920|cc|1|1|nan|1798,0,3.58592,0.0183048,5.72186e-08,0,0,0,False,nan|1798,1313920
1,130_bNAb_Combinations|1313920|cc|2|1|nan|1798,0,2.03465,-0.0483176,-6.39335e-10,0,0,0,False,nan|1798,1313920
1,130_bNAb_Combinations|1313920|cc|3|1|nan|1798,0,-10.0585,-0.125719,2.60845e-08,0,0,0,False,nan|1798,1313920
1,130_bNAb_Combinations|1313920|cc|4|1|nan|1798,0,-7.67853,0.0966812,-1.99745e-08,0,0,0,False,nan|1798,1313920
1,130_bNAb_Combinations|1313920|cc|5|1|nan|1798,0,11.4348,0.0161105,-6.11965e-08,0,0,0,False,nan|1798,1313920
1,130_bNAb_Combinations|1313920|cc|6|1|nan|1798,0,-2.3011,-0.0875046,5.90574e-09,0,0,0,False,nan|1798,1313920
1,130_bNAb_Combinations|1313920|cc|7|1|nan|1798,0,2.74131,-0.0224589,3.79526e-08,0,0,0,False,nan|1798,1313920
1,130_bNAb_Combinations|1313920|cc|8|1|nan|1798,0,16.3802,0.0262362,6.40234e-08,0,0,0,False,nan|1798,1313920
1,130_bNAb_Combinations|1313920|sample|10|nan|1798,0,-8.5676,-0.106507,1.11056e-07,0,0,0,True,PGT121|1798,1313920
1,130_bNAb_Combinations|1313920|sample|11|nan|1798,0,-6.72394,-0.0632672,-4.04655e-08,0,0,0,True,VRC07-523LS|1798,1313920
1,130_bNAb_Combinations|1313920|sample|12|nan|1798,0,-9.48341,-0.0267206,2.32989e-08,0,0,0,True,VRC07-523LS|1798,1313920
1,130_bNAb_Combinations|1313920|sample|3|nan|1798,0,-2.007,-0.204853,7.35564e-08,0,0,0,True,PGDM1400|1798,1313920
1,130_bNAb_Combinations|1313920|sample|4|nan|1798,0,-2.31083,-0.193927,2.72954e-09,0,0,0,True,PGDM1400|1798,1313920
1,130_bNAb_Combinations|1313920|sample|5|nan|1798,0,-2.27425,-0.191763,6.26004e-09,0,0,0,True,PGDM1400|1798,1313920
1,130_bNAb_Combinations|1313920|sample|6|nan|1798,0,-2.21583,-0.180039,-8.63777e-09,0,0,0,True,PGDM1400|1798,1313920
1,130_bNAb_Combinations|1313920|sample|7|nan|1798,0,-8.99548,-0.0679464,-2.64619e-08,0,0,0,True,PGT121|1798,1313920
1,130_bNAb_Combinations|1313920|sample|8|nan|1798,0,-16.6865,-0.0800463,1.82842e-08,0,0,0,True,PGT121|1798,1313920
1,130_bNAb_Combinations|1313920|sample|9|nan|1798,0,-16.0307,-0.124776,-6.68744e-08,0,0,0,True,PGT121|1798,1313920
1,130_bNAb_Combinations|1313920|vc|1|2|nan|1798,0,-10.2951,0.177472,-3.89195e-08,0,0,0,False,nan|1798,1313920
1,130_bNAb_Combinations|1313920|vc|2|2|nan|1798,0,-5.85185,-0.090143,9.64194e-09,0,0,0,False,nan|1798,1313920
1,130_bNAb_Combinations|1313920|vc|3|2|nan|1798,0,-1.10099,0.166413,-3.2861e-08,0,0,0,False,nan|1798,1313920
1,130_bNAb_Combinations|1313920|vc|4|2|nan|1798,0,2.9032,0.13046,5.27701e-08,0,0,0,False,nan|1798,1313920
1,130_bNAb_Combinations|1313920|vc|5|2|nan|1798,0,-8.96713,-0.064516,3.50277e-08,0,0,0,False,nan|1798,1313920
1,130_bNAb_Combinations|1313920|vc|6|2|nan|1798,0,-5.81345,-0.113916,8.09874e-08,0,0,0,False,nan|1798,1313920
1,130_bNAb_Combinations|1313920|vc|7|2|nan|1798,0,1.62503,-0.164167,-2.108e-08,0,0,0,False,nan|1798,1313920
1,130_bNAb_Combinations|1313920|vc|8|2|nan|1798,0,3.7497,-0.0155003,7.96417e-08,0,0,0,False,nan|1798,1313920
1,130_bNAb_Combinations|1313938|cc|1|1|TRO.11|8301,0,-9.11557,0.0655678,-6.59255e-08,0,0,0,False,nan|TRO.11,1313938
1,130_bNAb_Combinations|1313938|cc|2|1|TRO.11|8301,0,1.25074,0.114202,-4.04743e-08,0,0,0,False,nan|TRO.11,1313938
1,130_bNAb_Combinations|1313938|cc|3|1|TRO.11|8301,0,-7.58658,0.0485742,5.06294e-08,0,0,0,False,nan|TRO.11,1313938
1,130_bNAb_Combinations|1313938|cc|4|1|TRO.11|8301,0,-1.53076,0.180308,1.86569e-08,0,0,0,False,nan|TRO.11,1313938
1,130_bNAb_Combinations|1313938|cc|5|1|TRO.11|8301,0,-3.61796,0.0523435,7.33718e-08,0,0,0,False,nan|TRO.11,1313938
1,130_bNAb_Combinations|1313938|cc|6|1|TRO.11|8301,0,3.2607,-0.0522308,3.67993e-08,0,0,0,False,nan|TRO.11,1313938
1,130_bNAb_Combinations|1313938|cc|7|1|TRO.11|8301,0,-1.91919,-0.0932439,-6.92223e-08,0,0,0,False,nan|TRO.11,1313938
1,130_bNAb_Combinations|1313938|cc|8|1|TRO.11|8301,0,-16.0236,0.0907977,9.50327e-10,0,0,0,False,nan|TRO.11,1313938
1,130_bNAb_Combinations|1313938|sample|10|TRO.11|8301,0,-12.0934,-0.0676135,-1.89166e-08,0,0,0,True,PGT121|TRO.11,1313938
1,130_bNAb_Combinations|1313938|sample|11|TRO.11|8301,0,-10.5925,-0.044899,-3.91111e-08,0,0,0,True,VRC07-523LS|TRO.11,1313938
1,130_bNAb_Combinations|1313938|sample|12|TRO.11|8301,0,-13.4369,0.000925152,-6.31385e-08,0,0,0,True,VRC07-523LS|TRO.11,1313938
1,130_bNAb_Combinations|1313938|sample|3|TRO.11|8301,0,-3.31826,0.142336,1.95448e-08,0,0,0,True,PGDM1400|TRO.11,1313938
1,130_bNAb_Combinations|1313938|sample|4|TRO.11|8301,0,-3.0692,0.0538471,-5.86837e-08,0,0,0,True,PGDM1400|TRO.11,1313938
1,130_bNAb_Combinations|1313938|sample|5|TRO.11|8301,0,-4.21773,0.0908138,5.10435e-08,0,0,0,True,PGDM1400|TRO.11,1313938
1,130_bNAb_Combinations|1313938|sample|6|TRO.11|8301,0,-4.00346,0.0820946,5.50399e-08,0,0,0,True,PGDM1400|TRO.11,1313938
1,130_bNAb_Combinations|1313938|sample|7|TRO.11|8301,0,-8.95863,-0.0513814,-1.77882e-08,0,0,0,True,PGT121|TRO.11,1313938
1,130_bNAb_Combinations|1313938|sample|8|TRO.11|8301,0,-15.6582,-0.0523003,-1.72856e-08,0,0,0,True,PGT121|TRO.11,1313938
1,130_bNAb_Combinations|1313938|sample|9|TRO.11|8301,0,-16.1792,-0.0636608,4.96912e-09,0,0,0,True,PGT121|TRO.11,1313938
1,130_bNAb_Combinations|1313938|vc|1|2|TRO.11|8301,0,4.73313,0.0544096,3.47946e-08,0,0,0,False,nan|TRO.11,1313938
1,130_bNAb_Combinations|1313938|vc|2|2|TRO.11|8301,0,3.47966,-0.0239596,1.41308e-08,0,0,0,False,nan|TRO.11,1313938
1,130_bNAb_Combinations|1313938|vc|3|2|TRO.11|8301,0,-9.98656,0.152084,3.1983e-08,0,0,0,False,nan|TRO.11,1313938
1,130_bNAb_Combinations|1313938|vc|4|2|TRO.11|8301,0,-0.781292,0.0410258,4.87924e-08,0,0,0,False,nan|TRO.11,1313938
1,130_bNAb_Combinations|1313938|vc|5|2|TRO.11|8301,0,4.64234,0.038822,-2.69734e-08,0,0,0,False,nan|TRO.11,1313938
1,130_bNAb_Combinations|1313938|vc|6|2|TRO.11|8301,0,-1.35834,0.123883,-1.22254e-08,0,0,0,False,nan|TRO.11,1313938
1,130_bNAb_Combinations|1313938|vc|7|2|TRO.11|8301,0,9.74822,-0.0727036,-1.06657e-07,0,0,0,False,nan|TRO.11,1313938
1,130_bNAb_Combinations|1313938|vc|8|2|TRO.11|8301,0,8.00508,0.110446,-2.02042e-08,0,0,0,False,nan|TRO.11,1313938
1,130_bNAb_Combinations|1313956|cc|1|1|Ce1176_A3|7023,0,3.63057,0.018211,-4.22463e-08,0,0,0,False,nan|Ce1176_A3,1313956
1,130_bNAb_Combinations|1313956|cc|2|1|Ce1176_A3|7023,0,-8.21534,0.218783,8.26613e-09,0,0,0,False,nan|Ce1176_A3,1313956
1,130_bNAb_Combinations|1313956|cc|3|1|Ce1176_A3|7023,0,-4.58257,-0.166212,3.61075e-08,0,0,0,False,nan|Ce1176_A3,1313956
1,130_bNAb_Combinations|1313956|cc|4|1|Ce1176_A3|7023,0,-10.3787,-0.0283315,-4.41002e-08,0,0,0,False,nan|Ce1176_A3,1313956
1,130_bNAb_Combinations|1313956|cc|5|1|Ce1176_A3|7023,0,11.0658,-0.021283,-2.15287e-08,0,0,0,False,nan|Ce1176_A3,1313956
1,130_bNAb_Combinations|1313956|cc|6|1|Ce1176_A3|7023,0,-0.474846,0.063722,7.63242e-08,0,0,0,False,nan|Ce1176_A3,1313956
1,130_bNAb_Combinations|1313956|cc|7|1|Ce1176_A3|7023,0,4.43251,-0.0157496,-9.4082e-09,0,0,0,False,nan|Ce1176_A3,1313956
1,130_bNAb_Combinations|1313956|cc|8|1|Ce1176_A3|7023,0,-10.9018,-0.0387066,-3.97968e-08,0,0,0,False,nan|Ce1176_A3,1313956
1,130_bNAb_Combinations|1313956|sample|10|Ce1176_A3|7023,0,-12.0664,0.122089,-2.13161e-08,0,0,0,True,PGT121|Ce1176_A3,1313956
1,130_bNAb_Combinations|1313956|sample|11|Ce1176_A3|7023,0,-8.3022,0.0123177,1.15774e-08,0,0,0,True,VRC07-523LS|Ce1176_A3,1313956
1,130_bNAb_Combinations|1313956|sample|12|Ce1176_A3|7023,0,-6.68043,-0.0445224,-1.76782e-08,0,0,0,True,VRC07-523LS|Ce1176_A3,1313956
1,130_bNAb_Combinations|1313956|sample|3|Ce1176_A3|7023,0,-1.2577,-0.0524954,-4.00759e-09,0,0,0,True,PGDM1400|Ce1176_A3,1313956
1,130_bNAb_Combinations|1313956|sample|4|Ce1176_A3|7023,0,-1.18146,-0.111397,3.12213e-08,0,0,0,True,PGDM1400|Ce1176_A3,1313956
1,130_bNAb_Combinations|1313956|sample|5|Ce1176_A3|7023,0,-1.49539,-0.00111108,6.42116e-08,0,0,0,True,PGDM1400|Ce1176_A3,1313956
1,130_bNAb_Combinations|1313956|sample|6|Ce1176_A3|7023,0,-1.73533,0.0408229,-1.68182e-08,0,0,0,True,PGDM1400|Ce1176_A3,1313956
1,130_bNAb_Combinations|1313956|sample|7|Ce1176_A3|7023,0,-21.0298,0.135376,5.91016e-08,0,0,0,True,PGT121|Ce1176_A3,1313956
1,130_bNAb_Combinations|1313956|sample|8|Ce1176_A3|7023,0,-8.3632,0.123176,-2.09778e-08,0,0,0,True,PGT121|Ce1176_A3,1313956
1,130_bNAb_Combinations|1313956|sample|9|Ce1176_A3|7023,0,-11.7821,0.109617,8.59955e-08,0,0,0,True,PGT121|Ce1176_A3,1313956
1,130_bNAb_Combinations|1313956|vc|1|2|Ce1176_A3|7023,0,-4.80238,0.0883457,3.93422e-08,0,0,0,False,nan|Ce1176_A3,1313956
1,130_bNAb_Combinations|1313956|vc|2|2|Ce1176_A3|7023,0,11.122,-0.0744848,3.93852e-08,0,0,0,False,nan|Ce1176_A3,1313956
1,130_bNAb_Combinations|1313956|vc|3|2|Ce1176_A3|7023,0,7.25515,-0.0451047,3.56086e-08,0,0,0,False,nan|Ce1176_A3,1313956
1,130_bNAb_Combinations|1313956|vc|4|2|Ce1176_A3|7023,0,-3.67204,0.0802239,1.00873e-07,0,0,0,False,nan|Ce1176_A3,1313956
1,130_bNAb_Combinations|1313956|vc|5|2|Ce1176_A3|7023,0,16.7445,-0.197896,-7.46384e-08,0,0,0,False,nan|Ce1176_A3,1313956
1,130_bNAb_Combinations|1313956|vc|6|2|Ce1176_A3|7023,0,-3.14759,0.0571957,1.71561e-08,0,0,0,False,nan|Ce1176_A3,1313956
1,130_bNAb_Combinations|1313956|vc|7|2|Ce1176_A3|7023,0,8.79347,0.0796522,5.70717e-08,0,0,0,False,nan|Ce1176_A3,1313956
1,130_bNAb_Combinations|1313956|vc|8|2|Ce1176_A3|7023,0,-13.6103,0.0337873,-4.31277e-08,0,0,0,False,nan|Ce1176_A3,1313956
1,130_bNAb_Combinations|1313974|cc|1|1|nan|1176,0,-2.44948,-0.0912209,1.72124e-08,0,0,0,False,nan|1176,1313974
1,130_bNAb_Combinations|1313974|cc|2|1|nan|1176,0,-8.36162,-0.0634707,2.10069e-08,0,0,0,False,nan|1176,1313974
1,130_bNAb_Combinations|1313974|cc|3|1|nan|1176,0,-19.5895,-0.0944835,-2.7024e-09,0,0,0,False,nan|1176,1313974
1,130_bNAb_Combinations|1313974|cc|4|1|nan|1176,0,4.86666,0.139695,-2.34684e-08,0,0,0,False,nan|1176,1313974
1,130_bNAb_Combinations|1313974|cc|5|1|nan|1176,0,10.9187,-0.0840968,3.32236e-08,0,0,0,False,nan|1176,1313974
1,130_bNAb_Combinations|1313974|cc|6|1|nan|1176,0,4.0814,0.0743945,1.17321e-09,0,0,0,False,nan|1176,1313974
1,130_bNAb_Combinations|1313974|cc|7|1|nan|1176,0,1.51142,-0.139398,-1.3342e-07,0,0,0,False,nan|1176,1313974
1,130_bNAb_Combinations|1313974|cc|8|1|nan|1176,0,-6.37344,-0.0142544,-7.29407e-08,0,0,0,False,nan|1176,1313974
1,130_bNAb_Combinations|1313974|sample|10|nan|1176,0,-1.91326,-0.0391213,-3.80086e-08,0,0,0,True,PGT121|1176,1313974
1,130_bNAb_Combinations|1313974|sample|11|nan|1176,0,-4.568,0.228346,-2.88921e-08,0,0,0,True,VRC07-523LS|1176,1313974
1,130_bNAb_Combinations|1313974|sample|12|nan|1176,0,-4.89865,0.143824,-1.09527e-08,0,0,0,True,VRC07-523LS|1176,1313974
1,130_bNAb_Combinations|1313974|sample|3|nan|1176,0,-3.39264,0.0126567,7.1172e-09,0,0,0,True,PGDM1400|1176,1313974
1,130_bNAb_Combinations|1313974|sample|4|nan|1176,0,-3.39659,0.0361995,1.55892e-08,0,0,0,True,PGDM1400|1176,1313974
1,130_bNAb_Combinations|1313974|sample|5|nan|1176,0,-3.07809,-0.00514545,6.12187e-08,0,0,0,True,PGDM1400|1176,1313974
1,130_bNAb_Combinations|1313974|sample|6|nan|1176,0,-2.78728,-0.0137526,3.19386e-08,0,0,0,True,PGDM1400|1176,1313974
1,130_bNAb_Combinations|1313974|sample|7|nan|1176,0,-1.78048,0.0513699,1.3588e-08,0,0,0,True,PGT121|1176,1313974
1,130_bNAb_Combinations|1313974|sample|8|nan|1176,0,-2.19058,-0.00474273,-2.27688e-08,0,0,0,True,PGT121|1176,1313974
1,130_bNAb_Combinations|1313974|sample|9|nan|1176,0,-1.9861,0.00493138,1.24804e-07,0,0,0,True,PGT121|1176,1313974
1,130_bNAb_Combinations|1313974|vc|1|2|nan|1176,0,0.204073,0.203351,-3.03898e-08,0,0,0,False,nan|1176,1313974
1,130_bNAb_Combinations|1313974|vc|2|2|nan|1176,0,-17.4576,0.0868094,-5.67592e-09,0,0,0,False,nan|1176,1313974
1,130_bNAb_Combinations|1313974|vc|3|2|nan|1176,0,5.23188,-0.0485937,-5.33881e-08,0,0,0,False,nan|1176,1313974
1,130_bNAb_Combinations|1313974|vc|4|2|nan|1176,0,-5.13476,-0.101029,-5.34057e-09,0,0,0,False,nan|1176,1313974
1,130_bNAb_Combinations|1313974|vc|5|2|nan|1176,0,1.32966,-0.0928598,-5.38539e-08,0,0,0,False,nan|1176,1313974
1,130_bNAb_Combinations|1313974|vc|6|2|nan|1176,0,-5.15859,-0.189638,5.23166e-09,0,0,0,False,nan|1176,1313974
1,130_bNAb_Combinations|1313974|vc|7|2|nan|1176,0,3.68728,-0.11337,-1.02982e-07,0,0,0,False,nan|1176,1313974
1,130_bNAb_Combinations|1313974|vc|8|2|nan|1176,0,1.91227,0.0251014,-1.27098e-07,0,0,0,False,nan|1176,1313974
1,130_bNAb_Combinations|1313992|cc|1|1|RHPA4259.7|5371,0,18.0992,-0.112671,-8.86916e-09,0,0,0,False,nan|RHPA4259.7,1313992
1,130_bNAb_Combinations|1313992|cc|2|1|RHPA4259.7|5371,0,-3.59081,0.0933858,7.9201e-08,0,0,0,False,nan|RHPA4259.7,1313992
1,130_bNAb_Combinations|1313992|cc|3|1|RHPA4259.7|5371,0,-3.98803,0.0230629,-9.67569e-08,0,0,0,False,nan|RHPA4259.7,1313992
1,130_bNAb_Combinations|1313992|cc|4|1|RHPA4259.7|5371,0,-6.7007,0.0448711,6.94737e-08,0,0,0,False,nan|RHPA4259.7,1313992
1,130_bNAb_Combinations|1313992|cc|5|1|RHPA4259.7|5371,0,-10.0636,0.0969566,1.6012e-08,0,0,0,False,nan|RHPA4259.7,1313992
1,130_bNAb_Combinations|1313992|cc|6|1|RHPA4259.7|5371,0,-7.35145,-0.0257229,4.51384e-09,0,0,0,False,nan|RHPA4259.7,1313992
1,130_bNAb_Combinations|1313992|cc|7|1|RHPA4259.7|5371,0,5.0501,-0.0251442,1.02752e-07,0,0,0,False,nan|RHPA4259.7,1313992
1,130_bNAb_Combinations|1313992|cc|8|1|RHPA4259.7|5371,0,6.4264,-0.0222782,-8.80858e-08,0,0,0,False,nan|RHPA4259.7,1313992
1,130_bNAb_Combinations|1313992|sample|10|RHPA4259.7|5371,0,-15.3591,-0.0214926,5.99107e-08,0,0,0,True,PGT121|RHPA4259.7,1313992
1,130_bNAb_Combinations|1313992|sample|11|RHPA4259.7|5371,0,-12.5592,-0.0216201,3.17162e-10,0,0,0,True,VRC07-523LS|RHPA4259.7,1313992
1,130_bNAb_Combinations|1313992|sample|12|RHPA4259.7|5371,0,-11.1066,0.0115095,1.5545e-07,0,0,0,True,VRC07-523LS|RHPA4259.7,1313992
1,130_bNAb_Combinations|1313992|sample|3|RHPA4259.7|5371,0,-11.6937,0.173314,8.90778e-09,0,0,0,True,PGDM1400|RHPA4259.7,1313992
1,130_bNAb_Combinations|1313992|sample|4|RHPA4259.7|5371,0,-4.44322,0.171324,-1.4056e-08,0,0,0,True,PGDM1400|RHPA4259.7,1313992
1,130_bNAb_Combinations|1313992|sample|5|RHPA4259.7|5371,0,-13.6379,0.111382,-1.64199e-08,0,0,0,True,PGDM1400|RHPA4259.7,1313992
1,130_bNAb_Combinations|1313992|sample|6|RHPA4259.7|5371,0,-5.10865,0.0549705,2.47254e-08,0,0,0,True,PGDM1400|RHPA4259.7,1313992
1,130_bNAb_Combinations|1313992|sample|7|RHPA4259.7|5371,0,-6.26426,-0.0621257,5.27447e-08,0,0,0,True,PGT121|RHPA4259.7,1313992
1,130_bNAb_Combinations|1313992|sample|8|RHPA4259.7|5371,0,-13.4946,0.0265149,7.32704e-08,0,0,0,True,PGT121|RHPA4259.7,1313992
1,130_bNAb_Combinations|1313992|sample|9|RHPA4259.7|5371,0,-7.79529,-0.0287192,1.16623e-07,0,0,0,True,PGT121|RHPA4259.7,1313992
1,130_bNAb_Combinations|1313992|vc|1|2|RHPA4259.7|5371,0,-8.51145,0.0645481,-6.73516e-08,0,0,0,False,nan|RHPA4259.7,1313992
1,130_bNAb_Combinations|1313992|vc|2|2|RHPA4259.7|5371,0,8.86885,-0.0325886,1.65524e-08,0,0,0,False,nan|RHPA4259.7,1313992
1,130_bNAb_Combinations|1313992|vc|3|2|RHPA4259.7|5371,0,8.85486,-0.0284766,1.83476e-08,0,0,0,False,nan|RHPA4259.7,1313992
1,130_bNAb_Combinations|1313992|vc|4|2|RHPA4259.7|5371,0,11.2761,0.0721356,2.01651e-08,0,0,0,False,nan|RHPA4259.7,1313992
1,130_bNAb_Combinations|1313992|vc|5|2|RHPA4259.7|5371,0,2.57025,0.0996328,4.48498e-08,0,0,0,False,nan|RHPA4259.7,1313992
1,130_bNAb_Combinations|1313992|vc|6|2|RHPA4259.7|5371,0,-6.44963,-0.191057,-4.7388e-08,0,0,0,False,nan|RHPA4259.7,1313992
1,130_bNAb_Combinations|1313992|vc|7|2|RHPA4259.7|5371,0,2.04296,-0.115575,1.11321e-07,0,0,0,False,nan|RHPA4259.7,1313992
1,130_bNAb_Combinations|1313992|vc|8|2|RHPA4259.7|5371,0,8.54021,0.0405949,1.36883e-07,0,0,0,False,nan|RHPA4259.7,1313992
1,130_bNAb_Combinations|1314016|cc|1|1|nan|3430,0,0.259819,0.0514955,3.87458e-08,0,0,0,False,nan|3430,1314016
1,130_bNAb_Combinations|1314016|cc|2|1|nan|3430,0,10.0102,-0.0426382,-5.61171e-08,0,0,0,False,nan|3430,1314016
1,130_bNAb_Combinations|1314016|cc|3|1|nan|3430,0,-6.63692,0.0257571,-1.61247e-08,0,0,0,False,nan|3430,1314016
1,130_bNAb_Combinations|1314016|cc|4|1|nan|3430,0,3.91146,0.0774061,-2.33011e-08,0,0,0,False,nan|3430,1314016
1,130_bNAb_Combinations|1314016|cc|5|1|nan|3430,0,-11.6245,-0.0804061,-4.8658e-08,0,0,0,False,nan|3430,1314016
1,130_bNAb_Combinations|1314016|cc|6|1|nan|3430,0,-14.0325,-0.186997,6.94966e-08,0,0,0,False,nan|3430,1314016
1,130_bNAb_Combinations|1314016|cc|7|1|nan|3430,0,0.825173,0.0503821,1.29518e-08,0,0,0,False,nan|3430,1314016
1,130_bNAb_Combinations|1314016|cc|8|1|nan|3430,0,2.07539,0.00811166,4.93458e-08,0,0,0,False,nan|3430,1314016
1,130_bNAb_Combinations|1314016|sample|10|nan|3430,0,-3.91858,0.0991725,-4.25168e-08,0,0,0,True,PGT121|3430,1314016
1,130_bNAb_Combinations|1314016|sample|11|nan|3430,0,-6.6486,-0.00366674,-8.1857e-08,0,0,0,True,VRC07-523LS|3430,1314016
1,130_bNAb_Combinations|1314016|sample|12|nan|3430,0,-12.9811,0.0107286,-5.46195e-08,0,0,0,True,VRC07-523LS|3430,1314016
1,130_bNAb_Combinations|1314016|sample|3|nan|3430,0,-4.72393,-0.158895,2.85532e-09,0,0,0,True,PGDM1400|3430,1314016
1,130_bNAb_Combinations|1314016|sample|4|nan|3430,0,-5.10372,-0.155964,6.14069e-08,0,0,0,True,PGDM1400|3430,1314016
1,130_bNAb_Combinations|1314016|sample|5|nan|3430,0,-4.70901,-0.15189,-1.29472e-07,0,0,0,True,PGDM1400|3430,1314016
1,130_bNAb_Combinations|1314016|sample|6|nan|3430,0,-4.77408,-0.163801,2.20478e-08,0,0,0,True,PGDM1400|3430,1314016
1,130_bNAb_Combinations|1314016|sample|7|nan|3430,0,-4.23839,0.159053,-1.18021e-08,0,0,0,True,PGT121|3430,1314016
1,130_bNAb_Combinations|1314016|sample|8|nan|3430,0,-3.65325,0.137625,4.07738e-08,0,0,0,True,PGT121|3430,1314016
1,130_bNAb_Combinations|1314016|sample|9|nan|3430,0,-4.05241,0.106272,7.05919e-08,0,0,0,True,PGT121|3430,1314016
1,130_bNAb_Combinations|1314016|vc|1|2|nan|3430,0,-4.30058,-0.027335,8.38709e-09,0,0,0,False,nan|3430,1314016
1,130_bNAb_Combinations|1314016|vc|2|2|nan|3430,0,10.523,0.193955,-1.57044e-08,0,0,0,False,nan|3430,1314016
1,130_bNAb_Combinations|1314016|vc|3|2|nan|3430,0,-5.73562,0.0738751,-8.60974e-08,0,0,0,False,nan|3430,1314016
1,130_bNAb_Combinations|1314016|vc|4|2|nan|3430,0,12.7433,-0.0141554,1.09085e-07,0,0,0,False,nan|3430,1314016
1,130_bNAb_Combinations|1314016|vc|5|2|nan|3430,0,-5.69925,0.0124152,-7.14664e-08,0,0,0,False,nan|3430,1314016
1,130_bNAb_Combinations|1314016|vc|6|2|nan|3430,0,-1.29112,-0.0599544,1.89558e-08,0,0,0,False,nan|3430,1314016
1,130_bNAb_Combinations|1314016|vc|7|2|nan|3430,0,2.67872,-0.00856708,5.72198e-08,0,0,0,False,nan|3430,1314016
1,130_bNAb_Combinations|1314016|vc|8|2|nan|3430,0,-1.84498,0.0462919,-1.48335e-08,0,0,0,False,nan|3430,1314016
1,130_bNAb_Combinations|1314040|cc|1|1|nan|4166,0,-6.13208,0.0571428,-2.15516e-08,0,0,0,False,nan|4166,1314040
1,130_bNAb_Combinations|1314040|cc|2|1|nan|4166,0,10.5869,0.0043401,4.44857e-08,0,0,0,False,nan|4166,1314040
1,130_bNAb_Combinations|1314040|cc|3|1|nan|4166,0,-13.4895,0.0343191,4.18295e-08,0,0,0,False,nan|4166,1314040
1,130_bNAb_Combinations|1314040|cc|4|1|nan|4166,0,-10.2726,0.104361,-6.602e-08,0,0,0,False,nan|4166,1314040
1,130_bNAb_Combinations|1314040|cc|5|1|nan|4166,0,13.5762,0.0106207,-3.84693e-08,0,0,0,False,nan|4166,1314040
1,130_bNAb_Combinations|1314040|cc|6|1|nan|4166,0,4.07714,-0.0371081,9.38293e-09,0,0,0,False,nan|4166,1314040
1,130_bNAb_Combinations|1314040|cc|7|1|nan|4166,0,-0.00537695,-0.00454717,-3.97962e-08,0,0,0,False,nan|4166,1314040
1,130_bNAb_Combinations|1314040|cc|8|1|nan|4166,0,14.6681,0.0120675,-5.0764e-08,0,0,0,False,nan|4166,1314040
1,130_bNAb_Combinations|1314040|sample|10|nan|4166,0,-6.0413,0.0298986,3.46968e-08,0,0,0,True,PGT121|4166,1314040
1,130_bNAb_Combinations|1314040|sample|11|nan|4166,0,-10.7784,0.0516582,4.53744e-08,0,0,0,True,VRC07-523LS|4166,1314040
1,130_bNAb_Combinations|1314040|sample|12|nan|4166,0,-5.87747,0.0326572,1.54356e-09,0,0,0,True,VRC07-523LS|4166,1314040
1,130_bNAb_Combinations|1314040|sample|3|nan|4166,0,-4.63678,0.0362386,1.38422e-08,0,0,0,True,PGDM1400|4166,1314040
1,130_bNAb_Combinations|1314040|sample|4|nan|4166,0,-4.04195,0.0391231,2.57075e-09,0,0,0,True,PGDM1400|4166,1314040
1,130_bNAb_Combinations|1314040|sample|5|nan|4166,0,-4.33493,0.0341384,3.59303e-08,0,0,0,True,PGDM1400|4166,1314040
1,130_bNAb_Combinations|1314040|sample|6|nan|4166,0,-4.60863,0.0552595,-4.17063e-08,0,0,0,True,PGDM1400|4166,1314040
1,130_bNAb_Combinations|1314040|sample|7|nan|4166,0,-9.49747,0.0455372,4.60385e-08,0,0,0,True,PGT121|4166,1314040
1,130_bNAb_Combinations|1314040|sample|8|nan|4166,0,-6.40979,0.0648691,5.52872e-08,0,0,0,True,PGT121|4166,1314040
1,130_bNAb_Combinations|1314040|sample|9|nan|4166,0,-7.08428,0.0451668,1.19892e-07,0,0,0,True,PGT121|4166,1314040
1,130_bNAb_Combinations|1314040|vc|1|2|nan|4166,0,-3.81545,-0.0286878,3.64953e-08,0,0,0,False,nan|4166,1314040
1,130_bNAb_Combinations|1314040|vc|2|2|nan|4166,0,-10.598,-0.0472428,-3.55281e-08,0,0,0,False,nan|4166,1314040
1,130_bNAb_Combinations|1314040|vc|3|2|nan|4166,0,-7.76398,-0.112766,5.78883e-08,0,0,0,False,nan|4166,1314040
1,130_bNAb_Combinations|1314040|vc|4|2|nan|4166,0,6.76719,0.0428486,7.55244e-08,0,0,0,False,nan|4166,1314040
1,130_bNAb_Combinations|1314040|vc|5|2|nan|4166,0,8.83754,-0.171812,-1.09205e-08,0,0,0,False,nan|4166,1314040
1,130_bNAb_Combinations|1314040|vc|6|2|nan|4166,0,-3.84712,0.0618843,1.77603e-08,0,0,0,False,nan|4166,1314040
1,130_bNAb_Combinations|1314040|vc|7|2|nan|4166,0,8.07118,0.17565,1.69118e-08,0,0,0,False,nan|4166,1314040
1,130_bNAb_Combinations|1314040|vc|8|2|nan|4166,0,1.73909,0.0263239,2.68474e-08,0,0,0,False,nan|4166,1314040
1,130_bNAb_Combinations|1314058|cc|1|1|nan|2944,0,3.38066,-0.0424355,-6.75425e-08,0,0,0,False,nan|2944,1314058
1,130_bNAb_Combinations|1314058|cc|2|1|nan|2944,0,-3.38426,-0.0940503,7.43914e-08,0,0,0,False,nan|2944,1314058
1,130_bNAb_Combinations|1314058|cc|3|1|nan|2944,0,7.35091,-0.0538072,-2.14076e-09,0,0,0,False,nan|2944,1314058
1,130_bNAb_Combinations|1314058|cc|4|1|nan|2944,0,12.1413,-0.0166617,-2.6793e-08,0,0,0,False,nan|2944,1314058
1,130_bNAb_Combinations|1314058|cc|5|1|nan|2944,0,-7.71853,0.0822509,1.43373e-07,0,0,0,False,nan|2944,1314058
1,130_bNAb_Combinations|1314058|cc|6|1|nan|2944,0,11.1367,0.0831842,6.23109e-08,0,0,0,False,nan|2944,1314058
1,130_bNAb_Combinations|1314058|cc|7|1|nan|2944,0,-4.31855,-0.00113335,-6.51585e-08,0,0,0,False,nan|2944,1314058
1,130_bNAb_Combinations|1314058|cc|8|1|nan|2944,0,12.393,0.00244843,-3.94153e-08,0,0,0,False,nan|2944,1314058
1,130_bNAb_Combinations|1314058|sample|10|nan|2944,0,-20.3452,-0.0260901,-1.18413e-08,0,0,0,True,PGT121|2944,1314058
1,130_bNAb_Combinations|1314058|sample|11|nan|2944,0,-6.77817,0.0196375,-1.53665e-08,0,0,0,True,VRC07-523LS|2944,1314058
1,130_bNAb_Combinations|1314058|sample|12|nan|2944,0,-15.0984,0.0954975,-1.29854e-07,0,0,0,True,VRC07-523LS|2944,1314058
1,130_bNAb_Combinations|1314058|sample|3|nan|2944,0,-6.49299,-0.30319,-4.43213e-08,0,0,0,True,PGDM1400|2944,1314058
1,130_bNAb_Combinations|1314058|sample|4|nan|2944,0,-6.34688,-0.306305,1.1973e-07,0,0,0,True,PGDM1400|2944,1314058
1,130_bNAb_Combinations|1314058|sample|5|nan|2944,0,-5.71349,-0.325292,6.66466e-09,0,0,0,True,PGDM1400|2944,1314058
1,130_bNAb_Combinations|1314058|sample|6|nan|2944,0,-5.26512,-0.330451,2.04534e-08,0,0,0,True,PGDM1400|2944,1314058
1,130_bNAb_Combinations|1314058|sample|7|nan|2944,0,-5.43583,-0.058917,1.18317e-08,0,0,0,True,PGT121|2944,1314058
1,130_bNAb_Combinations|1314058|sample|8|nan|2944,0,-16.0274,0.0218166,3.08136e-08,0,0,0,True,PGT121|2944,1314058
1,130_bNAb_Combinations|1314058|sample|9|nan|2944,0,-11.1724,-0.0431789,8.54282e-08,0,0,0,True,PGT121|2944,1314058
1,130_bNAb_Combinations|1314058|vc|1|2|nan|2944,0,21.5019,0.0918133,1.02124e-07,0,0,0,False,nan|2944,1314058
1,130_bNAb_Combinations|1314058|vc|2|2|nan|2944,0,-8.2903,-0.221421,-6.11565e-08,0,0,0,False,nan|2944,1314058
1,130_bNAb_Combinations|1314058|vc|3|2|nan|2944,0,11.5501,0.0525224,-1.08808e-07,0,0,0,False,nan|2944,1314058
1,130_bNAb_Combinations|1314058|vc|4|2|nan|2944,0,0.755533,-0.0185627,-7.41282e-08,0,0,0,False,nan|2944,1314058
1,130_bNAb_Combinations|1314058|vc|5|2|nan|2944,0,-5.16413,-0.149958,7.13755e-08,0,0,0,False,nan|2944,1314058
1,130_bNAb_Combinations|1314058|vc|6|2|nan|2944,0,7.26879,-0.0596677,-7.88732e-08,0,0,0,False,nan|2944,1314058
1,130_bNAb_Combinations|1314058|vc|7|2|nan|2944,0,2.92778,0.0433999,1.26558e-07,0,0,0,False,nan|2944,1314058
1,130_bNAb_Combinations|1314058|vc|8|2|nan|2944,0,-13.0524,0.02422,5.54318e-08,0,0,0,False,nan|2944,1314058
1,130_bNAb_Combinations|1342240|cc|1|1|nan|1798,0,-10.8919,0.0014044,4.8592e-09,0,0,0,False,nan|1798,1342240
1,130_bNAb_Combinations|1342240|cc|2|1|nan|1798,0,-4.78445,0.0721936,-6.06648e-08,0,0,0,False,nan|1798,1342240
1,130_bNAb_Combinations|1342240|cc|3|1|nan|1798,0,-10.2574,-0.0824259,-4.42181e-08,0,0,0,False,nan|1798,1342240
1,130_bNAb_Combinations|1342240|cc|4|1|nan|1798,0,22.9283,-0.104759,-1.64931e-08,0,0,0,False,nan|1798,1342240
1,130_bNAb_Combinations|1342240|cc|5|1|nan|1798,0,-21.8083,-0.0540895,5.24226e-08,0,0,0,False,nan|1798,1342240
1,130_bNAb_Combinations|1342240|cc|6|1|nan|1798,0,-1.50019,-0.0128358,-4.03243e-08,0,0,0,False,nan|1798,1342240
1,130_bNAb_Combinations|1342240|cc|7|1|nan|1798,0,-8.89091,-0.135338,2.31957e-08,0,0,0,False,nan|1798,1342240
1,130_bNAb_Combinations|1342240|cc|8|1|nan|1798,0,2.42792,-0.323264,2.92624e-10,0,0,0,False,nan|1798,1342240
1,130_bNAb_Combinations|1342240|sample|3|nan|1798,0,-17.4343,0.0078274,-6.14838e-08,0,0,0,True,VRC07-523LS|1798,1342240
1,130_bNAb_Combinations|1342240|sample|4|nan|1798,0,-10.01,0.00948269,7.93383e-08,0,0,0,True,VRC07-523LS|1798,1342240
1,130_bNAb_Combinations|1342240|sample|8|nan|1798,0,-8.08837,-0.00776335,-4.12426e-08,0,0,0,True,VRC07-523LS|1798,1342240
1,130_bNAb_Combinations|1342240|vc|1|2|nan|1798,0,18.655,0.0146945,-2.97082e-08,0,0,0,False,nan|1798,1342240
1,130_bNAb_Combinations|1342240|vc|2|2|nan|1798,0,-7.51314,-0.107126,3.79049e-08,0,0,0,False,nan|1798,1342240
1,130_bNAb_Combinations|1342240|vc|3|2|nan|1798,0,13.4787,0.0868309,-4.39913e-08,0,0,0,False,nan|1798,1342240
1,130_bNAb_Combinations|1342240|vc|4|2|nan|1798,0,-4.12672,0.0926736,9.43582e-08,0,0,0,False,nan|1798,1342240
1,130_bNAb_Combinations|1342240|vc|5|2|nan|1798,0,-13.9247,0.0475807,-1.04852e-07,0,0,0,False,nan|1798,1342240
1,130_bNAb_Combinations|1342240|vc|6|2|nan|1798,0,-2.45619,-0.0334572,4.47337e-08,0,0,0,False,nan|1798,1342240
1,130_bNAb_Combinations|1342240|vc|7|2|nan|1798,0,-2.0872,-0.0879911,-4.60309e-08,0,0,0,False,nan|1798,1342240
1,130_bNAb_Combinations|1342240|vc|8|2|nan|1798,0,-16.4594,0.0274285,-1.77952e-08,0,0,0,False,nan|1798,1342240
1,130_bNAb_Combinations|1342258|cc|1|1|TRO.11|8301,0,0.411278,-0.0221966,-3.68428e-08,0,0,0,False,nan|TRO.11,1342258
1,130_bNAb_Combinations|1342258|cc|2|1|TRO.11|8301,0,7.47838,0.0282707,1.19796e-07,0,0,0,False,nan|TRO.11,1342258
1,130_bNAb_Combinations|1342258|cc|3|1|TRO.11|8301,0,-6.93017,0.0682064,-1.72075e-07,0,0,0,False,nan|TRO.11,1342258
1,130_bNAb_Combinations|1342258|cc|4|1|TRO.11|8301,0,-18.8701,-0.100334,5.07214e-09,0,0,0,False,nan|TRO.11,1342258
1,130_bNAb_Combinations|1342258|cc|5|1|TRO.11|8301,0,-0.576372,0.115835,4.33878e-08,0,0,0,False,nan|TRO.11,1342258
1,130_bNAb_Combinations|1342258|cc|6|1|TRO.11|8301,0,1.11518,-0.0303975,2.55656e-08,0,0,0,False,nan|TRO.11,1342258
1,130_bNAb_Combinations|1342258|cc|7|1|TRO.11|8301,0,0.941237,-0.121862,-4.10205e-08,0,0,0,False,nan|TRO.11,1342258
1,130_bNAb_Combinations|1342258|cc|8|1|TRO.11|8301,0,-0.602398,-0.130767,8.96157e-08,0,0,0,False,nan|TRO.11,1342258
1,130_bNAb_Combinations|1342258|sample|3|TRO.11|8301,0,-16.2269,0.00972279,-3.11447e-08,0,0,0,True,VRC07-523LS|TRO.11,1342258
1,130_bNAb_Combinations|1342258|sample|4|TRO.11|8301,0,-9.3393,0.0383694,-1.53841e-08,0,0,0,True,VRC07-523LS|TRO.11,1342258
1,130_bNAb_Combinations|1342258|vc|1|2|TRO.11|8301,0,-5.23618,-0.176887,-1.18145e-10,0,0,0,False,nan|TRO.11,1342258
1,130_bNAb_Combinations|1342258|vc|2|2|TRO.11|8301,0,11.1341,0.0141257,7.01729e-09,0,0,0,False,nan|TRO.11,1342258
1,130_bNAb_Combinations|1342258|vc|3|2|TRO.11|8301,0,-4.42755,0.12554,1.77276e-08,0,0,0,False,nan|TRO.11,1342258
1,130_bNAb_Combinations|1342258|vc|4|2|TRO.11|8301,0,7.32078,-0.10796,2.61616e-08,0,0,0,False,nan|TRO.11,1342258
1,130_bNAb_Combinations|1342258|vc|5|2|TRO.11|8301,0,1.76698,-0.019361,-3.46886e-08,0,0,0,False,nan|TRO.11,1342258
1,130_bNAb_Combinations|1342258|vc|6|2|TRO.11|8301,0,-6.49754,0.00974293,2.03106e-07,0,0,0,False,nan|TRO.11,1342258
1,130_bNAb_Combinations|1342258|vc|7|2|TRO.11|8301,0,3.71225,-0.0120759,-4.56586e-08,0,0,0,False,nan|TRO.11,1342258
1,130_bNAb_Combinations|1342258|vc|8|2|TRO.11|8301,0,16.9713,0.115031,-8.82684e-08,0,0,0,False,nan|TRO.11,1342258
1,130_bNAb_Combinations|1342276|cc|1|1|Ce1176_A3|7023,0,15.554,-0.213758,-3.78046e-08,0,0,0,False,nan|Ce1176_A3,1342276
1,130_bNAb_Combinations|1342276|cc|2|1|Ce1176_A3|7023,0,2.44915,0.0127119,3.25401e-10,0,0,0,False,nan|Ce1176_A3,1342276
1,130_bNAb_Combinations|1342276|cc|3|1|Ce1176_A3|7023,0,15.1357,0.088701,-1.00287e-07,0,0,0,False,nan|Ce1176_A3,1342276
1,130_bNAb_Combinations|1342276|cc|4|1|Ce1176_A3|7023,0,-5.66914,0.0521721,-5.49437e-08,0,0,0,False,nan|Ce1176_A3,1342276
1,130_bNAb_Combinations|1342276|cc|5|1|Ce1176_A3|7023,0,11.5544,0.0672622,1.18122e-08,0,0,0,False,nan|Ce1176_A3,1342276
1,130_bNAb_Combinations|1342276|cc|6|1|Ce1176_A3|7023,0,-11.1646,0.160333,-7.11029e-08,0,0,0,False,nan|Ce1176_A3,1342276
1,130_bNAb_Combinations|1342276|cc|7|1|Ce1176_A3|7023,0,-17.2054,0.0315761,4.11797e-09,0,0,0,False,nan|Ce1176_A3,1342276
1,130_bNAb_Combinations|1342276|cc|8|1|Ce1176_A3|7023,0,-10.8048,-0.0141808,-5.94732e-08,0,0,0,False,nan|Ce1176_A3,1342276
1,130_bNAb_Combinations|1342276|sample|3|Ce1176_A3|7023,0,-6.06453,0.00939823,-3.80277e-09,0,0,0,True,VRC07-523LS|Ce1176_A3,1342276
1,130_bNAb_Combinations|1342276|sample|4|Ce1176_A3|7023,0,-9.33994,0.051217,-5.0188e-08,0,0,0,True,VRC07-523LS|Ce1176_A3,1342276
1,130_bNAb_Combinations|1342276|vc|1|2|Ce1176_A3|7023,0,5.92379,0.0232309,-6.93705e-08,0,0,0,False,nan|Ce1176_A3,1342276
1,130_bNAb_Combinations|1342276|vc|2|2|Ce1176_A3|7023,0,-3.27884,0.0460556,9.70591e-08,0,0,0,False,nan|Ce1176_A3,1342276
1,130_bNAb_Combinations|1342276|vc|3|2|Ce1176_A3|7023,0,16.9486,-0.0829515,-2.67908e-08,0,0,0,False,nan|Ce1176_A3,1342276
1,130_bNAb_Combinations|1342276|vc|4|2|Ce1176_A3|7023,0,10.9581,-0.00948445,4.09851e-08,0,0,0,False,nan|Ce1176_A3,1342276
1,130_bNAb_Combinations|1342276|vc|5|2|Ce1176_A3|7023,0,2.78332,0.0424787,-6.06361e-09,0,0,0,False,nan|Ce1176_A3,1342276
1,130_bNAb_Combinations|1342276|vc|6|2|Ce1176_A3|7023,0,1.12246,-0.141153,-1.36146e-07,0,0,0,False,nan|Ce1176_A3,1342276
1,130_bNAb_Combinations|1342276|vc|7|2|Ce1176_A3|7023,0,3.24438,0.0120932,3.01424e-08,0,0,0,False,nan|Ce1176_A3,1342276
1,130_bNAb_Combinations|1342276|vc|8|2|Ce1176_A3|7023,0,-3.76372,-0.0333543,2.13411e-08,0,0,0,False,nan|Ce1176_A3,1342276
1,130_bNAb_Combinations|1342294|cc|1|1|nan|1176,0,14.3795,0.0234603,-2.11476e-08,0,0,0,False,nan|1176,1342294
1,130_bNAb_Combinations|1342294|cc|2|1|nan|1176,0,11.7847,0.0700443,-6.12298e-08,0,0,0,False,nan|1176,1342294
1,130_bNAb_Combinations|1342294|cc|3|1|nan|1176,0,6.93407,0.0738115,-3.02202e-08,0,0,0,False,nan|1176,1342294
1,130_bNAb_Combinations|1342294|cc|4|1|nan|1176,0,5.05998,-0.0166409,1.0085e-07,0,0,0,False,nan|1176,1342294
1,130_bNAb_Combinations|1342294|cc|5|1|nan|1176,0,-10.2712,0.0773772,2.8868e-08,0,0,0,False,nan|1176,1342294
1,130_bNAb_Combinations|1342294|cc|6|1|nan|1176,0,0.929882,-0.107856,-7.87066e-09,0,0,0,False,nan|1176,1342294
1,130_bNAb_Combinations|1342294|cc|7|1|nan|1176,0,-7.39064,-0.05786,-4.02376e-08,0,0,0,False,nan|1176,1342294
1,130_bNAb_Combinations|1342294|cc|8|1|nan|1176,0,3.12564,-0.0689379,3.08737e-08,0,0,0,False,nan|1176,1342294
1,130_bNAb_Combinations|1342294|sample|3|nan|1176,0,-4.39837,0.0972008,-1.83078e-08,0,0,0,True,VRC07-523LS|1176,1342294
1,130_bNAb_Combinations|1342294|sample|4|nan|1176,0,-5.17688,0.204123,-1.11987e-07,0,0,0,True,VRC07-523LS|1176,1342294
1,130_bNAb_Combinations|1342294|sample|8|nan|1176,0,-5.04057,0.117078,4.79815e-08,0,0,0,True,VRC07-523LS|1176,1342294
1,130_bNAb_Combinations|1342294|vc|1|2|nan|1176,0,6.78697,-0.0900478,3.18809e-08,0,0,0,False,nan|1176,1342294
1,130_bNAb_Combinations|1342294|vc|2|2|nan|1176,0,-5.15831,-0.0274181,5.73206e-08,0,0,0,False,nan|1176,1342294
1,130_bNAb_Combinations|1342294|vc|3|2|nan|1176,0,-7.07536,0.177899,6.66263e-08,0,0,0,False,nan|1176,1342294
1,130_bNAb_Combinations|1342294|vc|4|2|nan|1176,0,4.1744,-0.100652,-3.06128e-08,0,0,0,False,nan|1176,1342294
1,130_bNAb_Combinations|1342294|vc|5|2|nan|1176,0,-12.477,-0.0435782,1.12068e-07,0,0,0,False,nan|1176,1342294
1,130_bNAb_Combinations|1342294|vc|6|2|nan|1176,0,-6.90889,-0.0874127,-2.23298e-08,0,0,0,False,nan|1176,1342294
1,130_bNAb_Combinations|1342294|vc|7|2|nan|1176,0,5.63084,-0.128638,5.32675e-08,0,0,0,False,nan|1176,1342294
1,130_bNAb_Combinations|1342294|vc|8|2|nan|1176,0,22.8367,0.0195713,5.85271e-09,0,0,0,False,nan|1176,1342294
1,130_bNAb_Combinations|1342312|cc|1|1|RHPA4259.7|5371,0,-6.33784,-0.0117004,9.34893e-09,0,0,0,False,nan|RHPA4259.7,1342312
1,130_bNAb_Combinations|1342312|cc|2|1|RHPA4259.7|5371,0,-3.22481,-0.0259063,5.76808e-08,0,0,0,False,nan|RHPA4259.7,1342312
1,130_bNAb_Combinations|1342312|cc|3|1|RHPA4259.7|5371,0,-19.62,0.13683,-3.91957e-08,0,0,0,False,nan|RHPA4259.7,1342312
1,130_bNAb_Combinations|1342312|cc|4|1|RHPA4259.7|5371,0,-11.1902,-0.0106595,2.58999e-08,0,0,0,False,nan|RHPA4259.7,1342312
1,130_bNAb_Combinations|1342312|cc|5|1|RHPA4259.7|5371,0,-2.64122,-0.0255015,-7.03511e-08,0,0,0,False,nan|RHPA4259.7,1342312
1,130_bNAb_Combinations|1342312|cc|6|1|RHPA4259.7|5371,0,-5.4979,0.0253885,-5.30227e-08,0,0,0,False,nan|RHPA4259.7,1342312
1,130_bNAb_Combinations|1342312|cc|7|1|RHPA4259.7|5371,0,12.2762,-0.00330568,9.40635e-09,0,0,0,False,nan|RHPA4259.7,1342312
1,130_bNAb_Combinations|1342312|cc|8|1|RHPA4259.7|5371,0,15.8219,-0.137795,3.42847e-08,0,0,0,False,nan|RHPA4259.7,1342312
1,130_bNAb_Combinations|1342312|sample|3|RHPA4259.7|5371,0,-6.18754,0.089481,2.87515e-08,0,0,0,True,VRC07-523LS|RHPA4259.7,1342312
1,130_bNAb_Combinations|1342312|sample|4|RHPA4259.7|5371,0,-7.6789,0.0276821,1.21602e-08,0,0,0,True,VRC07-523LS|RHPA4259.7,1342312
1,130_bNAb_Combinations|1342312|vc|1|2|RHPA4259.7|5371,0,18.5514,-0.0244228,1.05161e-07,0,0,0,False,nan|RHPA4259.7,1342312
1,130_bNAb_Combinations|1342312|vc|2|2|RHPA4259.7|5371,0,16.8364,0.019001,3.4022e-08,0,0,0,False,nan|RHPA4259.7,1342312
1,130_bNAb_Combinations|1342312|vc|3|2|RHPA4259.7|5371,0,-2.15451,-0.00603296,-5.95827e-09,0,0,0,False,nan|RHPA4259.7,1342312
1,130_bNAb_Combinations|1342312|vc|4|2|RHPA4259.7|5371,0,-3.27624,-0.0273673,-1.07145e-07,0,0,0,False,nan|RHPA4259.7,1342312
1,130_bNAb_Combinations|1342312|vc|5|2|RHPA4259.7|5371,0,-13.9694,-0.0500962,4.02086e-08,0,0,0,False,nan|RHPA4259.7,1342312
1,130_bNAb_Combinations|1342312|vc|6|2|RHPA4259.7|5371,0,-27.0689,-0.0357001,6.66375e-08,0,0,0,False,nan|RHPA4259.7,1342312
1,130_bNAb_Combinations|1342312|vc|7|2|RHPA4259.7|5371,0,-13.5491,-0.0735456,-5.36132e-08,0,0,0,False,nan|RHPA4259.7,1342312
1,130_bNAb_Combinations|1342312|vc|8|2|RHPA4259.7|5371,0,-1.73571,0.153349,-7.62366e-08,0,0,0,False,nan|RHPA4259.7,1342312
1,130_bNAb_Combinations|1342336|cc|1|1|nan|3430,0,2.36043,0.028535,-4.66149e-09,0,0,0,False,nan|3430,1342336
1,130_bNAb_Combinations|1342336|cc|2|1|nan|3430,0,13.8975,-0.134198,-8.64505e-10,0,0,0,False,nan|3430,1342336
1,130_bNAb_Combinations|1342336|cc|3|1|nan|3430,0,6.24125,-0.0495874,-2.62743e-08,0,0,0,False,nan|3430,1342336
1,130_bNAb_Combinations|1342336|cc|4|1|nan|3430,0,-8.67426,-0.109561,-2.7011e-08,0,0,0,False,nan|3430,1342336
1,130_bNAb_Combinations|1342336|cc|5|1|nan|3430,0,-2.70067,-0.0366996,5.7913e-08,0,0,0,False,nan|3430,1342336
1,130_bNAb_Combinations|1342336|cc|6|1|nan|3430,0,-0.153109,-0.0734079,5.21903e-08,0,0,0,False,nan|3430,1342336
1,130_bNAb_Combinations|1342336|cc|7|1|nan|3430,0,-6.44663,-0.02528,6.29624e-08,0,0,0,False,nan|3430,1342336
1,130_bNAb_Combinations|1342336|cc|8|1|nan|3430,0,-7.84367,-0.0782878,-1.11865e-07,0,0,0,False,nan|3430,1342336
1,130_bNAb_Combinations|1342336|sample|3|nan|3430,0,-5.90568,0.000917598,-6.22402e-08,0,0,0,True,VRC07-523LS|3430,1342336
1,130_bNAb_Combinations|1342336|sample|4|nan|3430,0,-14.9087,0.0186623,-5.69702e-08,0,0,0,True,VRC07-523LS|3430,1342336
1,130_bNAb_Combinations|1342336|sample|5|nan|3430,0,-7.47117,0.134054,-3.35815e-08,0,0,0,True,VRC07-523LS|3430,1342336
1,130_bNAb_Combinations|1342336|vc|1|2|nan|3430,0,7.83064,-0.153897,2.49876e-08,0,0,0,False,nan|3430,1342336
1,130_bNAb_Combinations|1342336|vc|2|2|nan|3430,0,-14.2368,-0.147511,2.69217e-08,0,0,0,False,nan|3430,1342336
1,130_bNAb_Combinations|1342336|vc|3|2|nan|3430,0,-8.50355,0.195626,-4.60142e-08,0,0,0,False,nan|3430,1342336
1,130_bNAb_Combinations|1342336|vc|4|2|nan|3430,0,-7.22113,0.0374424,-1.00155e-08,0,0,0,False,nan|3430,1342336
1,130_bNAb_Combinations|1342336|vc|5|2|nan|3430,0,-0.249384,0.0485066,6.77604e-08,0,0,0,False,nan|3430,1342336
1,130_bNAb_Combinations|1342336|vc|6|2|nan|3430,0,-1.50834,-0.151111,4.68583e-08,0,0,0,False,nan|3430,1342336
1,130_bNAb_Combinations|1342336|vc|7|2|nan|3430,0,4.44249,0.0904712,-1.14861e-07,0,0,0,False,nan|3430,1342336
1,130_bNAb_Combinations|1342336|vc|8|2|nan|3430,0,6.74174,0.124222,1.0151e-07,0,0,0,False,nan|3430,1342336
1,130_bNAb_Combinations|1342348|cc|1|1|nan|4166,0,-9.61575,-0.0458016,1.89457e-08,0,0,0,False,nan|4166,1342348
1,130_bNAb_Combinations|1342348|cc|2|1|nan|4166,0,-1.44386,0.0339782,2.16942e-08,0,0,0,False,nan|4166,1342348
1,130_bNAb_Combinations|1342348|cc|3|1|nan|4166,0,15.0976,-0.0557954,-6.29444e-08,0,0,0,False,nan|4166,1342348
1,130_bNAb_Combinations|1342348|cc|4|1|nan|4166,0,1.16429,-0.00982916,-7.97224e-08,0,0,0,False,nan|4166,1342348
1,130_bNAb_Combinations|1342348|cc|5|1|nan|4166,0,-3.75398,-0.0108237,-5.38462e-08,0,0,0,False,nan|4166,1342348
1,130_bNAb_Combinations|1342348|cc|6|1|nan|4166,0,8.23178,-0.00728934,-2.31031e-08,0,0,0,False,nan|4166,1342348
1,130_bNAb_Combinations|1342348|cc|7|1|nan|4166,0,-6.66406,0.0223416,-3.15136e-09,0,0,0,False,nan|4166,1342348
1,130_bNAb_Combinations|1342348|cc|8|1|nan|4166,0,-19.5076,0.0117612,4.43963e-09,0,0,0,False,nan|4166,1342348
1,130_bNAb_Combinations|1342348|sample|3|nan|4166,0,-19.7669,0.0961857,-2.10984e-08,0,0,0,True,VRC07-523LS|4166,1342348
1,130_bNAb_Combinations|1342348|sample|4|nan|4166,0,-8.96658,0.0550347,6.23203e-08,0,0,0,True,VRC07-523LS|4166,1342348
1,130_bNAb_Combinations|1342348|vc|1|2|nan|4166,0,-6.24181,0.118003,-3.92167e-08,0,0,0,False,nan|4166,1342348
1,130_bNAb_Combinations|1342348|vc|2|2|nan|4166,0,20.1563,0.022233,-2.49668e-08,0,0,0,False,nan|4166,1342348
1,130_bNAb_Combinations|1342348|vc|3|2|nan|4166,0,-5.80599,0.0954024,1.69827e-08,0,0,0,False,nan|4166,1342348
1,130_bNAb_Combinations|1342348|vc|4|2|nan|4166,0,18.5512,0.0677726,2.67619e-08,0,0,0,False,nan|4166,1342348
1,130_bNAb_Combinations|1342348|vc|5|2|nan|4166,0,4.94386,0.160969,1.08709e-07,0,0,0,False,nan|4166,1342348
1,130_bNAb_Combinations|1342348|vc|6|2|nan|4166,0,-3.13582,0.0606118,-1.0214e-08,0,0,0,False,nan|4166,1342348
1,130_bNAb_Combinations|1342348|vc|7|2|nan|4166,0,5.72648,0.0998135,2.67928e-08,0,0,0,False,nan|4166,1342348
1,130_bNAb_Combinations|1342348|vc|8|2|nan|4166,0,-3.68767,0.0236707,1.90964e-08,0,0,0,False,nan|4166,1342348
1,130_bNAb_Combinations|1342372|cc|1|1|nan|2944,0,-2.89405,-0.154195,-3.61422e-08,0,0,0,False,nan|2944,1342372
1,130_bNAb_Combinations|1342372|cc|2|1|nan|2944,0,9.5246,0.0197715,-3.24532e-08,0,0,0,False,nan|2944,1342372
1,130_bNAb_Combinations|1342372|cc|3|1|nan|2944,0,-11.7926,0.0474891,-7.85581e-09,0,0,0,False,nan|2944,1342372
1,130_bNAb_Combinations|1342372|cc|4|1|nan|2944,0,-2.71968,0.0640622,6.51729e-08,0,0,0,False,nan|2944,1342372
1,130_bNAb_Combinations|1342372|cc|5|1|nan|2944,0,-6.02273,-0.0426104,-1.83156e-08,0,0,0,False,nan|2944,1342372
1,130_bNAb_Combinations|1342372|cc|6|1|nan|2944,0,6.11042,-0.00829525,9.9567e-08,0,0,0,False,nan|2944,1342372
1,130_bNAb_Combinations|1342372|cc|7|1|nan|2944,0,-9.45964,-0.0336144,-8.85894e-08,0,0,0,False,nan|2944,1342372
1,130_bNAb_Combinations|1342372|cc|8|1|nan|2944,0,1.44652,0.0440015,1.4261e-07,0,0,0,False,nan|2944,1342372
1,130_bNAb_Combinations|1342372|sample|3|nan|2944,0,-9.83064,0.0660241,9.12538e-08,0,0,0,True,VRC07-523LS|2944,1342372
1,130_bNAb_Combinations|1342372|sample|4|nan|2944,0,-6.17136,0.0134189,-6.54295e-08,0,0,0,True,VRC07-523LS|2944,1342372
1,130_bNAb_Combinations|1342372|vc|1|2|nan|2944,0,-7.13391,0.0444498,-4.16698e-08,0,0,0,False,nan|2944,1342372
1,130_bNAb_Combinations|1342372|vc|2|2|nan|2944,0,-5.35932,-0.0560329,-3.72073e-09,0,0,0,False,nan|2944,1342372
1,130_bNAb_Combinations|1342372|vc|3|2|nan|2944,0,21.7508,0.00272604,2.98302e-08,0,0,0,False,nan|2944,1342372
1,130_bNAb_Combinations|1342372|vc|4|2|nan|2944,0,4.04263,0.205759,-1.45175e-08,0,0,0,False,nan|2944,1342372
1,130_bNAb_Combinations|1342372|vc|5|2|nan|2944,0,8.46753,-0.0866237,9.40022e-09,0,0,0,False,nan|2944,1342372
1,130_bNAb_Combinations|1342372|vc|6|2|nan|2944,0,1.62142,0.143093,3.8081e-08,0,0,0,False,nan|2944,1342372
1,130_bNAb_Combinations|1342372|vc|7|2|nan|2944,0,12.6069,0.0230594,1.81571e-08,0,0,0,False,nan|2944,1342372
1,130_bNAb_Combinations|1342372|vc|8|2|nan|2944,0,20.3436,-0.00727158,-3.33251e-08,0,0,0,False,nan|2944,1342372
1,130_bNAb_Combinations|1342384|cc|1|1|nan|2946,0,1.89257,-0.0427011,3.89077e-08,0,0,0,False,nan|2946,1342384
1,130_bNAb_Combinations|1342384|cc|2|1|nan|2946,0,5.2981,0.0423947,-4.04793e-08,0,0,0,False,nan|2946,1342384
1,130_bNAb_Combinations|1342384|cc|3|1|nan|2946,0,7.0265,-0.102365,2.91896e-09,0,0,0,False,nan|2946,1342384
1,130_bNAb_Combinations|1342384|cc|4|1|nan|2946,0,4.44489,0.0871312,-1.30276e-07,0,0,0,False,nan|2946,1342384
1,130_bNAb_Combinations|1342384|cc|5|1|nan|2946,0,4.53547,-0.000832405,-2.3203e-09,0,0,0,False,nan|2946,1342384
1,130_bNAb_Combinations|1342384|cc|6|1|nan|2946,0,-4.07025,-0.236606,-2.55621e-08,0,0,0,False,nan|2946,1342384
1,130_bNAb_Combinations|1342384|cc|7|1|nan|2946,0,-9.65625,0.0057139,6.24861e-09,0,0,0,False,nan|2946,1342384
1,130_bNAb_Combinations|1342384|cc|8|1|nan|2946,0,-3.0993,-0.0784216,-9.88746e-08,0,0,0,False,nan|2946,1342384
1,130_bNAb_Combinations|1342384|sample|3|nan|2946,0,-9.34405,-0.0301683,4.28499e-08,0,0,0,True,VRC07-523LS|2946,1342384
1,130_bNAb_Combinations|1342384|sample|4|nan|2946,0,-10.1413,-0.0367948,1.58083e-08,0,0,0,True,VRC07-523LS|2946,1342384
1,130_bNAb_Combinations|1342384|vc|1|2|nan|2946,0,-0.976222,-0.0571158,-1.058e-10,0,0,0,False,nan|2946,1342384
1,130_bNAb_Combinations|1342384|vc|2|2|nan|2946,0,4.86875,-0.102272,2.27299e-09,0,0,0,False,nan|2946,1342384
1,130_bNAb_Combinations|1342384|vc|3|2|nan|2946,0,-3.42267,0.0680097,-1.50143e-08,0,0,0,False,nan|2946,1342384
1,130_bNAb_Combinations|1342384|vc|4|2|nan|2946,0,-5.08103,-0.0788901,-4.66259e-08,0,0,0,False,nan|2946,1342384
1,130_bNAb_Combinations|1342384|vc|5|2|nan|2946,0,13.2072,-0.056152,2.03964e-08,0,0,0,False,nan|2946,1342384
1,130_bNAb_Combinations|1342384|vc|6|2|nan|2946,0,10.0293,0.0013583,-2.60821e-08,0,0,0,False,nan|2946,1342384
1,130_bNAb_Combinations|1342384|vc|7|2|nan|2946,0,9.11701,0.089705,1.71293e-07,0,0,0,False,nan|2946,1342384
1,130_bNAb_Combinations|1342384|vc|8|2|nan|2946,0,6.48513,-0.0205076,-3.92629e-08,0,0,0,False,nan|2946,1342384
1,130_bNAb_Combinations|1342396|cc|1|1|PVO.4|5024,0,19.4051,-0.0905352,2.39797e-08,0,0,0,False,nan|PVO.4,1342396
1,130_bNAb_Combinations|1342396|cc|2|1|PVO.4|5024,0,7.20908,0.0115877,-3.94015e-08,0,0,0,False,nan|PVO.4,1342396
1,130_bNAb_Combinations|1342396|cc|3|1|PVO.4|5024,0,8.94839,0.0772912,-1.30185e-07,0,0,0,False,nan|PVO.4,1342396
1,130_bNAb_Combinations|1342396|cc|4|1|PVO.4|5024,0,4.45586,0.098189,4.5767e-09,0,0,0,False,nan|PVO.4,1342396
1,130_bNAb_Combinations|1342396|cc|5|1|PVO.4|5024,0,-3.8345,-0.0264856,-1.64347e-09,0,0,0,False,nan|PVO.4,1342396
1,130_bNAb_Combinations|1342396|cc|6|1|PVO.4|5024,0,8.51764,-0.0965279,4.05609e-09,0,0,0,False,nan|PVO.4,1342396
1,130_bNAb_Combinations|1342396|cc|7|1|PVO.4|5024,0,4.97908,-0.093188,1.12942e-07,0,0,0,False,nan|PVO.4,1342396
1,130_bNAb_Combinations|1342396|cc|8|1|PVO.4|5024,0,-25.6254,0.113057,-2.50266e-08,0,0,0,False,nan|PVO.4,1342396
1,130_bNAb_Combinations|1342396|sample|3|PVO.4|5024,0,-6.92103,0.0026889,-4.25655e-08,0,0,0,True,VRC07-523LS|PVO.4,1342396
1,130_bNAb_Combinations|1342396|sample|4|PVO.4|5024,0,-10.9586,0.0378761,-8.18392e-08,0,0,0,True,VRC07-523LS|PVO.4,1342396
1,130_bNAb_Combinations|1342396|vc|1|2|PVO.4|5024,0,-11.1487,-0.0166124,8.09054e-08,0,0,0,False,nan|PVO.4,1342396
1,130_bNAb_Combinations|1342396|vc|2|2|PVO.4|5024,0,5.36398,0.0598239,-4.92985e-08,0,0,0,False,nan|PVO.4,1342396
1,130_bNAb_Combinations|1342396|vc|3|2|PVO.4|5024,0,-0.956786,0.0916474,6.54051e-08,0,0,0,False,nan|PVO.4,1342396
1,130_bNAb_Combinations|1342396|vc|4|2|PVO.4|5024,0,4.15194,-0.093765,1.32258e-08,0,0,0,False,nan|PVO.4,1342396
1,130_bNAb_Combinations|1342396|vc|5|2|PVO.4|5024,0,-0.250005,0.0579678,7.78446e-08,0,0,0,False,nan|PVO.4,1342396
1,130_bNAb_Combinations|1342396|vc|6|2|PVO.4|5024,0,-13.3844,-0.102318,-1.45604e-07,0,0,0,False,nan|PVO.4,1342396
1,130_bNAb_Combinations|1342396|vc|7|2|PVO.4|5024,0,-3.27416,-0.0151855,-4.06586e-08,0,0,0,False,nan|PVO.4,1342396
1,130_bNAb_Combinations|1342396|vc|8|2|PVO.4|5024,0,-4.32322,0.0103369,4.43115e-08,0,0,0,False,nan|PVO.4,1342396
1,130_bNAb_Combinations|1342408|cc|1|1|nan|4168,0,14.962,-0.0167352,-5.27489e-08,0,0,0,False,nan|4168,1342408
1,130_bNAb_Combinations|1342408|cc|2|1|nan|4168,0,2.23413,-0.00572751,-2.37488e-08,0,0,0,False,nan|4168,1342408
1,130_bNAb_Combinations|1342408|cc|3|1|nan|4168,0,-13.3592,-0.206695,2.17387e-08,0,0,0,False,nan|4168,1342408
1,130_bNAb_Combinations|1342408|cc|4|1|nan|4168,0,-0.302925,-0.106903,5.50697e-08,0,0,0,False,nan|4168,1342408
1,130_bNAb_Combinations|1342408|cc|5|1|nan|4168,0,5.44392,-0.00995134,-7.50424e-08,0,0,0,False,nan|4168,1342408
1,130_bNAb_Combinations|1342408|cc|6|1|nan|4168,0,-14.4977,-0.0430937,2.22274e-08,0,0,0,False,nan|4168,1342408
1,130_bNAb_Combinations|1342408|cc|7|1|nan|4168,0,-4.19297,-0.0468807,-4.38022e-08,0,0,0,False,nan|4168,1342408
1,130_bNAb_Combinations|1342408|cc|8|1|nan|4168,0,-11.6524,0.0956171,-1.15395e-07,0,0,0,False,nan|4168,1342408
1,130_bNAb_Combinations|1342408|sample|3|nan|4168,0,-4.3991,0.03169,-4.08392e-08,0,0,0,True,VRC07-523LS|4168,1342408
1,130_bNAb_Combinations|1342408|sample|4|nan|4168,0,-4.23023,0.0912099,-2.67647e-08,0,0,0,True,VRC07-523LS|4168,1342408
1,130_bNAb_Combinations|1342408|vc|1|2|nan|4168,0,12.4015,-0.185525,-3.18622e-08,0,0,0,False,nan|4168,1342408
1,130_bNAb_Combinations|1342408|vc|2|2|nan|4168,0,7.77258,0.119429,-2.41492e-08,0,0,0,False,nan|4168,1342408
1,130_bNAb_Combinations|1342408|vc|3|2|nan|4168,0,5.91593,0.0497373,-4.89689e-08,0,0,0,False,nan|4168,1342408
1,130_bNAb_Combinations|1342408|vc|4|2|nan|4168,0,-7.39611,0.04996,3.64249e-09,0,0,0,False,nan|4168,1342408
1,130_bNAb_Combinations|1342408|vc|5|2|nan|4168,0,-21.9028,-0.00539299,5.41765e-08,0,0,0,False,nan|4168,1342408
1,130_bNAb_Combinations|1342408|vc|6|2|nan|4168,0,-15.9513,0.0986606,-4.55775e-09,0,0,0,False,nan|4168,1342408
1,130_bNAb_Combinations|1342408|vc|7|2|nan|4168,0,-7.65781,-0.0510881,-4.83245e-08,0,0,0,False,nan|4168,1342408
1,130_bNAb_Combinations|1342408|vc|8|2|nan|4168,0,-18.8843,0.00565632,4.61701e-08,0,0,0,False,nan|4168,1342408
1,704_VRC01_Concordance|1200432|cc|1|1|PVO.4|5024,0,-5.95805,-0.167803,7.78619e-08,0,0,0,False,nan|PVO.4,1200432
1,704_VRC01_Concordance|1200432|cc|2|1|PVO.4|5024,0,10.4482,0.1234,-6.91902e-09,0,0,0,False,nan|PVO.4,1200432
1,704_VRC01_Concordance|1200432|cc|3|1|PVO.4|5024,0,0.555565,-0.0356036,-2.83283e-08,0,0,0,False,nan|PVO.4,1200432
1,704_VRC01_Concordance|1200432|cc|4|1|PVO.4|5024,0,6.5617,-0.11728,-8.18027e-08,0,0,0,False,nan|PVO.4,1200432
1,704_VRC01_Concordance|1200432|cc|5|1|PVO.4|5024,0,4.80598,0.00983327,5.74184e-08,0,0,0,False,nan|PVO.4,1200432
1,704_VRC01_Concordance|1200432|cc|6|1|PVO.4|5024,0,3.75974,-0.118742,-3.4284e-08,0,0,0,False,nan|PVO.4,1200432
1,704_VRC01_Concordance|1200432|cc|7|1|PVO.4|5024,0,-4.06626,-8.99756e-05,-4.0805e-08,0,0,0,False,nan|PVO.4,1200432
1,704_VRC01_Concordance|1200432|cc|8|1|PVO.4|5024,0,14.8812,0.144547,4.96894e-08,0,0,0,False,nan|PVO.4,1200432
1,704_VRC01_Concordance|1200432|sample|10|PVO.4|5024,0,-8.93788,0.0141991,1.34618e-08,0,0,0,True,Clinical VRC01|PVO.4,1200432
1,704_VRC01_Concordance|1200432|sample|11|PVO.4|5024,0,-21.5554,-0.055737,-1.32691e-09,0,0,0,True,Clinical VRC01|PVO.4,1200432
1,704_VRC01_Concordance|1200432|sample|12|PVO.4|5024,0,-13.2855,-0.0654029,1.83995e-08,0,0,0,True,Clinical VRC01|PVO.4,1200432
1,704_VRC01_Concordance|1200432|sample|3|PVO.4|5024,0,-6.02021,-0.0972717,6.29448e-08,0,0,0,True,Clinical VRC01|PVO.4,1200432
1,704_VRC01_Concordance|1200432|sample|4|PVO.4|5024,0,-6.30662,-0.0194776,6.03045e-08,0,0,0,True,Clinical VRC01|PVO.4,1200432
1,704_VRC01_Concordance|1200432|sample|5|PVO.4|5024,0,-12.578,-0.0160279,-3.31588e-08,0,0,0,True,Clinical VRC01|PVO.4,1200432
1,704_VRC01_Concordance|1200432|sample|6|PVO.4|5024,0,-14.9135,0.0261284,7.45274e-08,0,0,0,True,Clinical VRC01|PVO.4,1200432
1,704_VRC01_Concordance|1200432|sample|7|PVO.4|5024,0,-6.17067,-0.044886,8.65601e-08,0,0,0,True,Clinical VRC01|PVO.4,1200432
1,704_VRC01_Concordance|1200432|sample|8|PVO.4|5024,0,-7.77964,-0.0623077,5.45971e-08,0,0,0,True,Clinical VRC01|PVO.4,1200432
1,704_VRC01_Concordance|1200432|sample|9|PVO.4|5024,0,-4.08771,0.00190031,-7.40396e-08,0,0,0,True,Clinical VRC01|PVO.4,1200432
1,704_VRC01_Concordance|1200432|vc|1|2|PVO.4|5024,0,1.87925,-0.0927835,-1.03291e-07,0,0,0,False,nan|PVO.4,1200432
1,704_VRC01_Concordance|1200432|vc|2|2|PVO.4|5024,0,0.868237,-0.0574668,7.01471e-08,0,0,0,False,nan|PVO.4,1200432
1,704_VRC01_Concordance|1200432|vc|3|2|PVO.4|5024,0,5.79054,0.12949,1.3283e-07,0,0,0,False,nan|PVO.4,1200432
1,704_VRC01_Concordance|1200432|vc|4|2|PVO.4|5024,0,-6.53608,0.0127054,1.30022e-07,0,0,0,False,nan|PVO.4,1200432
1,704_VRC01_Concordance|1200432|vc|5|2|PVO.4|5024,0,13.64,0.0379489,-6.84296e-08,0,0,0,False,nan|PVO.4,1200432
1,704_VRC01_Concordance|1200432|vc|6|2|PVO.4|5024,0,-4.7824,0.0634117,2.38116e-08,0,0,0,False,nan|PVO.4,1200432
1,704_VRC01_Concordance|1200432|vc|7|2|PVO.4|5024,0,-11.9364,-0.0302067,4.19061e-08,0,0,0,False,nan|PVO.4,1200432
1,704_VRC01_Concordance|1200432|vc|8|2|PVO.4|5024,0,-1.70282,0.0312132,4.33596e-08,0,0,0,False,nan|PVO.4,1200432
