rep,id,U,L,m,e,s,alpha,k,goes_down,mab_virus,run_id
1,130_bNAb_Combinations|1313842|cc|1|1|nan|2946,1,0.00640524,0.719531,0.0124713,1398.45,0.223185,3.65298e-09,False,nan|2946,1313842
1,130_bNAb_Combinations|1313842|cc|2|1|nan|2946,1,6.9e-07,-0.251424,0.0124713,1398.45,0.223185,3.65298e-09,False,nan|2946,1313842
1,130_bNAb_Combinations|1313842|cc|3|1|nan|2946,1,0.705025,0.0812802,0.0124713,1398.45,0.223185,3.65298e-09,False,nan|2946,1313842
1,130_bNAb_Combinations|1313842|cc|4|1|nan|2946,1,1.12808,1.41411,0.0124713,1398.45,0.223185,3.65298e-09,False,nan|2946,1313842
1,130_bNAb_Combinations|1313842|cc|5|1|nan|2946,1,0.199988,0.726493,0.0124713,1398.45,0.223185,3.65298e-09,False,nan|2946,1313842
1,130_bNAb_Combinations|1313842|cc|6|1|nan|2946,1,9.11169,-0.583336,0.0124713,1398.45,0.223185,3.65298e-09,False,nan|2946,1313842
1,130_bNAb_Combinations|1313842|cc|7|1|nan|2946,1,670.938,-0.714652,0.0124713,1398.45,0.223185,3.65298e-09,False,nan|2946,1313842
1,130_bNAb_Combinations|1313842|cc|8|1|nan|2946,1,0.0296036,-2.46714,0.0124713,1398.45,0.223185,3.65298e-09,False,nan|2946,1313842
1,130_bNAb_Combinations|1313842|sample|10|nan|2946,1,0.00945164,1.48077,0.00877945,1398.45,0.223185,3.65298e-09,True,PGT121|2946,1313842
1,130_bNAb_Combinations|1313842|sample|11|nan|2946,1,0.0107656,1.42459,0.00600766,1398.45,0.223185,3.65298e-09,True,VRC07-523LS|2946,1313842
1,130_bNAb_Combinations|1313842|sample|12|nan|2946,1,0.00763515,1.36886,0.00600766,1398.45,0.223185,3.65298e-09,True,VRC07-523LS|2946,1313842
1,130_bNAb_Combinations|1313842|sample|3|nan|2946,1,0.000425295,1.4611,0.00210898,1398.45,0.223185,3.65298e-09,True,PGDM1400|2946,1313842
1,130_bNAb_Combinations|1313842|sample|4|nan|2946,1,0.00092244,1.5028,0.00210898,1398.45,0.223185,3.65298e-09,True,PGDM1400|2946,1313842
1,130_bNAb_Combinations|1313842|sample|5|nan|2946,1,0.113242,1.20348,0.00210898,1398.45,0.223185,3.65298e-09,True,PGDM1400|2946,1313842
1,130_bNAb_Combinations|1313842|sample|6|nan|2946,1,0.0409188,1.65177,0.00210898,1398.45,0.223185,3.65298e-09,True,PGDM1400|2946,1313842
1,130_bNAb_Combinations|1313842|sample|7|nan|2946,1,0.0168437,1.49068,0.00877945,1398.45,0.223185,3.65298e-09,True,PGT121|2946,1313842
1,130_bNAb_Combinations|1313842|sample|8|nan|2946,1,0.0205691,1.52529,0.00877945,1398.45,0.223185,3.65298e-09,True,PGT121|2946,1313842
1,130_bNAb_Combinations|1313842|sample|9|nan|2946,1,0.0102436,1.51882,0.00877945,1398.45,0.223185,3.65298e-09,True,PGT121|2946,1313842
1,130_bNAb_Combinations|1313842|vc|1|2|nan|2946,1,0.00295316,1.8462,0.0124713,1398.45,0.223185,3.65298e-09,False,nan|2946,1313842
1,130_bNAb_Combinations|1313842|vc|2|2|nan|2946,1,3296.07,1.04062,0.0124713,1398.45,0.223185,3.65298e-09,False,nan|2946,1313842
1,130_bNAb_Combinations|1313842|vc|3|2|nan|2946,1,0.0472731,0.432019,0.0124713,1398.45,0.223185,3.65298e-09,False,nan|2946,1313842
1,130_bNAb_Combinations|1313842|vc|4|2|nan|2946,1,1.84601,1.3263,0.0124713,1398.45,0.223185,3.65298e-09,False,nan|2946,1313842
1,130_bNAb_Combinations|1313842|vc|5|2|nan|2946,1,0.0760617,0.752485,0.0124713,1398.45,0.223185,3.65298e-09,False,nan|2946,1313842
1,130_bNAb_Combinations|1313842|vc|6|2|nan|2946,1,1.68058,-0.793455,0.0124713,1398.45,0.223185,3.65298e-09,False,nan|2946,1313842
1,130_bNAb_Combinations|1313842|vc|7|2|nan|2946,1,0.000978332,0.918383,0.0124713,1398.45,0.223185,3.65298e-09,False,nan|2946,1313842
1,130_bNAb_Combinations|1313842|vc|8|2|nan|2946,1,8.68547,1.73756,0.0124713,1398.45,0.223185,3.65298e-09,False,nan|2946,1313842
1,130_bNAb_Combinations|1313860|cc|1|1|PVO.4|5024,1,225.772,0.722299,0.0257345,1398.45,0.223212,3.65512e-09,False,nan|PVO.4,1313860
1,130_bNAb_Combinations|1313860|cc|2|1|PVO.4|5024,1,0.284605,-0.0832067,0.0257345,1398.45,0.223212,3.65512e-09,False,nan|PVO.4,1313860
1,130_bNAb_Combinations|1313860|cc|3|1|PVO.4|5024,1,333.749,-0.877845,0.0257345,1398.45,0.223212,3.65512e-09,False,nan|PVO.4,1313860
1,130_bNAb_Combinations|1313860|cc|4|1|PVO.4|5024,1,0.0442805,0.150307,0.0257345,1398.45,0.223212,3.65512e-09,False,nan|PVO.4,1313860
1,130_bNAb_Combinations|1313860|cc|5|1|PVO.4|5024,1,0.0103623,1.56211,0.0257345,1398.45,0.223212,3.65512e-09,False,nan|PVO.4,1313860
1,130_bNAb_Combinations|1313860|cc|6|1|PVO.4|5024,1,0.0884379,0.482428,0.0257345,1398.45,0.223212,3.65512e-09,False,nan|PVO.4,1313860
1,130_bNAb_Combinations|1313860|cc|7|1|PVO.4|5024,1,1.40304,-1.50541,0.0257345,1398.45,0.223212,3.65512e-09,False,nan|PVO.4,1313860
1,130_bNAb_Combinations|1313860|cc|8|1|PVO.4|5024,1,0.00153105,0.09189,0.0257345,1398.45,0.223212,3.65512e-09,False,nan|PVO.4,1313860
1,130_bNAb_Combinations|1313860|sample|10|PVO.4|5024,1,0.000282508,1.57856,0.0170512,1398.45,0.223212,3.65512e-09,True,PGT121|PVO.4,1313860
1,130_bNAb_Combinations|1313860|sample|11|PVO.4|5024,1,0.00103259,1.60236,0.0232576,1398.45,0.223212,3.65512e-09,True,VRC07-523LS|PVO.4,1313860
1,130_bNAb_Combinations|1313860|sample|12|PVO.4|5024,1,0.00230377,1.48812,0.0232576,1398.45,0.223212,3.65512e-09,True,VRC07-523LS|PVO.4,1313860
1,130_bNAb_Combinations|1313860|sample|3|PVO.4|5024,1,0.139738,1.24387,0.00288293,1398.45,0.223212,3.65512e-09,True,PGDM1400|PVO.4,1313860
1,130_bNAb_Combinations|1313860|sample|4|PVO.4|5024,1,0.12276,1.35964,0.00288293,1398.45,0.223212,3.65512e-09,True,PGDM1400|PVO.4,1313860
1,130_bNAb_Combinations|1313860|sample|5|PVO.4|5024,1,0.000111857,1.71303,0.00288293,1398.45,0.223212,3.65512e-09,True,PGDM1400|PVO.4,1313860
1,130_bNAb_Combinations|1313860|sample|6|PVO.4|5024,1,1.78381e-06,1.66658,0.00288293,1398.45,0.223212,3.65512e-09,True,PGDM1400|PVO.4,1313860
1,130_bNAb_Combinations|1313860|sample|7|PVO.4|5024,1,0.00239708,1.59207,0.0170512,1398.45,0.223212,3.65512e-09,True,PGT121|PVO.4,1313860
1,130_bNAb_Combinations|1313860|sample|8|PVO.4|5024,1,0.000323602,1.59389,0.0170512,1398.45,0.223212,3.65512e-09,True,PGT121|PVO.4,1313860
1,130_bNAb_Combinations|1313860|sample|9|PVO.4|5024,1,5.20259e-06,1.54384,0.0170512,1398.45,0.223212,3.65512e-09,True,PGT121|PVO.4,1313860
1,130_bNAb_Combinations|1313860|vc|1|2|PVO.4|5024,1,0.195348,1.64306,0.0257345,1398.45,0.223212,3.65512e-09,False,nan|PVO.4,1313860
1,130_bNAb_Combinations|1313860|vc|2|2|PVO.4|5024,1,257.453,1.36671,0.0257345,1398.45,0.223212,3.65512e-09,False,nan|PVO.4,1313860
1,130_bNAb_Combinations|1313860|vc|3|2|PVO.4|5024,1,77.064,1.48651,0.0257345,1398.45,0.223212,3.65512e-09,False,nan|PVO.4,1313860
1,130_bNAb_Combinations|1313860|vc|4|2|PVO.4|5024,1,2.28085,1.8913,0.0257345,1398.45,0.223212,3.65512e-09,False,nan|PVO.4,1313860
1,130_bNAb_Combinations|1313860|vc|5|2|PVO.4|5024,1,0.774358,1.41227,0.0257345,1398.45,0.223212,3.65512e-09,False,nan|PVO.4,1313860
1,130_bNAb_Combinations|1313860|vc|6|2|PVO.4|5024,1,0.0605575,1.65169,0.0257345,1398.45,0.223212,3.65512e-09,False,nan|PVO.4,1313860
1,130_bNAb_Combinations|1313860|vc|7|2|PVO.4|5024,1,211.887,1.06239,0.0257345,1398.45,0.223212,3.65512e-09,False,nan|PVO.4,1313860
1,130_bNAb_Combinations|1313860|vc|8|2|PVO.4|5024,1,0.687457,0.452224,0.0257345,1398.45,0.223212,3.65512e-09,False,nan|PVO.4,1313860
1,130_bNAb_Combinations|1313884|cc|1|1|nan|4168,1,0.227672,-0.956073,0.00840902,1398.45,0.223185,3.65294e-09,False,nan|4168,1313884
1,130_bNAb_Combinations|1313884|cc|2|1|nan|4168,1,2.26058,-1.1603,0.00840902,1398.45,0.223185,3.65294e-09,False,nan|4168,1313884
1,130_bNAb_Combinations|1313884|cc|3|1|nan|4168,1,0.371899,1.09305,0.00840902,1398.45,0.223185,3.65294e-09,False,nan|4168,1313884
1,130_bNAb_Combinations|1313884|cc|4|1|nan|4168,1,0.132051,0.471015,0.00840902,1398.45,0.223185,3.65294e-09,False,nan|4168,1313884
1,130_bNAb_Combinations|1313884|cc|5|1|nan|4168,1,0.000694771,0.0397953,0.00840902,1398.45,0.223185,3.65294e-09,False,nan|4168,1313884
1,130_bNAb_Combinations|1313884|cc|6|1|nan|4168,1,0.19727,-0.118645,0.00840902,1398.45,0.223185,3.65294e-09,False,nan|4168,1313884
1,130_bNAb_Combinations|1313884|cc|7|1|nan|4168,1,31.6227,-0.936347,0.00840902,1398.45,0.223185,3.65294e-09,False,nan|4168,1313884
1,130_bNAb_Combinations|1313884|cc|8|1|nan|4168,1,0.790343,-1.32941,0.00840902,1398.45,0.223185,3.65294e-09,False,nan|4168,1313884
1,130_bNAb_Combinations|1313884|sample|10|nan|4168,1,0.125906,1.66413,0.0805786,1398.45,0.223185,3.65294e-09,True,PGT121|4168,1313884
1,130_bNAb_Combinations|1313884|sample|11|nan|4168,1,0.0136499,1.63145,0.0179663,1398.45,0.223185,3.65294e-09,True,VRC07-523LS|4168,1313884
1,130_bNAb_Combinations|1313884|sample|12|nan|4168,1,0.0111733,1.63205,0.0179663,1398.45,0.223185,3.65294e-09,True,VRC07-523LS|4168,1313884
1,130_bNAb_Combinations|1313884|sample|3|nan|4168,1,0.404366,1.34078,0.00133087,1398.45,0.223185,3.65294e-09,True,PGDM1400|4168,1313884
1,130_bNAb_Combinations|1313884|sample|4|nan|4168,1,0.124337,1.56881,0.00133087,1398.45,0.223185,3.65294e-09,True,PGDM1400|4168,1313884
1,130_bNAb_Combinations|1313884|sample|5|nan|4168,1,0.061156,1.56025,0.00133087,1398.45,0.223185,3.65294e-09,True,PGDM1400|4168,1313884
1,130_bNAb_Combinations|1313884|sample|6|nan|4168,1,0.0810482,1.60506,0.00133087,1398.45,0.223185,3.65294e-09,True,PGDM1400|4168,1313884
1,130_bNAb_Combinations|1313884|sample|7|nan|4168,1,0.211604,1.74837,0.0805786,1398.45,0.223185,3.65294e-09,True,PGT121|4168,1313884
1,130_bNAb_Combinations|1313884|sample|8|nan|4168,1,0.21655,1.31827,0.0805786,1398.45,0.223185,3.65294e-09,True,PGT121|4168,1313884
1,130_bNAb_Combinations|1313884|sample|9|nan|4168,1,0.0815853,2.82798,0.0805786,1398.45,0.223185,3.65294e-09,True,PGT121|4168,1313884
1,130_bNAb_Combinations|1313884|vc|1|2|nan|4168,1,1.44556,0.195116,0.00840902,1398.45,0.223185,3.65294e-09,False,nan|4168,1313884
1,130_bNAb_Combinations|1313884|vc|2|2|nan|4168,1,2.41501e-05,1.17311,0.00840902,1398.45,0.223185,3.65294e-09,False,nan|4168,1313884
1,130_bNAb_Combinations|1313884|vc|3|2|nan|4168,1,271492,0.14174,0.00840902,1398.45,0.223185,3.65294e-09,False,nan|4168,1313884
1,130_bNAb_Combinations|1313884|vc|4|2|nan|4168,1,1.16837,0.596531,0.00840902,1398.45,0.223185,3.65294e-09,False,nan|4168,1313884
1,130_bNAb_Combinations|1313884|vc|5|2|nan|4168,1,11.0501,1.53014,0.00840902,1398.45,0.223185,3.65294e-09,False,nan|4168,1313884
1,130_bNAb_Combinations|1313884|vc|6|2|nan|4168,1,25236.7,0.304469,0.00840902,1398.45,0.223185,3.65294e-09,False,nan|4168,1313884
1,130_bNAb_Combinations|1313884|vc|7|2|nan|4168,1,5.72176,1.14363,0.00840902,1398.45,0.223185,3.65294e-09,False,nan|4168,1313884
1,130_bNAb_Combinations|1313884|vc|8|2|nan|4168,1,2.26949e-05,0.591884,0.00840902,1398.45,0.223185,3.65294e-09,False,nan|4168,1313884
1,130_bNAb_Combinations|1313920|cc|1|1|nan|1798,1,640.087,-1.49513,0.00426045,1398.45,0.22318,3.65475e-09,False,nan|1798,1313920
1,130_bNAb_Combinations|1313920|cc|2|1|nan|1798,1,4.70039,-0.779061,0.00426045,1398.45,0.22318,3.65475e-09,False,nan|1798,1313920
1,130_bNAb_Combinations|1313920|cc|3|1|nan|1798,1,0.124308,1.25864,0.00426045,1398.45,0.22318,3.65475e-09,False,nan|1798,1313920
1,130_bNAb_Combinations|1313920|cc|4|1|nan|1798,1,255.364,-0.891815,0.00426045,1398.45,0.22318,3.65475e-09,False,nan|1798,1313920
1,130_bNAb_Combinations|1313920|cc|5|1|nan|1798,1,7.13891,-0.368029,0.00426045,1398.45,0.22318,3.65475e-09,False,nan|1798,1313920
1,130_bNAb_Combinations|1313920|cc|6|1|nan|1798,1,0.0621627,0.836559,0.00426045,1398.45,0.22318,3.65475e-09,False,nan|1798,1313920
1,130_bNAb_Combinations|1313920|cc|7|1|nan|1798,1,421.601,-0.673232,0.00426045,1398.45,0.22318,3.65475e-09,False,nan|1798,1313920
1,130_bNAb_Combinations|1313920|cc|8|1|nan|1798,1,0.372013,0.740229,0.00426045,1398.45,0.22318,3.65475e-09,False,nan|1798,1313920
1,130_bNAb_Combinations|1313920|sample|10|nan|1798,1,0.00508612,1.02937,0.0076268,1398.45,0.22318,3.65475e-09,True,PGT121|1798,1313920
1,130_bNAb_Combinations|1313920|sample|11|nan|1798,1,0.000284649,1.47079,0.00931453,1398.45,0.22318,3.65475e-09,True,VRC07-523LS|1798,1313920
1,130_bNAb_Combinations|1313920|sample|12|nan|1798,1,3.60232e-05,1.44072,0.00931453,1398.45,0.22318,3.65475e-09,True,VRC07-523LS|1798,1313920
1,130_bNAb_Combinations|1313920|sample|3|nan|1798,1,0.142885,1.49144,0.0119036,1398.45,0.22318,3.65475e-09,True,PGDM1400|1798,1313920
1,130_bNAb_Combinations|1313920|sample|4|nan|1798,1,0.168245,1.49781,0.0119036,1398.45,0.22318,3.65475e-09,True,PGDM1400|1798,1313920
1,130_bNAb_Combinations|1313920|sample|5|nan|1798,1,0.125408,1.74722,0.0119036,1398.45,0.22318,3.65475e-09,True,PGDM1400|1798,1313920
1,130_bNAb_Combinations|1313920|sample|6|nan|1798,1,0.171078,1.26974,0.0119036,1398.45,0.22318,3.65475e-09,True,PGDM1400|1798,1313920
1,130_bNAb_Combinations|1313920|sample|7|nan|1798,1,0.00381337,1.0727,0.0076268,1398.45,0.22318,3.65475e-09,True,PGT121|1798,1313920
1,130_bNAb_Combinations|1313920|sample|8|nan|1798,1,7.79122e-06,1.03614,0.00762681,1398.45,0.22318,3.65475e-09,True,PGT121|1798,1313920
1,130_bNAb_Combinations|1313920|sample|9|nan|1798,1,0.00563622,1.01478,0.0076268,1398.45,0.22318,3.65475e-09,True,PGT121|1798,1313920
1,130_bNAb_Combinations|1313920|vc|1|2|nan|1798,1,2160.72,1.25457,0.00426045,1398.45,0.22318,3.65475e-09,False,nan|1798,1313920
1,130_bNAb_Combinations|1313920|vc|2|2|nan|1798,1,1916.02,3.06744,0.00426045,1398.45,0.22318,3.65475e-09,False,nan|1798,1313920
1,130_bNAb_Combinations|1313920|vc|3|2|nan|1798,1,0.117965,0.531341,0.00426046,1398.45,0.22318,3.65475e-09,False,nan|1798,1313920
1,130_bNAb_Combinations|1313920|vc|4|2|nan|1798,1,0.892955,0.520582,0.00426045,1398.45,0.22318,3.65475e-09,False,nan|1798,1313920
1,130_bNAb_Combinations|1313920|vc|5|2|nan|1798,1,13.7767,0.507959,0.00426045,1398.45,0.22318,3.65475e-09,False,nan|1798,1313920
1,130_bNAb_Combinations|1313920|vc|6|2|nan|1798,1,3565.22,0.816886,0.00426045,1398.45,0.22318,3.65475e-09,False,nan|1798,1313920
1,130_bNAb_Combinations|1313920|vc|7|2|nan|1798,1,448602,1.4723,0.00426045,1398.45,0.22318,3.65475e-09,False,nan|1798,1313920
1,130_bNAb_Combinations|1313920|vc|8|2|nan|1798,1,1.01566e-05,0.889144,0.00426045,1398.45,0.22318,3.65475e-09,False,nan|1798,1313920
1,130_bNAb_Combinations|1313938|cc|1|1|TRO.11|8301,1,0.28398,2.1552,0.0225822,1398.45,0.170359,3.65298e-09,False,nan|TRO.11,1313938
1,130_bNAb_Combinations|1313938|cc|2|1|TRO.11|8301,1,9.1441e-05,-6.07377,0.0225822,1398.45,0.170359,3.65298e-09,False,nan|TRO.11,1313938
1,130_bNAb_Combinations|1313938|cc|3|1|TRO.11|8301,1,0.0503921,1.35816,0.0225822,1398.45,0.170359,3.65298e-09,False,nan|TRO.11,1313938
1,130_bNAb_Combinations|1313938|cc|4|1|TRO.11|8301,1,0.322189,0.137494,0.0225822,1398.45,0.170359,3.65298e-09,False,nan|TRO.11,1313938
1,130_bNAb_Combinations|1313938|cc|5|1|TRO.11|8301,1,0.00882155,-2.4803,0.0225822,1398.45,0.170359,3.65298e-09,False,nan|TRO.11,1313938
1,130_bNAb_Combinations|1313938|cc|6|1|TRO.11|8301,1,0.00120695,-1.58648,0.0225822,1398.45,0.170359,3.65298e-09,False,nan|TRO.11,1313938
1,130_bNAb_Combinations|1313938|cc|7|1|TRO.11|8301,1,282.523,1.30887,0.0225822,1398.45,0.170359,3.65298e-09,False,nan|TRO.11,1313938
1,130_bNAb_Combinations|1313938|cc|8|1|TRO.11|8301,1,21.9757,0.824423,0.0225822,1398.45,0.170359,3.65298e-09,False,nan|TRO.11,1313938
1,130_bNAb_Combinations|1313938|sample|10|TRO.11|8301,1,0.00174098,1.5881,0.274889,1398.45,0.170359,3.65298e-09,True,PGT121|TRO.11,1313938
1,130_bNAb_Combinations|1313938|sample|11|TRO.11|8301,1,0.000137635,1.43306,0.0329697,1398.45,0.170359,3.65298e-09,True,VRC07-523LS|TRO.11,1313938
1,130_bNAb_Combinations|1313938|sample|12|TRO.11|8301,1,0.0027131,1.40724,0.0329697,1398.45,0.170359,3.65298e-09,True,VRC07-523LS|TRO.11,1313938
1,130_bNAb_Combinations|1313938|sample|3|TRO.11|8301,1,0.0371944,1.70841,0.0174654,1398.45,0.170359,3.65298e-09,True,PGDM1400|TRO.11,1313938
1,130_bNAb_Combinations|1313938|sample|4|TRO.11|8301,1,0.0404192,1.66428,0.0174654,1398.45,0.170359,3.65298e-09,True,PGDM1400|TRO.11,1313938
1,130_bNAb_Combinations|1313938|sample|5|TRO.11|8301,1,0.0108428,1.91094,0.0174654,1398.45,0.170359,3.65298e-09,True,PGDM1400|TRO.11,1313938
1,130_bNAb_Combinations|1313938|sample|6|TRO.11|8301,1,0.0212259,2.09068,0.0174654,1398.45,0.170359,3.65298e-09,True,PGDM1400|TRO.11,1313938
1,130_bNAb_Combinations|1313938|sample|7|TRO.11|8301,1,0.00565713,1.59786,0.274889,1398.45,0.170359,3.65298e-09,True,PGT121|TRO.11,1313938
1,130_bNAb_Combinations|1313938|sample|8|TRO.11|8301,1,0.00289492,1.62127,0.274889,1398.45,0.170359,3.65298e-09,True,PGT121|TRO.11,1313938
1,130_bNAb_Combinations|1313938|sample|9|TRO.11|8301,1,0.00273697,1.55592,0.274889,1398.45,0.170359,3.65298e-09,True,PGT121|TRO.11,1313938
1,130_bNAb_Combinations|1313938|vc|1|2|TRO.11|8301,1,0.307313,2.09079,0.0225822,1398.45,0.170359,3.65298e-09,False,nan|TRO.11,1313938
1,130_bNAb_Combinations|1313938|vc|2|2|TRO.11|8301,1,16.6898,1.58395,0.0225822,1398.45,0.170359,3.65298e-09,False,nan|TRO.11,1313938
1,130_bNAb_Combinations|1313938|vc|3|2|TRO.11|8301,1,1.23685e+06,1.1144,0.0225822,1398.45,0.170359,3.65298e-09,False,nan|TRO.11,1313938
1,130_bNAb_Combinations|1313938|vc|4|2|TRO.11|8301,1,30.021,0.196632,0.0225822,1398.45,0.170359,3.65298e-09,False,nan|TRO.11,1313938
1,130_bNAb_Combinations|1313938|vc|5|2|TRO.11|8301,1,0.102557,1.41055,0.0225822,1398.45,0.170359,3.65298e-09,False,nan|TRO.11,1313938
1,130_bNAb_Combinations|1313938|vc|6|2|TRO.11|8301,1,8.90713,0.131173,0.0225822,1398.45,0.170359,3.65298e-09,False,nan|TRO.11,1313938
1,130_bNAb_Combinations|1313938|vc|7|2|TRO.11|8301,1,3419.29,1.60295,0.0225822,1398.45,0.170359,3.65298e-09,False,nan|TRO.11,1313938
1,130_bNAb_Combinations|1313938|vc|8|2|TRO.11|8301,1,0.284025,0.0375797,0.0225822,1398.45,0.170359,3.65298e-09,False,nan|TRO.11,1313938
1,130_bNAb_Combinations|1313956|cc|1|1|Ce1176_A3|7023,1,0.567259,1.45368,0.00792905,1398.45,0.223177,3.65306e-09,False,nan|Ce1176_A3,1313956
1,130_bNAb_Combinations|1313956|cc|2|1|Ce1176_A3|7023,1,36.45,-0.698376,0.00792905,1398.45,0.223177,3.65306e-09,False,nan|Ce1176_A3,1313956
1,130_bNAb_Combinations|1313956|cc|3|1|Ce1176_A3|7023,1,4.19992,0.557901,0.00792905,1398.45,0.223177,3.65306e-09,False,nan|Ce1176_A3,1313956
1,130_bNAb_Combinations|1313956|cc|4|1|Ce1176_A3|7023,1,1.64907,-1.33679,0.00792905,1398.45,0.223177,3.65306e-09,False,nan|Ce1176_A3,1313956
1,130_bNAb_Combinations|1313956|cc|5|1|Ce1176_A3|7023,1,416.123,-1.27738,0.00792905,1398.45,0.223177,3.65306e-09,False,nan|Ce1176_A3,1313956
1,130_bNAb_Combinations|1313956|cc|6|1|Ce1176_A3|7023,1,3342.44,0.359638,0.00792905,1398.45,0.223177,3.65306e-09,False,nan|Ce1176_A3,1313956
1,130_bNAb_Combinations|1313956|cc|7|1|Ce1176_A3|7023,1,0.00241372,-0.860794,0.00792905,1398.45,0.223177,3.65306e-09,False,nan|Ce1176_A3,1313956
1,130_bNAb_Combinations|1313956|cc|8|1|Ce1176_A3|7023,1,0.225486,0.482842,0.00792905,1398.45,0.223177,3.65306e-09,False,nan|Ce1176_A3,1313956
1,130_bNAb_Combinations|1313956|sample|10|Ce1176_A3|7023,1,0.00365359,1.72465,0.333458,1398.45,0.223177,3.65306e-09,True,PGT121|Ce1176_A3,1313956
1,130_bNAb_Combinations|1313956|sample|11|Ce1176_A3|7023,1,0.000137837,1.90578,0.0275515,1398.45,0.223177,3.65306e-09,True,VRC07-523LS|Ce1176_A3,1313956
1,130_bNAb_Combinations|1313956|sample|12|Ce1176_A3|7023,1,0.000144,1.81753,0.0275515,1398.45,0.223177,3.65306e-09,True,VRC07-523LS|Ce1176_A3,1313956
1,130_bNAb_Combinations|1313956|sample|3|Ce1176_A3|7023,1,0.408856,1.11321,0.00667452,1398.45,0.223177,3.65306e-09,True,PGDM1400|Ce1176_A3,1313956
1,130_bNAb_Combinations|1313956|sample|4|Ce1176_A3|7023,1,0.2665,1.2482,0.00667452,1398.45,0.223177,3.65306e-09,True,PGDM1400|Ce1176_A3,1313956
1,130_bNAb_Combinations|1313956|sample|5|Ce1176_A3|7023,1,0.188053,1.61809,0.00667452,1398.45,0.223177,3.65306e-09,True,PGDM1400|Ce1176_A3,1313956
1,130_bNAb_Combinations|1313956|sample|6|Ce1176_A3|7023,1,0.220992,1.50261,0.00667452,1398.45,0.223177,3.65306e-09,True,PGDM1400|Ce1176_A3,1313956
1,130_bNAb_Combinations|1313956|sample|7|Ce1176_A3|7023,1,0.00559234,1.69588,0.333458,1398.45,0.223177,3.65306e-09,True,PGT121|Ce1176_A3,1313956
1,130_bNAb_Combinations|1313956|sample|8|Ce1176_A3|7023,1,0.00142664,2.2613,0.333458,1398.45,0.223177,3.65306e-09,True,PGT121|Ce1176_A3,1313956
1,130_bNAb_Combinations|1313956|sample|9|Ce1176_A3|7023,1,0.00657434,1.75841,0.333458,1398.45,0.223177,3.65306e-09,True,PGT121|Ce1176_A3,1313956
1,130_bNAb_Combinations|1313956|vc|1|2|Ce1176_A3|7023,1,69.4182,0.272376,0.00792905,1398.45,0.223177,3.65306e-09,False,nan|Ce1176_A3,1313956
1,130_bNAb_Combinations|1313956|vc|2|2|Ce1176_A3|7023,1,4.59032e-06,0.806441,0.00792905,1398.45,0.223177,3.65306e-09,False,nan|Ce1176_A3,1313956
1,130_bNAb_Combinations|1313956|vc|3|2|Ce1176_A3|7023,1,0.000571358,0.486943,0.00792905,1398.45,0.223177,3.65306e-09,False,nan|Ce1176_A3,1313956
1,130_bNAb_Combinations|1313956|vc|4|2|Ce1176_A3|7023,1,125.942,2.24918,0.00792905,1398.45,0.223177,3.65306e-09,False,nan|Ce1176_A3,1313956
1,130_bNAb_Combinations|1313956|vc|5|2|Ce1176_A3|7023,1,170.804,2.36215,0.00792905,1398.45,0.223177,3.65306e-09,False,nan|Ce1176_A3,1313956
1,130_bNAb_Combinations|1313956|vc|6|2|Ce1176_A3|7023,1,0.00245486,1.39085,0.00792905,1398.45,0.223177,3.65306e-09,False,nan|Ce1176_A3,1313956
1,130_bNAb_Combinations|1313956|vc|7|2|Ce1176_A3|7023,1,6.6751,2.09827,0.00792905,1398.45,0.223177,3.65306e-09,False,nan|Ce1176_A3,1313956
1,130_bNAb_Combinations|1313956|vc|8|2|Ce1176_A3|7023,1,4493.21,2.82526,0.00792905,1398.45,0.223177,3.65306e-09,False,nan|Ce1176_A3,1313956
1,130_bNAb_Combinations|1313974|cc|1|1|nan|1176,1,51.4803,-2.09111,0.0575961,1398.45,0.22318,3.75013e-09,False,nan|1176,1313974
1,130_bNAb_Combinations|1313974|cc|2|1|nan|1176,1,0.533485,1.09907,0.0575961,1398.45,0.22318,3.75013e-09,False,nan|1176,1313974
1,130_bNAb_Combinations|1313974|cc|3|1|nan|1176,1,1.17081e-05,1.97916,0.0575961,1398.45,0.22318,3.75013e-09,False,nan|1176,1313974
1,130_bNAb_Combinations|1313974|cc|4|1|nan|1176,1,0.00800993,1.58741,0.0575961,1398.45,0.22318,3.75013e-09,False,nan|1176,1313974
1,130_bNAb_Combinations|1313974|cc|5|1|nan|1176,1,5699.93,3.10907,0.0575961,1398.45,0.22318,3.75013e-09,False,nan|1176,1313974
1,130_bNAb_Combinations|1313974|cc|6|1|nan|1176,1,0.222638,1.26021,0.0575961,1398.45,0.22318,3.75013e-09,False,nan|1176,1313974
1,130_bNAb_Combinations|1313974|cc|7|1|nan|1176,1,1.26466,3.86958,0.0575961,1398.45,0.22318,3.75013e-09,False,nan|1176,1313974
1,130_bNAb_Combinations|1313974|cc|8|1|nan|1176,1,0.78469,1.26882,0.0575961,1398.45,0.22318,3.75013e-09,False,nan|1176,1313974
1,130_bNAb_Combinations|1313974|sample|10|nan|1176,1,0.0795427,1.62932,0.00263629,1398.45,0.22318,3.75013e-09,True,PGT121|1176,1313974
1,130_bNAb_Combinations|1313974|sample|11|nan|1176,1,0.00891172,1.54677,0.0551697,1398.45,0.22318,3.75013e-09,True,VRC07-523LS|1176,1313974
1,130_bNAb_Combinations|1313974|sample|12|nan|1176,1,0.00720941,1.44149,0.0551697,1398.45,0.22318,3.75013e-09,True,VRC07-523LS|1176,1313974
1,130_bNAb_Combinations|1313974|sample|3|nan|1176,1,0.0269386,1.91173,0.185295,1398.45,0.22318,3.75013e-09,True,PGDM1400|1176,1313974
1,130_bNAb_Combinations|1313974|sample|4|nan|1176,1,0.0308432,1.97978,0.185295,1398.45,0.22318,3.75013e-09,True,PGDM1400|1176,1313974
1,130_bNAb_Combinations|1313974|sample|5|nan|1176,1,0.0615063,1.57875,0.185295,1398.45,0.22318,3.75013e-09,True,PGDM1400|1176,1313974
1,130_bNAb_Combinations|1313974|sample|6|nan|1176,1,0.0743417,1.65147,0.185295,1398.45,0.22318,3.75013e-09,True,PGDM1400|1176,1313974
1,130_bNAb_Combinations|1313974|sample|7|nan|1176,1,0.222568,1.26769,0.00263629,1398.45,0.22318,3.75013e-09,True,PGT121|1176,1313974
1,130_bNAb_Combinations|1313974|sample|8|nan|1176,1,0.00980023,1.55649,0.00263629,1398.45,0.22318,3.75013e-09,True,PGT121|1176,1313974
1,130_bNAb_Combinations|1313974|sample|9|nan|1176,1,0.09687,1.87958,0.00263629,1398.45,0.22318,3.75013e-09,True,PGT121|1176,1313974
1,130_bNAb_Combinations|1313974|vc|1|2|nan|1176,1,0.151436,1.67994,0.0575961,1398.45,0.22318,3.75013e-09,False,nan|1176,1313974
1,130_bNAb_Combinations|1313974|vc|2|2|nan|1176,1,0.000537197,1.99675,0.0575961,1398.45,0.22318,3.75013e-09,False,nan|1176,1313974
1,130_bNAb_Combinations|1313974|vc|3|2|nan|1176,1,2.06411,1.4629,0.0575961,1398.45,0.22318,3.75013e-09,False,nan|1176,1313974
1,130_bNAb_Combinations|1313974|vc|4|2|nan|1176,1,0.00187768,0.266835,0.0575961,1398.45,0.22318,3.75013e-09,False,nan|1176,1313974
1,130_bNAb_Combinations|1313974|vc|5|2|nan|1176,1,0.0205083,0.598313,0.0575961,1398.45,0.22318,3.75013e-09,False,nan|1176,1313974
1,130_bNAb_Combinations|1313974|vc|6|2|nan|1176,1,0.00536289,0.420531,0.0575961,1398.45,0.22318,3.75013e-09,False,nan|1176,1313974
1,130_bNAb_Combinations|1313974|vc|7|2|nan|1176,1,6.90514e-06,2.75213,0.0575961,1398.45,0.22318,3.75013e-09,False,nan|1176,1313974
1,130_bNAb_Combinations|1313974|vc|8|2|nan|1176,1,10.3546,1.059,0.0575961,1398.45,0.22318,3.75013e-09,False,nan|1176,1313974
1,130_bNAb_Combinations|1313992|cc|1|1|RHPA4259.7|5371,1,0.000138901,1.00346,0.0105615,1398.45,0.22318,3.65592e-09,False,nan|RHPA4259.7,1313992
1,130_bNAb_Combinations|1313992|cc|2|1|RHPA4259.7|5371,1,0.0191883,0.320064,0.0105615,1398.45,0.22318,3.65592e-09,False,nan|RHPA4259.7,1313992
1,130_bNAb_Combinations|1313992|cc|3|1|RHPA4259.7|5371,1,2719.45,3.36977,0.0105615,1398.45,0.22318,3.65592e-09,False,nan|RHPA4259.7,1313992
1,130_bNAb_Combinations|1313992|cc|4|1|RHPA4259.7|5371,1,19.2603,2.72867,0.0105615,1398.45,0.22318,3.65592e-09,False,nan|RHPA4259.7,1313992
1,130_bNAb_Combinations|1313992|cc|5|1|RHPA4259.7|5371,1,0.02749,2.14124,0.0105615,1398.45,0.22318,3.65592e-09,False,nan|RHPA4259.7,1313992
1,130_bNAb_Combinations|1313992|cc|6|1|RHPA4259.7|5371,1,7.05639,-0.791452,0.0105615,1398.45,0.22318,3.65592e-09,False,nan|RHPA4259.7,1313992
1,130_bNAb_Combinations|1313992|cc|7|1|RHPA4259.7|5371,1,0.686772,0.526348,0.0105615,1398.45,0.22318,3.65592e-09,False,nan|RHPA4259.7,1313992
1,130_bNAb_Combinations|1313992|cc|8|1|RHPA4259.7|5371,1,0.0692086,1.98942,0.0105615,1398.45,0.22318,3.65592e-09,False,nan|RHPA4259.7,1313992
1,130_bNAb_Combinations|1313992|sample|10|RHPA4259.7|5371,1,2.92593e-05,2.30895,0.34998,1398.45,0.22318,3.65592e-09,True,PGT121|RHPA4259.7,1313992
1,130_bNAb_Combinations|1313992|sample|11|RHPA4259.7|5371,1,0.00583411,1.32611,0.150723,1398.45,0.22318,3.65592e-09,True,VRC07-523LS|RHPA4259.7,1313992
1,130_bNAb_Combinations|1313992|sample|12|RHPA4259.7|5371,1,4.80315e-05,1.74958,0.150723,1398.45,0.22318,3.65592e-09,True,VRC07-523LS|RHPA4259.7,1313992
1,130_bNAb_Combinations|1313992|sample|3|RHPA4259.7|5371,1,0.0195341,1.48084,0.0077691,1398.45,0.22318,3.65592e-09,True,PGDM1400|RHPA4259.7,1313992
1,130_bNAb_Combinations|1313992|sample|4|RHPA4259.7|5371,1,0.0151993,1.41261,0.0077691,1398.45,0.22318,3.65592e-09,True,PGDM1400|RHPA4259.7,1313992
1,130_bNAb_Combinations|1313992|sample|5|RHPA4259.7|5371,1,0.00229631,1.53006,0.0077691,1398.45,0.22318,3.65592e-09,True,PGDM1400|RHPA4259.7,1313992
1,130_bNAb_Combinations|1313992|sample|6|RHPA4259.7|5371,1,0.0081725,1.52502,0.0077691,1398.45,0.22318,3.65592e-09,True,PGDM1400|RHPA4259.7,1313992
1,130_bNAb_Combinations|1313992|sample|7|RHPA4259.7|5371,1,0.0112264,1.69658,0.34998,1398.45,0.22318,3.65592e-09,True,PGT121|RHPA4259.7,1313992
1,130_bNAb_Combinations|1313992|sample|8|RHPA4259.7|5371,1,0.00223577,2.3462,0.34998,1398.45,0.22318,3.65592e-09,True,PGT121|RHPA4259.7,1313992
1,130_bNAb_Combinations|1313992|sample|9|RHPA4259.7|5371,1,0.000304893,2.31812,0.34998,1398.45,0.22318,3.65592e-09,True,PGT121|RHPA4259.7,1313992
1,130_bNAb_Combinations|1313992|vc|1|2|RHPA4259.7|5371,1,4750.4,1.36333,0.0105615,1398.45,0.22318,3.65592e-09,False,nan|RHPA4259.7,1313992
1,130_bNAb_Combinations|1313992|vc|2|2|RHPA4259.7|5371,1,0.000372039,2.27897,0.0105615,1398.45,0.22318,3.65592e-09,False,nan|RHPA4259.7,1313992
1,130_bNAb_Combinations|1313992|vc|3|2|RHPA4259.7|5371,1,26.4595,0.687788,0.0105615,1398.45,0.22318,3.65592e-09,False,nan|RHPA4259.7,1313992
1,130_bNAb_Combinations|1313992|vc|4|2|RHPA4259.7|5371,1,0.120758,0.291134,0.0105615,1398.45,0.22318,3.65592e-09,False,nan|RHPA4259.7,1313992
1,130_bNAb_Combinations|1313992|vc|5|2|RHPA4259.7|5371,1,17.4916,2.82405,0.0105615,1398.45,0.22318,3.65592e-09,False,nan|RHPA4259.7,1313992
1,130_bNAb_Combinations|1313992|vc|6|2|RHPA4259.7|5371,1,0.178014,2.55468,0.0105615,1398.45,0.22318,3.65592e-09,False,nan|RHPA4259.7,1313992
1,130_bNAb_Combinations|1313992|vc|7|2|RHPA4259.7|5371,1,1.16069,-0.665364,0.0105615,1398.45,0.22318,3.65592e-09,False,nan|RHPA4259.7,1313992
1,130_bNAb_Combinations|1313992|vc|8|2|RHPA4259.7|5371,1,118.017,1.56361,0.0105615,1398.45,0.22318,3.65592e-09,False,nan|RHPA4259.7,1313992
1,130_bNAb_Combinations|1314016|cc|1|1|nan|3430,1,1.47445,1.12501,0.0442939,1398.45,0.223174,3.65304e-09,False,nan|3430,1314016
1,130_bNAb_Combinations|1314016|cc|2|1|nan|3430,1,27.2534,3.2872,0.0442939,1398.45,0.223174,3.65304e-09,False,nan|3430,1314016
1,130_bNAb_Combinations|1314016|cc|3|1|nan|3430,1,4.73325e-05,-1.38234,0.0442939,1398.45,0.223174,3.65304e-09,False,nan|3430,1314016
1,130_bNAb_Combinations|1314016|cc|4|1|nan|3430,1,0.706911,1.19603,0.0442939,1398.45,0.223174,3.65304e-09,False,nan|3430,1314016
1,130_bNAb_Combinations|1314016|cc|5|1|nan|3430,1,0.669477,0.876079,0.0442939,1398.45,0.223174,3.65304e-09,False,nan|3430,1314016
1,130_bNAb_Combinations|1314016|cc|6|1|nan|3430,1,16.9819,-0.915378,0.0442939,1398.45,0.223174,3.65304e-09,False,nan|3430,1314016
1,130_bNAb_Combinations|1314016|cc|7|1|nan|3430,1,0.000360333,1.44265,0.0442939,1398.45,0.223174,3.65304e-09,False,nan|3430,1314016
1,130_bNAb_Combinations|1314016|cc|8|1|nan|3430,1,0.0539466,-1.824,0.0442939,1398.45,0.223174,3.65304e-09,False,nan|3430,1314016
1,130_bNAb_Combinations|1314016|sample|10|nan|3430,1,0.0121944,1.66493,0.088766,1398.45,0.223174,3.65304e-09,True,PGT121|3430,1314016
1,130_bNAb_Combinations|1314016|sample|11|nan|3430,1,6.30208e-05,1.77173,0.122631,1398.45,0.223174,3.65304e-09,True,VRC07-523LS|3430,1314016
1,130_bNAb_Combinations|1314016|sample|12|nan|3430,1,1.47729e-05,1.75572,0.122631,1398.45,0.223174,3.65304e-09,True,VRC07-523LS|3430,1314016
1,130_bNAb_Combinations|1314016|sample|3|nan|3430,1,0.0191609,1.26636,0.263564,1398.45,0.223174,3.65304e-09,True,PGDM1400|3430,1314016
1,130_bNAb_Combinations|1314016|sample|4|nan|3430,1,0.0109125,1.29138,0.263564,1398.45,0.223174,3.65304e-09,True,PGDM1400|3430,1314016
1,130_bNAb_Combinations|1314016|sample|5|nan|3430,1,0.0179099,1.15763,0.263564,1398.45,0.223174,3.65304e-09,True,PGDM1400|3430,1314016
1,130_bNAb_Combinations|1314016|sample|6|nan|3430,1,0.0136863,1.14364,0.263564,1398.45,0.223174,3.65304e-09,True,PGDM1400|3430,1314016
1,130_bNAb_Combinations|1314016|sample|7|nan|3430,1,0.0165958,1.92494,0.088766,1398.45,0.223174,3.65304e-09,True,PGT121|3430,1314016
1,130_bNAb_Combinations|1314016|sample|8|nan|3430,1,0.0294123,1.67702,0.088766,1398.45,0.223174,3.65304e-09,True,PGT121|3430,1314016
1,130_bNAb_Combinations|1314016|sample|9|nan|3430,1,0.0203698,1.66401,0.088766,1398.45,0.223174,3.65304e-09,True,PGT121|3430,1314016
1,130_bNAb_Combinations|1314016|vc|1|2|nan|3430,1,3.25817,1.22183,0.0442939,1398.45,0.223174,3.65304e-09,False,nan|3430,1314016
1,130_bNAb_Combinations|1314016|vc|2|2|nan|3430,1,8.89024e+07,3.46608,0.0442939,1398.45,0.223174,3.65304e-09,False,nan|3430,1314016
1,130_bNAb_Combinations|1314016|vc|3|2|nan|3430,1,25.7231,1.48361,0.0442939,1398.45,0.223174,3.65304e-09,False,nan|3430,1314016
1,130_bNAb_Combinations|1314016|vc|4|2|nan|3430,1,41.2379,0.712923,0.0442939,1398.45,0.223174,3.65304e-09,False,nan|3430,1314016
1,130_bNAb_Combinations|1314016|vc|5|2|nan|3430,1,14736,0.615119,0.0442939,1398.45,0.223174,3.65304e-09,False,nan|3430,1314016
1,130_bNAb_Combinations|1314016|vc|6|2|nan|3430,1,0.884685,2.24066,0.0442939,1398.45,0.223174,3.65304e-09,False,nan|3430,1314016
1,130_bNAb_Combinations|1314016|vc|7|2|nan|3430,1,1.60777,2.08229,0.0442939,1398.45,0.223174,3.65304e-09,False,nan|3430,1314016
1,130_bNAb_Combinations|1314016|vc|8|2|nan|3430,1,246222,1.07607,0.0442939,1398.45,0.223174,3.65304e-09,False,nan|3430,1314016
1,130_bNAb_Combinations|1314040|cc|1|1|nan|4166,1,49966.2,-3.41802,0.0166271,1398.45,0.22318,3.65299e-09,False,nan|4166,1314040
1,130_bNAb_Combinations|1314040|cc|2|1|nan|4166,1,7.59318,2.52066,0.0166271,1398.45,0.22318,3.65299e-09,False,nan|4166,1314040
1,130_bNAb_Combinations|1314040|cc|3|1|nan|4166,1,5.65208,-0.163055,0.0166271,1398.45,0.22318,3.65299e-09,False,nan|4166,1314040
1,130_bNAb_Combinations|1314040|cc|4|1|nan|4166,1,5.28368e-08,1.52584,0.0166271,1398.45,0.22318,3.65299e-09,False,nan|4166,1314040
1,130_bNAb_Combinations|1314040|cc|5|1|nan|4166,1,1.18009,-1.81068,0.0166271,1398.45,0.22318,3.65299e-09,False,nan|4166,1314040
1,130_bNAb_Combinations|1314040|cc|6|1|nan|4166,1,0.14971,0.53352,0.0166271,1398.45,0.22318,3.65299e-09,False,nan|4166,1314040
1,130_bNAb_Combinations|1314040|cc|7|1|nan|4166,1,0.00132191,-2.9515,0.0166271,1398.45,0.22318,3.65299e-09,False,nan|4166,1314040
1,130_bNAb_Combinations|1314040|cc|8|1|nan|4166,1,0.379897,-0.949774,0.0166271,1398.45,0.22318,3.65299e-09,False,nan|4166,1314040
1,130_bNAb_Combinations|1314040|sample|10|nan|4166,1,0.000158928,1.47177,0.276198,1398.45,0.22318,3.65299e-09,True,PGT121|4166,1314040
1,130_bNAb_Combinations|1314040|sample|11|nan|4166,1,0.00478101,1.50623,0.262733,1398.45,0.22318,3.65299e-09,True,VRC07-523LS|4166,1314040
1,130_bNAb_Combinations|1314040|sample|12|nan|4166,1,0.00541711,1.46451,0.262733,1398.45,0.22318,3.65299e-09,True,VRC07-523LS|4166,1314040
1,130_bNAb_Combinations|1314040|sample|3|nan|4166,1,0.0135365,1.36365,0.257434,1398.45,0.22318,3.65299e-09,True,PGDM1400|4166,1314040
1,130_bNAb_Combinations|1314040|sample|4|nan|4166,1,0.0173113,1.39084,0.257434,1398.45,0.22318,3.65299e-09,True,PGDM1400|4166,1314040
1,130_bNAb_Combinations|1314040|sample|5|nan|4166,1,0.0141094,1.47915,0.257434,1398.45,0.22318,3.65299e-09,True,PGDM1400|4166,1314040
1,130_bNAb_Combinations|1314040|sample|6|nan|4166,1,0.0139773,1.54864,0.257434,1398.45,0.22318,3.65299e-09,True,PGDM1400|4166,1314040
1,130_bNAb_Combinations|1314040|sample|7|nan|4166,1,0.000968971,1.54888,0.276198,1398.45,0.22318,3.65299e-09,True,PGT121|4166,1314040
1,130_bNAb_Combinations|1314040|sample|8|nan|4166,1,0.00811985,1.46686,0.276198,1398.45,0.22318,3.65299e-09,True,PGT121|4166,1314040
1,130_bNAb_Combinations|1314040|sample|9|nan|4166,1,0.0008056,1.47951,0.276198,1398.45,0.22318,3.65299e-09,True,PGT121|4166,1314040
1,130_bNAb_Combinations|1314040|vc|1|2|nan|4166,1,5.50943,1.89176,0.0166271,1398.45,0.22318,3.65299e-09,False,nan|4166,1314040
1,130_bNAb_Combinations|1314040|vc|2|2|nan|4166,1,327.877,0.588444,0.0166271,1398.45,0.22318,3.65299e-09,False,nan|4166,1314040
1,130_bNAb_Combinations|1314040|vc|3|2|nan|4166,1,1270.77,0.675423,0.0166271,1398.45,0.22318,3.65299e-09,False,nan|4166,1314040
1,130_bNAb_Combinations|1314040|vc|4|2|nan|4166,1,0.000696336,1.53738,0.0166271,1398.45,0.22318,3.65299e-09,False,nan|4166,1314040
1,130_bNAb_Combinations|1314040|vc|5|2|nan|4166,1,4.69799,1.79039,0.0166271,1398.45,0.22318,3.65299e-09,False,nan|4166,1314040
1,130_bNAb_Combinations|1314040|vc|6|2|nan|4166,1,862.635,2.50626,0.0166271,1398.45,0.22318,3.65299e-09,False,nan|4166,1314040
1,130_bNAb_Combinations|1314040|vc|7|2|nan|4166,1,0.873054,-0.294072,0.0166271,1398.45,0.22318,3.65299e-09,False,nan|4166,1314040
1,130_bNAb_Combinations|1314040|vc|8|2|nan|4166,1,0.345479,0.703892,0.0166271,1398.45,0.22318,3.65299e-09,False,nan|4166,1314040
1,130_bNAb_Combinations|1314058|cc|1|1|nan|2944,1,11.3441,-0.219587,0.00936102,1398.45,0.263551,3.65298e-09,False,nan|2944,1314058
1,130_bNAb_Combinations|1314058|cc|2|1|nan|2944,1,32.315,1.28316,0.00936102,1398.45,0.263551,3.65298e-09,False,nan|2944,1314058
1,130_bNAb_Combinations|1314058|cc|3|1|nan|2944,1,0.000846595,0.530389,0.00936102,1398.45,0.263551,3.65298e-09,False,nan|2944,1314058
1,130_bNAb_Combinations|1314058|cc|4|1|nan|2944,1,589.283,1.35962,0.00936102,1398.45,0.263551,3.65298e-09,False,nan|2944,1314058
1,130_bNAb_Combinations|1314058|cc|5|1|nan|2944,1,42.874,-1.38777,0.00936102,1398.45,0.263551,3.65298e-09,False,nan|2944,1314058
1,130_bNAb_Combinations|1314058|cc|6|1|nan|2944,1,127.357,-4.16136,0.00936102,1398.45,0.263551,3.65298e-09,False,nan|2944,1314058
1,130_bNAb_Combinations|1314058|cc|7|1|nan|2944,1,37.5092,2.03496,0.00936102,1398.45,0.263551,3.65298e-09,False,nan|2944,1314058
1,130_bNAb_Combinations|1314058|cc|8|1|nan|2944,1,0.0401753,-4.01431,0.00936102,1398.45,0.263551,3.65298e-09,False,nan|2944,1314058
1,130_bNAb_Combinations|1314058|sample|10|nan|2944,1,0.00273126,1.48878,0.248927,1398.45,0.263551,3.65298e-09,True,PGT121|2944,1314058
1,130_bNAb_Combinations|1314058|sample|11|nan|2944,1,0.000223713,1.51587,0.0524205,1398.45,0.263551,3.65298e-09,True,VRC07-523LS|2944,1314058
1,130_bNAb_Combinations|1314058|sample|12|nan|2944,1,0.00668979,1.5414,0.0524205,1398.45,0.263551,3.65298e-09,True,VRC07-523LS|2944,1314058
1,130_bNAb_Combinations|1314058|sample|3|nan|2944,1,0.00690539,0.801495,0.0330222,1398.45,0.263551,3.65298e-09,True,PGDM1400|2944,1314058
1,130_bNAb_Combinations|1314058|sample|4|nan|2944,1,0.00514339,0.816398,0.0330222,1398.45,0.263551,3.65298e-09,True,PGDM1400|2944,1314058
1,130_bNAb_Combinations|1314058|sample|5|nan|2944,1,0.00792363,0.792403,0.0330222,1398.45,0.263551,3.65298e-09,True,PGDM1400|2944,1314058
1,130_bNAb_Combinations|1314058|sample|6|nan|2944,1,0.00369294,0.764229,0.0330222,1398.45,0.263551,3.65298e-09,True,PGDM1400|2944,1314058
1,130_bNAb_Combinations|1314058|sample|7|nan|2944,1,0.0103761,1.484,0.248927,1398.45,0.263551,3.65298e-09,True,PGT121|2944,1314058
1,130_bNAb_Combinations|1314058|sample|8|nan|2944,1,0.000792751,1.4868,0.248927,1398.45,0.263551,3.65298e-09,True,PGT121|2944,1314058
1,130_bNAb_Combinations|1314058|sample|9|nan|2944,1,0.00117881,1.51159,0.248927,1398.45,0.263551,3.65298e-09,True,PGT121|2944,1314058
1,130_bNAb_Combinations|1314058|vc|1|2|nan|2944,1,578.618,1.1655,0.00936102,1398.45,0.263551,3.65298e-09,False,nan|2944,1314058
1,130_bNAb_Combinations|1314058|vc|2|2|nan|2944,1,1.5893,2.34834,0.00936102,1398.45,0.263551,3.65298e-09,False,nan|2944,1314058
1,130_bNAb_Combinations|1314058|vc|3|2|nan|2944,1,5006.51,0.249421,0.00936102,1398.45,0.263551,3.65298e-09,False,nan|2944,1314058
1,130_bNAb_Combinations|1314058|vc|4|2|nan|2944,1,1.12104,0.166719,0.00936102,1398.45,0.263551,3.65298e-09,False,nan|2944,1314058
1,130_bNAb_Combinations|1314058|vc|5|2|nan|2944,1,701.279,1.68527,0.00936102,1398.45,0.263551,3.65298e-09,False,nan|2944,1314058
1,130_bNAb_Combinations|1314058|vc|6|2|nan|2944,1,0.000155421,3.16942,0.00936102,1398.45,0.263551,3.65298e-09,False,nan|2944,1314058
1,130_bNAb_Combinations|1314058|vc|7|2|nan|2944,1,0.0138749,1.70029,0.00936102,1398.45,0.263551,3.65298e-09,False,nan|2944,1314058
1,130_bNAb_Combinations|1314058|vc|8|2|nan|2944,1,29.7569,2.24786,0.00936102,1398.45,0.263551,3.65298e-09,False,nan|2944,1314058
1,130_bNAb_Combinations|1342240|cc|1|1|nan|1798,1,19.0215,-1.70427,0.00426045,1398.45,0.22319,3.65298e-09,False,nan|1798,1342240
1,130_bNAb_Combinations|1342240|cc|2|1|nan|1798,1,1.41154,0.587529,0.00426045,1398.45,0.22319,3.65298e-09,False,nan|1798,1342240
1,130_bNAb_Combinations|1342240|cc|3|1|nan|1798,1,7.56244,2.15619,0.00426045,1398.45,0.22319,3.65298e-09,False,nan|1798,1342240
1,130_bNAb_Combinations|1342240|cc|4|1|nan|1798,1,0.109144,4.48992,0.00426045,1398.45,0.22319,3.65298e-09,False,nan|1798,1342240
1,130_bNAb_Combinations|1342240|cc|5|1|nan|1798,1,4.40863,-0.0631645,0.00426045,1398.45,0.22319,3.65298e-09,False,nan|1798,1342240
1,130_bNAb_Combinations|1342240|cc|6|1|nan|1798,1,3.8193e-05,1.0051,0.00426045,1398.45,0.22319,3.65298e-09,False,nan|1798,1342240
1,130_bNAb_Combinations|1342240|cc|7|1|nan|1798,1,6.35682,0.159822,0.00426045,1398.45,0.22319,3.65298e-09,False,nan|1798,1342240
1,130_bNAb_Combinations|1342240|cc|8|1|nan|1798,1,18.1955,-2.41543,0.00426046,1398.45,0.22319,3.65298e-09,False,nan|1798,1342240
1,130_bNAb_Combinations|1342240|sample|3|nan|1798,1,1.24946e-05,1.72657,0.00931453,1398.45,0.22319,3.65298e-09,True,VRC07-523LS|1798,1342240
1,130_bNAb_Combinations|1342240|sample|4|nan|1798,1,0.000168318,1.70164,0.00931453,1398.45,0.22319,3.65298e-09,True,VRC07-523LS|1798,1342240
1,130_bNAb_Combinations|1342240|sample|8|nan|1798,1,0.000796017,1.95997,0.00931453,1398.45,0.22319,3.65298e-09,True,VRC07-523LS|1798,1342240
1,130_bNAb_Combinations|1342240|vc|1|2|nan|1798,1,1.18922,0.255307,0.00426045,1398.45,0.22319,3.65298e-09,False,nan|1798,1342240
1,130_bNAb_Combinations|1342240|vc|2|2|nan|1798,1,0.0062933,1.44275,0.00426045,1398.45,0.22319,3.65298e-09,False,nan|1798,1342240
1,130_bNAb_Combinations|1342240|vc|3|2|nan|1798,1,591260,1.96683,0.00426045,1398.45,0.22319,3.65298e-09,False,nan|1798,1342240
1,130_bNAb_Combinations|1342240|vc|4|2|nan|1798,1,0.00819091,1.76137,0.00426045,1398.45,0.22319,3.65298e-09,False,nan|1798,1342240
1,130_bNAb_Combinations|1342240|vc|5|2|nan|1798,1,0.104272,0.711786,0.00426045,1398.45,0.22319,3.65298e-09,False,nan|1798,1342240
1,130_bNAb_Combinations|1342240|vc|6|2|nan|1798,1,0.109479,2.29041,0.00426045,1398.45,0.22319,3.65298e-09,False,nan|1798,1342240
1,130_bNAb_Combinations|1342240|vc|7|2|nan|1798,1,0.000216445,3.308,0.00426046,1398.45,0.22319,3.65298e-09,False,nan|1798,1342240
1,130_bNAb_Combinations|1342240|vc|8|2|nan|1798,1,35458.9,1.05223,0.00426045,1398.45,0.22319,3.65298e-09,False,nan|1798,1342240
1,130_bNAb_Combinations|1342258|cc|1|1|TRO.11|8301,1,1.38393,-3.46602,0.0225822,1398.45,0.127056,3.65298e-09,False,nan|TRO.11,1342258
1,130_bNAb_Combinations|1342258|cc|2|1|TRO.11|8301,1,515.216,1.46665,0.0225822,1398.45,0.127056,3.65298e-09,False,nan|TRO.11,1342258
1,130_bNAb_Combinations|1342258|cc|3|1|TRO.11|8301,1,0.0589699,0.900738,0.0225822,1398.45,0.127056,3.65298e-09,False,nan|TRO.11,1342258
1,130_bNAb_Combinations|1342258|cc|4|1|TRO.11|8301,1,0.000340843,-3.08519,0.0225822,1398.45,0.127056,3.65298e-09,False,nan|TRO.11,1342258
1,130_bNAb_Combinations|1342258|cc|5|1|TRO.11|8301,1,0.0263595,0.131193,0.0225822,1398.45,0.127056,3.65298e-09,False,nan|TRO.11,1342258
1,130_bNAb_Combinations|1342258|cc|6|1|TRO.11|8301,1,0.581976,-1.48374,0.0225822,1398.45,0.127056,3.65298e-09,False,nan|TRO.11,1342258
1,130_bNAb_Combinations|1342258|cc|7|1|TRO.11|8301,1,25.7253,1.54978,0.0225822,1398.45,0.127056,3.65298e-09,False,nan|TRO.11,1342258
1,130_bNAb_Combinations|1342258|cc|8|1|TRO.11|8301,1,75.3139,3.19445,0.0225822,1398.45,0.127056,3.65298e-09,False,nan|TRO.11,1342258
1,130_bNAb_Combinations|1342258|sample|3|TRO.11|8301,1,0.000372167,1.62413,0.0329697,1398.45,0.127056,3.65298e-09,True,VRC07-523LS|TRO.11,1342258
1,130_bNAb_Combinations|1342258|sample|4|TRO.11|8301,1,0.00243569,1.58344,0.0329697,1398.45,0.127056,3.65298e-09,True,VRC07-523LS|TRO.11,1342258
1,130_bNAb_Combinations|1342258|vc|1|2|TRO.11|8301,1,0.816922,1.15148,0.0225822,1398.45,0.127056,3.65298e-09,False,nan|TRO.11,1342258
1,130_bNAb_Combinations|1342258|vc|2|2|TRO.11|8301,1,0.000200214,2.14488,0.0225822,1398.45,0.127056,3.65298e-09,False,nan|TRO.11,1342258
1,130_bNAb_Combinations|1342258|vc|3|2|TRO.11|8301,1,0.0343223,2.7724,0.0225822,1398.45,0.127056,3.65298e-09,False,nan|TRO.11,1342258
1,130_bNAb_Combinations|1342258|vc|4|2|TRO.11|8301,1,0.00162345,0.22298,0.0225822,1398.45,0.127056,3.65298e-09,False,nan|TRO.11,1342258
1,130_bNAb_Combinations|1342258|vc|5|2|TRO.11|8301,1,0.0116977,0.716076,0.0225822,1398.45,0.127056,3.65298e-09,False,nan|TRO.11,1342258
1,130_bNAb_Combinations|1342258|vc|6|2|TRO.11|8301,1,427.481,0.968457,0.0225822,1398.45,0.127056,3.65298e-09,False,nan|TRO.11,1342258
1,130_bNAb_Combinations|1342258|vc|7|2|TRO.11|8301,1,1225.38,1.25927,0.0225822,1398.45,0.127056,3.65298e-09,False,nan|TRO.11,1342258
1,130_bNAb_Combinations|1342258|vc|8|2|TRO.11|8301,1,5.5906,0.296596,0.0225822,1398.45,0.127056,3.65298e-09,False,nan|TRO.11,1342258
1,130_bNAb_Combinations|1342276|cc|1|1|Ce1176_A3|7023,1,0.0461568,-0.28616,0.00792905,1398.45,0.22318,3.65298e-09,False,nan|Ce1176_A3,1342276
1,130_bNAb_Combinations|1342276|cc|2|1|Ce1176_A3|7023,1,344.852,0.30267,0.00792905,1398.45,0.22318,3.65298e-09,False,nan|Ce1176_A3,1342276
1,130_bNAb_Combinations|1342276|cc|3|1|Ce1176_A3|7023,1,0.220361,-0.305767,0.00792905,1398.45,0.22318,3.65298e-09,False,nan|Ce1176_A3,1342276
1,130_bNAb_Combinations|1342276|cc|4|1|Ce1176_A3|7023,1,1.19339,0.196406,0.00792905,1398.45,0.22318,3.65298e-09,False,nan|Ce1176_A3,1342276
1,130_bNAb_Combinations|1342276|cc|5|1|Ce1176_A3|7023,1,18.9918,1.56109,0.00792905,1398.45,0.22318,3.65298e-09,False,nan|Ce1176_A3,1342276
1,130_bNAb_Combinations|1342276|cc|6|1|Ce1176_A3|7023,1,1.30163e-05,-0.420074,0.00792905,1398.45,0.22318,3.65298e-09,False,nan|Ce1176_A3,1342276
1,130_bNAb_Combinations|1342276|cc|7|1|Ce1176_A3|7023,1,897.245,1.2631,0.00792905,1398.45,0.22318,3.65298e-09,False,nan|Ce1176_A3,1342276
1,130_bNAb_Combinations|1342276|cc|8|1|Ce1176_A3|7023,1,0.235192,1.94049,0.00792905,1398.45,0.22318,3.65298e-09,False,nan|Ce1176_A3,1342276
1,130_bNAb_Combinations|1342276|sample|3|Ce1176_A3|7023,1,0.00773396,1.70853,0.0275515,1398.45,0.22318,3.65298e-09,True,VRC07-523LS|Ce1176_A3,1342276
1,130_bNAb_Combinations|1342276|sample|4|Ce1176_A3|7023,1,1.66121e-05,2.50262,0.0275515,1398.45,0.22318,3.65298e-09,True,VRC07-523LS|Ce1176_A3,1342276
1,130_bNAb_Combinations|1342276|vc|1|2|Ce1176_A3|7023,1,121496,0.80275,0.00792905,1398.45,0.22318,3.65298e-09,False,nan|Ce1176_A3,1342276
1,130_bNAb_Combinations|1342276|vc|2|2|Ce1176_A3|7023,1,250.277,1.96663,0.00792905,1398.45,0.22318,3.65298e-09,False,nan|Ce1176_A3,1342276
1,130_bNAb_Combinations|1342276|vc|3|2|Ce1176_A3|7023,1,0.000194425,0.305817,0.00792905,1398.45,0.22318,3.65298e-09,False,nan|Ce1176_A3,1342276
1,130_bNAb_Combinations|1342276|vc|4|2|Ce1176_A3|7023,1,76739.1,1.38548,0.00792905,1398.45,0.22318,3.65298e-09,False,nan|Ce1176_A3,1342276
1,130_bNAb_Combinations|1342276|vc|5|2|Ce1176_A3|7023,1,692.862,1.36845,0.00792905,1398.45,0.22318,3.65298e-09,False,nan|Ce1176_A3,1342276
1,130_bNAb_Combinations|1342276|vc|6|2|Ce1176_A3|7023,1,0.0673652,2.64957,0.00792905,1398.45,0.22318,3.65298e-09,False,nan|Ce1176_A3,1342276
1,130_bNAb_Combinations|1342276|vc|7|2|Ce1176_A3|7023,1,21.0011,0.210251,0.00792905,1398.45,0.22318,3.65298e-09,False,nan|Ce1176_A3,1342276
1,130_bNAb_Combinations|1342276|vc|8|2|Ce1176_A3|7023,1,3.2205e-05,1.12002,0.00792905,1398.45,0.22318,3.65298e-09,False,nan|Ce1176_A3,1342276
1,130_bNAb_Combinations|1342294|cc|1|1|nan|1176,1,5.26508e-06,0.0916814,0.0575961,1398.45,0.223182,3.65298e-09,False,nan|1176,1342294
1,130_bNAb_Combinations|1342294|cc|2|1|nan|1176,1,36.7198,-0.790708,0.0575961,1398.45,0.223182,3.65298e-09,False,nan|1176,1342294
1,130_bNAb_Combinations|1342294|cc|3|1|nan|1176,1,0.0434885,3.4949,0.0575961,1398.45,0.223182,3.65298e-09,False,nan|1176,1342294
1,130_bNAb_Combinations|1342294|cc|4|1|nan|1176,1,0.272582,0.24429,0.0575961,1398.45,0.223182,3.65298e-09,False,nan|1176,1342294
1,130_bNAb_Combinations|1342294|cc|5|1|nan|1176,1,0.00332775,-1.1689,0.0575961,1398.45,0.223182,3.65298e-09,False,nan|1176,1342294
1,130_bNAb_Combinations|1342294|cc|6|1|nan|1176,1,0.252002,-0.659607,0.0575961,1398.45,0.223182,3.65298e-09,False,nan|1176,1342294
1,130_bNAb_Combinations|1342294|cc|7|1|nan|1176,1,0.232789,2.8879,0.0575961,1398.45,0.223182,3.65298e-09,False,nan|1176,1342294
1,130_bNAb_Combinations|1342294|cc|8|1|nan|1176,1,0.0106503,-0.745124,0.0575961,1398.45,0.223182,3.65298e-09,False,nan|1176,1342294
1,130_bNAb_Combinations|1342294|sample|3|nan|1176,1,0.0140593,1.37125,0.0551697,1398.45,0.223182,3.65298e-09,True,VRC07-523LS|1176,1342294
1,130_bNAb_Combinations|1342294|sample|4|nan|1176,1,0.0128384,1.5201,0.0551697,1398.45,0.223182,3.65298e-09,True,VRC07-523LS|1176,1342294
1,130_bNAb_Combinations|1342294|sample|8|nan|1176,1,0.0162954,1.02556,0.0551697,1398.45,0.223182,3.65298e-09,True,VRC07-523LS|1176,1342294
1,130_bNAb_Combinations|1342294|vc|1|2|nan|1176,1,581.582,0.10103,0.0575961,1398.45,0.223182,3.65298e-09,False,nan|1176,1342294
1,130_bNAb_Combinations|1342294|vc|2|2|nan|1176,1,0.466758,2.22467,0.0575961,1398.45,0.223182,3.65298e-09,False,nan|1176,1342294
1,130_bNAb_Combinations|1342294|vc|3|2|nan|1176,1,0.421385,1.08315,0.0575961,1398.45,0.223182,3.65298e-09,False,nan|1176,1342294
1,130_bNAb_Combinations|1342294|vc|4|2|nan|1176,1,18.3038,2.11445,0.0575961,1398.45,0.223182,3.65298e-09,False,nan|1176,1342294
1,130_bNAb_Combinations|1342294|vc|5|2|nan|1176,1,7.76255e-05,0.357467,0.0575961,1398.45,0.223182,3.65298e-09,False,nan|1176,1342294
1,130_bNAb_Combinations|1342294|vc|6|2|nan|1176,1,13427.7,4.24151,0.0575961,1398.45,0.223182,3.65298e-09,False,nan|1176,1342294
1,130_bNAb_Combinations|1342294|vc|7|2|nan|1176,1,14878.3,2.99124,0.0575961,1398.45,0.223182,3.65298e-09,False,nan|1176,1342294
1,130_bNAb_Combinations|1342294|vc|8|2|nan|1176,1,0.685279,0.492864,0.0575961,1398.45,0.223182,3.65298e-09,False,nan|1176,1342294
1,130_bNAb_Combinations|1342312|cc|1|1|RHPA4259.7|5371,1,367.773,-1.38968,0.0105615,1398.45,0.22318,3.65298e-09,False,nan|RHPA4259.7,1342312
1,130_bNAb_Combinations|1342312|cc|2|1|RHPA4259.7|5371,1,0.290538,-1.25178,0.0105615,1398.45,0.22318,3.65298e-09,False,nan|RHPA4259.7,1342312
1,130_bNAb_Combinations|1342312|cc|3|1|RHPA4259.7|5371,1,51.985,-0.567236,0.0105615,1398.45,0.22318,3.65298e-09,False,nan|RHPA4259.7,1342312
1,130_bNAb_Combinations|1342312|cc|4|1|RHPA4259.7|5371,1,119.031,1.50187,0.0105615,1398.45,0.22318,3.65298e-09,False,nan|RHPA4259.7,1342312
1,130_bNAb_Combinations|1342312|cc|5|1|RHPA4259.7|5371,1,0.000835304,0.962945,0.0105615,1398.45,0.22318,3.65298e-09,False,nan|RHPA4259.7,1342312
1,130_bNAb_Combinations|1342312|cc|6|1|RHPA4259.7|5371,1,0.00202337,1.2063,0.0105615,1398.45,0.22318,3.65298e-09,False,nan|RHPA4259.7,1342312
1,130_bNAb_Combinations|1342312|cc|7|1|RHPA4259.7|5371,1,10147.5,-0.37364,0.0105615,1398.45,0.22318,3.65298e-09,False,nan|RHPA4259.7,1342312
1,130_bNAb_Combinations|1342312|cc|8|1|RHPA4259.7|5371,1,22750.4,-0.0946061,0.0105615,1398.45,0.22318,3.65298e-09,False,nan|RHPA4259.7,1342312
1,130_bNAb_Combinations|1342312|sample|3|RHPA4259.7|5371,1,0.00243313,1.72112,0.150723,1398.45,0.22318,3.65298e-09,True,VRC07-523LS|RHPA4259.7,1342312
1,130_bNAb_Combinations|1342312|sample|4|RHPA4259.7|5371,1,0.00332338,1.6419,0.150723,1398.45,0.22318,3.65298e-09,True,VRC07-523LS|RHPA4259.7,1342312
1,130_bNAb_Combinations|1342312|vc|1|2|RHPA4259.7|5371,1,1.82556,0.912754,0.0105615,1398.45,0.22318,3.65298e-09,False,nan|RHPA4259.7,1342312
1,130_bNAb_Combinations|1342312|vc|2|2|RHPA4259.7|5371,1,137.073,3.67398,0.0105615,1398.45,0.22318,3.65298e-09,False,nan|RHPA4259.7,1342312
1,130_bNAb_Combinations|1342312|vc|3|2|RHPA4259.7|5371,1,0.0138209,1.46982,0.0105615,1398.45,0.22318,3.65298e-09,False,nan|RHPA4259.7,1342312
1,130_bNAb_Combinations|1342312|vc|4|2|RHPA4259.7|5371,1,210.001,0.525465,0.0105615,1398.45,0.22318,3.65298e-09,False,nan|RHPA4259.7,1342312
1,130_bNAb_Combinations|1342312|vc|5|2|RHPA4259.7|5371,1,0.0565284,0.137273,0.0105615,1398.45,0.22318,3.65298e-09,False,nan|RHPA4259.7,1342312
1,130_bNAb_Combinations|1342312|vc|6|2|RHPA4259.7|5371,1,0.260563,2.48784,0.0105615,1398.45,0.22318,3.65298e-09,False,nan|RHPA4259.7,1342312
1,130_bNAb_Combinations|1342312|vc|7|2|RHPA4259.7|5371,1,31.2288,0.624304,0.0105615,1398.45,0.22318,3.65298e-09,False,nan|RHPA4259.7,1342312
1,130_bNAb_Combinations|1342312|vc|8|2|RHPA4259.7|5371,1,52.3159,0.945307,0.0105615,1398.45,0.22318,3.65298e-09,False,nan|RHPA4259.7,1342312
1,130_bNAb_Combinations|1342336|cc|1|1|nan|3430,1,0.103725,2.066,0.0442939,1398.45,0.22318,3.65298e-09,False,nan|3430,1342336
1,130_bNAb_Combinations|1342336|cc|2|1|nan|3430,1,0.00260756,1.23487,0.0442939,1398.45,0.22318,3.65298e-09,False,nan|3430,1342336
1,130_bNAb_Combinations|1342336|cc|3|1|nan|3430,1,0.0208195,-1.11575,0.0442939,1398.45,0.22318,3.65298e-09,False,nan|3430,1342336
1,130_bNAb_Combinations|1342336|cc|4|1|nan|3430,1,16.1462,-0.974782,0.0442939,1398.45,0.22318,3.65298e-09,False,nan|3430,1342336
1,130_bNAb_Combinations|1342336|cc|5|1|nan|3430,1,1.59771,3.72166,0.0442939,1398.45,0.22318,3.65298e-09,False,nan|3430,1342336
1,130_bNAb_Combinations|1342336|cc|6|1|nan|3430,1,0.0159007,1.55838,0.0442939,1398.45,0.22318,3.65298e-09,False,nan|3430,1342336
1,130_bNAb_Combinations|1342336|cc|7|1|nan|3430,1,2.80424,-3.13444,0.0442939,1398.45,0.22318,3.65298e-09,False,nan|3430,1342336
1,130_bNAb_Combinations|1342336|cc|8|1|nan|3430,1,0.0988889,1.88192,0.0442939,1398.45,0.22318,3.65298e-09,False,nan|3430,1342336
1,130_bNAb_Combinations|1342336|sample|3|nan|3430,1,0.00374326,1.61702,0.122631,1398.45,0.22318,3.65298e-09,True,VRC07-523LS|3430,1342336
1,130_bNAb_Combinations|1342336|sample|4|nan|3430,1,1.12397e-05,1.65777,0.122631,1398.45,0.22318,3.65298e-09,True,VRC07-523LS|3430,1342336
1,130_bNAb_Combinations|1342336|sample|5|nan|3430,1,0.00114581,-0.539287,0.122631,1398.45,0.22318,3.65298e-09,True,VRC07-523LS|3430,1342336
1,130_bNAb_Combinations|1342336|vc|1|2|nan|3430,1,0.328982,0.896545,0.0442939,1398.45,0.22318,3.65298e-09,False,nan|3430,1342336
1,130_bNAb_Combinations|1342336|vc|2|2|nan|3430,1,0.204046,0.950035,0.0442939,1398.45,0.22318,3.65298e-09,False,nan|3430,1342336
1,130_bNAb_Combinations|1342336|vc|3|2|nan|3430,1,0.00167174,0.869639,0.0442939,1398.45,0.22318,3.65298e-09,False,nan|3430,1342336
1,130_bNAb_Combinations|1342336|vc|4|2|nan|3430,1,27.1681,0.112152,0.0442939,1398.45,0.22318,3.65298e-09,False,nan|3430,1342336
1,130_bNAb_Combinations|1342336|vc|5|2|nan|3430,1,0.0100197,0.0140822,0.0442939,1398.45,0.22318,3.65298e-09,False,nan|3430,1342336
1,130_bNAb_Combinations|1342336|vc|6|2|nan|3430,1,8.48729e-05,2.41293,0.0442939,1398.45,0.22318,3.65298e-09,False,nan|3430,1342336
1,130_bNAb_Combinations|1342336|vc|7|2|nan|3430,1,0.00403505,1.60483,0.0442939,1398.45,0.22318,3.65298e-09,False,nan|3430,1342336
1,130_bNAb_Combinations|1342336|vc|8|2|nan|3430,1,0.159583,0.83369,0.0442939,1398.45,0.22318,3.65298e-09,False,nan|3430,1342336
1,130_bNAb_Combinations|1342348|cc|1|1|nan|4166,1,2.12229,2.96241,0.0166271,1398.45,0.22318,3.65298e-09,False,nan|4166,1342348
1,130_bNAb_Combinations|1342348|cc|2|1|nan|4166,1,120.089,-1.50684,0.0166271,1398.45,0.22318,3.65298e-09,False,nan|4166,1342348
1,130_bNAb_Combinations|1342348|cc|3|1|nan|4166,1,460.302,1.39962,0.0166271,1398.45,0.22318,3.65298e-09,False,nan|4166,1342348
1,130_bNAb_Combinations|1342348|cc|4|1|nan|4166,1,6.0172,0.260695,0.0166271,1398.45,0.22318,3.65298e-09,False,nan|4166,1342348
1,130_bNAb_Combinations|1342348|cc|5|1|nan|4166,1,0.0514048,0.0458185,0.0166271,1398.45,0.22318,3.65298e-09,False,nan|4166,1342348
1,130_bNAb_Combinations|1342348|cc|6|1|nan|4166,1,0.055746,2.78315,0.0166271,1398.45,0.22318,3.65298e-09,False,nan|4166,1342348
1,130_bNAb_Combinations|1342348|cc|7|1|nan|4166,1,0.000773507,0.951205,0.0166271,1398.45,0.22318,3.65298e-09,False,nan|4166,1342348
1,130_bNAb_Combinations|1342348|cc|8|1|nan|4166,1,201.086,-1.07366,0.0166271,1398.45,0.22318,3.65298e-09,False,nan|4166,1342348
1,130_bNAb_Combinations|1342348|sample|3|nan|4166,1,0.000412141,1.85005,0.262733,1398.45,0.22318,3.65298e-09,True,VRC07-523LS|4166,1342348
1,130_bNAb_Combinations|1342348|sample|4|nan|4166,1,0.000268447,1.82896,0.262733,1398.45,0.22318,3.65298e-09,True,VRC07-523LS|4166,1342348
1,130_bNAb_Combinations|1342348|vc|1|2|nan|4166,1,0.565416,0.699797,0.0166271,1398.45,0.22318,3.65298e-09,False,nan|4166,1342348
1,130_bNAb_Combinations|1342348|vc|2|2|nan|4166,1,2.62527,0.37754,0.0166271,1398.45,0.22318,3.65298e-09,False,nan|4166,1342348
1,130_bNAb_Combinations|1342348|vc|3|2|nan|4166,1,0.000967137,1.41351,0.0166271,1398.45,0.22318,3.65298e-09,False,nan|4166,1342348
1,130_bNAb_Combinations|1342348|vc|4|2|nan|4166,1,1.22586,-0.590676,0.0166271,1398.45,0.22318,3.65298e-09,False,nan|4166,1342348
1,130_bNAb_Combinations|1342348|vc|5|2|nan|4166,1,101.293,1.73463,0.0166271,1398.45,0.22318,3.65298e-09,False,nan|4166,1342348
1,130_bNAb_Combinations|1342348|vc|6|2|nan|4166,1,2392.49,2.24807,0.0166271,1398.45,0.22318,3.65298e-09,False,nan|4166,1342348
1,130_bNAb_Combinations|1342348|vc|7|2|nan|4166,1,0.0437129,1.64484,0.0166271,1398.45,0.22318,3.65298e-09,False,nan|4166,1342348
1,130_bNAb_Combinations|1342348|vc|8|2|nan|4166,1,0.0811071,1.72533,0.0166271,1398.45,0.22318,3.65298e-09,False,nan|4166,1342348
1,130_bNAb_Combinations|1342372|cc|1|1|nan|2944,1,0.0810056,-3.09653,0.00936102,1398.45,0.22318,3.65298e-09,False,nan|2944,1342372
1,130_bNAb_Combinations|1342372|cc|2|1|nan|2944,1,4.48806e-06,-1.30285,0.00936102,1398.45,0.22318,3.65298e-09,False,nan|2944,1342372
1,130_bNAb_Combinations|1342372|cc|3|1|nan|2944,1,0.00241837,-1.70878,0.00936102,1398.45,0.22318,3.65298e-09,False,nan|2944,1342372
1,130_bNAb_Combinations|1342372|cc|4|1|nan|2944,1,0.0598989,1.02659,0.00936102,1398.45,0.22318,3.65298e-09,False,nan|2944,1342372
1,130_bNAb_Combinations|1342372|cc|5|1|nan|2944,1,32.6682,-0.405589,0.00936102,1398.45,0.22318,3.65298e-09,False,nan|2944,1342372
1,130_bNAb_Combinations|1342372|cc|6|1|nan|2944,1,2.826,-1.41766,0.00936102,1398.45,0.22318,3.65298e-09,False,nan|2944,1342372
1,130_bNAb_Combinations|1342372|cc|7|1|nan|2944,1,0.0360552,-1.2046,0.00936102,1398.45,0.22318,3.65298e-09,False,nan|2944,1342372
1,130_bNAb_Combinations|1342372|cc|8|1|nan|2944,1,0.0702262,0.405769,0.00936102,1398.45,0.22318,3.65298e-09,False,nan|2944,1342372
1,130_bNAb_Combinations|1342372|sample|3|nan|2944,1,0.00291555,1.77287,0.0524205,1398.45,0.22318,3.65298e-09,True,VRC07-523LS|2944,1342372
1,130_bNAb_Combinations|1342372|sample|4|nan|2944,1,0.000787555,1.77508,0.0524205,1398.45,0.22318,3.65298e-09,True,VRC07-523LS|2944,1342372
1,130_bNAb_Combinations|1342372|vc|1|2|nan|2944,1,1.37629e-05,0.924895,0.00936102,1398.45,0.22318,3.65298e-09,False,nan|2944,1342372
1,130_bNAb_Combinations|1342372|vc|2|2|nan|2944,1,0.0519985,0.11302,0.00936102,1398.45,0.22318,3.65298e-09,False,nan|2944,1342372
1,130_bNAb_Combinations|1342372|vc|3|2|nan|2944,1,0.186399,0.573285,0.00936102,1398.45,0.22318,3.65298e-09,False,nan|2944,1342372
1,130_bNAb_Combinations|1342372|vc|4|2|nan|2944,1,1.37759,3.72126,0.00936102,1398.45,0.22318,3.65298e-09,False,nan|2944,1342372
1,130_bNAb_Combinations|1342372|vc|5|2|nan|2944,1,4.18868,0.409605,0.00936102,1398.45,0.22318,3.65298e-09,False,nan|2944,1342372
1,130_bNAb_Combinations|1342372|vc|6|2|nan|2944,1,0.0391067,0.682955,0.00936102,1398.45,0.22318,3.65298e-09,False,nan|2944,1342372
1,130_bNAb_Combinations|1342372|vc|7|2|nan|2944,1,4.23144,1.48318,0.00936102,1398.45,0.22318,3.65298e-09,False,nan|2944,1342372
1,130_bNAb_Combinations|1342372|vc|8|2|nan|2944,1,0.104856,2.09153,0.00936102,1398.45,0.22318,3.65298e-09,False,nan|2944,1342372
1,130_bNAb_Combinations|1342384|cc|1|1|nan|2946,1,6.57314,0.411529,0.0124713,1398.45,0.223196,3.65298e-09,False,nan|2946,1342384
1,130_bNAb_Combinations|1342384|cc|2|1|nan|2946,1,0.226013,0.915388,0.0124713,1398.45,0.223196,3.65298e-09,False,nan|2946,1342384
1,130_bNAb_Combinations|1342384|cc|3|1|nan|2946,1,14.5415,1.50807,0.0124713,1398.45,0.223196,3.65298e-09,False,nan|2946,1342384
1,130_bNAb_Combinations|1342384|cc|4|1|nan|2946,1,0.0392115,-3.18854,0.0124713,1398.45,0.223196,3.65298e-09,False,nan|2946,1342384
1,130_bNAb_Combinations|1342384|cc|5|1|nan|2946,1,0.000305098,0.210464,0.0124713,1398.45,0.223196,3.65298e-09,False,nan|2946,1342384
1,130_bNAb_Combinations|1342384|cc|6|1|nan|2946,1,4.89664,-1.09424,0.0124713,1398.45,0.223196,3.65298e-09,False,nan|2946,1342384
1,130_bNAb_Combinations|1342384|cc|7|1|nan|2946,1,506.045,-3.53191,0.0124713,1398.45,0.223196,3.65298e-09,False,nan|2946,1342384
1,130_bNAb_Combinations|1342384|cc|8|1|nan|2946,1,316665,-1.63839,0.0124713,1398.45,0.223196,3.65298e-09,False,nan|2946,1342384
1,130_bNAb_Combinations|1342384|sample|3|nan|2946,1,3.55602e-05,1.5993,0.00600766,1398.45,0.223196,3.65298e-09,True,VRC07-523LS|2946,1342384
1,130_bNAb_Combinations|1342384|sample|4|nan|2946,1,0.000145442,1.62565,0.00600766,1398.45,0.223196,3.65298e-09,True,VRC07-523LS|2946,1342384
1,130_bNAb_Combinations|1342384|vc|1|2|nan|2946,1,1.87697e-06,0.396175,0.0124713,1398.45,0.223196,3.65298e-09,False,nan|2946,1342384
1,130_bNAb_Combinations|1342384|vc|2|2|nan|2946,1,0.0133867,2.74588,0.0124713,1398.45,0.223196,3.65298e-09,False,nan|2946,1342384
1,130_bNAb_Combinations|1342384|vc|3|2|nan|2946,1,28.8834,2.77285,0.0124713,1398.45,0.223196,3.65298e-09,False,nan|2946,1342384
1,130_bNAb_Combinations|1342384|vc|4|2|nan|2946,1,0.187564,0.141441,0.0124713,1398.45,0.223196,3.65298e-09,False,nan|2946,1342384
1,130_bNAb_Combinations|1342384|vc|5|2|nan|2946,1,20.3442,1.09941,0.0124713,1398.45,0.223196,3.65298e-09,False,nan|2946,1342384
1,130_bNAb_Combinations|1342384|vc|6|2|nan|2946,1,0.0610457,1.05459,0.0124713,1398.45,0.223196,3.65298e-09,False,nan|2946,1342384
1,130_bNAb_Combinations|1342384|vc|7|2|nan|2946,1,4.77506,2.00244,0.0124713,1398.45,0.223196,3.65298e-09,False,nan|2946,1342384
1,130_bNAb_Combinations|1342384|vc|8|2|nan|2946,1,10.1328,1.50981,0.0124713,1398.45,0.223196,3.65298e-09,False,nan|2946,1342384
1,130_bNAb_Combinations|1342396|cc|1|1|PVO.4|5024,1,0.0463003,2.02811,0.0257345,1398.45,0.223185,3.65298e-09,False,nan|PVO.4,1342396
1,130_bNAb_Combinations|1342396|cc|2|1|PVO.4|5024,1,0.00526119,-2.44862,0.0257345,1398.45,0.223185,3.65298e-09,False,nan|PVO.4,1342396
1,130_bNAb_Combinations|1342396|cc|3|1|PVO.4|5024,1,2.03042,-0.327521,0.0257345,1398.45,0.223185,3.65298e-09,False,nan|PVO.4,1342396
1,130_bNAb_Combinations|1342396|cc|4|1|PVO.4|5024,1,4.21285,2.22012,0.0257345,1398.45,0.223185,3.65298e-09,False,nan|PVO.4,1342396
1,130_bNAb_Combinations|1342396|cc|5|1|PVO.4|5024,1,2.43885e+06,0.538353,0.0257345,1398.45,0.223185,3.65298e-09,False,nan|PVO.4,1342396
1,130_bNAb_Combinations|1342396|cc|6|1|PVO.4|5024,1,0.222353,2.42903,0.0257345,1398.45,0.223185,3.65298e-09,False,nan|PVO.4,1342396
1,130_bNAb_Combinations|1342396|cc|7|1|PVO.4|5024,1,3.47725e-05,3.43185,0.0257345,1398.45,0.223185,3.65298e-09,False,nan|PVO.4,1342396
1,130_bNAb_Combinations|1342396|cc|8|1|PVO.4|5024,1,0.232379,-0.706602,0.0257345,1398.45,0.223185,3.65298e-09,False,nan|PVO.4,1342396
1,130_bNAb_Combinations|1342396|sample|3|PVO.4|5024,1,0.000997354,1.51948,0.0232576,1398.45,0.223185,3.65298e-09,True,VRC07-523LS|PVO.4,1342396
1,130_bNAb_Combinations|1342396|sample|4|PVO.4|5024,1,0.000567901,1.51866,0.0232576,1398.45,0.223185,3.65298e-09,True,VRC07-523LS|PVO.4,1342396
1,130_bNAb_Combinations|1342396|vc|1|2|PVO.4|5024,1,959.861,3.55966,0.0257345,1398.45,0.223185,3.65298e-09,False,nan|PVO.4,1342396
1,130_bNAb_Combinations|1342396|vc|2|2|PVO.4|5024,1,0.000154219,4.6923,0.0257345,1398.45,0.223185,3.65298e-09,False,nan|PVO.4,1342396
1,130_bNAb_Combinations|1342396|vc|3|2|PVO.4|5024,1,766.977,1.33765,0.0257345,1398.45,0.223185,3.65298e-09,False,nan|PVO.4,1342396
1,130_bNAb_Combinations|1342396|vc|4|2|PVO.4|5024,1,0.601192,0.434329,0.0257345,1398.45,0.223185,3.65298e-09,False,nan|PVO.4,1342396
1,130_bNAb_Combinations|1342396|vc|5|2|PVO.4|5024,1,0.000278458,3.94837,0.0257345,1398.45,0.223185,3.65298e-09,False,nan|PVO.4,1342396
1,130_bNAb_Combinations|1342396|vc|6|2|PVO.4|5024,1,4.64283,1.70604,0.0257345,1398.45,0.223185,3.65298e-09,False,nan|PVO.4,1342396
1,130_bNAb_Combinations|1342396|vc|7|2|PVO.4|5024,1,2.85463,0.9953,0.0257345,1398.45,0.223185,3.65298e-09,False,nan|PVO.4,1342396
1,130_bNAb_Combinations|1342396|vc|8|2|PVO.4|5024,1,88.4453,1.74123,0.0257345,1398.45,0.223185,3.65298e-09,False,nan|PVO.4,1342396
1,130_bNAb_Combinations|1342408|cc|1|1|nan|4168,1,2.25963,0.128422,0.00840902,1398.45,0.223187,3.65298e-09,False,nan|4168,1342408
1,130_bNAb_Combinations|1342408|cc|2|1|nan|4168,1,1.78513,1.86885,0.00840902,1398.45,0.223187,3.65298e-09,False,nan|4168,1342408
1,130_bNAb_Combinations|1342408|cc|3|1|nan|4168,1,10.7182,-0.12677,0.00840902,1398.45,0.223187,3.65298e-09,False,nan|4168,1342408
1,130_bNAb_Combinations|1342408|cc|4|1|nan|4168,1,0.567554,2.36693,0.00840902,1398.45,0.223187,3.65298e-09,False,nan|4168,1342408
1,130_bNAb_Combinations|1342408|cc|5|1|nan|4168,1,0.0063648,-0.354074,0.00840902,1398.45,0.223187,3.65298e-09,False,nan|4168,1342408
1,130_bNAb_Combinations|1342408|cc|6|1|nan|4168,1,13799,1.23908,0.00840902,1398.45,0.223187,3.65298e-09,False,nan|4168,1342408
1,130_bNAb_Combinations|1342408|cc|7|1|nan|4168,1,17.9548,-2.82572,0.00840902,1398.45,0.223187,3.65298e-09,False,nan|4168,1342408
1,130_bNAb_Combinations|1342408|cc|8|1|nan|4168,1,4109.15,0.490122,0.00840902,1398.45,0.223187,3.65298e-09,False,nan|4168,1342408
1,130_bNAb_Combinations|1342408|sample|3|nan|4168,1,0.0175459,1.51386,0.0179663,1398.45,0.223187,3.65298e-09,True,VRC07-523LS|4168,1342408
1,130_bNAb_Combinations|1342408|sample|4|nan|4168,1,0.0182661,1.62879,0.0179663,1398.45,0.223187,3.65298e-09,True,VRC07-523LS|4168,1342408
1,130_bNAb_Combinations|1342408|vc|1|2|nan|4168,1,15.4286,0.0788799,0.00840902,1398.45,0.223187,3.65298e-09,False,nan|4168,1342408
1,130_bNAb_Combinations|1342408|vc|2|2|nan|4168,1,0.630659,1.58032,0.00840902,1398.45,0.223187,3.65298e-09,False,nan|4168,1342408
1,130_bNAb_Combinations|1342408|vc|3|2|nan|4168,1,0.000200837,3.11627,0.00840902,1398.45,0.223187,3.65298e-09,False,nan|4168,1342408
1,130_bNAb_Combinations|1342408|vc|4|2|nan|4168,1,0.635355,2.32819,0.00840902,1398.45,0.223187,3.65298e-09,False,nan|4168,1342408
1,130_bNAb_Combinations|1342408|vc|5|2|nan|4168,1,0.162652,0.976981,0.00840902,1398.45,0.223187,3.65298e-09,False,nan|4168,1342408
1,130_bNAb_Combinations|1342408|vc|6|2|nan|4168,1,1.1991,1.78888,0.00840902,1398.45,0.223187,3.65298e-09,False,nan|4168,1342408
1,130_bNAb_Combinations|1342408|vc|7|2|nan|4168,1,0.275756,0.886325,0.00840902,1398.45,0.223187,3.65298e-09,False,nan|4168,1342408
1,130_bNAb_Combinations|1342408|vc|8|2|nan|4168,1,0.410419,2.35324,0.00840902,1398.45,0.223187,3.65298e-09,False,nan|4168,1342408
1,704_VRC01_Concordance|1200432|cc|1|1|PVO.4|5024,1,0.0677157,2.09333,0.0257345,1398.45,0.22318,3.65298e-09,False,nan|PVO.4,1200432
1,704_VRC01_Concordance|1200432|cc|2|1|PVO.4|5024,1,220.396,1.75399,0.0257345,1398.45,0.22318,3.65298e-09,False,nan|PVO.4,1200432
1,704_VRC01_Concordance|1200432|cc|3|1|PVO.4|5024,1,0.0155586,-0.958913,0.0257345,1398.45,0.22318,3.65298e-09,False,nan|PVO.4,1200432
1,704_VRC01_Concordance|1200432|cc|4|1|PVO.4|5024,1,1.36404,-0.675601,0.0257345,1398.45,0.22318,3.65298e-09,False,nan|PVO.4,1200432
1,704_VRC01_Concordance|1200432|cc|5|1|PVO.4|5024,1,11.4216,2.24095,0.0257345,1398.45,0.22318,3.65298e-09,False,nan|PVO.4,1200432
1,704_VRC01_Concordance|1200432|cc|6|1|PVO.4|5024,1,8.48101e-09,-0.510386,0.0257345,1398.45,0.22318,3.65298e-09,False,nan|PVO.4,1200432
1,704_VRC01_Concordance|1200432|cc|7|1|PVO.4|5024,1,0.0318896,-1.01494,0.0257345,1398.45,0.22318,3.65298e-09,False,nan|PVO.4,1200432
1,704_VRC01_Concordance|1200432|cc|8|1|PVO.4|5024,1,40.94,-1.71803,0.0257345,1398.45,0.22318,3.65298e-09,False,nan|PVO.4,1200432
1,704_VRC01_Concordance|1200432|sample|10|PVO.4|5024,1,0.0404663,1.41679,0.00417167,1398.45,0.22318,3.65298e-09,True,Clinical VRC01|PVO.4,1200432
1,704_VRC01_Concordance|1200432|sample|11|PVO.4|5024,1,0.00234723,1.45985,0.00417167,1398.45,0.22318,3.65298e-09,True,Clinical VRC01|PVO.4,1200432
1,704_VRC01_Concordance|1200432|sample|12|PVO.4|5024,1,0.00182134,1.51562,0.00417167,1398.45,0.22318,3.65298e-09,True,Clinical VRC01|PVO.4,1200432
1,704_VRC01_Concordance|1200432|sample|3|PVO.4|5024,1,0.00117946,1.40518,0.00417167,1398.45,0.22318,3.65298e-09,True,Clinical VRC01|PVO.4,1200432
1,704_VRC01_Concordance|1200432|sample|4|PVO.4|5024,1,0.00685798,1.47685,0.00417167,1398.45,0.22318,3.65298e-09,True,Clinical VRC01|PVO.4,1200432
1,704_VRC01_Concordance|1200432|sample|5|PVO.4|5024,1,0.0319014,1.3967,0.00417167,1398.45,0.22318,3.65298e-09,True,Clinical VRC01|PVO.4,1200432
1,704_VRC01_Concordance|1200432|sample|6|PVO.4|5024,1,0.123375,1.28266,0.00417167,1398.45,0.22318,3.65298e-09,True,Clinical VRC01|PVO.4,1200432
1,704_VRC01_Concordance|1200432|sample|7|PVO.4|5024,1,4.36926e-06,1.4633,0.00417167,1398.45,0.22318,3.65298e-09,True,Clinical VRC01|PVO.4,1200432
1,704_VRC01_Concordance|1200432|sample|8|PVO.4|5024,1,0.00192326,1.45879,0.00417167,1398.45,0.22318,3.65298e-09,True,Clinical VRC01|PVO.4,1200432
1,704_VRC01_Concordance|1200432|sample|9|PVO.4|5024,1,0.04807,1.40428,0.00417167,1398.45,0.22318,3.65298e-09,True,Clinical VRC01|PVO.4,1200432
1,704_VRC01_Concordance|1200432|vc|1|2|PVO.4|5024,1,65.0239,1.30295,0.0257345,1398.45,0.22318,3.65298e-09,False,nan|PVO.4,1200432
1,704_VRC01_Concordance|1200432|vc|2|2|PVO.4|5024,1,0.0625886,0.201546,0.0257345,1398.45,0.22318,3.65298e-09,False,nan|PVO.4,1200432
1,704_VRC01_Concordance|1200432|vc|3|2|PVO.4|5024,1,93.2212,1.10759,0.0257345,1398.45,0.22318,3.65298e-09,False,nan|PVO.4,1200432
1,704_VRC01_Concordance|1200432|vc|4|2|PVO.4|5024,1,0.0749195,0.169051,0.0257345,1398.45,0.22318,3.65298e-09,False,nan|PVO.4,1200432
1,704_VRC01_Concordance|1200432|vc|5|2|PVO.4|5024,1,153.299,0.256326,0.0257345,1398.45,0.22318,3.65298e-09,False,nan|PVO.4,1200432
1,704_VRC01_Concordance|1200432|vc|6|2|PVO.4|5024,1,134.931,0.0753618,0.0257345,1398.45,0.22318,3.65298e-09,False,nan|PVO.4,1200432
1,704_VRC01_Concordance|1200432|vc|7|2|PVO.4|5024,1,15.4377,0.710079,0.0257345,1398.45,0.22318,3.65298e-09,False,nan|PVO.4,1200432
1,704_VRC01_Concordance|1200432|vc|8|2|PVO.4|5024,1,325.046,1.77881,0.0257345,1398.45,0.22318,3.65298e-09,False,nan|PVO.4,1200432
