rep,id,U,L,m,e,s,alpha,k,goes_down,mab_virus,run_id
1,130_bNAb_Combinations|1313842|cc|1|1|nan|2946,1,0.00330589,0.663436,3.77238e-05,35.5977,0.228504,0.332684,False,nan|2946,1313842
1,130_bNAb_Combinations|1313842|cc|2|1|nan|2946,1,0.00330589,0.663436,6.01496e-06,35.5977,0.228504,0.332684,False,nan|2946,1313842
1,130_bNAb_Combinations|1313842|cc|3|1|nan|2946,1,0.00330589,0.663436,3.02146e-05,35.5977,0.228504,0.332684,False,nan|2946,1313842
1,130_bNAb_Combinations|1313842|cc|4|1|nan|2946,1,0.00330589,0.663436,0.000329447,35.5977,0.228504,0.332684,False,nan|2946,1313842
1,130_bNAb_Combinations|1313842|cc|5|1|nan|2946,1,0.00330589,0.663436,0.0019105,35.5977,0.228504,0.332684,False,nan|2946,1313842
1,130_bNAb_Combinations|1313842|cc|6|1|nan|2946,1,0.00330589,0.663436,3.6622e-05,35.5977,0.228504,0.332684,False,nan|2946,1313842
1,130_bNAb_Combinations|1313842|cc|7|1|nan|2946,1,0.00330589,0.663436,8.89865e-05,35.5977,0.228504,0.332684,False,nan|2946,1313842
1,130_bNAb_Combinations|1313842|cc|8|1|nan|2946,1,0.00330589,0.663436,0.00401151,35.5977,0.228504,0.332684,False,nan|2946,1313842
1,130_bNAb_Combinations|1313842|sample|10|nan|2946,1,0.00330554,0.663578,0.00929174,35.5977,0.228504,0.332684,True,PGT121|2946,1313842
1,130_bNAb_Combinations|1313842|sample|11|nan|2946,1,0.00330544,0.664476,0.00838322,35.5976,0.228504,0.332684,True,VRC07-523LS|2946,1313842
1,130_bNAb_Combinations|1313842|sample|12|nan|2946,1,0.00330544,0.664476,0.0101588,35.5976,0.228504,0.332684,True,VRC07-523LS|2946,1313842
1,130_bNAb_Combinations|1313842|sample|3|nan|2946,1,0.00330578,0.663431,0.00297273,35.5977,0.228504,0.332684,True,PGDM1400|2946,1313842
1,130_bNAb_Combinations|1313842|sample|4|nan|2946,1,0.00330578,0.663431,0.00220605,35.5977,0.228504,0.332684,True,PGDM1400|2946,1313842
1,130_bNAb_Combinations|1313842|sample|5|nan|2946,1,0.00330578,0.663431,0.000623078,35.5977,0.228504,0.332684,True,PGDM1400|2946,1313842
1,130_bNAb_Combinations|1313842|sample|6|nan|2946,1,0.00330578,0.663431,0.000612621,35.5977,0.228504,0.332684,True,PGDM1400|2946,1313842
1,130_bNAb_Combinations|1313842|sample|7|nan|2946,1,0.00330554,0.663578,0.00926476,35.5977,0.228504,0.332684,True,PGT121|2946,1313842
1,130_bNAb_Combinations|1313842|sample|8|nan|2946,1,0.00330554,0.663578,0.00577463,35.5977,0.228504,0.332684,True,PGT121|2946,1313842
1,130_bNAb_Combinations|1313842|sample|9|nan|2946,1,0.00330554,0.663578,0.00999883,35.5977,0.228504,0.332684,True,PGT121|2946,1313842
1,130_bNAb_Combinations|1313842|vc|1|2|nan|2946,1,0.00330589,0.663436,0.000158211,35.5977,0.228504,0.332684,False,nan|2946,1313842
1,130_bNAb_Combinations|1313842|vc|2|2|nan|2946,1,0.00330589,0.663436,2.94954e-06,35.5977,0.228504,0.332684,False,nan|2946,1313842
1,130_bNAb_Combinations|1313842|vc|3|2|nan|2946,1,0.00330589,0.663436,8.74276e-05,35.5977,0.228504,0.332684,False,nan|2946,1313842
1,130_bNAb_Combinations|1313842|vc|4|2|nan|2946,1,0.00330589,0.663436,0.00138976,35.5977,0.228504,0.332684,False,nan|2946,1313842
1,130_bNAb_Combinations|1313842|vc|5|2|nan|2946,1,0.00330589,0.663436,0.000147827,35.5977,0.228504,0.332684,False,nan|2946,1313842
1,130_bNAb_Combinations|1313842|vc|6|2|nan|2946,1,0.00330589,0.663436,0.00160928,35.5977,0.228504,0.332684,False,nan|2946,1313842
1,130_bNAb_Combinations|1313842|vc|7|2|nan|2946,1,0.00330589,0.663436,0.000291002,35.5977,0.228504,0.332684,False,nan|2946,1313842
1,130_bNAb_Combinations|1313842|vc|8|2|nan|2946,1,0.00330589,0.663436,0.000215927,35.5977,0.228504,0.332684,False,nan|2946,1313842
1,130_bNAb_Combinations|1313860|cc|1|1|PVO.4|5024,1,0.00330596,0.663417,0.000997408,35.5977,0.228502,0.332695,False,nan|PVO.4,1313860
1,130_bNAb_Combinations|1313860|cc|2|1|PVO.4|5024,1,0.00330596,0.663417,7.22186e-05,35.5977,0.228502,0.332695,False,nan|PVO.4,1313860
1,130_bNAb_Combinations|1313860|cc|3|1|PVO.4|5024,1,0.00330596,0.663417,6.50907e-05,35.5977,0.228502,0.332695,False,nan|PVO.4,1313860
1,130_bNAb_Combinations|1313860|cc|4|1|PVO.4|5024,1,0.00330596,0.663417,0.00141877,35.5977,0.228502,0.332695,False,nan|PVO.4,1313860
1,130_bNAb_Combinations|1313860|cc|5|1|PVO.4|5024,1,0.00330596,0.663417,0.000216937,35.5977,0.228502,0.332695,False,nan|PVO.4,1313860
1,130_bNAb_Combinations|1313860|cc|6|1|PVO.4|5024,1,0.00330596,0.663417,6.3535e-06,35.5977,0.228502,0.332695,False,nan|PVO.4,1313860
1,130_bNAb_Combinations|1313860|cc|7|1|PVO.4|5024,1,0.00330596,0.663417,1.02329e-05,35.5977,0.228502,0.332695,False,nan|PVO.4,1313860
1,130_bNAb_Combinations|1313860|cc|8|1|PVO.4|5024,1,0.00330596,0.663417,1.72926e-05,35.5977,0.228502,0.332695,False,nan|PVO.4,1313860
1,130_bNAb_Combinations|1313860|sample|10|PVO.4|5024,1,0.0033052,0.673541,0.0317685,35.5976,0.228502,0.332695,True,PGT121|PVO.4,1313860
1,130_bNAb_Combinations|1313860|sample|11|PVO.4|5024,1,0.00330535,0.66336,0.0353761,35.5977,0.228502,0.332695,True,VRC07-523LS|PVO.4,1313860
1,130_bNAb_Combinations|1313860|sample|12|PVO.4|5024,1,0.00330535,0.66336,0.0330845,35.5977,0.228502,0.332695,True,VRC07-523LS|PVO.4,1313860
1,130_bNAb_Combinations|1313860|sample|3|PVO.4|5024,1,0.00330541,0.66336,0.00243573,35.5977,0.228502,0.332695,True,PGDM1400|PVO.4,1313860
1,130_bNAb_Combinations|1313860|sample|4|PVO.4|5024,1,0.00330541,0.66336,0.0030275,35.5977,0.228502,0.332695,True,PGDM1400|PVO.4,1313860
1,130_bNAb_Combinations|1313860|sample|5|PVO.4|5024,1,0.00330541,0.66336,0.0028828,35.5977,0.228502,0.332695,True,PGDM1400|PVO.4,1313860
1,130_bNAb_Combinations|1313860|sample|6|PVO.4|5024,1,0.00330541,0.66336,0.00265789,35.5977,0.228502,0.332695,True,PGDM1400|PVO.4,1313860
1,130_bNAb_Combinations|1313860|sample|7|PVO.4|5024,1,0.0033052,0.673541,0.0228752,35.5976,0.228502,0.332695,True,PGT121|PVO.4,1313860
1,130_bNAb_Combinations|1313860|sample|8|PVO.4|5024,1,0.0033052,0.673541,0.0257098,35.5976,0.228502,0.332695,True,PGT121|PVO.4,1313860
1,130_bNAb_Combinations|1313860|sample|9|PVO.4|5024,1,0.0033052,0.673541,0.0225679,35.5976,0.228502,0.332695,True,PGT121|PVO.4,1313860
1,130_bNAb_Combinations|1313860|vc|1|2|PVO.4|5024,1,0.00330596,0.663417,0.000298785,35.5977,0.228502,0.332695,False,nan|PVO.4,1313860
1,130_bNAb_Combinations|1313860|vc|2|2|PVO.4|5024,1,0.00330596,0.663417,7.16222e-05,35.5977,0.228502,0.332695,False,nan|PVO.4,1313860
1,130_bNAb_Combinations|1313860|vc|3|2|PVO.4|5024,1,0.00330596,0.663417,0.00036873,35.5977,0.228502,0.332695,False,nan|PVO.4,1313860
1,130_bNAb_Combinations|1313860|vc|4|2|PVO.4|5024,1,0.00330596,0.663417,0.000103555,35.5977,0.228502,0.332695,False,nan|PVO.4,1313860
1,130_bNAb_Combinations|1313860|vc|5|2|PVO.4|5024,1,0.00330596,0.663417,2.4788e-06,35.5977,0.228502,0.332695,False,nan|PVO.4,1313860
1,130_bNAb_Combinations|1313860|vc|6|2|PVO.4|5024,1,0.00330596,0.663417,0.000139268,35.5977,0.228502,0.332695,False,nan|PVO.4,1313860
1,130_bNAb_Combinations|1313860|vc|7|2|PVO.4|5024,1,0.00330596,0.663417,0.000370962,35.5977,0.228502,0.332695,False,nan|PVO.4,1313860
1,130_bNAb_Combinations|1313860|vc|8|2|PVO.4|5024,1,0.00330596,0.663417,0.021407,35.5977,0.228502,0.332695,False,nan|PVO.4,1313860
1,130_bNAb_Combinations|1313884|cc|1|1|nan|4168,1,0.00330599,0.663442,0.0282915,35.5978,0.228504,0.332662,False,nan|4168,1313884
1,130_bNAb_Combinations|1313884|cc|2|1|nan|4168,1,0.00330599,0.663442,2.16694e-05,35.5978,0.228504,0.332662,False,nan|4168,1313884
1,130_bNAb_Combinations|1313884|cc|3|1|nan|4168,1,0.00330599,0.663442,0.000943144,35.5978,0.228504,0.332662,False,nan|4168,1313884
1,130_bNAb_Combinations|1313884|cc|4|1|nan|4168,1,0.00330599,0.663442,0.00303926,35.5978,0.228504,0.332662,False,nan|4168,1313884
1,130_bNAb_Combinations|1313884|cc|5|1|nan|4168,1,0.00330599,0.663442,0.000192624,35.5978,0.228504,0.332662,False,nan|4168,1313884
1,130_bNAb_Combinations|1313884|cc|6|1|nan|4168,1,0.00330599,0.663442,0.00357493,35.5978,0.228504,0.332662,False,nan|4168,1313884
1,130_bNAb_Combinations|1313884|cc|7|1|nan|4168,1,0.00330599,0.663442,1.06436e-05,35.5978,0.228504,0.332662,False,nan|4168,1313884
1,130_bNAb_Combinations|1313884|cc|8|1|nan|4168,1,0.00330599,0.663442,2.73699e-05,35.5978,0.228504,0.332662,False,nan|4168,1313884
1,130_bNAb_Combinations|1313884|sample|10|nan|4168,1,0.00330489,0.663417,0.000960733,35.5978,0.228504,0.332662,True,PGT121|4168,1313884
1,130_bNAb_Combinations|1313884|sample|11|nan|4168,1,0.00330478,0.663433,0.0189577,35.5977,0.228504,0.332662,True,VRC07-523LS|4168,1313884
1,130_bNAb_Combinations|1313884|sample|12|nan|4168,1,0.00330478,0.663433,0.0252713,35.5977,0.228504,0.332662,True,VRC07-523LS|4168,1313884
1,130_bNAb_Combinations|1313884|sample|3|nan|4168,1,0.00330539,0.663521,0.000933719,35.5977,0.228504,0.332662,True,PGDM1400|4168,1313884
1,130_bNAb_Combinations|1313884|sample|4|nan|4168,1,0.00330539,0.663521,0.000808279,35.5977,0.228504,0.332662,True,PGDM1400|4168,1313884
1,130_bNAb_Combinations|1313884|sample|5|nan|4168,1,0.00330539,0.663521,0.000756116,35.5977,0.228504,0.332662,True,PGDM1400|4168,1313884
1,130_bNAb_Combinations|1313884|sample|6|nan|4168,1,0.00330539,0.663521,0.000667295,35.5977,0.228504,0.332662,True,PGDM1400|4168,1313884
1,130_bNAb_Combinations|1313884|sample|7|nan|4168,1,0.00330489,0.663417,0.00264415,35.5978,0.228504,0.332662,True,PGT121|4168,1313884
1,130_bNAb_Combinations|1313884|sample|8|nan|4168,1,0.00330489,0.663417,0.00340832,35.5978,0.228504,0.332662,True,PGT121|4168,1313884
1,130_bNAb_Combinations|1313884|sample|9|nan|4168,1,0.00330489,0.663417,0.000943306,35.5978,0.228504,0.332662,True,PGT121|4168,1313884
1,130_bNAb_Combinations|1313884|vc|1|2|nan|4168,1,0.00330599,0.663442,0.000329663,35.5978,0.228504,0.332662,False,nan|4168,1313884
1,130_bNAb_Combinations|1313884|vc|2|2|nan|4168,1,0.00330599,0.663442,4.92107e-05,35.5978,0.228504,0.332662,False,nan|4168,1313884
1,130_bNAb_Combinations|1313884|vc|3|2|nan|4168,1,0.00330599,0.663442,1.31805e-05,35.5978,0.228504,0.332662,False,nan|4168,1313884
1,130_bNAb_Combinations|1313884|vc|4|2|nan|4168,1,0.00330599,0.663442,0.000830814,35.5978,0.228504,0.332662,False,nan|4168,1313884
1,130_bNAb_Combinations|1313884|vc|5|2|nan|4168,1,0.00330599,0.663442,2.1578e-05,35.5978,0.228504,0.332662,False,nan|4168,1313884
1,130_bNAb_Combinations|1313884|vc|6|2|nan|4168,1,0.00330599,0.663442,0.00269976,35.5978,0.228504,0.332662,False,nan|4168,1313884
1,130_bNAb_Combinations|1313884|vc|7|2|nan|4168,1,0.00330599,0.663442,0.000129433,35.5978,0.228504,0.332662,False,nan|4168,1313884
1,130_bNAb_Combinations|1313884|vc|8|2|nan|4168,1,0.00330599,0.663442,0.000671179,35.5978,0.228504,0.332662,False,nan|4168,1313884
1,130_bNAb_Combinations|1313920|cc|1|1|nan|1798,1,0.003306,0.663429,0.000900622,35.5979,0.228508,0.332639,False,nan|1798,1313920
1,130_bNAb_Combinations|1313920|cc|2|1|nan|1798,1,0.003306,0.663429,3.2608e-05,35.5979,0.228508,0.332639,False,nan|1798,1313920
1,130_bNAb_Combinations|1313920|cc|3|1|nan|1798,1,0.003306,0.663429,0.000232402,35.5979,0.228508,0.332639,False,nan|1798,1313920
1,130_bNAb_Combinations|1313920|cc|4|1|nan|1798,1,0.003306,0.663429,0.00187417,35.5979,0.228508,0.332639,False,nan|1798,1313920
1,130_bNAb_Combinations|1313920|cc|5|1|nan|1798,1,0.003306,0.663429,0.000175041,35.5979,0.228508,0.332639,False,nan|1798,1313920
1,130_bNAb_Combinations|1313920|cc|6|1|nan|1798,1,0.003306,0.663429,6.60934e-05,35.5979,0.228508,0.332639,False,nan|1798,1313920
1,130_bNAb_Combinations|1313920|cc|7|1|nan|1798,1,0.003306,0.663429,0.000788347,35.5979,0.228508,0.332639,False,nan|1798,1313920
1,130_bNAb_Combinations|1313920|cc|8|1|nan|1798,1,0.003306,0.663429,0.0013672,35.5979,0.228508,0.332639,False,nan|1798,1313920
1,130_bNAb_Combinations|1313920|sample|10|nan|1798,1,0.00330513,0.663432,0.0899038,35.5977,0.228508,0.332639,True,PGT121|1798,1313920
1,130_bNAb_Combinations|1313920|sample|11|nan|1798,1,0.00330498,0.668869,0.0141565,35.5979,0.228508,0.332639,True,VRC07-523LS|1798,1313920
1,130_bNAb_Combinations|1313920|sample|12|nan|1798,1,0.00330498,0.668869,0.0146259,35.5979,0.228508,0.332639,True,VRC07-523LS|1798,1313920
1,130_bNAb_Combinations|1313920|sample|3|nan|1798,1,0.00330479,0.663415,0.00244526,35.5977,0.228508,0.332639,True,PGDM1400|1798,1313920
1,130_bNAb_Combinations|1313920|sample|4|nan|1798,1,0.00330479,0.663415,0.0027316,35.5977,0.228508,0.332639,True,PGDM1400|1798,1313920
1,130_bNAb_Combinations|1313920|sample|5|nan|1798,1,0.00330479,0.663415,0.000606021,35.5977,0.228508,0.332639,True,PGDM1400|1798,1313920
1,130_bNAb_Combinations|1313920|sample|6|nan|1798,1,0.00330479,0.663415,0.000642122,35.5977,0.228508,0.332639,True,PGDM1400|1798,1313920
1,130_bNAb_Combinations|1313920|sample|7|nan|1798,1,0.00330513,0.663432,0.0647452,35.5977,0.228508,0.332639,True,PGT121|1798,1313920
1,130_bNAb_Combinations|1313920|sample|8|nan|1798,1,0.00330513,0.663432,0.0493578,35.5977,0.228508,0.332639,True,PGT121|1798,1313920
1,130_bNAb_Combinations|1313920|sample|9|nan|1798,1,0.00330513,0.663432,0.0663293,35.5977,0.228508,0.332639,True,PGT121|1798,1313920
1,130_bNAb_Combinations|1313920|vc|1|2|nan|1798,1,0.003306,0.663429,0.000125606,35.5979,0.228508,0.332639,False,nan|1798,1313920
1,130_bNAb_Combinations|1313920|vc|2|2|nan|1798,1,0.003306,0.663429,0.000418662,35.5979,0.228508,0.332639,False,nan|1798,1313920
1,130_bNAb_Combinations|1313920|vc|3|2|nan|1798,1,0.003306,0.663429,7.43515e-05,35.5979,0.228508,0.332639,False,nan|1798,1313920
1,130_bNAb_Combinations|1313920|vc|4|2|nan|1798,1,0.003306,0.663429,2.79019e-05,35.5979,0.228508,0.332639,False,nan|1798,1313920
1,130_bNAb_Combinations|1313920|vc|5|2|nan|1798,1,0.003306,0.663429,9.84849e-06,35.5979,0.228508,0.332639,False,nan|1798,1313920
1,130_bNAb_Combinations|1313920|vc|6|2|nan|1798,1,0.003306,0.663429,3.97251e-05,35.5979,0.228508,0.332639,False,nan|1798,1313920
1,130_bNAb_Combinations|1313920|vc|7|2|nan|1798,1,0.003306,0.663429,9.10896e-05,35.5979,0.228508,0.332639,False,nan|1798,1313920
1,130_bNAb_Combinations|1313920|vc|8|2|nan|1798,1,0.003306,0.663429,7.82874e-06,35.5979,0.228508,0.332639,False,nan|1798,1313920
1,130_bNAb_Combinations|1313938|cc|1|1|TRO.11|8301,1,0.00330587,0.663474,0.00300646,35.5978,0.228502,0.332652,False,nan|TRO.11,1313938
1,130_bNAb_Combinations|1313938|cc|2|1|TRO.11|8301,1,0.00330587,0.663474,0.00248739,35.5978,0.228502,0.332652,False,nan|TRO.11,1313938
1,130_bNAb_Combinations|1313938|cc|3|1|TRO.11|8301,1,0.00330587,0.663474,4.07429e-05,35.5978,0.228502,0.332652,False,nan|TRO.11,1313938
1,130_bNAb_Combinations|1313938|cc|4|1|TRO.11|8301,1,0.00330587,0.663474,6.54588e-05,35.5978,0.228502,0.332652,False,nan|TRO.11,1313938
1,130_bNAb_Combinations|1313938|cc|5|1|TRO.11|8301,1,0.00330587,0.663474,1.3033e-05,35.5978,0.228502,0.332652,False,nan|TRO.11,1313938
1,130_bNAb_Combinations|1313938|cc|6|1|TRO.11|8301,1,0.00330587,0.663474,0.00109949,35.5978,0.228502,0.332652,False,nan|TRO.11,1313938
1,130_bNAb_Combinations|1313938|cc|7|1|TRO.11|8301,1,0.00330587,0.663474,0.000285806,35.5978,0.228502,0.332652,False,nan|TRO.11,1313938
1,130_bNAb_Combinations|1313938|cc|8|1|TRO.11|8301,1,0.00330587,0.663474,9.15068e-05,35.5978,0.228502,0.332652,False,nan|TRO.11,1313938
1,130_bNAb_Combinations|1313938|sample|10|TRO.11|8301,1,0.00330581,0.663478,0.218571,35.5978,0.228502,0.332652,True,PGT121|TRO.11,1313938
1,130_bNAb_Combinations|1313938|sample|11|TRO.11|8301,1,0.00330527,0.758524,0.0727087,35.5978,0.228502,0.332652,True,VRC07-523LS|TRO.11,1313938
1,130_bNAb_Combinations|1313938|sample|12|TRO.11|8301,1,0.00330527,0.758524,0.0729866,35.5978,0.228502,0.332652,True,VRC07-523LS|TRO.11,1313938
1,130_bNAb_Combinations|1313938|sample|3|TRO.11|8301,1,0.0033052,0.663446,0.00469044,35.5977,0.228502,0.332652,True,PGDM1400|TRO.11,1313938
1,130_bNAb_Combinations|1313938|sample|4|TRO.11|8301,1,0.0033052,0.663446,0.0050098,35.5977,0.228502,0.332652,True,PGDM1400|TRO.11,1313938
1,130_bNAb_Combinations|1313938|sample|5|TRO.11|8301,1,0.0033052,0.663446,0.00476269,35.5977,0.228502,0.332652,True,PGDM1400|TRO.11,1313938
1,130_bNAb_Combinations|1313938|sample|6|TRO.11|8301,1,0.0033052,0.663446,0.00441962,35.5977,0.228502,0.332652,True,PGDM1400|TRO.11,1313938
1,130_bNAb_Combinations|1313938|sample|7|TRO.11|8301,1,0.00330581,0.663478,0.194223,35.5978,0.228502,0.332652,True,PGT121|TRO.11,1313938
1,130_bNAb_Combinations|1313938|sample|8|TRO.11|8301,1,0.00330581,0.663478,0.168484,35.5978,0.228502,0.332652,True,PGT121|TRO.11,1313938
1,130_bNAb_Combinations|1313938|sample|9|TRO.11|8301,1,0.00330581,0.663478,0.240051,35.5978,0.228502,0.332652,True,PGT121|TRO.11,1313938
1,130_bNAb_Combinations|1313938|vc|1|2|TRO.11|8301,1,0.00330587,0.663474,9.61655e-07,35.5978,0.228502,0.332652,False,nan|TRO.11,1313938
1,130_bNAb_Combinations|1313938|vc|2|2|TRO.11|8301,1,0.00330587,0.663474,0.000123388,35.5978,0.228502,0.332652,False,nan|TRO.11,1313938
1,130_bNAb_Combinations|1313938|vc|3|2|TRO.11|8301,1,0.00330587,0.663474,1.87272e-05,35.5978,0.228502,0.332652,False,nan|TRO.11,1313938
1,130_bNAb_Combinations|1313938|vc|4|2|TRO.11|8301,1,0.00330587,0.663474,2.26128e-05,35.5978,0.228502,0.332652,False,nan|TRO.11,1313938
1,130_bNAb_Combinations|1313938|vc|5|2|TRO.11|8301,1,0.00330587,0.663474,0.00735993,35.5978,0.228502,0.332652,False,nan|TRO.11,1313938
1,130_bNAb_Combinations|1313938|vc|6|2|TRO.11|8301,1,0.00330587,0.663474,0.000521707,35.5978,0.228502,0.332652,False,nan|TRO.11,1313938
1,130_bNAb_Combinations|1313938|vc|7|2|TRO.11|8301,1,0.00330587,0.663474,5.67031e-07,35.5978,0.228502,0.332652,False,nan|TRO.11,1313938
1,130_bNAb_Combinations|1313938|vc|8|2|TRO.11|8301,1,0.00330587,0.663474,1.43912e-05,35.5978,0.228502,0.332652,False,nan|TRO.11,1313938
1,130_bNAb_Combinations|1313956|cc|1|1|Ce1176_A3|7023,1,0.00330595,0.663278,3.69033e-05,35.5978,0.228482,0.332751,False,nan|Ce1176_A3,1313956
1,130_bNAb_Combinations|1313956|cc|2|1|Ce1176_A3|7023,1,0.00330595,0.663278,6.35409e-06,35.5978,0.228482,0.332751,False,nan|Ce1176_A3,1313956
1,130_bNAb_Combinations|1313956|cc|3|1|Ce1176_A3|7023,1,0.00330595,0.663278,0.00141805,35.5978,0.228482,0.332751,False,nan|Ce1176_A3,1313956
1,130_bNAb_Combinations|1313956|cc|4|1|Ce1176_A3|7023,1,0.00330595,0.663278,0.00449545,35.5978,0.228482,0.332751,False,nan|Ce1176_A3,1313956
1,130_bNAb_Combinations|1313956|cc|5|1|Ce1176_A3|7023,1,0.00330595,0.663278,7.19597e-06,35.5978,0.228482,0.332751,False,nan|Ce1176_A3,1313956
1,130_bNAb_Combinations|1313956|cc|6|1|Ce1176_A3|7023,1,0.00330595,0.663278,9.84584e-05,35.5978,0.228482,0.332751,False,nan|Ce1176_A3,1313956
1,130_bNAb_Combinations|1313956|cc|7|1|Ce1176_A3|7023,1,0.00330595,0.663278,0.000155329,35.5978,0.228482,0.332751,False,nan|Ce1176_A3,1313956
1,130_bNAb_Combinations|1313956|cc|8|1|Ce1176_A3|7023,1,0.00330595,0.663278,2.79313e-05,35.5978,0.228482,0.332751,False,nan|Ce1176_A3,1313956
1,130_bNAb_Combinations|1313956|sample|10|Ce1176_A3|7023,1,0.00330601,0.663343,0.206594,35.5977,0.228482,0.332751,True,PGT121|Ce1176_A3,1313956
1,130_bNAb_Combinations|1313956|sample|11|Ce1176_A3|7023,1,0.00330519,0.663402,0.0170219,35.5977,0.228482,0.332751,True,VRC07-523LS|Ce1176_A3,1313956
1,130_bNAb_Combinations|1313956|sample|12|Ce1176_A3|7023,1,0.00330519,0.663402,0.0189887,35.5977,0.228482,0.332751,True,VRC07-523LS|Ce1176_A3,1313956
1,130_bNAb_Combinations|1313956|sample|3|Ce1176_A3|7023,1,0.00330553,0.663422,0.00228483,35.5977,0.228482,0.332751,True,PGDM1400|Ce1176_A3,1313956
1,130_bNAb_Combinations|1313956|sample|4|Ce1176_A3|7023,1,0.00330553,0.663422,0.0012682,35.5977,0.228482,0.332751,True,PGDM1400|Ce1176_A3,1313956
1,130_bNAb_Combinations|1313956|sample|5|Ce1176_A3|7023,1,0.00330553,0.663422,0.000408306,35.5977,0.228482,0.332751,True,PGDM1400|Ce1176_A3,1313956
1,130_bNAb_Combinations|1313956|sample|6|Ce1176_A3|7023,1,0.00330553,0.663422,0.000329374,35.5977,0.228482,0.332751,True,PGDM1400|Ce1176_A3,1313956
1,130_bNAb_Combinations|1313956|sample|7|Ce1176_A3|7023,1,0.00330601,0.663343,0.18003,35.5977,0.228482,0.332751,True,PGT121|Ce1176_A3,1313956
1,130_bNAb_Combinations|1313956|sample|8|Ce1176_A3|7023,1,0.00330601,0.663343,0.164018,35.5977,0.228482,0.332751,True,PGT121|Ce1176_A3,1313956
1,130_bNAb_Combinations|1313956|sample|9|Ce1176_A3|7023,1,0.00330601,0.663343,0.219743,35.5977,0.228482,0.332751,True,PGT121|Ce1176_A3,1313956
1,130_bNAb_Combinations|1313956|vc|1|2|Ce1176_A3|7023,1,0.00330595,0.663278,4.47882e-05,35.5978,0.228482,0.332751,False,nan|Ce1176_A3,1313956
1,130_bNAb_Combinations|1313956|vc|2|2|Ce1176_A3|7023,1,0.00330595,0.663278,3.46318e-05,35.5978,0.228482,0.332751,False,nan|Ce1176_A3,1313956
1,130_bNAb_Combinations|1313956|vc|3|2|Ce1176_A3|7023,1,0.00330595,0.663278,0.00031396,35.5978,0.228482,0.332751,False,nan|Ce1176_A3,1313956
1,130_bNAb_Combinations|1313956|vc|4|2|Ce1176_A3|7023,1,0.00330595,0.663278,7.13303e-05,35.5978,0.228482,0.332751,False,nan|Ce1176_A3,1313956
1,130_bNAb_Combinations|1313956|vc|5|2|Ce1176_A3|7023,1,0.00330595,0.663278,0.0281227,35.5978,0.228482,0.332751,False,nan|Ce1176_A3,1313956
1,130_bNAb_Combinations|1313956|vc|6|2|Ce1176_A3|7023,1,0.00330595,0.663278,2.75489e-05,35.5978,0.228482,0.332751,False,nan|Ce1176_A3,1313956
1,130_bNAb_Combinations|1313956|vc|7|2|Ce1176_A3|7023,1,0.00330595,0.663278,0.000286036,35.5978,0.228482,0.332751,False,nan|Ce1176_A3,1313956
1,130_bNAb_Combinations|1313956|vc|8|2|Ce1176_A3|7023,1,0.00330595,0.663278,0.000240654,35.5978,0.228482,0.332751,False,nan|Ce1176_A3,1313956
1,130_bNAb_Combinations|1313974|cc|1|1|nan|1176,1,0.00330597,0.663434,3.07537e-05,35.5977,0.22847,0.332696,False,nan|1176,1313974
1,130_bNAb_Combinations|1313974|cc|2|1|nan|1176,1,0.00330597,0.663434,8.03893e-05,35.5977,0.22847,0.332696,False,nan|1176,1313974
1,130_bNAb_Combinations|1313974|cc|3|1|nan|1176,1,0.00330597,0.663434,0.00663265,35.5977,0.22847,0.332696,False,nan|1176,1313974
1,130_bNAb_Combinations|1313974|cc|4|1|nan|1176,1,0.00330597,0.663434,2.57073e-05,35.5977,0.22847,0.332696,False,nan|1176,1313974
1,130_bNAb_Combinations|1313974|cc|5|1|nan|1176,1,0.00330597,0.663434,0.00214262,35.5977,0.22847,0.332696,False,nan|1176,1313974
1,130_bNAb_Combinations|1313974|cc|6|1|nan|1176,1,0.00330597,0.663434,1.37641e-05,35.5977,0.22847,0.332696,False,nan|1176,1313974
1,130_bNAb_Combinations|1313974|cc|7|1|nan|1176,1,0.00330597,0.663434,0.00739991,35.5977,0.22847,0.332696,False,nan|1176,1313974
1,130_bNAb_Combinations|1313974|cc|8|1|nan|1176,1,0.00330597,0.663434,0.00175333,35.5977,0.22847,0.332696,False,nan|1176,1313974
1,130_bNAb_Combinations|1313974|sample|10|nan|1176,1,0.00330552,0.663454,0.000770319,35.5977,0.22847,0.332696,True,PGT121|1176,1313974
1,130_bNAb_Combinations|1313974|sample|11|nan|1176,1,0.00330563,0.663172,0.0521164,35.5983,0.22847,0.332696,True,VRC07-523LS|1176,1313974
1,130_bNAb_Combinations|1313974|sample|12|nan|1176,1,0.00330563,0.663172,0.113429,35.5983,0.22847,0.332696,True,VRC07-523LS|1176,1313974
1,130_bNAb_Combinations|1313974|sample|3|nan|1176,1,0.00330563,0.316419,0.00039306,35.5977,0.22847,0.332696,True,PGDM1400|1176,1313974
1,130_bNAb_Combinations|1313974|sample|4|nan|1176,1,0.00330563,0.316419,0.000502485,35.5977,0.22847,0.332696,True,PGDM1400|1176,1313974
1,130_bNAb_Combinations|1313974|sample|5|nan|1176,1,0.00330563,0.316419,0.000229095,35.5977,0.22847,0.332696,True,PGDM1400|1176,1313974
1,130_bNAb_Combinations|1313974|sample|6|nan|1176,1,0.00330563,0.316419,0.000208368,35.5977,0.22847,0.332696,True,PGDM1400|1176,1313974
1,130_bNAb_Combinations|1313974|sample|7|nan|1176,1,0.00330552,0.663454,0.00226907,35.5977,0.22847,0.332696,True,PGT121|1176,1313974
1,130_bNAb_Combinations|1313974|sample|8|nan|1176,1,0.00330552,0.663454,0.00213766,35.5977,0.22847,0.332696,True,PGT121|1176,1313974
1,130_bNAb_Combinations|1313974|sample|9|nan|1176,1,0.00330552,0.663454,0.000816555,35.5977,0.22847,0.332696,True,PGT121|1176,1313974
1,130_bNAb_Combinations|1313974|vc|1|2|nan|1176,1,0.00330597,0.663434,0.000469883,35.5977,0.22847,0.332696,False,nan|1176,1313974
1,130_bNAb_Combinations|1313974|vc|2|2|nan|1176,1,0.00330597,0.663434,0.000861994,35.5977,0.22847,0.332696,False,nan|1176,1313974
1,130_bNAb_Combinations|1313974|vc|3|2|nan|1176,1,0.00330597,0.663434,6.2345e-06,35.5977,0.22847,0.332696,False,nan|1176,1313974
1,130_bNAb_Combinations|1313974|vc|4|2|nan|1176,1,0.00330597,0.663434,2.16531e-05,35.5977,0.22847,0.332696,False,nan|1176,1313974
1,130_bNAb_Combinations|1313974|vc|5|2|nan|1176,1,0.00330597,0.663434,7.65845e-05,35.5977,0.22847,0.332696,False,nan|1176,1313974
1,130_bNAb_Combinations|1313974|vc|6|2|nan|1176,1,0.00330597,0.663434,0.000762637,35.5977,0.22847,0.332696,False,nan|1176,1313974
1,130_bNAb_Combinations|1313974|vc|7|2|nan|1176,1,0.00330597,0.663434,0.000104026,35.5977,0.22847,0.332696,False,nan|1176,1313974
1,130_bNAb_Combinations|1313974|vc|8|2|nan|1176,1,0.00330597,0.663434,0.000564338,35.5977,0.22847,0.332696,False,nan|1176,1313974
1,130_bNAb_Combinations|1313992|cc|1|1|RHPA4259.7|5371,1,0.003306,0.663395,0.000129539,35.5978,0.228492,0.332691,False,nan|RHPA4259.7,1313992
1,130_bNAb_Combinations|1313992|cc|2|1|RHPA4259.7|5371,1,0.003306,0.663395,0.000406478,35.5978,0.228492,0.332691,False,nan|RHPA4259.7,1313992
1,130_bNAb_Combinations|1313992|cc|3|1|RHPA4259.7|5371,1,0.003306,0.663395,3.76846e-06,35.5978,0.228492,0.332691,False,nan|RHPA4259.7,1313992
1,130_bNAb_Combinations|1313992|cc|4|1|RHPA4259.7|5371,1,0.003306,0.663395,0.000779154,35.5978,0.228492,0.332691,False,nan|RHPA4259.7,1313992
1,130_bNAb_Combinations|1313992|cc|5|1|RHPA4259.7|5371,1,0.003306,0.663395,9.32807e-05,35.5978,0.228492,0.332691,False,nan|RHPA4259.7,1313992
1,130_bNAb_Combinations|1313992|cc|6|1|RHPA4259.7|5371,1,0.003306,0.663395,0.000122144,35.5978,0.228492,0.332691,False,nan|RHPA4259.7,1313992
1,130_bNAb_Combinations|1313992|cc|7|1|RHPA4259.7|5371,1,0.003306,0.663395,0.00193279,35.5978,0.228492,0.332691,False,nan|RHPA4259.7,1313992
1,130_bNAb_Combinations|1313992|cc|8|1|RHPA4259.7|5371,1,0.003306,0.663395,0.00014976,35.5978,0.228492,0.332691,False,nan|RHPA4259.7,1313992
1,130_bNAb_Combinations|1313992|sample|10|RHPA4259.7|5371,1,0.00330562,0.663357,0.189436,35.5977,0.228492,0.332691,True,PGT121|RHPA4259.7,1313992
1,130_bNAb_Combinations|1313992|sample|11|RHPA4259.7|5371,1,0.00330558,0.663346,0.230352,35.5977,0.228492,0.332691,True,VRC07-523LS|RHPA4259.7,1313992
1,130_bNAb_Combinations|1313992|sample|12|RHPA4259.7|5371,1,0.00330558,0.663346,0.22401,35.5977,0.228492,0.332691,True,VRC07-523LS|RHPA4259.7,1313992
1,130_bNAb_Combinations|1313992|sample|3|RHPA4259.7|5371,1,0.00330552,0.663462,0.00774154,35.598,0.228492,0.332691,True,PGDM1400|RHPA4259.7,1313992
1,130_bNAb_Combinations|1313992|sample|4|RHPA4259.7|5371,1,0.00330552,0.663462,0.00908402,35.598,0.228492,0.332691,True,PGDM1400|RHPA4259.7,1313992
1,130_bNAb_Combinations|1313992|sample|5|RHPA4259.7|5371,1,0.00330552,0.663462,0.0103273,35.598,0.228492,0.332691,True,PGDM1400|RHPA4259.7,1313992
1,130_bNAb_Combinations|1313992|sample|6|RHPA4259.7|5371,1,0.00330552,0.663462,0.00741313,35.598,0.228492,0.332691,True,PGDM1400|RHPA4259.7,1313992
1,130_bNAb_Combinations|1313992|sample|7|RHPA4259.7|5371,1,0.00330562,0.663357,0.182717,35.5977,0.228492,0.332691,True,PGT121|RHPA4259.7,1313992
1,130_bNAb_Combinations|1313992|sample|8|RHPA4259.7|5371,1,0.00330562,0.663357,0.163413,35.5977,0.228492,0.332691,True,PGT121|RHPA4259.7,1313992
1,130_bNAb_Combinations|1313992|sample|9|RHPA4259.7|5371,1,0.00330562,0.663357,0.184802,35.5977,0.228492,0.332691,True,PGT121|RHPA4259.7,1313992
1,130_bNAb_Combinations|1313992|vc|1|2|RHPA4259.7|5371,1,0.003306,0.663395,4.62815e-05,35.5978,0.228492,0.332691,False,nan|RHPA4259.7,1313992
1,130_bNAb_Combinations|1313992|vc|2|2|RHPA4259.7|5371,1,0.003306,0.663395,0.000522705,35.5978,0.228492,0.332691,False,nan|RHPA4259.7,1313992
1,130_bNAb_Combinations|1313992|vc|3|2|RHPA4259.7|5371,1,0.003306,0.663395,0.000318903,35.5978,0.228492,0.332691,False,nan|RHPA4259.7,1313992
1,130_bNAb_Combinations|1313992|vc|4|2|RHPA4259.7|5371,1,0.003306,0.663395,1.35358e-05,35.5978,0.228492,0.332691,False,nan|RHPA4259.7,1313992
1,130_bNAb_Combinations|1313992|vc|5|2|RHPA4259.7|5371,1,0.003306,0.663395,0.00553816,35.5978,0.228492,0.332691,False,nan|RHPA4259.7,1313992
1,130_bNAb_Combinations|1313992|vc|6|2|RHPA4259.7|5371,1,0.003306,0.663395,3.57451e-05,35.5978,0.228492,0.332691,False,nan|RHPA4259.7,1313992
1,130_bNAb_Combinations|1313992|vc|7|2|RHPA4259.7|5371,1,0.003306,0.663395,0.00153413,35.5978,0.228492,0.332691,False,nan|RHPA4259.7,1313992
1,130_bNAb_Combinations|1313992|vc|8|2|RHPA4259.7|5371,1,0.003306,0.663395,6.79275e-05,35.5978,0.228492,0.332691,False,nan|RHPA4259.7,1313992
1,130_bNAb_Combinations|1314016|cc|1|1|nan|3430,1,0.00330588,0.663424,3.72085e-05,35.5978,0.228514,0.332656,False,nan|3430,1314016
1,130_bNAb_Combinations|1314016|cc|2|1|nan|3430,1,0.00330588,0.663424,8.02169e-06,35.5978,0.228514,0.332656,False,nan|3430,1314016
1,130_bNAb_Combinations|1314016|cc|3|1|nan|3430,1,0.00330588,0.663424,0.000118339,35.5978,0.228514,0.332656,False,nan|3430,1314016
1,130_bNAb_Combinations|1314016|cc|4|1|nan|3430,1,0.00330588,0.663424,0.000619617,35.5978,0.228514,0.332656,False,nan|3430,1314016
1,130_bNAb_Combinations|1314016|cc|5|1|nan|3430,1,0.00330588,0.663424,0.000245071,35.5978,0.228514,0.332656,False,nan|3430,1314016
1,130_bNAb_Combinations|1314016|cc|6|1|nan|3430,1,0.00330588,0.663424,0.000588942,35.5978,0.228514,0.332656,False,nan|3430,1314016
1,130_bNAb_Combinations|1314016|cc|7|1|nan|3430,1,0.00330588,0.663424,0.000230127,35.5978,0.228514,0.332656,False,nan|3430,1314016
1,130_bNAb_Combinations|1314016|cc|8|1|nan|3430,1,0.00330588,0.663424,1.82267e-05,35.5978,0.228514,0.332656,False,nan|3430,1314016
1,130_bNAb_Combinations|1314016|sample|10|nan|3430,1,0.00330566,0.663391,0.0420891,35.5977,0.228514,0.332656,True,PGT121|3430,1314016
1,130_bNAb_Combinations|1314016|sample|11|nan|3430,1,0.00330594,0.663455,0.0729227,35.5978,0.228514,0.332656,True,VRC07-523LS|3430,1314016
1,130_bNAb_Combinations|1314016|sample|12|nan|3430,1,0.00330594,0.663455,0.0894603,35.5978,0.228514,0.332656,True,VRC07-523LS|3430,1314016
1,130_bNAb_Combinations|1314016|sample|3|nan|3430,1,0.00330559,0.551828,0.277865,35.5975,0.228514,0.332656,True,PGDM1400|3430,1314016
1,130_bNAb_Combinations|1314016|sample|4|nan|3430,1,0.00330559,0.551828,0.334062,35.5975,0.228514,0.332656,True,PGDM1400|3430,1314016
1,130_bNAb_Combinations|1314016|sample|5|nan|3430,1,0.00330559,0.551828,0.32165,35.5975,0.228514,0.332656,True,PGDM1400|3430,1314016
1,130_bNAb_Combinations|1314016|sample|6|nan|3430,1,0.00330559,0.551828,0.245851,35.5975,0.228514,0.332656,True,PGDM1400|3430,1314016
1,130_bNAb_Combinations|1314016|sample|7|nan|3430,1,0.00330566,0.663391,0.0335836,35.5977,0.228514,0.332656,True,PGT121|3430,1314016
1,130_bNAb_Combinations|1314016|sample|8|nan|3430,1,0.00330566,0.663391,0.026172,35.5977,0.228514,0.332656,True,PGT121|3430,1314016
1,130_bNAb_Combinations|1314016|sample|9|nan|3430,1,0.00330566,0.663391,0.0350518,35.5977,0.228514,0.332656,True,PGT121|3430,1314016
1,130_bNAb_Combinations|1314016|vc|1|2|nan|3430,1,0.00330588,0.663424,7.82297e-05,35.5978,0.228514,0.332656,False,nan|3430,1314016
1,130_bNAb_Combinations|1314016|vc|2|2|nan|3430,1,0.00330588,0.663424,3.49921e-06,35.5978,0.228514,0.332656,False,nan|3430,1314016
1,130_bNAb_Combinations|1314016|vc|3|2|nan|3430,1,0.00330588,0.663424,9.92037e-05,35.5978,0.228514,0.332656,False,nan|3430,1314016
1,130_bNAb_Combinations|1314016|vc|4|2|nan|3430,1,0.00330588,0.663424,2.56718e-05,35.5978,0.228514,0.332656,False,nan|3430,1314016
1,130_bNAb_Combinations|1314016|vc|5|2|nan|3430,1,0.00330588,0.663424,5.76704e-05,35.5978,0.228514,0.332656,False,nan|3430,1314016
1,130_bNAb_Combinations|1314016|vc|6|2|nan|3430,1,0.00330588,0.663424,0.000447189,35.5978,0.228514,0.332656,False,nan|3430,1314016
1,130_bNAb_Combinations|1314016|vc|7|2|nan|3430,1,0.00330588,0.663424,0.000708889,35.5978,0.228514,0.332656,False,nan|3430,1314016
1,130_bNAb_Combinations|1314016|vc|8|2|nan|3430,1,0.00330588,0.663424,0.00167623,35.5978,0.228514,0.332656,False,nan|3430,1314016
1,130_bNAb_Combinations|1314040|cc|1|1|nan|4166,1,0.00330589,0.663291,5.31669e-05,35.5978,0.228482,0.332699,False,nan|4166,1314040
1,130_bNAb_Combinations|1314040|cc|2|1|nan|4166,1,0.00330589,0.663291,6.5189e-05,35.5978,0.228482,0.332699,False,nan|4166,1314040
1,130_bNAb_Combinations|1314040|cc|3|1|nan|4166,1,0.00330589,0.663291,8.94391e-05,35.5978,0.228482,0.332699,False,nan|4166,1314040
1,130_bNAb_Combinations|1314040|cc|4|1|nan|4166,1,0.00330589,0.663291,0.000403506,35.5978,0.228482,0.332699,False,nan|4166,1314040
1,130_bNAb_Combinations|1314040|cc|5|1|nan|4166,1,0.00330589,0.663291,2.77027e-05,35.5978,0.228482,0.332699,False,nan|4166,1314040
1,130_bNAb_Combinations|1314040|cc|6|1|nan|4166,1,0.00330589,0.663291,0.000845099,35.5978,0.228482,0.332699,False,nan|4166,1314040
1,130_bNAb_Combinations|1314040|cc|7|1|nan|4166,1,0.00330589,0.663291,6.79502e-06,35.5978,0.228482,0.332699,False,nan|4166,1314040
1,130_bNAb_Combinations|1314040|cc|8|1|nan|4166,1,0.00330589,0.663291,5.84432e-06,35.5978,0.228482,0.332699,False,nan|4166,1314040
1,130_bNAb_Combinations|1314040|sample|10|nan|4166,1,0.00330627,0.663489,0.350401,35.5977,0.228482,0.332699,True,PGT121|4166,1314040
1,130_bNAb_Combinations|1314040|sample|11|nan|4166,1,0.00330559,0.664839,0.222251,35.5977,0.228482,0.332699,True,VRC07-523LS|4166,1314040
1,130_bNAb_Combinations|1314040|sample|12|nan|4166,1,0.00330559,0.664839,0.226249,35.5977,0.228482,0.332699,True,VRC07-523LS|4166,1314040
1,130_bNAb_Combinations|1314040|sample|3|nan|4166,1,0.00330558,0.47297,0.0768033,35.5977,0.228482,0.332699,True,PGDM1400|4166,1314040
1,130_bNAb_Combinations|1314040|sample|4|nan|4166,1,0.00330558,0.47297,0.0451761,35.5977,0.228482,0.332699,True,PGDM1400|4166,1314040
1,130_bNAb_Combinations|1314040|sample|5|nan|4166,1,0.00330558,0.47297,0.0532533,35.5977,0.228482,0.332699,True,PGDM1400|4166,1314040
1,130_bNAb_Combinations|1314040|sample|6|nan|4166,1,0.00330558,0.47297,0.0505103,35.5977,0.228482,0.332699,True,PGDM1400|4166,1314040
1,130_bNAb_Combinations|1314040|sample|7|nan|4166,1,0.00330627,0.663489,0.361808,35.5977,0.228482,0.332699,True,PGT121|4166,1314040
1,130_bNAb_Combinations|1314040|sample|8|nan|4166,1,0.00330627,0.663489,0.312877,35.5977,0.228482,0.332699,True,PGT121|4166,1314040
1,130_bNAb_Combinations|1314040|sample|9|nan|4166,1,0.00330627,0.663489,0.305466,35.5977,0.228482,0.332699,True,PGT121|4166,1314040
1,130_bNAb_Combinations|1314040|vc|1|2|nan|4166,1,0.00330589,0.663291,3.33447e-05,35.5978,0.228482,0.332699,False,nan|4166,1314040
1,130_bNAb_Combinations|1314040|vc|2|2|nan|4166,1,0.00330589,0.663291,0.000196939,35.5978,0.228482,0.332699,False,nan|4166,1314040
1,130_bNAb_Combinations|1314040|vc|3|2|nan|4166,1,0.00330589,0.663291,0.000266395,35.5978,0.228482,0.332699,False,nan|4166,1314040
1,130_bNAb_Combinations|1314040|vc|4|2|nan|4166,1,0.00330589,0.663291,0.000230861,35.5978,0.228482,0.332699,False,nan|4166,1314040
1,130_bNAb_Combinations|1314040|vc|5|2|nan|4166,1,0.00330589,0.663291,5.28229e-06,35.5978,0.228482,0.332699,False,nan|4166,1314040
1,130_bNAb_Combinations|1314040|vc|6|2|nan|4166,1,0.00330589,0.663291,0.000148045,35.5978,0.228482,0.332699,False,nan|4166,1314040
1,130_bNAb_Combinations|1314040|vc|7|2|nan|4166,1,0.00330589,0.663291,0.00109664,35.5978,0.228482,0.332699,False,nan|4166,1314040
1,130_bNAb_Combinations|1314040|vc|8|2|nan|4166,1,0.00330589,0.663291,4.70051e-06,35.5978,0.228482,0.332699,False,nan|4166,1314040
1,130_bNAb_Combinations|1314058|cc|1|1|nan|2944,1,0.00330587,0.663445,2.98385e-05,35.5977,0.228489,0.332723,False,nan|2944,1314058
1,130_bNAb_Combinations|1314058|cc|2|1|nan|2944,1,0.00330587,0.663445,0.00986378,35.5977,0.228489,0.332723,False,nan|2944,1314058
1,130_bNAb_Combinations|1314058|cc|3|1|nan|2944,1,0.00330587,0.663445,0.00397156,35.5977,0.228489,0.332723,False,nan|2944,1314058
1,130_bNAb_Combinations|1314058|cc|4|1|nan|2944,1,0.00330587,0.663445,0.000224267,35.5977,0.228489,0.332723,False,nan|2944,1314058
1,130_bNAb_Combinations|1314058|cc|5|1|nan|2944,1,0.00330587,0.663445,2.7193e-05,35.5977,0.228489,0.332723,False,nan|2944,1314058
1,130_bNAb_Combinations|1314058|cc|6|1|nan|2944,1,0.00330587,0.663445,1.46693e-06,35.5977,0.228489,0.332723,False,nan|2944,1314058
1,130_bNAb_Combinations|1314058|cc|7|1|nan|2944,1,0.00330587,0.663445,3.47595e-06,35.5977,0.228489,0.332723,False,nan|2944,1314058
1,130_bNAb_Combinations|1314058|cc|8|1|nan|2944,1,0.00330587,0.663445,3.43859e-05,35.5977,0.228489,0.332723,False,nan|2944,1314058
1,130_bNAb_Combinations|1314058|sample|10|nan|2944,1,0.00330559,0.663354,0.35637,35.5977,0.228489,0.332723,True,PGT121|2944,1314058
1,130_bNAb_Combinations|1314058|sample|11|nan|2944,1,0.00330591,0.663362,0.0527448,35.5978,0.228489,0.332723,True,VRC07-523LS|2944,1314058
1,130_bNAb_Combinations|1314058|sample|12|nan|2944,1,0.00330591,0.663362,0.0504373,35.5978,0.228489,0.332723,True,VRC07-523LS|2944,1314058
1,130_bNAb_Combinations|1314058|sample|3|nan|2944,1,0.00330572,0.663381,1.84342,35.5977,0.228489,0.332723,True,PGDM1400|2944,1314058
1,130_bNAb_Combinations|1314058|sample|4|nan|2944,1,0.00330572,0.663381,1.11269,35.5977,0.228489,0.332723,True,PGDM1400|2944,1314058
1,130_bNAb_Combinations|1314058|sample|5|nan|2944,1,0.00330572,0.663381,1.96066,35.5977,0.228489,0.332723,True,PGDM1400|2944,1314058
1,130_bNAb_Combinations|1314058|sample|6|nan|2944,1,0.00330572,0.663381,2.93872,35.5977,0.228489,0.332723,True,PGDM1400|2944,1314058
1,130_bNAb_Combinations|1314058|sample|7|nan|2944,1,0.00330559,0.663354,0.285788,35.5977,0.228489,0.332723,True,PGT121|2944,1314058
1,130_bNAb_Combinations|1314058|sample|8|nan|2944,1,0.00330559,0.663354,0.338366,35.5977,0.228489,0.332723,True,PGT121|2944,1314058
1,130_bNAb_Combinations|1314058|sample|9|nan|2944,1,0.00330559,0.663354,0.408868,35.5977,0.228489,0.332723,True,PGT121|2944,1314058
1,130_bNAb_Combinations|1314058|vc|1|2|nan|2944,1,0.00330587,0.663445,0.000106162,35.5977,0.228489,0.332723,False,nan|2944,1314058
1,130_bNAb_Combinations|1314058|vc|2|2|nan|2944,1,0.00330587,0.663445,3.14944e-06,35.5977,0.228489,0.332723,False,nan|2944,1314058
1,130_bNAb_Combinations|1314058|vc|3|2|nan|2944,1,0.00330587,0.663445,2.47232e-05,35.5977,0.228489,0.332723,False,nan|2944,1314058
1,130_bNAb_Combinations|1314058|vc|4|2|nan|2944,1,0.00330587,0.663445,0.000169468,35.5977,0.228489,0.332723,False,nan|2944,1314058
1,130_bNAb_Combinations|1314058|vc|5|2|nan|2944,1,0.00330587,0.663445,7.25698e-05,35.5977,0.228489,0.332723,False,nan|2944,1314058
1,130_bNAb_Combinations|1314058|vc|6|2|nan|2944,1,0.00330587,0.663445,0.000164207,35.5977,0.228489,0.332723,False,nan|2944,1314058
1,130_bNAb_Combinations|1314058|vc|7|2|nan|2944,1,0.00330587,0.663445,3.59367e-05,35.5977,0.228489,0.332723,False,nan|2944,1314058
1,130_bNAb_Combinations|1314058|vc|8|2|nan|2944,1,0.00330587,0.663445,5.05604e-05,35.5977,0.228489,0.332723,False,nan|2944,1314058
1,130_bNAb_Combinations|1342240|cc|1|1|nan|1798,1,0.003306,0.663429,5.17971e-05,35.5979,0.228498,0.332705,False,nan|1798,1342240
1,130_bNAb_Combinations|1342240|cc|2|1|nan|1798,1,0.003306,0.663429,0.00166306,35.5979,0.228498,0.332705,False,nan|1798,1342240
1,130_bNAb_Combinations|1342240|cc|3|1|nan|1798,1,0.003306,0.663429,8.95514e-05,35.5979,0.228498,0.332705,False,nan|1798,1342240
1,130_bNAb_Combinations|1342240|cc|4|1|nan|1798,1,0.003306,0.663429,8.25778e-06,35.5979,0.228498,0.332705,False,nan|1798,1342240
1,130_bNAb_Combinations|1342240|cc|5|1|nan|1798,1,0.003306,0.663429,8.97598e-06,35.5979,0.228498,0.332705,False,nan|1798,1342240
1,130_bNAb_Combinations|1342240|cc|6|1|nan|1798,1,0.003306,0.663429,0.000332937,35.5979,0.228498,0.332705,False,nan|1798,1342240
1,130_bNAb_Combinations|1342240|cc|7|1|nan|1798,1,0.003306,0.663429,0.000419373,35.5979,0.228498,0.332705,False,nan|1798,1342240
1,130_bNAb_Combinations|1342240|cc|8|1|nan|1798,1,0.003306,0.663429,9.53002e-05,35.5979,0.228498,0.332705,False,nan|1798,1342240
1,130_bNAb_Combinations|1342240|sample|3|nan|1798,1,0.00330498,0.668869,0.00978428,35.5979,0.228498,0.332705,True,VRC07-523LS|1798,1342240
1,130_bNAb_Combinations|1342240|sample|4|nan|1798,1,0.00330498,0.668869,0.0096455,35.5979,0.228498,0.332705,True,VRC07-523LS|1798,1342240
1,130_bNAb_Combinations|1342240|sample|8|nan|1798,1,0.00330498,0.668869,0.0742815,35.5979,0.228498,0.332705,True,VRC07-523LS|1798,1342240
1,130_bNAb_Combinations|1342240|vc|1|2|nan|1798,1,0.003306,0.663429,2.98823e-06,35.5979,0.228498,0.332705,False,nan|1798,1342240
1,130_bNAb_Combinations|1342240|vc|2|2|nan|1798,1,0.003306,0.663429,0.000500941,35.5979,0.228498,0.332705,False,nan|1798,1342240
1,130_bNAb_Combinations|1342240|vc|3|2|nan|1798,1,0.003306,0.663429,0.000555743,35.5979,0.228498,0.332705,False,nan|1798,1342240
1,130_bNAb_Combinations|1342240|vc|4|2|nan|1798,1,0.003306,0.663429,0.00221642,35.5979,0.228498,0.332705,False,nan|1798,1342240
1,130_bNAb_Combinations|1342240|vc|5|2|nan|1798,1,0.003306,0.663429,0.000100078,35.5979,0.228498,0.332705,False,nan|1798,1342240
1,130_bNAb_Combinations|1342240|vc|6|2|nan|1798,1,0.003306,0.663429,1.59728e-05,35.5979,0.228498,0.332705,False,nan|1798,1342240
1,130_bNAb_Combinations|1342240|vc|7|2|nan|1798,1,0.003306,0.663429,2.49074e-05,35.5979,0.228498,0.332705,False,nan|1798,1342240
1,130_bNAb_Combinations|1342240|vc|8|2|nan|1798,1,0.003306,0.663429,0.000994026,35.5979,0.228498,0.332705,False,nan|1798,1342240
1,130_bNAb_Combinations|1342258|cc|1|1|TRO.11|8301,1,0.00330587,0.663474,3.83081e-05,35.5978,0.228458,0.332724,False,nan|TRO.11,1342258
1,130_bNAb_Combinations|1342258|cc|2|1|TRO.11|8301,1,0.00330587,0.663474,0.000410279,35.5978,0.228458,0.332724,False,nan|TRO.11,1342258
1,130_bNAb_Combinations|1342258|cc|3|1|TRO.11|8301,1,0.00330587,0.663474,2.90715e-05,35.5978,0.228458,0.332724,False,nan|TRO.11,1342258
1,130_bNAb_Combinations|1342258|cc|4|1|TRO.11|8301,1,0.00330587,0.663474,0.000177839,35.5978,0.228458,0.332724,False,nan|TRO.11,1342258
1,130_bNAb_Combinations|1342258|cc|5|1|TRO.11|8301,1,0.00330587,0.663474,3.19518e-05,35.5978,0.228458,0.332724,False,nan|TRO.11,1342258
1,130_bNAb_Combinations|1342258|cc|6|1|TRO.11|8301,1,0.00330587,0.663474,3.00527e-05,35.5978,0.228458,0.332724,False,nan|TRO.11,1342258
1,130_bNAb_Combinations|1342258|cc|7|1|TRO.11|8301,1,0.00330587,0.663474,7.06589e-05,35.5978,0.228458,0.332724,False,nan|TRO.11,1342258
1,130_bNAb_Combinations|1342258|cc|8|1|TRO.11|8301,1,0.00330587,0.663474,0.00138471,35.5978,0.228458,0.332724,False,nan|TRO.11,1342258
1,130_bNAb_Combinations|1342258|sample|3|TRO.11|8301,1,0.00330527,0.758524,0.0652936,35.5978,0.228458,0.332724,True,VRC07-523LS|TRO.11,1342258
1,130_bNAb_Combinations|1342258|sample|4|TRO.11|8301,1,0.00330527,0.758524,0.0599615,35.5978,0.228458,0.332724,True,VRC07-523LS|TRO.11,1342258
1,130_bNAb_Combinations|1342258|vc|1|2|TRO.11|8301,1,0.00330587,0.663474,5.40568e-06,35.5978,0.228458,0.332724,False,nan|TRO.11,1342258
1,130_bNAb_Combinations|1342258|vc|2|2|TRO.11|8301,1,0.00330587,0.663474,3.08434e-05,35.5978,0.228458,0.332724,False,nan|TRO.11,1342258
1,130_bNAb_Combinations|1342258|vc|3|2|TRO.11|8301,1,0.00330587,0.663474,0.000612625,35.5978,0.228458,0.332724,False,nan|TRO.11,1342258
1,130_bNAb_Combinations|1342258|vc|4|2|TRO.11|8301,1,0.00330587,0.663474,5.98039e-05,35.5978,0.228458,0.332724,False,nan|TRO.11,1342258
1,130_bNAb_Combinations|1342258|vc|5|2|TRO.11|8301,1,0.00330587,0.663474,6.85813e-05,35.5978,0.228458,0.332724,False,nan|TRO.11,1342258
1,130_bNAb_Combinations|1342258|vc|6|2|TRO.11|8301,1,0.00330587,0.663474,0.000353068,35.5978,0.228458,0.332724,False,nan|TRO.11,1342258
1,130_bNAb_Combinations|1342258|vc|7|2|TRO.11|8301,1,0.00330587,0.663474,1.71582e-05,35.5978,0.228458,0.332724,False,nan|TRO.11,1342258
1,130_bNAb_Combinations|1342258|vc|8|2|TRO.11|8301,1,0.00330587,0.663474,0.000427119,35.5978,0.228458,0.332724,False,nan|TRO.11,1342258
1,130_bNAb_Combinations|1342276|cc|1|1|Ce1176_A3|7023,1,0.00330595,0.663278,0.000119089,35.5978,0.228494,0.332967,False,nan|Ce1176_A3,1342276
1,130_bNAb_Combinations|1342276|cc|2|1|Ce1176_A3|7023,1,0.00330595,0.663278,9.80807e-05,35.5978,0.228494,0.332967,False,nan|Ce1176_A3,1342276
1,130_bNAb_Combinations|1342276|cc|3|1|Ce1176_A3|7023,1,0.00330595,0.663278,0.0045908,35.5978,0.228494,0.332967,False,nan|Ce1176_A3,1342276
1,130_bNAb_Combinations|1342276|cc|4|1|Ce1176_A3|7023,1,0.00330595,0.663278,3.7238e-06,35.5978,0.228494,0.332967,False,nan|Ce1176_A3,1342276
1,130_bNAb_Combinations|1342276|cc|5|1|Ce1176_A3|7023,1,0.00330595,0.663278,0.00128562,35.5978,0.228494,0.332967,False,nan|Ce1176_A3,1342276
1,130_bNAb_Combinations|1342276|cc|6|1|Ce1176_A3|7023,1,0.00330595,0.663278,8.9305e-06,35.5978,0.228494,0.332967,False,nan|Ce1176_A3,1342276
1,130_bNAb_Combinations|1342276|cc|7|1|Ce1176_A3|7023,1,0.00330595,0.663278,0.00541085,35.5978,0.228494,0.332967,False,nan|Ce1176_A3,1342276
1,130_bNAb_Combinations|1342276|cc|8|1|Ce1176_A3|7023,1,0.00330595,0.663278,7.35899e-05,35.5978,0.228494,0.332967,False,nan|Ce1176_A3,1342276
1,130_bNAb_Combinations|1342276|sample|3|Ce1176_A3|7023,1,0.00330519,0.663402,0.0147979,35.5977,0.228494,0.332967,True,VRC07-523LS|Ce1176_A3,1342276
1,130_bNAb_Combinations|1342276|sample|4|Ce1176_A3|7023,1,0.00330519,0.663402,0.0130038,35.5977,0.228494,0.332967,True,VRC07-523LS|Ce1176_A3,1342276
1,130_bNAb_Combinations|1342276|vc|1|2|Ce1176_A3|7023,1,0.00330595,0.663278,0.000335295,35.5978,0.228494,0.332967,False,nan|Ce1176_A3,1342276
1,130_bNAb_Combinations|1342276|vc|2|2|Ce1176_A3|7023,1,0.00330595,0.663278,4.44375e-05,35.5978,0.228494,0.332967,False,nan|Ce1176_A3,1342276
1,130_bNAb_Combinations|1342276|vc|3|2|Ce1176_A3|7023,1,0.00330595,0.663278,0.00402072,35.5978,0.228494,0.332967,False,nan|Ce1176_A3,1342276
1,130_bNAb_Combinations|1342276|vc|4|2|Ce1176_A3|7023,1,0.00330595,0.663278,0.000187292,35.5978,0.228494,0.332967,False,nan|Ce1176_A3,1342276
1,130_bNAb_Combinations|1342276|vc|5|2|Ce1176_A3|7023,1,0.00330595,0.663278,2.71922e-05,35.5978,0.228494,0.332967,False,nan|Ce1176_A3,1342276
1,130_bNAb_Combinations|1342276|vc|6|2|Ce1176_A3|7023,1,0.00330595,0.663278,0.000194579,35.5978,0.228494,0.332967,False,nan|Ce1176_A3,1342276
1,130_bNAb_Combinations|1342276|vc|7|2|Ce1176_A3|7023,1,0.00330595,0.663278,0.000477343,35.5978,0.228494,0.332967,False,nan|Ce1176_A3,1342276
1,130_bNAb_Combinations|1342276|vc|8|2|Ce1176_A3|7023,1,0.00330595,0.663278,0.00132189,35.5978,0.228494,0.332967,False,nan|Ce1176_A3,1342276
1,130_bNAb_Combinations|1342294|cc|1|1|nan|1176,1,0.00330597,0.663434,0.0012397,35.5977,0.228335,0.332167,False,nan|1176,1342294
1,130_bNAb_Combinations|1342294|cc|2|1|nan|1176,1,0.00330597,0.663434,0.000159202,35.5977,0.228335,0.332167,False,nan|1176,1342294
1,130_bNAb_Combinations|1342294|cc|3|1|nan|1176,1,0.00330597,0.663434,0.00209999,35.5977,0.228335,0.332167,False,nan|1176,1342294
1,130_bNAb_Combinations|1342294|cc|4|1|nan|1176,1,0.00330597,0.663434,0.000260833,35.5977,0.228335,0.332167,False,nan|1176,1342294
1,130_bNAb_Combinations|1342294|cc|5|1|nan|1176,1,0.00330597,0.663434,6.3982e-06,35.5977,0.228335,0.332167,False,nan|1176,1342294
1,130_bNAb_Combinations|1342294|cc|6|1|nan|1176,1,0.00330597,0.663434,1.53214e-05,35.5977,0.228335,0.332167,False,nan|1176,1342294
1,130_bNAb_Combinations|1342294|cc|7|1|nan|1176,1,0.00330597,0.663434,0.000949069,35.5977,0.228335,0.332167,False,nan|1176,1342294
1,130_bNAb_Combinations|1342294|cc|8|1|nan|1176,1,0.00330597,0.663434,4.18414e-05,35.5977,0.228335,0.332167,False,nan|1176,1342294
1,130_bNAb_Combinations|1342294|sample|3|nan|1176,1,0.00330563,0.663172,0.0675797,35.5983,0.228335,0.332167,True,VRC07-523LS|1176,1342294
1,130_bNAb_Combinations|1342294|sample|4|nan|1176,1,0.00330563,0.663172,0.0586964,35.5983,0.228335,0.332167,True,VRC07-523LS|1176,1342294
1,130_bNAb_Combinations|1342294|sample|8|nan|1176,1,0.00330563,0.663172,0.00955926,35.5983,0.228335,0.332167,True,VRC07-523LS|1176,1342294
1,130_bNAb_Combinations|1342294|vc|1|2|nan|1176,1,0.00330597,0.663434,4.10998e-07,35.5977,0.228335,0.332167,False,nan|1176,1342294
1,130_bNAb_Combinations|1342294|vc|2|2|nan|1176,1,0.00330597,0.663434,2.46082e-05,35.5977,0.228335,0.332167,False,nan|1176,1342294
1,130_bNAb_Combinations|1342294|vc|3|2|nan|1176,1,0.00330597,0.663434,4.40159e-05,35.5977,0.228335,0.332167,False,nan|1176,1342294
1,130_bNAb_Combinations|1342294|vc|4|2|nan|1176,1,0.00330597,0.663434,7.78142e-05,35.5977,0.228335,0.332167,False,nan|1176,1342294
1,130_bNAb_Combinations|1342294|vc|5|2|nan|1176,1,0.00330597,0.663434,9.50693e-05,35.5977,0.228335,0.332167,False,nan|1176,1342294
1,130_bNAb_Combinations|1342294|vc|6|2|nan|1176,1,0.00330597,0.663434,3.59907e-05,35.5977,0.228335,0.332167,False,nan|1176,1342294
1,130_bNAb_Combinations|1342294|vc|7|2|nan|1176,1,0.00330597,0.663434,0.000822732,35.5977,0.228335,0.332167,False,nan|1176,1342294
1,130_bNAb_Combinations|1342294|vc|8|2|nan|1176,1,0.00330597,0.663434,0.000848764,35.5977,0.228335,0.332167,False,nan|1176,1342294
1,130_bNAb_Combinations|1342312|cc|1|1|RHPA4259.7|5371,1,0.003306,0.663395,0.000298012,35.5978,0.228499,0.332687,False,nan|RHPA4259.7,1342312
1,130_bNAb_Combinations|1342312|cc|2|1|RHPA4259.7|5371,1,0.003306,0.663395,0.00197919,35.5978,0.228499,0.332687,False,nan|RHPA4259.7,1342312
1,130_bNAb_Combinations|1342312|cc|3|1|RHPA4259.7|5371,1,0.003306,0.663395,0.00141031,35.5978,0.228499,0.332687,False,nan|RHPA4259.7,1342312
1,130_bNAb_Combinations|1342312|cc|4|1|RHPA4259.7|5371,1,0.003306,0.663395,0.000329193,35.5978,0.228499,0.332687,False,nan|RHPA4259.7,1342312
1,130_bNAb_Combinations|1342312|cc|5|1|RHPA4259.7|5371,1,0.003306,0.663395,0.000420504,35.5978,0.228499,0.332687,False,nan|RHPA4259.7,1342312
1,130_bNAb_Combinations|1342312|cc|6|1|RHPA4259.7|5371,1,0.003306,0.663395,2.01811e-05,35.5978,0.228499,0.332687,False,nan|RHPA4259.7,1342312
1,130_bNAb_Combinations|1342312|cc|7|1|RHPA4259.7|5371,1,0.003306,0.663395,0.00104147,35.5978,0.228499,0.332687,False,nan|RHPA4259.7,1342312
1,130_bNAb_Combinations|1342312|cc|8|1|RHPA4259.7|5371,1,0.003306,0.663395,3.79446e-06,35.5978,0.228499,0.332687,False,nan|RHPA4259.7,1342312
1,130_bNAb_Combinations|1342312|sample|3|RHPA4259.7|5371,1,0.00330558,0.663346,0.108902,35.5977,0.228499,0.332687,True,VRC07-523LS|RHPA4259.7,1342312
1,130_bNAb_Combinations|1342312|sample|4|RHPA4259.7|5371,1,0.00330558,0.663346,0.113414,35.5977,0.228499,0.332687,True,VRC07-523LS|RHPA4259.7,1342312
1,130_bNAb_Combinations|1342312|vc|1|2|RHPA4259.7|5371,1,0.003306,0.663395,0.000465118,35.5978,0.228499,0.332687,False,nan|RHPA4259.7,1342312
1,130_bNAb_Combinations|1342312|vc|2|2|RHPA4259.7|5371,1,0.003306,0.663395,0.00068937,35.5978,0.228499,0.332687,False,nan|RHPA4259.7,1342312
1,130_bNAb_Combinations|1342312|vc|3|2|RHPA4259.7|5371,1,0.003306,0.663395,3.47446e-05,35.5978,0.228499,0.332687,False,nan|RHPA4259.7,1342312
1,130_bNAb_Combinations|1342312|vc|4|2|RHPA4259.7|5371,1,0.003306,0.663395,6.04621e-05,35.5978,0.228499,0.332687,False,nan|RHPA4259.7,1342312
1,130_bNAb_Combinations|1342312|vc|5|2|RHPA4259.7|5371,1,0.003306,0.663395,0.000104064,35.5978,0.228499,0.332687,False,nan|RHPA4259.7,1342312
1,130_bNAb_Combinations|1342312|vc|6|2|RHPA4259.7|5371,1,0.003306,0.663395,5.17215e-05,35.5978,0.228499,0.332687,False,nan|RHPA4259.7,1342312
1,130_bNAb_Combinations|1342312|vc|7|2|RHPA4259.7|5371,1,0.003306,0.663395,0.000144039,35.5978,0.228499,0.332687,False,nan|RHPA4259.7,1342312
1,130_bNAb_Combinations|1342312|vc|8|2|RHPA4259.7|5371,1,0.003306,0.663395,0.00712729,35.5978,0.228499,0.332687,False,nan|RHPA4259.7,1342312
1,130_bNAb_Combinations|1342336|cc|1|1|nan|3430,1,0.00330588,0.663424,0.000110467,35.5978,0.228474,0.332711,False,nan|3430,1342336
1,130_bNAb_Combinations|1342336|cc|2|1|nan|3430,1,0.00330588,0.663424,4.65827e-05,35.5978,0.228474,0.332711,False,nan|3430,1342336
1,130_bNAb_Combinations|1342336|cc|3|1|nan|3430,1,0.00330588,0.663424,0.000341077,35.5978,0.228474,0.332711,False,nan|3430,1342336
1,130_bNAb_Combinations|1342336|cc|4|1|nan|3430,1,0.00330588,0.663424,0.00349291,35.5978,0.228474,0.332711,False,nan|3430,1342336
1,130_bNAb_Combinations|1342336|cc|5|1|nan|3430,1,0.00330588,0.663424,3.86999e-06,35.5978,0.228474,0.332711,False,nan|3430,1342336
1,130_bNAb_Combinations|1342336|cc|6|1|nan|3430,1,0.00330588,0.663424,0.000285134,35.5978,0.228474,0.332711,False,nan|3430,1342336
1,130_bNAb_Combinations|1342336|cc|7|1|nan|3430,1,0.00330588,0.663424,0.000283573,35.5978,0.228474,0.332711,False,nan|3430,1342336
1,130_bNAb_Combinations|1342336|cc|8|1|nan|3430,1,0.00330588,0.663424,0.000114764,35.5978,0.228474,0.332711,False,nan|3430,1342336
1,130_bNAb_Combinations|1342336|sample|3|nan|3430,1,0.00330594,0.663455,0.114764,35.5978,0.228474,0.332711,True,VRC07-523LS|3430,1342336
1,130_bNAb_Combinations|1342336|sample|4|nan|3430,1,0.00330594,0.663455,0.0887591,35.5978,0.228474,0.332711,True,VRC07-523LS|3430,1342336
1,130_bNAb_Combinations|1342336|sample|5|nan|3430,1,0.00330594,0.663455,0.11793,35.5978,0.228474,0.332711,True,VRC07-523LS|3430,1342336
1,130_bNAb_Combinations|1342336|vc|1|2|nan|3430,1,0.00330588,0.663424,3.30034e-05,35.5978,0.228474,0.332711,False,nan|3430,1342336
1,130_bNAb_Combinations|1342336|vc|2|2|nan|3430,1,0.00330588,0.663424,0.000683683,35.5978,0.228474,0.332711,False,nan|3430,1342336
1,130_bNAb_Combinations|1342336|vc|3|2|nan|3430,1,0.00330588,0.663424,0.000243599,35.5978,0.228474,0.332711,False,nan|3430,1342336
1,130_bNAb_Combinations|1342336|vc|4|2|nan|3430,1,0.00330588,0.663424,0.000262735,35.5978,0.228474,0.332711,False,nan|3430,1342336
1,130_bNAb_Combinations|1342336|vc|5|2|nan|3430,1,0.00330588,0.663424,3.59049e-05,35.5978,0.228474,0.332711,False,nan|3430,1342336
1,130_bNAb_Combinations|1342336|vc|6|2|nan|3430,1,0.00330588,0.663424,0.000102214,35.5978,0.228474,0.332711,False,nan|3430,1342336
1,130_bNAb_Combinations|1342336|vc|7|2|nan|3430,1,0.00330588,0.663424,1.02943e-05,35.5978,0.228474,0.332711,False,nan|3430,1342336
1,130_bNAb_Combinations|1342336|vc|8|2|nan|3430,1,0.00330588,0.663424,0.000310689,35.5978,0.228474,0.332711,False,nan|3430,1342336
1,130_bNAb_Combinations|1342348|cc|1|1|nan|4166,1,0.00330589,0.663291,0.00144252,35.5978,0.228499,0.332684,False,nan|4166,1342348
1,130_bNAb_Combinations|1342348|cc|2|1|nan|4166,1,0.00330589,0.663291,0.000424637,35.5978,0.228499,0.332684,False,nan|4166,1342348
1,130_bNAb_Combinations|1342348|cc|3|1|nan|4166,1,0.00330589,0.663291,2.60439e-06,35.5978,0.228499,0.332684,False,nan|4166,1342348
1,130_bNAb_Combinations|1342348|cc|4|1|nan|4166,1,0.00330589,0.663291,4.80974e-05,35.5978,0.228499,0.332684,False,nan|4166,1342348
1,130_bNAb_Combinations|1342348|cc|5|1|nan|4166,1,0.00330589,0.663291,2.03022e-05,35.5978,0.228499,0.332684,False,nan|4166,1342348
1,130_bNAb_Combinations|1342348|cc|6|1|nan|4166,1,0.00330589,0.663291,0.000167177,35.5978,0.228499,0.332684,False,nan|4166,1342348
1,130_bNAb_Combinations|1342348|cc|7|1|nan|4166,1,0.00330589,0.663291,0.000112537,35.5978,0.228499,0.332684,False,nan|4166,1342348
1,130_bNAb_Combinations|1342348|cc|8|1|nan|4166,1,0.00330589,0.663291,6.87792e-06,35.5978,0.228499,0.332684,False,nan|4166,1342348
1,130_bNAb_Combinations|1342348|sample|3|nan|4166,1,0.00330559,0.664839,0.143729,35.5977,0.228499,0.332684,True,VRC07-523LS|4166,1342348
1,130_bNAb_Combinations|1342348|sample|4|nan|4166,1,0.00330559,0.664839,0.186178,35.5977,0.228499,0.332684,True,VRC07-523LS|4166,1342348
1,130_bNAb_Combinations|1342348|vc|1|2|nan|4166,1,0.00330589,0.663291,8.73131e-05,35.5978,0.228499,0.332684,False,nan|4166,1342348
1,130_bNAb_Combinations|1342348|vc|2|2|nan|4166,1,0.00330589,0.663291,0.000369755,35.5978,0.228499,0.332684,False,nan|4166,1342348
1,130_bNAb_Combinations|1342348|vc|3|2|nan|4166,1,0.00330589,0.663291,2.95054e-06,35.5978,0.228499,0.332684,False,nan|4166,1342348
1,130_bNAb_Combinations|1342348|vc|4|2|nan|4166,1,0.00330589,0.663291,0.000671006,35.5978,0.228499,0.332684,False,nan|4166,1342348
1,130_bNAb_Combinations|1342348|vc|5|2|nan|4166,1,0.00330589,0.663291,3.07319e-05,35.5978,0.228499,0.332684,False,nan|4166,1342348
1,130_bNAb_Combinations|1342348|vc|6|2|nan|4166,1,0.00330589,0.663291,3.84896e-06,35.5978,0.228499,0.332684,False,nan|4166,1342348
1,130_bNAb_Combinations|1342348|vc|7|2|nan|4166,1,0.00330589,0.663291,0.000129986,35.5978,0.228499,0.332684,False,nan|4166,1342348
1,130_bNAb_Combinations|1342348|vc|8|2|nan|4166,1,0.00330589,0.663291,0.000244531,35.5978,0.228499,0.332684,False,nan|4166,1342348
1,130_bNAb_Combinations|1342372|cc|1|1|nan|2944,1,0.00330587,0.663445,0.00010491,35.5977,0.228496,0.332715,False,nan|2944,1342372
1,130_bNAb_Combinations|1342372|cc|2|1|nan|2944,1,0.00330587,0.663445,0.00633868,35.5977,0.228496,0.332715,False,nan|2944,1342372
1,130_bNAb_Combinations|1342372|cc|3|1|nan|2944,1,0.00330587,0.663445,0.000120166,35.5977,0.228496,0.332715,False,nan|2944,1342372
1,130_bNAb_Combinations|1342372|cc|4|1|nan|2944,1,0.00330587,0.663445,0.000531169,35.5977,0.228496,0.332715,False,nan|2944,1342372
1,130_bNAb_Combinations|1342372|cc|5|1|nan|2944,1,0.00330587,0.663445,7.42231e-06,35.5977,0.228496,0.332715,False,nan|2944,1342372
1,130_bNAb_Combinations|1342372|cc|6|1|nan|2944,1,0.00330587,0.663445,2.20314e-05,35.5977,0.228496,0.332715,False,nan|2944,1342372
1,130_bNAb_Combinations|1342372|cc|7|1|nan|2944,1,0.00330587,0.663445,1.98364e-05,35.5977,0.228496,0.332715,False,nan|2944,1342372
1,130_bNAb_Combinations|1342372|cc|8|1|nan|2944,1,0.00330587,0.663445,0.000651315,35.5977,0.228496,0.332715,False,nan|2944,1342372
1,130_bNAb_Combinations|1342372|sample|3|nan|2944,1,0.00330591,0.663362,0.0548922,35.5978,0.228496,0.332715,True,VRC07-523LS|2944,1342372
1,130_bNAb_Combinations|1342372|sample|4|nan|2944,1,0.00330591,0.663362,0.0536382,35.5978,0.228496,0.332715,True,VRC07-523LS|2944,1342372
1,130_bNAb_Combinations|1342372|vc|1|2|nan|2944,1,0.00330587,0.663445,2.42411e-07,35.5977,0.228496,0.332715,False,nan|2944,1342372
1,130_bNAb_Combinations|1342372|vc|2|2|nan|2944,1,0.00330587,0.663445,0.000258703,35.5977,0.228496,0.332715,False,nan|2944,1342372
1,130_bNAb_Combinations|1342372|vc|3|2|nan|2944,1,0.00330587,0.663445,6.30735e-06,35.5977,0.228496,0.332715,False,nan|2944,1342372
1,130_bNAb_Combinations|1342372|vc|4|2|nan|2944,1,0.00330587,0.663445,9.86542e-06,35.5977,0.228496,0.332715,False,nan|2944,1342372
1,130_bNAb_Combinations|1342372|vc|5|2|nan|2944,1,0.00330587,0.663445,2.29656e-05,35.5977,0.228496,0.332715,False,nan|2944,1342372
1,130_bNAb_Combinations|1342372|vc|6|2|nan|2944,1,0.00330587,0.663445,1.64385e-05,35.5977,0.228496,0.332715,False,nan|2944,1342372
1,130_bNAb_Combinations|1342372|vc|7|2|nan|2944,1,0.00330587,0.663445,0.000531101,35.5977,0.228496,0.332715,False,nan|2944,1342372
1,130_bNAb_Combinations|1342372|vc|8|2|nan|2944,1,0.00330587,0.663445,4.22699e-05,35.5977,0.228496,0.332715,False,nan|2944,1342372
1,130_bNAb_Combinations|1342384|cc|1|1|nan|2946,1,0.00330589,0.663436,0.00589611,35.5977,0.228494,0.332711,False,nan|2946,1342384
1,130_bNAb_Combinations|1342384|cc|2|1|nan|2946,1,0.00330589,0.663436,0.00222666,35.5977,0.228494,0.332711,False,nan|2946,1342384
1,130_bNAb_Combinations|1342384|cc|3|1|nan|2946,1,0.00330589,0.663436,1.76261e-06,35.5977,0.228494,0.332711,False,nan|2946,1342384
1,130_bNAb_Combinations|1342384|cc|4|1|nan|2946,1,0.00330589,0.663436,4.50722e-05,35.5977,0.228494,0.332711,False,nan|2946,1342384
1,130_bNAb_Combinations|1342384|cc|5|1|nan|2946,1,0.00330589,0.663436,9.34931e-06,35.5977,0.228494,0.332711,False,nan|2946,1342384
1,130_bNAb_Combinations|1342384|cc|6|1|nan|2946,1,0.00330589,0.663436,5.67494e-05,35.5977,0.228494,0.332711,False,nan|2946,1342384
1,130_bNAb_Combinations|1342384|cc|7|1|nan|2946,1,0.00330589,0.663436,3.72126e-05,35.5977,0.228494,0.332711,False,nan|2946,1342384
1,130_bNAb_Combinations|1342384|cc|8|1|nan|2946,1,0.00330589,0.663436,0.000504728,35.5977,0.228494,0.332711,False,nan|2946,1342384
1,130_bNAb_Combinations|1342384|sample|3|nan|2946,1,0.00330544,0.664476,0.0061765,35.5976,0.228494,0.332711,True,VRC07-523LS|2946,1342384
1,130_bNAb_Combinations|1342384|sample|4|nan|2946,1,0.00330544,0.664476,0.00618607,35.5976,0.228494,0.332711,True,VRC07-523LS|2946,1342384
1,130_bNAb_Combinations|1342384|vc|1|2|nan|2946,1,0.00330589,0.663436,2.59247e-06,35.5977,0.228494,0.332711,False,nan|2946,1342384
1,130_bNAb_Combinations|1342384|vc|2|2|nan|2946,1,0.00330589,0.663436,0.000561979,35.5977,0.228494,0.332711,False,nan|2946,1342384
1,130_bNAb_Combinations|1342384|vc|3|2|nan|2946,1,0.00330589,0.663436,5.71278e-06,35.5977,0.228494,0.332711,False,nan|2946,1342384
1,130_bNAb_Combinations|1342384|vc|4|2|nan|2946,1,0.00330589,0.663436,4.39699e-05,35.5977,0.228494,0.332711,False,nan|2946,1342384
1,130_bNAb_Combinations|1342384|vc|5|2|nan|2946,1,0.00330589,0.663436,0.000281498,35.5977,0.228494,0.332711,False,nan|2946,1342384
1,130_bNAb_Combinations|1342384|vc|6|2|nan|2946,1,0.00330589,0.663436,5.70073e-06,35.5977,0.228494,0.332711,False,nan|2946,1342384
1,130_bNAb_Combinations|1342384|vc|7|2|nan|2946,1,0.00330589,0.663436,0.000692144,35.5977,0.228494,0.332711,False,nan|2946,1342384
1,130_bNAb_Combinations|1342384|vc|8|2|nan|2946,1,0.00330589,0.663436,0.00169533,35.5977,0.228494,0.332711,False,nan|2946,1342384
1,130_bNAb_Combinations|1342396|cc|1|1|PVO.4|5024,1,0.00330596,0.663417,6.28776e-05,35.5977,0.228488,0.332712,False,nan|PVO.4,1342396
1,130_bNAb_Combinations|1342396|cc|2|1|PVO.4|5024,1,0.00330596,0.663417,2.09502e-06,35.5977,0.228488,0.332712,False,nan|PVO.4,1342396
1,130_bNAb_Combinations|1342396|cc|3|1|PVO.4|5024,1,0.00330596,0.663417,0.000559641,35.5977,0.228488,0.332712,False,nan|PVO.4,1342396
1,130_bNAb_Combinations|1342396|cc|4|1|PVO.4|5024,1,0.00330596,0.663417,2.11287e-05,35.5977,0.228488,0.332712,False,nan|PVO.4,1342396
1,130_bNAb_Combinations|1342396|cc|5|1|PVO.4|5024,1,0.00330596,0.663417,7.25308e-05,35.5977,0.228488,0.332712,False,nan|PVO.4,1342396
1,130_bNAb_Combinations|1342396|cc|6|1|PVO.4|5024,1,0.00330596,0.663417,4.41868e-05,35.5977,0.228488,0.332712,False,nan|PVO.4,1342396
1,130_bNAb_Combinations|1342396|cc|7|1|PVO.4|5024,1,0.00330596,0.663417,0.000168345,35.5977,0.228488,0.332712,False,nan|PVO.4,1342396
1,130_bNAb_Combinations|1342396|cc|8|1|PVO.4|5024,1,0.00330596,0.663417,0.000113946,35.5977,0.228488,0.332712,False,nan|PVO.4,1342396
1,130_bNAb_Combinations|1342396|sample|3|PVO.4|5024,1,0.00330535,0.66336,0.0356976,35.5977,0.228488,0.332712,True,VRC07-523LS|PVO.4,1342396
1,130_bNAb_Combinations|1342396|sample|4|PVO.4|5024,1,0.00330535,0.66336,0.0351252,35.5977,0.228488,0.332712,True,VRC07-523LS|PVO.4,1342396
1,130_bNAb_Combinations|1342396|vc|1|2|PVO.4|5024,1,0.00330596,0.663417,0.000156526,35.5977,0.228488,0.332712,False,nan|PVO.4,1342396
1,130_bNAb_Combinations|1342396|vc|2|2|PVO.4|5024,1,0.00330596,0.663417,0.00163563,35.5977,0.228488,0.332712,False,nan|PVO.4,1342396
1,130_bNAb_Combinations|1342396|vc|3|2|PVO.4|5024,1,0.00330596,0.663417,0.000409378,35.5977,0.228488,0.332712,False,nan|PVO.4,1342396
1,130_bNAb_Combinations|1342396|vc|4|2|PVO.4|5024,1,0.00330596,0.663417,1.33667e-05,35.5977,0.228488,0.332712,False,nan|PVO.4,1342396
1,130_bNAb_Combinations|1342396|vc|5|2|PVO.4|5024,1,0.00330596,0.663417,0.000786117,35.5977,0.228488,0.332712,False,nan|PVO.4,1342396
1,130_bNAb_Combinations|1342396|vc|6|2|PVO.4|5024,1,0.00330596,0.663417,7.15395e-05,35.5977,0.228488,0.332712,False,nan|PVO.4,1342396
1,130_bNAb_Combinations|1342396|vc|7|2|PVO.4|5024,1,0.00330596,0.663417,8.37074e-06,35.5977,0.228488,0.332712,False,nan|PVO.4,1342396
1,130_bNAb_Combinations|1342396|vc|8|2|PVO.4|5024,1,0.00330596,0.663417,2.49607e-05,35.5977,0.228488,0.332712,False,nan|PVO.4,1342396
1,130_bNAb_Combinations|1342408|cc|1|1|nan|4168,1,0.00330599,0.663442,0.0132627,35.5978,0.228484,0.332704,False,nan|4168,1342408
1,130_bNAb_Combinations|1342408|cc|2|1|nan|4168,1,0.00330599,0.663442,0.00280879,35.5978,0.228484,0.332704,False,nan|4168,1342408
1,130_bNAb_Combinations|1342408|cc|3|1|nan|4168,1,0.00330599,0.663442,2.31183e-05,35.5978,0.228484,0.332704,False,nan|4168,1342408
1,130_bNAb_Combinations|1342408|cc|4|1|nan|4168,1,0.00330599,0.663442,0.00176114,35.5978,0.228484,0.332704,False,nan|4168,1342408
1,130_bNAb_Combinations|1342408|cc|5|1|nan|4168,1,0.00330599,0.663442,8.60963e-05,35.5978,0.228484,0.332704,False,nan|4168,1342408
1,130_bNAb_Combinations|1342408|cc|6|1|nan|4168,1,0.00330599,0.663442,1.13281e-05,35.5978,0.228484,0.332704,False,nan|4168,1342408
1,130_bNAb_Combinations|1342408|cc|7|1|nan|4168,1,0.00330599,0.663442,2.91457e-05,35.5978,0.228484,0.332704,False,nan|4168,1342408
1,130_bNAb_Combinations|1342408|cc|8|1|nan|4168,1,0.00330599,0.663442,0.00114789,35.5978,0.228484,0.332704,False,nan|4168,1342408
1,130_bNAb_Combinations|1342408|sample|3|nan|4168,1,0.00330478,0.663433,0.0121,35.5977,0.228484,0.332704,True,VRC07-523LS|4168,1342408
1,130_bNAb_Combinations|1342408|sample|4|nan|4168,1,0.00330478,0.663433,0.00868871,35.5977,0.228484,0.332704,True,VRC07-523LS|4168,1342408
1,130_bNAb_Combinations|1342408|vc|1|2|nan|4168,1,0.00330599,0.663442,0.000212727,35.5978,0.228484,0.332704,False,nan|4168,1342408
1,130_bNAb_Combinations|1342408|vc|2|2|nan|4168,1,0.00330599,0.663442,0.0315315,35.5978,0.228484,0.332704,False,nan|4168,1342408
1,130_bNAb_Combinations|1342408|vc|3|2|nan|4168,1,0.00330599,0.663442,0.000811323,35.5978,0.228484,0.332704,False,nan|4168,1342408
1,130_bNAb_Combinations|1342408|vc|4|2|nan|4168,1,0.00330599,0.663442,0.000985335,35.5978,0.228484,0.332704,False,nan|4168,1342408
1,130_bNAb_Combinations|1342408|vc|5|2|nan|4168,1,0.00330599,0.663442,0.00154054,35.5978,0.228484,0.332704,False,nan|4168,1342408
1,130_bNAb_Combinations|1342408|vc|6|2|nan|4168,1,0.00330599,0.663442,1.59127e-06,35.5978,0.228484,0.332704,False,nan|4168,1342408
1,130_bNAb_Combinations|1342408|vc|7|2|nan|4168,1,0.00330599,0.663442,0.000564936,35.5978,0.228484,0.332704,False,nan|4168,1342408
1,130_bNAb_Combinations|1342408|vc|8|2|nan|4168,1,0.00330599,0.663442,1.47269e-05,35.5978,0.228484,0.332704,False,nan|4168,1342408
1,704_VRC01_Concordance|1200432|cc|1|1|PVO.4|5024,1,0.00330596,0.663417,6.2282e-05,35.5977,0.228502,0.332696,False,nan|PVO.4,1200432
1,704_VRC01_Concordance|1200432|cc|2|1|PVO.4|5024,1,0.00330596,0.663417,2.31225e-05,35.5977,0.228502,0.332696,False,nan|PVO.4,1200432
1,704_VRC01_Concordance|1200432|cc|3|1|PVO.4|5024,1,0.00330596,0.663417,2.95012e-05,35.5977,0.228502,0.332696,False,nan|PVO.4,1200432
1,704_VRC01_Concordance|1200432|cc|4|1|PVO.4|5024,1,0.00330596,0.663417,0.000262218,35.5977,0.228502,0.332696,False,nan|PVO.4,1200432
1,704_VRC01_Concordance|1200432|cc|5|1|PVO.4|5024,1,0.00330596,0.663417,0.00230348,35.5977,0.228502,0.332696,False,nan|PVO.4,1200432
1,704_VRC01_Concordance|1200432|cc|6|1|PVO.4|5024,1,0.00330596,0.663417,3.68552e-06,35.5977,0.228502,0.332696,False,nan|PVO.4,1200432
1,704_VRC01_Concordance|1200432|cc|7|1|PVO.4|5024,1,0.00330596,0.663417,0.000345814,35.5977,0.228502,0.332696,False,nan|PVO.4,1200432
1,704_VRC01_Concordance|1200432|cc|8|1|PVO.4|5024,1,0.00330596,0.663417,2.61142e-05,35.5977,0.228502,0.332696,False,nan|PVO.4,1200432
1,704_VRC01_Concordance|1200432|sample|10|PVO.4|5024,1,0.00330559,0.663391,0.00558436,35.5977,0.228502,0.332696,True,Clinical VRC01|PVO.4,1200432
1,704_VRC01_Concordance|1200432|sample|11|PVO.4|5024,1,0.00330559,0.663391,0.00739513,35.5977,0.228502,0.332696,True,Clinical VRC01|PVO.4,1200432
1,704_VRC01_Concordance|1200432|sample|12|PVO.4|5024,1,0.00330559,0.663391,0.00718681,35.5977,0.228502,0.332696,True,Clinical VRC01|PVO.4,1200432
1,704_VRC01_Concordance|1200432|sample|3|PVO.4|5024,1,0.00330559,0.663391,0.0109265,35.5977,0.228502,0.332696,True,Clinical VRC01|PVO.4,1200432
1,704_VRC01_Concordance|1200432|sample|4|PVO.4|5024,1,0.00330559,0.663391,0.00541502,35.5977,0.228502,0.332696,True,Clinical VRC01|PVO.4,1200432
1,704_VRC01_Concordance|1200432|sample|5|PVO.4|5024,1,0.00330559,0.663391,0.00595875,35.5977,0.228502,0.332696,True,Clinical VRC01|PVO.4,1200432
1,704_VRC01_Concordance|1200432|sample|6|PVO.4|5024,1,0.00330559,0.663391,0.00435365,35.5977,0.228502,0.332696,True,Clinical VRC01|PVO.4,1200432
1,704_VRC01_Concordance|1200432|sample|7|PVO.4|5024,1,0.00330559,0.663391,0.00719301,35.5977,0.228502,0.332696,True,Clinical VRC01|PVO.4,1200432
1,704_VRC01_Concordance|1200432|sample|8|PVO.4|5024,1,0.00330559,0.663391,0.00945083,35.5977,0.228502,0.332696,True,Clinical VRC01|PVO.4,1200432
1,704_VRC01_Concordance|1200432|sample|9|PVO.4|5024,1,0.00330559,0.663391,0.00597764,35.5977,0.228502,0.332696,True,Clinical VRC01|PVO.4,1200432
1,704_VRC01_Concordance|1200432|vc|1|2|PVO.4|5024,1,0.00330596,0.663417,6.27611e-07,35.5977,0.228502,0.332696,False,nan|PVO.4,1200432
1,704_VRC01_Concordance|1200432|vc|2|2|PVO.4|5024,1,0.00330596,0.663417,0.000457586,35.5977,0.228502,0.332696,False,nan|PVO.4,1200432
1,704_VRC01_Concordance|1200432|vc|3|2|PVO.4|5024,1,0.00330596,0.663417,0.00417493,35.5977,0.228502,0.332696,False,nan|PVO.4,1200432
1,704_VRC01_Concordance|1200432|vc|4|2|PVO.4|5024,1,0.00330596,0.663417,0.000144445,35.5977,0.228502,0.332696,False,nan|PVO.4,1200432
1,704_VRC01_Concordance|1200432|vc|5|2|PVO.4|5024,1,0.00330596,0.663417,0.000138206,35.5977,0.228502,0.332696,False,nan|PVO.4,1200432
1,704_VRC01_Concordance|1200432|vc|6|2|PVO.4|5024,1,0.00330596,0.663417,0.000529218,35.5977,0.228502,0.332696,False,nan|PVO.4,1200432
1,704_VRC01_Concordance|1200432|vc|7|2|PVO.4|5024,1,0.00330596,0.663417,3.69561e-05,35.5977,0.228502,0.332696,False,nan|PVO.4,1200432
1,704_VRC01_Concordance|1200432|vc|8|2|PVO.4|5024,1,0.00330596,0.663417,0.000181406,35.5977,0.228502,0.332696,False,nan|PVO.4,1200432
