rep,id,U,L,m,e,alpha,k,goes_down,mab_virus,run_id
1,130_bNAb_Combinations|1313842|cc|1|1|nan|2946,1,2.09142e-13,0.427017,2.08322,0.132276,1.35057e-08,False,nan|2946,1313842
1,130_bNAb_Combinations|1313842|cc|2|1|nan|2946,1,2.09142e-13,0.427017,1.20751,0.132276,1.35057e-08,False,nan|2946,1313842
1,130_bNAb_Combinations|1313842|cc|3|1|nan|2946,1,2.09142e-13,0.427017,186.133,0.132276,1.35057e-08,False,nan|2946,1313842
1,130_bNAb_Combinations|1313842|cc|4|1|nan|2946,1,2.09142e-13,0.427017,6.70499,0.132276,1.35057e-08,False,nan|2946,1313842
1,130_bNAb_Combinations|1313842|cc|5|1|nan|2946,1,2.09142e-13,0.427017,0.571831,0.132276,1.35057e-08,False,nan|2946,1313842
1,130_bNAb_Combinations|1313842|cc|6|1|nan|2946,1,2.09142e-13,0.427017,13.3179,0.132276,1.35057e-08,False,nan|2946,1313842
1,130_bNAb_Combinations|1313842|cc|7|1|nan|2946,1,2.09142e-13,0.427017,0.87561,0.132276,1.35057e-08,False,nan|2946,1313842
1,130_bNAb_Combinations|1313842|cc|8|1|nan|2946,1,2.09142e-13,0.427017,56.5867,0.132276,1.35057e-08,False,nan|2946,1313842
1,130_bNAb_Combinations|1313842|sample|10|nan|2946,1,2.12892e-13,1.51099,2.18017,0.132276,1.35057e-08,True,PGT121|2946,1313842
1,130_bNAb_Combinations|1313842|sample|11|nan|2946,1,2.10382e-13,1.59773,1.76382,0.132276,1.35057e-08,True,VRC07-523LS|2946,1313842
1,130_bNAb_Combinations|1313842|sample|12|nan|2946,1,2.10382e-13,1.59773,2.57183,0.132276,1.35057e-08,True,VRC07-523LS|2946,1313842
1,130_bNAb_Combinations|1313842|sample|3|nan|2946,1,2.08428e-13,0.743394,1.01132,0.132276,1.35057e-08,True,PGDM1400|2946,1313842
1,130_bNAb_Combinations|1313842|sample|4|nan|2946,1,2.08428e-13,0.743394,1.54675,0.132276,1.35057e-08,True,PGDM1400|2946,1313842
1,130_bNAb_Combinations|1313842|sample|5|nan|2946,1,2.08428e-13,0.743394,1.36661,0.132276,1.35057e-08,True,PGDM1400|2946,1313842
1,130_bNAb_Combinations|1313842|sample|6|nan|2946,1,2.08428e-13,0.743394,1.01521,0.132276,1.35057e-08,True,PGDM1400|2946,1313842
1,130_bNAb_Combinations|1313842|sample|7|nan|2946,1,2.12892e-13,1.51099,2.16847,0.132276,1.35057e-08,True,PGT121|2946,1313842
1,130_bNAb_Combinations|1313842|sample|8|nan|2946,1,2.12892e-13,1.51099,2.44368,0.132276,1.35057e-08,True,PGT121|2946,1313842
1,130_bNAb_Combinations|1313842|sample|9|nan|2946,1,2.12892e-13,1.51099,2.82829,0.132276,1.35057e-08,True,PGT121|2946,1313842
1,130_bNAb_Combinations|1313842|vc|1|2|nan|2946,1,2.09142e-13,0.427017,1.0424,0.132276,1.35057e-08,False,nan|2946,1313842
1,130_bNAb_Combinations|1313842|vc|2|2|nan|2946,1,2.09142e-13,0.427017,51.7979,0.132276,1.35057e-08,False,nan|2946,1313842
1,130_bNAb_Combinations|1313842|vc|3|2|nan|2946,1,2.09142e-13,0.427017,2.46067,0.132276,1.35057e-08,False,nan|2946,1313842
1,130_bNAb_Combinations|1313842|vc|4|2|nan|2946,1,2.09142e-13,0.427017,20.4913,0.132276,1.35057e-08,False,nan|2946,1313842
1,130_bNAb_Combinations|1313842|vc|5|2|nan|2946,1,2.09142e-13,0.427017,0.160117,0.132276,1.35057e-08,False,nan|2946,1313842
1,130_bNAb_Combinations|1313842|vc|6|2|nan|2946,1,2.09142e-13,0.427017,3.84137,0.132276,1.35057e-08,False,nan|2946,1313842
1,130_bNAb_Combinations|1313842|vc|7|2|nan|2946,1,2.09142e-13,0.427017,27.1976,0.132276,1.35057e-08,False,nan|2946,1313842
1,130_bNAb_Combinations|1313842|vc|8|2|nan|2946,1,2.09142e-13,0.427017,119.358,0.132276,1.35057e-08,False,nan|2946,1313842
1,130_bNAb_Combinations|1313860|cc|1|1|PVO.4|5024,1,2.09142e-13,0.289803,1.9983,0.165363,1.35064e-08,False,nan|PVO.4,1313860
1,130_bNAb_Combinations|1313860|cc|2|1|PVO.4|5024,1,2.09142e-13,0.289803,1.51075,0.165363,1.35064e-08,False,nan|PVO.4,1313860
1,130_bNAb_Combinations|1313860|cc|3|1|PVO.4|5024,1,2.09142e-13,0.289803,0.694571,0.165363,1.35064e-08,False,nan|PVO.4,1313860
1,130_bNAb_Combinations|1313860|cc|4|1|PVO.4|5024,1,2.09142e-13,0.289803,0.866143,0.165363,1.35064e-08,False,nan|PVO.4,1313860
1,130_bNAb_Combinations|1313860|cc|5|1|PVO.4|5024,1,2.09142e-13,0.289803,1.95431,0.165363,1.35064e-08,False,nan|PVO.4,1313860
1,130_bNAb_Combinations|1313860|cc|6|1|PVO.4|5024,1,2.09142e-13,0.289803,3.99478,0.165363,1.35064e-08,False,nan|PVO.4,1313860
1,130_bNAb_Combinations|1313860|cc|7|1|PVO.4|5024,1,2.09142e-13,0.289803,0.0207002,0.165363,1.35064e-08,False,nan|PVO.4,1313860
1,130_bNAb_Combinations|1313860|cc|8|1|PVO.4|5024,1,2.09142e-13,0.289803,18.6414,0.165363,1.35064e-08,False,nan|PVO.4,1313860
1,130_bNAb_Combinations|1313860|sample|10|PVO.4|5024,1,2.08426e-13,1.54433,4.61611,0.165363,1.35064e-08,True,PGT121|PVO.4,1313860
1,130_bNAb_Combinations|1313860|sample|11|PVO.4|5024,1,2.0843e-13,1.70561,7.65792,0.165363,1.35064e-08,True,VRC07-523LS|PVO.4,1313860
1,130_bNAb_Combinations|1313860|sample|12|PVO.4|5024,1,2.0843e-13,1.70561,8.6756,0.165363,1.35064e-08,True,VRC07-523LS|PVO.4,1313860
1,130_bNAb_Combinations|1313860|sample|3|PVO.4|5024,1,2.0843e-13,1.35434,0.881379,0.165363,1.35064e-08,True,PGDM1400|PVO.4,1313860
1,130_bNAb_Combinations|1313860|sample|4|PVO.4|5024,1,2.0843e-13,1.35434,0.836385,0.165363,1.35064e-08,True,PGDM1400|PVO.4,1313860
1,130_bNAb_Combinations|1313860|sample|5|PVO.4|5024,1,2.0843e-13,1.35434,0.767281,0.165363,1.35064e-08,True,PGDM1400|PVO.4,1313860
1,130_bNAb_Combinations|1313860|sample|6|PVO.4|5024,1,2.0843e-13,1.35434,1.00461,0.165363,1.35064e-08,True,PGDM1400|PVO.4,1313860
1,130_bNAb_Combinations|1313860|sample|7|PVO.4|5024,1,2.08426e-13,1.54433,5.28089,0.165363,1.35064e-08,True,PGT121|PVO.4,1313860
1,130_bNAb_Combinations|1313860|sample|8|PVO.4|5024,1,2.08426e-13,1.54434,5.45566,0.165363,1.35064e-08,True,PGT121|PVO.4,1313860
1,130_bNAb_Combinations|1313860|sample|9|PVO.4|5024,1,2.08426e-13,1.54433,5.99635,0.165363,1.35064e-08,True,PGT121|PVO.4,1313860
1,130_bNAb_Combinations|1313860|vc|1|2|PVO.4|5024,1,2.09142e-13,0.289803,4.30462,0.165363,1.35064e-08,False,nan|PVO.4,1313860
1,130_bNAb_Combinations|1313860|vc|2|2|PVO.4|5024,1,2.09142e-13,0.289803,0.101729,0.165363,1.35064e-08,False,nan|PVO.4,1313860
1,130_bNAb_Combinations|1313860|vc|3|2|PVO.4|5024,1,2.09142e-13,0.289803,200.001,0.165363,1.35064e-08,False,nan|PVO.4,1313860
1,130_bNAb_Combinations|1313860|vc|4|2|PVO.4|5024,1,2.09142e-13,0.289803,6.47756,0.165363,1.35064e-08,False,nan|PVO.4,1313860
1,130_bNAb_Combinations|1313860|vc|5|2|PVO.4|5024,1,2.09142e-13,0.289803,16.786,0.165363,1.35064e-08,False,nan|PVO.4,1313860
1,130_bNAb_Combinations|1313860|vc|6|2|PVO.4|5024,1,2.09142e-13,0.289803,204.453,0.165363,1.35064e-08,False,nan|PVO.4,1313860
1,130_bNAb_Combinations|1313860|vc|7|2|PVO.4|5024,1,2.09142e-13,0.289803,60.7503,0.165363,1.35064e-08,False,nan|PVO.4,1313860
1,130_bNAb_Combinations|1313860|vc|8|2|PVO.4|5024,1,2.09142e-13,0.289803,0.360674,0.165363,1.35064e-08,False,nan|PVO.4,1313860
1,130_bNAb_Combinations|1313884|cc|1|1|nan|4168,1,2.09142e-13,0.294903,1.15175,0.110611,1.35054e-08,False,nan|4168,1313884
1,130_bNAb_Combinations|1313884|cc|2|1|nan|4168,1,2.09142e-13,0.294903,1.81596,0.110611,1.35054e-08,False,nan|4168,1313884
1,130_bNAb_Combinations|1313884|cc|3|1|nan|4168,1,2.09142e-13,0.294903,79.1883,0.110611,1.35054e-08,False,nan|4168,1313884
1,130_bNAb_Combinations|1313884|cc|4|1|nan|4168,1,2.09142e-13,0.294903,0.42106,0.110611,1.35054e-08,False,nan|4168,1313884
1,130_bNAb_Combinations|1313884|cc|5|1|nan|4168,1,2.09142e-13,0.294903,0.00867161,0.110611,1.35054e-08,False,nan|4168,1313884
1,130_bNAb_Combinations|1313884|cc|6|1|nan|4168,1,2.09142e-13,0.294903,0.445769,0.110611,1.35054e-08,False,nan|4168,1313884
1,130_bNAb_Combinations|1313884|cc|7|1|nan|4168,1,2.09142e-13,0.294903,1.39498,0.110611,1.35054e-08,False,nan|4168,1313884
1,130_bNAb_Combinations|1313884|cc|8|1|nan|4168,1,2.09142e-13,0.294903,1.82649,0.110611,1.35054e-08,False,nan|4168,1313884
1,130_bNAb_Combinations|1313884|sample|10|nan|4168,1,2.0843e-13,0.49251,23.3076,0.110611,1.35054e-08,True,PGT121|4168,1313884
1,130_bNAb_Combinations|1313884|sample|11|nan|4168,1,2.0843e-13,1.03552,10.6667,0.110611,1.35054e-08,True,VRC07-523LS|4168,1313884
1,130_bNAb_Combinations|1313884|sample|12|nan|4168,1,2.0843e-13,1.03552,11.6616,0.110611,1.35054e-08,True,VRC07-523LS|4168,1313884
1,130_bNAb_Combinations|1313884|sample|3|nan|4168,1,2.0843e-13,1.07392,0.40902,0.110611,1.35054e-08,True,PGDM1400|4168,1313884
1,130_bNAb_Combinations|1313884|sample|4|nan|4168,1,2.0843e-13,1.07392,0.48732,0.110611,1.35054e-08,True,PGDM1400|4168,1313884
1,130_bNAb_Combinations|1313884|sample|5|nan|4168,1,2.0843e-13,1.07392,0.310803,0.110611,1.35054e-08,True,PGDM1400|4168,1313884
1,130_bNAb_Combinations|1313884|sample|6|nan|4168,1,2.0843e-13,1.07392,0.300344,0.110611,1.35054e-08,True,PGDM1400|4168,1313884
1,130_bNAb_Combinations|1313884|sample|7|nan|4168,1,2.0843e-13,0.49251,13.8983,0.110611,1.35054e-08,True,PGT121|4168,1313884
1,130_bNAb_Combinations|1313884|sample|8|nan|4168,1,2.0843e-13,0.49251,18.0809,0.110611,1.35054e-08,True,PGT121|4168,1313884
1,130_bNAb_Combinations|1313884|sample|9|nan|4168,1,2.0843e-13,0.49251,14.7875,0.110611,1.35054e-08,True,PGT121|4168,1313884
1,130_bNAb_Combinations|1313884|vc|1|2|nan|4168,1,2.09142e-13,0.294903,0.082179,0.110611,1.35054e-08,False,nan|4168,1313884
1,130_bNAb_Combinations|1313884|vc|2|2|nan|4168,1,2.09142e-13,0.294903,2.16209,0.110611,1.35054e-08,False,nan|4168,1313884
1,130_bNAb_Combinations|1313884|vc|3|2|nan|4168,1,2.09142e-13,0.294903,0.282361,0.110611,1.35054e-08,False,nan|4168,1313884
1,130_bNAb_Combinations|1313884|vc|4|2|nan|4168,1,2.09142e-13,0.294903,0.0207749,0.110611,1.35054e-08,False,nan|4168,1313884
1,130_bNAb_Combinations|1313884|vc|5|2|nan|4168,1,2.09142e-13,0.294903,0.764185,0.110611,1.35054e-08,False,nan|4168,1313884
1,130_bNAb_Combinations|1313884|vc|6|2|nan|4168,1,2.09142e-13,0.294903,0.205634,0.110611,1.35054e-08,False,nan|4168,1313884
1,130_bNAb_Combinations|1313884|vc|7|2|nan|4168,1,2.09142e-13,0.294903,38.021,0.110611,1.35054e-08,False,nan|4168,1313884
1,130_bNAb_Combinations|1313884|vc|8|2|nan|4168,1,2.09142e-13,0.294903,0.133845,0.110611,1.35054e-08,False,nan|4168,1313884
1,130_bNAb_Combinations|1313920|cc|1|1|nan|1798,1,2.09142e-13,0.332358,0.0105996,0.165363,1.35064e-08,False,nan|1798,1313920
1,130_bNAb_Combinations|1313920|cc|2|1|nan|1798,1,2.09142e-13,0.332358,0.00559043,0.165363,1.35064e-08,False,nan|1798,1313920
1,130_bNAb_Combinations|1313920|cc|3|1|nan|1798,1,2.09142e-13,0.332358,0.00093287,0.165363,1.35064e-08,False,nan|1798,1313920
1,130_bNAb_Combinations|1313920|cc|4|1|nan|1798,1,2.09142e-13,0.332358,1087.32,0.165363,1.35064e-08,False,nan|1798,1313920
1,130_bNAb_Combinations|1313920|cc|5|1|nan|1798,1,2.09142e-13,0.332358,0.0112195,0.165363,1.35064e-08,False,nan|1798,1313920
1,130_bNAb_Combinations|1313920|cc|6|1|nan|1798,1,2.09142e-13,0.332358,0.0346518,0.165363,1.35064e-08,False,nan|1798,1313920
1,130_bNAb_Combinations|1313920|cc|7|1|nan|1798,1,2.09142e-13,0.332358,0.000513862,0.165363,1.35064e-08,False,nan|1798,1313920
1,130_bNAb_Combinations|1313920|cc|8|1|nan|1798,1,2.09142e-13,0.332358,4.03859,0.165363,1.35064e-08,False,nan|1798,1313920
1,130_bNAb_Combinations|1313920|sample|10|nan|1798,1,2.0842e-13,1.85635,14.9899,0.165363,1.35064e-08,True,PGT121|1798,1313920
1,130_bNAb_Combinations|1313920|sample|11|nan|1798,1,2.0843e-13,1.86456,2.02961,0.165363,1.35064e-08,True,VRC07-523LS|1798,1313920
1,130_bNAb_Combinations|1313920|sample|12|nan|1798,1,2.0843e-13,1.86456,2.20799,0.165363,1.35064e-08,True,VRC07-523LS|1798,1313920
1,130_bNAb_Combinations|1313920|sample|3|nan|1798,1,2.08431e-13,0.613328,4.57363,0.165363,1.35064e-08,True,PGDM1400|1798,1313920
1,130_bNAb_Combinations|1313920|sample|4|nan|1798,1,2.08431e-13,0.613328,1.60376,0.165363,1.35064e-08,True,PGDM1400|1798,1313920
1,130_bNAb_Combinations|1313920|sample|5|nan|1798,1,2.08431e-13,0.613328,2.65106,0.165363,1.35064e-08,True,PGDM1400|1798,1313920
1,130_bNAb_Combinations|1313920|sample|6|nan|1798,1,2.08431e-13,0.613328,2.68612,0.165363,1.35064e-08,True,PGDM1400|1798,1313920
1,130_bNAb_Combinations|1313920|sample|7|nan|1798,1,2.0842e-13,1.85635,11.914,0.165363,1.35064e-08,True,PGT121|1798,1313920
1,130_bNAb_Combinations|1313920|sample|8|nan|1798,1,2.0842e-13,1.85635,11.6585,0.165363,1.35064e-08,True,PGT121|1798,1313920
1,130_bNAb_Combinations|1313920|sample|9|nan|1798,1,2.0842e-13,1.85635,13.8599,0.165363,1.35064e-08,True,PGT121|1798,1313920
1,130_bNAb_Combinations|1313920|vc|1|2|nan|1798,1,2.09142e-13,0.332358,0.117048,0.165363,1.35064e-08,False,nan|1798,1313920
1,130_bNAb_Combinations|1313920|vc|2|2|nan|1798,1,2.09142e-13,0.332358,0.114559,0.165363,1.35064e-08,False,nan|1798,1313920
1,130_bNAb_Combinations|1313920|vc|3|2|nan|1798,1,2.09142e-13,0.332358,0.39384,0.165363,1.35064e-08,False,nan|1798,1313920
1,130_bNAb_Combinations|1313920|vc|4|2|nan|1798,1,2.09142e-13,0.332358,8.37535,0.165363,1.35064e-08,False,nan|1798,1313920
1,130_bNAb_Combinations|1313920|vc|5|2|nan|1798,1,2.09142e-13,0.332358,0.0166606,0.165363,1.35064e-08,False,nan|1798,1313920
1,130_bNAb_Combinations|1313920|vc|6|2|nan|1798,1,2.09142e-13,0.332358,399.349,0.165363,1.35064e-08,False,nan|1798,1313920
1,130_bNAb_Combinations|1313920|vc|7|2|nan|1798,1,2.09142e-13,0.332358,1.2374,0.165363,1.35064e-08,False,nan|1798,1313920
1,130_bNAb_Combinations|1313920|vc|8|2|nan|1798,1,2.09142e-13,0.332358,1.77252,0.165363,1.35064e-08,False,nan|1798,1313920
1,130_bNAb_Combinations|1313938|cc|1|1|TRO.11|8301,1,2.09142e-13,0.985979,0.936956,0.165364,1.35066e-08,False,nan|TRO.11,1313938
1,130_bNAb_Combinations|1313938|cc|2|1|TRO.11|8301,1,2.09142e-13,0.985979,646.718,0.165364,1.35066e-08,False,nan|TRO.11,1313938
1,130_bNAb_Combinations|1313938|cc|3|1|TRO.11|8301,1,2.09142e-13,0.985979,0.520253,0.165364,1.35066e-08,False,nan|TRO.11,1313938
1,130_bNAb_Combinations|1313938|cc|4|1|TRO.11|8301,1,2.09142e-13,0.985979,0.0556755,0.165364,1.35066e-08,False,nan|TRO.11,1313938
1,130_bNAb_Combinations|1313938|cc|5|1|TRO.11|8301,1,2.09142e-13,0.985979,4.3748,0.165364,1.35066e-08,False,nan|TRO.11,1313938
1,130_bNAb_Combinations|1313938|cc|6|1|TRO.11|8301,1,2.09142e-13,0.985979,27.9634,0.165364,1.35066e-08,False,nan|TRO.11,1313938
1,130_bNAb_Combinations|1313938|cc|7|1|TRO.11|8301,1,2.09142e-13,0.985979,4.04605,0.165364,1.35066e-08,False,nan|TRO.11,1313938
1,130_bNAb_Combinations|1313938|cc|8|1|TRO.11|8301,1,2.09142e-13,0.985979,1.69484,0.165364,1.35066e-08,False,nan|TRO.11,1313938
1,130_bNAb_Combinations|1313938|sample|10|TRO.11|8301,1,2.08432e-13,1.85819,51.9575,0.165364,1.35066e-08,True,PGT121|TRO.11,1313938
1,130_bNAb_Combinations|1313938|sample|11|TRO.11|8301,1,2.0843e-13,1.98988,7.77142,0.165364,1.35066e-08,True,VRC07-523LS|TRO.11,1313938
1,130_bNAb_Combinations|1313938|sample|12|TRO.11|8301,1,2.0843e-13,1.98988,7.17944,0.165364,1.35066e-08,True,VRC07-523LS|TRO.11,1313938
1,130_bNAb_Combinations|1313938|sample|3|TRO.11|8301,1,2.08345e-13,1.29496,1.804,0.165364,1.35066e-08,True,PGDM1400|TRO.11,1313938
1,130_bNAb_Combinations|1313938|sample|4|TRO.11|8301,1,2.08345e-13,1.29496,1.94458,0.165364,1.35066e-08,True,PGDM1400|TRO.11,1313938
1,130_bNAb_Combinations|1313938|sample|5|TRO.11|8301,1,2.08345e-13,1.29496,2.06207,0.165364,1.35066e-08,True,PGDM1400|TRO.11,1313938
1,130_bNAb_Combinations|1313938|sample|6|TRO.11|8301,1,2.08345e-13,1.29496,1.5861,0.165364,1.35066e-08,True,PGDM1400|TRO.11,1313938
1,130_bNAb_Combinations|1313938|sample|7|TRO.11|8301,1,2.08432e-13,1.85819,38.955,0.165364,1.35066e-08,True,PGT121|TRO.11,1313938
1,130_bNAb_Combinations|1313938|sample|8|TRO.11|8301,1,2.08432e-13,1.85819,43.1968,0.165364,1.35066e-08,True,PGT121|TRO.11,1313938
1,130_bNAb_Combinations|1313938|sample|9|TRO.11|8301,1,2.08432e-13,1.85819,47.8452,0.165364,1.35066e-08,True,PGT121|TRO.11,1313938
1,130_bNAb_Combinations|1313938|vc|1|2|TRO.11|8301,1,2.09142e-13,0.985979,0.267375,0.165364,1.35066e-08,False,nan|TRO.11,1313938
1,130_bNAb_Combinations|1313938|vc|2|2|TRO.11|8301,1,2.09142e-13,0.985979,0.170024,0.165364,1.35066e-08,False,nan|TRO.11,1313938
1,130_bNAb_Combinations|1313938|vc|3|2|TRO.11|8301,1,2.09142e-13,0.985979,2.59438,0.165364,1.35066e-08,False,nan|TRO.11,1313938
1,130_bNAb_Combinations|1313938|vc|4|2|TRO.11|8301,1,2.09142e-13,0.985979,0.267381,0.165364,1.35066e-08,False,nan|TRO.11,1313938
1,130_bNAb_Combinations|1313938|vc|5|2|TRO.11|8301,1,2.09142e-13,0.985979,3.4119,0.165364,1.35066e-08,False,nan|TRO.11,1313938
1,130_bNAb_Combinations|1313938|vc|6|2|TRO.11|8301,1,2.09142e-13,0.985979,0.217242,0.165364,1.35066e-08,False,nan|TRO.11,1313938
1,130_bNAb_Combinations|1313938|vc|7|2|TRO.11|8301,1,2.09142e-13,0.985979,15.9591,0.165364,1.35066e-08,False,nan|TRO.11,1313938
1,130_bNAb_Combinations|1313938|vc|8|2|TRO.11|8301,1,2.09142e-13,0.985979,0.503987,0.165364,1.35066e-08,False,nan|TRO.11,1313938
1,130_bNAb_Combinations|1313956|cc|1|1|Ce1176_A3|7023,1,2.09142e-13,0.36385,0.0285247,0.210528,1.35074e-08,False,nan|Ce1176_A3,1313956
1,130_bNAb_Combinations|1313956|cc|2|1|Ce1176_A3|7023,1,2.09142e-13,0.36385,0.0954187,0.210528,1.35074e-08,False,nan|Ce1176_A3,1313956
1,130_bNAb_Combinations|1313956|cc|3|1|Ce1176_A3|7023,1,2.09142e-13,0.36385,4.38102,0.210528,1.35074e-08,False,nan|Ce1176_A3,1313956
1,130_bNAb_Combinations|1313956|cc|4|1|Ce1176_A3|7023,1,2.09142e-13,0.36385,0.00102356,0.210528,1.35074e-08,False,nan|Ce1176_A3,1313956
1,130_bNAb_Combinations|1313956|cc|5|1|Ce1176_A3|7023,1,2.09142e-13,0.36385,5.55646,0.210528,1.35074e-08,False,nan|Ce1176_A3,1313956
1,130_bNAb_Combinations|1313956|cc|6|1|Ce1176_A3|7023,1,2.09142e-13,0.36385,0.0794943,0.210528,1.35074e-08,False,nan|Ce1176_A3,1313956
1,130_bNAb_Combinations|1313956|cc|7|1|Ce1176_A3|7023,1,2.09142e-13,0.36385,12.2592,0.210528,1.35074e-08,False,nan|Ce1176_A3,1313956
1,130_bNAb_Combinations|1313956|cc|8|1|Ce1176_A3|7023,1,2.09142e-13,0.36385,0.131811,0.210528,1.35074e-08,False,nan|Ce1176_A3,1313956
1,130_bNAb_Combinations|1313956|sample|10|Ce1176_A3|7023,1,2.0843e-13,2.0081,37.6344,0.210528,1.35074e-08,True,PGT121|Ce1176_A3,1313956
1,130_bNAb_Combinations|1313956|sample|11|Ce1176_A3|7023,1,2.0843e-13,1.74444,2.9524,0.210528,1.35074e-08,True,VRC07-523LS|Ce1176_A3,1313956
1,130_bNAb_Combinations|1313956|sample|12|Ce1176_A3|7023,1,2.0843e-13,1.74444,4.07403,0.210528,1.35074e-08,True,VRC07-523LS|Ce1176_A3,1313956
1,130_bNAb_Combinations|1313956|sample|3|Ce1176_A3|7023,1,2.0843e-13,0.58478,1.28456,0.210528,1.35074e-08,True,PGDM1400|Ce1176_A3,1313956
1,130_bNAb_Combinations|1313956|sample|4|Ce1176_A3|7023,1,2.0843e-13,0.58478,0.864484,0.210528,1.35074e-08,True,PGDM1400|Ce1176_A3,1313956
1,130_bNAb_Combinations|1313956|sample|5|Ce1176_A3|7023,1,2.0843e-13,0.58478,0.350639,0.210528,1.35074e-08,True,PGDM1400|Ce1176_A3,1313956
1,130_bNAb_Combinations|1313956|sample|6|Ce1176_A3|7023,1,2.0843e-13,0.58478,0.669809,0.210528,1.35074e-08,True,PGDM1400|Ce1176_A3,1313956
1,130_bNAb_Combinations|1313956|sample|7|Ce1176_A3|7023,1,2.0843e-13,2.0081,32.3073,0.210528,1.35074e-08,True,PGT121|Ce1176_A3,1313956
1,130_bNAb_Combinations|1313956|sample|8|Ce1176_A3|7023,1,2.0843e-13,2.0081,34.9442,0.210528,1.35074e-08,True,PGT121|Ce1176_A3,1313956
1,130_bNAb_Combinations|1313956|sample|9|Ce1176_A3|7023,1,2.0843e-13,2.0081,39.8322,0.210528,1.35074e-08,True,PGT121|Ce1176_A3,1313956
1,130_bNAb_Combinations|1313956|vc|1|2|Ce1176_A3|7023,1,2.09142e-13,0.36385,0.773894,0.210528,1.35074e-08,False,nan|Ce1176_A3,1313956
1,130_bNAb_Combinations|1313956|vc|2|2|Ce1176_A3|7023,1,2.09142e-13,0.36385,0.502563,0.210528,1.35074e-08,False,nan|Ce1176_A3,1313956
1,130_bNAb_Combinations|1313956|vc|3|2|Ce1176_A3|7023,1,2.09142e-13,0.36385,0.238643,0.210528,1.35074e-08,False,nan|Ce1176_A3,1313956
1,130_bNAb_Combinations|1313956|vc|4|2|Ce1176_A3|7023,1,2.09142e-13,0.36385,2.10134,0.210528,1.35074e-08,False,nan|Ce1176_A3,1313956
1,130_bNAb_Combinations|1313956|vc|5|2|Ce1176_A3|7023,1,2.09142e-13,0.36385,0.0816092,0.210528,1.35074e-08,False,nan|Ce1176_A3,1313956
1,130_bNAb_Combinations|1313956|vc|6|2|Ce1176_A3|7023,1,2.09142e-13,0.36385,0.573833,0.210528,1.35074e-08,False,nan|Ce1176_A3,1313956
1,130_bNAb_Combinations|1313956|vc|7|2|Ce1176_A3|7023,1,2.09142e-13,0.36385,1.67874,0.210528,1.35074e-08,False,nan|Ce1176_A3,1313956
1,130_bNAb_Combinations|1313956|vc|8|2|Ce1176_A3|7023,1,2.09142e-13,0.36385,0.923191,0.210528,1.35074e-08,False,nan|Ce1176_A3,1313956
1,130_bNAb_Combinations|1313974|cc|1|1|nan|1176,1,2.0914e-13,0.480752,1.60261,0.165359,1.35065e-08,False,nan|1176,1313974
1,130_bNAb_Combinations|1313974|cc|2|1|nan|1176,1,2.0914e-13,0.480752,28.7688,0.165359,1.35065e-08,False,nan|1176,1313974
1,130_bNAb_Combinations|1313974|cc|3|1|nan|1176,1,2.0914e-13,0.480752,17.0615,0.165359,1.35065e-08,False,nan|1176,1313974
1,130_bNAb_Combinations|1313974|cc|4|1|nan|1176,1,2.0914e-13,0.480752,0.570759,0.165359,1.35065e-08,False,nan|1176,1313974
1,130_bNAb_Combinations|1313974|cc|5|1|nan|1176,1,2.0914e-13,0.480752,0.319681,0.165359,1.35065e-08,False,nan|1176,1313974
1,130_bNAb_Combinations|1313974|cc|6|1|nan|1176,1,2.0914e-13,0.480752,0.0759823,0.165359,1.35065e-08,False,nan|1176,1313974
1,130_bNAb_Combinations|1313974|cc|7|1|nan|1176,1,2.0914e-13,0.480752,81.8973,0.165359,1.35065e-08,False,nan|1176,1313974
1,130_bNAb_Combinations|1313974|cc|8|1|nan|1176,1,2.0914e-13,0.480752,49.2697,0.165359,1.35065e-08,False,nan|1176,1313974
1,130_bNAb_Combinations|1313974|sample|10|nan|1176,1,2.08427e-13,0.865052,0.632901,0.165359,1.35065e-08,True,PGT121|1176,1313974
1,130_bNAb_Combinations|1313974|sample|11|nan|1176,1,2.01578e-13,1.2156,20.3048,0.165359,1.35065e-08,True,VRC07-523LS|1176,1313974
1,130_bNAb_Combinations|1313974|sample|12|nan|1176,1,2.01578e-13,1.2156,38.5541,0.165359,1.35065e-08,True,VRC07-523LS|1176,1313974
1,130_bNAb_Combinations|1313974|sample|3|nan|1176,1,2.0843e-13,116.969,0.206696,0.165359,1.35065e-08,True,PGDM1400|1176,1313974
1,130_bNAb_Combinations|1313974|sample|4|nan|1176,1,2.0843e-13,116.969,1.02672,0.165359,1.35065e-08,True,PGDM1400|1176,1313974
1,130_bNAb_Combinations|1313974|sample|5|nan|1176,1,2.0843e-13,116.969,0.106934,0.165359,1.35065e-08,True,PGDM1400|1176,1313974
1,130_bNAb_Combinations|1313974|sample|6|nan|1176,1,2.0843e-13,116.969,0.107401,0.165359,1.35065e-08,True,PGDM1400|1176,1313974
1,130_bNAb_Combinations|1313974|sample|7|nan|1176,1,2.08427e-13,0.865052,1.15134,0.165359,1.35065e-08,True,PGT121|1176,1313974
1,130_bNAb_Combinations|1313974|sample|8|nan|1176,1,2.08427e-13,0.865052,1.05506,0.165359,1.35065e-08,True,PGT121|1176,1313974
1,130_bNAb_Combinations|1313974|sample|9|nan|1176,1,2.08427e-13,0.865052,0.715759,0.165359,1.35065e-08,True,PGT121|1176,1313974
1,130_bNAb_Combinations|1313974|vc|1|2|nan|1176,1,2.0914e-13,0.480752,0.426094,0.165359,1.35065e-08,False,nan|1176,1313974
1,130_bNAb_Combinations|1313974|vc|2|2|nan|1176,1,2.0914e-13,0.480752,0.110704,0.165359,1.35065e-08,False,nan|1176,1313974
1,130_bNAb_Combinations|1313974|vc|3|2|nan|1176,1,2.0914e-13,0.480752,4.42938,0.165359,1.35065e-08,False,nan|1176,1313974
1,130_bNAb_Combinations|1313974|vc|4|2|nan|1176,1,2.0914e-13,0.480752,0.150217,0.165359,1.35065e-08,False,nan|1176,1313974
1,130_bNAb_Combinations|1313974|vc|5|2|nan|1176,1,2.0914e-13,0.480752,0.754639,0.165359,1.35065e-08,False,nan|1176,1313974
1,130_bNAb_Combinations|1313974|vc|6|2|nan|1176,1,2.0914e-13,0.480752,12.5889,0.165359,1.35065e-08,False,nan|1176,1313974
1,130_bNAb_Combinations|1313974|vc|7|2|nan|1176,1,2.0914e-13,0.480752,0.121215,0.165359,1.35065e-08,False,nan|1176,1313974
1,130_bNAb_Combinations|1313974|vc|8|2|nan|1176,1,2.0914e-13,0.480752,0.00272459,0.165359,1.35065e-08,False,nan|1176,1313974
1,130_bNAb_Combinations|1313992|cc|1|1|RHPA4259.7|5371,1,2.09142e-13,1.22014,0.184752,0.165363,1.42912e-08,False,nan|RHPA4259.7,1313992
1,130_bNAb_Combinations|1313992|cc|2|1|RHPA4259.7|5371,1,2.09142e-13,1.22014,0.146624,0.165363,1.42912e-08,False,nan|RHPA4259.7,1313992
1,130_bNAb_Combinations|1313992|cc|3|1|RHPA4259.7|5371,1,2.09142e-13,1.22014,236.787,0.165363,1.42912e-08,False,nan|RHPA4259.7,1313992
1,130_bNAb_Combinations|1313992|cc|4|1|RHPA4259.7|5371,1,2.09142e-13,1.22014,1.30158e-05,0.165363,1.42912e-08,False,nan|RHPA4259.7,1313992
1,130_bNAb_Combinations|1313992|cc|5|1|RHPA4259.7|5371,1,2.09142e-13,1.22014,0.218312,0.165363,1.42912e-08,False,nan|RHPA4259.7,1313992
1,130_bNAb_Combinations|1313992|cc|6|1|RHPA4259.7|5371,1,2.09142e-13,1.22014,33.3138,0.165363,1.42912e-08,False,nan|RHPA4259.7,1313992
1,130_bNAb_Combinations|1313992|cc|7|1|RHPA4259.7|5371,1,2.09142e-13,1.22014,6.66604,0.165363,1.42912e-08,False,nan|RHPA4259.7,1313992
1,130_bNAb_Combinations|1313992|cc|8|1|RHPA4259.7|5371,1,2.09142e-13,1.22014,0.0124797,0.165363,1.42912e-08,False,nan|RHPA4259.7,1313992
1,130_bNAb_Combinations|1313992|sample|10|RHPA4259.7|5371,1,2.08431e-13,1.91178,37.7924,0.165363,1.42912e-08,True,PGT121|RHPA4259.7,1313992
1,130_bNAb_Combinations|1313992|sample|11|RHPA4259.7|5371,1,2.08431e-13,1.75175,52.8187,0.165363,1.42912e-08,True,VRC07-523LS|RHPA4259.7,1313992
1,130_bNAb_Combinations|1313992|sample|12|RHPA4259.7|5371,1,2.08431e-13,1.75175,36.4486,0.165363,1.42912e-08,True,VRC07-523LS|RHPA4259.7,1313992
1,130_bNAb_Combinations|1313992|sample|3|RHPA4259.7|5371,1,2.0843e-13,1.70701,2.23745,0.165363,1.42912e-08,True,PGDM1400|RHPA4259.7,1313992
1,130_bNAb_Combinations|1313992|sample|4|RHPA4259.7|5371,1,2.0843e-13,1.70701,1.86455,0.165363,1.42912e-08,True,PGDM1400|RHPA4259.7,1313992
1,130_bNAb_Combinations|1313992|sample|5|RHPA4259.7|5371,1,2.0843e-13,1.70701,2.32087,0.165363,1.42912e-08,True,PGDM1400|RHPA4259.7,1313992
1,130_bNAb_Combinations|1313992|sample|6|RHPA4259.7|5371,1,2.0843e-13,1.70701,1.94541,0.165363,1.42912e-08,True,PGDM1400|RHPA4259.7,1313992
1,130_bNAb_Combinations|1313992|sample|7|RHPA4259.7|5371,1,2.08431e-13,1.91178,39.5402,0.165363,1.42912e-08,True,PGT121|RHPA4259.7,1313992
1,130_bNAb_Combinations|1313992|sample|8|RHPA4259.7|5371,1,2.08431e-13,1.91178,28.092,0.165363,1.42912e-08,True,PGT121|RHPA4259.7,1313992
1,130_bNAb_Combinations|1313992|sample|9|RHPA4259.7|5371,1,2.08431e-13,1.91178,33.3562,0.165363,1.42912e-08,True,PGT121|RHPA4259.7,1313992
1,130_bNAb_Combinations|1313992|vc|1|2|RHPA4259.7|5371,1,2.09142e-13,1.22014,1.21335,0.165363,1.42912e-08,False,nan|RHPA4259.7,1313992
1,130_bNAb_Combinations|1313992|vc|2|2|RHPA4259.7|5371,1,2.09142e-13,1.22014,0.363138,0.165363,1.42912e-08,False,nan|RHPA4259.7,1313992
1,130_bNAb_Combinations|1313992|vc|3|2|RHPA4259.7|5371,1,2.09142e-13,1.22014,1.67968,0.165363,1.42912e-08,False,nan|RHPA4259.7,1313992
1,130_bNAb_Combinations|1313992|vc|4|2|RHPA4259.7|5371,1,2.09142e-13,1.22014,9.85369,0.165363,1.42912e-08,False,nan|RHPA4259.7,1313992
1,130_bNAb_Combinations|1313992|vc|5|2|RHPA4259.7|5371,1,2.09142e-13,1.22014,0.113308,0.165363,1.42912e-08,False,nan|RHPA4259.7,1313992
1,130_bNAb_Combinations|1313992|vc|6|2|RHPA4259.7|5371,1,2.09142e-13,1.22014,0.0797128,0.165363,1.42912e-08,False,nan|RHPA4259.7,1313992
1,130_bNAb_Combinations|1313992|vc|7|2|RHPA4259.7|5371,1,2.09142e-13,1.22014,6.51634,0.165363,1.42912e-08,False,nan|RHPA4259.7,1313992
1,130_bNAb_Combinations|1313992|vc|8|2|RHPA4259.7|5371,1,2.09142e-13,1.22014,0.481524,0.165363,1.42912e-08,False,nan|RHPA4259.7,1313992
1,130_bNAb_Combinations|1314016|cc|1|1|nan|3430,1,2.09141e-13,0.689503,0.413665,0.165363,1.35065e-08,False,nan|3430,1314016
1,130_bNAb_Combinations|1314016|cc|2|1|nan|3430,1,2.09141e-13,0.689503,7.89699,0.165363,1.35065e-08,False,nan|3430,1314016
1,130_bNAb_Combinations|1314016|cc|3|1|nan|3430,1,2.09141e-13,0.689503,0.805289,0.165363,1.35065e-08,False,nan|3430,1314016
1,130_bNAb_Combinations|1314016|cc|4|1|nan|3430,1,2.09141e-13,0.689503,0.78714,0.165363,1.35065e-08,False,nan|3430,1314016
1,130_bNAb_Combinations|1314016|cc|5|1|nan|3430,1,2.09141e-13,0.689503,0.232332,0.165363,1.35065e-08,False,nan|3430,1314016
1,130_bNAb_Combinations|1314016|cc|6|1|nan|3430,1,2.09141e-13,0.689503,0.0316193,0.165363,1.35065e-08,False,nan|3430,1314016
1,130_bNAb_Combinations|1314016|cc|7|1|nan|3430,1,2.09141e-13,0.689503,3.41787,0.165363,1.35065e-08,False,nan|3430,1314016
1,130_bNAb_Combinations|1314016|cc|8|1|nan|3430,1,2.09141e-13,0.689503,18.0171,0.165363,1.35065e-08,False,nan|3430,1314016
1,130_bNAb_Combinations|1314016|sample|10|nan|3430,1,2.08432e-13,0.908573,30.5872,0.165363,1.35065e-08,True,PGT121|3430,1314016
1,130_bNAb_Combinations|1314016|sample|11|nan|3430,1,2.07944e-13,1.73678,20.5361,0.165363,1.35065e-08,True,VRC07-523LS|3430,1314016
1,130_bNAb_Combinations|1314016|sample|12|nan|3430,1,2.07944e-13,1.73678,21.0254,0.165363,1.35065e-08,True,VRC07-523LS|3430,1314016
1,130_bNAb_Combinations|1314016|sample|3|nan|3430,1,2.0843e-13,0.950669,335.442,0.165363,1.35065e-08,True,PGDM1400|3430,1314016
1,130_bNAb_Combinations|1314016|sample|4|nan|3430,1,2.0843e-13,0.950669,405.508,0.165363,1.35065e-08,True,PGDM1400|3430,1314016
1,130_bNAb_Combinations|1314016|sample|5|nan|3430,1,2.0843e-13,0.950669,390.083,0.165363,1.35065e-08,True,PGDM1400|3430,1314016
1,130_bNAb_Combinations|1314016|sample|6|nan|3430,1,2.0843e-13,0.950669,431.622,0.165363,1.35065e-08,True,PGDM1400|3430,1314016
1,130_bNAb_Combinations|1314016|sample|7|nan|3430,1,2.08432e-13,0.908573,25.2727,0.165363,1.35065e-08,True,PGT121|3430,1314016
1,130_bNAb_Combinations|1314016|sample|8|nan|3430,1,2.08432e-13,0.908573,26.2092,0.165363,1.35065e-08,True,PGT121|3430,1314016
1,130_bNAb_Combinations|1314016|sample|9|nan|3430,1,2.08432e-13,0.908573,26.3927,0.165363,1.35065e-08,True,PGT121|3430,1314016
1,130_bNAb_Combinations|1314016|vc|1|2|nan|3430,1,2.09141e-13,0.689503,0.397458,0.165363,1.35065e-08,False,nan|3430,1314016
1,130_bNAb_Combinations|1314016|vc|2|2|nan|3430,1,2.09141e-13,0.689503,0.907855,0.165363,1.35065e-08,False,nan|3430,1314016
1,130_bNAb_Combinations|1314016|vc|3|2|nan|3430,1,2.09141e-13,0.689503,3.5598,0.165363,1.35065e-08,False,nan|3430,1314016
1,130_bNAb_Combinations|1314016|vc|4|2|nan|3430,1,2.09141e-13,0.689503,4259.67,0.165363,1.35065e-08,False,nan|3430,1314016
1,130_bNAb_Combinations|1314016|vc|5|2|nan|3430,1,2.09141e-13,0.689503,2.95643,0.165363,1.35065e-08,False,nan|3430,1314016
1,130_bNAb_Combinations|1314016|vc|6|2|nan|3430,1,2.09141e-13,0.689503,719.547,0.165363,1.35065e-08,False,nan|3430,1314016
1,130_bNAb_Combinations|1314016|vc|7|2|nan|3430,1,2.09141e-13,0.689503,0.502092,0.165363,1.35065e-08,False,nan|3430,1314016
1,130_bNAb_Combinations|1314016|vc|8|2|nan|3430,1,2.09141e-13,0.689503,10.3964,0.165363,1.35065e-08,False,nan|3430,1314016
1,130_bNAb_Combinations|1314040|cc|1|1|nan|4166,1,2.09142e-13,1.83417,0.0293759,0.165363,1.35068e-08,False,nan|4166,1314040
1,130_bNAb_Combinations|1314040|cc|2|1|nan|4166,1,2.09142e-13,1.83417,0.311236,0.165363,1.35068e-08,False,nan|4166,1314040
1,130_bNAb_Combinations|1314040|cc|3|1|nan|4166,1,2.09142e-13,1.83417,8.70855,0.165363,1.35068e-08,False,nan|4166,1314040
1,130_bNAb_Combinations|1314040|cc|4|1|nan|4166,1,2.09142e-13,1.83417,4.7373,0.165363,1.35068e-08,False,nan|4166,1314040
1,130_bNAb_Combinations|1314040|cc|5|1|nan|4166,1,2.09142e-13,1.83417,884.258,0.165363,1.35068e-08,False,nan|4166,1314040
1,130_bNAb_Combinations|1314040|cc|6|1|nan|4166,1,2.09142e-13,1.83417,1.94629,0.165363,1.35068e-08,False,nan|4166,1314040
1,130_bNAb_Combinations|1314040|cc|7|1|nan|4166,1,2.09142e-13,1.83417,0.0877357,0.165363,1.35068e-08,False,nan|4166,1314040
1,130_bNAb_Combinations|1314040|cc|8|1|nan|4166,1,2.09142e-13,1.83417,13.3137,0.165363,1.35068e-08,False,nan|4166,1314040
1,130_bNAb_Combinations|1314040|sample|10|nan|4166,1,2.07087e-13,1.9935,75.3537,0.165363,1.35068e-08,True,PGT121|4166,1314040
1,130_bNAb_Combinations|1314040|sample|11|nan|4166,1,2.08429e-13,1.65277,51.6753,0.165363,1.35068e-08,True,VRC07-523LS|4166,1314040
1,130_bNAb_Combinations|1314040|sample|12|nan|4166,1,2.08429e-13,1.65277,70.3311,0.165363,1.35068e-08,True,VRC07-523LS|4166,1314040
1,130_bNAb_Combinations|1314040|sample|3|nan|4166,1,2.08431e-13,0.881246,236.641,0.165363,1.35068e-08,True,PGDM1400|4166,1314040
1,130_bNAb_Combinations|1314040|sample|4|nan|4166,1,2.08431e-13,0.881246,172.33,0.165363,1.35068e-08,True,PGDM1400|4166,1314040
1,130_bNAb_Combinations|1314040|sample|5|nan|4166,1,2.08431e-13,0.881246,161.403,0.165363,1.35068e-08,True,PGDM1400|4166,1314040
1,130_bNAb_Combinations|1314040|sample|6|nan|4166,1,2.08431e-13,0.881246,181.583,0.165363,1.35068e-08,True,PGDM1400|4166,1314040
1,130_bNAb_Combinations|1314040|sample|7|nan|4166,1,2.07087e-13,1.9935,51.2302,0.165363,1.35068e-08,True,PGT121|4166,1314040
1,130_bNAb_Combinations|1314040|sample|8|nan|4166,1,2.07087e-13,1.9935,52.4526,0.165363,1.35068e-08,True,PGT121|4166,1314040
1,130_bNAb_Combinations|1314040|sample|9|nan|4166,1,2.07087e-13,1.9935,56.3803,0.165363,1.35068e-08,True,PGT121|4166,1314040
1,130_bNAb_Combinations|1314040|vc|1|2|nan|4166,1,2.09142e-13,1.83417,0.068445,0.165363,1.35068e-08,False,nan|4166,1314040
1,130_bNAb_Combinations|1314040|vc|2|2|nan|4166,1,2.09142e-13,1.83417,0.0958826,0.165363,1.35068e-08,False,nan|4166,1314040
1,130_bNAb_Combinations|1314040|vc|3|2|nan|4166,1,2.09142e-13,1.83417,0.0388645,0.165363,1.35068e-08,False,nan|4166,1314040
1,130_bNAb_Combinations|1314040|vc|4|2|nan|4166,1,2.09142e-13,1.83417,7.95588,0.165363,1.35068e-08,False,nan|4166,1314040
1,130_bNAb_Combinations|1314040|vc|5|2|nan|4166,1,2.09142e-13,1.83417,11.4676,0.165363,1.35068e-08,False,nan|4166,1314040
1,130_bNAb_Combinations|1314040|vc|6|2|nan|4166,1,2.09142e-13,1.83417,0.587426,0.165363,1.35068e-08,False,nan|4166,1314040
1,130_bNAb_Combinations|1314040|vc|7|2|nan|4166,1,2.09142e-13,1.83417,17.8905,0.165363,1.35068e-08,False,nan|4166,1314040
1,130_bNAb_Combinations|1314040|vc|8|2|nan|4166,1,2.09142e-13,1.83417,0.985618,0.165363,1.35068e-08,False,nan|4166,1314040
1,130_bNAb_Combinations|1314058|cc|1|1|nan|2944,1,2.09144e-13,0.430062,4.82989,0.165363,1.35065e-08,False,nan|2944,1314058
1,130_bNAb_Combinations|1314058|cc|2|1|nan|2944,1,2.09144e-13,0.430062,2.78958,0.165363,1.35065e-08,False,nan|2944,1314058
1,130_bNAb_Combinations|1314058|cc|3|1|nan|2944,1,2.09144e-13,0.430062,8.14876,0.165363,1.35065e-08,False,nan|2944,1314058
1,130_bNAb_Combinations|1314058|cc|4|1|nan|2944,1,2.09144e-13,0.430062,0.875238,0.165363,1.35065e-08,False,nan|2944,1314058
1,130_bNAb_Combinations|1314058|cc|5|1|nan|2944,1,2.09144e-13,0.430062,0.0454194,0.165363,1.35065e-08,False,nan|2944,1314058
1,130_bNAb_Combinations|1314058|cc|6|1|nan|2944,1,2.09144e-13,0.430062,0.687445,0.165363,1.35065e-08,False,nan|2944,1314058
1,130_bNAb_Combinations|1314058|cc|7|1|nan|2944,1,2.09144e-13,0.430062,0.218973,0.165363,1.35065e-08,False,nan|2944,1314058
1,130_bNAb_Combinations|1314058|cc|8|1|nan|2944,1,2.09144e-13,0.430062,0.22188,0.165363,1.35065e-08,False,nan|2944,1314058
1,130_bNAb_Combinations|1314058|sample|10|nan|2944,1,2.0843e-13,1.58026,74.4744,0.165363,1.35065e-08,True,PGT121|2944,1314058
1,130_bNAb_Combinations|1314058|sample|11|nan|2944,1,2.08431e-13,1.58532,12.6358,0.165363,1.35065e-08,True,VRC07-523LS|2944,1314058
1,130_bNAb_Combinations|1314058|sample|12|nan|2944,1,2.08431e-13,1.58532,14.8877,0.165363,1.35065e-08,True,VRC07-523LS|2944,1314058
1,130_bNAb_Combinations|1314058|sample|3|nan|2944,1,2.06503e-13,1.24268,600.608,0.165363,1.35065e-08,True,PGDM1400|2944,1314058
1,130_bNAb_Combinations|1314058|sample|4|nan|2944,1,2.06503e-13,1.24268,556.994,0.165363,1.35065e-08,True,PGDM1400|2944,1314058
1,130_bNAb_Combinations|1314058|sample|5|nan|2944,1,2.06503e-13,1.24268,781.713,0.165363,1.35065e-08,True,PGDM1400|2944,1314058
1,130_bNAb_Combinations|1314058|sample|6|nan|2944,1,2.06503e-13,1.24268,894.959,0.165363,1.35065e-08,True,PGDM1400|2944,1314058
1,130_bNAb_Combinations|1314058|sample|7|nan|2944,1,2.0843e-13,1.58026,77.7296,0.165363,1.35065e-08,True,PGT121|2944,1314058
1,130_bNAb_Combinations|1314058|sample|8|nan|2944,1,2.0843e-13,1.58026,63.6499,0.165363,1.35065e-08,True,PGT121|2944,1314058
1,130_bNAb_Combinations|1314058|sample|9|nan|2944,1,2.0843e-13,1.58026,93.3276,0.165363,1.35065e-08,True,PGT121|2944,1314058
1,130_bNAb_Combinations|1314058|vc|1|2|nan|2944,1,2.09144e-13,0.430062,166.008,0.165363,1.35065e-08,False,nan|2944,1314058
1,130_bNAb_Combinations|1314058|vc|2|2|nan|2944,1,2.09144e-13,0.430062,243.315,0.165363,1.35065e-08,False,nan|2944,1314058
1,130_bNAb_Combinations|1314058|vc|3|2|nan|2944,1,2.09144e-13,0.430062,0.196337,0.165363,1.35065e-08,False,nan|2944,1314058
1,130_bNAb_Combinations|1314058|vc|4|2|nan|2944,1,2.09144e-13,0.430062,0.777451,0.165363,1.35065e-08,False,nan|2944,1314058
1,130_bNAb_Combinations|1314058|vc|5|2|nan|2944,1,2.09144e-13,0.430062,1470.94,0.165363,1.35065e-08,False,nan|2944,1314058
1,130_bNAb_Combinations|1314058|vc|6|2|nan|2944,1,2.09144e-13,0.430062,0.972913,0.165363,1.35065e-08,False,nan|2944,1314058
1,130_bNAb_Combinations|1314058|vc|7|2|nan|2944,1,2.09144e-13,0.430062,22.832,0.165363,1.35065e-08,False,nan|2944,1314058
1,130_bNAb_Combinations|1314058|vc|8|2|nan|2944,1,2.09144e-13,0.430062,78.4429,0.165363,1.35065e-08,False,nan|2944,1314058
1,130_bNAb_Combinations|1342240|cc|1|1|nan|1798,1,2.09142e-13,0.332358,1.70053,0.110919,1.35065e-08,False,nan|1798,1342240
1,130_bNAb_Combinations|1342240|cc|2|1|nan|1798,1,2.09142e-13,0.332358,10.0803,0.110919,1.35065e-08,False,nan|1798,1342240
1,130_bNAb_Combinations|1342240|cc|3|1|nan|1798,1,2.09142e-13,0.332358,1.35928,0.110919,1.35065e-08,False,nan|1798,1342240
1,130_bNAb_Combinations|1342240|cc|4|1|nan|1798,1,2.09142e-13,0.332358,1.23639,0.110919,1.35065e-08,False,nan|1798,1342240
1,130_bNAb_Combinations|1342240|cc|5|1|nan|1798,1,2.09142e-13,0.332358,0.0341909,0.110919,1.35065e-08,False,nan|1798,1342240
1,130_bNAb_Combinations|1342240|cc|6|1|nan|1798,1,2.09142e-13,0.332358,0.00474556,0.110919,1.35065e-08,False,nan|1798,1342240
1,130_bNAb_Combinations|1342240|cc|7|1|nan|1798,1,2.09142e-13,0.332358,1.3498,0.110919,1.35065e-08,False,nan|1798,1342240
1,130_bNAb_Combinations|1342240|cc|8|1|nan|1798,1,2.09142e-13,0.332358,2.92553,0.110919,1.35065e-08,False,nan|1798,1342240
1,130_bNAb_Combinations|1342240|sample|3|nan|1798,1,2.0843e-13,1.86456,1.96732,0.110919,1.35065e-08,True,VRC07-523LS|1798,1342240
1,130_bNAb_Combinations|1342240|sample|4|nan|1798,1,2.0843e-13,1.86456,2.12044,0.110919,1.35065e-08,True,VRC07-523LS|1798,1342240
1,130_bNAb_Combinations|1342240|sample|8|nan|1798,1,2.0843e-13,1.86456,1.9137,0.110919,1.35065e-08,True,VRC07-523LS|1798,1342240
1,130_bNAb_Combinations|1342240|vc|1|2|nan|1798,1,2.09142e-13,0.332358,0.282402,0.110919,1.35065e-08,False,nan|1798,1342240
1,130_bNAb_Combinations|1342240|vc|2|2|nan|1798,1,2.09142e-13,0.332358,0.0428777,0.110919,1.35065e-08,False,nan|1798,1342240
1,130_bNAb_Combinations|1342240|vc|3|2|nan|1798,1,2.09142e-13,0.332358,0.0197579,0.110919,1.35065e-08,False,nan|1798,1342240
1,130_bNAb_Combinations|1342240|vc|4|2|nan|1798,1,2.09142e-13,0.332358,0.00129609,0.110919,1.35065e-08,False,nan|1798,1342240
1,130_bNAb_Combinations|1342240|vc|5|2|nan|1798,1,2.09142e-13,0.332358,0.704381,0.110919,1.35065e-08,False,nan|1798,1342240
1,130_bNAb_Combinations|1342240|vc|6|2|nan|1798,1,2.09142e-13,0.332358,4.22605,0.110919,1.35065e-08,False,nan|1798,1342240
1,130_bNAb_Combinations|1342240|vc|7|2|nan|1798,1,2.09142e-13,0.332358,0.137455,0.110919,1.35065e-08,False,nan|1798,1342240
1,130_bNAb_Combinations|1342240|vc|8|2|nan|1798,1,2.09142e-13,0.332358,0.211035,0.110919,1.35065e-08,False,nan|1798,1342240
1,130_bNAb_Combinations|1342258|cc|1|1|TRO.11|8301,1,2.09142e-13,0.985979,3.4852,0.0843813,1.35065e-08,False,nan|TRO.11,1342258
1,130_bNAb_Combinations|1342258|cc|2|1|TRO.11|8301,1,2.09142e-13,0.985979,2.09215,0.0843813,1.35065e-08,False,nan|TRO.11,1342258
1,130_bNAb_Combinations|1342258|cc|3|1|TRO.11|8301,1,2.09142e-13,0.985979,0.0309913,0.0843813,1.35065e-08,False,nan|TRO.11,1342258
1,130_bNAb_Combinations|1342258|cc|4|1|TRO.11|8301,1,2.09142e-13,0.985979,5.1022,0.0843813,1.35065e-08,False,nan|TRO.11,1342258
1,130_bNAb_Combinations|1342258|cc|5|1|TRO.11|8301,1,2.09142e-13,0.985979,0.239512,0.0843813,1.35065e-08,False,nan|TRO.11,1342258
1,130_bNAb_Combinations|1342258|cc|6|1|TRO.11|8301,1,2.09142e-13,0.985979,0.253064,0.0843813,1.35065e-08,False,nan|TRO.11,1342258
1,130_bNAb_Combinations|1342258|cc|7|1|TRO.11|8301,1,2.09142e-13,0.985979,0.0708565,0.0843813,1.35065e-08,False,nan|TRO.11,1342258
1,130_bNAb_Combinations|1342258|cc|8|1|TRO.11|8301,1,2.09142e-13,0.985979,0.281223,0.0843813,1.35065e-08,False,nan|TRO.11,1342258
1,130_bNAb_Combinations|1342258|sample|3|TRO.11|8301,1,2.0843e-13,1.98988,9.15464,0.0843813,1.35065e-08,True,VRC07-523LS|TRO.11,1342258
1,130_bNAb_Combinations|1342258|sample|4|TRO.11|8301,1,2.0843e-13,1.98988,8.35878,0.0843813,1.35065e-08,True,VRC07-523LS|TRO.11,1342258
1,130_bNAb_Combinations|1342258|vc|1|2|TRO.11|8301,1,2.09142e-13,0.985979,0.0441786,0.0843813,1.35065e-08,False,nan|TRO.11,1342258
1,130_bNAb_Combinations|1342258|vc|2|2|TRO.11|8301,1,2.09142e-13,0.985979,0.14063,0.0843813,1.35065e-08,False,nan|TRO.11,1342258
1,130_bNAb_Combinations|1342258|vc|3|2|TRO.11|8301,1,2.09142e-13,0.985979,0.378312,0.0843813,1.35065e-08,False,nan|TRO.11,1342258
1,130_bNAb_Combinations|1342258|vc|4|2|TRO.11|8301,1,2.09142e-13,0.985979,0.013331,0.0843813,1.35065e-08,False,nan|TRO.11,1342258
1,130_bNAb_Combinations|1342258|vc|5|2|TRO.11|8301,1,2.09142e-13,0.985979,14.1149,0.0843813,1.35065e-08,False,nan|TRO.11,1342258
1,130_bNAb_Combinations|1342258|vc|6|2|TRO.11|8301,1,2.09142e-13,0.985979,0.0313319,0.0843813,1.35065e-08,False,nan|TRO.11,1342258
1,130_bNAb_Combinations|1342258|vc|7|2|TRO.11|8301,1,2.09142e-13,0.985979,0.0520198,0.0843813,1.35065e-08,False,nan|TRO.11,1342258
1,130_bNAb_Combinations|1342258|vc|8|2|TRO.11|8301,1,2.09142e-13,0.985979,0.0554114,0.0843813,1.35065e-08,False,nan|TRO.11,1342258
1,130_bNAb_Combinations|1342276|cc|1|1|Ce1176_A3|7023,1,2.09142e-13,0.36385,2.63723,0.159741,1.35065e-08,False,nan|Ce1176_A3,1342276
1,130_bNAb_Combinations|1342276|cc|2|1|Ce1176_A3|7023,1,2.09142e-13,0.36385,0.331678,0.159741,1.35065e-08,False,nan|Ce1176_A3,1342276
1,130_bNAb_Combinations|1342276|cc|3|1|Ce1176_A3|7023,1,2.09142e-13,0.36385,12.3154,0.159741,1.35065e-08,False,nan|Ce1176_A3,1342276
1,130_bNAb_Combinations|1342276|cc|4|1|Ce1176_A3|7023,1,2.09142e-13,0.36385,0.0314155,0.159741,1.35065e-08,False,nan|Ce1176_A3,1342276
1,130_bNAb_Combinations|1342276|cc|5|1|Ce1176_A3|7023,1,2.09142e-13,0.36385,0.00266231,0.159741,1.35065e-08,False,nan|Ce1176_A3,1342276
1,130_bNAb_Combinations|1342276|cc|6|1|Ce1176_A3|7023,1,2.09142e-13,0.36385,0.00904332,0.159741,1.35065e-08,False,nan|Ce1176_A3,1342276
1,130_bNAb_Combinations|1342276|cc|7|1|Ce1176_A3|7023,1,2.09142e-13,0.36385,35.3586,0.159741,1.35065e-08,False,nan|Ce1176_A3,1342276
1,130_bNAb_Combinations|1342276|cc|8|1|Ce1176_A3|7023,1,2.09142e-13,0.36385,5.42173,0.159741,1.35065e-08,False,nan|Ce1176_A3,1342276
1,130_bNAb_Combinations|1342276|sample|3|Ce1176_A3|7023,1,2.0843e-13,1.74444,2.77172,0.159741,1.35065e-08,True,VRC07-523LS|Ce1176_A3,1342276
1,130_bNAb_Combinations|1342276|sample|4|Ce1176_A3|7023,1,2.0843e-13,1.74444,2.77084,0.159741,1.35065e-08,True,VRC07-523LS|Ce1176_A3,1342276
1,130_bNAb_Combinations|1342276|vc|1|2|Ce1176_A3|7023,1,2.09142e-13,0.36385,116.074,0.159741,1.35065e-08,False,nan|Ce1176_A3,1342276
1,130_bNAb_Combinations|1342276|vc|2|2|Ce1176_A3|7023,1,2.09142e-13,0.36385,0.161134,0.159741,1.35065e-08,False,nan|Ce1176_A3,1342276
1,130_bNAb_Combinations|1342276|vc|3|2|Ce1176_A3|7023,1,2.09142e-13,0.36385,0.258273,0.159741,1.35065e-08,False,nan|Ce1176_A3,1342276
1,130_bNAb_Combinations|1342276|vc|4|2|Ce1176_A3|7023,1,2.09142e-13,0.36385,1.72609,0.159741,1.35065e-08,False,nan|Ce1176_A3,1342276
1,130_bNAb_Combinations|1342276|vc|5|2|Ce1176_A3|7023,1,2.09142e-13,0.36385,0.965339,0.159741,1.35065e-08,False,nan|Ce1176_A3,1342276
1,130_bNAb_Combinations|1342276|vc|6|2|Ce1176_A3|7023,1,2.09142e-13,0.36385,0.106597,0.159741,1.35065e-08,False,nan|Ce1176_A3,1342276
1,130_bNAb_Combinations|1342276|vc|7|2|Ce1176_A3|7023,1,2.09142e-13,0.36385,1.62803,0.159741,1.35065e-08,False,nan|Ce1176_A3,1342276
1,130_bNAb_Combinations|1342276|vc|8|2|Ce1176_A3|7023,1,2.09142e-13,0.36385,0.532726,0.159741,1.35065e-08,False,nan|Ce1176_A3,1342276
1,130_bNAb_Combinations|1342294|cc|1|1|nan|1176,1,2.0914e-13,0.480752,31.9738,0.16536,1.35086e-08,False,nan|1176,1342294
1,130_bNAb_Combinations|1342294|cc|2|1|nan|1176,1,2.0914e-13,0.480752,4.85262,0.16536,1.35086e-08,False,nan|1176,1342294
1,130_bNAb_Combinations|1342294|cc|3|1|nan|1176,1,2.0914e-13,0.480752,0.195523,0.16536,1.35086e-08,False,nan|1176,1342294
1,130_bNAb_Combinations|1342294|cc|4|1|nan|1176,1,2.0914e-13,0.480752,0.00305541,0.16536,1.35086e-08,False,nan|1176,1342294
1,130_bNAb_Combinations|1342294|cc|5|1|nan|1176,1,2.0914e-13,0.480752,5.15674,0.16536,1.35086e-08,False,nan|1176,1342294
1,130_bNAb_Combinations|1342294|cc|6|1|nan|1176,1,2.0914e-13,0.480752,6.65679,0.16536,1.35086e-08,False,nan|1176,1342294
1,130_bNAb_Combinations|1342294|cc|7|1|nan|1176,1,2.0914e-13,0.480752,3.86251,0.16536,1.35086e-08,False,nan|1176,1342294
1,130_bNAb_Combinations|1342294|cc|8|1|nan|1176,1,2.0914e-13,0.480752,4123.02,0.16536,1.35086e-08,False,nan|1176,1342294
1,130_bNAb_Combinations|1342294|sample|3|nan|1176,1,2.01578e-13,1.2156,27.1514,0.16536,1.35086e-08,True,VRC07-523LS|1176,1342294
1,130_bNAb_Combinations|1342294|sample|4|nan|1176,1,2.01578e-13,1.2156,18.3131,0.16536,1.35086e-08,True,VRC07-523LS|1176,1342294
1,130_bNAb_Combinations|1342294|sample|8|nan|1176,1,2.01578e-13,1.2156,2.39805,0.16536,1.35086e-08,True,VRC07-523LS|1176,1342294
1,130_bNAb_Combinations|1342294|vc|1|2|nan|1176,1,2.0914e-13,0.480752,0.264192,0.16536,1.35086e-08,False,nan|1176,1342294
1,130_bNAb_Combinations|1342294|vc|2|2|nan|1176,1,2.0914e-13,0.480752,2.07586,0.16536,1.35086e-08,False,nan|1176,1342294
1,130_bNAb_Combinations|1342294|vc|3|2|nan|1176,1,2.0914e-13,0.480752,0.784769,0.16536,1.35086e-08,False,nan|1176,1342294
1,130_bNAb_Combinations|1342294|vc|4|2|nan|1176,1,2.0914e-13,0.480752,0.907921,0.16536,1.35086e-08,False,nan|1176,1342294
1,130_bNAb_Combinations|1342294|vc|5|2|nan|1176,1,2.0914e-13,0.480752,0.060701,0.16536,1.35086e-08,False,nan|1176,1342294
1,130_bNAb_Combinations|1342294|vc|6|2|nan|1176,1,2.0914e-13,0.480752,0.087958,0.16536,1.35086e-08,False,nan|1176,1342294
1,130_bNAb_Combinations|1342294|vc|7|2|nan|1176,1,2.0914e-13,0.480752,22.0885,0.16536,1.35086e-08,False,nan|1176,1342294
1,130_bNAb_Combinations|1342294|vc|8|2|nan|1176,1,2.0914e-13,0.480752,35.9781,0.16536,1.35086e-08,False,nan|1176,1342294
1,130_bNAb_Combinations|1342312|cc|1|1|RHPA4259.7|5371,1,2.09142e-13,1.22014,0.00969347,0.165365,1.35064e-08,False,nan|RHPA4259.7,1342312
1,130_bNAb_Combinations|1342312|cc|2|1|RHPA4259.7|5371,1,2.09142e-13,1.22014,0.103776,0.165365,1.35064e-08,False,nan|RHPA4259.7,1342312
1,130_bNAb_Combinations|1342312|cc|3|1|RHPA4259.7|5371,1,2.09142e-13,1.22014,3.41945,0.165365,1.35064e-08,False,nan|RHPA4259.7,1342312
1,130_bNAb_Combinations|1342312|cc|4|1|RHPA4259.7|5371,1,2.09142e-13,1.22014,0.00153269,0.165365,1.35064e-08,False,nan|RHPA4259.7,1342312
1,130_bNAb_Combinations|1342312|cc|5|1|RHPA4259.7|5371,1,2.09142e-13,1.22014,0.121923,0.165365,1.35064e-08,False,nan|RHPA4259.7,1342312
1,130_bNAb_Combinations|1342312|cc|6|1|RHPA4259.7|5371,1,2.09142e-13,1.22014,55.6753,0.165365,1.35064e-08,False,nan|RHPA4259.7,1342312
1,130_bNAb_Combinations|1342312|cc|7|1|RHPA4259.7|5371,1,2.09142e-13,1.22014,8.14292,0.165365,1.35064e-08,False,nan|RHPA4259.7,1342312
1,130_bNAb_Combinations|1342312|cc|8|1|RHPA4259.7|5371,1,2.09142e-13,1.22014,10.6259,0.165365,1.35064e-08,False,nan|RHPA4259.7,1342312
1,130_bNAb_Combinations|1342312|sample|3|RHPA4259.7|5371,1,2.08431e-13,1.75175,29.2094,0.165365,1.35064e-08,True,VRC07-523LS|RHPA4259.7,1342312
1,130_bNAb_Combinations|1342312|sample|4|RHPA4259.7|5371,1,2.08431e-13,1.75175,32.691,0.165365,1.35064e-08,True,VRC07-523LS|RHPA4259.7,1342312
1,130_bNAb_Combinations|1342312|vc|1|2|RHPA4259.7|5371,1,2.09142e-13,1.22014,0.527652,0.165365,1.35064e-08,False,nan|RHPA4259.7,1342312
1,130_bNAb_Combinations|1342312|vc|2|2|RHPA4259.7|5371,1,2.09142e-13,1.22014,31.3482,0.165365,1.35064e-08,False,nan|RHPA4259.7,1342312
1,130_bNAb_Combinations|1342312|vc|3|2|RHPA4259.7|5371,1,2.09142e-13,1.22014,51.7957,0.165365,1.35064e-08,False,nan|RHPA4259.7,1342312
1,130_bNAb_Combinations|1342312|vc|4|2|RHPA4259.7|5371,1,2.09142e-13,1.22014,6.00394,0.165365,1.35064e-08,False,nan|RHPA4259.7,1342312
1,130_bNAb_Combinations|1342312|vc|5|2|RHPA4259.7|5371,1,2.09142e-13,1.22014,0.0342916,0.165365,1.35064e-08,False,nan|RHPA4259.7,1342312
1,130_bNAb_Combinations|1342312|vc|6|2|RHPA4259.7|5371,1,2.09142e-13,1.22014,0.054254,0.165365,1.35064e-08,False,nan|RHPA4259.7,1342312
1,130_bNAb_Combinations|1342312|vc|7|2|RHPA4259.7|5371,1,2.09142e-13,1.22014,0.0473978,0.165365,1.35064e-08,False,nan|RHPA4259.7,1342312
1,130_bNAb_Combinations|1342312|vc|8|2|RHPA4259.7|5371,1,2.09142e-13,1.22014,0.520728,0.165365,1.35064e-08,False,nan|RHPA4259.7,1342312
1,130_bNAb_Combinations|1342336|cc|1|1|nan|3430,1,2.09141e-13,0.689503,6.09671,0.165367,1.35065e-08,False,nan|3430,1342336
1,130_bNAb_Combinations|1342336|cc|2|1|nan|3430,1,2.09141e-13,0.689503,7.83473,0.165367,1.35065e-08,False,nan|3430,1342336
1,130_bNAb_Combinations|1342336|cc|3|1|nan|3430,1,2.09141e-13,0.689503,0.87627,0.165367,1.35065e-08,False,nan|3430,1342336
1,130_bNAb_Combinations|1342336|cc|4|1|nan|3430,1,2.09141e-13,0.689503,0.187521,0.165367,1.35065e-08,False,nan|3430,1342336
1,130_bNAb_Combinations|1342336|cc|5|1|nan|3430,1,2.09141e-13,0.689503,0.0264146,0.165367,1.35065e-08,False,nan|3430,1342336
1,130_bNAb_Combinations|1342336|cc|6|1|nan|3430,1,2.09141e-13,0.689503,4.14068,0.165367,1.35065e-08,False,nan|3430,1342336
1,130_bNAb_Combinations|1342336|cc|7|1|nan|3430,1,2.09141e-13,0.689503,0.00630764,0.165367,1.35065e-08,False,nan|3430,1342336
1,130_bNAb_Combinations|1342336|cc|8|1|nan|3430,1,2.09141e-13,0.689503,0.162818,0.165367,1.35065e-08,False,nan|3430,1342336
1,130_bNAb_Combinations|1342336|sample|3|nan|3430,1,2.07944e-13,1.73678,17.1276,0.165367,1.35065e-08,True,VRC07-523LS|3430,1342336
1,130_bNAb_Combinations|1342336|sample|4|nan|3430,1,2.07944e-13,1.73678,16.3199,0.165367,1.35065e-08,True,VRC07-523LS|3430,1342336
1,130_bNAb_Combinations|1342336|sample|5|nan|3430,1,2.07944e-13,1.73678,8.72318,0.165367,1.35065e-08,True,VRC07-523LS|3430,1342336
1,130_bNAb_Combinations|1342336|vc|1|2|nan|3430,1,2.09141e-13,0.689503,3.80796,0.165367,1.35065e-08,False,nan|3430,1342336
1,130_bNAb_Combinations|1342336|vc|2|2|nan|3430,1,2.09141e-13,0.689503,3.62007,0.165367,1.35065e-08,False,nan|3430,1342336
1,130_bNAb_Combinations|1342336|vc|3|2|nan|3430,1,2.09141e-13,0.689503,22.2029,0.165367,1.35065e-08,False,nan|3430,1342336
1,130_bNAb_Combinations|1342336|vc|4|2|nan|3430,1,2.09141e-13,0.689503,1.76996,0.165367,1.35065e-08,False,nan|3430,1342336
1,130_bNAb_Combinations|1342336|vc|5|2|nan|3430,1,2.09141e-13,0.689503,9.19114,0.165367,1.35065e-08,False,nan|3430,1342336
1,130_bNAb_Combinations|1342336|vc|6|2|nan|3430,1,2.09141e-13,0.689503,258.144,0.165367,1.35065e-08,False,nan|3430,1342336
1,130_bNAb_Combinations|1342336|vc|7|2|nan|3430,1,2.09141e-13,0.689503,144.346,0.165367,1.35065e-08,False,nan|3430,1342336
1,130_bNAb_Combinations|1342336|vc|8|2|nan|3430,1,2.09141e-13,0.689503,0.171258,0.165367,1.35065e-08,False,nan|3430,1342336
1,130_bNAb_Combinations|1342348|cc|1|1|nan|4166,1,2.09142e-13,1.83417,28.9804,0.165455,1.35065e-08,False,nan|4166,1342348
1,130_bNAb_Combinations|1342348|cc|2|1|nan|4166,1,2.09142e-13,1.83417,0.232498,0.165455,1.35065e-08,False,nan|4166,1342348
1,130_bNAb_Combinations|1342348|cc|3|1|nan|4166,1,2.09142e-13,1.83417,222.885,0.165455,1.35065e-08,False,nan|4166,1342348
1,130_bNAb_Combinations|1342348|cc|4|1|nan|4166,1,2.09142e-13,1.83417,29.8919,0.165455,1.35065e-08,False,nan|4166,1342348
1,130_bNAb_Combinations|1342348|cc|5|1|nan|4166,1,2.09142e-13,1.83417,0.0840681,0.165455,1.35065e-08,False,nan|4166,1342348
1,130_bNAb_Combinations|1342348|cc|6|1|nan|4166,1,2.09142e-13,1.83417,0.285342,0.165455,1.35065e-08,False,nan|4166,1342348
1,130_bNAb_Combinations|1342348|cc|7|1|nan|4166,1,2.09142e-13,1.83417,0.358664,0.165455,1.35065e-08,False,nan|4166,1342348
1,130_bNAb_Combinations|1342348|cc|8|1|nan|4166,1,2.09142e-13,1.83417,99.5106,0.165455,1.35065e-08,False,nan|4166,1342348
1,130_bNAb_Combinations|1342348|sample|3|nan|4166,1,2.08429e-13,1.65277,40.515,0.165455,1.35065e-08,True,VRC07-523LS|4166,1342348
1,130_bNAb_Combinations|1342348|sample|4|nan|4166,1,2.08429e-13,1.65277,50.5021,0.165455,1.35065e-08,True,VRC07-523LS|4166,1342348
1,130_bNAb_Combinations|1342348|vc|1|2|nan|4166,1,2.09142e-13,1.83417,1.25669,0.165455,1.35065e-08,False,nan|4166,1342348
1,130_bNAb_Combinations|1342348|vc|2|2|nan|4166,1,2.09142e-13,1.83417,1.63937,0.165455,1.35065e-08,False,nan|4166,1342348
1,130_bNAb_Combinations|1342348|vc|3|2|nan|4166,1,2.09142e-13,1.83417,20.5514,0.165455,1.35065e-08,False,nan|4166,1342348
1,130_bNAb_Combinations|1342348|vc|4|2|nan|4166,1,2.09142e-13,1.83417,1.16665,0.165455,1.35065e-08,False,nan|4166,1342348
1,130_bNAb_Combinations|1342348|vc|5|2|nan|4166,1,2.09142e-13,1.83417,0.305697,0.165455,1.35065e-08,False,nan|4166,1342348
1,130_bNAb_Combinations|1342348|vc|6|2|nan|4166,1,2.09142e-13,1.83417,3767.5,0.165455,1.35065e-08,False,nan|4166,1342348
1,130_bNAb_Combinations|1342348|vc|7|2|nan|4166,1,2.09142e-13,1.83417,0.108088,0.165455,1.35065e-08,False,nan|4166,1342348
1,130_bNAb_Combinations|1342348|vc|8|2|nan|4166,1,2.09142e-13,1.83417,37.1222,0.165455,1.35065e-08,False,nan|4166,1342348
1,130_bNAb_Combinations|1342372|cc|1|1|nan|2944,1,2.09144e-13,0.430062,0.103265,0.165338,1.35064e-08,False,nan|2944,1342372
1,130_bNAb_Combinations|1342372|cc|2|1|nan|2944,1,2.09144e-13,0.430062,0.00581002,0.165338,1.35064e-08,False,nan|2944,1342372
1,130_bNAb_Combinations|1342372|cc|3|1|nan|2944,1,2.09144e-13,0.430062,0.0225901,0.165338,1.35064e-08,False,nan|2944,1342372
1,130_bNAb_Combinations|1342372|cc|4|1|nan|2944,1,2.09144e-13,0.430062,0.680492,0.165338,1.35064e-08,False,nan|2944,1342372
1,130_bNAb_Combinations|1342372|cc|5|1|nan|2944,1,2.09144e-13,0.430062,0.926841,0.165338,1.35064e-08,False,nan|2944,1342372
1,130_bNAb_Combinations|1342372|cc|6|1|nan|2944,1,2.09144e-13,0.430062,0.00195908,0.165338,1.35064e-08,False,nan|2944,1342372
1,130_bNAb_Combinations|1342372|cc|7|1|nan|2944,1,2.09144e-13,0.430062,4.93296,0.165338,1.35064e-08,False,nan|2944,1342372
1,130_bNAb_Combinations|1342372|cc|8|1|nan|2944,1,2.09144e-13,0.430062,1.12737,0.165338,1.35064e-08,False,nan|2944,1342372
1,130_bNAb_Combinations|1342372|sample|3|nan|2944,1,2.08431e-13,1.58532,12.809,0.165338,1.35064e-08,True,VRC07-523LS|2944,1342372
1,130_bNAb_Combinations|1342372|sample|4|nan|2944,1,2.08431e-13,1.58532,12.1227,0.165338,1.35064e-08,True,VRC07-523LS|2944,1342372
1,130_bNAb_Combinations|1342372|vc|1|2|nan|2944,1,2.09144e-13,0.430062,1.12757,0.165338,1.35064e-08,False,nan|2944,1342372
1,130_bNAb_Combinations|1342372|vc|2|2|nan|2944,1,2.09144e-13,0.430062,0.00900861,0.165338,1.35064e-08,False,nan|2944,1342372
1,130_bNAb_Combinations|1342372|vc|3|2|nan|2944,1,2.09144e-13,0.430062,0.190294,0.165338,1.35064e-08,False,nan|2944,1342372
1,130_bNAb_Combinations|1342372|vc|4|2|nan|2944,1,2.09144e-13,0.430062,0.0391524,0.165338,1.35064e-08,False,nan|2944,1342372
1,130_bNAb_Combinations|1342372|vc|5|2|nan|2944,1,2.09144e-13,0.430062,1.08544,0.165338,1.35064e-08,False,nan|2944,1342372
1,130_bNAb_Combinations|1342372|vc|6|2|nan|2944,1,2.09144e-13,0.430062,0.00847296,0.165338,1.35064e-08,False,nan|2944,1342372
1,130_bNAb_Combinations|1342372|vc|7|2|nan|2944,1,2.09144e-13,0.430062,1586.48,0.165338,1.35064e-08,False,nan|2944,1342372
1,130_bNAb_Combinations|1342372|vc|8|2|nan|2944,1,2.09144e-13,0.430062,5.91261,0.165338,1.35064e-08,False,nan|2944,1342372
1,130_bNAb_Combinations|1342384|cc|1|1|nan|2946,1,2.09142e-13,0.427017,3.18634,0.114156,1.35064e-08,False,nan|2946,1342384
1,130_bNAb_Combinations|1342384|cc|2|1|nan|2946,1,2.09142e-13,0.427017,1.22833,0.114156,1.35064e-08,False,nan|2946,1342384
1,130_bNAb_Combinations|1342384|cc|3|1|nan|2946,1,2.09142e-13,0.427017,49.4693,0.114156,1.35064e-08,False,nan|2946,1342384
1,130_bNAb_Combinations|1342384|cc|4|1|nan|2946,1,2.09142e-13,0.427017,302.807,0.114156,1.35064e-08,False,nan|2946,1342384
1,130_bNAb_Combinations|1342384|cc|5|1|nan|2946,1,2.09142e-13,0.427017,14.0466,0.114156,1.35064e-08,False,nan|2946,1342384
1,130_bNAb_Combinations|1342384|cc|6|1|nan|2946,1,2.09142e-13,0.427017,68.9357,0.114156,1.35064e-08,False,nan|2946,1342384
1,130_bNAb_Combinations|1342384|cc|7|1|nan|2946,1,2.09142e-13,0.427017,0.293746,0.114156,1.35064e-08,False,nan|2946,1342384
1,130_bNAb_Combinations|1342384|cc|8|1|nan|2946,1,2.09142e-13,0.427017,0.000488751,0.114156,1.35064e-08,False,nan|2946,1342384
1,130_bNAb_Combinations|1342384|sample|3|nan|2946,1,2.10382e-13,1.59773,1.6476,0.114156,1.35064e-08,True,VRC07-523LS|2946,1342384
1,130_bNAb_Combinations|1342384|sample|4|nan|2946,1,2.10382e-13,1.59773,1.69944,0.114156,1.35064e-08,True,VRC07-523LS|2946,1342384
1,130_bNAb_Combinations|1342384|vc|1|2|nan|2946,1,2.09142e-13,0.427017,0.168672,0.114156,1.35064e-08,False,nan|2946,1342384
1,130_bNAb_Combinations|1342384|vc|2|2|nan|2946,1,2.09142e-13,0.427017,2.2296,0.114156,1.35064e-08,False,nan|2946,1342384
1,130_bNAb_Combinations|1342384|vc|3|2|nan|2946,1,2.09142e-13,0.427017,4.55657,0.114156,1.35064e-08,False,nan|2946,1342384
1,130_bNAb_Combinations|1342384|vc|4|2|nan|2946,1,2.09142e-13,0.427017,0.49216,0.114156,1.35064e-08,False,nan|2946,1342384
1,130_bNAb_Combinations|1342384|vc|5|2|nan|2946,1,2.09142e-13,0.427017,0.405575,0.114156,1.35064e-08,False,nan|2946,1342384
1,130_bNAb_Combinations|1342384|vc|6|2|nan|2946,1,2.09142e-13,0.427017,0.107604,0.114156,1.35064e-08,False,nan|2946,1342384
1,130_bNAb_Combinations|1342384|vc|7|2|nan|2946,1,2.09142e-13,0.427017,9.76622,0.114156,1.35064e-08,False,nan|2946,1342384
1,130_bNAb_Combinations|1342384|vc|8|2|nan|2946,1,2.09142e-13,0.427017,4.03941,0.114156,1.35064e-08,False,nan|2946,1342384
1,130_bNAb_Combinations|1342396|cc|1|1|PVO.4|5024,1,2.09142e-13,0.289803,0.0313049,0.127766,1.35068e-08,False,nan|PVO.4,1342396
1,130_bNAb_Combinations|1342396|cc|2|1|PVO.4|5024,1,2.09142e-13,0.289803,50.7679,0.127766,1.35068e-08,False,nan|PVO.4,1342396
1,130_bNAb_Combinations|1342396|cc|3|1|PVO.4|5024,1,2.09142e-13,0.289803,0.188087,0.127766,1.35068e-08,False,nan|PVO.4,1342396
1,130_bNAb_Combinations|1342396|cc|4|1|PVO.4|5024,1,2.09142e-13,0.289803,2.2188,0.127766,1.35068e-08,False,nan|PVO.4,1342396
1,130_bNAb_Combinations|1342396|cc|5|1|PVO.4|5024,1,2.09142e-13,0.289803,0.442079,0.127766,1.35068e-08,False,nan|PVO.4,1342396
1,130_bNAb_Combinations|1342396|cc|6|1|PVO.4|5024,1,2.09142e-13,0.289803,0.211797,0.127766,1.35068e-08,False,nan|PVO.4,1342396
1,130_bNAb_Combinations|1342396|cc|7|1|PVO.4|5024,1,2.09142e-13,0.289803,0.0583329,0.127766,1.35068e-08,False,nan|PVO.4,1342396
1,130_bNAb_Combinations|1342396|cc|8|1|PVO.4|5024,1,2.09142e-13,0.289803,4.97093,0.127766,1.35068e-08,False,nan|PVO.4,1342396
1,130_bNAb_Combinations|1342396|sample|3|PVO.4|5024,1,2.0843e-13,1.70561,6.97414,0.127766,1.35068e-08,True,VRC07-523LS|PVO.4,1342396
1,130_bNAb_Combinations|1342396|sample|4|PVO.4|5024,1,2.0843e-13,1.70561,6.32608,0.127766,1.35068e-08,True,VRC07-523LS|PVO.4,1342396
1,130_bNAb_Combinations|1342396|vc|1|2|PVO.4|5024,1,2.09142e-13,0.289803,6.66224,0.127766,1.35068e-08,False,nan|PVO.4,1342396
1,130_bNAb_Combinations|1342396|vc|2|2|PVO.4|5024,1,2.09142e-13,0.289803,0.0571809,0.127766,1.35068e-08,False,nan|PVO.4,1342396
1,130_bNAb_Combinations|1342396|vc|3|2|PVO.4|5024,1,2.09142e-13,0.289803,0.483308,0.127766,1.35068e-08,False,nan|PVO.4,1342396
1,130_bNAb_Combinations|1342396|vc|4|2|PVO.4|5024,1,2.09142e-13,0.289803,7.6465,0.127766,1.35068e-08,False,nan|PVO.4,1342396
1,130_bNAb_Combinations|1342396|vc|5|2|PVO.4|5024,1,2.09142e-13,0.289803,18.5279,0.127766,1.35068e-08,False,nan|PVO.4,1342396
1,130_bNAb_Combinations|1342396|vc|6|2|PVO.4|5024,1,2.09142e-13,0.289803,1.50083,0.127766,1.35068e-08,False,nan|PVO.4,1342396
1,130_bNAb_Combinations|1342396|vc|7|2|PVO.4|5024,1,2.09142e-13,0.289803,8.30569,0.127766,1.35068e-08,False,nan|PVO.4,1342396
1,130_bNAb_Combinations|1342396|vc|8|2|PVO.4|5024,1,2.09142e-13,0.289803,0.0179797,0.127766,1.35068e-08,False,nan|PVO.4,1342396
1,130_bNAb_Combinations|1342408|cc|1|1|nan|4168,1,2.09142e-13,0.294903,0.0232583,0.165388,1.35065e-08,False,nan|4168,1342408
1,130_bNAb_Combinations|1342408|cc|2|1|nan|4168,1,2.09142e-13,0.294903,27.6863,0.165388,1.35065e-08,False,nan|4168,1342408
1,130_bNAb_Combinations|1342408|cc|3|1|nan|4168,1,2.09142e-13,0.294903,0.630665,0.165388,1.35065e-08,False,nan|4168,1342408
1,130_bNAb_Combinations|1342408|cc|4|1|nan|4168,1,2.09142e-13,0.294903,0.0234728,0.165388,1.35065e-08,False,nan|4168,1342408
1,130_bNAb_Combinations|1342408|cc|5|1|nan|4168,1,2.09142e-13,0.294903,14.368,0.165388,1.35065e-08,False,nan|4168,1342408
1,130_bNAb_Combinations|1342408|cc|6|1|nan|4168,1,2.09142e-13,0.294903,0.519195,0.165388,1.35065e-08,False,nan|4168,1342408
1,130_bNAb_Combinations|1342408|cc|7|1|nan|4168,1,2.09142e-13,0.294903,0.309621,0.165388,1.35065e-08,False,nan|4168,1342408
1,130_bNAb_Combinations|1342408|cc|8|1|nan|4168,1,2.09142e-13,0.294903,0.115336,0.165388,1.35065e-08,False,nan|4168,1342408
1,130_bNAb_Combinations|1342408|sample|3|nan|4168,1,2.0843e-13,1.03552,6.78136,0.165388,1.35065e-08,True,VRC07-523LS|4168,1342408
1,130_bNAb_Combinations|1342408|sample|4|nan|4168,1,2.0843e-13,1.03552,4.23722,0.165388,1.35065e-08,True,VRC07-523LS|4168,1342408
1,130_bNAb_Combinations|1342408|vc|1|2|nan|4168,1,2.09142e-13,0.294903,8.17927,0.165388,1.35065e-08,False,nan|4168,1342408
1,130_bNAb_Combinations|1342408|vc|2|2|nan|4168,1,2.09142e-13,0.294903,18.166,0.165388,1.35065e-08,False,nan|4168,1342408
1,130_bNAb_Combinations|1342408|vc|3|2|nan|4168,1,2.09142e-13,0.294903,2.66268,0.165388,1.35065e-08,False,nan|4168,1342408
1,130_bNAb_Combinations|1342408|vc|4|2|nan|4168,1,2.09142e-13,0.294903,0.0458879,0.165388,1.35065e-08,False,nan|4168,1342408
1,130_bNAb_Combinations|1342408|vc|5|2|nan|4168,1,2.09142e-13,0.294903,0.0409004,0.165388,1.35065e-08,False,nan|4168,1342408
1,130_bNAb_Combinations|1342408|vc|6|2|nan|4168,1,2.09142e-13,0.294903,1.00612,0.165388,1.35065e-08,False,nan|4168,1342408
1,130_bNAb_Combinations|1342408|vc|7|2|nan|4168,1,2.09142e-13,0.294903,1.7027,0.165388,1.35065e-08,False,nan|4168,1342408
1,130_bNAb_Combinations|1342408|vc|8|2|nan|4168,1,2.09142e-13,0.294903,29.4898,0.165388,1.35065e-08,False,nan|4168,1342408
1,704_VRC01_Concordance|1200432|cc|1|1|PVO.4|5024,1,2.09142e-13,0.289803,2.12163,0.165363,1.35065e-08,False,nan|PVO.4,1200432
1,704_VRC01_Concordance|1200432|cc|2|1|PVO.4|5024,1,2.09142e-13,0.289803,0.353419,0.165363,1.35065e-08,False,nan|PVO.4,1200432
1,704_VRC01_Concordance|1200432|cc|3|1|PVO.4|5024,1,2.09142e-13,0.289803,0.134709,0.165363,1.35065e-08,False,nan|PVO.4,1200432
1,704_VRC01_Concordance|1200432|cc|4|1|PVO.4|5024,1,2.09142e-13,0.289803,1.63286,0.165363,1.35065e-08,False,nan|PVO.4,1200432
1,704_VRC01_Concordance|1200432|cc|5|1|PVO.4|5024,1,2.09142e-13,0.289803,0.413198,0.165363,1.35065e-08,False,nan|PVO.4,1200432
1,704_VRC01_Concordance|1200432|cc|6|1|PVO.4|5024,1,2.09142e-13,0.289803,0.0277361,0.165363,1.35065e-08,False,nan|PVO.4,1200432
1,704_VRC01_Concordance|1200432|cc|7|1|PVO.4|5024,1,2.09142e-13,0.289803,0.121583,0.165363,1.35065e-08,False,nan|PVO.4,1200432
1,704_VRC01_Concordance|1200432|cc|8|1|PVO.4|5024,1,2.09142e-13,0.289803,1.88917,0.165363,1.35065e-08,False,nan|PVO.4,1200432
1,704_VRC01_Concordance|1200432|sample|10|PVO.4|5024,1,2.0843e-13,1.54467,1.27741,0.165363,1.35065e-08,True,Clinical VRC01|PVO.4,1200432
1,704_VRC01_Concordance|1200432|sample|11|PVO.4|5024,1,2.0843e-13,1.54467,1.93733,0.165363,1.35065e-08,True,Clinical VRC01|PVO.4,1200432
1,704_VRC01_Concordance|1200432|sample|12|PVO.4|5024,1,2.0843e-13,1.54467,2.10963,0.165363,1.35065e-08,True,Clinical VRC01|PVO.4,1200432
1,704_VRC01_Concordance|1200432|sample|3|PVO.4|5024,1,2.0843e-13,1.54467,2.46092,0.165363,1.35065e-08,True,Clinical VRC01|PVO.4,1200432
1,704_VRC01_Concordance|1200432|sample|4|PVO.4|5024,1,2.0843e-13,1.54467,1.69215,0.165363,1.35065e-08,True,Clinical VRC01|PVO.4,1200432
1,704_VRC01_Concordance|1200432|sample|5|PVO.4|5024,1,2.0843e-13,1.54467,1.37561,0.165363,1.35065e-08,True,Clinical VRC01|PVO.4,1200432
1,704_VRC01_Concordance|1200432|sample|6|PVO.4|5024,1,2.0843e-13,1.54467,1.31422,0.165363,1.35065e-08,True,Clinical VRC01|PVO.4,1200432
1,704_VRC01_Concordance|1200432|sample|7|PVO.4|5024,1,2.0843e-13,1.54467,2.41877,0.165363,1.35065e-08,True,Clinical VRC01|PVO.4,1200432
1,704_VRC01_Concordance|1200432|sample|8|PVO.4|5024,1,2.0843e-13,1.54467,1.69641,0.165363,1.35065e-08,True,Clinical VRC01|PVO.4,1200432
1,704_VRC01_Concordance|1200432|sample|9|PVO.4|5024,1,2.0843e-13,1.54467,1.59743,0.165363,1.35065e-08,True,Clinical VRC01|PVO.4,1200432
1,704_VRC01_Concordance|1200432|vc|1|2|PVO.4|5024,1,2.09142e-13,0.289803,0.122807,0.165363,1.35065e-08,False,nan|PVO.4,1200432
1,704_VRC01_Concordance|1200432|vc|2|2|PVO.4|5024,1,2.09142e-13,0.289803,0.107803,0.165363,1.35065e-08,False,nan|PVO.4,1200432
1,704_VRC01_Concordance|1200432|vc|3|2|PVO.4|5024,1,2.09142e-13,0.289803,0.152433,0.165363,1.35065e-08,False,nan|PVO.4,1200432
1,704_VRC01_Concordance|1200432|vc|4|2|PVO.4|5024,1,2.09142e-13,0.289803,0.0801066,0.165363,1.35065e-08,False,nan|PVO.4,1200432
1,704_VRC01_Concordance|1200432|vc|5|2|PVO.4|5024,1,2.09142e-13,0.289803,12.7602,0.165363,1.35065e-08,False,nan|PVO.4,1200432
1,704_VRC01_Concordance|1200432|vc|6|2|PVO.4|5024,1,2.09142e-13,0.289803,0.251554,0.165363,1.35065e-08,False,nan|PVO.4,1200432
1,704_VRC01_Concordance|1200432|vc|7|2|PVO.4|5024,1,2.09142e-13,0.289803,0.133121,0.165363,1.35065e-08,False,nan|PVO.4,1200432
1,704_VRC01_Concordance|1200432|vc|8|2|PVO.4|5024,1,2.09142e-13,0.289803,1.0494,0.165363,1.35065e-08,False,nan|PVO.4,1200432
