id,eta_U_SAEM,eta_L_SAEM,eta_m_SAEM,eta_e_SAEM,eta_s_SAEM,eta_alpha_SAEM,eta_k_SAEM,eta_U_mode,eta_L_mode,eta_m_mode,eta_e_mode,eta_s_mode,eta_alpha_mode,eta_k_mode,goes_down,mab_virus,run_id
130_bNAb_Combinations|1313842|cc|1|1|nan|2946,0,-5.08719e-10,6.34921e-10,0,0,0,0,0,-2.85429e-11,-1.65428e-11,0,0,0,0,False,nan|2946,1313842
130_bNAb_Combinations|1313842|cc|2|1|nan|2946,0,-1.00104e-09,-8.14632e-10,0,0,0,0,0,-4.90572e-11,-1.30771e-11,0,0,0,0,False,nan|2946,1313842
130_bNAb_Combinations|1313842|cc|3|1|nan|2946,0,-5.12429e-09,-1.21969e-09,0,0,0,0,0,-2.49503e-11,-2.4611e-11,0,0,0,0,False,nan|2946,1313842
130_bNAb_Combinations|1313842|cc|4|1|nan|2946,0,-8.04848e-09,-7.91447e-10,0,0,0,0,0,6.6569e-13,-3.53495e-11,0,0,0,0,False,nan|2946,1313842
130_bNAb_Combinations|1313842|cc|5|1|nan|2946,0,-6.79628e-09,-1.7064e-10,0,0,0,0,0,4.17884e-11,-8.99947e-12,0,0,0,0,False,nan|2946,1313842
130_bNAb_Combinations|1313842|cc|6|1|nan|2946,0,6.02155e-10,6.81258e-10,0,0,0,0,0,5.89915e-11,3.77787e-12,0,0,0,0,False,nan|2946,1313842
130_bNAb_Combinations|1313842|cc|7|1|nan|2946,0,-2.59905e-09,1.35051e-09,0,0,0,0,0,3.23976e-11,-2.56173e-11,0,0,0,0,False,nan|2946,1313842
130_bNAb_Combinations|1313842|cc|8|1|nan|2946,0,4.59243e-10,1.72025e-09,0,0,0,0,0,-6.49356e-11,-5.45475e-12,0,0,0,0,False,nan|2946,1313842
130_bNAb_Combinations|1313842|sample|10|nan|2946,0,2.71305e-09,8.55324e-10,0,0,0,0,0,-1.93987e-11,-3.91864e-12,0,0,0,0,True,PGT121|2946,1313842
130_bNAb_Combinations|1313842|sample|11|nan|2946,0,-9.71294e-10,1.1204e-09,0,0,0,0,0,4.04703e-11,4.9889e-12,0,0,0,0,True,VRC07-523LS|2946,1313842
130_bNAb_Combinations|1313842|sample|12|nan|2946,0,1.10897e-08,-3.12427e-10,0,0,0,0,0,2.53153e-11,1.61586e-11,0,0,0,0,True,VRC07-523LS|2946,1313842
130_bNAb_Combinations|1313842|sample|3|nan|2946,0,-1.79184e-10,8.46022e-10,0,0,0,0,0,1.20501e-11,2.36131e-11,0,0,0,0,True,PGDM1400|2946,1313842
130_bNAb_Combinations|1313842|sample|4|nan|2946,0,2.81928e-09,-4.32212e-09,0,0,0,0,0,-4.33833e-11,-1.08695e-11,0,0,0,0,True,PGDM1400|2946,1313842
130_bNAb_Combinations|1313842|sample|5|nan|2946,0,-1.1119e-09,-9.11291e-10,0,0,0,0,0,2.90494e-11,1.81988e-12,0,0,0,0,True,PGDM1400|2946,1313842
130_bNAb_Combinations|1313842|sample|6|nan|2946,0,2.02354e-09,-5.3755e-10,0,0,0,0,0,-4.72509e-11,1.01115e-11,0,0,0,0,True,PGDM1400|2946,1313842
130_bNAb_Combinations|1313842|sample|7|nan|2946,0,-2.5626e-09,7.04677e-10,0,0,0,0,0,-3.58371e-11,-8.97904e-12,0,0,0,0,True,PGT121|2946,1313842
130_bNAb_Combinations|1313842|sample|8|nan|2946,0,-3.48202e-10,-2.34792e-10,0,0,0,0,0,-2.31632e-11,1.29781e-11,0,0,0,0,True,PGT121|2946,1313842
130_bNAb_Combinations|1313842|sample|9|nan|2946,0,-1.65989e-09,2.12448e-10,0,0,0,0,0,3.37943e-11,2.10809e-11,0,0,0,0,True,PGT121|2946,1313842
130_bNAb_Combinations|1313842|vc|1|2|nan|2946,0,2.98397e-09,-3.8672e-10,0,0,0,0,0,4.00471e-11,4.11537e-12,0,0,0,0,False,nan|2946,1313842
130_bNAb_Combinations|1313842|vc|2|2|nan|2946,0,2.61273e-09,3.54207e-09,0,0,0,0,0,6.12013e-11,-7.37232e-12,0,0,0,0,False,nan|2946,1313842
130_bNAb_Combinations|1313842|vc|3|2|nan|2946,0,-7.29323e-10,-1.47579e-09,0,0,0,0,0,-1.6843e-11,2.79257e-11,0,0,0,0,False,nan|2946,1313842
130_bNAb_Combinations|1313842|vc|4|2|nan|2946,0,-1.30037e-09,1.62733e-09,0,0,0,0,0,3.55502e-11,1.62452e-11,0,0,0,0,False,nan|2946,1313842
130_bNAb_Combinations|1313842|vc|5|2|nan|2946,0,6.40079e-09,1.77867e-09,0,0,0,0,0,2.01323e-11,2.18359e-12,0,0,0,0,False,nan|2946,1313842
130_bNAb_Combinations|1313842|vc|6|2|nan|2946,0,2.06375e-09,1.30961e-09,0,0,0,0,0,4.48623e-11,9.33031e-12,0,0,0,0,False,nan|2946,1313842
130_bNAb_Combinations|1313842|vc|7|2|nan|2946,0,-1.39182e-09,3.90441e-09,0,0,0,0,0,1.44729e-12,-1.72968e-11,0,0,0,0,False,nan|2946,1313842
130_bNAb_Combinations|1313842|vc|8|2|nan|2946,0,1.34013e-09,-9.80747e-10,0,0,0,0,0,1.4091e-12,2.68727e-11,0,0,0,0,False,nan|2946,1313842
130_bNAb_Combinations|1313860|cc|1|1|PVO.4|5024,0,3.34939e-10,1.31777e-09,0,0,0,0,0,-4.88036e-11,2.18418e-11,0,0,0,0,False,nan|PVO.4,1313860
130_bNAb_Combinations|1313860|cc|2|1|PVO.4|5024,0,3.82697e-09,-3.25317e-09,0,0,0,0,0,-3.97637e-11,-1.81491e-11,0,0,0,0,False,nan|PVO.4,1313860
130_bNAb_Combinations|1313860|cc|3|1|PVO.4|5024,0,-3.73855e-09,-1.06692e-09,0,0,0,0,0,1.96092e-11,2.24099e-12,0,0,0,0,False,nan|PVO.4,1313860
130_bNAb_Combinations|1313860|cc|4|1|PVO.4|5024,0,-1.12824e-09,6.49382e-10,0,0,0,0,0,4.01918e-11,1.66721e-11,0,0,0,0,False,nan|PVO.4,1313860
130_bNAb_Combinations|1313860|cc|5|1|PVO.4|5024,0,-3.46773e-09,7.44714e-10,0,0,0,0,0,-2.08376e-11,-2.46181e-11,0,0,0,0,False,nan|PVO.4,1313860
130_bNAb_Combinations|1313860|cc|6|1|PVO.4|5024,0,-4.40918e-10,-1.50575e-09,0,0,0,0,0,2.14335e-11,-1.93238e-11,0,0,0,0,False,nan|PVO.4,1313860
130_bNAb_Combinations|1313860|cc|7|1|PVO.4|5024,0,-6.75867e-09,2.46786e-09,0,0,0,0,0,5.91527e-13,-1.89581e-11,0,0,0,0,False,nan|PVO.4,1313860
130_bNAb_Combinations|1313860|cc|8|1|PVO.4|5024,0,4.73737e-09,1.14709e-09,0,0,0,0,0,-4.96936e-11,6.39833e-12,0,0,0,0,False,nan|PVO.4,1313860
130_bNAb_Combinations|1313860|sample|10|PVO.4|5024,0,1.00803e-09,5.17841e-10,0,0,0,0,0,2.49347e-11,-1.39608e-11,0,0,0,0,True,PGT121|PVO.4,1313860
130_bNAb_Combinations|1313860|sample|11|PVO.4|5024,0,2.53217e-09,-4.05848e-10,0,0,0,0,0,-2.68123e-11,1.61064e-11,0,0,0,0,True,VRC07-523LS|PVO.4,1313860
130_bNAb_Combinations|1313860|sample|12|PVO.4|5024,0,3.39324e-09,6.88753e-10,0,0,0,0,0,3.26121e-11,3.99725e-12,0,0,0,0,True,VRC07-523LS|PVO.4,1313860
130_bNAb_Combinations|1313860|sample|3|PVO.4|5024,0,3.74968e-09,-6.48951e-10,0,0,0,0,0,8.062e-12,-1.73195e-11,0,0,0,0,True,PGDM1400|PVO.4,1313860
130_bNAb_Combinations|1313860|sample|4|PVO.4|5024,0,-6.43175e-09,8.57339e-10,0,0,0,0,0,-5.14229e-11,-8.50875e-13,0,0,0,0,True,PGDM1400|PVO.4,1313860
130_bNAb_Combinations|1313860|sample|5|PVO.4|5024,0,-1.82782e-09,2.97013e-10,0,0,0,0,0,-1.59543e-11,-8.3622e-12,0,0,0,0,True,PGDM1400|PVO.4,1313860
130_bNAb_Combinations|1313860|sample|6|PVO.4|5024,0,1.39218e-09,-6.94724e-10,0,0,0,0,0,-4.06972e-11,-3.81917e-13,0,0,0,0,True,PGDM1400|PVO.4,1313860
130_bNAb_Combinations|1313860|sample|7|PVO.4|5024,0,2.4536e-09,-2.52737e-09,0,0,0,0,0,-2.01021e-11,-4.23599e-11,0,0,0,0,True,PGT121|PVO.4,1313860
130_bNAb_Combinations|1313860|sample|8|PVO.4|5024,0,-2.37185e-09,1.49931e-09,0,0,0,0,0,-6.02398e-11,3.48166e-13,0,0,0,0,True,PGT121|PVO.4,1313860
130_bNAb_Combinations|1313860|sample|9|PVO.4|5024,0,1.22385e-09,-8.04889e-10,0,0,0,0,0,5.46656e-11,-1.24043e-11,0,0,0,0,True,PGT121|PVO.4,1313860
130_bNAb_Combinations|1313860|vc|1|2|PVO.4|5024,0,-1.00179e-09,-1.09401e-09,0,0,0,0,0,9.28502e-12,-2.89596e-11,0,0,0,0,False,nan|PVO.4,1313860
130_bNAb_Combinations|1313860|vc|2|2|PVO.4|5024,0,-7.82867e-09,1.62152e-09,0,0,0,0,0,1.70139e-11,2.455e-11,0,0,0,0,False,nan|PVO.4,1313860
130_bNAb_Combinations|1313860|vc|3|2|PVO.4|5024,0,7.33017e-09,1.89823e-09,0,0,0,0,0,-6.18918e-11,-5.74873e-13,0,0,0,0,False,nan|PVO.4,1313860
130_bNAb_Combinations|1313860|vc|4|2|PVO.4|5024,0,1.41762e-09,2.02939e-09,0,0,0,0,0,-4.75344e-11,6.88751e-11,0,0,0,0,False,nan|PVO.4,1313860
130_bNAb_Combinations|1313860|vc|5|2|PVO.4|5024,0,2.88152e-09,-3.65663e-09,0,0,0,0,0,-1.67493e-11,4.45662e-11,0,0,0,0,False,nan|PVO.4,1313860
130_bNAb_Combinations|1313860|vc|6|2|PVO.4|5024,0,-2.26184e-09,1.71559e-09,0,0,0,0,0,-1.139e-11,2.08503e-11,0,0,0,0,False,nan|PVO.4,1313860
130_bNAb_Combinations|1313860|vc|7|2|PVO.4|5024,0,3.52398e-09,-1.22602e-09,0,0,0,0,0,3.84031e-11,6.65079e-12,0,0,0,0,False,nan|PVO.4,1313860
130_bNAb_Combinations|1313860|vc|8|2|PVO.4|5024,0,-7.69486e-10,-2.62992e-09,0,0,0,0,0,2.72147e-11,-7.4355e-12,0,0,0,0,False,nan|PVO.4,1313860
130_bNAb_Combinations|1313884|cc|1|1|nan|4168,0,1.32802e-09,-2.11701e-09,0,0,0,0,0,-3.80158e-11,-5.76805e-12,0,0,0,0,False,nan|4168,1313884
130_bNAb_Combinations|1313884|cc|2|1|nan|4168,0,7.6625e-10,-1.94948e-09,0,0,0,0,0,2.73142e-11,-7.27729e-12,0,0,0,0,False,nan|4168,1313884
130_bNAb_Combinations|1313884|cc|3|1|nan|4168,0,3.03569e-09,9.06251e-10,0,0,0,0,0,6.21014e-12,-1.57028e-11,0,0,0,0,False,nan|4168,1313884
130_bNAb_Combinations|1313884|cc|4|1|nan|4168,0,-1.0913e-09,1.4097e-10,0,0,0,0,0,1.12355e-11,-2.11634e-11,0,0,0,0,False,nan|4168,1313884
130_bNAb_Combinations|1313884|cc|5|1|nan|4168,0,1.81155e-09,9.90241e-10,0,0,0,0,0,-1.14886e-11,2.30297e-11,0,0,0,0,False,nan|4168,1313884
130_bNAb_Combinations|1313884|cc|6|1|nan|4168,0,-9.14335e-09,-1.53549e-09,0,0,0,0,0,3.20917e-11,1.67066e-12,0,0,0,0,False,nan|4168,1313884
130_bNAb_Combinations|1313884|cc|7|1|nan|4168,0,-7.0477e-09,8.11461e-10,0,0,0,0,0,-8.30092e-12,-1.7613e-11,0,0,0,0,False,nan|4168,1313884
130_bNAb_Combinations|1313884|cc|8|1|nan|4168,0,-1.50218e-09,1.83183e-09,0,0,0,0,0,-7.86695e-11,-2.27686e-11,0,0,0,0,False,nan|4168,1313884
130_bNAb_Combinations|1313884|sample|10|nan|4168,0,7.79432e-10,-1.15115e-09,0,0,0,0,0,1.42868e-11,-1.53497e-11,0,0,0,0,True,PGT121|4168,1313884
130_bNAb_Combinations|1313884|sample|11|nan|4168,0,1.06644e-09,2.40345e-09,0,0,0,0,0,-2.7196e-11,-1.05262e-11,0,0,0,0,True,VRC07-523LS|4168,1313884
130_bNAb_Combinations|1313884|sample|12|nan|4168,0,1.62878e-10,-1.73194e-09,0,0,0,0,0,3.54161e-11,5.04929e-12,0,0,0,0,True,VRC07-523LS|4168,1313884
130_bNAb_Combinations|1313884|sample|3|nan|4168,0,-1.52023e-09,-3.05269e-10,0,0,0,0,0,-1.72817e-11,-1.02087e-11,0,0,0,0,True,PGDM1400|4168,1313884
130_bNAb_Combinations|1313884|sample|4|nan|4168,0,3.95719e-09,4.93011e-10,0,0,0,0,0,1.25521e-10,1.2168e-12,0,0,0,0,True,PGDM1400|4168,1313884
130_bNAb_Combinations|1313884|sample|5|nan|4168,0,-2.99962e-10,-1.28704e-09,0,0,0,0,0,1.43796e-12,-2.41105e-11,0,0,0,0,True,PGDM1400|4168,1313884
130_bNAb_Combinations|1313884|sample|6|nan|4168,0,1.37375e-09,-5.29908e-09,0,0,0,0,0,3.4861e-11,1.02194e-11,0,0,0,0,True,PGDM1400|4168,1313884
130_bNAb_Combinations|1313884|sample|7|nan|4168,0,-3.47434e-09,2.3587e-09,0,0,0,0,0,2.38018e-11,-5.70766e-12,0,0,0,0,True,PGT121|4168,1313884
130_bNAb_Combinations|1313884|sample|8|nan|4168,0,2.20806e-09,1.72021e-09,0,0,0,0,0,-1.1724e-13,-3.38167e-11,0,0,0,0,True,PGT121|4168,1313884
130_bNAb_Combinations|1313884|sample|9|nan|4168,0,-4.53742e-09,-3.00713e-09,0,0,0,0,0,-8.52607e-12,-1.98088e-11,0,0,0,0,True,PGT121|4168,1313884
130_bNAb_Combinations|1313884|vc|1|2|nan|4168,0,5.53246e-09,-9.70208e-10,0,0,0,0,0,6.39133e-12,-2.76122e-11,0,0,0,0,False,nan|4168,1313884
130_bNAb_Combinations|1313884|vc|2|2|nan|4168,0,1.54223e-09,1.17503e-10,0,0,0,0,0,-2.33857e-11,3.73701e-12,0,0,0,0,False,nan|4168,1313884
130_bNAb_Combinations|1313884|vc|3|2|nan|4168,0,-4.68802e-09,-1.96357e-10,0,0,0,0,0,-3.30926e-11,2.61646e-12,0,0,0,0,False,nan|4168,1313884
130_bNAb_Combinations|1313884|vc|4|2|nan|4168,0,7.68572e-10,-1.25549e-09,0,0,0,0,0,2.54854e-11,3.14826e-12,0,0,0,0,False,nan|4168,1313884
130_bNAb_Combinations|1313884|vc|5|2|nan|4168,0,-1.01606e-09,5.17162e-10,0,0,0,0,0,-1.59188e-11,2.96164e-11,0,0,0,0,False,nan|4168,1313884
130_bNAb_Combinations|1313884|vc|6|2|nan|4168,0,7.38589e-09,1.25407e-10,0,0,0,0,0,-3.46301e-11,8.87002e-12,0,0,0,0,False,nan|4168,1313884
130_bNAb_Combinations|1313884|vc|7|2|nan|4168,0,-1.39789e-09,1.32405e-09,0,0,0,0,0,4.64286e-11,1.61793e-12,0,0,0,0,False,nan|4168,1313884
130_bNAb_Combinations|1313884|vc|8|2|nan|4168,0,2.15122e-09,-8.70282e-10,0,0,0,0,0,3.21521e-11,4.13003e-14,0,0,0,0,False,nan|4168,1313884
130_bNAb_Combinations|1313920|cc|1|1|nan|1798,0,-9.83531e-10,-9.73693e-10,0,0,0,0,0,3.79243e-11,-2.74682e-11,0,0,0,0,False,nan|1798,1313920
130_bNAb_Combinations|1313920|cc|2|1|nan|1798,0,-3.79432e-09,2.63814e-09,0,0,0,0,0,2.68852e-12,-2.93185e-11,0,0,0,0,False,nan|1798,1313920
130_bNAb_Combinations|1313920|cc|3|1|nan|1798,0,4.67976e-09,3.46628e-10,0,0,0,0,0,-2.79066e-12,1.63853e-11,0,0,0,0,False,nan|1798,1313920
130_bNAb_Combinations|1313920|cc|4|1|nan|1798,0,-5.053e-09,3.36199e-09,0,0,0,0,0,-8.27161e-12,1.56952e-11,0,0,0,0,False,nan|1798,1313920
130_bNAb_Combinations|1313920|cc|5|1|nan|1798,0,2.79193e-10,1.10578e-09,0,0,0,0,0,-6.01279e-11,2.97504e-11,0,0,0,0,False,nan|1798,1313920
130_bNAb_Combinations|1313920|cc|6|1|nan|1798,0,1.40489e-09,1.13481e-11,0,0,0,0,0,-4.80753e-11,-1.81575e-11,0,0,0,0,False,nan|1798,1313920
130_bNAb_Combinations|1313920|cc|7|1|nan|1798,0,-4.11392e-09,-1.93079e-09,0,0,0,0,0,-1.54099e-12,1.7653e-11,0,0,0,0,False,nan|1798,1313920
130_bNAb_Combinations|1313920|cc|8|1|nan|1798,0,7.30345e-09,-6.10956e-10,0,0,0,0,0,5.52181e-11,-1.56122e-11,0,0,0,0,False,nan|1798,1313920
130_bNAb_Combinations|1313920|sample|10|nan|1798,0,3.34698e-10,-2.08576e-09,0,0,0,0,0,6.30225e-11,4.62672e-11,0,0,0,0,True,PGT121|1798,1313920
130_bNAb_Combinations|1313920|sample|11|nan|1798,0,-1.3995e-09,8.61946e-10,0,0,0,0,0,-8.04512e-12,4.04197e-11,0,0,0,0,True,VRC07-523LS|1798,1313920
130_bNAb_Combinations|1313920|sample|12|nan|1798,0,-2.83197e-09,-9.53891e-11,0,0,0,0,0,-7.21254e-11,-2.71472e-12,0,0,0,0,True,VRC07-523LS|1798,1313920
130_bNAb_Combinations|1313920|sample|3|nan|1798,0,2.21311e-09,3.40857e-09,0,0,0,0,0,4.8912e-12,2.03784e-11,0,0,0,0,True,PGDM1400|1798,1313920
130_bNAb_Combinations|1313920|sample|4|nan|1798,0,-1.90636e-09,2.38904e-09,0,0,0,0,0,1.21538e-11,3.14033e-11,0,0,0,0,True,PGDM1400|1798,1313920
130_bNAb_Combinations|1313920|sample|5|nan|1798,0,4.46026e-09,-1.98096e-09,0,0,0,0,0,-2.79705e-11,1.43401e-11,0,0,0,0,True,PGDM1400|1798,1313920
130_bNAb_Combinations|1313920|sample|6|nan|1798,0,1.82728e-09,1.80157e-09,0,0,0,0,0,1.54763e-11,-1.5673e-11,0,0,0,0,True,PGDM1400|1798,1313920
130_bNAb_Combinations|1313920|sample|7|nan|1798,0,-2.75336e-09,4.48845e-10,0,0,0,0,0,-5.69589e-11,-2.01672e-11,0,0,0,0,True,PGT121|1798,1313920
130_bNAb_Combinations|1313920|sample|8|nan|1798,0,3.98744e-09,-1.17402e-11,0,0,0,0,0,-3.78524e-11,2.15217e-11,0,0,0,0,True,PGT121|1798,1313920
130_bNAb_Combinations|1313920|sample|9|nan|1798,0,5.66507e-09,-1.81201e-11,0,0,0,0,0,7.00062e-12,-2.11855e-11,0,0,0,0,True,PGT121|1798,1313920
130_bNAb_Combinations|1313920|vc|1|2|nan|1798,0,-3.31907e-09,-1.34857e-09,0,0,0,0,0,-2.17497e-11,-4.9043e-12,0,0,0,0,False,nan|1798,1313920
130_bNAb_Combinations|1313920|vc|2|2|nan|1798,0,-3.58627e-10,-3.11259e-09,0,0,0,0,0,1.69083e-11,1.65332e-11,0,0,0,0,False,nan|1798,1313920
130_bNAb_Combinations|1313920|vc|3|2|nan|1798,0,-2.01189e-10,3.22693e-10,0,0,0,0,0,2.5703e-11,5.13967e-12,0,0,0,0,False,nan|1798,1313920
130_bNAb_Combinations|1313920|vc|4|2|nan|1798,0,-3.13487e-09,-3.41008e-09,0,0,0,0,0,2.12763e-11,1.27405e-11,0,0,0,0,False,nan|1798,1313920
130_bNAb_Combinations|1313920|vc|5|2|nan|1798,0,5.08671e-10,4.37583e-09,0,0,0,0,0,1.86029e-11,8.44413e-12,0,0,0,0,False,nan|1798,1313920
130_bNAb_Combinations|1313920|vc|6|2|nan|1798,0,-3.25325e-09,-1.9882e-09,0,0,0,0,0,1.84199e-11,2.37386e-11,0,0,0,0,False,nan|1798,1313920
130_bNAb_Combinations|1313920|vc|7|2|nan|1798,0,-9.35036e-10,-1.32566e-09,0,0,0,0,0,3.03144e-11,-1.40381e-11,0,0,0,0,False,nan|1798,1313920
130_bNAb_Combinations|1313920|vc|8|2|nan|1798,0,2.55475e-09,1.38681e-09,0,0,0,0,0,1.80531e-11,2.02971e-11,0,0,0,0,False,nan|1798,1313920
130_bNAb_Combinations|1313938|cc|1|1|TRO.11|8301,0,4.12014e-09,7.97815e-10,0,0,0,0,0,-2.86278e-11,1.16684e-12,0,0,0,0,False,nan|TRO.11,1313938
130_bNAb_Combinations|1313938|cc|2|1|TRO.11|8301,0,-2.35385e-09,-1.34893e-09,0,0,0,0,0,2.63585e-11,5.44764e-12,0,0,0,0,False,nan|TRO.11,1313938
130_bNAb_Combinations|1313938|cc|3|1|TRO.11|8301,0,-4.68328e-09,5.28009e-10,0,0,0,0,0,-2.57052e-11,-8.00493e-12,0,0,0,0,False,nan|TRO.11,1313938
130_bNAb_Combinations|1313938|cc|4|1|TRO.11|8301,0,-5.29187e-09,-1.62183e-09,0,0,0,0,0,1.87406e-12,1.28448e-11,0,0,0,0,False,nan|TRO.11,1313938
130_bNAb_Combinations|1313938|cc|5|1|TRO.11|8301,0,9.96079e-10,-4.62619e-10,0,0,0,0,0,3.69158e-11,3.71301e-11,0,0,0,0,False,nan|TRO.11,1313938
130_bNAb_Combinations|1313938|cc|6|1|TRO.11|8301,0,-6.00798e-09,3.68306e-10,0,0,0,0,0,-2.8745e-11,2.07436e-11,0,0,0,0,False,nan|TRO.11,1313938
130_bNAb_Combinations|1313938|cc|7|1|TRO.11|8301,0,-2.83786e-09,2.09911e-09,0,0,0,0,0,3.74483e-11,-2.00553e-11,0,0,0,0,False,nan|TRO.11,1313938
130_bNAb_Combinations|1313938|cc|8|1|TRO.11|8301,0,-4.95505e-09,-2.11548e-09,0,0,0,0,0,-4.42899e-11,-8.87157e-12,0,0,0,0,False,nan|TRO.11,1313938
130_bNAb_Combinations|1313938|sample|10|TRO.11|8301,0,-1.16863e-09,-1.2997e-09,0,0,0,0,0,6.3185e-12,-1.046e-11,0,0,0,0,True,PGT121|TRO.11,1313938
130_bNAb_Combinations|1313938|sample|11|TRO.11|8301,0,3.19997e-09,-2.42495e-09,0,0,0,0,0,2.64189e-11,1.14471e-11,0,0,0,0,True,VRC07-523LS|TRO.11,1313938
130_bNAb_Combinations|1313938|sample|12|TRO.11|8301,0,2.81041e-10,5.76988e-10,0,0,0,0,0,3.04432e-11,6.4837e-14,0,0,0,0,True,VRC07-523LS|TRO.11,1313938
130_bNAb_Combinations|1313938|sample|3|TRO.11|8301,0,-3.74431e-09,-1.91288e-10,0,0,0,0,0,1.15623e-11,-1.8082e-11,0,0,0,0,True,PGDM1400|TRO.11,1313938
130_bNAb_Combinations|1313938|sample|4|TRO.11|8301,0,-1.4037e-09,-1.99982e-09,0,0,0,0,0,3.84262e-11,1.89049e-12,0,0,0,0,True,PGDM1400|TRO.11,1313938
130_bNAb_Combinations|1313938|sample|5|TRO.11|8301,0,9.10367e-10,1.91979e-09,0,0,0,0,0,2.81695e-11,1.28155e-11,0,0,0,0,True,PGDM1400|TRO.11,1313938
130_bNAb_Combinations|1313938|sample|6|TRO.11|8301,0,3.52167e-09,-1.33768e-09,0,0,0,0,0,-2.67946e-11,-1.31126e-11,0,0,0,0,True,PGDM1400|TRO.11,1313938
130_bNAb_Combinations|1313938|sample|7|TRO.11|8301,0,-3.01033e-10,1.38876e-09,0,0,0,0,0,6.39204e-11,8.76255e-12,0,0,0,0,True,PGT121|TRO.11,1313938
130_bNAb_Combinations|1313938|sample|8|TRO.11|8301,0,-6.38039e-10,-4.65656e-10,0,0,0,0,0,7.52109e-12,1.56035e-11,0,0,0,0,True,PGT121|TRO.11,1313938
130_bNAb_Combinations|1313938|sample|9|TRO.11|8301,0,1.23524e-11,-1.74389e-09,0,0,0,0,0,9.75398e-12,8.1648e-12,0,0,0,0,True,PGT121|TRO.11,1313938
130_bNAb_Combinations|1313938|vc|1|2|TRO.11|8301,0,-1.7107e-09,-3.92329e-09,0,0,0,0,0,-2.14979e-11,1.69067e-11,0,0,0,0,False,nan|TRO.11,1313938
130_bNAb_Combinations|1313938|vc|2|2|TRO.11|8301,0,-1.43971e-09,9.10649e-10,0,0,0,0,0,3.90901e-11,3.01581e-11,0,0,0,0,False,nan|TRO.11,1313938
130_bNAb_Combinations|1313938|vc|3|2|TRO.11|8301,0,7.65755e-10,2.27565e-09,0,0,0,0,0,-2.68865e-11,-2.66787e-12,0,0,0,0,False,nan|TRO.11,1313938
130_bNAb_Combinations|1313938|vc|4|2|TRO.11|8301,0,1.08897e-09,-3.58615e-10,0,0,0,0,0,5.72342e-11,8.41771e-13,0,0,0,0,False,nan|TRO.11,1313938
130_bNAb_Combinations|1313938|vc|5|2|TRO.11|8301,0,-8.74794e-10,-2.58395e-10,0,0,0,0,0,3.75699e-12,-1.05695e-11,0,0,0,0,False,nan|TRO.11,1313938
130_bNAb_Combinations|1313938|vc|6|2|TRO.11|8301,0,-4.70837e-09,1.95794e-09,0,0,0,0,0,2.38276e-11,-1.68909e-12,0,0,0,0,False,nan|TRO.11,1313938
130_bNAb_Combinations|1313938|vc|7|2|TRO.11|8301,0,-1.71708e-09,1.19803e-09,0,0,0,0,0,-2.89209e-11,8.90266e-12,0,0,0,0,False,nan|TRO.11,1313938
130_bNAb_Combinations|1313938|vc|8|2|TRO.11|8301,0,-4.69511e-09,2.15442e-09,0,0,0,0,0,3.28333e-11,3.67417e-12,0,0,0,0,False,nan|TRO.11,1313938
130_bNAb_Combinations|1313956|cc|1|1|Ce1176_A3|7023,0,-5.27535e-09,-7.14444e-10,0,0,0,0,0,-3.34892e-11,-1.73372e-12,0,0,0,0,False,nan|Ce1176_A3,1313956
130_bNAb_Combinations|1313956|cc|2|1|Ce1176_A3|7023,0,2.58539e-09,-1.34341e-09,0,0,0,0,0,-2.28386e-11,-1.74256e-11,0,0,0,0,False,nan|Ce1176_A3,1313956
130_bNAb_Combinations|1313956|cc|3|1|Ce1176_A3|7023,0,-1.60752e-09,-5.42954e-10,0,0,0,0,0,5.66258e-12,1.37779e-11,0,0,0,0,False,nan|Ce1176_A3,1313956
130_bNAb_Combinations|1313956|cc|4|1|Ce1176_A3|7023,0,3.69511e-09,2.57228e-09,0,0,0,0,0,-4.08473e-12,-1.42353e-11,0,0,0,0,False,nan|Ce1176_A3,1313956
130_bNAb_Combinations|1313956|cc|5|1|Ce1176_A3|7023,0,7.34254e-10,4.74354e-10,0,0,0,0,0,-1.35065e-11,-4.96647e-12,0,0,0,0,False,nan|Ce1176_A3,1313956
130_bNAb_Combinations|1313956|cc|6|1|Ce1176_A3|7023,0,2.6822e-09,2.61247e-10,0,0,0,0,0,2.86287e-11,-1.27278e-11,0,0,0,0,False,nan|Ce1176_A3,1313956
130_bNAb_Combinations|1313956|cc|7|1|Ce1176_A3|7023,0,-4.58566e-09,5.28234e-10,0,0,0,0,0,6.35447e-11,-3.01248e-12,0,0,0,0,False,nan|Ce1176_A3,1313956
130_bNAb_Combinations|1313956|cc|8|1|Ce1176_A3|7023,0,2.60311e-09,-1.3218e-09,0,0,0,0,0,-1.55378e-11,-1.21934e-11,0,0,0,0,False,nan|Ce1176_A3,1313956
130_bNAb_Combinations|1313956|sample|10|Ce1176_A3|7023,0,-2.43979e-09,1.30981e-09,0,0,0,0,0,-4.1763e-11,8.1255e-12,0,0,0,0,True,PGT121|Ce1176_A3,1313956
130_bNAb_Combinations|1313956|sample|11|Ce1176_A3|7023,0,-3.45946e-09,6.39478e-10,0,0,0,0,0,1.54845e-11,-3.78493e-11,0,0,0,0,True,VRC07-523LS|Ce1176_A3,1313956
130_bNAb_Combinations|1313956|sample|12|Ce1176_A3|7023,0,2.89089e-09,-4.41836e-09,0,0,0,0,0,2.5846e-11,-1.76659e-11,0,0,0,0,True,VRC07-523LS|Ce1176_A3,1313956
130_bNAb_Combinations|1313956|sample|3|Ce1176_A3|7023,0,2.77818e-09,-2.87758e-10,0,0,0,0,0,2.25597e-13,-1.84128e-11,0,0,0,0,True,PGDM1400|Ce1176_A3,1313956
130_bNAb_Combinations|1313956|sample|4|Ce1176_A3|7023,0,7.27759e-10,-1.2244e-09,0,0,0,0,0,-2.56239e-11,1.40687e-11,0,0,0,0,True,PGDM1400|Ce1176_A3,1313956
130_bNAb_Combinations|1313956|sample|5|Ce1176_A3|7023,0,1.53341e-10,5.04787e-09,0,0,0,0,0,-1.95444e-11,-8.89244e-12,0,0,0,0,True,PGDM1400|Ce1176_A3,1313956
130_bNAb_Combinations|1313956|sample|6|Ce1176_A3|7023,0,-2.02511e-09,1.64761e-09,0,0,0,0,0,7.54792e-11,2.11582e-11,0,0,0,0,True,PGDM1400|Ce1176_A3,1313956
130_bNAb_Combinations|1313956|sample|7|Ce1176_A3|7023,0,-8.08909e-10,-1.5123e-09,0,0,0,0,0,-3.70379e-11,9.01712e-12,0,0,0,0,True,PGT121|Ce1176_A3,1313956
130_bNAb_Combinations|1313956|sample|8|Ce1176_A3|7023,0,-3.73622e-09,6.12488e-10,0,0,0,0,0,-4.76064e-13,-2.4577e-11,0,0,0,0,True,PGT121|Ce1176_A3,1313956
130_bNAb_Combinations|1313956|sample|9|Ce1176_A3|7023,0,-1.73752e-09,1.54373e-09,0,0,0,0,0,-4.07407e-11,-6.03961e-14,0,0,0,0,True,PGT121|Ce1176_A3,1313956
130_bNAb_Combinations|1313956|vc|1|2|Ce1176_A3|7023,0,4.95992e-09,-2.44322e-09,0,0,0,0,0,-1.81459e-11,-3.05833e-11,0,0,0,0,False,nan|Ce1176_A3,1313956
130_bNAb_Combinations|1313956|vc|2|2|Ce1176_A3|7023,0,6.31467e-09,4.36927e-10,0,0,0,0,0,1.1136e-11,-1.98979e-11,0,0,0,0,False,nan|Ce1176_A3,1313956
130_bNAb_Combinations|1313956|vc|3|2|Ce1176_A3|7023,0,-7.17777e-09,2.33742e-09,0,0,0,0,0,2.12452e-12,3.48352e-11,0,0,0,0,False,nan|Ce1176_A3,1313956
130_bNAb_Combinations|1313956|vc|4|2|Ce1176_A3|7023,0,-3.89422e-09,5.78346e-10,0,0,0,0,0,1.85856e-11,-5.19451e-12,0,0,0,0,False,nan|Ce1176_A3,1313956
130_bNAb_Combinations|1313956|vc|5|2|Ce1176_A3|7023,0,-1.75421e-09,-8.15134e-11,0,0,0,0,0,1.13715e-10,-5.13634e-12,0,0,0,0,False,nan|Ce1176_A3,1313956
130_bNAb_Combinations|1313956|vc|6|2|Ce1176_A3|7023,0,1.15803e-09,2.45166e-10,0,0,0,0,0,3.68416e-11,1.30838e-11,0,0,0,0,False,nan|Ce1176_A3,1313956
130_bNAb_Combinations|1313956|vc|7|2|Ce1176_A3|7023,0,5.38986e-09,-5.50055e-10,0,0,0,0,0,7.13509e-11,-1.05747e-11,0,0,0,0,False,nan|Ce1176_A3,1313956
130_bNAb_Combinations|1313956|vc|8|2|Ce1176_A3|7023,0,-2.76509e-09,2.57824e-09,0,0,0,0,0,-2.1581e-11,-1.03633e-11,0,0,0,0,False,nan|Ce1176_A3,1313956
130_bNAb_Combinations|1313974|cc|1|1|nan|1176,0,5.98996e-09,2.3599e-09,0,0,0,0,0,-3.5616e-12,-1.91451e-11,0,0,0,0,False,nan|1176,1313974
130_bNAb_Combinations|1313974|cc|2|1|nan|1176,0,4.12968e-09,6.46487e-10,0,0,0,0,0,-7.74847e-12,1.46549e-11,0,0,0,0,False,nan|1176,1313974
130_bNAb_Combinations|1313974|cc|3|1|nan|1176,0,2.13071e-09,1.39195e-10,0,0,0,0,0,-3.49871e-11,1.33804e-11,0,0,0,0,False,nan|1176,1313974
130_bNAb_Combinations|1313974|cc|4|1|nan|1176,0,-4.50822e-09,1.02458e-10,0,0,0,0,0,4.98872e-11,-8.058e-12,0,0,0,0,False,nan|1176,1313974
130_bNAb_Combinations|1313974|cc|5|1|nan|1176,0,1.18168e-09,3.67925e-09,0,0,0,0,0,4.72511e-11,-6.95222e-12,0,0,0,0,False,nan|1176,1313974
130_bNAb_Combinations|1313974|cc|6|1|nan|1176,0,-8.21596e-10,3.6496e-10,0,0,0,0,0,-1.25997e-11,2.09748e-11,0,0,0,0,False,nan|1176,1313974
130_bNAb_Combinations|1313974|cc|7|1|nan|1176,0,-1.99698e-09,-4.29076e-09,0,0,0,0,0,-4.82379e-11,-2.20457e-11,0,0,0,0,False,nan|1176,1313974
130_bNAb_Combinations|1313974|cc|8|1|nan|1176,0,3.41134e-09,3.58676e-10,0,0,0,0,0,3.25127e-11,-3.60045e-12,0,0,0,0,False,nan|1176,1313974
130_bNAb_Combinations|1313974|sample|10|nan|1176,0,-3.4512e-09,5.57308e-10,0,0,0,0,0,-2.11353e-11,-5.74918e-12,0,0,0,0,True,PGT121|1176,1313974
130_bNAb_Combinations|1313974|sample|11|nan|1176,0,-2.05739e-09,2.26138e-09,0,0,0,0,0,1.75175e-11,2.3026e-11,0,0,0,0,True,VRC07-523LS|1176,1313974
130_bNAb_Combinations|1313974|sample|12|nan|1176,0,-2.70811e-09,-2.81216e-10,0,0,0,0,0,-1.69935e-11,1.78129e-11,0,0,0,0,True,VRC07-523LS|1176,1313974
130_bNAb_Combinations|1313974|sample|3|nan|1176,0,3.94985e-10,4.50914e-09,0,0,0,0,0,-5.83231e-11,-6.00298e-12,0,0,0,0,True,PGDM1400|1176,1313974
130_bNAb_Combinations|1313974|sample|4|nan|1176,0,-1.94483e-09,1.40872e-09,0,0,0,0,0,-7.0588e-12,-1.61342e-11,0,0,0,0,True,PGDM1400|1176,1313974
130_bNAb_Combinations|1313974|sample|5|nan|1176,0,-1.97517e-09,3.07725e-09,0,0,0,0,0,-1.37215e-11,2.78662e-11,0,0,0,0,True,PGDM1400|1176,1313974
130_bNAb_Combinations|1313974|sample|6|nan|1176,0,2.04301e-09,4.29354e-09,0,0,0,0,0,-2.15414e-11,9.49907e-12,0,0,0,0,True,PGDM1400|1176,1313974
130_bNAb_Combinations|1313974|sample|7|nan|1176,0,4.35164e-10,-1.33755e-09,0,0,0,0,0,3.22891e-11,-3.98481e-12,0,0,0,0,True,PGT121|1176,1313974
130_bNAb_Combinations|1313974|sample|8|nan|1176,0,3.05506e-09,-1.63744e-09,0,0,0,0,0,-3.68003e-11,-2.49454e-11,0,0,0,0,True,PGT121|1176,1313974
130_bNAb_Combinations|1313974|sample|9|nan|1176,0,2.29322e-10,-2.06934e-09,0,0,0,0,0,-5.02247e-11,-2.10143e-12,0,0,0,0,True,PGT121|1176,1313974
130_bNAb_Combinations|1313974|vc|1|2|nan|1176,0,-2.45207e-09,-2.69432e-09,0,0,0,0,0,2.40163e-11,4.25084e-11,0,0,0,0,False,nan|1176,1313974
130_bNAb_Combinations|1313974|vc|2|2|nan|1176,0,2.88899e-09,-8.24075e-10,0,0,0,0,0,1.62981e-11,1.61391e-11,0,0,0,0,False,nan|1176,1313974
130_bNAb_Combinations|1313974|vc|3|2|nan|1176,0,1.55707e-09,1.22435e-09,0,0,0,0,0,-3.7506e-11,3.63034e-11,0,0,0,0,False,nan|1176,1313974
130_bNAb_Combinations|1313974|vc|4|2|nan|1176,0,-2.50996e-11,-2.41018e-09,0,0,0,0,0,-6.98819e-12,-1.1251e-11,0,0,0,0,False,nan|1176,1313974
130_bNAb_Combinations|1313974|vc|5|2|nan|1176,0,2.13453e-09,-2.96419e-09,0,0,0,0,0,3.15392e-11,3.61422e-12,0,0,0,0,False,nan|1176,1313974
130_bNAb_Combinations|1313974|vc|6|2|nan|1176,0,-2.93963e-09,1.50178e-09,0,0,0,0,0,-1.45723e-11,-2.77351e-11,0,0,0,0,False,nan|1176,1313974
130_bNAb_Combinations|1313974|vc|7|2|nan|1176,0,9.54485e-10,-2.20051e-10,0,0,0,0,0,-2.80638e-11,-1.38425e-11,0,0,0,0,False,nan|1176,1313974
130_bNAb_Combinations|1313974|vc|8|2|nan|1176,0,-6.92059e-09,1.45291e-09,0,0,0,0,0,4.09361e-11,-6.26077e-12,0,0,0,0,False,nan|1176,1313974
130_bNAb_Combinations|1313992|cc|1|1|RHPA4259.7|5371,0,5.61489e-10,-1.48151e-09,0,0,0,0,0,5.04965e-11,1.1111e-11,0,0,0,0,False,nan|RHPA4259.7,1313992
130_bNAb_Combinations|1313992|cc|2|1|RHPA4259.7|5371,0,-2.91907e-09,1.61463e-09,0,0,0,0,0,-4.24487e-11,1.94859e-11,0,0,0,0,False,nan|RHPA4259.7,1313992
130_bNAb_Combinations|1313992|cc|3|1|RHPA4259.7|5371,0,3.27146e-09,2.99935e-09,0,0,0,0,0,-9.12026e-12,-1.87989e-11,0,0,0,0,False,nan|RHPA4259.7,1313992
130_bNAb_Combinations|1313992|cc|4|1|RHPA4259.7|5371,0,-3.53019e-09,2.05014e-09,0,0,0,0,0,3.94302e-11,-3.06194e-11,0,0,0,0,False,nan|RHPA4259.7,1313992
130_bNAb_Combinations|1313992|cc|5|1|RHPA4259.7|5371,0,1.83947e-11,4.38676e-09,0,0,0,0,0,-4.04663e-11,2.5614e-12,0,0,0,0,False,nan|RHPA4259.7,1313992
130_bNAb_Combinations|1313992|cc|6|1|RHPA4259.7|5371,0,-3.9152e-09,-2.43046e-09,0,0,0,0,0,4.96643e-11,5.70821e-12,0,0,0,0,False,nan|RHPA4259.7,1313992
130_bNAb_Combinations|1313992|cc|7|1|RHPA4259.7|5371,0,-1.78413e-09,1.79166e-09,0,0,0,0,0,1.49978e-11,-4.87255e-12,0,0,0,0,False,nan|RHPA4259.7,1313992
130_bNAb_Combinations|1313992|cc|8|1|RHPA4259.7|5371,0,2.04979e-09,-5.61353e-11,0,0,0,0,0,6.72116e-11,-1.02885e-11,0,0,0,0,False,nan|RHPA4259.7,1313992
130_bNAb_Combinations|1313992|sample|10|RHPA4259.7|5371,0,-1.5664e-09,2.10818e-09,0,0,0,0,0,-3.15152e-11,-2.50906e-11,0,0,0,0,True,PGT121|RHPA4259.7,1313992
130_bNAb_Combinations|1313992|sample|11|RHPA4259.7|5371,0,-4.70309e-11,-1.2584e-09,0,0,0,0,0,1.59419e-11,5.12712e-12,0,0,0,0,True,VRC07-523LS|RHPA4259.7,1313992
130_bNAb_Combinations|1313992|sample|12|RHPA4259.7|5371,0,1.44656e-10,1.07174e-09,0,0,0,0,0,-2.60192e-11,-2.89102e-12,0,0,0,0,True,VRC07-523LS|RHPA4259.7,1313992
130_bNAb_Combinations|1313992|sample|3|RHPA4259.7|5371,0,4.27767e-09,-2.32267e-10,0,0,0,0,0,-8.97593e-12,1.34017e-11,0,0,0,0,True,PGDM1400|RHPA4259.7,1313992
130_bNAb_Combinations|1313992|sample|4|RHPA4259.7|5371,0,-1.08166e-09,-1.47782e-10,0,0,0,0,0,5.65867e-11,1.90132e-11,0,0,0,0,True,PGDM1400|RHPA4259.7,1313992
130_bNAb_Combinations|1313992|sample|5|RHPA4259.7|5371,0,1.24775e-09,7.88824e-10,0,0,0,0,0,4.11475e-11,2.27685e-12,0,0,0,0,True,PGDM1400|RHPA4259.7,1313992
130_bNAb_Combinations|1313992|sample|6|RHPA4259.7|5371,0,3.16643e-09,-1.50502e-10,0,0,0,0,0,1.51372e-11,-3.03775e-11,0,0,0,0,True,PGDM1400|RHPA4259.7,1313992
130_bNAb_Combinations|1313992|sample|7|RHPA4259.7|5371,0,-3.914e-09,-5.41371e-11,0,0,0,0,0,-4.52216e-11,-6.24334e-12,0,0,0,0,True,PGT121|RHPA4259.7,1313992
130_bNAb_Combinations|1313992|sample|8|RHPA4259.7|5371,0,-2.55015e-09,-1.45281e-09,0,0,0,0,0,5.98739e-11,4.31548e-11,0,0,0,0,True,PGT121|RHPA4259.7,1313992
130_bNAb_Combinations|1313992|sample|9|RHPA4259.7|5371,0,3.65312e-09,-8.86041e-11,0,0,0,0,0,4.68123e-11,1.68701e-11,0,0,0,0,True,PGT121|RHPA4259.7,1313992
130_bNAb_Combinations|1313992|vc|1|2|RHPA4259.7|5371,0,2.5356e-09,-1.93147e-09,0,0,0,0,0,5.99965e-12,2.98472e-11,0,0,0,0,False,nan|RHPA4259.7,1313992
130_bNAb_Combinations|1313992|vc|2|2|RHPA4259.7|5371,0,-4.55313e-09,-2.11787e-09,0,0,0,0,0,1.23537e-11,8.76643e-12,0,0,0,0,False,nan|RHPA4259.7,1313992
130_bNAb_Combinations|1313992|vc|3|2|RHPA4259.7|5371,0,-3.945e-09,4.21392e-10,0,0,0,0,0,3.14211e-11,-6.37901e-12,0,0,0,0,False,nan|RHPA4259.7,1313992
130_bNAb_Combinations|1313992|vc|4|2|RHPA4259.7|5371,0,-1.03253e-08,1.95668e-09,0,0,0,0,0,-2.30762e-11,-1.01991e-11,0,0,0,0,False,nan|RHPA4259.7,1313992
130_bNAb_Combinations|1313992|vc|5|2|RHPA4259.7|5371,0,3.21681e-09,9.16271e-10,0,0,0,0,0,-2.12288e-11,2.71286e-11,0,0,0,0,False,nan|RHPA4259.7,1313992
130_bNAb_Combinations|1313992|vc|6|2|RHPA4259.7|5371,0,-5.7911e-09,-4.23869e-09,0,0,0,0,0,3.81482e-11,-1.50785e-11,0,0,0,0,False,nan|RHPA4259.7,1313992
130_bNAb_Combinations|1313992|vc|7|2|RHPA4259.7|5371,0,-5.53513e-09,-2.38181e-10,0,0,0,0,0,-2.08074e-11,-6.25189e-12,0,0,0,0,False,nan|RHPA4259.7,1313992
130_bNAb_Combinations|1313992|vc|8|2|RHPA4259.7|5371,0,2.61974e-09,-2.44049e-09,0,0,0,0,0,-1.19353e-11,1.35583e-11,0,0,0,0,False,nan|RHPA4259.7,1313992
130_bNAb_Combinations|1314016|cc|1|1|nan|3430,0,2.0929e-09,1.73332e-09,0,0,0,0,0,2.3423e-11,1.16178e-11,0,0,0,0,False,nan|3430,1314016
130_bNAb_Combinations|1314016|cc|2|1|nan|3430,0,-6.4026e-09,3.45936e-09,0,0,0,0,0,-2.23803e-11,1.86091e-11,0,0,0,0,False,nan|3430,1314016
130_bNAb_Combinations|1314016|cc|3|1|nan|3430,0,1.5449e-09,5.85246e-10,0,0,0,0,0,-3.99307e-11,-3.83138e-12,0,0,0,0,False,nan|3430,1314016
130_bNAb_Combinations|1314016|cc|4|1|nan|3430,0,2.16271e-09,-2.33279e-11,0,0,0,0,0,-3.4992e-11,-7.52909e-12,0,0,0,0,False,nan|3430,1314016
130_bNAb_Combinations|1314016|cc|5|1|nan|3430,0,-2.91401e-09,6.76662e-10,0,0,0,0,0,-5.88107e-12,2.92222e-11,0,0,0,0,False,nan|3430,1314016
130_bNAb_Combinations|1314016|cc|6|1|nan|3430,0,2.74669e-09,-1.56484e-09,0,0,0,0,0,3.26938e-11,-2.55267e-11,0,0,0,0,False,nan|3430,1314016
130_bNAb_Combinations|1314016|cc|7|1|nan|3430,0,9.60927e-10,7.26799e-11,0,0,0,0,0,-5.24856e-11,1.74651e-11,0,0,0,0,False,nan|3430,1314016
130_bNAb_Combinations|1314016|cc|8|1|nan|3430,0,3.61388e-09,-3.5166e-09,0,0,0,0,0,1.17444e-11,3.83071e-12,0,0,0,0,False,nan|3430,1314016
130_bNAb_Combinations|1314016|sample|10|nan|3430,0,-3.89034e-09,-3.29839e-10,0,0,0,0,0,2.63842e-11,2.50859e-11,0,0,0,0,True,PGT121|3430,1314016
130_bNAb_Combinations|1314016|sample|11|nan|3430,0,7.40788e-09,-1.3463e-09,0,0,0,0,0,-4.61045e-11,1.30658e-11,0,0,0,0,True,VRC07-523LS|3430,1314016
130_bNAb_Combinations|1314016|sample|12|nan|3430,0,4.74053e-10,-4.69614e-10,0,0,0,0,0,-2.4647e-12,4.60496e-11,0,0,0,0,True,VRC07-523LS|3430,1314016
130_bNAb_Combinations|1314016|sample|3|nan|3430,0,3.92252e-09,-5.9181e-10,0,0,0,0,0,-4.83507e-11,-6.05138e-12,0,0,0,0,True,PGDM1400|3430,1314016
130_bNAb_Combinations|1314016|sample|4|nan|3430,0,-4.22956e-09,-1.48116e-10,0,0,0,0,0,-3.26459e-11,2.04647e-12,0,0,0,0,True,PGDM1400|3430,1314016
130_bNAb_Combinations|1314016|sample|5|nan|3430,0,2.40673e-09,-6.37822e-11,0,0,0,0,0,3.18687e-11,-1.11677e-11,0,0,0,0,True,PGDM1400|3430,1314016
130_bNAb_Combinations|1314016|sample|6|nan|3430,0,-3.54325e-09,-7.13892e-10,0,0,0,0,0,-7.93143e-13,-1.52403e-11,0,0,0,0,True,PGDM1400|3430,1314016
130_bNAb_Combinations|1314016|sample|7|nan|3430,0,4.30261e-09,3.30412e-09,0,0,0,0,0,1.49729e-11,-2.00611e-11,0,0,0,0,True,PGT121|3430,1314016
130_bNAb_Combinations|1314016|sample|8|nan|3430,0,-1.6737e-09,4.3363e-09,0,0,0,0,0,-3.27329e-11,-2.43341e-11,0,0,0,0,True,PGT121|3430,1314016
130_bNAb_Combinations|1314016|sample|9|nan|3430,0,2.51423e-09,1.19289e-09,0,0,0,0,0,6.00444e-11,4.25149e-12,0,0,0,0,True,PGT121|3430,1314016
130_bNAb_Combinations|1314016|vc|1|2|nan|3430,0,5.35568e-09,2.15383e-09,0,0,0,0,0,2.30065e-11,1.05735e-11,0,0,0,0,False,nan|3430,1314016
130_bNAb_Combinations|1314016|vc|2|2|nan|3430,0,-3.16095e-09,2.08123e-09,0,0,0,0,0,1.43339e-11,-2.05462e-11,0,0,0,0,False,nan|3430,1314016
130_bNAb_Combinations|1314016|vc|3|2|nan|3430,0,8.5658e-09,3.72876e-09,0,0,0,0,0,-2.22578e-11,3.20388e-11,0,0,0,0,False,nan|3430,1314016
130_bNAb_Combinations|1314016|vc|4|2|nan|3430,0,-2.42038e-09,2.48468e-09,0,0,0,0,0,-3.86784e-11,-9.19775e-12,0,0,0,0,False,nan|3430,1314016
130_bNAb_Combinations|1314016|vc|5|2|nan|3430,0,5.55551e-09,-4.01042e-10,0,0,0,0,0,1.50382e-11,-1.78726e-11,0,0,0,0,False,nan|3430,1314016
130_bNAb_Combinations|1314016|vc|6|2|nan|3430,0,2.24068e-09,-9.40227e-10,0,0,0,0,0,-4.43934e-11,1.28697e-11,0,0,0,0,False,nan|3430,1314016
130_bNAb_Combinations|1314016|vc|7|2|nan|3430,0,-3.81099e-09,-1.01296e-09,0,0,0,0,0,3.89235e-11,-1.17313e-11,0,0,0,0,False,nan|3430,1314016
130_bNAb_Combinations|1314016|vc|8|2|nan|3430,0,1.62929e-10,8.36152e-11,0,0,0,0,0,3.39773e-12,1.63354e-11,0,0,0,0,False,nan|3430,1314016
130_bNAb_Combinations|1314040|cc|1|1|nan|4166,0,1.20057e-09,-4.36894e-11,0,0,0,0,0,-2.31757e-11,2.98781e-11,0,0,0,0,False,nan|4166,1314040
130_bNAb_Combinations|1314040|cc|2|1|nan|4166,0,2.96923e-09,-9.21133e-10,0,0,0,0,0,-5.1712e-11,-3.05891e-11,0,0,0,0,False,nan|4166,1314040
130_bNAb_Combinations|1314040|cc|3|1|nan|4166,0,-2.38232e-09,1.50233e-09,0,0,0,0,0,-3.67026e-11,8.76743e-12,0,0,0,0,False,nan|4166,1314040
130_bNAb_Combinations|1314040|cc|4|1|nan|4166,0,1.13828e-09,1.46942e-09,0,0,0,0,0,-2.53215e-11,-4.66214e-11,0,0,0,0,False,nan|4166,1314040
130_bNAb_Combinations|1314040|cc|5|1|nan|4166,0,-1.41381e-09,-3.42519e-09,0,0,0,0,0,-3.37019e-11,5.973e-14,0,0,0,0,False,nan|4166,1314040
130_bNAb_Combinations|1314040|cc|6|1|nan|4166,0,-2.41682e-11,2.6992e-09,0,0,0,0,0,1.3467e-11,-1.93501e-11,0,0,0,0,False,nan|4166,1314040
130_bNAb_Combinations|1314040|cc|7|1|nan|4166,0,5.30225e-10,2.15977e-10,0,0,0,0,0,-2.97953e-11,1.59941e-11,0,0,0,0,False,nan|4166,1314040
130_bNAb_Combinations|1314040|cc|8|1|nan|4166,0,9.16812e-10,2.8539e-09,0,0,0,0,0,-3.90901e-11,-1.44047e-11,0,0,0,0,False,nan|4166,1314040
130_bNAb_Combinations|1314040|sample|10|nan|4166,0,-5.71553e-09,2.5907e-09,0,0,0,0,0,1.39337e-11,1.60334e-11,0,0,0,0,True,PGT121|4166,1314040
130_bNAb_Combinations|1314040|sample|11|nan|4166,0,9.88792e-10,-1.17553e-09,0,0,0,0,0,4.34444e-11,1.78813e-12,0,0,0,0,True,VRC07-523LS|4166,1314040
130_bNAb_Combinations|1314040|sample|12|nan|4166,0,-1.12768e-09,-1.81954e-09,0,0,0,0,0,9.65894e-12,7.21379e-12,0,0,0,0,True,VRC07-523LS|4166,1314040
130_bNAb_Combinations|1314040|sample|3|nan|4166,0,8.45156e-11,1.32676e-09,0,0,0,0,0,-2.72182e-11,-1.37224e-13,0,0,0,0,True,PGDM1400|4166,1314040
130_bNAb_Combinations|1314040|sample|4|nan|4166,0,-5.34263e-09,-1.6269e-09,0,0,0,0,0,-1.0715e-11,-1.03868e-11,0,0,0,0,True,PGDM1400|4166,1314040
130_bNAb_Combinations|1314040|sample|5|nan|4166,0,2.30589e-09,9.49738e-10,0,0,0,0,0,-2.51124e-11,1.78884e-11,0,0,0,0,True,PGDM1400|4166,1314040
130_bNAb_Combinations|1314040|sample|6|nan|4166,0,1.39185e-09,1.54352e-09,0,0,0,0,0,-3.87121e-11,8.33789e-12,0,0,0,0,True,PGDM1400|4166,1314040
130_bNAb_Combinations|1314040|sample|7|nan|4166,0,-5.13443e-09,1.97851e-10,0,0,0,0,0,-6.29852e-11,-3.46712e-12,0,0,0,0,True,PGT121|4166,1314040
130_bNAb_Combinations|1314040|sample|8|nan|4166,0,1.81926e-09,-9.20324e-10,0,0,0,0,0,4.30322e-12,1.20254e-11,0,0,0,0,True,PGT121|4166,1314040
130_bNAb_Combinations|1314040|sample|9|nan|4166,0,-1.78961e-09,7.53068e-10,0,0,0,0,0,5.65219e-11,-3.10687e-11,0,0,0,0,True,PGT121|4166,1314040
130_bNAb_Combinations|1314040|vc|1|2|nan|4166,0,5.04668e-09,1.77155e-09,0,0,0,0,0,-4.03699e-11,2.34803e-11,0,0,0,0,False,nan|4166,1314040
130_bNAb_Combinations|1314040|vc|2|2|nan|4166,0,1.17711e-09,-9.19611e-10,0,0,0,0,0,-5.62563e-11,-1.14257e-11,0,0,0,0,False,nan|4166,1314040
130_bNAb_Combinations|1314040|vc|3|2|nan|4166,0,3.34998e-09,-1.51038e-09,0,0,0,0,0,2.62546e-11,-8.0238e-12,0,0,0,0,False,nan|4166,1314040
130_bNAb_Combinations|1314040|vc|4|2|nan|4166,0,4.62183e-10,6.09534e-11,0,0,0,0,0,-2.28559e-11,-7.78999e-12,0,0,0,0,False,nan|4166,1314040
130_bNAb_Combinations|1314040|vc|5|2|nan|4166,0,1.27155e-10,-1.37603e-09,0,0,0,0,0,-1.12825e-11,2.33504e-11,0,0,0,0,False,nan|4166,1314040
130_bNAb_Combinations|1314040|vc|6|2|nan|4166,0,-1.66294e-09,-4.37991e-10,0,0,0,0,0,2.51394e-11,-3.42881e-12,0,0,0,0,False,nan|4166,1314040
130_bNAb_Combinations|1314040|vc|7|2|nan|4166,0,-4.2071e-09,3.78264e-09,0,0,0,0,0,-8.12728e-12,1.13862e-11,0,0,0,0,False,nan|4166,1314040
130_bNAb_Combinations|1314040|vc|8|2|nan|4166,0,4.14163e-11,-2.62668e-09,0,0,0,0,0,-4.45648e-11,-1.79645e-11,0,0,0,0,False,nan|4166,1314040
130_bNAb_Combinations|1314058|cc|1|1|nan|2944,0,6.19726e-09,4.36594e-09,0,0,0,0,0,3.23936e-11,-1.2486e-11,0,0,0,0,False,nan|2944,1314058
130_bNAb_Combinations|1314058|cc|2|1|nan|2944,0,-4.03003e-09,-2.71294e-10,0,0,0,0,0,3.64953e-11,9.65628e-12,0,0,0,0,False,nan|2944,1314058
130_bNAb_Combinations|1314058|cc|3|1|nan|2944,0,2.26778e-09,-6.41707e-10,0,0,0,0,0,-1.11546e-11,9.11449e-12,0,0,0,0,False,nan|2944,1314058
130_bNAb_Combinations|1314058|cc|4|1|nan|2944,0,4.80759e-09,3.63265e-10,0,0,0,0,0,4.75318e-11,-9.70868e-12,0,0,0,0,False,nan|2944,1314058
130_bNAb_Combinations|1314058|cc|5|1|nan|2944,0,-4.29655e-09,2.30985e-09,0,0,0,0,0,3.04734e-11,1.92144e-11,0,0,0,0,False,nan|2944,1314058
130_bNAb_Combinations|1314058|cc|6|1|nan|2944,0,1.5712e-09,1.97975e-10,0,0,0,0,0,-2.20917e-11,-1.84031e-11,0,0,0,0,False,nan|2944,1314058
130_bNAb_Combinations|1314058|cc|7|1|nan|2944,0,2.93299e-09,-1.02956e-09,0,0,0,0,0,2.02478e-11,2.42681e-11,0,0,0,0,False,nan|2944,1314058
130_bNAb_Combinations|1314058|cc|8|1|nan|2944,0,9.60093e-09,-3.58887e-10,0,0,0,0,0,2.87983e-11,2.35021e-11,0,0,0,0,False,nan|2944,1314058
130_bNAb_Combinations|1314058|sample|10|nan|2944,0,-1.94126e-09,-1.1752e-09,0,0,0,0,0,3.13749e-11,6.71752e-12,0,0,0,0,True,PGT121|2944,1314058
130_bNAb_Combinations|1314058|sample|11|nan|2944,0,-6.02029e-09,-5.50701e-09,0,0,0,0,0,5.05329e-11,1.7486e-12,0,0,0,0,True,VRC07-523LS|2944,1314058
130_bNAb_Combinations|1314058|sample|12|nan|2944,0,4.07002e-09,-1.62528e-09,0,0,0,0,0,5.46487e-11,5.01665e-12,0,0,0,0,True,VRC07-523LS|2944,1314058
130_bNAb_Combinations|1314058|sample|3|nan|2944,0,6.03086e-11,9.76361e-10,0,0,0,0,0,4.61338e-11,1.29422e-11,0,0,0,0,True,PGDM1400|2944,1314058
130_bNAb_Combinations|1314058|sample|4|nan|2944,0,4.66658e-09,-2.85075e-10,0,0,0,0,0,-3.41416e-12,-1.19831e-11,0,0,0,0,True,PGDM1400|2944,1314058
130_bNAb_Combinations|1314058|sample|5|nan|2944,0,-5.63767e-09,-1.4115e-10,0,0,0,0,0,-3.3233e-11,-7.43983e-12,0,0,0,0,True,PGDM1400|2944,1314058
130_bNAb_Combinations|1314058|sample|6|nan|2944,0,-5.81448e-09,-1.31662e-11,0,0,0,0,0,-3.72555e-11,1.7961e-11,0,0,0,0,True,PGDM1400|2944,1314058
130_bNAb_Combinations|1314058|sample|7|nan|2944,0,2.80576e-09,-2.78771e-10,0,0,0,0,0,2.40492e-11,1.28948e-11,0,0,0,0,True,PGT121|2944,1314058
130_bNAb_Combinations|1314058|sample|8|nan|2944,0,-1.45602e-09,-2.17859e-09,0,0,0,0,0,2.46301e-11,-4.22395e-12,0,0,0,0,True,PGT121|2944,1314058
130_bNAb_Combinations|1314058|sample|9|nan|2944,0,-4.93569e-09,1.65666e-09,0,0,0,0,0,-5.10481e-11,4.23916e-12,0,0,0,0,True,PGT121|2944,1314058
130_bNAb_Combinations|1314058|vc|1|2|nan|2944,0,-5.10392e-09,-2.8547e-09,0,0,0,0,0,9.11626e-12,2.67137e-11,0,0,0,0,False,nan|2944,1314058
130_bNAb_Combinations|1314058|vc|2|2|nan|2944,0,-2.2697e-09,7.0179e-11,0,0,0,0,0,-2.99654e-11,-6.07248e-12,0,0,0,0,False,nan|2944,1314058
130_bNAb_Combinations|1314058|vc|3|2|nan|2944,0,5.4773e-10,-1.31151e-09,0,0,0,0,0,1.12621e-11,1.65139e-11,0,0,0,0,False,nan|2944,1314058
130_bNAb_Combinations|1314058|vc|4|2|nan|2944,0,-5.77769e-09,3.37251e-10,0,0,0,0,0,6.14646e-11,-8.94396e-12,0,0,0,0,False,nan|2944,1314058
130_bNAb_Combinations|1314058|vc|5|2|nan|2944,0,-3.29942e-09,-6.43763e-10,0,0,0,0,0,-3.93161e-11,-8.64775e-12,0,0,0,0,False,nan|2944,1314058
130_bNAb_Combinations|1314058|vc|6|2|nan|2944,0,3.3724e-09,4.02237e-10,0,0,0,0,0,1.20757e-11,1.14317e-11,0,0,0,0,False,nan|2944,1314058
130_bNAb_Combinations|1314058|vc|7|2|nan|2944,0,-3.17572e-09,3.57869e-09,0,0,0,0,0,3.28857e-11,9.04832e-12,0,0,0,0,False,nan|2944,1314058
130_bNAb_Combinations|1314058|vc|8|2|nan|2944,0,-2.11414e-09,3.94037e-09,0,0,0,0,0,-9.79306e-12,1.33995e-11,0,0,0,0,False,nan|2944,1314058
130_bNAb_Combinations|1342240|cc|1|1|nan|1798,0,-8.04501e-10,-2.38428e-09,0,0,0,0,0,-2.32045e-11,-1.70923e-11,0,0,0,0,False,nan|1798,1342240
130_bNAb_Combinations|1342240|cc|2|1|nan|1798,0,8.33319e-10,1.38896e-09,0,0,0,0,0,5.21831e-11,-8.99303e-12,0,0,0,0,False,nan|1798,1342240
130_bNAb_Combinations|1342240|cc|3|1|nan|1798,0,3.47297e-09,-4.82396e-10,0,0,0,0,0,3.68905e-11,1.22329e-11,0,0,0,0,False,nan|1798,1342240
130_bNAb_Combinations|1342240|cc|4|1|nan|1798,0,-5.26633e-09,-6.97905e-10,0,0,0,0,0,-3.09912e-11,-2.03351e-11,0,0,0,0,False,nan|1798,1342240
130_bNAb_Combinations|1342240|cc|5|1|nan|1798,0,-2.96274e-09,6.87176e-10,0,0,0,0,0,-3.7824e-11,-1.13227e-11,0,0,0,0,False,nan|1798,1342240
130_bNAb_Combinations|1342240|cc|6|1|nan|1798,0,5.02648e-09,-2.50299e-10,0,0,0,0,0,-3.80753e-11,-2.95519e-12,0,0,0,0,False,nan|1798,1342240
130_bNAb_Combinations|1342240|cc|7|1|nan|1798,0,-1.89271e-09,-2.36303e-09,0,0,0,0,0,3.86189e-11,1.56202e-11,0,0,0,0,False,nan|1798,1342240
130_bNAb_Combinations|1342240|cc|8|1|nan|1798,0,3.92983e-09,1.12344e-09,0,0,0,0,0,3.99147e-12,1.73235e-11,0,0,0,0,False,nan|1798,1342240
130_bNAb_Combinations|1342240|sample|3|nan|1798,0,4.27259e-09,9.30955e-10,0,0,0,0,0,1.01519e-11,-1.71423e-11,0,0,0,0,True,VRC07-523LS|1798,1342240
130_bNAb_Combinations|1342240|sample|4|nan|1798,0,-2.7974e-09,-1.63297e-09,0,0,0,0,0,-5.42677e-12,-1.16454e-11,0,0,0,0,True,VRC07-523LS|1798,1342240
130_bNAb_Combinations|1342240|sample|8|nan|1798,0,-7.4405e-09,3.33381e-09,0,0,0,0,0,1.43352e-12,1.86091e-11,0,0,0,0,True,VRC07-523LS|1798,1342240
130_bNAb_Combinations|1342240|vc|1|2|nan|1798,0,-5.4245e-09,3.57114e-09,0,0,0,0,0,1.51008e-11,-6.25167e-12,0,0,0,0,False,nan|1798,1342240
130_bNAb_Combinations|1342240|vc|2|2|nan|1798,0,1.8199e-09,-2.97834e-09,0,0,0,0,0,2.52518e-11,3.53784e-12,0,0,0,0,False,nan|1798,1342240
130_bNAb_Combinations|1342240|vc|3|2|nan|1798,0,1.81019e-09,-8.05045e-10,0,0,0,0,0,-1.53326e-11,-1.1759e-11,0,0,0,0,False,nan|1798,1342240
130_bNAb_Combinations|1342240|vc|4|2|nan|1798,0,1.48161e-09,-1.24187e-09,0,0,0,0,0,3.72067e-11,-1.9533e-11,0,0,0,0,False,nan|1798,1342240
130_bNAb_Combinations|1342240|vc|5|2|nan|1798,0,-1.62097e-09,-2.87314e-09,0,0,0,0,0,3.3693e-11,2.86546e-11,0,0,0,0,False,nan|1798,1342240
130_bNAb_Combinations|1342240|vc|6|2|nan|1798,0,3.76501e-09,9.38894e-10,0,0,0,0,0,-2.98011e-11,-3.24696e-12,0,0,0,0,False,nan|1798,1342240
130_bNAb_Combinations|1342240|vc|7|2|nan|1798,0,-3.27218e-10,-1.05237e-09,0,0,0,0,0,9.28768e-12,2.13911e-11,0,0,0,0,False,nan|1798,1342240
130_bNAb_Combinations|1342240|vc|8|2|nan|1798,0,-1.12163e-09,-3.25975e-09,0,0,0,0,0,2.49472e-11,-1.56197e-11,0,0,0,0,False,nan|1798,1342240
130_bNAb_Combinations|1342258|cc|1|1|TRO.11|8301,0,4.05541e-10,1.79554e-09,0,0,0,0,0,-2.06946e-13,-1.22633e-11,0,0,0,0,False,nan|TRO.11,1342258
130_bNAb_Combinations|1342258|cc|2|1|TRO.11|8301,0,2.17465e-09,-2.8757e-10,0,0,0,0,0,7.70664e-11,1.70666e-11,0,0,0,0,False,nan|TRO.11,1342258
130_bNAb_Combinations|1342258|cc|3|1|TRO.11|8301,0,-6.38712e-10,1.65037e-09,0,0,0,0,0,-3.00382e-11,1.79317e-11,0,0,0,0,False,nan|TRO.11,1342258
130_bNAb_Combinations|1342258|cc|4|1|TRO.11|8301,0,-1.24356e-10,2.77258e-09,0,0,0,0,0,8.70681e-12,1.14648e-11,0,0,0,0,False,nan|TRO.11,1342258
130_bNAb_Combinations|1342258|cc|5|1|TRO.11|8301,0,4.87078e-09,6.63019e-10,0,0,0,0,0,4.17231e-11,2.95675e-12,0,0,0,0,False,nan|TRO.11,1342258
130_bNAb_Combinations|1342258|cc|6|1|TRO.11|8301,0,3.70847e-09,6.05492e-10,0,0,0,0,0,-3.99285e-11,2.05409e-11,0,0,0,0,False,nan|TRO.11,1342258
130_bNAb_Combinations|1342258|cc|7|1|TRO.11|8301,0,4.36815e-09,2.66556e-09,0,0,0,0,0,-2.01226e-11,2.81164e-11,0,0,0,0,False,nan|TRO.11,1342258
130_bNAb_Combinations|1342258|cc|8|1|TRO.11|8301,0,2.94825e-09,6.84509e-10,0,0,0,0,0,-4.61018e-11,1.30076e-11,0,0,0,0,False,nan|TRO.11,1342258
130_bNAb_Combinations|1342258|sample|3|TRO.11|8301,0,-8.88376e-10,-1.86608e-09,0,0,0,0,0,-5.34683e-13,1.24474e-11,0,0,0,0,True,VRC07-523LS|TRO.11,1342258
130_bNAb_Combinations|1342258|sample|4|TRO.11|8301,0,-1.58744e-09,-4.3733e-09,0,0,0,0,0,5.22986e-11,-1.42721e-11,0,0,0,0,True,VRC07-523LS|TRO.11,1342258
130_bNAb_Combinations|1342258|vc|1|2|TRO.11|8301,0,-5.0499e-09,-4.4842e-10,0,0,0,0,0,4.21085e-11,-9.04388e-13,0,0,0,0,False,nan|TRO.11,1342258
130_bNAb_Combinations|1342258|vc|2|2|TRO.11|8301,0,-3.6726e-09,-7.68098e-10,0,0,0,0,0,-3.66049e-11,-1.01259e-11,0,0,0,0,False,nan|TRO.11,1342258
130_bNAb_Combinations|1342258|vc|3|2|TRO.11|8301,0,1.60592e-10,1.74256e-09,0,0,0,0,0,-1.09939e-11,-2.69704e-11,0,0,0,0,False,nan|TRO.11,1342258
130_bNAb_Combinations|1342258|vc|4|2|TRO.11|8301,0,5.2599e-09,-5.24205e-10,0,0,0,0,0,2.55556e-11,9.26614e-12,0,0,0,0,False,nan|TRO.11,1342258
130_bNAb_Combinations|1342258|vc|5|2|TRO.11|8301,0,3.55934e-09,1.57898e-09,0,0,0,0,0,2.22955e-11,-8.0933e-12,0,0,0,0,False,nan|TRO.11,1342258
130_bNAb_Combinations|1342258|vc|6|2|TRO.11|8301,0,6.17451e-10,2.06627e-09,0,0,0,0,0,2.05205e-11,-9.49685e-13,0,0,0,0,False,nan|TRO.11,1342258
130_bNAb_Combinations|1342258|vc|7|2|TRO.11|8301,0,-4.07285e-09,4.02139e-10,0,0,0,0,0,-7.47669e-12,-2.06846e-11,0,0,0,0,False,nan|TRO.11,1342258
130_bNAb_Combinations|1342258|vc|8|2|TRO.11|8301,0,2.14277e-09,2.12275e-09,0,0,0,0,0,2.49782e-11,-1.71367e-11,0,0,0,0,False,nan|TRO.11,1342258
130_bNAb_Combinations|1342276|cc|1|1|Ce1176_A3|7023,0,-3.00126e-10,3.73343e-09,0,0,0,0,0,-1.74696e-11,-6.9269e-12,0,0,0,0,False,nan|Ce1176_A3,1342276
130_bNAb_Combinations|1342276|cc|2|1|Ce1176_A3|7023,0,6.80685e-09,-6.53696e-10,0,0,0,0,0,-1.9921e-11,2.34333e-11,0,0,0,0,False,nan|Ce1176_A3,1342276
130_bNAb_Combinations|1342276|cc|3|1|Ce1176_A3|7023,0,-2.7649e-09,-3.53418e-10,0,0,0,0,0,1.70886e-12,1.08842e-11,0,0,0,0,False,nan|Ce1176_A3,1342276
130_bNAb_Combinations|1342276|cc|4|1|Ce1176_A3|7023,0,2.39298e-09,-1.57771e-09,0,0,0,0,0,6.13998e-11,8.46523e-12,0,0,0,0,False,nan|Ce1176_A3,1342276
130_bNAb_Combinations|1342276|cc|5|1|Ce1176_A3|7023,0,-3.31808e-09,-1.47593e-09,0,0,0,0,0,-2.18425e-11,1.29994e-11,0,0,0,0,False,nan|Ce1176_A3,1342276
130_bNAb_Combinations|1342276|cc|6|1|Ce1176_A3|7023,0,-7.30718e-09,5.68456e-10,0,0,0,0,0,1.37392e-11,-1.23765e-11,0,0,0,0,False,nan|Ce1176_A3,1342276
130_bNAb_Combinations|1342276|cc|7|1|Ce1176_A3|7023,0,4.04702e-09,3.10052e-09,0,0,0,0,0,1.5532e-11,-2.13483e-11,0,0,0,0,False,nan|Ce1176_A3,1342276
130_bNAb_Combinations|1342276|cc|8|1|Ce1176_A3|7023,0,-3.87241e-09,2.78491e-09,0,0,0,0,0,9.11893e-12,2.0957e-11,0,0,0,0,False,nan|Ce1176_A3,1342276
130_bNAb_Combinations|1342276|sample|3|Ce1176_A3|7023,0,2.78254e-09,-1.3149e-10,0,0,0,0,0,-1.93916e-11,-1.28075e-11,0,0,0,0,True,VRC07-523LS|Ce1176_A3,1342276
130_bNAb_Combinations|1342276|sample|4|Ce1176_A3|7023,0,3.40643e-09,2.86383e-10,0,0,0,0,0,3.76508e-11,-3.63709e-12,0,0,0,0,True,VRC07-523LS|Ce1176_A3,1342276
130_bNAb_Combinations|1342276|vc|1|2|Ce1176_A3|7023,0,-2.31008e-09,-4.60999e-09,0,0,0,0,0,6.52562e-11,-7.09877e-12,0,0,0,0,False,nan|Ce1176_A3,1342276
130_bNAb_Combinations|1342276|vc|2|2|Ce1176_A3|7023,0,6.25799e-09,1.02601e-09,0,0,0,0,0,-2.69118e-12,1.31821e-11,0,0,0,0,False,nan|Ce1176_A3,1342276
130_bNAb_Combinations|1342276|vc|3|2|Ce1176_A3|7023,0,3.01855e-09,-1.79359e-09,0,0,0,0,0,-1.89715e-11,1.6922e-11,0,0,0,0,False,nan|Ce1176_A3,1342276
130_bNAb_Combinations|1342276|vc|4|2|Ce1176_A3|7023,0,-2.47833e-09,1.48231e-09,0,0,0,0,0,-1.39391e-11,1.1398e-11,0,0,0,0,False,nan|Ce1176_A3,1342276
130_bNAb_Combinations|1342276|vc|5|2|Ce1176_A3|7023,0,-1.16964e-09,8.61385e-10,0,0,0,0,0,2.11253e-11,-3.39142e-11,0,0,0,0,False,nan|Ce1176_A3,1342276
130_bNAb_Combinations|1342276|vc|6|2|Ce1176_A3|7023,0,2.50476e-09,2.74545e-09,0,0,0,0,0,-1.74514e-11,1.15217e-11,0,0,0,0,False,nan|Ce1176_A3,1342276
130_bNAb_Combinations|1342276|vc|7|2|Ce1176_A3|7023,0,5.85982e-09,1.38081e-10,0,0,0,0,0,-3.7665e-11,1.79869e-11,0,0,0,0,False,nan|Ce1176_A3,1342276
130_bNAb_Combinations|1342276|vc|8|2|Ce1176_A3|7023,0,-2.56559e-09,1.25785e-09,0,0,0,0,0,-3.06861e-11,2.22053e-11,0,0,0,0,False,nan|Ce1176_A3,1342276
130_bNAb_Combinations|1342294|cc|1|1|nan|1176,0,-1.55361e-09,5.32047e-10,0,0,0,0,0,1.21396e-11,-1.10398e-11,0,0,0,0,False,nan|1176,1342294
130_bNAb_Combinations|1342294|cc|2|1|nan|1176,0,3.10526e-09,2.8716e-09,0,0,0,0,0,2.00888e-11,1.65441e-11,0,0,0,0,False,nan|1176,1342294
130_bNAb_Combinations|1342294|cc|3|1|nan|1176,0,-6.61118e-10,-9.0866e-10,0,0,0,0,0,-3.52482e-11,1.86262e-11,0,0,0,0,False,nan|1176,1342294
130_bNAb_Combinations|1342294|cc|4|1|nan|1176,0,2.53021e-09,-5.3675e-09,0,0,0,0,0,-8.6251e-12,2.1124e-11,0,0,0,0,False,nan|1176,1342294
130_bNAb_Combinations|1342294|cc|5|1|nan|1176,0,6.84047e-10,3.87952e-09,0,0,0,0,0,-3.56604e-11,-4.42402e-12,0,0,0,0,False,nan|1176,1342294
130_bNAb_Combinations|1342294|cc|6|1|nan|1176,0,1.33558e-09,4.43053e-09,0,0,0,0,0,2.90177e-11,-3.85647e-12,0,0,0,0,False,nan|1176,1342294
130_bNAb_Combinations|1342294|cc|7|1|nan|1176,0,-3.13301e-09,2.36746e-10,0,0,0,0,0,-6.43059e-11,-2.4325e-12,0,0,0,0,False,nan|1176,1342294
130_bNAb_Combinations|1342294|cc|8|1|nan|1176,0,-1.04769e-08,9.49309e-10,0,0,0,0,0,-2.81819e-11,-1.07891e-11,0,0,0,0,False,nan|1176,1342294
130_bNAb_Combinations|1342294|sample|3|nan|1176,0,-3.57443e-09,8.15986e-10,0,0,0,0,0,-4.30056e-12,2.39648e-11,0,0,0,0,True,VRC07-523LS|1176,1342294
130_bNAb_Combinations|1342294|sample|4|nan|1176,0,-2.32284e-09,1.61393e-09,0,0,0,0,0,-2.32365e-11,2.17475e-11,0,0,0,0,True,VRC07-523LS|1176,1342294
130_bNAb_Combinations|1342294|sample|8|nan|1176,0,4.5056e-11,6.52236e-10,0,0,0,0,0,-2.45235e-11,1.03411e-11,0,0,0,0,True,VRC07-523LS|1176,1342294
130_bNAb_Combinations|1342294|vc|1|2|nan|1176,0,3.9214e-09,-2.73274e-09,0,0,0,0,0,-1.21414e-12,1.29021e-11,0,0,0,0,False,nan|1176,1342294
130_bNAb_Combinations|1342294|vc|2|2|nan|1176,0,4.18901e-09,1.26185e-09,0,0,0,0,0,-4.85185e-11,8.8507e-12,0,0,0,0,False,nan|1176,1342294
130_bNAb_Combinations|1342294|vc|3|2|nan|1176,0,8.59399e-11,3.18007e-09,0,0,0,0,0,2.19096e-11,1.40701e-11,0,0,0,0,False,nan|1176,1342294
130_bNAb_Combinations|1342294|vc|4|2|nan|1176,0,-3.00793e-09,-2.17944e-09,0,0,0,0,0,-2.45599e-11,-1.48959e-11,0,0,0,0,False,nan|1176,1342294
130_bNAb_Combinations|1342294|vc|5|2|nan|1176,0,2.70173e-09,-1.08692e-10,0,0,0,0,0,-4.79545e-11,-3.54605e-13,0,0,0,0,False,nan|1176,1342294
130_bNAb_Combinations|1342294|vc|6|2|nan|1176,0,5.34099e-09,-2.46158e-09,0,0,0,0,0,6.84786e-12,-3.86751e-11,0,0,0,0,False,nan|1176,1342294
130_bNAb_Combinations|1342294|vc|7|2|nan|1176,0,-1.83553e-09,1.80878e-09,0,0,0,0,0,1.36442e-11,-1.55427e-11,0,0,0,0,False,nan|1176,1342294
130_bNAb_Combinations|1342294|vc|8|2|nan|1176,0,-1.06459e-08,-3.12556e-10,0,0,0,0,0,1.99485e-12,2.38805e-11,0,0,0,0,False,nan|1176,1342294
130_bNAb_Combinations|1342312|cc|1|1|RHPA4259.7|5371,0,-7.61128e-11,2.84994e-09,0,0,0,0,0,1.30651e-12,-1.4999e-11,0,0,0,0,False,nan|RHPA4259.7,1342312
130_bNAb_Combinations|1342312|cc|2|1|RHPA4259.7|5371,0,4.9449e-09,-1.89521e-09,0,0,0,0,0,-8.51985e-12,2.94843e-11,0,0,0,0,False,nan|RHPA4259.7,1342312
130_bNAb_Combinations|1342312|cc|3|1|RHPA4259.7|5371,0,-1.48195e-09,6.03014e-10,0,0,0,0,0,-6.50981e-11,-1.3993e-11,0,0,0,0,False,nan|RHPA4259.7,1342312
130_bNAb_Combinations|1342312|cc|4|1|RHPA4259.7|5371,0,3.14012e-09,-1.21527e-09,0,0,0,0,0,-5.40368e-12,-2.14834e-11,0,0,0,0,False,nan|RHPA4259.7,1342312
130_bNAb_Combinations|1342312|cc|5|1|RHPA4259.7|5371,0,-7.2948e-09,2.26299e-10,0,0,0,0,0,3.65308e-11,1.22172e-11,0,0,0,0,False,nan|RHPA4259.7,1342312
130_bNAb_Combinations|1342312|cc|6|1|RHPA4259.7|5371,0,6.27928e-10,4.41206e-10,0,0,0,0,0,-2.82094e-11,8.28271e-12,0,0,0,0,False,nan|RHPA4259.7,1342312
130_bNAb_Combinations|1342312|cc|7|1|RHPA4259.7|5371,0,1.64299e-09,3.5442e-09,0,0,0,0,0,1.36811e-11,-1.63433e-11,0,0,0,0,False,nan|RHPA4259.7,1342312
130_bNAb_Combinations|1342312|cc|8|1|RHPA4259.7|5371,0,5.61525e-09,-4.47608e-09,0,0,0,0,0,3.21188e-11,-5.1712e-12,0,0,0,0,False,nan|RHPA4259.7,1342312
130_bNAb_Combinations|1342312|sample|3|RHPA4259.7|5371,0,6.54806e-09,4.69733e-10,0,0,0,0,0,-1.5147e-11,-2.94064e-11,0,0,0,0,True,VRC07-523LS|RHPA4259.7,1342312
130_bNAb_Combinations|1342312|sample|4|RHPA4259.7|5371,0,4.81765e-09,-1.36454e-09,0,0,0,0,0,2.68692e-11,1.65918e-11,0,0,0,0,True,VRC07-523LS|RHPA4259.7,1342312
130_bNAb_Combinations|1342312|vc|1|2|RHPA4259.7|5371,0,-6.83989e-09,-2.52112e-10,0,0,0,0,0,-5.27831e-11,-8.52596e-12,0,0,0,0,False,nan|RHPA4259.7,1342312
130_bNAb_Combinations|1342312|vc|2|2|RHPA4259.7|5371,0,-1.98948e-09,-6.37987e-11,0,0,0,0,0,4.7768e-11,7.08777e-12,0,0,0,0,False,nan|RHPA4259.7,1342312
130_bNAb_Combinations|1342312|vc|3|2|RHPA4259.7|5371,0,-1.70403e-09,1.87797e-09,0,0,0,0,0,-1.35674e-11,8.41005e-12,0,0,0,0,False,nan|RHPA4259.7,1342312
130_bNAb_Combinations|1342312|vc|4|2|RHPA4259.7|5371,0,1.65601e-09,-2.70692e-09,0,0,0,0,0,3.31157e-11,-9.91773e-12,0,0,0,0,False,nan|RHPA4259.7,1342312
130_bNAb_Combinations|1342312|vc|5|2|RHPA4259.7|5371,0,3.83664e-10,1.0061e-09,0,0,0,0,0,1.28244e-11,3.02932e-11,0,0,0,0,False,nan|RHPA4259.7,1342312
130_bNAb_Combinations|1342312|vc|6|2|RHPA4259.7|5371,0,5.43892e-09,2.04986e-09,0,0,0,0,0,3.31242e-11,-3.28626e-12,0,0,0,0,False,nan|RHPA4259.7,1342312
130_bNAb_Combinations|1342312|vc|7|2|RHPA4259.7|5371,0,-7.43118e-10,-1.30188e-09,0,0,0,0,0,-1.30829e-11,-2.18704e-11,0,0,0,0,False,nan|RHPA4259.7,1342312
130_bNAb_Combinations|1342312|vc|8|2|RHPA4259.7|5371,0,-1.76659e-09,-3.19985e-10,0,0,0,0,0,1.06612e-11,1.60091e-11,0,0,0,0,False,nan|RHPA4259.7,1342312
130_bNAb_Combinations|1342336|cc|1|1|nan|3430,0,-2.87522e-09,-9.56479e-10,0,0,0,0,0,-4.07336e-11,1.45606e-11,0,0,0,0,False,nan|3430,1342336
130_bNAb_Combinations|1342336|cc|2|1|nan|3430,0,-1.86776e-09,2.1843e-09,0,0,0,0,0,4.41309e-11,3.87912e-12,0,0,0,0,False,nan|3430,1342336
130_bNAb_Combinations|1342336|cc|3|1|nan|3430,0,-9.31765e-10,1.73673e-09,0,0,0,0,0,8.33777e-11,8.90932e-12,0,0,0,0,False,nan|3430,1342336
130_bNAb_Combinations|1342336|cc|4|1|nan|3430,0,-2.43257e-09,2.87012e-10,0,0,0,0,0,2.40812e-11,-4.08384e-12,0,0,0,0,False,nan|3430,1342336
130_bNAb_Combinations|1342336|cc|5|1|nan|3430,0,-2.70249e-09,1.37097e-09,0,0,0,0,0,1.67057e-11,1.60871e-11,0,0,0,0,False,nan|3430,1342336
130_bNAb_Combinations|1342336|cc|6|1|nan|3430,0,-1.64019e-09,9.39295e-10,0,0,0,0,0,-3.80309e-11,1.48783e-11,0,0,0,0,False,nan|3430,1342336
130_bNAb_Combinations|1342336|cc|7|1|nan|3430,0,4.51326e-09,-5.52597e-10,0,0,0,0,0,3.089e-11,-4.40847e-12,0,0,0,0,False,nan|3430,1342336
130_bNAb_Combinations|1342336|cc|8|1|nan|3430,0,-1.63661e-09,3.36451e-09,0,0,0,0,0,-7.37543e-11,-2.50904e-11,0,0,0,0,False,nan|3430,1342336
130_bNAb_Combinations|1342336|sample|3|nan|3430,0,4.04513e-09,7.76397e-10,0,0,0,0,0,-2.9031e-11,-1.14857e-11,0,0,0,0,True,VRC07-523LS|3430,1342336
130_bNAb_Combinations|1342336|sample|4|nan|3430,0,3.00018e-09,6.26798e-10,0,0,0,0,0,-2.99938e-11,2.2386e-11,0,0,0,0,True,VRC07-523LS|3430,1342336
130_bNAb_Combinations|1342336|sample|5|nan|3430,0,-5.75333e-10,1.01277e-09,0,0,0,0,0,-6.05036e-11,-3.64309e-12,0,0,0,0,True,VRC07-523LS|3430,1342336
130_bNAb_Combinations|1342336|vc|1|2|nan|3430,0,1.65368e-10,5.42657e-09,0,0,0,0,0,2.85705e-11,6.16396e-12,0,0,0,0,False,nan|3430,1342336
130_bNAb_Combinations|1342336|vc|2|2|nan|3430,0,1.94408e-09,5.79812e-11,0,0,0,0,0,-1.36806e-11,-1.85618e-11,0,0,0,0,False,nan|3430,1342336
130_bNAb_Combinations|1342336|vc|3|2|nan|3430,0,-2.67574e-09,-9.38566e-10,0,0,0,0,0,9.50884e-12,2.36167e-11,0,0,0,0,False,nan|3430,1342336
130_bNAb_Combinations|1342336|vc|4|2|nan|3430,0,4.56149e-09,-8.14535e-10,0,0,0,0,0,-1.40599e-12,1.44407e-11,0,0,0,0,False,nan|3430,1342336
130_bNAb_Combinations|1342336|vc|5|2|nan|3430,0,7.44734e-09,2.35734e-09,0,0,0,0,0,-1.66223e-12,-2.18368e-11,0,0,0,0,False,nan|3430,1342336
130_bNAb_Combinations|1342336|vc|6|2|nan|3430,0,7.34107e-10,-1.85783e-09,0,0,0,0,0,1.16667e-11,-2.02551e-11,0,0,0,0,False,nan|3430,1342336
130_bNAb_Combinations|1342336|vc|7|2|nan|3430,0,-1.50318e-09,-2.09983e-09,0,0,0,0,0,-2.46945e-11,-2.39875e-12,0,0,0,0,False,nan|3430,1342336
130_bNAb_Combinations|1342336|vc|8|2|nan|3430,0,1.06929e-09,4.07719e-09,0,0,0,0,0,1.12621e-12,1.46483e-11,0,0,0,0,False,nan|3430,1342336
130_bNAb_Combinations|1342348|cc|1|1|nan|4166,0,-2.40704e-09,1.69012e-09,0,0,0,0,0,1.15019e-11,1.64337e-11,0,0,0,0,False,nan|4166,1342348
130_bNAb_Combinations|1342348|cc|2|1|nan|4166,0,-2.34469e-09,3.83257e-09,0,0,0,0,0,-1.29088e-11,-1.81395e-11,0,0,0,0,False,nan|4166,1342348
130_bNAb_Combinations|1342348|cc|3|1|nan|4166,0,-2.667e-09,6.09989e-10,0,0,0,0,0,-1.58038e-11,-2.73852e-11,0,0,0,0,False,nan|4166,1342348
130_bNAb_Combinations|1342348|cc|4|1|nan|4166,0,-5.71641e-09,1.72145e-10,0,0,0,0,0,1.05067e-11,9.30012e-12,0,0,0,0,False,nan|4166,1342348
130_bNAb_Combinations|1342348|cc|5|1|nan|4166,0,3.54624e-09,-1.87014e-09,0,0,0,0,0,-5.88414e-11,1.97391e-11,0,0,0,0,False,nan|4166,1342348
130_bNAb_Combinations|1342348|cc|6|1|nan|4166,0,-1.26154e-09,-3.80791e-09,0,0,0,0,0,-2.73737e-12,-2.52085e-11,0,0,0,0,False,nan|4166,1342348
130_bNAb_Combinations|1342348|cc|7|1|nan|4166,0,3.93537e-09,1.2583e-09,0,0,0,0,0,-5.28364e-11,9.10494e-12,0,0,0,0,False,nan|4166,1342348
130_bNAb_Combinations|1342348|cc|8|1|nan|4166,0,-6.06465e-09,-3.00727e-09,0,0,0,0,0,1.85172e-11,1.13167e-11,0,0,0,0,False,nan|4166,1342348
130_bNAb_Combinations|1342348|sample|3|nan|4166,0,-1.01774e-09,3.37919e-09,0,0,0,0,0,1.03064e-11,1.92717e-11,0,0,0,0,True,VRC07-523LS|4166,1342348
130_bNAb_Combinations|1342348|sample|4|nan|4166,0,-1.93369e-09,3.00004e-09,0,0,0,0,0,3.6195e-11,-1.44589e-11,0,0,0,0,True,VRC07-523LS|4166,1342348
130_bNAb_Combinations|1342348|vc|1|2|nan|4166,0,1.94893e-09,-7.01199e-10,0,0,0,0,0,4.51208e-11,-2.30012e-11,0,0,0,0,False,nan|4166,1342348
130_bNAb_Combinations|1342348|vc|2|2|nan|4166,0,-2.10718e-09,-9.20736e-10,0,0,0,0,0,-1.45222e-11,-1.98652e-11,0,0,0,0,False,nan|4166,1342348
130_bNAb_Combinations|1342348|vc|3|2|nan|4166,0,-3.33708e-09,-3.17825e-09,0,0,0,0,0,-4.94746e-11,-2.3622e-11,0,0,0,0,False,nan|4166,1342348
130_bNAb_Combinations|1342348|vc|4|2|nan|4166,0,9.45534e-10,-4.56011e-09,0,0,0,0,0,5.22404e-11,1.27431e-12,0,0,0,0,False,nan|4166,1342348
130_bNAb_Combinations|1342348|vc|5|2|nan|4166,0,7.37273e-10,3.19595e-09,0,0,0,0,0,1.23166e-10,2.06946e-13,0,0,0,0,False,nan|4166,1342348
130_bNAb_Combinations|1342348|vc|6|2|nan|4166,0,-8.57404e-10,-2.99591e-09,0,0,0,0,0,1.86486e-11,2.27287e-11,0,0,0,0,False,nan|4166,1342348
130_bNAb_Combinations|1342348|vc|7|2|nan|4166,0,1.2191e-09,6.90052e-10,0,0,0,0,0,-3.0187e-11,3.11196e-12,0,0,0,0,False,nan|4166,1342348
130_bNAb_Combinations|1342348|vc|8|2|nan|4166,0,-4.0587e-09,1.20113e-09,0,0,0,0,0,-2.98348e-11,7.19538e-11,0,0,0,0,False,nan|4166,1342348
130_bNAb_Combinations|1342372|cc|1|1|nan|2944,0,9.88824e-10,-3.8163e-09,0,0,0,0,0,5.695e-12,2.52744e-11,0,0,0,0,False,nan|2944,1342372
130_bNAb_Combinations|1342372|cc|2|1|nan|2944,0,-8.23146e-09,-1.64493e-09,0,0,0,0,0,7.89369e-11,6.10756e-12,0,0,0,0,False,nan|2944,1342372
130_bNAb_Combinations|1342372|cc|3|1|nan|2944,0,3.013e-09,4.08545e-11,0,0,0,0,0,-7.83373e-13,-2.6132e-11,0,0,0,0,False,nan|2944,1342372
130_bNAb_Combinations|1342372|cc|4|1|nan|2944,0,-6.6099e-09,2.05642e-09,0,0,0,0,0,2.21672e-11,1.70237e-11,0,0,0,0,False,nan|2944,1342372
130_bNAb_Combinations|1342372|cc|5|1|nan|2944,0,4.16415e-09,1.94105e-09,0,0,0,0,0,-3.59259e-11,-8.74145e-12,0,0,0,0,False,nan|2944,1342372
130_bNAb_Combinations|1342372|cc|6|1|nan|2944,0,2.80898e-09,1.55972e-09,0,0,0,0,0,-1.74483e-11,-2.17861e-11,0,0,0,0,False,nan|2944,1342372
130_bNAb_Combinations|1342372|cc|7|1|nan|2944,0,-8.33509e-09,1.9761e-09,0,0,0,0,0,-2.21121e-11,-1.13278e-11,0,0,0,0,False,nan|2944,1342372
130_bNAb_Combinations|1342372|cc|8|1|nan|2944,0,2.74253e-09,-7.48006e-11,0,0,0,0,0,-2.13589e-11,-7.23244e-12,0,0,0,0,False,nan|2944,1342372
130_bNAb_Combinations|1342372|sample|3|nan|2944,0,5.4522e-09,1.56835e-09,0,0,0,0,0,-5.76783e-12,-1.97529e-11,0,0,0,0,True,VRC07-523LS|2944,1342372
130_bNAb_Combinations|1342372|sample|4|nan|2944,0,-5.88403e-09,-2.41149e-09,0,0,0,0,0,1.16893e-11,1.17295e-11,0,0,0,0,True,VRC07-523LS|2944,1342372
130_bNAb_Combinations|1342372|vc|1|2|nan|2944,0,5.30986e-09,1.45539e-10,0,0,0,0,0,-1.6164e-11,-6.80966e-12,0,0,0,0,False,nan|2944,1342372
130_bNAb_Combinations|1342372|vc|2|2|nan|2944,0,3.24267e-09,-4.40399e-09,0,0,0,0,0,-2.8491e-11,1.34937e-11,0,0,0,0,False,nan|2944,1342372
130_bNAb_Combinations|1342372|vc|3|2|nan|2944,0,4.51921e-09,-1.35356e-11,0,0,0,0,0,4.94094e-12,1.63274e-11,0,0,0,0,False,nan|2944,1342372
130_bNAb_Combinations|1342372|vc|4|2|nan|2944,0,5.92077e-10,-1.29389e-09,0,0,0,0,0,-2.41602e-11,-9.90941e-12,0,0,0,0,False,nan|2944,1342372
130_bNAb_Combinations|1342372|vc|5|2|nan|2944,0,-2.62089e-09,1.82612e-10,0,0,0,0,0,-4.14424e-12,-2.79945e-11,0,0,0,0,False,nan|2944,1342372
130_bNAb_Combinations|1342372|vc|6|2|nan|2944,0,9.5294e-10,-4.04618e-09,0,0,0,0,0,2.94502e-11,3.7037e-13,0,0,0,0,False,nan|2944,1342372
130_bNAb_Combinations|1342372|vc|7|2|nan|2944,0,-5.1878e-09,-3.93751e-09,0,0,0,0,0,-4.35403e-11,1.29572e-11,0,0,0,0,False,nan|2944,1342372
130_bNAb_Combinations|1342372|vc|8|2|nan|2944,0,-3.6023e-09,-1.56847e-09,0,0,0,0,0,1.4361e-11,2.89386e-11,0,0,0,0,False,nan|2944,1342372
130_bNAb_Combinations|1342384|cc|1|1|nan|2946,0,4.49373e-10,-1.71385e-09,0,0,0,0,0,-4.73888e-12,1.65072e-11,0,0,0,0,False,nan|2946,1342384
130_bNAb_Combinations|1342384|cc|2|1|nan|2946,0,1.39159e-09,-4.73085e-10,0,0,0,0,0,2.73377e-11,2.61369e-11,0,0,0,0,False,nan|2946,1342384
130_bNAb_Combinations|1342384|cc|3|1|nan|2946,0,1.99118e-09,3.39723e-09,0,0,0,0,0,2.56253e-11,1.37308e-11,0,0,0,0,False,nan|2946,1342384
130_bNAb_Combinations|1342384|cc|4|1|nan|2946,0,-5.14822e-09,3.45057e-10,0,0,0,0,0,-1.09486e-10,1.44804e-11,0,0,0,0,False,nan|2946,1342384
130_bNAb_Combinations|1342384|cc|5|1|nan|2946,0,-1.89887e-09,9.28553e-10,0,0,0,0,0,-3.36864e-11,-2.9448e-11,0,0,0,0,False,nan|2946,1342384
130_bNAb_Combinations|1342384|cc|6|1|nan|2946,0,-7.02961e-10,2.35538e-09,0,0,0,0,0,-1.65352e-11,-3.60023e-11,0,0,0,0,False,nan|2946,1342384
130_bNAb_Combinations|1342384|cc|7|1|nan|2946,0,2.38192e-09,7.87756e-10,0,0,0,0,0,5.02682e-11,1.35003e-12,0,0,0,0,False,nan|2946,1342384
130_bNAb_Combinations|1342384|cc|8|1|nan|2946,0,2.58529e-09,8.44571e-10,0,0,0,0,0,6.02012e-11,-1.11351e-11,0,0,0,0,False,nan|2946,1342384
130_bNAb_Combinations|1342384|sample|3|nan|2946,0,-6.21505e-09,-6.9469e-10,0,0,0,0,0,2.07172e-11,9.04699e-12,0,0,0,0,True,VRC07-523LS|2946,1342384
130_bNAb_Combinations|1342384|sample|4|nan|2946,0,-3.09064e-09,-1.53556e-09,0,0,0,0,0,-5.42344e-11,5.09681e-11,0,0,0,0,True,VRC07-523LS|2946,1342384
130_bNAb_Combinations|1342384|vc|1|2|nan|2946,0,2.75329e-09,1.57153e-09,0,0,0,0,0,3.64504e-11,5.5751e-12,0,0,0,0,False,nan|2946,1342384
130_bNAb_Combinations|1342384|vc|2|2|nan|2946,0,-3.24067e-09,1.8598e-09,0,0,0,0,0,3.74611e-11,1.42673e-11,0,0,0,0,False,nan|2946,1342384
130_bNAb_Combinations|1342384|vc|3|2|nan|2946,0,1.67824e-09,5.52422e-10,0,0,0,0,0,-8.80673e-12,3.03104e-11,0,0,0,0,False,nan|2946,1342384
130_bNAb_Combinations|1342384|vc|4|2|nan|2946,0,2.09133e-09,1.53998e-09,0,0,0,0,0,-3.32756e-11,1.55431e-12,0,0,0,0,False,nan|2946,1342384
130_bNAb_Combinations|1342384|vc|5|2|nan|2946,0,6.49107e-10,-8.37945e-11,0,0,0,0,0,-2.94347e-11,4.83613e-13,0,0,0,0,False,nan|2946,1342384
130_bNAb_Combinations|1342384|vc|6|2|nan|2946,0,-5.03058e-09,-1.19751e-09,0,0,0,0,0,4.72467e-12,-2.59441e-11,0,0,0,0,False,nan|2946,1342384
130_bNAb_Combinations|1342384|vc|7|2|nan|2946,0,-1.47999e-09,4.59735e-09,0,0,0,0,0,2.52496e-11,-9.25526e-12,0,0,0,0,False,nan|2946,1342384
130_bNAb_Combinations|1342384|vc|8|2|nan|2946,0,-3.73579e-09,-1.96771e-09,0,0,0,0,0,-1.8423e-11,1.62812e-11,0,0,0,0,False,nan|2946,1342384
130_bNAb_Combinations|1342396|cc|1|1|PVO.4|5024,0,4.89819e-09,-4.37687e-10,0,0,0,0,0,-5.03091e-11,1.21331e-11,0,0,0,0,False,nan|PVO.4,1342396
130_bNAb_Combinations|1342396|cc|2|1|PVO.4|5024,0,-3.03515e-10,6.16053e-10,0,0,0,0,0,-2.08873e-11,5.58775e-12,0,0,0,0,False,nan|PVO.4,1342396
130_bNAb_Combinations|1342396|cc|3|1|PVO.4|5024,0,-2.61388e-09,-2.53725e-09,0,0,0,0,0,2.65299e-11,-1.86315e-11,0,0,0,0,False,nan|PVO.4,1342396
130_bNAb_Combinations|1342396|cc|4|1|PVO.4|5024,0,2.98931e-09,3.24801e-10,0,0,0,0,0,-5.11431e-11,1.33621e-11,0,0,0,0,False,nan|PVO.4,1342396
130_bNAb_Combinations|1342396|cc|5|1|PVO.4|5024,0,8.03626e-12,1.40234e-09,0,0,0,0,0,-3.48059e-11,3.10585e-12,0,0,0,0,False,nan|PVO.4,1342396
130_bNAb_Combinations|1342396|cc|6|1|PVO.4|5024,0,-5.78621e-10,-1.98203e-09,0,0,0,0,0,-2.14015e-11,-8.66329e-12,0,0,0,0,False,nan|PVO.4,1342396
130_bNAb_Combinations|1342396|cc|7|1|PVO.4|5024,0,-6.42363e-09,3.17071e-10,0,0,0,0,0,7.12888e-11,-1.48626e-11,0,0,0,0,False,nan|PVO.4,1342396
130_bNAb_Combinations|1342396|cc|8|1|PVO.4|5024,0,-1.0465e-09,2.66107e-10,0,0,0,0,0,-2.88303e-12,-7.84572e-12,0,0,0,0,False,nan|PVO.4,1342396
130_bNAb_Combinations|1342396|sample|3|PVO.4|5024,0,1.20442e-09,-8.16219e-10,0,0,0,0,0,-1.95595e-11,-3.78297e-12,0,0,0,0,True,VRC07-523LS|PVO.4,1342396
130_bNAb_Combinations|1342396|sample|4|PVO.4|5024,0,-3.68783e-10,-6.65189e-10,0,0,0,0,0,1.35466e-10,1.2037e-12,0,0,0,0,True,VRC07-523LS|PVO.4,1342396
130_bNAb_Combinations|1342396|vc|1|2|PVO.4|5024,0,1.69935e-09,-1.29181e-09,0,0,0,0,0,3.13403e-11,2.41362e-11,0,0,0,0,False,nan|PVO.4,1342396
130_bNAb_Combinations|1342396|vc|2|2|PVO.4|5024,0,5.45161e-09,1.59011e-09,0,0,0,0,0,-4.7403e-11,3.43914e-12,0,0,0,0,False,nan|PVO.4,1342396
130_bNAb_Combinations|1342396|vc|3|2|PVO.4|5024,0,2.39952e-10,2.00579e-09,0,0,0,0,0,5.44489e-11,-3.81928e-12,0,0,0,0,False,nan|PVO.4,1342396
130_bNAb_Combinations|1342396|vc|4|2|PVO.4|5024,0,-6.37323e-09,-1.66481e-09,0,0,0,0,0,3.89058e-11,1.15468e-11,0,0,0,0,False,nan|PVO.4,1342396
130_bNAb_Combinations|1342396|vc|5|2|PVO.4|5024,0,-4.49296e-09,8.12293e-10,0,0,0,0,0,4.08376e-11,1.75383e-11,0,0,0,0,False,nan|PVO.4,1342396
130_bNAb_Combinations|1342396|vc|6|2|PVO.4|5024,0,-1.93297e-09,-2.65366e-09,0,0,0,0,0,-2.73355e-11,-1.40791e-11,0,0,0,0,False,nan|PVO.4,1342396
130_bNAb_Combinations|1342396|vc|7|2|PVO.4|5024,0,7.23706e-09,-1.1032e-09,0,0,0,0,0,2.26734e-11,1.24428e-11,0,0,0,0,False,nan|PVO.4,1342396
130_bNAb_Combinations|1342396|vc|8|2|PVO.4|5024,0,6.57133e-10,1.66829e-09,0,0,0,0,0,1.72493e-11,-9.7089e-12,0,0,0,0,False,nan|PVO.4,1342396
130_bNAb_Combinations|1342408|cc|1|1|nan|4168,0,3.15034e-09,-1.3568e-09,0,0,0,0,0,-4.46221e-11,1.48404e-12,0,0,0,0,False,nan|4168,1342408
130_bNAb_Combinations|1342408|cc|2|1|nan|4168,0,-1.8207e-09,4.67369e-10,0,0,0,0,0,-1.63665e-11,-1.00827e-11,0,0,0,0,False,nan|4168,1342408
130_bNAb_Combinations|1342408|cc|3|1|nan|4168,0,-5.83544e-09,1.79034e-09,0,0,0,0,0,5.41753e-11,1.23547e-11,0,0,0,0,False,nan|4168,1342408
130_bNAb_Combinations|1342408|cc|4|1|nan|4168,0,-2.07998e-09,1.93026e-10,0,0,0,0,0,-4.23857e-11,1.4002e-11,0,0,0,0,False,nan|4168,1342408
130_bNAb_Combinations|1342408|cc|5|1|nan|4168,0,-2.52563e-09,2.69119e-09,0,0,0,0,0,-1.54632e-11,1.99339e-11,0,0,0,0,False,nan|4168,1342408
130_bNAb_Combinations|1342408|cc|6|1|nan|4168,0,-1.94309e-09,4.15448e-09,0,0,0,0,0,-1.44205e-11,1.21848e-11,0,0,0,0,False,nan|4168,1342408
130_bNAb_Combinations|1342408|cc|7|1|nan|4168,0,1.81693e-09,1.02183e-09,0,0,0,0,0,-1.0453e-11,2.03367e-11,0,0,0,0,False,nan|4168,1342408
130_bNAb_Combinations|1342408|cc|8|1|nan|4168,0,1.73197e-09,6.58919e-10,0,0,0,0,0,-5.857e-11,-6.46272e-12,0,0,0,0,False,nan|4168,1342408
130_bNAb_Combinations|1342408|sample|3|nan|4168,0,4.51121e-11,5.14173e-09,0,0,0,0,0,2.03606e-11,-3.68927e-12,0,0,0,0,True,VRC07-523LS|4168,1342408
130_bNAb_Combinations|1342408|sample|4|nan|4168,0,4.34781e-10,-3.12581e-09,0,0,0,0,0,4.60894e-11,-1.01741e-11,0,0,0,0,True,VRC07-523LS|4168,1342408
130_bNAb_Combinations|1342408|vc|1|2|nan|4168,0,1.03176e-09,1.19017e-09,0,0,0,0,0,1.64437e-11,1.0617e-11,0,0,0,0,False,nan|4168,1342408
130_bNAb_Combinations|1342408|vc|2|2|nan|4168,0,-6.06073e-09,5.07886e-10,0,0,0,0,0,-5.15685e-11,8.72391e-12,0,0,0,0,False,nan|4168,1342408
130_bNAb_Combinations|1342408|vc|3|2|nan|4168,0,-2.60653e-10,-9.49955e-10,0,0,0,0,0,-9.47331e-12,1.30961e-11,0,0,0,0,False,nan|4168,1342408
130_bNAb_Combinations|1342408|vc|4|2|nan|4168,0,-6.58156e-09,1.91238e-09,0,0,0,0,0,-1.61346e-11,9.33331e-12,0,0,0,0,False,nan|4168,1342408
130_bNAb_Combinations|1342408|vc|5|2|nan|4168,0,-3.20546e-09,-7.71678e-10,0,0,0,0,0,-5.14158e-11,1.81086e-11,0,0,0,0,False,nan|4168,1342408
130_bNAb_Combinations|1342408|vc|6|2|nan|4168,0,-3.88191e-09,-5.08815e-10,0,0,0,0,0,-2.9682e-11,-1.28572e-11,0,0,0,0,False,nan|4168,1342408
130_bNAb_Combinations|1342408|vc|7|2|nan|4168,0,-1.83163e-09,1.73194e-10,0,0,0,0,0,-1.21396e-11,1.7267e-11,0,0,0,0,False,nan|4168,1342408
130_bNAb_Combinations|1342408|vc|8|2|nan|4168,0,-1.09179e-09,7.43005e-10,0,0,0,0,0,4.59526e-11,-1.02058e-11,0,0,0,0,False,nan|4168,1342408
704_VRC01_Concordance|1200432|cc|1|1|PVO.4|5024,0,-2.61852e-09,-9.77997e-10,0,0,0,0,0,-2.37517e-11,-3.02258e-12,0,0,0,0,False,nan|PVO.4,1200432
704_VRC01_Concordance|1200432|cc|2|1|PVO.4|5024,0,2.03725e-09,-1.08649e-09,0,0,0,0,0,-5.20304e-11,-1.48223e-11,0,0,0,0,False,nan|PVO.4,1200432
704_VRC01_Concordance|1200432|cc|3|1|PVO.4|5024,0,1.63502e-09,2.10402e-09,0,0,0,0,0,-1.75895e-11,2.30028e-11,0,0,0,0,False,nan|PVO.4,1200432
704_VRC01_Concordance|1200432|cc|4|1|PVO.4|5024,0,3.19939e-09,-3.16537e-09,0,0,0,0,0,-2.00631e-11,-2.64788e-13,0,0,0,0,False,nan|PVO.4,1200432
704_VRC01_Concordance|1200432|cc|5|1|PVO.4|5024,0,1.36346e-09,-1.08263e-09,0,0,0,0,0,-2.16698e-11,2.15964e-11,0,0,0,0,False,nan|PVO.4,1200432
704_VRC01_Concordance|1200432|cc|6|1|PVO.4|5024,0,-4.7965e-09,-1.15461e-09,0,0,0,0,0,3.48042e-11,-1.02918e-11,0,0,0,0,False,nan|PVO.4,1200432
704_VRC01_Concordance|1200432|cc|7|1|PVO.4|5024,0,-1.32821e-09,1.44025e-09,0,0,0,0,0,-3.03393e-11,3.94343e-11,0,0,0,0,False,nan|PVO.4,1200432
704_VRC01_Concordance|1200432|cc|8|1|PVO.4|5024,0,1.60598e-09,1.21523e-09,0,0,0,0,0,-4.68301e-11,-1.9216e-11,0,0,0,0,False,nan|PVO.4,1200432
704_VRC01_Concordance|1200432|sample|10|PVO.4|5024,0,5.2016e-09,1.43411e-09,0,0,0,0,0,-4.60787e-11,-7.5584e-13,0,0,0,0,True,Clinical VRC01|PVO.4,1200432
704_VRC01_Concordance|1200432|sample|11|PVO.4|5024,0,4.6923e-10,-2.59839e-09,0,0,0,0,0,-3.1843e-11,-1.20384e-11,0,0,0,0,True,Clinical VRC01|PVO.4,1200432
704_VRC01_Concordance|1200432|sample|12|PVO.4|5024,0,-6.49522e-09,7.724e-10,0,0,0,0,0,-4.28209e-11,-9.41114e-12,0,0,0,0,True,Clinical VRC01|PVO.4,1200432
704_VRC01_Concordance|1200432|sample|3|PVO.4|5024,0,-2.67616e-10,-1.72542e-09,0,0,0,0,0,7.21823e-12,2.09752e-11,0,0,0,0,True,Clinical VRC01|PVO.4,1200432
704_VRC01_Concordance|1200432|sample|4|PVO.4|5024,0,-1.531e-09,-4.14823e-09,0,0,0,0,0,-3.49987e-11,-1.2458e-11,0,0,0,0,True,Clinical VRC01|PVO.4,1200432
704_VRC01_Concordance|1200432|sample|5|PVO.4|5024,0,9.42129e-10,8.48563e-10,0,0,0,0,0,-3.01745e-11,1.95843e-13,0,0,0,0,True,Clinical VRC01|PVO.4,1200432
704_VRC01_Concordance|1200432|sample|6|PVO.4|5024,0,-9.36425e-10,3.09113e-09,0,0,0,0,0,-3.62355e-11,1.80704e-11,0,0,0,0,True,Clinical VRC01|PVO.4,1200432
704_VRC01_Concordance|1200432|sample|7|PVO.4|5024,0,5.6491e-10,-4.95134e-10,0,0,0,0,0,-4.0016e-11,1.36722e-11,0,0,0,0,True,Clinical VRC01|PVO.4,1200432
704_VRC01_Concordance|1200432|sample|8|PVO.4|5024,0,1.30732e-09,4.01047e-09,0,0,0,0,0,1.06853e-10,3.61924e-11,0,0,0,0,True,Clinical VRC01|PVO.4,1200432
704_VRC01_Concordance|1200432|sample|9|PVO.4|5024,0,2.08532e-10,6.40722e-10,0,0,0,0,0,-4.92939e-11,-1.13807e-11,0,0,0,0,True,Clinical VRC01|PVO.4,1200432
704_VRC01_Concordance|1200432|vc|1|2|PVO.4|5024,0,2.98065e-09,-7.76723e-10,0,0,0,0,0,-6.08491e-12,2.10397e-11,0,0,0,0,False,nan|PVO.4,1200432
704_VRC01_Concordance|1200432|vc|2|2|PVO.4|5024,0,-6.7892e-11,4.51313e-10,0,0,0,0,0,1.16334e-11,1.67663e-11,0,0,0,0,False,nan|PVO.4,1200432
704_VRC01_Concordance|1200432|vc|3|2|PVO.4|5024,0,8.96941e-09,2.26445e-09,0,0,0,0,0,-1.5166e-10,-3.6973e-11,0,0,0,0,False,nan|PVO.4,1200432
704_VRC01_Concordance|1200432|vc|4|2|PVO.4|5024,0,5.6437e-09,-1.15383e-09,0,0,0,0,0,-1.96883e-11,-1.16754e-11,0,0,0,0,False,nan|PVO.4,1200432
704_VRC01_Concordance|1200432|vc|5|2|PVO.4|5024,0,-1.99018e-09,-4.53358e-09,0,0,0,0,0,3.47784e-11,6.36635e-12,0,0,0,0,False,nan|PVO.4,1200432
704_VRC01_Concordance|1200432|vc|6|2|PVO.4|5024,0,1.01583e-08,-3.55345e-10,0,0,0,0,0,-3.46558e-11,9.87321e-12,0,0,0,0,False,nan|PVO.4,1200432
704_VRC01_Concordance|1200432|vc|7|2|PVO.4|5024,0,-1.29091e-09,5.88584e-09,0,0,0,0,0,-1.50049e-11,-1.8387e-11,0,0,0,0,False,nan|PVO.4,1200432
704_VRC01_Concordance|1200432|vc|8|2|PVO.4|5024,0,-5.53733e-10,5.91543e-10,0,0,0,0,0,-3.26805e-11,-2.92755e-12,0,0,0,0,False,nan|PVO.4,1200432
