id,eta_U_SAEM,eta_L_SAEM,eta_m_SAEM,eta_e_SAEM,eta_alpha_SAEM,eta_k_SAEM,eta_U_mode,eta_L_mode,eta_m_mode,eta_e_mode,eta_alpha_mode,eta_k_mode,goes_down,mab_virus,run_id
130_bNAb_Combinations|1313842|cc|1|1|nan|2946,0,0,2.80938e-09,0,0,0,0,0,-8.51857e-12,0,0,0,False,nan|2946,1313842
130_bNAb_Combinations|1313842|cc|2|1|nan|2946,0,0,3.65992e-10,0,0,0,0,0,1.17719e-11,0,0,0,False,nan|2946,1313842
130_bNAb_Combinations|1313842|cc|3|1|nan|2946,0,0,2.07564e-09,0,0,0,0,0,7.55951e-13,0,0,0,False,nan|2946,1313842
130_bNAb_Combinations|1313842|cc|4|1|nan|2946,0,0,-6.73763e-10,0,0,0,0,0,-1.12267e-11,0,0,0,False,nan|2946,1313842
130_bNAb_Combinations|1313842|cc|5|1|nan|2946,0,0,2.23563e-09,0,0,0,0,0,4.3231e-12,0,0,0,False,nan|2946,1313842
130_bNAb_Combinations|1313842|cc|6|1|nan|2946,0,0,-9.99411e-10,0,0,0,0,0,1.50792e-11,0,0,0,False,nan|2946,1313842
130_bNAb_Combinations|1313842|cc|7|1|nan|2946,0,0,5.58599e-10,0,0,0,0,0,8.84876e-12,0,0,0,False,nan|2946,1313842
130_bNAb_Combinations|1313842|cc|8|1|nan|2946,0,0,-4.51603e-10,0,0,0,0,0,1.54035e-11,0,0,0,False,nan|2946,1313842
130_bNAb_Combinations|1313842|sample|10|nan|2946,0,0,2.71829e-09,0,0,0,0,0,5.55734e-11,0,0,0,True,PGT121|2946,1313842
130_bNAb_Combinations|1313842|sample|11|nan|2946,0,0,2.36941e-09,0,0,0,0,0,-9.28235e-12,0,0,0,True,VRC07-523LS|2946,1313842
130_bNAb_Combinations|1313842|sample|12|nan|2946,0,0,1.11972e-09,0,0,0,0,0,-2.07435e-11,0,0,0,True,VRC07-523LS|2946,1313842
130_bNAb_Combinations|1313842|sample|3|nan|2946,0,0,2.35809e-09,0,0,0,0,0,1.36688e-11,0,0,0,True,PGDM1400|2946,1313842
130_bNAb_Combinations|1313842|sample|4|nan|2946,0,0,-2.18203e-09,0,0,0,0,0,9.18965e-12,0,0,0,True,PGDM1400|2946,1313842
130_bNAb_Combinations|1313842|sample|5|nan|2946,0,0,-1.68925e-09,0,0,0,0,0,-6.02995e-12,0,0,0,True,PGDM1400|2946,1313842
130_bNAb_Combinations|1313842|sample|6|nan|2946,0,0,-1.2345e-09,0,0,0,0,0,1.3304e-11,0,0,0,True,PGDM1400|2946,1313842
130_bNAb_Combinations|1313842|sample|7|nan|2946,0,0,2.65084e-09,0,0,0,0,0,-1.18749e-11,0,0,0,True,PGT121|2946,1313842
130_bNAb_Combinations|1313842|sample|8|nan|2946,0,0,-1.04002e-09,0,0,0,0,0,1.22675e-11,0,0,0,True,PGT121|2946,1313842
130_bNAb_Combinations|1313842|sample|9|nan|2946,0,0,-2.63703e-09,0,0,0,0,0,1.14362e-10,0,0,0,True,PGT121|2946,1313842
130_bNAb_Combinations|1313842|vc|1|2|nan|2946,0,0,1.77458e-09,0,0,0,0,0,1.25404e-11,0,0,0,False,nan|2946,1313842
130_bNAb_Combinations|1313842|vc|2|2|nan|2946,0,0,-1.28804e-10,0,0,0,0,0,-1.37526e-11,0,0,0,False,nan|2946,1313842
130_bNAb_Combinations|1313842|vc|3|2|nan|2946,0,0,5.10116e-10,0,0,0,0,0,3.1232e-10,0,0,0,False,nan|2946,1313842
130_bNAb_Combinations|1313842|vc|4|2|nan|2946,0,0,6.65138e-10,0,0,0,0,0,-1.93001e-12,0,0,0,False,nan|2946,1313842
130_bNAb_Combinations|1313842|vc|5|2|nan|2946,0,0,6.1938e-11,0,0,0,0,0,-1.85399e-11,0,0,0,False,nan|2946,1313842
130_bNAb_Combinations|1313842|vc|6|2|nan|2946,0,0,8.67046e-10,0,0,0,0,0,4.44828e-12,0,0,0,False,nan|2946,1313842
130_bNAb_Combinations|1313842|vc|7|2|nan|2946,0,0,-1.46979e-09,0,0,0,0,0,1.39724e-11,0,0,0,False,nan|2946,1313842
130_bNAb_Combinations|1313842|vc|8|2|nan|2946,0,0,3.98168e-10,0,0,0,0,0,4.84163e-12,0,0,0,False,nan|2946,1313842
130_bNAb_Combinations|1313860|cc|1|1|PVO.4|5024,0,0,-1.82177e-09,0,0,0,0,0,2.52547e-11,0,0,0,False,nan|PVO.4,1313860
130_bNAb_Combinations|1313860|cc|2|1|PVO.4|5024,0,0,-2.37454e-10,0,0,0,0,0,2.76288e-11,0,0,0,False,nan|PVO.4,1313860
130_bNAb_Combinations|1313860|cc|3|1|PVO.4|5024,0,0,-1.98637e-09,0,0,0,0,0,-2.63551e-11,0,0,0,False,nan|PVO.4,1313860
130_bNAb_Combinations|1313860|cc|4|1|PVO.4|5024,0,0,1.07276e-10,0,0,0,0,0,-2.31262e-11,0,0,0,False,nan|PVO.4,1313860
130_bNAb_Combinations|1313860|cc|5|1|PVO.4|5024,0,0,2.88798e-10,0,0,0,0,0,-1.10985e-11,0,0,0,False,nan|PVO.4,1313860
130_bNAb_Combinations|1313860|cc|6|1|PVO.4|5024,0,0,7.45659e-10,0,0,0,0,0,-6.22058e-12,0,0,0,False,nan|PVO.4,1313860
130_bNAb_Combinations|1313860|cc|7|1|PVO.4|5024,0,0,1.15648e-09,0,0,0,0,0,9.11515e-12,0,0,0,False,nan|PVO.4,1313860
130_bNAb_Combinations|1313860|cc|8|1|PVO.4|5024,0,0,2.4251e-09,0,0,0,0,0,6.52878e-12,0,0,0,False,nan|PVO.4,1313860
130_bNAb_Combinations|1313860|sample|10|PVO.4|5024,0,0,2.45196e-09,0,0,0,0,0,-1.09709e-11,0,0,0,True,PGT121|PVO.4,1313860
130_bNAb_Combinations|1313860|sample|11|PVO.4|5024,0,0,-8.2142e-10,0,0,0,0,0,-2.01872e-12,0,0,0,True,VRC07-523LS|PVO.4,1313860
130_bNAb_Combinations|1313860|sample|12|PVO.4|5024,0,0,-1.7351e-09,0,0,0,0,0,1.02266e-11,0,0,0,True,VRC07-523LS|PVO.4,1313860
130_bNAb_Combinations|1313860|sample|3|PVO.4|5024,0,0,8.43441e-10,0,0,0,0,0,-1.06285e-11,0,0,0,True,PGDM1400|PVO.4,1313860
130_bNAb_Combinations|1313860|sample|4|PVO.4|5024,0,0,2.29637e-09,0,0,0,0,0,9.0421e-12,0,0,0,True,PGDM1400|PVO.4,1313860
130_bNAb_Combinations|1313860|sample|5|PVO.4|5024,0,0,5.64624e-11,0,0,0,0,0,5.01577e-12,0,0,0,True,PGDM1400|PVO.4,1313860
130_bNAb_Combinations|1313860|sample|6|PVO.4|5024,0,0,-1.86966e-09,0,0,0,0,0,2.81156e-11,0,0,0,True,PGDM1400|PVO.4,1313860
130_bNAb_Combinations|1313860|sample|7|PVO.4|5024,0,0,1.15835e-09,0,0,0,0,0,9.72589e-12,0,0,0,True,PGT121|PVO.4,1313860
130_bNAb_Combinations|1313860|sample|8|PVO.4|5024,0,0,-1.90085e-11,0,0,0,0,0,1.25698e-11,0,0,0,True,PGT121|PVO.4,1313860
130_bNAb_Combinations|1313860|sample|9|PVO.4|5024,0,0,4.89874e-10,0,0,0,0,0,1.18211e-11,0,0,0,True,PGT121|PVO.4,1313860
130_bNAb_Combinations|1313860|vc|1|2|PVO.4|5024,0,0,-1.09963e-09,0,0,0,0,0,1.2917e-11,0,0,0,False,nan|PVO.4,1313860
130_bNAb_Combinations|1313860|vc|2|2|PVO.4|5024,0,0,-1.09032e-09,0,0,0,0,0,-6.01275e-12,0,0,0,False,nan|PVO.4,1313860
130_bNAb_Combinations|1313860|vc|3|2|PVO.4|5024,0,0,-1.50197e-09,0,0,0,0,0,6.06915e-12,0,0,0,False,nan|PVO.4,1313860
130_bNAb_Combinations|1313860|vc|4|2|PVO.4|5024,0,0,9.81736e-10,0,0,0,0,0,3.86646e-12,0,0,0,False,nan|PVO.4,1313860
130_bNAb_Combinations|1313860|vc|5|2|PVO.4|5024,0,0,-1.36466e-09,0,0,0,0,0,-2.61144e-11,0,0,0,False,nan|PVO.4,1313860
130_bNAb_Combinations|1313860|vc|6|2|PVO.4|5024,0,0,-7.94493e-10,0,0,0,0,0,7.3197e-12,0,0,0,False,nan|PVO.4,1313860
130_bNAb_Combinations|1313860|vc|7|2|PVO.4|5024,0,0,2.36998e-10,0,0,0,0,0,-6.3991e-12,0,0,0,False,nan|PVO.4,1313860
130_bNAb_Combinations|1313860|vc|8|2|PVO.4|5024,0,0,-8.46611e-10,0,0,0,0,0,1.16998e-11,0,0,0,False,nan|PVO.4,1313860
130_bNAb_Combinations|1313884|cc|1|1|nan|4168,0,0,-1.59658e-09,0,0,0,0,0,1.64898e-11,0,0,0,False,nan|4168,1313884
130_bNAb_Combinations|1313884|cc|2|1|nan|4168,0,0,2.5593e-10,0,0,0,0,0,-1.63692e-11,0,0,0,False,nan|4168,1313884
130_bNAb_Combinations|1313884|cc|3|1|nan|4168,0,0,-2.22205e-09,0,0,0,0,0,-1.54332e-11,0,0,0,False,nan|4168,1313884
130_bNAb_Combinations|1313884|cc|4|1|nan|4168,0,0,1.32506e-09,0,0,0,0,0,5.33296e-12,0,0,0,False,nan|4168,1313884
130_bNAb_Combinations|1313884|cc|5|1|nan|4168,0,0,-1.78837e-09,0,0,0,0,0,-7.25087e-13,0,0,0,False,nan|4168,1313884
130_bNAb_Combinations|1313884|cc|6|1|nan|4168,0,0,2.64637e-10,0,0,0,0,0,-7.66293e-12,0,0,0,False,nan|4168,1313884
130_bNAb_Combinations|1313884|cc|7|1|nan|4168,0,0,-1.26599e-09,0,0,0,0,0,3.28528e-11,0,0,0,False,nan|4168,1313884
130_bNAb_Combinations|1313884|cc|8|1|nan|4168,0,0,1.5039e-09,0,0,0,0,0,9.59877e-12,0,0,0,False,nan|4168,1313884
130_bNAb_Combinations|1313884|sample|10|nan|4168,0,0,1.55281e-09,0,0,0,0,0,-6.71047e-12,0,0,0,True,PGT121|4168,1313884
130_bNAb_Combinations|1313884|sample|11|nan|4168,0,0,-9.70813e-10,0,0,0,0,0,-6.97886e-12,0,0,0,True,VRC07-523LS|4168,1313884
130_bNAb_Combinations|1313884|sample|12|nan|4168,0,0,-2.97185e-09,0,0,0,0,0,-8.24202e-12,0,0,0,True,VRC07-523LS|4168,1313884
130_bNAb_Combinations|1313884|sample|3|nan|4168,0,0,2.11405e-12,0,0,0,0,0,8.7107e-12,0,0,0,True,PGDM1400|4168,1313884
130_bNAb_Combinations|1313884|sample|4|nan|4168,0,0,2.50815e-09,0,0,0,0,0,-6.32799e-12,0,0,0,True,PGDM1400|4168,1313884
130_bNAb_Combinations|1313884|sample|5|nan|4168,0,0,1.36809e-10,0,0,0,0,0,-4.89253e-12,0,0,0,True,PGDM1400|4168,1313884
130_bNAb_Combinations|1313884|sample|6|nan|4168,0,0,7.10386e-10,0,0,0,0,0,1.25654e-11,0,0,0,True,PGDM1400|4168,1313884
130_bNAb_Combinations|1313884|sample|7|nan|4168,0,0,1.77183e-10,0,0,0,0,0,-8.59485e-12,0,0,0,True,PGT121|4168,1313884
130_bNAb_Combinations|1313884|sample|8|nan|4168,0,0,-8.34089e-10,0,0,0,0,0,1.04382e-11,0,0,0,True,PGT121|4168,1313884
130_bNAb_Combinations|1313884|sample|9|nan|4168,0,0,5.41963e-10,0,0,0,0,0,-8.71375e-12,0,0,0,True,PGT121|4168,1313884
130_bNAb_Combinations|1313884|vc|1|2|nan|4168,0,0,2.67224e-10,0,0,0,0,0,-5.07533e-12,0,0,0,False,nan|4168,1313884
130_bNAb_Combinations|1313884|vc|2|2|nan|4168,0,0,1.29678e-09,0,0,0,0,0,1.19644e-11,0,0,0,False,nan|4168,1313884
130_bNAb_Combinations|1313884|vc|3|2|nan|4168,0,0,1.09164e-10,0,0,0,0,0,1.14359e-11,0,0,0,False,nan|4168,1313884
130_bNAb_Combinations|1313884|vc|4|2|nan|4168,0,0,4.51283e-10,0,0,0,0,0,4.41192e-12,0,0,0,False,nan|4168,1313884
130_bNAb_Combinations|1313884|vc|5|2|nan|4168,0,0,-8.26527e-10,0,0,0,0,0,-1.64819e-11,0,0,0,False,nan|4168,1313884
130_bNAb_Combinations|1313884|vc|6|2|nan|4168,0,0,2.43943e-09,0,0,0,0,0,-3.24717e-11,0,0,0,False,nan|4168,1313884
130_bNAb_Combinations|1313884|vc|7|2|nan|4168,0,0,4.51291e-09,0,0,0,0,0,1.59768e-11,0,0,0,False,nan|4168,1313884
130_bNAb_Combinations|1313884|vc|8|2|nan|4168,0,0,7.9517e-10,0,0,0,0,0,6.89845e-11,0,0,0,False,nan|4168,1313884
130_bNAb_Combinations|1313920|cc|1|1|nan|1798,0,0,-1.4904e-09,0,0,0,0,0,1.98963e-11,0,0,0,False,nan|1798,1313920
130_bNAb_Combinations|1313920|cc|2|1|nan|1798,0,0,3.32537e-10,0,0,0,0,0,-1.82673e-11,0,0,0,False,nan|1798,1313920
130_bNAb_Combinations|1313920|cc|3|1|nan|1798,0,0,6.3047e-10,0,0,0,0,0,1.02958e-11,0,0,0,False,nan|1798,1313920
130_bNAb_Combinations|1313920|cc|4|1|nan|1798,0,0,-4.85833e-10,0,0,0,0,0,-4.03777e-12,0,0,0,False,nan|1798,1313920
130_bNAb_Combinations|1313920|cc|5|1|nan|1798,0,0,2.33827e-09,0,0,0,0,0,-2.05644e-11,0,0,0,False,nan|1798,1313920
130_bNAb_Combinations|1313920|cc|6|1|nan|1798,0,0,-1.56764e-09,0,0,0,0,0,-8.36842e-12,0,0,0,False,nan|1798,1313920
130_bNAb_Combinations|1313920|cc|7|1|nan|1798,0,0,-8.31744e-10,0,0,0,0,0,-7.11453e-12,0,0,0,False,nan|1798,1313920
130_bNAb_Combinations|1313920|cc|8|1|nan|1798,0,0,8.70231e-10,0,0,0,0,0,-1.93128e-11,0,0,0,False,nan|1798,1313920
130_bNAb_Combinations|1313920|sample|10|nan|1798,0,0,-2.33758e-10,0,0,0,0,0,2.6672e-12,0,0,0,True,PGT121|1798,1313920
130_bNAb_Combinations|1313920|sample|11|nan|1798,0,0,1.80309e-09,0,0,0,0,0,-7.00792e-12,0,0,0,True,VRC07-523LS|1798,1313920
130_bNAb_Combinations|1313920|sample|12|nan|1798,0,0,-2.03206e-09,0,0,0,0,0,1.91552e-11,0,0,0,True,VRC07-523LS|1798,1313920
130_bNAb_Combinations|1313920|sample|3|nan|1798,0,0,-1.42909e-10,0,0,0,0,0,6.5936e-11,0,0,0,True,PGDM1400|1798,1313920
130_bNAb_Combinations|1313920|sample|4|nan|1798,0,0,-2.02882e-09,0,0,0,0,0,-3.2666e-11,0,0,0,True,PGDM1400|1798,1313920
130_bNAb_Combinations|1313920|sample|5|nan|1798,0,0,3.48745e-09,0,0,0,0,0,-1.07225e-11,0,0,0,True,PGDM1400|1798,1313920
130_bNAb_Combinations|1313920|sample|6|nan|1798,0,0,-3.59523e-09,0,0,0,0,0,-1.03536e-11,0,0,0,True,PGDM1400|1798,1313920
130_bNAb_Combinations|1313920|sample|7|nan|1798,0,0,-1.51271e-09,0,0,0,0,0,-8.01492e-12,0,0,0,True,PGT121|1798,1313920
130_bNAb_Combinations|1313920|sample|8|nan|1798,0,0,-1.2005e-10,0,0,0,0,0,2.06568e-11,0,0,0,True,PGT121|1798,1313920
130_bNAb_Combinations|1313920|sample|9|nan|1798,0,0,1.08069e-09,0,0,0,0,0,-2.29452e-11,0,0,0,True,PGT121|1798,1313920
130_bNAb_Combinations|1313920|vc|1|2|nan|1798,0,0,-9.3414e-10,0,0,0,0,0,-1.15578e-11,0,0,0,False,nan|1798,1313920
130_bNAb_Combinations|1313920|vc|2|2|nan|1798,0,0,1.6291e-09,0,0,0,0,0,4.91018e-12,0,0,0,False,nan|1798,1313920
130_bNAb_Combinations|1313920|vc|3|2|nan|1798,0,0,1.54132e-09,0,0,0,0,0,-9.40703e-12,0,0,0,False,nan|1798,1313920
130_bNAb_Combinations|1313920|vc|4|2|nan|1798,0,0,2.19927e-09,0,0,0,0,0,1.18513e-11,0,0,0,False,nan|1798,1313920
130_bNAb_Combinations|1313920|vc|5|2|nan|1798,0,0,-7.12352e-11,0,0,0,0,0,1.87481e-11,0,0,0,False,nan|1798,1313920
130_bNAb_Combinations|1313920|vc|6|2|nan|1798,0,0,1.11894e-09,0,0,0,0,0,9.0008e-12,0,0,0,False,nan|1798,1313920
130_bNAb_Combinations|1313920|vc|7|2|nan|1798,0,0,-9.55335e-10,0,0,0,0,0,-8.26483e-12,0,0,0,False,nan|1798,1313920
130_bNAb_Combinations|1313920|vc|8|2|nan|1798,0,0,-3.20153e-09,0,0,0,0,0,2.29448e-11,0,0,0,False,nan|1798,1313920
130_bNAb_Combinations|1313938|cc|1|1|TRO.11|8301,0,0,1.7244e-09,0,0,0,0,0,1.94709e-11,0,0,0,False,nan|TRO.11,1313938
130_bNAb_Combinations|1313938|cc|2|1|TRO.11|8301,0,0,-3.4596e-10,0,0,0,0,0,-9.86744e-12,0,0,0,False,nan|TRO.11,1313938
130_bNAb_Combinations|1313938|cc|3|1|TRO.11|8301,0,0,-2.34267e-09,0,0,0,0,0,8.60712e-12,0,0,0,False,nan|TRO.11,1313938
130_bNAb_Combinations|1313938|cc|4|1|TRO.11|8301,0,0,-1.52394e-09,0,0,0,0,0,-2.52363e-11,0,0,0,False,nan|TRO.11,1313938
130_bNAb_Combinations|1313938|cc|5|1|TRO.11|8301,0,0,8.47007e-10,0,0,0,0,0,2.04914e-11,0,0,0,False,nan|TRO.11,1313938
130_bNAb_Combinations|1313938|cc|6|1|TRO.11|8301,0,0,2.15189e-09,0,0,0,0,0,7.74869e-12,0,0,0,False,nan|TRO.11,1313938
130_bNAb_Combinations|1313938|cc|7|1|TRO.11|8301,0,0,-1.36648e-09,0,0,0,0,0,-2.27931e-11,0,0,0,False,nan|TRO.11,1313938
130_bNAb_Combinations|1313938|cc|8|1|TRO.11|8301,0,0,-7.76338e-10,0,0,0,0,0,1.02305e-10,0,0,0,False,nan|TRO.11,1313938
130_bNAb_Combinations|1313938|sample|10|TRO.11|8301,0,0,-1.46754e-09,0,0,0,0,0,-1.3495e-11,0,0,0,True,PGT121|TRO.11,1313938
130_bNAb_Combinations|1313938|sample|11|TRO.11|8301,0,0,9.7294e-10,0,0,0,0,0,8.70048e-12,0,0,0,True,VRC07-523LS|TRO.11,1313938
130_bNAb_Combinations|1313938|sample|12|TRO.11|8301,0,0,-6.1728e-10,0,0,0,0,0,-9.33398e-12,0,0,0,True,VRC07-523LS|TRO.11,1313938
130_bNAb_Combinations|1313938|sample|3|TRO.11|8301,0,0,-8.65565e-10,0,0,0,0,0,-1.74927e-12,0,0,0,True,PGDM1400|TRO.11,1313938
130_bNAb_Combinations|1313938|sample|4|TRO.11|8301,0,0,2.68962e-09,0,0,0,0,0,1.25085e-11,0,0,0,True,PGDM1400|TRO.11,1313938
130_bNAb_Combinations|1313938|sample|5|TRO.11|8301,0,0,-6.89381e-10,0,0,0,0,0,-1.1929e-11,0,0,0,True,PGDM1400|TRO.11,1313938
130_bNAb_Combinations|1313938|sample|6|TRO.11|8301,0,0,3.35577e-12,0,0,0,0,0,9.89492e-12,0,0,0,True,PGDM1400|TRO.11,1313938
130_bNAb_Combinations|1313938|sample|7|TRO.11|8301,0,0,8.10847e-10,0,0,0,0,0,-7.18359e-12,0,0,0,True,PGT121|TRO.11,1313938
130_bNAb_Combinations|1313938|sample|8|TRO.11|8301,0,0,-2.00975e-10,0,0,0,0,0,3.22515e-11,0,0,0,True,PGT121|TRO.11,1313938
130_bNAb_Combinations|1313938|sample|9|TRO.11|8301,0,0,6.32306e-10,0,0,0,0,0,-1.61666e-11,0,0,0,True,PGT121|TRO.11,1313938
130_bNAb_Combinations|1313938|vc|1|2|TRO.11|8301,0,0,2.15095e-10,0,0,0,0,0,8.63687e-12,0,0,0,False,nan|TRO.11,1313938
130_bNAb_Combinations|1313938|vc|2|2|TRO.11|8301,0,0,2.93693e-09,0,0,0,0,0,-8.11773e-12,0,0,0,False,nan|TRO.11,1313938
130_bNAb_Combinations|1313938|vc|3|2|TRO.11|8301,0,0,-1.51646e-09,0,0,0,0,0,8.07376e-12,0,0,0,False,nan|TRO.11,1313938
130_bNAb_Combinations|1313938|vc|4|2|TRO.11|8301,0,0,1.21942e-09,0,0,0,0,0,-2.04714e-11,0,0,0,False,nan|TRO.11,1313938
130_bNAb_Combinations|1313938|vc|5|2|TRO.11|8301,0,0,-7.15803e-10,0,0,0,0,0,7.82507e-12,0,0,0,False,nan|TRO.11,1313938
130_bNAb_Combinations|1313938|vc|6|2|TRO.11|8301,0,0,2.40522e-11,0,0,0,0,0,2.4279e-11,0,0,0,False,nan|TRO.11,1313938
130_bNAb_Combinations|1313938|vc|7|2|TRO.11|8301,0,0,8.00259e-10,0,0,0,0,0,2.54137e-11,0,0,0,False,nan|TRO.11,1313938
130_bNAb_Combinations|1313938|vc|8|2|TRO.11|8301,0,0,2.10004e-09,0,0,0,0,0,7.56928e-12,0,0,0,False,nan|TRO.11,1313938
130_bNAb_Combinations|1313956|cc|1|1|Ce1176_A3|7023,0,0,-1.92985e-09,0,0,0,0,0,-3.53051e-12,0,0,0,False,nan|Ce1176_A3,1313956
130_bNAb_Combinations|1313956|cc|2|1|Ce1176_A3|7023,0,0,1.37132e-09,0,0,0,0,0,1.36759e-11,0,0,0,False,nan|Ce1176_A3,1313956
130_bNAb_Combinations|1313956|cc|3|1|Ce1176_A3|7023,0,0,1.7094e-09,0,0,0,0,0,-1.72222e-11,0,0,0,False,nan|Ce1176_A3,1313956
130_bNAb_Combinations|1313956|cc|4|1|Ce1176_A3|7023,0,0,-1.54331e-09,0,0,0,0,0,1.40288e-11,0,0,0,False,nan|Ce1176_A3,1313956
130_bNAb_Combinations|1313956|cc|5|1|Ce1176_A3|7023,0,0,-2.2962e-09,0,0,0,0,0,7.29011e-11,0,0,0,False,nan|Ce1176_A3,1313956
130_bNAb_Combinations|1313956|cc|6|1|Ce1176_A3|7023,0,0,-5.8645e-12,0,0,0,0,0,1.73717e-12,0,0,0,False,nan|Ce1176_A3,1313956
130_bNAb_Combinations|1313956|cc|7|1|Ce1176_A3|7023,0,0,2.01927e-10,0,0,0,0,0,-1.18618e-11,0,0,0,False,nan|Ce1176_A3,1313956
130_bNAb_Combinations|1313956|cc|8|1|Ce1176_A3|7023,0,0,-9.15578e-10,0,0,0,0,0,1.44853e-11,0,0,0,False,nan|Ce1176_A3,1313956
130_bNAb_Combinations|1313956|sample|10|Ce1176_A3|7023,0,0,-2.59551e-10,0,0,0,0,0,5.38369e-12,0,0,0,True,PGT121|Ce1176_A3,1313956
130_bNAb_Combinations|1313956|sample|11|Ce1176_A3|7023,0,0,-3.0173e-10,0,0,0,0,0,-3.01059e-12,0,0,0,True,VRC07-523LS|Ce1176_A3,1313956
130_bNAb_Combinations|1313956|sample|12|Ce1176_A3|7023,0,0,-1.61606e-09,0,0,0,0,0,-8.90121e-12,0,0,0,True,VRC07-523LS|Ce1176_A3,1313956
130_bNAb_Combinations|1313956|sample|3|Ce1176_A3|7023,0,0,-1.85131e-09,0,0,0,0,0,-7.3539e-12,0,0,0,True,PGDM1400|Ce1176_A3,1313956
130_bNAb_Combinations|1313956|sample|4|Ce1176_A3|7023,0,0,-2.26696e-09,0,0,0,0,0,-2.44332e-11,0,0,0,True,PGDM1400|Ce1176_A3,1313956
130_bNAb_Combinations|1313956|sample|5|Ce1176_A3|7023,0,0,3.59047e-09,0,0,0,0,0,-1.26904e-11,0,0,0,True,PGDM1400|Ce1176_A3,1313956
130_bNAb_Combinations|1313956|sample|6|Ce1176_A3|7023,0,0,-3.26472e-10,0,0,0,0,0,-5.02208e-11,0,0,0,True,PGDM1400|Ce1176_A3,1313956
130_bNAb_Combinations|1313956|sample|7|Ce1176_A3|7023,0,0,-3.28579e-11,0,0,0,0,0,-2.63567e-12,0,0,0,True,PGT121|Ce1176_A3,1313956
130_bNAb_Combinations|1313956|sample|8|Ce1176_A3|7023,0,0,-3.95143e-10,0,0,0,0,0,-2.96181e-11,0,0,0,True,PGT121|Ce1176_A3,1313956
130_bNAb_Combinations|1313956|sample|9|Ce1176_A3|7023,0,0,-1.02179e-09,0,0,0,0,0,1.43423e-11,0,0,0,True,PGT121|Ce1176_A3,1313956
130_bNAb_Combinations|1313956|vc|1|2|Ce1176_A3|7023,0,0,1.36192e-09,0,0,0,0,0,-3.26232e-11,0,0,0,False,nan|Ce1176_A3,1313956
130_bNAb_Combinations|1313956|vc|2|2|Ce1176_A3|7023,0,0,-2.50425e-10,0,0,0,0,0,1.54661e-11,0,0,0,False,nan|Ce1176_A3,1313956
130_bNAb_Combinations|1313956|vc|3|2|Ce1176_A3|7023,0,0,1.37132e-09,0,0,0,0,0,1.36777e-11,0,0,0,False,nan|Ce1176_A3,1313956
130_bNAb_Combinations|1313956|vc|4|2|Ce1176_A3|7023,0,0,6.65117e-10,0,0,0,0,0,8.54672e-12,0,0,0,False,nan|Ce1176_A3,1313956
130_bNAb_Combinations|1313956|vc|5|2|Ce1176_A3|7023,0,0,-1.37168e-09,0,0,0,0,0,-3.57381e-11,0,0,0,False,nan|Ce1176_A3,1313956
130_bNAb_Combinations|1313956|vc|6|2|Ce1176_A3|7023,0,0,-1.19983e-10,0,0,0,0,0,3.52125e-11,0,0,0,False,nan|Ce1176_A3,1313956
130_bNAb_Combinations|1313956|vc|7|2|Ce1176_A3|7023,0,0,5.09515e-11,0,0,0,0,0,-1.52434e-11,0,0,0,False,nan|Ce1176_A3,1313956
130_bNAb_Combinations|1313956|vc|8|2|Ce1176_A3|7023,0,0,1.28611e-10,0,0,0,0,0,-1.138e-11,0,0,0,False,nan|Ce1176_A3,1313956
130_bNAb_Combinations|1313974|cc|1|1|nan|1176,0,0,-5.86603e-10,0,0,0,0,0,-5.32374e-12,0,0,0,False,nan|1176,1313974
130_bNAb_Combinations|1313974|cc|2|1|nan|1176,0,0,1.7847e-09,0,0,0,0,0,-4.20242e-12,0,0,0,False,nan|1176,1313974
130_bNAb_Combinations|1313974|cc|3|1|nan|1176,0,0,1.33627e-09,0,0,0,0,0,-1.16662e-12,0,0,0,False,nan|1176,1313974
130_bNAb_Combinations|1313974|cc|4|1|nan|1176,0,0,-1.1547e-09,0,0,0,0,0,-9.08829e-12,0,0,0,False,nan|1176,1313974
130_bNAb_Combinations|1313974|cc|5|1|nan|1176,0,0,-1.33059e-09,0,0,0,0,0,1.25344e-11,0,0,0,False,nan|1176,1313974
130_bNAb_Combinations|1313974|cc|6|1|nan|1176,0,0,-1.19695e-09,0,0,0,0,0,5.09282e-12,0,0,0,False,nan|1176,1313974
130_bNAb_Combinations|1313974|cc|7|1|nan|1176,0,0,2.23418e-10,0,0,0,0,0,-1.3578e-11,0,0,0,False,nan|1176,1313974
130_bNAb_Combinations|1313974|cc|8|1|nan|1176,0,0,-3.14849e-10,0,0,0,0,0,1.24838e-11,0,0,0,False,nan|1176,1313974
130_bNAb_Combinations|1313974|sample|10|nan|1176,0,0,-1.40035e-09,0,0,0,0,0,1.38828e-11,0,0,0,True,PGT121|1176,1313974
130_bNAb_Combinations|1313974|sample|11|nan|1176,0,0,-1.95621e-10,0,0,0,0,0,7.64058e-12,0,0,0,True,VRC07-523LS|1176,1313974
130_bNAb_Combinations|1313974|sample|12|nan|1176,0,0,-1.57166e-09,0,0,0,0,0,-3.28093e-12,0,0,0,True,VRC07-523LS|1176,1313974
130_bNAb_Combinations|1313974|sample|3|nan|1176,0,0,-1.1362e-09,0,0,0,0,0,7.12997e-12,0,0,0,True,PGDM1400|1176,1313974
130_bNAb_Combinations|1313974|sample|4|nan|1176,0,0,1.24707e-09,0,0,0,0,0,-1.97822e-11,0,0,0,True,PGDM1400|1176,1313974
130_bNAb_Combinations|1313974|sample|5|nan|1176,0,0,3.75867e-10,0,0,0,0,0,1.85174e-11,0,0,0,True,PGDM1400|1176,1313974
130_bNAb_Combinations|1313974|sample|6|nan|1176,0,0,-2.17556e-10,0,0,0,0,0,1.62712e-11,0,0,0,True,PGDM1400|1176,1313974
130_bNAb_Combinations|1313974|sample|7|nan|1176,0,0,-2.26286e-10,0,0,0,0,0,3.71638e-11,0,0,0,True,PGT121|1176,1313974
130_bNAb_Combinations|1313974|sample|8|nan|1176,0,0,1.17114e-09,0,0,0,0,0,1.52894e-11,0,0,0,True,PGT121|1176,1313974
130_bNAb_Combinations|1313974|sample|9|nan|1176,0,0,8.01161e-10,0,0,0,0,0,-9.45377e-12,0,0,0,True,PGT121|1176,1313974
130_bNAb_Combinations|1313974|vc|1|2|nan|1176,0,0,-2.02608e-09,0,0,0,0,0,2.2454e-11,0,0,0,False,nan|1176,1313974
130_bNAb_Combinations|1313974|vc|2|2|nan|1176,0,0,-2.0365e-09,0,0,0,0,0,1.20326e-11,0,0,0,False,nan|1176,1313974
130_bNAb_Combinations|1313974|vc|3|2|nan|1176,0,0,-4.0318e-10,0,0,0,0,0,8.80207e-12,0,0,0,False,nan|1176,1313974
130_bNAb_Combinations|1313974|vc|4|2|nan|1176,0,0,-2.53355e-10,0,0,0,0,0,-1.06739e-11,0,0,0,False,nan|1176,1313974
130_bNAb_Combinations|1313974|vc|5|2|nan|1176,0,0,6.69269e-10,0,0,0,0,0,9.02611e-12,0,0,0,False,nan|1176,1313974
130_bNAb_Combinations|1313974|vc|6|2|nan|1176,0,0,1.54804e-09,0,0,0,0,0,1.3086e-11,0,0,0,False,nan|1176,1313974
130_bNAb_Combinations|1313974|vc|7|2|nan|1176,0,0,2.97106e-09,0,0,0,0,0,5.3503e-11,0,0,0,False,nan|1176,1313974
130_bNAb_Combinations|1313974|vc|8|2|nan|1176,0,0,-2.09769e-09,0,0,0,0,0,7.28018e-12,0,0,0,False,nan|1176,1313974
130_bNAb_Combinations|1313992|cc|1|1|RHPA4259.7|5371,0,0,8.74431e-10,0,0,0,0,0,7.66287e-12,0,0,0,False,nan|RHPA4259.7,1313992
130_bNAb_Combinations|1313992|cc|2|1|RHPA4259.7|5371,0,0,1.43099e-09,0,0,0,0,0,9.95773e-12,0,0,0,False,nan|RHPA4259.7,1313992
130_bNAb_Combinations|1313992|cc|3|1|RHPA4259.7|5371,0,0,9.2835e-10,0,0,0,0,0,-1.07137e-11,0,0,0,False,nan|RHPA4259.7,1313992
130_bNAb_Combinations|1313992|cc|4|1|RHPA4259.7|5371,0,0,-9.70112e-10,0,0,0,0,0,-5.3908e-12,0,0,0,False,nan|RHPA4259.7,1313992
130_bNAb_Combinations|1313992|cc|5|1|RHPA4259.7|5371,0,0,-2.75192e-10,0,0,0,0,0,-9.32808e-12,0,0,0,False,nan|RHPA4259.7,1313992
130_bNAb_Combinations|1313992|cc|6|1|RHPA4259.7|5371,0,0,8.37194e-10,0,0,0,0,0,1.86229e-11,0,0,0,False,nan|RHPA4259.7,1313992
130_bNAb_Combinations|1313992|cc|7|1|RHPA4259.7|5371,0,0,-1.48815e-09,0,0,0,0,0,6.73434e-12,0,0,0,False,nan|RHPA4259.7,1313992
130_bNAb_Combinations|1313992|cc|8|1|RHPA4259.7|5371,0,0,-1.50693e-09,0,0,0,0,0,-1.2039e-11,0,0,0,False,nan|RHPA4259.7,1313992
130_bNAb_Combinations|1313992|sample|10|RHPA4259.7|5371,0,0,1.02446e-10,0,0,0,0,0,-8.94662e-12,0,0,0,True,PGT121|RHPA4259.7,1313992
130_bNAb_Combinations|1313992|sample|11|RHPA4259.7|5371,0,0,2.72287e-10,0,0,0,0,0,-2.96017e-11,0,0,0,True,VRC07-523LS|RHPA4259.7,1313992
130_bNAb_Combinations|1313992|sample|12|RHPA4259.7|5371,0,0,-1.47709e-09,0,0,0,0,0,3.10068e-11,0,0,0,True,VRC07-523LS|RHPA4259.7,1313992
130_bNAb_Combinations|1313992|sample|3|RHPA4259.7|5371,0,0,-3.2392e-10,0,0,0,0,0,-8.61565e-12,0,0,0,True,PGDM1400|RHPA4259.7,1313992
130_bNAb_Combinations|1313992|sample|4|RHPA4259.7|5371,0,0,1.67325e-09,0,0,0,0,0,-1.78999e-11,0,0,0,True,PGDM1400|RHPA4259.7,1313992
130_bNAb_Combinations|1313992|sample|5|RHPA4259.7|5371,0,0,1.5376e-09,0,0,0,0,0,-7.62362e-12,0,0,0,True,PGDM1400|RHPA4259.7,1313992
130_bNAb_Combinations|1313992|sample|6|RHPA4259.7|5371,0,0,1.76741e-09,0,0,0,0,0,3.30446e-12,0,0,0,True,PGDM1400|RHPA4259.7,1313992
130_bNAb_Combinations|1313992|sample|7|RHPA4259.7|5371,0,0,2.94075e-11,0,0,0,0,0,1.48175e-11,0,0,0,True,PGT121|RHPA4259.7,1313992
130_bNAb_Combinations|1313992|sample|8|RHPA4259.7|5371,0,0,1.39502e-09,0,0,0,0,0,-7.09743e-12,0,0,0,True,PGT121|RHPA4259.7,1313992
130_bNAb_Combinations|1313992|sample|9|RHPA4259.7|5371,0,0,1.12654e-09,0,0,0,0,0,1.48348e-11,0,0,0,True,PGT121|RHPA4259.7,1313992
130_bNAb_Combinations|1313992|vc|1|2|RHPA4259.7|5371,0,0,1.47378e-09,0,0,0,0,0,-1.95539e-11,0,0,0,False,nan|RHPA4259.7,1313992
130_bNAb_Combinations|1313992|vc|2|2|RHPA4259.7|5371,0,0,-9.00598e-10,0,0,0,0,0,-8.17209e-12,0,0,0,False,nan|RHPA4259.7,1313992
130_bNAb_Combinations|1313992|vc|3|2|RHPA4259.7|5371,0,0,-6.73196e-10,0,0,0,0,0,-4.58542e-11,0,0,0,False,nan|RHPA4259.7,1313992
130_bNAb_Combinations|1313992|vc|4|2|RHPA4259.7|5371,0,0,8.26587e-10,0,0,0,0,0,8.01556e-12,0,0,0,False,nan|RHPA4259.7,1313992
130_bNAb_Combinations|1313992|vc|5|2|RHPA4259.7|5371,0,0,-9.96014e-10,0,0,0,0,0,-7.19412e-12,0,0,0,False,nan|RHPA4259.7,1313992
130_bNAb_Combinations|1313992|vc|6|2|RHPA4259.7|5371,0,0,-1.05058e-09,0,0,0,0,0,1.0532e-11,0,0,0,False,nan|RHPA4259.7,1313992
130_bNAb_Combinations|1313992|vc|7|2|RHPA4259.7|5371,0,0,9.1346e-10,0,0,0,0,0,-1.50507e-12,0,0,0,False,nan|RHPA4259.7,1313992
130_bNAb_Combinations|1313992|vc|8|2|RHPA4259.7|5371,0,0,-1.40949e-09,0,0,0,0,0,-1.09955e-11,0,0,0,False,nan|RHPA4259.7,1313992
130_bNAb_Combinations|1314016|cc|1|1|nan|3430,0,0,6.73545e-10,0,0,0,0,0,-7.99105e-12,0,0,0,False,nan|3430,1314016
130_bNAb_Combinations|1314016|cc|2|1|nan|3430,0,0,3.20392e-10,0,0,0,0,0,-1.14209e-11,0,0,0,False,nan|3430,1314016
130_bNAb_Combinations|1314016|cc|3|1|nan|3430,0,0,-1.26787e-09,0,0,0,0,0,-6.49936e-12,0,0,0,False,nan|3430,1314016
130_bNAb_Combinations|1314016|cc|4|1|nan|3430,0,0,3.30238e-10,0,0,0,0,0,3.72841e-11,0,0,0,False,nan|3430,1314016
130_bNAb_Combinations|1314016|cc|5|1|nan|3430,0,0,-4.28301e-10,0,0,0,0,0,1.70483e-11,0,0,0,False,nan|3430,1314016
130_bNAb_Combinations|1314016|cc|6|1|nan|3430,0,0,-1.23103e-09,0,0,0,0,0,-8.51785e-12,0,0,0,False,nan|3430,1314016
130_bNAb_Combinations|1314016|cc|7|1|nan|3430,0,0,-5.02499e-10,0,0,0,0,0,-1.8292e-11,0,0,0,False,nan|3430,1314016
130_bNAb_Combinations|1314016|cc|8|1|nan|3430,0,0,4.30356e-10,0,0,0,0,0,-1.80309e-11,0,0,0,False,nan|3430,1314016
130_bNAb_Combinations|1314016|sample|10|nan|3430,0,0,-7.26986e-10,0,0,0,0,0,3.49643e-12,0,0,0,True,PGT121|3430,1314016
130_bNAb_Combinations|1314016|sample|11|nan|3430,0,0,4.30468e-10,0,0,0,0,0,-1.14926e-11,0,0,0,True,VRC07-523LS|3430,1314016
130_bNAb_Combinations|1314016|sample|12|nan|3430,0,0,-9.0589e-10,0,0,0,0,0,1.04519e-11,0,0,0,True,VRC07-523LS|3430,1314016
130_bNAb_Combinations|1314016|sample|3|nan|3430,0,0,-8.42839e-10,0,0,0,0,0,1.03425e-11,0,0,0,True,PGDM1400|3430,1314016
130_bNAb_Combinations|1314016|sample|4|nan|3430,0,0,6.919e-10,0,0,0,0,0,1.19721e-11,0,0,0,True,PGDM1400|3430,1314016
130_bNAb_Combinations|1314016|sample|5|nan|3430,0,0,-1.264e-09,0,0,0,0,0,9.55352e-12,0,0,0,True,PGDM1400|3430,1314016
130_bNAb_Combinations|1314016|sample|6|nan|3430,0,0,-2.97008e-10,0,0,0,0,0,1.21668e-11,0,0,0,True,PGDM1400|3430,1314016
130_bNAb_Combinations|1314016|sample|7|nan|3430,0,0,9.9764e-10,0,0,0,0,0,1.04824e-11,0,0,0,True,PGT121|3430,1314016
130_bNAb_Combinations|1314016|sample|8|nan|3430,0,0,-5.97883e-10,0,0,0,0,0,1.16386e-11,0,0,0,True,PGT121|3430,1314016
130_bNAb_Combinations|1314016|sample|9|nan|3430,0,0,1.27239e-10,0,0,0,0,0,1.09979e-11,0,0,0,True,PGT121|3430,1314016
130_bNAb_Combinations|1314016|vc|1|2|nan|3430,0,0,1.171e-09,0,0,0,0,0,-1.56879e-11,0,0,0,False,nan|3430,1314016
130_bNAb_Combinations|1314016|vc|2|2|nan|3430,0,0,-9.99977e-10,0,0,0,0,0,8.81462e-12,0,0,0,False,nan|3430,1314016
130_bNAb_Combinations|1314016|vc|3|2|nan|3430,0,0,-3.71553e-10,0,0,0,0,0,3.49381e-11,0,0,0,False,nan|3430,1314016
130_bNAb_Combinations|1314016|vc|4|2|nan|3430,0,0,-1.01957e-09,0,0,0,0,0,8.65341e-12,0,0,0,False,nan|3430,1314016
130_bNAb_Combinations|1314016|vc|5|2|nan|3430,0,0,9.83283e-10,0,0,0,0,0,-9.11726e-12,0,0,0,False,nan|3430,1314016
130_bNAb_Combinations|1314016|vc|6|2|nan|3430,0,0,-4.25026e-10,0,0,0,0,0,-1.85353e-11,0,0,0,False,nan|3430,1314016
130_bNAb_Combinations|1314016|vc|7|2|nan|3430,0,0,3.48108e-10,0,0,0,0,0,1.62959e-11,0,0,0,False,nan|3430,1314016
130_bNAb_Combinations|1314016|vc|8|2|nan|3430,0,0,9.23391e-11,0,0,0,0,0,-6.32516e-12,0,0,0,False,nan|3430,1314016
130_bNAb_Combinations|1314040|cc|1|1|nan|4166,0,0,1.50574e-09,0,0,0,0,0,2.88127e-11,0,0,0,False,nan|4166,1314040
130_bNAb_Combinations|1314040|cc|2|1|nan|4166,0,0,-2.7066e-09,0,0,0,0,0,-2.71436e-11,0,0,0,False,nan|4166,1314040
130_bNAb_Combinations|1314040|cc|3|1|nan|4166,0,0,2.01983e-09,0,0,0,0,0,-1.54148e-11,0,0,0,False,nan|4166,1314040
130_bNAb_Combinations|1314040|cc|4|1|nan|4166,0,0,-4.29912e-11,0,0,0,0,0,3.09683e-11,0,0,0,False,nan|4166,1314040
130_bNAb_Combinations|1314040|cc|5|1|nan|4166,0,0,-6.47671e-10,0,0,0,0,0,-1.53904e-11,0,0,0,False,nan|4166,1314040
130_bNAb_Combinations|1314040|cc|6|1|nan|4166,0,0,-7.54846e-10,0,0,0,0,0,-6.05296e-11,0,0,0,False,nan|4166,1314040
130_bNAb_Combinations|1314040|cc|7|1|nan|4166,0,0,-3.17357e-11,0,0,0,0,0,1.12081e-11,0,0,0,False,nan|4166,1314040
130_bNAb_Combinations|1314040|cc|8|1|nan|4166,0,0,2.69793e-09,0,0,0,0,0,1.13058e-11,0,0,0,False,nan|4166,1314040
130_bNAb_Combinations|1314040|sample|10|nan|4166,0,0,2.2389e-09,0,0,0,0,0,1.18336e-11,0,0,0,True,PGT121|4166,1314040
130_bNAb_Combinations|1314040|sample|11|nan|4166,0,0,9.8842e-10,0,0,0,0,0,1.08424e-11,0,0,0,True,VRC07-523LS|4166,1314040
130_bNAb_Combinations|1314040|sample|12|nan|4166,0,0,-7.96287e-10,0,0,0,0,0,-6.13465e-12,0,0,0,True,VRC07-523LS|4166,1314040
130_bNAb_Combinations|1314040|sample|3|nan|4166,0,0,-2.56685e-10,0,0,0,0,0,-9.65883e-12,0,0,0,True,PGDM1400|4166,1314040
130_bNAb_Combinations|1314040|sample|4|nan|4166,0,0,-1.42431e-09,0,0,0,0,0,7.5383e-12,0,0,0,True,PGDM1400|4166,1314040
130_bNAb_Combinations|1314040|sample|5|nan|4166,0,0,3.33474e-10,0,0,0,0,0,-1.19117e-11,0,0,0,True,PGDM1400|4166,1314040
130_bNAb_Combinations|1314040|sample|6|nan|4166,0,0,5.00112e-12,0,0,0,0,0,-1.45576e-11,0,0,0,True,PGDM1400|4166,1314040
130_bNAb_Combinations|1314040|sample|7|nan|4166,0,0,-2.60721e-09,0,0,0,0,0,-1.73759e-11,0,0,0,True,PGT121|4166,1314040
130_bNAb_Combinations|1314040|sample|8|nan|4166,0,0,-1.30561e-10,0,0,0,0,0,1.4877e-11,0,0,0,True,PGT121|4166,1314040
130_bNAb_Combinations|1314040|sample|9|nan|4166,0,0,-1.73107e-10,0,0,0,0,0,8.27738e-12,0,0,0,True,PGT121|4166,1314040
130_bNAb_Combinations|1314040|vc|1|2|nan|4166,0,0,5.43047e-10,0,0,0,0,0,-3.34821e-12,0,0,0,False,nan|4166,1314040
130_bNAb_Combinations|1314040|vc|2|2|nan|4166,0,0,6.67563e-10,0,0,0,0,0,-2.90346e-12,0,0,0,False,nan|4166,1314040
130_bNAb_Combinations|1314040|vc|3|2|nan|4166,0,0,-1.49386e-09,0,0,0,0,0,6.91691e-12,0,0,0,False,nan|4166,1314040
130_bNAb_Combinations|1314040|vc|4|2|nan|4166,0,0,1.34287e-09,0,0,0,0,0,-9.98601e-12,0,0,0,False,nan|4166,1314040
130_bNAb_Combinations|1314040|vc|5|2|nan|4166,0,0,1.19997e-09,0,0,0,0,0,-2.88167e-11,0,0,0,False,nan|4166,1314040
130_bNAb_Combinations|1314040|vc|6|2|nan|4166,0,0,-1.51365e-09,0,0,0,0,0,-1.2873e-11,0,0,0,False,nan|4166,1314040
130_bNAb_Combinations|1314040|vc|7|2|nan|4166,0,0,-2.36044e-09,0,0,0,0,0,8.83849e-12,0,0,0,False,nan|4166,1314040
130_bNAb_Combinations|1314040|vc|8|2|nan|4166,0,0,2.8643e-09,0,0,0,0,0,-8.43081e-12,0,0,0,False,nan|4166,1314040
130_bNAb_Combinations|1314058|cc|1|1|nan|2944,0,0,-1.47913e-10,0,0,0,0,0,8.74145e-12,0,0,0,False,nan|2944,1314058
130_bNAb_Combinations|1314058|cc|2|1|nan|2944,0,0,-8.95068e-10,0,0,0,0,0,-1.06732e-11,0,0,0,False,nan|2944,1314058
130_bNAb_Combinations|1314058|cc|3|1|nan|2944,0,0,5.32965e-10,0,0,0,0,0,3.46529e-11,0,0,0,False,nan|2944,1314058
130_bNAb_Combinations|1314058|cc|4|1|nan|2944,0,0,-8.24395e-10,0,0,0,0,0,-1.27747e-11,0,0,0,False,nan|2944,1314058
130_bNAb_Combinations|1314058|cc|5|1|nan|2944,0,0,-1.87036e-09,0,0,0,0,0,3.28755e-11,0,0,0,False,nan|2944,1314058
130_bNAb_Combinations|1314058|cc|6|1|nan|2944,0,0,-3.71417e-09,0,0,0,0,0,8.40772e-12,0,0,0,False,nan|2944,1314058
130_bNAb_Combinations|1314058|cc|7|1|nan|2944,0,0,4.65267e-11,0,0,0,0,0,-1.51403e-11,0,0,0,False,nan|2944,1314058
130_bNAb_Combinations|1314058|cc|8|1|nan|2944,0,0,-9.12405e-10,0,0,0,0,0,8.37796e-12,0,0,0,False,nan|2944,1314058
130_bNAb_Combinations|1314058|sample|10|nan|2944,0,0,8.58555e-10,0,0,0,0,0,1.17613e-11,0,0,0,True,PGT121|2944,1314058
130_bNAb_Combinations|1314058|sample|11|nan|2944,0,0,1.71513e-09,0,0,0,0,0,-4.0468e-11,0,0,0,True,VRC07-523LS|2944,1314058
130_bNAb_Combinations|1314058|sample|12|nan|2944,0,0,-2.3548e-10,0,0,0,0,0,-3.89744e-12,0,0,0,True,VRC07-523LS|2944,1314058
130_bNAb_Combinations|1314058|sample|3|nan|2944,0,0,-6.19962e-12,0,0,0,0,0,7.36566e-12,0,0,0,True,PGDM1400|2944,1314058
130_bNAb_Combinations|1314058|sample|4|nan|2944,0,0,-1.0241e-09,0,0,0,0,0,-1.18616e-11,0,0,0,True,PGDM1400|2944,1314058
130_bNAb_Combinations|1314058|sample|5|nan|2944,0,0,-1.38551e-09,0,0,0,0,0,-7.90745e-12,0,0,0,True,PGDM1400|2944,1314058
130_bNAb_Combinations|1314058|sample|6|nan|2944,0,0,-4.79981e-10,0,0,0,0,0,-3.61844e-12,0,0,0,True,PGDM1400|2944,1314058
130_bNAb_Combinations|1314058|sample|7|nan|2944,0,0,2.18703e-10,0,0,0,0,0,-9.63141e-12,0,0,0,True,PGT121|2944,1314058
130_bNAb_Combinations|1314058|sample|8|nan|2944,0,0,-8.13188e-10,0,0,0,0,0,1.35003e-11,0,0,0,True,PGT121|2944,1314058
130_bNAb_Combinations|1314058|sample|9|nan|2944,0,0,3.39933e-09,0,0,0,0,0,5.93392e-12,0,0,0,True,PGT121|2944,1314058
130_bNAb_Combinations|1314058|vc|1|2|nan|2944,0,0,1.51712e-10,0,0,0,0,0,1.72704e-11,0,0,0,False,nan|2944,1314058
130_bNAb_Combinations|1314058|vc|2|2|nan|2944,0,0,-1.08478e-09,0,0,0,0,0,1.79377e-11,0,0,0,False,nan|2944,1314058
130_bNAb_Combinations|1314058|vc|3|2|nan|2944,0,0,-1.61651e-09,0,0,0,0,0,-4.37184e-12,0,0,0,False,nan|2944,1314058
130_bNAb_Combinations|1314058|vc|4|2|nan|2944,0,0,-1.10918e-09,0,0,0,0,0,-6.46416e-12,0,0,0,False,nan|2944,1314058
130_bNAb_Combinations|1314058|vc|5|2|nan|2944,0,0,2.66197e-09,0,0,0,0,0,1.68252e-11,0,0,0,False,nan|2944,1314058
130_bNAb_Combinations|1314058|vc|6|2|nan|2944,0,0,-1.47368e-09,0,0,0,0,0,-7.09166e-12,0,0,0,False,nan|2944,1314058
130_bNAb_Combinations|1314058|vc|7|2|nan|2944,0,0,1.23932e-09,0,0,0,0,0,1.32685e-11,0,0,0,False,nan|2944,1314058
130_bNAb_Combinations|1314058|vc|8|2|nan|2944,0,0,-4.88194e-10,0,0,0,0,0,3.23301e-11,0,0,0,False,nan|2944,1314058
130_bNAb_Combinations|1342240|cc|1|1|nan|1798,0,0,-8.08777e-10,0,0,0,0,0,-8.63642e-12,0,0,0,False,nan|1798,1342240
130_bNAb_Combinations|1342240|cc|2|1|nan|1798,0,0,-1.95455e-09,0,0,0,0,0,-3.46445e-12,0,0,0,False,nan|1798,1342240
130_bNAb_Combinations|1342240|cc|3|1|nan|1798,0,0,-2.27478e-09,0,0,0,0,0,1.9144e-11,0,0,0,False,nan|1798,1342240
130_bNAb_Combinations|1342240|cc|4|1|nan|1798,0,0,-3.63922e-10,0,0,0,0,0,1.99195e-11,0,0,0,False,nan|1798,1342240
130_bNAb_Combinations|1342240|cc|5|1|nan|1798,0,0,-1.49714e-09,0,0,0,0,0,-1.13292e-11,0,0,0,False,nan|1798,1342240
130_bNAb_Combinations|1342240|cc|6|1|nan|1798,0,0,2.37793e-09,0,0,0,0,0,1.90926e-11,0,0,0,False,nan|1798,1342240
130_bNAb_Combinations|1342240|cc|7|1|nan|1798,0,0,2.7832e-10,0,0,0,0,0,-2.35077e-11,0,0,0,False,nan|1798,1342240
130_bNAb_Combinations|1342240|cc|8|1|nan|1798,0,0,-3.16541e-10,0,0,0,0,0,1.83247e-11,0,0,0,False,nan|1798,1342240
130_bNAb_Combinations|1342240|sample|3|nan|1798,0,0,-4.35687e-10,0,0,0,0,0,1.63946e-11,0,0,0,True,VRC07-523LS|1798,1342240
130_bNAb_Combinations|1342240|sample|4|nan|1798,0,0,-2.46906e-10,0,0,0,0,0,-9.34164e-12,0,0,0,True,VRC07-523LS|1798,1342240
130_bNAb_Combinations|1342240|sample|8|nan|1798,0,0,-3.86816e-10,0,0,0,0,0,-1.27405e-11,0,0,0,True,VRC07-523LS|1798,1342240
130_bNAb_Combinations|1342240|vc|1|2|nan|1798,0,0,-2.26786e-09,0,0,0,0,0,-2.29166e-11,0,0,0,False,nan|1798,1342240
130_bNAb_Combinations|1342240|vc|2|2|nan|1798,0,0,1.85323e-09,0,0,0,0,0,8.65008e-12,0,0,0,False,nan|1798,1342240
130_bNAb_Combinations|1342240|vc|3|2|nan|1798,0,0,8.92846e-10,0,0,0,0,0,3.30175e-12,0,0,0,False,nan|1798,1342240
130_bNAb_Combinations|1342240|vc|4|2|nan|1798,0,0,-1.64037e-09,0,0,0,0,0,-7.63212e-12,0,0,0,False,nan|1798,1342240
130_bNAb_Combinations|1342240|vc|5|2|nan|1798,0,0,1.14877e-09,0,0,0,0,0,-1.01428e-11,0,0,0,False,nan|1798,1342240
130_bNAb_Combinations|1342240|vc|6|2|nan|1798,0,0,-1.16831e-10,0,0,0,0,0,2.21287e-11,0,0,0,False,nan|1798,1342240
130_bNAb_Combinations|1342240|vc|7|2|nan|1798,0,0,1.05548e-09,0,0,0,0,0,1.90074e-11,0,0,0,False,nan|1798,1342240
130_bNAb_Combinations|1342240|vc|8|2|nan|1798,0,0,-2.715e-09,0,0,0,0,0,1.9706e-11,0,0,0,False,nan|1798,1342240
130_bNAb_Combinations|1342258|cc|1|1|TRO.11|8301,0,0,-1.25478e-09,0,0,0,0,0,1.13982e-11,0,0,0,False,nan|TRO.11,1342258
130_bNAb_Combinations|1342258|cc|2|1|TRO.11|8301,0,0,-9.21649e-10,0,0,0,0,0,8.66573e-12,0,0,0,False,nan|TRO.11,1342258
130_bNAb_Combinations|1342258|cc|3|1|TRO.11|8301,0,0,5.2644e-10,0,0,0,0,0,9.95271e-12,0,0,0,False,nan|TRO.11,1342258
130_bNAb_Combinations|1342258|cc|4|1|TRO.11|8301,0,0,-6.34145e-10,0,0,0,0,0,1.19769e-11,0,0,0,False,nan|TRO.11,1342258
130_bNAb_Combinations|1342258|cc|5|1|TRO.11|8301,0,0,-1.30318e-09,0,0,0,0,0,-1.11682e-11,0,0,0,False,nan|TRO.11,1342258
130_bNAb_Combinations|1342258|cc|6|1|TRO.11|8301,0,0,-2.17269e-09,0,0,0,0,0,4.94149e-11,0,0,0,False,nan|TRO.11,1342258
130_bNAb_Combinations|1342258|cc|7|1|TRO.11|8301,0,0,-3.37586e-09,0,0,0,0,0,8.85403e-12,0,0,0,False,nan|TRO.11,1342258
130_bNAb_Combinations|1342258|cc|8|1|TRO.11|8301,0,0,-2.68017e-09,0,0,0,0,0,6.97598e-12,0,0,0,False,nan|TRO.11,1342258
130_bNAb_Combinations|1342258|sample|3|TRO.11|8301,0,0,1.08262e-09,0,0,0,0,0,-2.55485e-12,0,0,0,True,VRC07-523LS|TRO.11,1342258
130_bNAb_Combinations|1342258|sample|4|TRO.11|8301,0,0,-6.94197e-11,0,0,0,0,0,1.44648e-11,0,0,0,True,VRC07-523LS|TRO.11,1342258
130_bNAb_Combinations|1342258|vc|1|2|TRO.11|8301,0,0,2.31456e-09,0,0,0,0,0,-1.04337e-11,0,0,0,False,nan|TRO.11,1342258
130_bNAb_Combinations|1342258|vc|2|2|TRO.11|8301,0,0,-8.41422e-10,0,0,0,0,0,1.13858e-11,0,0,0,False,nan|TRO.11,1342258
130_bNAb_Combinations|1342258|vc|3|2|TRO.11|8301,0,0,-2.89757e-10,0,0,0,0,0,2.04985e-11,0,0,0,False,nan|TRO.11,1342258
130_bNAb_Combinations|1342258|vc|4|2|TRO.11|8301,0,0,9.38971e-10,0,0,0,0,0,9.11204e-12,0,0,0,False,nan|TRO.11,1342258
130_bNAb_Combinations|1342258|vc|5|2|TRO.11|8301,0,0,-3.46334e-10,0,0,0,0,0,-1.02418e-11,0,0,0,False,nan|TRO.11,1342258
130_bNAb_Combinations|1342258|vc|6|2|TRO.11|8301,0,0,-2.54947e-10,0,0,0,0,0,3.6382e-12,0,0,0,False,nan|TRO.11,1342258
130_bNAb_Combinations|1342258|vc|7|2|TRO.11|8301,0,0,2.03358e-09,0,0,0,0,0,-7.21712e-12,0,0,0,False,nan|TRO.11,1342258
130_bNAb_Combinations|1342258|vc|8|2|TRO.11|8301,0,0,-9.64872e-11,0,0,0,0,0,7.08433e-12,0,0,0,False,nan|TRO.11,1342258
130_bNAb_Combinations|1342276|cc|1|1|Ce1176_A3|7023,0,0,-9.05357e-10,0,0,0,0,0,-1.2191e-11,0,0,0,False,nan|Ce1176_A3,1342276
130_bNAb_Combinations|1342276|cc|2|1|Ce1176_A3|7023,0,0,1.99723e-09,0,0,0,0,0,1.23133e-11,0,0,0,False,nan|Ce1176_A3,1342276
130_bNAb_Combinations|1342276|cc|3|1|Ce1176_A3|7023,0,0,-1.04554e-09,0,0,0,0,0,-4.7774e-12,0,0,0,False,nan|Ce1176_A3,1342276
130_bNAb_Combinations|1342276|cc|4|1|Ce1176_A3|7023,0,0,2.07928e-09,0,0,0,0,0,-1.63347e-11,0,0,0,False,nan|Ce1176_A3,1342276
130_bNAb_Combinations|1342276|cc|5|1|Ce1176_A3|7023,0,0,4.17807e-10,0,0,0,0,0,-1.73725e-11,0,0,0,False,nan|Ce1176_A3,1342276
130_bNAb_Combinations|1342276|cc|6|1|Ce1176_A3|7023,0,0,-4.81089e-11,0,0,0,0,0,3.329e-11,0,0,0,False,nan|Ce1176_A3,1342276
130_bNAb_Combinations|1342276|cc|7|1|Ce1176_A3|7023,0,0,-2.33209e-09,0,0,0,0,0,-3.67861e-11,0,0,0,False,nan|Ce1176_A3,1342276
130_bNAb_Combinations|1342276|cc|8|1|Ce1176_A3|7023,0,0,-8.8729e-10,0,0,0,0,0,5.87475e-12,0,0,0,False,nan|Ce1176_A3,1342276
130_bNAb_Combinations|1342276|sample|3|Ce1176_A3|7023,0,0,-1.2258e-09,0,0,0,0,0,-1.4217e-11,0,0,0,True,VRC07-523LS|Ce1176_A3,1342276
130_bNAb_Combinations|1342276|sample|4|Ce1176_A3|7023,0,0,-2.18373e-11,0,0,0,0,0,-2.74073e-11,0,0,0,True,VRC07-523LS|Ce1176_A3,1342276
130_bNAb_Combinations|1342276|vc|1|2|Ce1176_A3|7023,0,0,1.15931e-09,0,0,0,0,0,-1.38393e-11,0,0,0,False,nan|Ce1176_A3,1342276
130_bNAb_Combinations|1342276|vc|2|2|Ce1176_A3|7023,0,0,5.76094e-11,0,0,0,0,0,-8.58558e-12,0,0,0,False,nan|Ce1176_A3,1342276
130_bNAb_Combinations|1342276|vc|3|2|Ce1176_A3|7023,0,0,2.44603e-09,0,0,0,0,0,1.83362e-11,0,0,0,False,nan|Ce1176_A3,1342276
130_bNAb_Combinations|1342276|vc|4|2|Ce1176_A3|7023,0,0,-1.06573e-09,0,0,0,0,0,1.1924e-11,0,0,0,False,nan|Ce1176_A3,1342276
130_bNAb_Combinations|1342276|vc|5|2|Ce1176_A3|7023,0,0,1.34082e-10,0,0,0,0,0,-5.91005e-12,0,0,0,False,nan|Ce1176_A3,1342276
130_bNAb_Combinations|1342276|vc|6|2|Ce1176_A3|7023,0,0,-1.00246e-10,0,0,0,0,0,1.80518e-11,0,0,0,False,nan|Ce1176_A3,1342276
130_bNAb_Combinations|1342276|vc|7|2|Ce1176_A3|7023,0,0,1.27477e-09,0,0,0,0,0,-9.07785e-12,0,0,0,False,nan|Ce1176_A3,1342276
130_bNAb_Combinations|1342276|vc|8|2|Ce1176_A3|7023,0,0,5.16596e-10,0,0,0,0,0,7.6199e-12,0,0,0,False,nan|Ce1176_A3,1342276
130_bNAb_Combinations|1342294|cc|1|1|nan|1176,0,0,-2.5272e-09,0,0,0,0,0,-2.72036e-11,0,0,0,False,nan|1176,1342294
130_bNAb_Combinations|1342294|cc|2|1|nan|1176,0,0,-4.15615e-10,0,0,0,0,0,-3.63332e-12,0,0,0,False,nan|1176,1342294
130_bNAb_Combinations|1342294|cc|3|1|nan|1176,0,0,1.21131e-09,0,0,0,0,0,-1.32641e-11,0,0,0,False,nan|1176,1342294
130_bNAb_Combinations|1342294|cc|4|1|nan|1176,0,0,9.68958e-10,0,0,0,0,0,2.65514e-11,0,0,0,False,nan|1176,1342294
130_bNAb_Combinations|1342294|cc|5|1|nan|1176,0,0,3.4606e-10,0,0,0,0,0,2.44134e-11,0,0,0,False,nan|1176,1342294
130_bNAb_Combinations|1342294|cc|6|1|nan|1176,0,0,-8.4492e-10,0,0,0,0,0,-9.69269e-12,0,0,0,False,nan|1176,1342294
130_bNAb_Combinations|1342294|cc|7|1|nan|1176,0,0,2.45787e-09,0,0,0,0,0,-8.22475e-12,0,0,0,False,nan|1176,1342294
130_bNAb_Combinations|1342294|cc|8|1|nan|1176,0,0,8.93597e-10,0,0,0,0,0,7.62235e-12,0,0,0,False,nan|1176,1342294
130_bNAb_Combinations|1342294|sample|3|nan|1176,0,0,3.95876e-11,0,0,0,0,0,1.53303e-11,0,0,0,True,VRC07-523LS|1176,1342294
130_bNAb_Combinations|1342294|sample|4|nan|1176,0,0,1.48167e-09,0,0,0,0,0,1.64596e-11,0,0,0,True,VRC07-523LS|1176,1342294
130_bNAb_Combinations|1342294|sample|8|nan|1176,0,0,1.42599e-09,0,0,0,0,0,3.66146e-11,0,0,0,True,VRC07-523LS|1176,1342294
130_bNAb_Combinations|1342294|vc|1|2|nan|1176,0,0,-1.89429e-10,0,0,0,0,0,-3.18012e-12,0,0,0,False,nan|1176,1342294
130_bNAb_Combinations|1342294|vc|2|2|nan|1176,0,0,1.54842e-09,0,0,0,0,0,1.34652e-11,0,0,0,False,nan|1176,1342294
130_bNAb_Combinations|1342294|vc|3|2|nan|1176,0,0,-4.96253e-10,0,0,0,0,0,-2.78391e-11,0,0,0,False,nan|1176,1342294
130_bNAb_Combinations|1342294|vc|4|2|nan|1176,0,0,-3.40508e-10,0,0,0,0,0,-1.31766e-11,0,0,0,False,nan|1176,1342294
130_bNAb_Combinations|1342294|vc|5|2|nan|1176,0,0,-2.42912e-10,0,0,0,0,0,-2.28928e-13,0,0,0,False,nan|1176,1342294
130_bNAb_Combinations|1342294|vc|6|2|nan|1176,0,0,-1.88129e-09,0,0,0,0,0,5.4373e-11,0,0,0,False,nan|1176,1342294
130_bNAb_Combinations|1342294|vc|7|2|nan|1176,0,0,2.29532e-10,0,0,0,0,0,-7.46514e-12,0,0,0,False,nan|1176,1342294
130_bNAb_Combinations|1342294|vc|8|2|nan|1176,0,0,1.07231e-09,0,0,0,0,0,-1.11777e-11,0,0,0,False,nan|1176,1342294
130_bNAb_Combinations|1342312|cc|1|1|RHPA4259.7|5371,0,0,-2.05337e-10,0,0,0,0,0,-1.17693e-11,0,0,0,False,nan|RHPA4259.7,1342312
130_bNAb_Combinations|1342312|cc|2|1|RHPA4259.7|5371,0,0,5.96921e-10,0,0,0,0,0,1.93356e-11,0,0,0,False,nan|RHPA4259.7,1342312
130_bNAb_Combinations|1342312|cc|3|1|RHPA4259.7|5371,0,0,2.96391e-10,0,0,0,0,0,7.98786e-12,0,0,0,False,nan|RHPA4259.7,1342312
130_bNAb_Combinations|1342312|cc|4|1|RHPA4259.7|5371,0,0,4.09623e-10,0,0,0,0,0,-2.33717e-11,0,0,0,False,nan|RHPA4259.7,1342312
130_bNAb_Combinations|1342312|cc|5|1|RHPA4259.7|5371,0,0,-2.98738e-10,0,0,0,0,0,-8.77556e-12,0,0,0,False,nan|RHPA4259.7,1342312
130_bNAb_Combinations|1342312|cc|6|1|RHPA4259.7|5371,0,0,4.50585e-10,0,0,0,0,0,1.75903e-11,0,0,0,False,nan|RHPA4259.7,1342312
130_bNAb_Combinations|1342312|cc|7|1|RHPA4259.7|5371,0,0,-1.30974e-09,0,0,0,0,0,-7.64319e-12,0,0,0,False,nan|RHPA4259.7,1342312
130_bNAb_Combinations|1342312|cc|8|1|RHPA4259.7|5371,0,0,-1.13913e-09,0,0,0,0,0,1.83752e-11,0,0,0,False,nan|RHPA4259.7,1342312
130_bNAb_Combinations|1342312|sample|3|RHPA4259.7|5371,0,0,-1.25585e-09,0,0,0,0,0,-1.59024e-11,0,0,0,True,VRC07-523LS|RHPA4259.7,1342312
130_bNAb_Combinations|1342312|sample|4|RHPA4259.7|5371,0,0,-2.53288e-09,0,0,0,0,0,1.42797e-11,0,0,0,True,VRC07-523LS|RHPA4259.7,1342312
130_bNAb_Combinations|1342312|vc|1|2|RHPA4259.7|5371,0,0,1.15568e-09,0,0,0,0,0,4.79313e-11,0,0,0,False,nan|RHPA4259.7,1342312
130_bNAb_Combinations|1342312|vc|2|2|RHPA4259.7|5371,0,0,-1.99815e-09,0,0,0,0,0,-2.12942e-11,0,0,0,False,nan|RHPA4259.7,1342312
130_bNAb_Combinations|1342312|vc|3|2|RHPA4259.7|5371,0,0,2.35597e-09,0,0,0,0,0,-4.90601e-12,0,0,0,False,nan|RHPA4259.7,1342312
130_bNAb_Combinations|1342312|vc|4|2|RHPA4259.7|5371,0,0,5.26134e-10,0,0,0,0,0,-3.25476e-12,0,0,0,False,nan|RHPA4259.7,1342312
130_bNAb_Combinations|1342312|vc|5|2|RHPA4259.7|5371,0,0,-1.15291e-09,0,0,0,0,0,4.60312e-12,0,0,0,False,nan|RHPA4259.7,1342312
130_bNAb_Combinations|1342312|vc|6|2|RHPA4259.7|5371,0,0,1.42853e-09,0,0,0,0,0,7.49358e-12,0,0,0,False,nan|RHPA4259.7,1342312
130_bNAb_Combinations|1342312|vc|7|2|RHPA4259.7|5371,0,0,-1.70521e-09,0,0,0,0,0,-1.75373e-11,0,0,0,False,nan|RHPA4259.7,1342312
130_bNAb_Combinations|1342312|vc|8|2|RHPA4259.7|5371,0,0,6.66236e-10,0,0,0,0,0,-7.7435e-12,0,0,0,False,nan|RHPA4259.7,1342312
130_bNAb_Combinations|1342336|cc|1|1|nan|3430,0,0,-1.99915e-09,0,0,0,0,0,-3.83401e-11,0,0,0,False,nan|3430,1342336
130_bNAb_Combinations|1342336|cc|2|1|nan|3430,0,0,5.22473e-10,0,0,0,0,0,-3.63054e-12,0,0,0,False,nan|3430,1342336
130_bNAb_Combinations|1342336|cc|3|1|nan|3430,0,0,-1.48095e-09,0,0,0,0,0,1.35688e-11,0,0,0,False,nan|3430,1342336
130_bNAb_Combinations|1342336|cc|4|1|nan|3430,0,0,2.2572e-09,0,0,0,0,0,-1.7522e-11,0,0,0,False,nan|3430,1342336
130_bNAb_Combinations|1342336|cc|5|1|nan|3430,0,0,9.26184e-10,0,0,0,0,0,1.14999e-11,0,0,0,False,nan|3430,1342336
130_bNAb_Combinations|1342336|cc|6|1|nan|3430,0,0,-1.83788e-09,0,0,0,0,0,6.3618e-12,0,0,0,False,nan|3430,1342336
130_bNAb_Combinations|1342336|cc|7|1|nan|3430,0,0,1.74262e-09,0,0,0,0,0,1.19142e-11,0,0,0,False,nan|3430,1342336
130_bNAb_Combinations|1342336|cc|8|1|nan|3430,0,0,2.3974e-10,0,0,0,0,0,-1.43565e-11,0,0,0,False,nan|3430,1342336
130_bNAb_Combinations|1342336|sample|3|nan|3430,0,0,-3.42139e-10,0,0,0,0,0,-1.23377e-11,0,0,0,True,VRC07-523LS|3430,1342336
130_bNAb_Combinations|1342336|sample|4|nan|3430,0,0,-1.99355e-09,0,0,0,0,0,-2.76092e-11,0,0,0,True,VRC07-523LS|3430,1342336
130_bNAb_Combinations|1342336|sample|5|nan|3430,0,0,2.03487e-11,0,0,0,0,0,1.05749e-11,0,0,0,True,VRC07-523LS|3430,1342336
130_bNAb_Combinations|1342336|vc|1|2|nan|3430,0,0,-1.60973e-09,0,0,0,0,0,-3.74933e-11,0,0,0,False,nan|3430,1342336
130_bNAb_Combinations|1342336|vc|2|2|nan|3430,0,0,1.91156e-09,0,0,0,0,0,-1.34385e-11,0,0,0,False,nan|3430,1342336
130_bNAb_Combinations|1342336|vc|3|2|nan|3430,0,0,9.59718e-10,0,0,0,0,0,6.1755e-12,0,0,0,False,nan|3430,1342336
130_bNAb_Combinations|1342336|vc|4|2|nan|3430,0,0,-8.35921e-11,0,0,0,0,0,1.2034e-11,0,0,0,False,nan|3430,1342336
130_bNAb_Combinations|1342336|vc|5|2|nan|3430,0,0,7.46414e-10,0,0,0,0,0,-1.2838e-11,0,0,0,False,nan|3430,1342336
130_bNAb_Combinations|1342336|vc|6|2|nan|3430,0,0,-3.20736e-10,0,0,0,0,0,8.0389e-12,0,0,0,False,nan|3430,1342336
130_bNAb_Combinations|1342336|vc|7|2|nan|3430,0,0,-1.26298e-09,0,0,0,0,0,-1.61204e-12,0,0,0,False,nan|3430,1342336
130_bNAb_Combinations|1342336|vc|8|2|nan|3430,0,0,-1.27285e-09,0,0,0,0,0,-1.14808e-11,0,0,0,False,nan|3430,1342336
130_bNAb_Combinations|1342348|cc|1|1|nan|4166,0,0,-1.52624e-09,0,0,0,0,0,5.56066e-12,0,0,0,False,nan|4166,1342348
130_bNAb_Combinations|1342348|cc|2|1|nan|4166,0,0,8.45209e-10,0,0,0,0,0,-1.1364e-11,0,0,0,False,nan|4166,1342348
130_bNAb_Combinations|1342348|cc|3|1|nan|4166,0,0,-7.78365e-10,0,0,0,0,0,9.00502e-12,0,0,0,False,nan|4166,1342348
130_bNAb_Combinations|1342348|cc|4|1|nan|4166,0,0,-2.05472e-09,0,0,0,0,0,4.37539e-12,0,0,0,False,nan|4166,1342348
130_bNAb_Combinations|1342348|cc|5|1|nan|4166,0,0,1.55839e-09,0,0,0,0,0,-1.15865e-11,0,0,0,False,nan|4166,1342348
130_bNAb_Combinations|1342348|cc|6|1|nan|4166,0,0,1.33089e-09,0,0,0,0,0,9.05387e-12,0,0,0,False,nan|4166,1342348
130_bNAb_Combinations|1342348|cc|7|1|nan|4166,0,0,-1.47991e-09,0,0,0,0,0,-1.01503e-11,0,0,0,False,nan|4166,1342348
130_bNAb_Combinations|1342348|cc|8|1|nan|4166,0,0,-5.19041e-10,0,0,0,0,0,-1.08316e-11,0,0,0,False,nan|4166,1342348
130_bNAb_Combinations|1342348|sample|3|nan|4166,0,0,-1.33534e-10,0,0,0,0,0,-1.04485e-11,0,0,0,True,VRC07-523LS|4166,1342348
130_bNAb_Combinations|1342348|sample|4|nan|4166,0,0,-1.18318e-09,0,0,0,0,0,7.21467e-12,0,0,0,True,VRC07-523LS|4166,1342348
130_bNAb_Combinations|1342348|vc|1|2|nan|4166,0,0,1.78623e-09,0,0,0,0,0,1.23192e-10,0,0,0,False,nan|4166,1342348
130_bNAb_Combinations|1342348|vc|2|2|nan|4166,0,0,-4.48473e-10,0,0,0,0,0,-2.29927e-12,0,0,0,False,nan|4166,1342348
130_bNAb_Combinations|1342348|vc|3|2|nan|4166,0,0,3.97477e-10,0,0,0,0,0,6.1704e-12,0,0,0,False,nan|4166,1342348
130_bNAb_Combinations|1342348|vc|4|2|nan|4166,0,0,-1.95026e-09,0,0,0,0,0,-1.52331e-11,0,0,0,False,nan|4166,1342348
130_bNAb_Combinations|1342348|vc|5|2|nan|4166,0,0,1.2871e-09,0,0,0,0,0,-3.72502e-12,0,0,0,False,nan|4166,1342348
130_bNAb_Combinations|1342348|vc|6|2|nan|4166,0,0,1.57696e-09,0,0,0,0,0,6.97953e-12,0,0,0,False,nan|4166,1342348
130_bNAb_Combinations|1342348|vc|7|2|nan|4166,0,0,-5.2507e-10,0,0,0,0,0,1.41573e-11,0,0,0,False,nan|4166,1342348
130_bNAb_Combinations|1342348|vc|8|2|nan|4166,0,0,-1.32266e-09,0,0,0,0,0,-7.99028e-12,0,0,0,False,nan|4166,1342348
130_bNAb_Combinations|1342372|cc|1|1|nan|2944,0,0,1.35625e-09,0,0,0,0,0,-1.53466e-11,0,0,0,False,nan|2944,1342372
130_bNAb_Combinations|1342372|cc|2|1|nan|2944,0,0,-4.43597e-10,0,0,0,0,0,4.15379e-12,0,0,0,False,nan|2944,1342372
130_bNAb_Combinations|1342372|cc|3|1|nan|2944,0,0,-1.00542e-09,0,0,0,0,0,-1.18692e-11,0,0,0,False,nan|2944,1342372
130_bNAb_Combinations|1342372|cc|4|1|nan|2944,0,0,-9.87258e-10,0,0,0,0,0,6.29763e-12,0,0,0,False,nan|2944,1342372
130_bNAb_Combinations|1342372|cc|5|1|nan|2944,0,0,8.43379e-10,0,0,0,0,0,1.75822e-11,0,0,0,False,nan|2944,1342372
130_bNAb_Combinations|1342372|cc|6|1|nan|2944,0,0,1.15122e-10,0,0,0,0,0,1.70668e-11,0,0,0,False,nan|2944,1342372
130_bNAb_Combinations|1342372|cc|7|1|nan|2944,0,0,2.19967e-09,0,0,0,0,0,-8.83116e-12,0,0,0,False,nan|2944,1342372
130_bNAb_Combinations|1342372|cc|8|1|nan|2944,0,0,8.1665e-10,0,0,0,0,0,-9.14535e-12,0,0,0,False,nan|2944,1342372
130_bNAb_Combinations|1342372|sample|3|nan|2944,0,0,1.30027e-09,0,0,0,0,0,8.35043e-12,0,0,0,True,VRC07-523LS|2944,1342372
130_bNAb_Combinations|1342372|sample|4|nan|2944,0,0,-1.25108e-09,0,0,0,0,0,-3.8245e-12,0,0,0,True,VRC07-523LS|2944,1342372
130_bNAb_Combinations|1342372|vc|1|2|nan|2944,0,0,1.43528e-09,0,0,0,0,0,-9.09539e-12,0,0,0,False,nan|2944,1342372
130_bNAb_Combinations|1342372|vc|2|2|nan|2944,0,0,7.72944e-10,0,0,0,0,0,-1.64646e-11,0,0,0,False,nan|2944,1342372
130_bNAb_Combinations|1342372|vc|3|2|nan|2944,0,0,1.18564e-09,0,0,0,0,0,3.23652e-11,0,0,0,False,nan|2944,1342372
130_bNAb_Combinations|1342372|vc|4|2|nan|2944,0,0,-4.44854e-11,0,0,0,0,0,-3.33795e-11,0,0,0,False,nan|2944,1342372
130_bNAb_Combinations|1342372|vc|5|2|nan|2944,0,0,-3.2785e-10,0,0,0,0,0,1.07405e-11,0,0,0,False,nan|2944,1342372
130_bNAb_Combinations|1342372|vc|6|2|nan|2944,0,0,-5.92788e-10,0,0,0,0,0,-1.45038e-10,0,0,0,False,nan|2944,1342372
130_bNAb_Combinations|1342372|vc|7|2|nan|2944,0,0,-7.63577e-10,0,0,0,0,0,1.1656e-11,0,0,0,False,nan|2944,1342372
130_bNAb_Combinations|1342372|vc|8|2|nan|2944,0,0,-5.06068e-10,0,0,0,0,0,1.44569e-11,0,0,0,False,nan|2944,1342372
130_bNAb_Combinations|1342384|cc|1|1|nan|2946,0,0,-1.91207e-09,0,0,0,0,0,-7.63491e-11,0,0,0,False,nan|2946,1342384
130_bNAb_Combinations|1342384|cc|2|1|nan|2946,0,0,-2.11527e-09,0,0,0,0,0,-5.80996e-12,0,0,0,False,nan|2946,1342384
130_bNAb_Combinations|1342384|cc|3|1|nan|2946,0,0,1.7203e-10,0,0,0,0,0,1.33403e-11,0,0,0,False,nan|2946,1342384
130_bNAb_Combinations|1342384|cc|4|1|nan|2946,0,0,2.63229e-09,0,0,0,0,0,-9.62586e-12,0,0,0,False,nan|2946,1342384
130_bNAb_Combinations|1342384|cc|5|1|nan|2946,0,0,7.52831e-10,0,0,0,0,0,7.55163e-12,0,0,0,False,nan|2946,1342384
130_bNAb_Combinations|1342384|cc|6|1|nan|2946,0,0,1.25231e-09,0,0,0,0,0,3.77627e-11,0,0,0,False,nan|2946,1342384
130_bNAb_Combinations|1342384|cc|7|1|nan|2946,0,0,1.87958e-09,0,0,0,0,0,-3.88769e-11,0,0,0,False,nan|2946,1342384
130_bNAb_Combinations|1342384|cc|8|1|nan|2946,0,0,-1.50382e-09,0,0,0,0,0,1.90435e-11,0,0,0,False,nan|2946,1342384
130_bNAb_Combinations|1342384|sample|3|nan|2946,0,0,-5.66865e-09,0,0,0,0,0,-9.73858e-12,0,0,0,True,VRC07-523LS|2946,1342384
130_bNAb_Combinations|1342384|sample|4|nan|2946,0,0,1.19176e-09,0,0,0,0,0,7.84768e-12,0,0,0,True,VRC07-523LS|2946,1342384
130_bNAb_Combinations|1342384|vc|1|2|nan|2946,0,0,-1.15323e-10,0,0,0,0,0,3.12577e-10,0,0,0,False,nan|2946,1342384
130_bNAb_Combinations|1342384|vc|2|2|nan|2946,0,0,1.76894e-10,0,0,0,0,0,1.82039e-11,0,0,0,False,nan|2946,1342384
130_bNAb_Combinations|1342384|vc|3|2|nan|2946,0,0,5.14425e-10,0,0,0,0,0,3.78053e-12,0,0,0,False,nan|2946,1342384
130_bNAb_Combinations|1342384|vc|4|2|nan|2946,0,0,2.47274e-09,0,0,0,0,0,6.79856e-12,0,0,0,False,nan|2946,1342384
130_bNAb_Combinations|1342384|vc|5|2|nan|2946,0,0,-2.48729e-10,0,0,0,0,0,-1.63593e-11,0,0,0,False,nan|2946,1342384
130_bNAb_Combinations|1342384|vc|6|2|nan|2946,0,0,2.22508e-09,0,0,0,0,0,-6.23002e-12,0,0,0,False,nan|2946,1342384
130_bNAb_Combinations|1342384|vc|7|2|nan|2946,0,0,-2.32859e-09,0,0,0,0,0,1.55077e-11,0,0,0,False,nan|2946,1342384
130_bNAb_Combinations|1342384|vc|8|2|nan|2946,0,0,-8.62745e-10,0,0,0,0,0,-4.6792e-12,0,0,0,False,nan|2946,1342384
130_bNAb_Combinations|1342396|cc|1|1|PVO.4|5024,0,0,1.94601e-09,0,0,0,0,0,7.67142e-12,0,0,0,False,nan|PVO.4,1342396
130_bNAb_Combinations|1342396|cc|2|1|PVO.4|5024,0,0,-5.61824e-10,0,0,0,0,0,1.39975e-11,0,0,0,False,nan|PVO.4,1342396
130_bNAb_Combinations|1342396|cc|3|1|PVO.4|5024,0,0,-4.31924e-10,0,0,0,0,0,2.65277e-12,0,0,0,False,nan|PVO.4,1342396
130_bNAb_Combinations|1342396|cc|4|1|PVO.4|5024,0,0,-2.05953e-11,0,0,0,0,0,-9.75242e-12,0,0,0,False,nan|PVO.4,1342396
130_bNAb_Combinations|1342396|cc|5|1|PVO.4|5024,0,0,-1.10272e-09,0,0,0,0,0,9.83236e-12,0,0,0,False,nan|PVO.4,1342396
130_bNAb_Combinations|1342396|cc|6|1|PVO.4|5024,0,0,-1.15175e-09,0,0,0,0,0,-1.0951e-11,0,0,0,False,nan|PVO.4,1342396
130_bNAb_Combinations|1342396|cc|7|1|PVO.4|5024,0,0,-1.06827e-09,0,0,0,0,0,-1.22207e-11,0,0,0,False,nan|PVO.4,1342396
130_bNAb_Combinations|1342396|cc|8|1|PVO.4|5024,0,0,7.70869e-11,0,0,0,0,0,3.18301e-12,0,0,0,False,nan|PVO.4,1342396
130_bNAb_Combinations|1342396|sample|3|PVO.4|5024,0,0,-5.3644e-10,0,0,0,0,0,-1.33336e-11,0,0,0,True,VRC07-523LS|PVO.4,1342396
130_bNAb_Combinations|1342396|sample|4|PVO.4|5024,0,0,2.81377e-10,0,0,0,0,0,-1.03295e-11,0,0,0,True,VRC07-523LS|PVO.4,1342396
130_bNAb_Combinations|1342396|vc|1|2|PVO.4|5024,0,0,-1.2309e-09,0,0,0,0,0,-5.35194e-12,0,0,0,False,nan|PVO.4,1342396
130_bNAb_Combinations|1342396|vc|2|2|PVO.4|5024,0,0,-8.30953e-11,0,0,0,0,0,1.24949e-11,0,0,0,False,nan|PVO.4,1342396
130_bNAb_Combinations|1342396|vc|3|2|PVO.4|5024,0,0,-7.38849e-10,0,0,0,0,0,6.46661e-12,0,0,0,False,nan|PVO.4,1342396
130_bNAb_Combinations|1342396|vc|4|2|PVO.4|5024,0,0,1.60859e-09,0,0,0,0,0,9.24705e-12,0,0,0,False,nan|PVO.4,1342396
130_bNAb_Combinations|1342396|vc|5|2|PVO.4|5024,0,0,1.72523e-10,0,0,0,0,0,1.38709e-11,0,0,0,False,nan|PVO.4,1342396
130_bNAb_Combinations|1342396|vc|6|2|PVO.4|5024,0,0,-4.22388e-09,0,0,0,0,0,-3.94595e-12,0,0,0,False,nan|PVO.4,1342396
130_bNAb_Combinations|1342396|vc|7|2|PVO.4|5024,0,0,-1.11222e-09,0,0,0,0,0,-1.12662e-10,0,0,0,False,nan|PVO.4,1342396
130_bNAb_Combinations|1342396|vc|8|2|PVO.4|5024,0,0,-1.28617e-10,0,0,0,0,0,2.34703e-11,0,0,0,False,nan|PVO.4,1342396
130_bNAb_Combinations|1342408|cc|1|1|nan|4168,0,0,-2.3447e-09,0,0,0,0,0,1.57074e-12,0,0,0,False,nan|4168,1342408
130_bNAb_Combinations|1342408|cc|2|1|nan|4168,0,0,-2.9644e-10,0,0,0,0,0,-1.01101e-11,0,0,0,False,nan|4168,1342408
130_bNAb_Combinations|1342408|cc|3|1|nan|4168,0,0,-1.60734e-09,0,0,0,0,0,5.73358e-12,0,0,0,False,nan|4168,1342408
130_bNAb_Combinations|1342408|cc|4|1|nan|4168,0,0,-7.06857e-10,0,0,0,0,0,3.33594e-11,0,0,0,False,nan|4168,1342408
130_bNAb_Combinations|1342408|cc|5|1|nan|4168,0,0,1.5267e-09,0,0,0,0,0,3.23973e-11,0,0,0,False,nan|4168,1342408
130_bNAb_Combinations|1342408|cc|6|1|nan|4168,0,0,-4.71195e-10,0,0,0,0,0,-1.02939e-11,0,0,0,False,nan|4168,1342408
130_bNAb_Combinations|1342408|cc|7|1|nan|4168,0,0,-3.06638e-10,0,0,0,0,0,1.46061e-11,0,0,0,False,nan|4168,1342408
130_bNAb_Combinations|1342408|cc|8|1|nan|4168,0,0,5.29378e-10,0,0,0,0,0,1.26781e-11,0,0,0,False,nan|4168,1342408
130_bNAb_Combinations|1342408|sample|3|nan|4168,0,0,4.05574e-10,0,0,0,0,0,8.44752e-12,0,0,0,True,VRC07-523LS|4168,1342408
130_bNAb_Combinations|1342408|sample|4|nan|4168,0,0,6.5558e-11,0,0,0,0,0,-2.6047e-11,0,0,0,True,VRC07-523LS|4168,1342408
130_bNAb_Combinations|1342408|vc|1|2|nan|4168,0,0,6.96447e-10,0,0,0,0,0,5.17542e-12,0,0,0,False,nan|4168,1342408
130_bNAb_Combinations|1342408|vc|2|2|nan|4168,0,0,-4.46972e-10,0,0,0,0,0,1.39293e-11,0,0,0,False,nan|4168,1342408
130_bNAb_Combinations|1342408|vc|3|2|nan|4168,0,0,4.95962e-10,0,0,0,0,0,1.41762e-11,0,0,0,False,nan|4168,1342408
130_bNAb_Combinations|1342408|vc|4|2|nan|4168,0,0,5.53883e-10,0,0,0,0,0,-3.26454e-11,0,0,0,False,nan|4168,1342408
130_bNAb_Combinations|1342408|vc|5|2|nan|4168,0,0,3.61122e-10,0,0,0,0,0,-1.59212e-11,0,0,0,False,nan|4168,1342408
130_bNAb_Combinations|1342408|vc|6|2|nan|4168,0,0,-2.99887e-09,0,0,0,0,0,1.07819e-11,0,0,0,False,nan|4168,1342408
130_bNAb_Combinations|1342408|vc|7|2|nan|4168,0,0,-4.03188e-09,0,0,0,0,0,-9.72256e-12,0,0,0,False,nan|4168,1342408
130_bNAb_Combinations|1342408|vc|8|2|nan|4168,0,0,1.90897e-09,0,0,0,0,0,-4.30289e-12,0,0,0,False,nan|4168,1342408
704_VRC01_Concordance|1200432|cc|1|1|PVO.4|5024,0,0,1.14739e-09,0,0,0,0,0,-1.12969e-10,0,0,0,False,nan|PVO.4,1200432
704_VRC01_Concordance|1200432|cc|2|1|PVO.4|5024,0,0,-9.66508e-10,0,0,0,0,0,-2.34499e-11,0,0,0,False,nan|PVO.4,1200432
704_VRC01_Concordance|1200432|cc|3|1|PVO.4|5024,0,0,6.46565e-10,0,0,0,0,0,7.68163e-12,0,0,0,False,nan|PVO.4,1200432
704_VRC01_Concordance|1200432|cc|4|1|PVO.4|5024,0,0,3.37379e-09,0,0,0,0,0,2.30107e-11,0,0,0,False,nan|PVO.4,1200432
704_VRC01_Concordance|1200432|cc|5|1|PVO.4|5024,0,0,5.54781e-10,0,0,0,0,0,-2.7605e-11,0,0,0,False,nan|PVO.4,1200432
704_VRC01_Concordance|1200432|cc|6|1|PVO.4|5024,0,0,3.61972e-09,0,0,0,0,0,-1.35507e-11,0,0,0,False,nan|PVO.4,1200432
704_VRC01_Concordance|1200432|cc|7|1|PVO.4|5024,0,0,-1.85665e-12,0,0,0,0,0,8.98637e-12,0,0,0,False,nan|PVO.4,1200432
704_VRC01_Concordance|1200432|cc|8|1|PVO.4|5024,0,0,6.40598e-11,0,0,0,0,0,-9.84479e-12,0,0,0,False,nan|PVO.4,1200432
704_VRC01_Concordance|1200432|sample|10|PVO.4|5024,0,0,-5.31411e-10,0,0,0,0,0,-9.8274e-12,0,0,0,True,Clinical VRC01|PVO.4,1200432
704_VRC01_Concordance|1200432|sample|11|PVO.4|5024,0,0,-2.03179e-10,0,0,0,0,0,-9.9184e-12,0,0,0,True,Clinical VRC01|PVO.4,1200432
704_VRC01_Concordance|1200432|sample|12|PVO.4|5024,0,0,-1.09489e-09,0,0,0,0,0,1.76758e-11,0,0,0,True,Clinical VRC01|PVO.4,1200432
704_VRC01_Concordance|1200432|sample|3|PVO.4|5024,0,0,1.80815e-09,0,0,0,0,0,9.58127e-12,0,0,0,True,Clinical VRC01|PVO.4,1200432
704_VRC01_Concordance|1200432|sample|4|PVO.4|5024,0,0,1.36731e-09,0,0,0,0,0,-1.53824e-11,0,0,0,True,Clinical VRC01|PVO.4,1200432
704_VRC01_Concordance|1200432|sample|5|PVO.4|5024,0,0,3.40559e-10,0,0,0,0,0,8.50059e-12,0,0,0,True,Clinical VRC01|PVO.4,1200432
704_VRC01_Concordance|1200432|sample|6|PVO.4|5024,0,0,1.80724e-09,0,0,0,0,0,8.66487e-12,0,0,0,True,Clinical VRC01|PVO.4,1200432
704_VRC01_Concordance|1200432|sample|7|PVO.4|5024,0,0,1.69723e-09,0,0,0,0,0,8.09644e-12,0,0,0,True,Clinical VRC01|PVO.4,1200432
704_VRC01_Concordance|1200432|sample|8|PVO.4|5024,0,0,2.12101e-09,0,0,0,0,0,-5.88431e-12,0,0,0,True,Clinical VRC01|PVO.4,1200432
704_VRC01_Concordance|1200432|sample|9|PVO.4|5024,0,0,-1.0057e-10,0,0,0,0,0,5.13758e-12,0,0,0,True,Clinical VRC01|PVO.4,1200432
704_VRC01_Concordance|1200432|vc|1|2|PVO.4|5024,0,0,-2.1962e-09,0,0,0,0,0,-1.01841e-11,0,0,0,False,nan|PVO.4,1200432
704_VRC01_Concordance|1200432|vc|2|2|PVO.4|5024,0,0,2.78676e-09,0,0,0,0,0,-5.55451e-11,0,0,0,False,nan|PVO.4,1200432
704_VRC01_Concordance|1200432|vc|3|2|PVO.4|5024,0,0,-1.02878e-09,0,0,0,0,0,2.72682e-11,0,0,0,False,nan|PVO.4,1200432
704_VRC01_Concordance|1200432|vc|4|2|PVO.4|5024,0,0,5.93445e-10,0,0,0,0,0,1.10605e-11,0,0,0,False,nan|PVO.4,1200432
704_VRC01_Concordance|1200432|vc|5|2|PVO.4|5024,0,0,-4.374e-10,0,0,0,0,0,-2.8233e-12,0,0,0,False,nan|PVO.4,1200432
704_VRC01_Concordance|1200432|vc|6|2|PVO.4|5024,0,0,1.60682e-09,0,0,0,0,0,7.47247e-12,0,0,0,False,nan|PVO.4,1200432
704_VRC01_Concordance|1200432|vc|7|2|PVO.4|5024,0,0,7.50125e-10,0,0,0,0,0,5.47444e-11,0,0,0,False,nan|PVO.4,1200432
704_VRC01_Concordance|1200432|vc|8|2|PVO.4|5024,0,0,-8.23062e-10,0,0,0,0,0,6.99907e-12,0,0,0,False,nan|PVO.4,1200432
